638 68 548
19 79 359 438 359 68 85 65 189
213 51 86 607 50
237 552 623 68 64 550 339
170 299
535
430 68 240 643 359 68 640 68 569 68 517 299
564 68 165 68 569 68 552 85 359 68 247 85 68 431
370 68 607 158 68 258 149 68 189 68 240 211 85 152 88 118 68 241 68 617 149 68 406 19 625
617 149 68 85 539
406 158 68 607 158 68 231 240 68 5
64 211 108 68 617 68 517 68 63 610
543 550 86 349
283 68 331 430 149 68 640 68 207
158 108 68 19 85 68 237 247 149 68 266 158 68 430 635 189 643 85
503 189
503 189 68 370 68 5 68 81 68 643 449
5 68 245 85 359 68 81 68 490 68 286 570 211
261 86 68 245 449 68 370 68 607 158 68 321 86 68 5 68 241 68 19 232 51 226
359 564 222
517 415 149
283 68 527 68 607 158 68 370 68 241 68 5
54 86 68 397 68 569 68 290 85 359 68 64 51 189
261 86 68 245 449 68 158 108 68 569 68 449 4 85 359 68 222 476
276 85 68 283 551 68 218 450 68 339 68 640
430 68 390 68 607 170
607 479 68 153 189 68 241 68 189 68 138
43 158 68 252 155 149 68 45 108 68 390 68 158 189 68 430 433 118
471 550 86 68 517
607 158 68 253 359 68 633 68 503 309 108
64 211 108 68 321 27 68 5 189 68 417 108
261 86 68 507 258 68 93 435 334 108 68 607 68 5 68 347 158 178 68 19 85 68 415 406 85 299
85 136 359 68 196 68 219 232 68 211 240 623
194 543
189 68 426 339
607 158 68 642 68 5 189 68 201 149 68 430 68 569 68 472 85 447 158 290
607 155 68 19 538 158 149 68 343 240 299 68 607 158 68 494
495 108 68 5 189 68 447 158 247 442 68 82 189
330 152 442
503 189 68 158 108 68 569 68 85 632
261 86 68 245 449 68 158 108 68 339 68 397 68 483 149 68 19 85
85 36 189
607 479 68 54 86 654 68 640
444 68 274
552 85 359
503 189 68 527 68 607 158 68 406 158 152 68 390 68 189 426 86 85 438 359 68 241 68 517 82 68 100 149 643
607 155 68 405 68 611 189 68 563 189 505 68 430 68 569 68 187 580
153 108 68 531 211 68 501 85 24 334 543
283
321 155
550 487 149 68 264 88
607 479 68 430 68 261 158 85 632
122 359
189 266 50 68 359 564 222 68 517 258 551
5 189 68 211 471 211 68 629 68 97 68 354
86 163 68 550 501 68 397 68 54 86 68 397 68 189 68 16 479
607 158 68 82 152 68 607 479 68 54 654 68 397 68 415 51 86 68 640
339 551 68 389 339 68 607 158 68 368 68 405 68 54 654 68 280
569 68 247 85 68 158 108 68 611 85 359 68 152 550 86 19 149 68 159 458 68 194 334 68 607 170
394 68 339 68 640 68 430 68 189 149 84 85 68 64 211 108
283
607 339 68 550 501 68 446 68 430 241 406 158 118 68 189 266 50 68 19 85 68 66 211 199
408 158 149 162 68 241 68 397 189 211 85 551
97 68 397 68 430 68 569 68 611 74
355 68 283 68 527 68 607 158 68 183 158
290 204 405 189 643 85
339 551 68 149 550 158
331 68 278 334 117 359
211 652 359
330 359 68 232 359
86 163 68 550 501 68 397 68 139
225 85
550 339
370 68 5 68 550 501 68 36 211 390 68 182 149
607 339 68 550 501 68 253 68 253 503 158 68 222 476 68 397 68 472 420
357 68 607 158 68 97 68 19 85 68 189 149 389 85
354 551 68 133
607 155 68 431 68 417 68 189 565 569 68 136 479
261 86 68 245 449
370 68 5 68 253 68 397 68 406 158 152 68 189 68 293
45 206 68 490 68 153 189 68 405 241
64 211 108 68 122 86 68 517 68 5 189 68 212 450 68 76 85
85 563 155
607 155 68 577 68 321 240
189 149 517 118 108
514 543 68 517 68 189 68 59 67 68 607 158 390
261 149
261 86 68 170 108 68 569 68 347 85 359
43 158 524 240
503 189 68 158 108 68 569 68 258 189 211 85 359 68 523 543 503 158 68 85 347 158 118
607 158 68 3 68 339 68 87 89 50 68 517 74 68 397
564 68 607 68 5 68 54 654 68 397 68 447 158 68 517 68 417
283 551 68 569 68 389 339 68 290 68 290 625
359 503 258 204 149
459 543
527 68 607 158 68 347 501 68 19 85 68 638 68 569 68 64 389 430
651 123 68 241 68 430 266 158 623 68 517
569 68 16 479 68 158 108 68 235 68 119 389 158 149
283
607 339 68 550 501 68 525 551 68 552 85 359 68 397 68 158 449 68 189 569
564 68 165 68 5 68 189 426 487 85 68 569 68 211 652 551
19 85 68 452 167 68 346
607 479 68 642 211 68 607 479 68 389 158 359
5 68 165 68 211 570 49 68 19 85 68 446 70 158
189 68 426 339
258 149
19 489 499 68 266 158 68 189 68 282 551
54 86 68 607 50
87 149 51 86
283 551 68 569 68 503 569 68 550 501 68 359 70 158
635 189 68 86 163 68 550 501 68 397 68 447 158 68 430 68 430 85 142 438 551 68 321 189 68 430 68 505
211 625 68 397 68 517
209 85 613
321 569 68 446 68 611 189 68 158 240 68 5 189 68 85 581 68 286 570 211
211 471 211 68 79 602 194
43 158 68 43 569 68 85 347 158 108 68 97 68 280
85 347 158 213
261 86 68 245 449 68 370 68 5 68 149 458 152
158 543 74
42 247
569 68 65 155 49 68 158 108 68 213 47 359
370 68 607 158 68 258 149 68 397 68 149 389 85 68 640
430 68 569 68 517 85 359 68 640 68 189 68 19 212 85
261 86 68 124 68 527 68 607 158 68 316 68 241 68 158 449 68 617
276 85
79 602 194
288 68 81 68 201 258
529 194 70 158
397 68 302 359
607 158 68 81 68 189 68 344 70 158 152
43 158 68 503 450
283 551 68 354 68 85 217
240 302 108
212 450
607 158 68 550 501 68 135 68 331 430 108
339 551 68 189 68 240 389 243 359 68 241 68 5
321 65 507 34 68 64 211 108
321 68 494 68 97 68 569 68 136 479
495
339 551 68 241 68 8 68 430 299 206 108
283 68 158 108 68 569 68 189 243 89 68 640 68 569 68 517 623
426 158 85 68 397 68 517 499
361
115 479
64 211 108 68 503 339
446 266 19 68 45 108 68 490 68 161 68 266 158 68 189 68 331
397 68 607 158 85 152 576 108 68 64 211 108
501 85 123 108 68 517 68 607 158 68 82 152 68 19 85 68 158 108 68 43 158 68 525
446 266 19 68 45 108 68 490 68 161 68 266 158 68 189 68 331
85 581
47 149 68 43 158 524 240 68 607 50
550 158 68 89 487 68 153 189 68 261 86 68 19 163 68 384 359 68 5 189 524 240
370 68 5 68 81 68 19 31 240
430 299 206
564 68 158 108 68 569 68 302 359 68 159
245 258
405 553
390 569 68 569 68 264 211
272 247 270 68 331 149
261 86 68 158 108 68 339
527 68 607 158 68 266 158 68 36 211 315 68 240 194 515 551 68 153 189
607 479 68 330 654 68 446 253
261 86 68 158 108 68 354
593 163 68 370 68 19 85 68 241 68 517
212 158 240 302 149
87 68 43 339 68 81 68 431 68 569 68 124 68 503 158 68 503 189 68 607 68 87
446 245 68 158 108 68 561
36 211 607 68 343 189 550 430 68 563 158 343 158 68 464 85 321 464 85
607 158 68 527 359 68 220 88
189 296 359
19 85 68 397
258 189 68 569 68 158 245 296 330 68 378 553
261 158 178
485 430 68 617 149 68 5
607 339 68 550 501 68 189 68 359 273 68 207 68 64 211 108
370 68 5 68 81 68 207
236 108
503 501 68 517
241
550 339
321 563 158 68 370 68 5 68 253 68 397 68 347 501 68 339 68 426 86
607 339 68 550 501 68 397 68 5 108 68 137 158 189 211 85 68 430 299 655
276 85 68 607 339 68 550 501 68 397 68 347 501 68 339 68 426 86
527 68 607 158 68 494 68 189 550 487 149
4 478
266 158 194 85
240 211 68 240 51 570 326 108
370 68 5 68 81 68 201 258 68 11 68 129 85
569 68 16 479 68 170 108 68 136 158 149 68 253 68 397 68 253
189 266 50 68 415 211 68 517 258 551
189 426 569
5 68 368 68 54 86 68 397
569 108 68 43 158 68 261 158 85 632 68 389 36 149 68 491 487 359
321 563 158 68 339 551 68 540 68 279 194 108 68 189 68 70 158
197 86 68 45 206 68 494 149 68 343 543 211 503 189
189 68 64 389 158 189 68 170 108 68 79 75 149 68 607 50
569 68 459 405 108
406 158 68 607 158 68 183 158 68 446 82
283 68 370 68 5 68 82 152 68 640 68 517 68 201 108 68 189 68 356 240 302 149
70 158 68 183 158 68 354 68 240 51 447 523 68 158 108 68 189 68 261 149 68 43 237
49 551 68 405 68 30 158 560
527 68 5 68 577 68 19 85 68 85 347 430 68 607 50
370 68 5 68 43 430 149 68 182 623 68 607 50 68 5 189 68 330 621 49
607 158 68 81 68 397 68 211 347 501 68 569 68 501 578 68 397 611 51 86
359 70 158
389 237 591 149
149 458 152
548 68 5 68 415 532
430 299 4 189 643 85
135 68 550 339 68 503 189 68 607 68 569 68 378 85 68 246 68 321 155
397 68 222 476 551 68 397 68 334 222 68 218 68 64 211 108
290 85 359 68 321 189 68 59 295 149 68 93 435 85
240 649 68 87 449 68 343 158 199 68 370 68 5 68 317 303 359 68 531 158 405 108
607 158 68 82 152 68 70 189 68 158 108 68 133 82 68 611 68 397 68 19 85 237 85
370 68 339 68 550 501 68 19 85
19 108 68 350 322 85
64 211 108 68 349 85 359 68 211 543 68 517 68 471 51 487
552 85 359 68 64 550 339
473
607 158 68 253 68 397 68 365 430 199 68 393 568 85
237 572 68 617
607 339 68 550 501 68 5 68 397 68 139 68 43 158 68 240 302 149 68 19 85 68 158 108 68 517 108 68 158 444 399
616 68 87 68 577 68 359 16 569 68 446 68 136 479
49 68 517 68 330 68 5 68 81 68 295 249 299 266 158 222 85
639 149 643
43 158 68 570 389 158 108 68 607 68 479 240 532 235
607 158 68 82 152 68 569 68 321 155 68 258 108 68 365 430 131
276 85 68 607 158 68 370 68 201 240 299 68 183 67 68 189 93 47
70 189 108 68 197 86 68 253
70 149
362 68 607 155 68 347 501 68 569 68 397 68 525 551 68 430 68 51 86 68 318
5 189 68 607 158 108 68 607 68 642 68 206 222 505
651 123 68 607 158 68 603 68 189 68 253 569 505 68 85 347 158
189 43 487 359
231 51 86 68 43 158 68 115 479 68 158 108 68 533 63 610
525 68 89 487
651 123 68 241 68 79 430 450 68 339
211 85 74
5 68 165 68 211 570 49 68 19 85 68 446 70 158
339 551 68 430 68 569 68 290 85 359 68 531 158 108 438 359
365 430 199
189 241 430 438 359 68 241 68 643 449
593 163 68 405 68 563 189 505 68 339 551 68 516 152
607 339 68 550 501 68 397 68 213 51 86 68 640 68 19 85 68 350 322
563 189 505
220 51 86 68 89 487
170 299 68 79 487 630
570 211 334
607 158 68 82 152 68 5 68 635 149 68 347 501 68 153 108 68 189 149 266 158 85
189 569 68 60 194 108
19 290 643 359 68 170 108
283 68 60 194 68 370 68 5 68 253
611 85 359 68 79 602 194
231 240
288 68 344 199 347 158 359 68 397 68 85 4 152 68 640
290 85 359 68 247 85
370 68 5 68 81 68 201 258 68 431 187 299 108 68 503 189 68 607 158 68 527 68 413 149 68 390 68 158 406 155
514 240 359 391
212 450 68 76 85
295 570 389 238 389 158 118 85 68 629 68 484 68 97 68 569 68 472 68 8
283 551 68 569 68 350 85 149 68 389 339 68 246 68 64 51 623 68 389 339
607 158 68 81 68 397 68 81 68 569 68 240 194 515 359 68 266 158 68 552 85 359 68 132
237 623 68 607 50
3 68 517 68 640
503 189 68 527 68 607 158 68 406 158 152 68 390 68 189 426 86 85 438 359 68 241 68 517 82 68 100 149 643
593 163 68 122 86 68 517 68 446 68 189 569 68 607 158 404 108
261 86 68 607
87 68 170 68 65 178 68 189 266 50 68 13 450 68 97 68 19 68 343 189 241 359
388
153 68 170 108 68 161 68 266 158 68 189 68 331
370 68 355
277
565 415 211 68 85 632 68 240 302 108
70 149
43 158 68 642 551 68 607 68 196 68 5
134 415 207
543 194 82 68 43 158 68 222 415
253 68 397 68 550 158 149
231 51 86 68 607 479 68 554 68 85 517 85 68 607 158 68 170 152 68 97 68 330 222 68 218
278 334 117 359
607 339 68 550 501 68 397 68 31 334 68 19 85 68 359 389 213 194 85 68 535
607 479 68 430 68 189 68 384 211
253 68 397 68 550 158 149
204 222
607 155 68 189 389 430 199 68 43 158 68 85 563 482 68 397 68 10 68 5 189 85
496 517 569 222
241 577 551
517 19 645
474 68 550 158 359 68 321 247 68 70 189
213 51 86 68 640
213 211 450
339 551 68 189 211 414 68 501 85 24 270 68 241 68 517
97 68 397 68 430 68 569 68 611 74
241 68 538 339 82
85 359 389 158 572
59 479
447 290 51 258 68 10 486
607 339 68 550 501 68 189 68 85 611 178 68 347 158 213 68 64 211 108
241 430 359
189 68 0 247 621 68 246 68 36 86 152
76 85 170 149
197 86 68 607 479 68 36 211 390
503 189 68 45 206 68 490
607 479 68 642 211 68 607 158 68 288 68 81 68 201 258 68 245 258 68 430 68 43 158 68 126 49
124
495 68 607 68 5 68 359 550 654 68 397 68 211 551
394 68 607 50 68 19 85 68 201 64 211 563 158 118 68 594
43 158 68 331 149 68 170 487 359 68 431 68 607 50 68 640 68 569 68 343 158 222 628
370 68 5 68 317 303 359 68 241 225 68 237 643 334
370 68 5 68 81 68 201 258 68 640 542 118 85
79 158 189
236 149
153 189 68 158 108 68 43 158 68 389 349 531 158 118 68 430 241 406 158 118
145 237
517 194
64 211 108 68 211 543 68 339 68 397 68 517
527 68 607 158 68 577 68 189 68 211 461 149
397 189 68 240 51 570 326
607 158 68 149 646 149 68 43 158 68 241 152 68 593 89 158 68 81 68 189 565 569 68 253
607 479 68 149 358 152 68 288 68 636 68 517 68 201 258 611 189 68 397 68 149 458 152
197 68 258 149 68 241 68 354
505 68 321 247
122 572 149
472 68 189 550 158 213 108
273 299
607 158 68 82 152 68 43 158 68 389 570 68 158 108 68 543 51 488
397 611 51 86
151 299 70 158
607 158 68 189 192 194 440 158 85 68 241 68 43 158 68 517 85 347 158 152
189 426 569 68 253
189 240 532 25
85 396
283 68 158 108 68 19 68 189 550 158 25 68 136 479
593 300 68 81 68 569 68 406 472 68 189 451
197 86 68 651 123
569 108 68 339 68 158 449
283 68 527 68 405 68 406 158 149 68 569 68 76 85 222 85 359
564
365 430 199
253 68 397 68 577 68 189 68 149 458 152
503 189 68 158 108 68 5 189 68 331 68 426 86
607 158 68 99 68 317 303 222 149 68 430 397 68 66 211 199
569 68 473 68 158 108 68 211 471 211 68 85 359 124
607 158 68 258 149 68 397 68 81 68 569 68 301 85 68 640 68 19 108 68 122 572 149
64 211 108 68 211 543 68 189 68 406 334 199 68 354 68 85 517 85 68 617 149
197 213 108
64 211 108 68 599 68 517
640 68 36 108 68 5 68 258 149 68 397 68 54 86 68 638 68 189 68 89 158 189 359 68 397
503 189 68 158 108 68 569 68 397 189 211 85 359 68 430 241 406 158 118 68 657 299
503 189 68 19 163 68 54 68 397 68 85 632
64 211 108 68 122 86 68 517 68 5 189 68 212 450 68 76 85
607 50 101 189 108
321 27
430 68 629 68 231 85
240 550 86 149
189 149 266 158 85
261 86 68 189 266 50 68 64 550 170 108
5 68 175 68 405 199 68 642 68 607 155 68 436 68 640 68 426 86
607 158 68 170 108 68 54 654 68 397 68 54 86
607 158 68 51 85 359 68 43 158 68 331 149 68 593 163 68 527 220 68 339
607 68 5 68 196 68 446 247 19
276 85 68 339 68 158 108
240 550 158 567 68 607 331 70 517
85 136 359 68 321 247
19 79 553
607 479 68 642 211 68 607 158 68 288 359
607 479 68 153 189 68 397 68 577 68 43 158 68 397 415 68 505 149 68 607 50
365 430 199
359 503 258 4 240 415
79 569
247 85 68 85 379
115 247
651 85 68 397 68 5 68 135 68 43 158 68 170 211 85 68 607 68 561
564
505
339 68 175 149 68 550 501 68 189 68 550 86 199 68 501 85 123 108
261 359 68 189 345
339 551 68 397 375 149 389 149 68 279 194 108
527 359 68 474
464 415
501 85 365 430 199 68 211 139
104 85
359 435 213 194 85 68 535 85
370 68 5 68 81 68 189 68 491 487 220 194 68 241 68 430 299 180 282 568 68 85 264 117 551
354 68 93 435 85 68 158 108 68 505
295 499 211 68 36 149
212 517 551
87 449 68 70 158 68 563 189 68 657 299 68 50 68 405 68 629
153 68 550 501 108 68 153 108 68 565 415 211 68 85 632 68 240 302 108
569 68 306 68 474 569 68 16 479 68 189 550 487 149
503 189 108 68 569 68 531 472
397 68 431 68 397 68 569 68 241 430 359
189 266 50 68 415 211 68 70 158 108
231 240 505
552 246 552
607 479 68 153 189 68 241 68 189 68 138
85 632
283 68 569 108 68 339 68 237 247
189 68 375 149 389 149 68 346 211 390
85 581 68 81 68 397 68 54 86
189 68 70 158
550 501
277
241 118 108
607 158 68 81 68 397 68 54 86 68 426 86
516 152
635 489 359 68 405 68 607 158 390 149
126 49
561
152 550 654
430 446 258 607
607 158 68 189 192 194 440 158 85 68 241 68 43 158 68 517 85 347 158 152
339 551 68 253 68 4 240 630 68 4 628
607 158 68 642 68 5 189 68 201 149
494 68 495 108 68 153 189
607 158 68 81 68 189 68 435 334 68 638 68 569 68 417 68 640 68 43 158 68 236 149
85 136 155
517 623
349 85 359 68 189 68 213 51 86 607 50
54 86 68 321 247
4 623 68 207
607 158 68 550 501 149
201 108 68 339 68 158 108 68 426 86
610 543 258 189 68 605
192 211 85 68 85 347 158 118
389 349 531 158 118
617
125 149
283 68 165 68 5 68 405 68 45 235
550 339 25 543
607 158 68 258 149 68 397 68 591 149 68 19 108 68 359 550 86 349 108
288 68 197 86
347 501 68 607 50 68 569 68 408 405 199
599 389 173 68 42 247
564
189 467 479 149
261 86 68 245 449 68 370 68 5 68 258 149
607 158 68 197 86 68 275 68 283 551 68 117 68 158 108 68 117
607 158 68 527 359 68 220 211 240 68 564 68 607 158 68 149 458 152 68 237 4
564 68 19 149 68 19 108 68 175 398 108 68 405 647
87 93 211 68 517 623
651 123 68 241 68 569 68 431 64 211 438 359
276 85 68 153 189 68 607 68 569 68 648 108
517 623
343 543 211 82
344 405 68 85 197 86
25 85 70 158 68 240 389 243 359
503 189 68 635 149 68 607 158 68 85 136 359
651 85 68 354 551 68 290 433 359
70 158 607 68 237 558 68 607 50 68 241 68 569 68 237 572 68 617
321 68 266 569 68 607 158 68 321 247 220 110 359
43 158 68 331
153 189 68 5 68 607
70 149 68 425 149
538 430
517 85 390 569 85 620 450
124
569 68 598 458 68 158 108 68 211 178
153 189
87 68 45 149 68 189 68 79 339
261 86 68 245 449 68 158 108 68 189 68 550 487 149 68 222 476
607 359 68 424 199 645 108
639 149 68 559 435 334 108
283 68 331 430 149 68 640 68 79 222
4 359 258 85 68 657 299
370 68 5 68 81 68 207 68 241 68 517
503 189 68 158 108 68 569 68 610 543 258 189 68 605
607 158 68 384 149 68 189 68 338 144
527 68 607 158 68 527 220 68 19 85 68 222 476
253 68 611
607 68 70 189 68 654 559 211 478 68 256 136 158 251 85
347 501 68 189 68 211 251 68 321 240 68 569 68 425 108
607 158 68 357 68 82 178 68 189 266 50 68 79 309 68 375 149 49 68 279 194 108 68 189 68 438 415
370 68 5 68 81 68 189 68 134 514 199 68 93 389 479 68 345
261 86 68 124 68 165 68 5 68 405 68 302 623 68 339
134 514 199
635 189 68 577 68 430
629 68 611 74
283 68 165 68 5 68 405 68 45 235
283 68 306 108 68 607 68 45 235 68 189 68 507 449
651 123 68 607 155 68 54 86 68 290 85 359 68 362
64 211 108 68 119 211 247 68 339 68 397 68 569 68 406 211 560 68 154 599
389 237 591 19 149
607 339 68 550 501 68 397 68 406 501 68 189 68 359 13 85 290
361
5 68 635 149 68 347 501 68 339 68 253 85 68 343 543 211 68 464 85 68 607 170 108
343 189 241 359
607 158 68 154 240 68 5 68 550 501 68 339 68 153 189
607 479 68 189 68 87 359 258 85
607 158 68 347 501 68 350 322 85
253 68 397 68 330
339 551 68 253 68 375 149 389 149 68 279 194 108 68 241 68 189 68 457 53 359 68 331 68 246 68 253 68 375 149 389 149 68 4 240 222 68 279 194 108 68 241 194 68 517 19 645 68 371 158 108 149 68 331
607 339 68 550 501 68 397 68 588 149 68 245 220
36 189 290 389 158 118
564 68 158 108 68 569 68 507 449 68 196 68 569 68 36 211 315 68 306
54 86 68 85 359 389 339 68 189 344 149 68 19 85 68 503 158
607 479 68 85 347 654 68 241 68 189 68 132
607 158 68 543 443 68 607 50 68 430 68 189 68 617 149 68 85 539
370 68 5 68 317 303 359 68 36 211 315 68 253
170 449
49 551 68 316 68 189 266 50 68 446 82 68 512 85
430 85 433 118 68 4
189 540 118
406 472
607 158 68 339 68 19 565 68 189 550 487 149 68 59 67 68 4 628
517 85 257 562 389 158 222 149
607 158 68 343 158 152 68 135 68 321 247
240 550 517 85 68 517 68 354 68 5 155 68 583 68 339 68 397 68 5 189 524 240
565 415 211 68 85 632 68 240 302 108
347 501
79 155 108
283 551 68 5 189 68 180 282 653 194 222
617
410 68 543 389 415
258 189 68 153 189
607 158 68 81 68 189 68 85 136 158 68 430 68 43 158 68 607 158
283 551 68 5 189 68 115 479
295 359 579 68 5 189 68 404 290
149 389 17
189 491 487 359
266 251 85
564 68 165 68 5 68 405 68 237 558 68 417
607 158 68 241 99 68 503 189 68 607 158 68 548 68 339
54 86 68 607 50 68 189 451
261 86 68 124 68 165 68 339 68 347 501
189 98 551
197 86 68 64 211 108 68 82 152 68 339 68 321 247
210 64 85
204 149 68 64 310 594
283 68 86 163 68 550 501 68 397 68 149 458 152
370 68 5 68 321 290 194 68 19 85 331 487 359
503 189 68 527 68 607 158 68 501 85 365 430 199 68 245 258
389 158 108 68 5 189 68 344 149
527 68 607 158 68 299 449 68 339
446 70 158
125 359
343 189 51 633 68 378 523 371 158 108
201 85 152 68 5 68 607 50
503 189 68 635 89 158 68 577 68 321 240 68 241 68 569 68 483 359 519 68 424 199 645
607 158 68 211 543 68 430 68 569 68 256 640 108
617 149
87 449 68 611 146
87 449 68 93 435 85 68 86 163 68 550 501
194 74 68 607 50
85 64 442
532 178 68 241
45 108 68 490 68 161
261 86 68 124 68 370 68 607 158 68 81 68 397 68 503 339
261 86 68 245 449 68 158 108 68 19 68 189 149 517 118 68 4
201 258 82 68 517 82
70 567 68 331 149
87 68 258 149 68 611 189 68 182 149
170 478
370 68 5 68 81 68 189 68 550 158 543 194 211 68 331 149
550 158 85
261 86 68 245 449 68 158 108 68 339
213 194 149
86 163 68 347 158 152 68 189 68 350 580 68 640 68 517
564
237 643 359 68 189 491 487 359
213 194 149
607 158 68 288 68 82 152 68 339 68 340 551 68 517 68 355
607 158 68 19 489 68 224 339 68 89 487 68 569 68 331 149 68 42 247
370 68 5 68 81 68 189 68 389 349 531 158 118
607 158 68 593 489 68 220 88 68 550 85 359 68 426 339
5 68 494 68 570 389 339 68 430 68 354
607 155 68 81 68 569 68 59 479
365 152 68 19 85 68 162 68 607 50
87 68 81 68 241 68 19 85 623 359 68 334 48 108 68 430 68 36 211 607
607 158 68 189 240 532 543
405 68 563 189 505
290 365 158 85 68 594
86 163 68 550 501 68 189 426 569 68 253
261 86 68 245 449
158 234 211 315 68 389 85 359 364 359
64 211 108 68 599 68 9 68 354 68 607 158 68 617 149
642 79
527 68 607 158 68 266 158 68 339 68 59 290 389 339 211
283 68 158 189
85 359 389 339
261 86 68 370 68 5 68 253 359 68 339 68 501 85 365 430 199 149
261 86 68 124
42 247
540 68 517 250 68 543 389 158 152
158 108 68 70 189 68 390 68 343 158 222 628 68 189 550 487 149 68 153 189
593 163 68 170 152 68 189 68 211 251 68 220 51 189
525 551 68 552 85 359 68 397 68 158 449 68 189 569
343 158 222 628
89 158 74 68 331
76 85 170 149
354 551 68 339
197 86
593 163 68 636 68 517 68 189 68 236 149 68 196 68 19 85
86 149 68 19 85 68 245 449 68 405 68 158 565 240
449 189 68 640
607 158 68 81 68 657 523 222 543 68 85 6
79 155 108
85 447 285 68 189 149 517 118 108 68 64 13 68 241 68 430 299 180 282 568 68 85 264 117 551
295 25 118 108
321 563 158 68 153 189 68 339 68 158 108
64 211 108 68 231 240 68 517 68 394 68 339 68 607 50
261 86 68 135 149
397 68 135 149
415 211 68 70 158 108
607 158 68 82 152 68 19 85 68 182 149 68 158 108 68 321 240
79 602 194
331 4 68 640 68 569 68 85 335
339 551 68 295 138 149
188
70 189 108 68 290 85 68 430 371 158 149 68 43 158 68 158 189 108
501 85 123 108 68 517 68 135 68 569 68 431 187 299 108 68 607 68 607 50 68 640 68 321 569
4 149
538 430
607 158 68 19 149 68 172 68 261 149 68 275 68 283 68 370 68 607 158 68 258 149 68 397 68 370 68 397 68 577 68 189 68 531 299 68 570 389 158 149
651 123 68 241 68 569 68 514 240 359
339 551 68 321 247 68 70 189
550 237
397 68 70 158 108
569 108 68 194 543 68 365 430 199
607 479 68 153 189 68 241 194 68 389 248 194 68 4 199 60 68 535 640
85 196
431 187 299 68 162 85
240 211 68 640 68 252 199
261 158 68 158 108 68 446 82 68 124
85 215 85
119 211 247 211 68 197 222 4 563 158 118 68 220 88
343 339 415
220 211 543 108
430 93 532 149 68 5 581 211 222 108
607 158 68 241 99 68 43 158 68 638 550 430 68 609 178 68 76 85 170 149
339 551 68 507 570 258 4 625 359
247 572
607 170 68 552 85 359 68 85 379 68 158 108 68 569 68 85 504 499 68 640 68 211 247 222
261 86 68 245 449
70 189 108 68 446 82 68 124 68 196 68 569 68 501 258 118
253
607 158 68 288 68 211 272 247
607 479 68 642 211 68 275 68 593 149 68 87 68 365 430 199 68 607 86 189 68 189 241 430 438 359
430 68 240 643 359 68 640 68 569 68 331 406 550
36 108
478 108 68 531 211 68 430 599 211 296 359
321 240
59 290 389 339 68 5 189 68 198 149 211
430 64 550 339 68 159 222 240 211
370 68 5 68 81 68 569 68 136 479
87 68 165 68 85 136 359 68 189 16 430 68 201 240 299 68 189 68 540 68 517 250 68 543 389 158 152
261 86 68 245 449 68 158 108 68 569 68 447 189 68 241 194 68 531 158 405
261 86 68 507 258 68 53 85 68 640 68 330 621 49 551 68 527 68 607 158 68 31 211 68 430 397 68 19 68 5 343 85
241 514
87 68 321 27 68 97 68 540 68 430 68 569 68 611 74
104 85
5 543 68 490 68 149 550 158 235 68 390 569 68 19 68 430 64 532 390 85 68 640 68 318 36 135
330 68 5 68 189 16 430
471 211 68 211 269 118 68 252 199
124
343 158 152 68 135 68 321 247
64 211 108 68 246 204 68 569 68 209 85 613
444 621 68 543 550 569
370 68 5 68 81 68 31 611 43 155 68 222
501 85 123 108 68 517 68 261 86 68 370 68 607 158 68 577 68 397 68 16 158 359 68 540 343 158
503 189 68 158 108 68 569 68 51 85 359 68 246 68 79 487 149
518 158 178
607 479 68 642 211 68 354 68 607 158 68 593 489 68 246 204 68 5 189 68 617
607 339 68 550 501 68 446 68 425 588 239 85 68 64 211 108
370 68 5 68 445 51 86 68 189 68 590 211 296
261 86 68 245 449 68 158 108 68 569 68 430 85 433 118 68 4
607 339 68 550 501 68 189 68 273 101 86 68 330 359 68 64 211 108
158 108 68 153 68 390 68 479 240 389 282 258 85 359
283 68 370 68 5 68 617 68 19 85 68 430 68 654 559 211 334
607 158 68 253 68 397 68 330 68 189 68 419 299
49 551 68 583 68 430 68 299 449
112 68 430 68 569 68 389 430
607 158 68 588 211 543 68 430 68 99
158 108 68 343 543 211 266 19 68 153 189
503 189 68 158 108 68 19 85 68 137 430 68 240 223
426 86 68 218 149 68 85 581 68 638 68 569 68 491 487 359 68 640 68 415 211 68 253 68 397 68 415 211
607 158 68 81 68 189 68 532 85 68 397 415
290 213 307 68 65 155 49 551
261 86 68 124
79 178 68 85 447 158 85
564
43 158 68 607 158 108 68 394 68 158 449
85 508 68 569 68 64 51 189
607 309 68 490 68 532 178 68 241 170 149 68 397 68 517 623 68 5
514 240 359
525 68 430
293
65 155 49
397 68 54 86
261 86 68 245 449 68 158 108 68 569 68 222 476
339 551 68 70 430 349 194 85 68 390 569 68 569 68 264 211
209 85 613 85
76 85 222 85 359 68 503 158
164 643 299
84 149
430 635 189 643 85 68 431 290 258
370 68 5 68 81 68 189 68 240 225 299
343 189 68 406 155
330
5 68 54 86 68 397 68 293 68 389 339
211 48
564
365 430 199
283 68 60 194
321 27
607 158 68 82 152 68 19 108 68 607 68 397 68 85 193
543 301 290 85 359
85 359 124
43 158 68 331 68 170 108 68 65 86 149 68 607 339 68 550 501 68 397 68 211 93 389 479 68 339
241 211 565
49 551 68 577 68 446 82 68 397 68 339
607 158 68 81 68 473 125
389 349 531 158 118 68 42 247
607 479 68 196 68 446 247 19
43 158 68 417 68 384 551 68 642 68 245 449
343 543 211 253 68 158 108 68 197 158 199
406 19 563 158 118 68 241 194 68 617 149
36 211 607
85 196
394 51 86
5 108 68 642 305
550 487 149 68 264 88
321 563 158 68 607 155 68 617 68 5 68 417
540 68 517 250 551 68 189 54 86
153 189 68 5 68 607 68 503 189 68 158 108 68 43 158 68 525
330 405
607 158 68 81 68 189 68 415 51 235 68 447 430
4 64 68 183 158 68 153 108 68 133 68 201 108 68 629 68 201 108 68 153 68 5 85 397 405
607 339 68 550 501 397 68 447 158 68 430 68 505
85 359 389 158 572
607 158 68 543 22 68 43 158 68 643 449
389 248 194 68 4 199 60 68 535 640
85 4 450
550 501
607 479 68 240 389 570 177 359
529 194 70 158
43 158 68 136 309
11
261 86 68 170 68 569 68 211 652 551
527 68 607 158 68 330 68 430 68 569 68 517 194
607 339 68 550 501 68 397 68 483 149 68 19 85 68 201 108 68 145 93 211 68 201 108 68 79 204 213
283 551 68 5 189 68 115 479
651 123 68 203 68 431 68 397 68 43 158 68 503 450 68 170 487 68 5
5 68 81 68 189 68 31 247 222 68 638 68 5 189 68 189 290 550 339 68 371 158 149
93 51 108 149
283 68 158 108 68 339 68 158 108 68 339 68 330 211 189 85
503 189 68 158 108 68 19 68 378 85 4 389 158 118 68 70 158 359 68 638 68 19 85 68 240 194 515 359
5 68 246 68 607 158 68 607 68 321 247
339 551 68 133 68 201 108 68 629 68 201 108 68 339 68 494 85
330
212 450
331 4
527 220
197 86 68 258 149 68 397 68 384 211
253 68 611 68 104 85 68 64 211 108
315 359
607 158 68 170 108 68 459 543 149
638 68 569 68 443 85 68 64 211 108
495 108 68 115 479 68 158 108 68 569 68 389 349 531 158 118 68 390 569
211 85 658 523 588 211 222
19 85 68 158 108 68 189 68 331 68 211 447 189 68 605
19 240 643 359 68 543 13 449
569 68 16 479 68 170 108 68 321 446
472 68 158 189
290 258 322
85 217 108
503 189 68 45 206 68 59 251 149 68 89 487
370 68 5 68 81 68 240 211 68 240 51 570 326 108
405 189 68 64 389 158 85
503 189 68 527 68 607 158 68 266 158 68 189 68 204 543 503 158 68 222 476
550 85 359
70 189 108 68 197 68 11 68 170 299
405 261 430 149 68 569 68 59 158 240 222 68 550 430
87 189 68 370 654 68 570 389 339
607 158 68 253 68 397 68 406 501 68 240 302 108
261 86 68 124 68 569 108 68 569 68 397 189 68 240 51 570 326 68 550 85 359
321 563 158 68 607 479 68 642 211
564 68 170 108 68 5 189 68 550 85 359 68 4 189 211 189 149
370 68 5 68 5 104 471 211 68 81 68 390 68 158 389 248 194 68 538 158 93
283 68 158 108 68 43 158 68 570 389 158 149 68 241 68 19 85 68 415 406 85 299
49 68 517 68 347 501 68 189 68 494
607 339 68 550 501 68 397 68 64 389 158 85 68 390 68 430 299 180 282 568 68 617 68 397 68 36 211 607
651 123 68 87 607 68 79 158 568 211 68 153 189
607 158 68 288 68 197 86 68 205 68 339 551 68 189 68 211 30 158 189 149 68 36 85 68 158 48 359 68 339
245 220
430 237 211 199 438 359
607 479 68 642 211 68 607 158 68 454 68 189 220 88 68 159 189 458 68 569 68 459 405
240 389 282
79 158 568 68 570 389 158 149
331 330 152 258 85
339 551 68 531 211 68 617 149
640 68 36 85 68 153 189 68 5 68 54 86
359 503 258 183 67 415
152 389 526 68 331 149
495 68 628 68 607 158 68 65 178 68 397
81 68 5 68 117 68 5 189 68 280 170 152
334 222 68 218
288 68 406 501 68 501 85 123 199 85
240 550 213 223
45 4 68 25 85 70 158 68 397 68 5
607 339 68 550 501 68 397 68 5 108 68 137 158 189 211 85 68 430 299 655
517 623
607 479 68 642 211 68 397 68 170 211 68 5
370 68 607 158 68 258 149 68 189 68 331 149 68 397 68 365 152 68 607 50 68 162 85
31 247 222
607 158 68 213 532 68 43 158 68 197 108 68 642 68 261 149 68 339 68 384 551
370 68 5 68 81 68 19 85 68 607 158 404 68 430 68 189 569 68 371 158 199 108
503 189
640 68 36 85
607 339 68 194 543 68 397
261 85 4 116 550 158 108 149
569 68 65 234 68 158 108 68 4 240 222 68 279 194 108
607 158 68 527 359 68 514 543 68 5 68 640
231 51 86 68 426 158 85 68 397 68 517 499
19 232 239
104 258 189
43 158 68 525
355 68 283 68 70 158 68 158 108 68 339 68 359 70 158
153 189 68 339 68 158 108
153 108 68 97 68 406 158 148 68 93 211 56
570 389 339
79 178 68 76 85
331 149
607 158 68 258 149 68 189 68 331 4 68 640 68 19 85 68 64 211 108
87 68 635 149 68 201 85 152 68 241 68 19 301 118 108
87 68 85 379 68 241 68 397 564 222 68 517 250 551 68 153 189 68 5 68 527 68 54 86 68 397 68 569 68 389 85 359 207
201 258 136 479
415 211 68 438 415 68 302 359
264 85 70 158
339 68 347 501 108 68 189 266 50 68 359 564 222 68 517 258 551
569 68 242 414 108 68 607 68 629
525 68 232 359
165 68 607 158 68 405 68 330 654 68 5 68 189 451
417 108
79 152
321 27
376 617 442 68 563 501 68 266 387 550 68 182 450 68 246 68 237 4
339 68 384 551 68 153 189
276 85 68 607 158 68 603 68 240 191 222 60 211 68 565 82 68 135 68 70 158
593 178
43 158 68 79 569 68 43 569 68 444 621 68 543 550 569 68 246 68 43 158 524 240
261 86 68 124 68 165 68 339 68 347 501 68 397 68 577 68 43 158 68 331 68 417 68 240 649 68 569 68 331 68 266 19 68 605
261 86 68 81 68 5 68 490
564 68 527 68 5 68 85 136 359 68 170 178
107 85 68 64 51 189
607 479 68 54 86 654 68 89 487
370 68 5 68 81 68 201 258 68 607 569 68 175 398 85
532 430 149
417
607 158 68 527 359 68 149 550 158 543 68 189 68 507 472 471
153 68 99 68 189 68 19 212 85 68 189 68 137 155 68 189 54 86
607 479 68 63 610 68 533
494 68 189 550 487 149
449 290
241 225 68 237 643 334
152 389 526 68 331 149
283 68 331 430 108 68 640 68 36 85 406 34 85 68 370 68 5 68 253 359
569 68 538 430 68 442 68 640
135 68 5 68 253 359
389 339
45 206 68 494 149
5 68 81 68 43 158 68 295 441 643 334 108
152 389 526 68 331 149
288 68 577 68 517 68 124
261 86 68 245 449 68 158 108 68 569 68 4
5 189 68 640 68 471 211 68 283 68 136 479 68 370 68 5 68 54 86 68 397 68 531 149
362 68 261 86 68 245 449 68 158 108 68 569 68 550 237 68 4
607 158 68 99 68 170 299 68 430 68 43 158 68 158 189
607 158 68 321 68 5 68 253
19 31 240
54 86 68 354 68 503 158
87 68 607 68 569 68 59 479 68 343 158 199
283 68 158 108 68 5 189 68 211 136 158 189 438 359 68 343 158 199
213 166 541
409 68 85 611 178 68 64 211 108
607 158 68 253 68 397 68 532 108 68 503 158 359
610 543 258 189 85
43 158 68 252 155 149 68 158 108 68 518 158 178 68 135 68 321 247
570 13 43 569
607 68 19 108 68 472 68 189 550 158 213 108
430 299 389 85 359 68 240 211 68 430 85 142 438 359
283 68 635 149 68 607 158 68 503 189
43 158 68 137 158 240 68 431 108 68 85 359 389 339 68 280 68 201 240 299 68 170 152
569 68 531 158 405 68 85 373 51 86 569 68 189 68 36 430
261 86 68 245 449 68 136 479 68 370 68 607 158 68 81
607 339 68 448 68 397 68 231 240
370 68 5 68 81 68 201 258 82 68 397 68 19 93 389 189
137 158 68 288 68 87 68 19 85 237 85 68 19 85 68 321 247 68 189 68 237 64 68 640 68 149 458 85
5 68 253 359 68 189 426 569 68 253
343 543 211 266 19 68 299 6
370 68 5 68 197 86 68 120 68 85 517 85
607 339 68 550 501 68 397 68 211 209 85 359 68 189 68 70 567 68 331 149
295 570 389 238 389 158 118 85
523 405 85 68 252 199
564 68 19 149 68 339 68 85 136 359 68 384 623
607 158 68 240 550 517 85 68 607 158 68 170 487 359 68 370 68 339 68 189 451
82 152
137 158
607 479 68 642 211 68 43 158 68 331 68 158 108 68 189 68 406 85
114
70 189 108 68 189 68 85 396 68 321 247 68 70 189 68 430 68 569 68 240 643 359
494 85 68 550 501
607 158 68 288 68 81 68 201 258 68 93 225 68 93 51 86 108
49 551 68 347 501 68 189 68 211 251 68 543 389 501 68 153 189
240 211
651 123 68 241 68 5 189 68 231 240
5 189 68 370 654 68 629
158 108 68 485 430 68 70 189
593 89 158 68 81 68 189 68 447 158 290 68 64 211 108
283 68 158 189 68 607 68 5 68 430
370 68 5 68 81 68 189 68 406 472 68 430 68 654 559 211 478
158 108 68 70 189 68 189 68 531 158 85 438 359
370 5 68 197 86 68 503 189 68 607 158 68 527 68 577 68 569 68 347 85 359 68 240 223 68 550 85 359 68 158 189
405 241
276 85 68 153 189 68 339 68 158 108
231 51 86
43 158 68 331 149 68 170 487 359 68 431 68 607 50 68 640 68 569 68 343 158 222 628
495 68 158 108 68 19 85 68 266 158
70 430 349 194 85
133 82 68 85 447 285
344 405 68 85 197 86 68 158 108 68 192 458
236 19 534
85 347 501
155 301 72 108
651 123 68 583 68 569 68 365 430 199
149 550 158 235 68 390 569 68 569 68 430 64 532 390 85 68 640 68 318 36 135
607 339 68 550 501 68 397 68 389 199 85 299 68 201 108 68 189 68 389 199 117 359
189 68 438 415
390 569 68 569 68 525
430 299 655 68 523 405 85
43 476
607 339 68 550 501 68 397 68 81 68 607 222 4 285 68 430 59 517 115 158 118
339 551 68 136 479 68 607 158 68 170 108 68 16 623 68 397 68 19 68 343 189 241 359
607 479 68 151 149
430 19 485 85 613
426 339
5 189 68 36 211 390 68 158 108 68 531 211 68 629
288 68 194 334 68 517
607 158 68 471 389 19 68 384 149 68 607 479 68 19 85 189 241 430 222 149 68 430 68 5
593 163 68 429 68 189 85 68 569 68 261 86 85 68 426 86
347 501 68 350 322 85
261 86
503 189 68 569 108 68 339 68 384 359
564 68 370 68 5 68 258 149 68 339 68 266 158
538 430 68 517 68 640 68 241 68 343 543 211 82
607 68 5 68 507 149 68 97 68 517
406 334 199
261 86 68 124 68 45 206 68 490 68 149 550 158 235
651 123 68 241 68 5 189 68 189 540 118
349 85 359 68 389 240 359
550 349
240 51 611 118
261 86 68 124 68 81 68 5 68 490 68 394 458 68 464
185
397 68 54 86
321 68 607 479 68 642 211 68 607 158 68 642 359 68 5 68 349 85 359 68 45 149 68 339 68 638
430 85 433 118 68 4
343 189 241 359 68 64 211 108
370 68 5 68 253 359 68 240 211 517 645 68 321 189 68 389 248 194
162
607 158 68 253 68 397 68 550 158 149 68 354 68 85 4 74 68 82
43 158 68 389 570 108 68 607 68 85 126 589
339 551 68 240 211 68 640 68 252 199
607 158 68 81 68 189 68 435 334 68 638 68 569 68 417 68 640 68 43 158 68 236 149
527 68 607 158 68 252 199 68 19 85
5 189 68 430 299 655 68 237 552 118 68 158 108 68 89 487
261 86 68 321 27 68 569 85 68 569 68 247 85 68 431
261 86 68 245 449 68 370 68 5 68 447 158 68 430 68 212 86 565 334 108
607 339 68 550 501 68 446 253 68 495 68 390 569 85 620 108 68 517
607 158 68 527 359 68 330 68 405 237 108 68 640 68 569 68 85 611 152
87 449 68 247 85 68 54 86 108 68 397 68 334 222 68 218
283 551 68 5 189 68 115 479
607 50 68 640 68 321 569
282 299 85
196 68 569 68 182 149
189 68 149 458 152
331 430 149
59 295 149
321 563 158 68 607 155 68 162 68 569 68 222 476 551
43 158 68 306 68 158 108 68 45 235 68 189 68 507 449 68 370 68 5 68 253 68 397 68 54 86 68 196 68 517
607 158 68 99 68 125 149 68 196 68 212 155 458 68 170 299
158 48 68 153 68 170 178
607 158 68 593 489 68 405 68 611 68 45 4
295 441 643 334 108
278 118 68 394 352 108
158 108 68 19 85 68 5 189 68 126 442
93 448
261 86 68 245 449 68 158 108 68 569 68 187 471 68 204 252 199
607 479 68 189 68 531 199 347 211 390 68 370 68 5 68 81 68 201 258 68 389 237 591 70 158 118 108
501 85 4 211 390 85
237 552 359
436 321 247
19 85 68 343 189 211 189 68 158 108 68 93 51 108 149 68 397 68 135 68 405 153 93 85
276 85 299 70 158
370 68 5 68 81 68 136 479
149 646 68 517 68 321 240 68 97 68 19 68 425 499 643 85
545
607 158 68 253 68 189 68 85 193 194 68 371 158 108
261 86 68 245 449 68 370 68 5 68 258 149
607 339 68 550 501 68 397 68 365 430 199 68 207 85 68 64 211 108
321 563 158
85 611 152
153 189 68 5 68 607
189 243 89
629
607 479 68 122 359 68 640 68 365 430 199
87 68 81 68 430 299 180 282 568 68 79 220 68 241 85 359 68 430 299 180 282 568 68 389 199 85 299 149 68 241 85 359 68 246 149 68 158 628 343 85
503 189 68 527 68 607 158 68 79 430 149 68 189 68 290 213 307 68 173
213 194 149 68 430 68 43 158 68 547
290 241 438 334 108
19 85 68 261 86 85 68 158 108 68 135 149
59 290 171 211
607 339 68 550 501 68 397 68 501 85 365 430 199 68 19 85 68 64 211 108
321 68 607 479 68 642 211 68 607 158 68 241 99 68 246 68 406 158 149 68 189 565 569 68 189 241 430 438 359
370 68 5 68 81 68 408 158 19 149 68 397 189 108
607 479 68 505
19 85 68 158 108 68 397 68 245 449
607 479 68 349 85 359 68 532 178 68 189 550 487 149
359 435 213 194 108 68 535 85
559 310
15 430
503 189 68 635 89 158 68 211 474 68 569 68 331
617 68 517 68 201 258 136 479 68 5 68 258 149 68 231 240
231 240
359 503 258 343 339 415
607 158 68 170 108 68 378 85 454 149
607 339 68 550 501 68 189 68 447 290 51 258 68 10 486 68 64 211 108
76 346 211
564 68 158 108 68 569 68 70 149 550 430 68 397 68 189 64 550 158 68 241 68 85 66 194 270 85
427
201 108 68 70 158 68 431 68 607 50 68 640 68 569 68 648 412
462 237 144
241 65 108
189 149 517 118 68 4
431 68 153 189
593 163 68 636 68 517 68 189 68 19 85 331 487 359
607 158 68 258 149 68 189 68 264 299
64 211 108 68 65 86 68 43 158 68 331
593 89 158 68 81 68 390 68 201 478 359 389 158 68 64 211 108
70 339
607 158 68 81 68 415 211 68 70 158 108 68 389 240 359 68 638 68 43 158 68 201 472 471 68 211 543
406 158 68 607 158 68 548 68 43 158 68 525 68 417
607 479 68 182 623 68 135 68 43 158 68 189 74 108 68 501 303 359 68 446 68 85 24 450 68 245 258 68 430 397 68 189 68 183 158 235 108 68 189 331 487 359
87 68 527 68 65 152 68 564 68 5 189 68 642 247
354 68 258 108 68 397 68 405 68 607 158 390 149
503 339
153 189 68 339 68 158 108
389 237 591 149
607 158 68 82 152 68 607 155 68 264 550 158 68 446 82 68 472 68 359 70 158
283 68 165 68 5 68 405 68 45 235
212 450 68 76 85
365 178 68 189 491 487 359
321 65 507 34
384 211
261 86 68 245 449 68 370 68 5 68 253 68 397 68 522 68 321 240
273 101 86 68 330 359
607 339 68 550 501 68 397 68 501 85 540 149 68 43 158 68 152 389 526 68 211 517 359
76 85 68 415 532
170 211 654
527 68 607 158 68 447 158 68 266 158 68 152 389 526 68 331 149
158 145 240 438 359
617 149
359 70 158
495 68 158 108 68 339 68 241
87 68 288 68 81 68 245 449 68 136 479
527 68 607 158 68 201 85 152 68 5 68 283 68 569 68 152 550 158 222 211 189 68 158 108
593 163 68 246 204 68 569 68 173
261 86 68 124
607 479 68 170 17 68 640 68 430 68 569 68 134 415 207
283 68 607 68 5 68 370 654 68 638 68 439 302 136 430 108 68 70 158
170 643 222
19 163 68 430 15 158
607 155 68 406 501 68 635 189 68 339 68 170 487 359 68 45 27 68 189 451
273
334 222 68 218
70 189 108 68 189 68 211 152
339 68 494 85 68 93 225
158 240 68 569 68 330 570 568 68 158 108 68 522 68 321 240 68 159 458 68 237 552 118 68 617 68 189 16 430
415 211 68 438 415 68 189 54 86
569 85 359 68 569 68 290 258 322
273 101 86 108
49 551 68 543 389 501 68 640
87 449 68 19 79 359 438 359 68 635 149 68 607 158 68 54 86 68 397
64 211 108 68 54 86 68 390
247 226
115 479 68 640 68 569 68 79 155
283 68 136 479 68 635 149 68 607 158 68 405 68 97 68 569 68 79 222
347 85 359 68 240 223 68 550 85 359 68 158 189
295 441 643 334 108
607 479 68 607 50
607 479 68 347 158 178 68 446 68 136 479 68 321 240 68 240 223 68 85 632
527 68 5 68 189 538 430 68 189 85 68 253 68 31 19
283 68 240 51 515 551 68 81 68 569 68 531 85 359 68 430 499 389 85 359
607 68 70 189 68 201 258 68 64 389 158 334 108 68 258 189 68 569 68 204 543 503 158 68 85 347 158 118
76 85 241 359 68 42 247
347 501 68 189 68 494
591 149
158 108 68 339 68 378 85 359 550 68 241 68 611 189 68 371 158 149 68 19 478 85
339 551 68 426 158 85 68 607 158 68 194 543 68 339
503 158 623
241
321 68 349 85 359 68 347 158 178 68 563 189 68 640 68 446 68 82 85
397 611 51 86
189 426 569 68 266 251
240 51 447 523
261 405 108
19 79 553 68 220 88
64 211 108 68 548 68 5 189 68 194 514 199 68 153 189
82 189
527 68 607 158 68 231 240 68 5
211 240 389 17
503 189 68 158 108 68 569 68 170 299 68 79 487 630
430 68 430 85 142 438 551
211 394
36 226
507 211
607 155 68 550 339 68 5 68 390 68 607 158 321 86 5
31 334
189 570 211
607 339 68 550 501 68 397 68 406 501 68 189 68 389 349 531 158 118 68 241 68 415 211 68 97 68 464 85 68 359 426 339
354 68 86 149 68 405 68 531 299
153 189 68 339 68 158 108
253 68 213 191 68 64 211 108
607 479 68 642 211 68 49 68 517 68 370 68 219 68 321 247 68 241 68 5
64 211 108 68 548 68 517 68 415 532 68 397 68 485 479 85
76 346 211
135 68 550 339 68 283 551 68 430 538 158 149 68 569 68 76 648 199
283 68 370 68 5 68 81 68 430 68 5 189 68 417
583 68 54 654 68 89 487 68 397 68 19 68 425 149 68 640 68 19 85 68 607 155
607 339 68 550 501 68 397 68 365 152 430
607 339 68 550 501 68 397 68 170 449 68 189 68 459 405
232 449
64 211 108 68 87 478 68 517 68 484
4 189 211 189 149
503 158 623 68 211 85 359
523 543 503 158
359 355 543 415
79 155 108
19 163 68 617 68 517
370 68 5 68 81 68 201 258 68 409 68 318 237 218 307 68 376 158 334 108
261 86 68 277 68 527 68 5 68 406 158 152 68 339
153 68 471 503 158 108 68 241 577 551 68 153 108 68 85 632 68 204 64 550 158 108
283 551 68 569 68 79 158 189 68 19 79 359 438 359 68 42 247
365 152 68 19 85 68 162 68 607 50
569 68 570 389 158 108 68 607 68 607 50
629 68 611 74
389 237 591 70 158 118 108
192 211 85
431 68 266 158 68 189 68 20 299 68 397 68 540
158 406 155
607 158 543 68 99 68 240 51 85 359 266 158 359
642 305
241 189 68 82
79 158 189 68 501 85 623 127 282
189 68 375 149 389 149 68 538 86 243 149
370 68 5 68 188 68 355
331 279 51 570
204 543 503 158
617 68 569 68 192 211 85 68 64 211 108
339 68 394 108 68 550 501 68 343 543 211 82 68 158 108 68 321 247
241 476 551
81 68 189 68 426 158 85 68 264 88
283 551 68 569 68 611 85 359 68 447 158 245 85 68 82 68 430 68 472 420
370 68 5 68 370 68 201 258 82 68 201 240 299 68 170 152
370 68 5 68 81 68 390 68 189 241 430 438 359 68 397 611 51 86
593 163 68 474 68 638 68 19 68 343 189 68 295 19 282 565
49 551 68 347 158 237 494 68 97 68 569 68 70 517 199
283 68 19 163 68 59 158
201 258 82 68 158 108 68 79 430 68 241 68 517
607 479 68 642 211 68 607 158 68 82 152 68 607 158 68 81 68 569 68 124 68 42 247
159
446 266 19
189 68 132
564
85 347 158 68 196 68 517
629 68 201 240 299 333
93 225 68 253
527 68 5 68 365 152 68 43 158 68 331
43 158 68 240 302 108 68 617 68 517 68 247 258
527 68 607 158 68 81 68 5 189 68 599 389 173 68 42 247
527 68 607 158 68 406 501 68 430 299 180 282 568 68 617 108 68 240 223 68 43 158 68 207
231 51 86
607 339 68 550 501 68 397 68 189 64 550 158 68 241 68 189 68 405 108 258 85 68 198
283 68 158 108 68 19 68 501 85 365 430 199 68 211 139
629 68 426 339
170 299
607 479 68 240 550 86 149 68 640 68 5
88 359
159 222 240 211 68 629 85 68 638 68 569 68 64 550 339
189 68 136 158 386 68 158 108 68 237 558
514 240 359
397 415 447 158 85 359
503 189 68 158 108 68 569 68 531 149 207
397 68 54 86
430 68 415 211 68 70 158 108
607 158 68 45 67 68 384 149
261 86 68 370 68 607 158 68 447 158 68 5
85 447 285 68 119 211 247 211 68 607 158 404
189 266 50 68 79 158 543 68 158 189 108
538 430 68 569 68 295 359 301 359
615 170
43 158 68 252 155 149 68 583 85 68 36 226
277
431 68 430
330
321 68 651 123
261 86 68 86 163 68 550 501 68 5 189 68 85 347 501
93 51 108
607 158 68 527 359 68 79 430 149 68 339
321 68 607 479 68 642 211
15 158 74 68 569 68 431 290 258
406 158 68 607 158 68 81 68 446 68 346 152 68 241 68 43 158 68 222
51 570 68 638
15 430
430 299 180 282 568 68 79 220 68 241 85 359
607 158 68 154 240 68 5 68 19 489 68 81 68 189 68 261 149 68 136 479 68 79 430 450 68 189 85
397
570 391 68 189 68 266 158 359
283 68 136 479 68 370 68 607 158 68 81 68 397 68 211 474 68 569 68 331
370 68 5 68 81 68 201 258 68 31 104 471 68 170 152
569 68 447 189 68 158 108 68 397 68 261 158 68 241 68 569 68 19 85 474 85
354 551 68 85 264 4 149
593 300 68 365 430 199 68 397 68 189 68 273 101 86 68 330 359
503 189
273 101 86 68 525
64 211 108 68 599 68 9 68 397 68 617 68 517 68 277
564 68 527 68 607 158 68 350 68 269 68 640
370 68 5 68 321 290 68 119 211 247 211 68 523 405 85
543 51 488
607 158 362 222 4 563 158 118
552 85 359 68 87 152
577 68 321 240 68 97 68 569 68 552 85 359 68 85 379
5 189 68 417 68 13 359 68 158 108 68 237 558 68 607 50 68 640 68 5 189 68 19 79 553
283 68 85 347 158 118
283 68 158 108 68 569 68 19 85 331 487 359 68 389 158 359
261 149 68 19 85 152
439 643 222 189
135 19 85 359
503 158 185 68 617
211 158 635 68 569 68 359 435 213 194 85 68 535 85
607 479 68 79 430 68 261 86 68 607 68 5
651 123 68 583 68 569 68 365 430 199
617
158 108 68 70 189 68 189 68 475 85 379 68 64 550 339
331
43 158 68 525
354 551 68 569 68 503 158 68 397 68 54 86
283 68 331 430 149 68 640 68 207 68 370 68 5 68 253 359
617 149
5 68 258 149 68 397 68 577 68 569 68 189 240 532 25 68 640 68 569 68 240 51 447 523 68 241 68 19 85 68 93 435 85
607 158 68 258 149 68 397 68 266 158 68 189 68 397 415 543 194 478
607 339 68 550 501 68 397 68 347 501 68 247 415 68 295 359 579 68 394 108
607 158 68 288 68 82 152 68 642
607 158 68 250 68 397 68 266 51 86 68 446 68 245 258
430 499 389 85 359
569 108 68 354 68 430 93 532 149 68 323 68 93 51 415
76 85 222 85 359
636 68 517 68 189 68 236 149
397 68 430 68 569 68 611 74
211 474
290 625 397 290 625 68 617
261 86 68 124 68 569 108 68 339 68 347 501 68 397 68 19 68 343 189 241 359
339 551 68 531 211 68 629 68 607 158 68 194 543 68 569 68 64 389 158 247
19 68 430 299 655 68 158 108 68 397 68 220 51 86
290 85 653 211 222
276 607 68 607 479 68 54 654 68 397 68 405 68 640 68 135 68 426 339 68 240 211 76 458 68 241 68 569 68 501 578
276 85 68 339 68 569 108
607 339 68 550 501 68 397 68 370 68 355 68 19 85 68 415 406 85 299
59 295 149
607 158 68 253 68 397 68 85 24 149 68 43 158 68 550 158 240 68 196 68 5
283 551 68 19 85
651 85 68 275 68 354 551 68 135 68 550 339 68 607 479 68 370 654 68 569 68 182 149
89 123 591 551
607 158 68 288 68 211 423 247 68 503 189 68 607 158 68 51 85 359 68 339
349 85 359 68 189 68 211 251 68 264 576
142
283 68 19 570 211 108 68 370 68 5 68 81
261 86 68 189 266 50 68 253 68 189 68 93 47
370 68 5 68 550 501 68 170 492 68 459 405 108
651 123 68 241 68 237 558
607 339 68 550 501 68 397 68 406 501 68 189 68 389 349 531 158 118
273 101 86 68 330 359
158 48 68 153 68 170 178 68 397 70 158
165 68 339 68 211 543 68 189 68 85 331
331 68 97 68 192 359
82 68 517 68 189 68 71
617 149
552 85 68 397
261 86 68 135 149
19 85 68 158 108 68 569 68 361 334 189 85 359 68 64 389 158 85 68 189 550 487 149 68 153 189
197 86 68 87 68 288 68 370 68 5 68 81 68 207 68 241 68 397
409 68 85 611 178
59 295 149
87 449 68 64 310 594 68 370 68 607 158 68 258 149 68 397 68 212 149 68 241 68 569 68 359 389 430 68 397 68 472 420
253
355
640 68 135 68 426 339
1 240
503 189
81 68 339 68 117 68 405 241 68 569 68 70 149 550 430
211 145 149 68 182 108
607 68 5 68 189 531 155 194 213 68 97 68 540 68 189 93 47 68 638 68 264 108 70 158
607 158 68 81 68 189 68 593 173
527 68 607 158 68 577 68 5 189 68 599 389 173 68 42 247
261 86 68 607 68 5 68 394 458
170 178 68 607 50 371 158 149 68 640 68 569 68 321 4 85
86 163 68 550 501 68 189 68 149 458 152
607 479 68 642 211 68 607 155 68 543 458 68 5 68 189 68 472 68 253
290 516 194 222 108
408 158 19 149 68 397 189 108
397 68 54 86
564 68 569 108 68 569 68 212 450 68 85 136 359
593 163 68 76 85 68 638 68 43 158 68 406 334 199
189 258 390
5 68 258 149 68 397 68 538 430 68 640 68 241 68 354 68 93 435 85 68 145 93 211 68 405 237 108 68 339 551 68 531 211 68 79 602 194
430 299 655 68 237 552 118
346 85
607 68 70 189 68 201 258 68 36 211 315 68 389 85 359 364 551 68 189 550 487 149 68 153 189
290 85 359 68 85 197 86
370 68 5 68 253 359 68 189 258 390 68 430 68 5 189 68 247 621
607 68 5 68 153 189 68 471 51 487
449 290
85 583
344 158 68 124 68 136 479 68 197 86 68 330
495 108 68 5 189 68 447 158 247 442 68 82 189
370 68 5 68 81 68 189 68 173 68 162
408 158 149
149 211 481 458
19 85 321 531 158 149 68 189 68 359 435 350 68 330 570 568
261 86 68 124
19 79 580 68 331 149
349 85 359 68 189 68 517 250 68 339 551 68 430 68 569 68 211 450 68 207 68 638 68 569 68 59 295 149 68 64 51 189
528
527 68 5 68 122 86 68 517 68 354
197 86
283 551 68 5 189 68 447 158 247 442 68 240 51 570 326
134 415 207 108
153 189
370 68 5 68 82 152 68 54 85 359 68 501 199 85 359
406 158 152 68 390 68 189 426 86 85 438 359 68 241 68 517 82 68 100 149 643
430 241 406 158 118
19 85 68 247 572 68 569 48 359 68 507 449 68 19 68 607 569 85
447 430 294 194
607 158 68 258 149 68 446 68 365 430 199
283 68 370 68 5 68 617 68 19 85
628 222 68 525
120 68 85 517 85 68 657 108 68 153 108 68 211 408 108
362 68 577 68 339 68 350 85 149 68 607 155 68 211 543 68 43 158 68 331 68 153 189
330 621 49 551
365 152 430
531 158 295 334 85
203 68 405 68 642 211 68 241 68 19 85
564
241 430 359
16 158 359
611 74
158 108 68 70 189 68 201 258 82 68 517 82
607 158 68 384 149 68 485 479 85 68 170 108 68 261 85 4 116 550 158 108 149
253 569 505
302 359
189 550 158 25 68 331 149
607 158 68 253 68 189 68 408 158 149 162 68 241 68 397 189 211 85 551
607 158 68 250 68 397 68 54 86 68 397 68 569 68 389 85 359 207
211 611 359
261 86 68 507 258 68 70 158 108
607 158 68 471 389 19 68 447 158 149
149 458 152 68 246 68 149 550 158 543
607 479 68 45 4 68 354 68 5 68 550 501 68 339
283 68 162 68 607 68 5 68 532 178 68 241
261 86 68 507 258 68 93 435 334 108
617 68 517 68 201 258 68 136 479 68 158 240 68 5 68 258 149 68 231 240
370 68 5 68 81 68 189 68 611 438 359
354 551 68 135 68 550 339
86 163 68 550 501 68 397 68 54 86 68 397 68 189 68 16 479
471 51 487
430 68 390 68 607 170
253 569 505
89 158 189 211 189
288 68 405 68 642 68 617 149
134 514 199
564 68 370 68 5 68 204 543 68 543 301 290 85 359
607 158 68 258 149 68 390 68 343 85 222 406 158 359 68 638 68 43 158 68 331
87 543 68 162 149 68 189 68 550 487 149 68 241 68 241
154 599
240 51 570 326
607 339 68 550 501 68 189 68 447 290 51 258 68 10 486 68 64 211 108
240 211 68 640 68 252 199
245 570
417 68 640 68 43 158 68 236 149
273 101 86 68 525
276 85 68 354 551 68 339
617 149
85 350 68 397
607 158 68 99 68 506 85 68 468 85
19 85 68 306 68 158 108 68 253 68 241 430 359 68 189 344 149
552 85 359 68 136 350
503 189
201 149 68 446 68 321 155 68 430 68 569 68 361
283 68 19 163 68 81 68 241 68 643 449
85 454
607 479 68 79 430 68 397
384 211 68 640
87 68 175 68 397 68 81 68 189 68 134 149 68 237 552 118 68 607 155 68 617 68 5 68 417
70 430 349 194 85
43 158 68 543 389 501 85 68 607 68 278 623 68 640
5 68 607 68 133 68 471 550 50 68 397 68 85 611 152 68 153 189
276 85 68 607 158 68 593 489 68 231 240 68 339 68 405 237 108 68 189 68 648 149 68 204 489 211 68 656 240 359 68 430 68 240 643 359 68 640 68 517
570 389 163 343 158 118
538 430 68 640
115 479
430 359 51 159 85
471 211
503 189 68 158 108 68 19 85 68 137 430 68 240 223
550 85 359
651 123 68 607 155 68 406 501 68 339 68 122 359
564
5 68 258 149 68 397 68 538 430 68 19 85
261 158 189 68 570 550 487 149
640 230 68 85 299 221
406 334 199
321 240
19 489 359
564 68 569 85 68 569 68 359 389 430 68 241 68 472 420 68 211 543
406 158 68 607 158 68 231 240 68 5
283 68 538 158 108 68 370 68 5 68 253 359 68 219 68 430
503 339
189 491 487 359
70 189 108 68 197 86 68 447 189 290
211 330 359
501 85 123 108 68 517
87 637 108 68 321 240
97 68 426 339
607 479 68 240 389 570 177 359
276 85 68 607 158 68 550 501 68 135 68 331 430 108 68 640 68 85 241 551
5 68 397 68 607 68 189 101 86 194 213 68 607 339 68 218 149 68 638 397 68 354 68 253 68 158 240 68 607 158 68 170 68 5
240 194 515 551 68 607 68 638 68 183 155
264 550 158 149
283 68 89 123 438 551 68 370 68 607 158 68 81 68 397 68 394 68 607 50
5 68 494 68 444 68 241 68 5 189 68 343 158 199
283 68 158 108 68 19 68 189 550 158 25 68 136 479
527 68 607 158 68 81 68 569 68 588 68 64 211 108
550 487 149 68 264 88 68 64 211 108
261 86 68 245 449
150 85 359 68 406 334 199
339 551 68 5 189 68 474
531 149 207 108
43 158 68 4 189 211 189 108 68 607 68 158 389 248 194
19 232 51 226
370 68 5 68 197 86 68 201 258 253 68 5 68 527 68 3 68 517 68 640 68 196
607 158 68 527 359 68 149 458 152
607 158 68 87 635 68 176 183 85
527 68 5 68 350 85 68 339
