607 158 68 5 189 68 5
85 359
607 158 68 430 68 517 108
607 158 68 430 68 430
283 68 607 158 68 607 158 68 607 158 68 569 68 569 68 397 68 397 68 397 68 397 68 397
85 551
607 158 68
85 299
247
240 211 108
4 240
607 158 68 5 68 5 68 5 68 5 68 5 68 5 68 5 68 5 189 68 5 68 397 68 397 68 397 68 397 68 397 68 397 68 397 68 397 68 397 68 397 68 397 68 397 68 397 68 397 68 397 68 397 68 5 189 68 5 189 68 607 158 108 68 607 158 108 68 607 158 118
607 158 68 5 68 5 189 68 5 189 68 189 68 189
283
607 158 68 5 68 5 189 68 5 189 68 189
607 158 68 5 68 5 68 5 68 5 68 5 68 5 68 5 68 5 189 68 5 68 5 189
607 158 68 607 158 68 607 158 68 5 68 607 158 68 5 68 607 158 68 189 68 189 68 189 68 189 68 189 68 189
607 158 68 607 158 68 189 68 158 108 68 189 68 240 211
607 158 68 5 68 5 68 5 68 607 158 68 189 68 241 68 189 68 189 68 189 68 189 68 189 68 189 68 189 68 189 68 189 68 397 68 189
261 86 68
607 158 68 569 68 569 68 85 359
607 158
85 359 389 85 359
617 149
211 543 211 68 211
607 158 68 607 158 68 158 68 158 108
607 158 68 607 158 68 569 68 569 68 158 108 68 569 68 569 68 19 85
607 158 68 5 68 607 158 68 5 68 5 68 5 68 5 68 5 68 5 68 5 68 5 68 5 68 5 68 397 68 397 68 397 68 397 68 397 68 397 68 397 68 397 68 397 68 397 68 397 68 5 68 397 68 397 68 607 158 68 607 158 68 607 158 68 607 158 108 68 607 158 118 68 607 158 68 607 158 68 607 158 68 607 158 189 550 501 68 5 189 68 5 189 68 5 189 68 5
211
240 211 108
283 551
607 158 68 5 68 397 68 517 68 517
85 359 389 85 359
607 158 68 607 158 68 607 158 68 607 158
607 158 68 607 158 68 569 68 569 68 158 108 68 569 68 158 108
86 108
283 68 607 158 68 607 158 68 5 68 607 158 68 5 68 5 68 5 189
607 158 68 5 68 5 189 68 569 68 189 68 189
607 158 68 430 68 430 68 241 68 430
86 85 359
261 86 68 5
607 158 68 5 68 5 68 5 68 5 68 5 189 68 5 68 607 158 108
607 158 68 607 158 68 569 68 569 68 158 108 68 569 68 569 68 569 68 569 68 85 359
211 108 68 211 108 68 211 108
607 158 68 607 158 68 607 158 68 607 158 68 5 68 5 68 5 68 5 68 5 68 397 68 397 68 397 68 397 68 397 68 397 68 397 68 397 68 397 68 397 68 397 68 397 68 397 68 397 68 397 68 397 68 397 68 607 158 68 607 158 68 607 158 68 607 158 108 68 607 158 118
607 158 68 5 68 5 68 5 68 5 68 5 189 68 5 68 397 68 397 68 5 189
240 211
19 85 68 85 359
607 158 68 430 68 240 211 108
607 158 68 5 68 5 68 5 68 5 189 68 189
261 86
85 359
85 299
261 86 68 569 68 569 68 569 68 569 68 569 68 569 68 569 68 569 68 569 68 569 68 569 68 569 68 569 68 158 108
607 158 68 607 158 68 569 68 569 68 569 68 569 68 569 68 569 68 569 68 569 68 569 68 569 68 85 359
607 158 68 5 68 607 158 68 5 68 189 68 189
607 158 68 430
607 158 68 189 68 189
607 158 68 5 68 5 68 5 68 5 68 5 189 68 397 68 397 68 397 68 397 68 397 68 397 68 397 68 397 68 397
283
607 158 68 5 189 68 241 359
607 158 68 5 68 5 189 68 241
607 158 68 5 68 5 189 68 5 189
283 68 607 158 68 158 68 158 108 68 158 108
607 158 68 607 158 68 607 158 68 607 158 68 5 68 5 68 5 68 5 68 5 68 607 158 68 5 68 397 68 397 68 397 68 397 68 397 68 397 68 397 68 397 68 397 68 397 68 397 68 397 68 5 68 397 68 607 158 68 607 158 68 607 158 68 607 158 108 68 607 158 240 211 543 211 543 211 240 211 240 211 543 211 240 211 543 211 543 211 543 211 543 211 543 211 543 211 543 211
607 158 68 5 68 5 68 5 68 5 68 5 189
240
607 158 68 5 68 5 68 5 68 5 68 5 68 5 68 5 68 607 158 108
607 158 68 5 68 607 158 68 5 68 607 158 68 5 68 5 68 607 158 68 5 68 5 189
261 86 68 5 68 189 68 5 189 68 189
607 158 68 607 158 68 189
85 359
607 158 68 5
607 158 68 607 158 68 5 68 5 68 607 158 68 5 68 397 68 397 68 397 68 397 68 397 68 397 68 397 68 397 68 397 68 397 68 397 68 397 68 397 68 397 68 397 68 397 68 397 68 397 68 397 68 397 68 397 68 397 68 607 158 68 607 158 68 607 158 108 68 607 158 118
283 68 5 189 68 158
607 158 68 430 68 240 211 108 68 158 108
607 158 68 5 68 607 158 68 5 68 430 68 240 211 108 68 189 68 189 68 241 68 189
607 158 68 5 68 5 189 68 5 68 189 68 189 68 241 68 189
261 86
607 158 68 5 68 5 68 5 68 5 68 430 68 241 68 241 68 241 68 241 68 241 68 430 199
283 68 607 158 68 158 68 569 68 158 108
261 86 68 5 189 68 241 299
211 543
607 158 68 5 68 5 189 68 5 68 607 158 108
607 158 68 5 68 5 68 5 68 5 68 5 68 5 68 5 68 5 189 68 5 68 5 189
607 158 68 5 68 5 68 5 68 5 189
607 158 68 5 68 5 68 5 68 5 68 5 189 68 241 68 607 158 108
85 359 68 517
607 158 68 5 68 607 158 68 5 68 607 158 108
240 211 108
283 68 158 108
283
261 86 68 86 68 86 149
607 158 68 5 68 5 189 68 5 189 68 158 108
86
607 158 68 5 68 5 68 5 68 5
607 158
607 158 68 607 158 68 5 68 5 68 607 158 68 5 68 5 68 607 158 68 5 68 607 158 68 189 68 397 68 397 68 397 68 397 68 397 68 397 68 397 68 397 68 397 68 397 68 397 68 607 158 68 5 189
607 158 68 189 68 189 68 189 68 189
607 158 68 5 68 5 68 5 68 5 68 5 189
261 86
607 158 68 189 68 189
607 158 68 607 158 68 5 68 607 158 68 5 68 5 68 397 68 397 68 397 68 397 68 397 68 397 68 397 68 397 68 397 68 397 68 397 68 397 68 397 68 397 68 397 68 397 68 397 68 397 68 397 68 397 68 397 68 397 68 397 68 607 158 108 68 607 158 108 68 607 158 118
607 158 68 5 68 5 68 5 68 5 68 5 189 68 5 68 5 68 5 189 68 5 68 5 189 68 5 189 68 397 68 5 189 68 397 68 5 189 68 5 68 5 189 68 5 189 68 397 68 5 189 68 5 68 5 189 68 5 189 68 5 189 68 5 189 68 607 158 108 68 5 189 68 5 189
607 158 68 5 68 5 189 68 5 68 5 189 68 211
607 158 68 607 158 68 607 158 68 397 68 158 108
283
283
607 158 68 5 68 607 158 68 5 68 430 68 607 158 68 241 68 430 68 241 359
211 108 68 211 108 68 211 108
283 68 5 68 607 158 68 5 68 5 68 5 68 5 68 5 68 5 68 5 68 5 68 5 189
283 68 607 158 68 607 158 68 5 68 607 158 68 5 68 5 68 5 189
85 240
283 68 85 359 68 158 108 68 85 359
607 158 68 5 68 607 158 68 5 68 5 68 189 68 5 68 189 68 189 68 189 68 189
261 86 108
607 158 543 211
211 108 68 211 108 68 211 108
607 158 68 5 68 5 68 5 68 569 68 569 68 569 68 569 68 569 68 569 68 569 68 569 68 569 68 397 68 397 68 569 68 397 68 397 68 569 68 397 68 397 68 569 68 397 68 397 68 569 68 397 68 397 68 569 68 569 68 397 68 569 68 569 68 569 68 607 158 108
607 158 68 607 158 68 5 68 5 68 607 158 108
607 158 68 607 158 68 569 68 569 68 158 108 68 569 68 569 68 569 68 569 68 569 68 569 68 569 68 85 359
261 86 68 5
607 158 68 5 68 607 158 68 5 68 607 158 68 5 68 5 68 5 68 5 68 5 68 607 158 108
607 158 68 5 189 68 189
85 359 389 158 85 359
607 158 68 5 68 5 68 5 68 5 68 5 189 68 5 68 5 68 5 189 68 5 68 189 68 5 189 68 397 68 397 68 397 68 397 68 5 189
85 359
430 199
607 158 68 5 68 5 68 5 68 5 68 5 189 68 397 68 397 68 397 68 397 68 397
607 158 68 5
607 158 68 5 68 607 158 68 5 68 430 68 241 68 241 68 430 68 241 68 241 68 430
4
283 68 339 68 339 68 158 108 68 158 108
283 68 607 158 68 158 68 397
283 68 158 108 68 158 108
85 359 389 158 85
607 158 68 5 68 5 68 5 68 5 68 5 189 68 5 189 68 189 68 189 68 189 68 189
607 158 68 607 158 68 607 158 68 607 158 68 607 158 68 397 68 397 68 397 68 397 68 397 68 397 68 397 68 397 68 397 68 397 68 397 68 397 68 397 68 397 68 397 68 397 68 397 68 397 68 397 68 397 68 397 68 607 158 68 607 158 68 607 158 68 607 158 108 68 607 158 359 211 108
240 211 108
189
283
283 68 569 68 158 108 68 85 359 68 158 108
607 158 68 5 68 5 68 5 68 5 68 5 189 68 241 68 517
607 158 68 5 68 607 158 68 5 68 607 158 68 5 68 397 68 397 68 569 68 397 68 397 68 397 68 397 68 397 68 397 68 397 68 397 68 397 68 397 68 397 68 397 68 397 68 397 68 397 68 397 68 397 68 397 68 397 68 607 158 108 68 607 158 108 68 607 158 108 68 607 158 118
607 158 68 5 68 5 68 5 68 5 189 68 517
607 158 68 607 158 68 189 68 158 108
607 158 68 189 68 189 68 189
607 158 68 5 68 5 189 68 5 68 189 68 189
261 86 68 5 68 5 68 5 68 5 68 5
607 158 68 85 359 68 85 359
211 543 211
607 158 68 5 68 5 68 5 68 5 68 5 189 68 5 68 5 189
607 158 68 5 68 5 189 68 5 68 189 68 189 68 189 68 189
607 158 68 5 68 5 189 68 5 68 430 68 241 359
607 158 68 5 68 397 68 397 68 397
607 158 68 5 68 189 68 189 68 189 68 189
607 158 68 5 68 5 68 5 68 430 68 517
607 158 68 5
607 158 68 5 68 5 68 5
607 158 68 430 68 158 108
607 158 68 5 68 189 68 189 68 189
607 158 68 5 68 5 189 68 5 189 68 158 108
283 68 158 108
617
607 158 68 607 158 68 569 68 569 68 158 108 68 569 68 569 68 158 108
607 158 68 5 68 5 68 5 68 5 68 5 189 68 397 68 397 68 607 158 118
607 158 68 5 189 68 189 68 241 68 189
607 158 68 5 68 5 68 5 68 430 68 430 68 241 68 241 68 430 199
261 86
85 359
607 158 68 5
607 158 68 5 68 189 68 189 68 189
283 68 607 158 68 607 158 68 607 158 68 5 68 5 68 5 68 5 68 5 68 5 68 5 189 68 5
261 86 149
607 158 68 5 68 5 68 5 68 5 68 5 189 68 5 68 5 189
261 86 68 5 68 5 68 5 68 5
607 158 68 607 158 68 607 158 68 607 158 68 607 158 68 607 158 68 607 158 68 607 158 68 189 68 189 68 397 68 189 68 397 68 397 68 397 68 5 68 397 68 397 68 397 68 397 68 607 158 68 607 158 68 607 158 68 607 158 68 607 158 68 607 158 68 607 158 68 607 158 68 607 158 68 607 158 68 607 158 189 550 158 189 68 607 158 189 68 607 158 189
607 158 68 517
607 158 68 430 68 240 211 108
607 158 68 5 68 5 68 5 68 607 158 108 68 5 68 397 68 397 68 5 189 68 397 68 397 68 397 68 397
607 158 68 5 68 5 68 5 68 5 68 5 68 5 68 5 68 5 189 68 5 68 189 68 189 68 397 68 397 68 397 68 397 68 397 68 397 68 5 68 397 68 397 68 397 68 397 68 397 68 5 189 68 5 189 68 5 189 68 607 158 108 68 607 158 108 68 607 158 108 68 607 158 118
607 158 68 5 68 5 68 5 68 569 68 569 68 569 68 569 68 19 85
607 158 68 5 68 5 68 5 68 5 68 5 189 68 5 68 5 189 68 569 68 397 68 189 68 569 68 397 68 397 68 397 68 397 68 397 68 397 68 397 68 397 68 397 68 397 68 397 68 397 68 5 189 68 397 68 5 189 68 607 158 108 68 607 158 108 68 607 158 108
607 158 68 607 158 68 607 158 68 607 158 68 569 68 397 68 397 68 569 68 397 68 397 68 397 68 85 359
85 359
261 86 108
261 86
607 158 68 5 68 569 68 569 68 158 108 68 569 68 569 68 158 108
51 86
607 158 68 19 85 68 19 85 68 517
607 158 68 5 68 5 68 5 68 5 68 5 189 68 5 68 189 68 189 68 189 68 189 68 189 68 189 68 189
607 158 68 5 68 5 189 68 5 68 607 158 108
240 211 108
607 158 68 5 68 5 68 5 68 5 68 189 68 240 211 108
261 86
607 158 68 5 68 5 68 5 68 5 68 5 189 68 5 68 5 189
607 158 68
261 86 68 5 68 569 68 569 68 158 108
607 158 68 607 158 68 189 68 397
607 158 68 5 68 5 68 5 68 5 68 5 189 68 5 68 5 189
607 158 68 5 189 68 241 359
607 158 68 607 158 68 607 158 68 607 158 68 607 158 68 397 68 607 158 68 397
607 158 68 5 68 5 68 5 68 5 189 68 189
211 108
261 86
607 158 68 607 158 68 607 158 68 397 68 158 108
607 158 68 5 68 5 68 5 68 5 68 5 189 68 5 68 5 189
85 4 85
607 158 68 430 68 430 199
607 158 68 5 68 607 158 68 5 68 607 158 108 68 241 68 241 68 241 68 241 68 241 359
261 86
607 158 68 5 68 5 68 5 68 5 68 5 189 68 5 68 5 189
19 85 359
283 68 607 158 68 158 108 68 158 108
607 158 68 5 68 5 68 5 68 5 189 68 5
607 158 68 607 158 68 569 68 569 68 569 68 569 68 569 68 569 68 569 68 569 68 569 68 569 68 569 68 85
283
607 158
283
607 158 68 5 68 5 68 5 68 5 68 5 189 68 5 68 607 158 108
607 158 68 5 68 5 68 5 68 397 68 397 68 397 68 397 68 397
607 158 68 5 68 5 68 5 68 5 68 5 189 68 5 68 5 189
607 158 68 5 68 5 68 5 68 5 68 5 189 68 5 189 68 189
261 86
607 158 68 607 158 68 607 158 68 607 158 68 5 68 5 68 397 68 397 68 397 68 397 68 397 68 397 68 397 68 397 68 397 68 397 68 397 68 397 68 397 68 397 68 397 68 397 68 397 68 397 68 397 68 397 68 397 68 607 158 68 607 158 68 607 158 108 68 607 158 108 68 607 158 108
607 158 68 85 359
5 189
607 158 68 5 68 5 68 5 68 5 68 5 189 68 241 359
607 158 68 607 158 68 5 68 5 68 5 189 68 241 359
607 158 68 5 68 607 158 68 5 68 607 158 68 5 68 397 68 397 68 397 68 397 68 397 68 397 68 397 68 397
211 543 211
607 158 68 607 158 68 607 158 68 607 158 68 5 68 5 68 397 68 397 68 397 68 397 68 397 68 397 68 397 68 397 68 397 68 397 68 397 68 397 68 397 68 397 68 397 68 397 68 397 68 397 68 397 68 397 68 397 68 397 68 607 158 108 68 607 158 108 68 607 158 108
283 68 607 158 68 5 68 5 68 5 68 607 158 68 5 68 397 68 5 68 397 68 397 68 397 68 397 68 397 68 397 68 397 68 397 68 397 68 397 68 397 68 397 68 397 68 397 68 397 68 397 68 397 68 397 68 397 68 397 68 397 68 607 158 68 607 158 108 68 607 158 118
247 85
607 158 68 607 158 68 607 158 68 607 158 68 5 68 5 68 5 68 5 68 5 68 397 68 397 68 397 68 397 68 397 68 397 68 397 68 397 68 397 68 397 68 397 68 397 68 397 68 397 68 397 68 397 68 397 68 397 68 607 158 68 607 158 68 607 158 108 68 607 158 240 211 108
607 158 68 339
607 158 68 5 68 5 68 5 68 5 68 5 189 68 5 68 5 189
607 158 68 607 158 68 397 68 397 68 158 108
283 68 359 68 359
607 158 68 607 158 68 5 68 5 68 607 158 68 241 68 241 68 189 68 189 68 189 68 189 68 189 68 189 68 189 68 189 68 241 68 189
359 211
607 158 68 5 68 5 189 68 397
607 158 68 5 68 5 68 5 68 607 158 68 5 68 5 68 5 68 5 68 5 68 397 68 397 68 397 68 397 68 397 68 397 68 397 68 397 68 397 68 397 68 397 68 397 68 397 68 397 68 397 68 397 68 397 68 5 189 68 607 158 68 607 158 68 607 158 108 68 607 158 118
85 299 68 85 359
607 158 68 5 68 5 189 68 607 158 108
158 108 68 85 359
261 86 68 158 108
85 359 68 158 85 359
607 158 68 189 68 189
283 68 607 158 68 569 68 569 68 158 108 68 569 68 85 359
85 299
607 158
607 158 68 5 68 5 68 5 68 5 189 68 241 68 241 68 430 199
607 158 108
607 158 68 5 68 5 68 5 68 5 68 5 189 68 5 68 5 189
607 158 68 607 158 68 189 68 241 68 189 68 240 211 108 68 240 211 108
607 158 68 5 68 189 68 189 68 189 68 189
283 68 5 68 607 158 68 5 68 5 68 5 68 5 68 5 68 5 68 5 68 5 68 5 68 5 68 397 68 397 68 397 68 86
607 158 68 607 158 68 5 68 5 68 430 68 397 68 241 359
261 86 68 5 68 5 189 68 5 189
261 86
607 158 68 5 189 68 189
283 68 607 158 68 5 68 5 68 5 68 5 68 5 68 5 68 5 68 5 68 5 68 397 68 5 68 397 68 397
85 359
607 158 68 5 68 189 68 189
607 158 68 5 68 5 189 68 5
607 158 68 5 68 5 68 5 68 5 68 430 68 241 68 241 68 189
607 158 68 5
607 158 68 607 158 68 397 68 397 68 397 68 397
607 158 68 5 68 189 68 189
607 158 68 607 158 68 189 68 607 158 68 189 68 189 68 189
607 158 68 5 68 5 189 68 397 68 397 68 569 68 397
283 68 607 158 68 5 68 5 68 5 68 5 189 68 5 68 5 189
283 68 5 68 81 68 569 68 569 68 158 108
607 158 68 5 68 5 189 68 241 68 397 68 241 68 241
261 86 108
283 68 85 359
283 68 569 68 569 68 569 68 397 68 158 108
607 158 68 607 158 68 189 68 189 68 158 108
607 158 68 5 68 189 68 189 68 189 68 189 68 241 68 241 68 189
607 158 68 5 68 5 68 5 68 5
261 86 68 5 68 5 68 5 68 5 68 5 189 68 5 189
607 158 68 81 68 569 68 569 68 569 68 19 85 68 19 85
85 359 211 108
607 158 68 5 68 5 68 5 68 5 68 5 189 68 397 68 397 68 607 158 108
283
85 359 211 85
211 240
283 68 607 158 68 607 158 68 607 158 68 569 68 569 68 397 68 569 68 569 68 397 68 569 68 569 68 397 68 397 68 397 68 397 68 397 68 397 68 397 68 397 68 397 68 397 68 397 68 397 68 397 68 397 68 397 68 397 68 607 158 68 607 158 68 607 158 108 68 607 158 118
607 158 68 5 68 607 158 68 397 68 158 108
85
607 158 68 607 158 68 607 158 68 607 158 68 397 68 397 68 397 68 397 68 397 68 397 68 397 68 397 68 397
261 86
607 158 68 5 189 68 5
261 86 68 5 189 68 5 189 68 158
607 158 68 5 68 5 68 5 68 5 68 5 189 68 241 68 241 68 241 68 241 68 517
607 158 68 5 189 68 241
283
85 359 389 85 359
607 158 68 5 68 5 68 5 68 5 68 5 189 68 5
85
607 158 543 211
607 158 68 5 68 189 68 189 68 189 68 189 68 240 211 108
261 86
607 158 68 5 68 607 158 108 68 517 68 517
85 359
607 158 68 607 158 68 607 158 68 607 158 68 607 158 68 607 158 68 607 158 68 397 68 607 158 68 397 68 397 68 397 68 397 68 397 68 397 68 397 68 397 68 397 68 397 68 397 68 397 68 397 68 397 68 607 158 68 607 158 68 607 158 68 607 158 68 607 158 68 607 158 118
607 158 68 5 68 607 158 68 5 68 607 158 68 5 68 5 68 607 158 68 5 68 607 158 68 5 68 5 68 189
85 359
607 158 68 5 68 5 68 5 68 5 68 607 158 108
607 158
607 158 68 5 68 607 158 68 5 68 5 68 5 68 5 68 5 189 68 5 68 397 68 397 68 397 68 397 68 397 68 397 68 397 68 397 68 397 68 397 68 397 68 397 68 397 68 397 68 397 68 397 68 397 68 5 189 68 5 189 68 607 158 108 68 607 158 108 68 607 158 240 211 108
85 359
607 158 68 5 68 5 189 68 5 68 189 68 189 68 241 68 241 68 189
211 543
607 158 68 5 68 5 68 5 68 5 189 68 5 189
261 86
283
607 158 68 430 68 158 108 68 85 359
607 158 68 607 158 68 5 68 607 158 68 607 158 68 5 68 607 158 68 569 68 189 68 189 68 189 68 189 68 189 68 189 68 397 68 189
607 158 68 430 68 158 108 68 241 359
607 158 68 607 158 68 607 158 68 607 158 68 569 68 569 68 189 68 569 68 569 68 189 68 189 68 189 68 189
283 68 607 158 68 569 68 569 68 158 108
261 86 149
51 86 68 430
607 158 68 5 68 189 68 189 68 189
607 158 68 359 68 85 359
85 4 85
283 68 607 158 68 569 68 569 68 158 108 68 569 68 569 68 158 108
283 68 607 158 68 607 158 68 607 158 68 158 68 397 68 397 68 397 68 397 68 397 68 397
607 158 68 5 189 68 189
607 158 68 607 158 68 607 158 68 607 158 68 397 68 397 68 397 68 569 68 85 359 68 397 68 85 359
607 158 68 607 158 68 339 68 158 68 158 108 68 158 108
607 158 68 5 68 5 189 68 5 68 5 189 68 5 189
607 158
607 158 68 5 68 189 68 189 68 189 68 189
607 158 68 607 158 68 5 68 5 68 607 158 68 5 68 5 68 607 158 68 5 68 189 68 189 68 189 68 397 68 189
607 158 68 5 68 5 189 68 5
389 158 108
607 158 68 5 68 5 68 5 68 5 189 68 607 158 118
607 158 68 397
607 158 68 607 158 68 569 68 569 68 158 68 569 68 569 68 569 68 569 68 569 68 397 68 569 68 569 68 397 68 397 68 397 68 397 68 397 68 397 68 397 68 397 68 397 68 397 68 397 68 397 68 397 68 397 68 569 68 397 68 607 158 108 68 607 158 108 68 607 158 108 68 607 158 108
607 158 68 5 189 68 240 211 108 68 189 68 240 211 108
607 158 543
211 543 211
85 359 389 85 359
607 158 68 5 68 607 158 68 5 68 607 158 68 5 68 5 68 607 158 68 5 68 5 68 189 68 5 189 68 189
607 158 68 607 158 68 607 158 68 607 158 68 189 68 550 158
607 158 68 5 189 68 5
607 158 68 607 158 68 189 68 607 158 68 189
607 158 108
607 158 68 5 68 5 68 5
607 158 68 5 68 5 68 5 68 5 68 5 68 5 68 5 68 5 189 68 5 68 607 158 68 5 189 68 397 68 5 189 68 5 68 5 68 5 68 5 68 5 68 5 189 68 5 68 5 189 68 5 68 5 68 5 189 68 5 68 607 158 68 607 158 68 607 158 189 68 607 158 118
607 158 68 430 68 240 211 108
283 68 607 158 68 5 68 5 68 607 158 108 68 569 68 397 68 569 68 569 68 397 68 569 68 569 68 397
607 158 68 5 68 5 68 5 68 5 189 68 189 68 607 158
607 158 68 5 68 5 189 68 5 68 5 189 68 241 359
283 68 607 158 68 607 158 68 607 158 68 158 68 5 68 397 68 397 68 397 68 397 68 397 68 397 68 397
607 158 68 5 68 569 68 569 68 569 68 569 68 569 68 569 68 569 68 569 68 569 68 569 68 569 68 85
261 86 68 430
607 158 68 607 158 68 607 158 68 5
261 86 68 86 68 86 149
64 211 108
607 158 68 430
607 158 68 189 68 189 149 211 108
607 158 68 5 68 5 68 5 68 5
607 158 68 5 68 607 158 68 5 68 607 158 68 5 68 5 68 607 158 68 5 68 189 68 189 68 189 68 189
607 158 68 5 68 607 158 68 5 68 607 158 68 5 68 5 68 607 158 68 5 68 189 68 189 68 189 68 189 68 189 68 397 68 397 68 189 68 5 68 397 68 189 68 5 68 397 68 607 158 68 5 68 607 158 68 607 158 68 607 158 68 607 158 68 607 158 108 68 607 158 240 211 108 68 607 158 240 211 543 211 543 211 543 211 543 211 543 211 543 211 543 211 543 211 108 68 5
240 211 108
211 543 211
607 158 68 607 158 68 5 68 5 68 607 158 68 5 68 5 68 607 158 68 5 68 189 68 189 68 189 68 189 68 189 68 5
607 158 68 5 68 430 199 68 241 359
607 158 68 607 158 68 569 68 569 68 158 108 68 569 68 397 68 569 68 569 68 85 359 68 85 359 68 85 359
211
283
607 158 68 5 68 5 68 607 158 68 5 68 5 68 5 68 5 68 5 68 5 68 5 189 68 5 189 68 397 68 397 68 397 68 397 68 397 68 397 68 397 68 397 68 397 68 397 68 397 68 5 189 68 397 68 607 158 68 5 189 68 607 158 108 68 607 158 108 68 607 158 240 211 108
245 449
607 158 68 240 211 108
607 158 68 5 68 5 189 68 5 68 189 68 189 68 241 68 189 68 189 68 189 68 189
211 543
211 543 211
189 149 211 108
607 158 68 5 68 607 158 68 5 68 430 68 241 68 241 68 430 68 241 68 241 68 430
607 158 68 607 158 68 5 68 5 68 607 158 68 5
607 158 68 607 158 68 5 68 607 158 68 5 68 5 68 5 68 189 68 569 68 189 68 189 68 189 68 397 68 189 68 189 68 397 68 397 68 397 68 397 68 397 68 397 68 397 68 397 68 397 68 397 68 397 68 607 158 68 607 158 68 607 158 68 607 158 108 68 607 158 108 68 607 158 240 211 240 211 240 211 108 68 607 158 85 359 211 108 68 607 158 85 359 5 189 68 5 189
607 158 68 5 68 5 68 5 68 5 68 5 189 68 5 68 5 189
607 158 68 85 359 68 85 359 68 85 359
607 158 68 5 68 607 158 68 5 68 607 158 68 5 68 5 68 5 189 68 5 68 397 68 397 68 397 68 397
607 158 68 430 68 430
85 359 68 85 359 68 85 359
607 158 68 5 68 5 68 5 68 5 68 5 189 68 241 68 241 68 189
607 158 68 5 68 5 189 68 241 68 430
607 158 68 5 189 68 241 359
607 158 68 5 68 5 68 5 68 5 68 189 68 241 68 241 68 189 68 189 68 189 68 189 68 189 68 189
607 158 68 607 158 68 189 68 189 68 189
211 108 68 211
359
607 158 68 5 68 189 68 241 359
240 211 108
607 158 68 5 68 430 68 241 359
261 86
607 158 68 5 189 68 189
607 158 68 5 68 607 158 68 5 68 607 158 68 5 68 5 68 607 158 68 397 68 397 68 189 68 397 68 397 68 397 68 397 68 397 68 397 68 397 68 397 68 397 68 397 68 397 68 397 68 397 68 397 68 397 68 5 189 68 607 158 68 607 158 85 359 211 108
261 86
283
607 158 68 5 68 5 68 5 68 430
283
607 158 68 430 68 189 68 240 211 108
261 86 68 569 68 569 68 569 68 158 108
607 158 68 517
607 158 68 5 68 5 68 5 68 5 68 5 189 68 241 68 397 68 241 68 241 68 397 68 517
283 68 5 68 5 68 5 68 5 68 5 189 68 5 189 68 5 189
211 543 211 68 211
607 158 68 397 68 158
607 158 68 5 68 5 68 5 68 5 68 607 158 108 68 397 68 397 68 397 68 397 68 397 68 397 68 397 68 397 68 397 68 397 68 397 68 397 68 397 68 397 68 397 68 397 68 397 68 397 68 397 68 397 68 397 68 397 68 397 68 607 158 108 68 607 158 108
607 158 68 5
607 158 68 85 68 85
85 359
607 158 68 85 359 68 85 359 68 158 108 68 85 359 68 85 359
607 158 68 607 158 68 5 68 5 68 607 158 68 397 68 397 68 397 68 397 68 397 68 397 68 397 68 397 68 397 68 397 68 397 68 397 68 397 68 397 68 397 68 397 68 397 68 397 68 397 68 397 68 397 68 397 68 397 68 397 68 607 158 108 68 607 158 108 68 607 158 118
261 86 68 158 108
4
607 158 68 607 158 68 607 158 68 607 158 68 607 158 68 607 158 68 607 158 68 607 158 68 189 68 189 68 397 68 189 68 397 68 397 68 397 68 397 68 397 68 397 68 397 68 397 68 607 158 68 607 158 68 607 158 68 607 158 68 607 158 68 607 158 68 607 158 68 607 158 68 607 158 68 607 158 68 607 158 189 550 158 189 68 607 158 189 68 607 158 85 359 5 189 68 607 158
607 158 68 607 158 68 5 68 607 158 68 5 68 5 68 397 68 397 68 397 68 397 68 189 68 397 68 397 68 397 68 397 68 397 68 397 68 397 68 397 68 397 68 397 68 397 68 397 68 397 68 397 68 397 68 397 68 397 68 607 158 108 68 607 158 108 68 607 158 108 68 607 158 240 211 108
607 158 68 5 189 68 189
607 158 68 517
85 359
607 158 68 607 158 68 607 158 68 607 158 68 5
261 86 68 5 189 68 5 189
607 158 68 607 158 68 607 158 68 607 158 68 189
607 158 68 5 68 5 68 5 68 5 68 5 189 68 517
607 158 68 5 68 5 189 68 241 68 430 68 240 211 108
85 359 389 85
607 158 68 5 68 5 189 68 5 68 189
607 158 68 359
607 158 68 430 68 189 68 240 211 108
607 158 68 430 68 430
607 158 68 607 158 68 607 158 68 607 158 68 189
607 158 68 5 68 5 68 5 68 5 68 189 68 189 68 189 68 189 68 189 68 189 68 189 68 189 68 189
607 158 68 5
211 118
607 158 68 5 68 5 68 5 68 5 68 5 189 68 5 189 68 607 158 108
607 158 68 607 158 68 607 158 68 607 158 68 5 68 5 68 5 68 5 68 5 68 607 158 68 397 68 397
283
607 158 68 5 68 5 189 68 517
607 158 68 550 158 68 158
261 86 68 5 68 5 68 5 68 5
607 158 68 5 68 5 68 5 68 5 68 5 189 68 5 68 5 189
607 158 68 5 68 5 68 5 68 5 68 607 158 68 5 68 5 68 569 68 5 68 397 68 569 68 397 68 397 68 397 68 397 68 397 68 397 68 397 68 397 68 397 68 397 68 397 68 397 68 397 68 397 68 397 68 5 189 68 607 158 108 68 607 158 108 68 607 158 108
85 551
607 158 68 189 68 189 68 189 68 189 68 189
503 189
607 158 68 5 68 5 68 5 68 5 68 5 189 68 5 189 68 607 158 108
607 158 68 5 68 5 68 5 68 5 68 5 68 5 68 397 68 430
607 158 68 607 158 68 569 68 569 68 158 68 569 68 569 68 569 68 569 68 569 68 569 68 569 68 569 68 397 68 397 68 397 68 397 68 397 68 397 68 397 68 397 68 569 68 397 68 397 68 569 68 397 68 397 68 569 68 607 158 108 68 607 158 108 68 607 158 108 68 607 158 240 211 108
245 449
211 543 211
607 158 68 607 158 68 5 68 5 68 607 158 68 5 68 5 68 607 158 68 5 68 607 158 68 189 68 397 68 397 68 397 68 397 68 397 68 397 68 397 68 397 68 397 68 397 68 397 68 397 68 5 189 68 607 158 68 607 158 68 607 158 68 607 158 108 68 607 158 108
607 158 68 5 68 5 68 5 68 5 68 5 189 68 5 68 607 158 108
607 158 68 85 68 85 359 68 85 359 68 85 359 68 85 359
607 158 68 5 68 5 68 5 68 5 68 5 189 68 5 68 5 189
607 158 68 430
607 158 68 5 68 5 68 241 68 430 68 241 68 241 68 241 68 241 199
85 299 68 85 359 68 240 211 108
261 86 68 86 68 86 149
211 543
189 149
607 158 68 5 68 5 189 68 5
283
211 68 211
607 158 68 5 68 5 68 5 68 5 189 68 5
607 158 68 339 68 158 108 68 158 108 68 158 108
108
607 158 68 5 68 5 68 5 68 607 158 68 5 68 5 68 5 68 5 68 5 68 5 189 68 5 189 68 397 68 397 68 397 68 397 68 397 68 5 68 397 68 397 68 397 68 397 68 397 68 5 189 68 5 189 68 5 189 68 607 158 68 607 158 108 68 607 158 108
283
607 158 68 5 68 5 68 5 68 5 68 5 189 68 5 189 68 5 189
607 158 68 5 189 68 241
283 68 569 68 569 68 569 68 569 68 158 108
607 158 68 5 68 5 68 5 68 5 189
261 86
607 158 68 5 68 5 68 5 68 607 158 68 5 189 68 5 68 607 158 68 5 68 397 68 397 68 397
607 158 68 5 68 5 189 68 5 68 189 68 189 68 241 68 189
607 158 68 85 359
261 86 68 5 68 5 189 68 5 189 68 189
607 158 68 607 158 68 607 158 68 430 68 158 108
607 158 68 5 68 5 189 68 5 68 5 189 68 241 359
607 158
607 158 240 211
607 158 68 85 68 85
283
607 158 68 81 68 517
261 86 68 5
607 158 68 5 68 5 68 5 68 5 68 5 189
261 86 85
211 240 211
607 158 68 397 68 158 108 68 397 68 158 108
261 86 68 5 189 68 189
607 158 68 5 68 5 68 5 68 5 68 5 189 68 241 68 241 68 241 68 241 68 241 68 189
607 158 68 5 68 607 158 68 5 68 5 68 5 68 5 68 5 68 5 68 5 68 5 68 5 189 68 397 68 397 68 397 68 397 68 397 68 397 68 397 68 397 68 397 68 397 68 397 68 397 68 5 68 397 68 5 189 68 5 189 68 607 158 108 68 607 158 108 68 607 158 118
607 158 68 5 68 5 68 5 68 5 189 68 569 68 241 68 517
607 158 68 5 68 607 158 68 5 68 607 158 68 5 68 241 68 430 68 241 68 241 68 189 68 397 68 397 68 397 68 397 68 397 68 397 68 397 68 397 68 397 68 397 68 397 68 397 68 397 68 397 68 397 68 397 68 397 68 607 158 108 68 607 158 108 68 607 158 108 68 607 158 240 211 108
607 158 68 5 68 189 68 189 68 189
607 158 68 607 158 68 569 68 158 108
261 86 68 5 68 5 68 5 68 397 68 397 68
261 86 68 158 108
283
607 158 68 5 68 5 68 5 68 5 68 5 189 68 569 68 569 68 569 68 569 68 189
240 211 108
283 68 569 68 569 68 569 68 569 68 158 108
607 158 68 5 68 5 189 68 241 359
607 158 68 569 68 85
261 86 68 5 68 5 68 5 68 5 68 5 189 68 5 68 86
283 68 569 68 569 68 569 68 569 68 569 68 569 68 569 68 86
607 158 68 5 68 5 68 5 68 5 189 68 517
211 543 211
5
607 158 68 189 68 189 68 189 68 189
607 158 68 607 158 68 607 158 68 607 158 68 607 158 68 607 158 68 607 158 68 397 68 397 68 397 68 397 68 397 68 397 68 397 68 397 68 397 68 397 68 397 68 397 68 397 68 397 68 397 68 397 68 397 68 607 158 68 607 158 68 607 158 68 607 158 68 607 158 68 607 158 359 211 108 68 607 158 240 211 108 68 607 158 85 359 68 607 158 85 359 68 607 158 85 359 68 607
261 86
607 158 68 5 68 189 68 241 359
607 158 68 607 158 68 397 68 397 68 158 108
85
607 158 68 5 68 5 68 241 68 430 68 430 199
283 68 607 158 68 5 68 5 68 5 68 5
607 158 68 5 68 5 68 5 68 607 158 108 68 241 68 241 68 607 158 68 241 68 430 68 189 68 241 68 430 68 189
430 199
607 158 68 517
607 158 68 5 68 5 68 5 68 5 68 5 189 68 5 68 5 189 68 5 189 68 5 189
607 158 68 5 68 5 189 68 5
607 158 68 5 68 5 189 68 158
607 158 68 5 68 5 68 5 68 5 68 5 189 68 397 68 397 68 397 68 397 68 397 68 517
607 158 68 5 68 5 68 5 68 5 68 5 189 68 241 68 241 68 189 68 241 68 189
85 359
607 158 68 607 158 68 607 158 68 607 158
607 158 68 5 68 5 68 5
211 359
607 158 68 430 68 430 199
607 158 68 5 68 5 189 68 5 189 68 189
261 86 68 5
607 158 68 5 68 5 68 5 68 5 68 5 189 68 241 68 189 68 189 68 241 68 189
283 68 19 85 68 569 68 85 359
607 158 68 5 189 68 189
283 68 5 68 5 68 5 68 5 68 5 68 5 68 5 68 5 68 5 189 68 5 189
607 158 68 607 158 68 607 158 68 607 158 68 189 68 241 68 189 68 189 68 189 68 189 68 189 68 189 68 189 68 189 68 189 68 241 359
607 158 68 5 68 607 158 68 5 68 5 68 5 189 68 5 68 607 158 68 5 189 68 189 68 189 68 189 68 189
607 158 68 5 68 5 68 5 68 5 189 68 5 189 68 5
283
607 158 68 5 68 5 189 68 5
211 543 211
607 158 68 5 68 5 68 5 68 5 68 5 189 68 5 189 68 189
607 158 68 5 68 5 68 5 68 5 68 5 189 68 397 68 397 68 397 68 397 68 397
211 543
211 240 211
607 158 68 607 158 68 607 158 68 607 158 68 607 158
607 158 68 5 68 5 189 68 5 189 68 189
607 158 68 607 158 68 569 68 569 68 158 108 68 569 68 569 68 569 68 569 68 569 68 158 108
607 158 68 5 68 5 68 5 68 5 68 5 189 68 397 68 397 68 397 68 397 68 397 68 397 68 397 68 397 68 397
283 68 569 68 158 108
245 449
211 543
607 158 68 430 68 241
607 158 68 5 68 607 158 68 5 68 430 68 189 68 241 68 241 68 189 68 241 68 189
607 158 68 607 158 68 607 158 68 607 158 68 397 68 397 68 397 68 397 68 397 68 397 68 397 68 397 68 397 68 397 68 397 68 397 68 397 68 397 68 397 68 397 68 397 68 397 68 397 68 397 68 397 68 397 68 397 68 397 68 607 158 85 359 211 108 68 607 158 85 359 211 108
607 158 68 5 68 5 68 5 68 5 68 5 189 68 5 68 5 189 68 5 189 68 607 158 189 68 5 189
261 86 68 5 68 569 68 569 68 158 108
607 158 68 5 68 5 189 68 5 68 607 158 108
607 158 68 5 68 5 68 5 68 5 68 5 189 68 5 68 5 189 68 5 189 68 397 68 189 68 397 68 397 68 397 68 397 68 397 68 5 189
211 240 359
261 86 68 5
607 158 68 607 158 68 607 158 68 607 158 68 607 158 68 607 158 68 607 158 68 607 158 68 607 158 68 397 68 397 68 397 68 397 68 397 68 397 68 397 68 397 68 397 68 397 68 397 68 397 68 397 68 397 68 607 158 68 607 158 68 607 158 68 607 158 68 607 158 68 607 158 68 607 158 68 607 158 68 607 158 68 607 158 189 68 607 158 85 359 68 607 158 85 359 68 607 158
607 158 68 5 68 189 68 189 68 189 68 189 68 211 108
607 158 68 607 158 68 607 158 68 5 68 5 68 5 68 397 68 397 68 397 68 397 68 397 68 397 68 397 68 397 68 397 68 397 68 397 68 397 68 397 68 397 68 397 68 397 68 397 68 397 68 397 68 397 68 397 68 397 68 397 68 607 158 108 68 607 158 108 68 607 158 108 68 607 158 108
607 158 68 607 158 68 397
607 158 68 5 68 5 68 569 68 569 68 569 68 569 68 569 68 569 68 569 68 569 68 569 68 569 68 397 68 158 108
211 240 359
607 158 68 5 68 5 68 5 68 5 68 5 189 68 5 68 5 189
607 158 68 5 189 68 240 211 108
607 158 68 607 158 68 5 68 5 68 607 158 68 5 68 5 68 189 68 189 68 189 68 189 68 189 68 189 68 189 68 189 68 189 68 189
240 211 108
607 158 68 5 68 189 68 189 68 189 68 189 68 189 68 189 68 189 68 189 68 189
607 158 68 5 68 607 158 108 68 607 158 108 68 240 211 108 68 189 68 241 68 241 68 189 68 189 68 241 359
85 359 389 158 108
607 158 68 81 68 569 68 569 68 397 68 517
85 359 551
607 158 68 430 68 517
211
607 158 68 607 158 68 85 359 68 158 108
607 158 68 430 68 430
389 158 108
607 158 68 430 68 430 199
607 158 68 5 68 158 108 68 430 68 158 108
5 189
607 158 68 85 359 68 85 359
607 158 68 5 68 5 68 5 68 5 189 68 189 68 241 68 241 68 189 68 241 68 189
607 158 68 607 158 68 5 68 607 158 68 607 158 68 5 68 607 158 68 5 68 5 68 189 68 189 68 189 68 189
607 158 68 5 68 5 189 68 189 68 189 68 189 68 189 68 189 68 189 68 189 68 189 68 189 68 189 68 189 68 189 68 189 68 189
617
85 359 68 85 359
607 158 68 569 68 158 108 68 158 108
607 158 68 5 189 68 189 68 189
64 211 108
240 211 108
607 158 68 359
607 158 68 5
283
607 158 68 5 68 5 68 5 68 5 68 5 189 68 5
211 359
86 149
283 68 607 158 68 158 108 68 158 108
19 85 68 517 108
607 158 68 607 158 68 607 158 68 607 158 68 569 68 397 68 397 68 569 68 569 68 397 68 569 68 85 359
64 211 108
607 158 68 607 158 68 569 68 569 68 158 108 68 569 68 569 68 569 68 569 68 569 68 569 68 569 68 85 359
607 158 68 189 68 189 149
607 158 68 5
283 68 607 158 68 607 158 68 607 158 68 5 68 5 68 5 68 5 68 5 68 5 68 397 68 397 68 397 68 397
607 158 68 607 158 68 5 68 5 68 607 158 68 5 68 397 68 397 68 397 68 397 68 397 68 397 68 397 68 397
240 211 108
261 86
211 543 211
607 158 68 359 68 158 359
607 158 68 5 68 607 158 68 5 68 189 68 240 211
607 158 68 189 68 189
607 158 68 607 158 68 397 68 397
607 158 68 5 68 5 189 68 5
607 158 68 569 68 158 108 68 158 108 68 158 108
283
283 68 569 68 569 68 569 68 569 68 158 108
607 158 68 607 158 68 569 68 569 68 158 108 68 569 68 569 68 569 68 569 68 85 359
211
607 158 68 5 68 5 189 68 5
607 158 68 5 68 5 68 5 68 5 68 5 189 68 5 189 68 189
283 68 607 158 68 5 68 5 68 607 158 68 5
211 108
283 68 607 158 68 397
283
607 158 68 5 68 5 68 5 68 5 68 5
211 543
607 158
283 68 607 158 68 607 158 68 607 158 68 569 68 569 68 397 68 397 68 397 68 397 68 397
283 68 607 158 68 607 158 68 607 158 68 5 68 5 68 5 68 5 68 5 68 5 68 397 68 397 68 397 68 397 68 397 68 397 68 397 68 397 68 397 68 397 68 397 68 397 68 397 68 397 68 397 68 397 68 397 68 5 68 607 158 68 607 158 68 607 158 118
607 158 68 5 68 569 68 569 68 569 68 569 68 569 68 569
607 158 68 607 158 68 607 158 68 607 158 68 397 68 241 359
283
283 68 339
503 189
607 158 68 607 158 68 189 68 189 68 189 68 189
607 158 68 5 68 607 158 68 5 68 607 158 108 68 241 68 569 68 569 68 569 68 569 68 569 68 569 68 397 68 569 68 397 68 397 68 397 68 397 68 397 68 397 68 569 68 397 68 397 68 569 68 397 68 397 68 569 68 397 68 607 158 108 68 607 158 108 68 607 158 240 211 108
607 158 68 189 68 189 68 189 68 189
283 68 5 68 5
19 85 68 85 359 68 85 359
261 86 68 5 68 5 68 5 68 5 68 5 189
85 299 68 85 359 68 85 359
85 359 389 158 108
607 158 68 5 68 5 68 5 68 607 158 68 5 68 5 68 5 68 5 68 5 68 5 189
607 158 68 5 68 607 158 68 5 68 607 158 108
607 158 68 5 68 5 68 5 68 5 68 5 189 68 397 68 397 68 397 68 397 68 397 68 517
607 158 68 5 68 5 68 5 68 5 68 189 68 189 68 189 68 189 68 189 68 189 68 189
607 158 68 607 158 68 5 68 5 68 607 158 68 397 68 397 68 397 68 397 68 397 68 189
607 158 68 5 189 68 189
479 551
211 108 68 211 108
607 158 68 5 68 5 68 5 68 5 189 68 189 68 241 68 189
283 68 5 68 607 158 68 5 68 5 189 68 5
247 85
85 359 68 85
607 158 68 5 68 5 68 5 68 5 68 5 68 5 68 5 68 5 189 68 5 68 5 189 68 5 189 68 397 68 5 189 68 5 68 5 68 5 68 5 68 5 68 5 189 68 5 68 397 68 5 189 68 5 68 5 189 68 5 189 68 607 158 108 68 607 158 108 68 607 158 118 68 607 158 118
283 68 5 68 5 68 5 68 5 68 5 68 5 189 68 5 68 5 189 68 5 189
607 158 68 5 68 5 68 5 68 5 68 5 189 68 241 68 607 158 108
607 158 68 189 68 189
607 158 68 607 158 68 569 68 569 68 158 108 68 569 68 569 68 569 68 569 68 85 359
607 158 68 85 359 68 240 211 108
607 158 68 5 68 5 68 5 68 5 68 5 189 68 5 68 607 158 108
607 158 68 5 68 430 199 68 241 68 430
607 158 68 5 68 5 68 5 68 5 189 68 189
607 158 68 5 68 5 189 68 5 68 607 158 108 68 241 68 189 68 189 68 241 68 189
607 158 68 5 68 607 158 68 5 68 430
607 158 68 5 68 5 189 68 5 189 68 189
211 543 211
607 158 68 5 189 68 430
283 68 607 158 68 158 68 397
261 86 68 85 68 85 359 68 85
607 158 68 85 359 68 85 359
261 86
607 158 118
607 158 68 5 68 5 68 5 68 5 189 68 189 68 241 68 189
607 158 68 5 68 5 189 68 5
607 158 68 607 158 68 607 158 68 607 158 68 5 68 5 68 607 158 68 397 68 397 68 397 68 397 68 397 68 397 68 397 68 397 68 397 68 397 68 397 68 397 68 397 68 397 68 397 68 397 68 397 68 397 68 607 158 68 607 158 68 607 158 68 607 158 68 607 158 68 607 158 118
607 158 68 5 189 68 241
607 158 108
607 158 68 5 68 5 68 5 68 5 68 5 189 68 5 189 68 5 189
85 359
607 158 68 5 68 607 158 68 5 68 607 158 68 5 68 5 68 607 158 68 397 68 397 68 189 68 397 68 397 68 397 68 397 68 397 68 397 68 397 68 397 68 397 68 397 68 397 68 397 68 397 68 397 68 397 68 5 189 68 607 158 68 607 158 85 359 211 108
607 158 68 607 158 68 397 68 397 68 158 108
607 158 68 607 158 68 430 68 241 359
607 158 68 5 68 5 189 68 5 68 189 68 189
283 68 607 158 68 5 68 5 68 5 68 569 68 569 68 397 68 569 68 397 68 397 68 397 68 397 68 397 68 397
607 158 68 430 68 430
607 158 68 5 68 189 68 189 68 189 68 189
607 158 68 517
339 551 68 158 85 359
607 158 68 5 68 5 189 68 241 68 189 68 241 299
607 158 68 5 68 430 68 241 68 430 68 430 199 108
607 158 68 607 158 68 158 68 158 108
158 108 68 85 359
261 86 68 5
85 359
607 158 68 339 68 158 108 68 158 108
607 158 68 607 158 68 5 68 5 68 607 158 68 5 68 5 68 5 68 5 68 5 68 607 158 68 5 68 397 68 397 68 397 68 397 68 397 68 5 68 397 68 397 68 397 68 397 68 397 68 5 189 68 397 68 607 158 68 607 158 68 607 158 68 607 158 68 607 158 108 68 607 158 118
607 158 68 5 68 5 189 68 5
283 68 607 158 68 158
607 158 68 517 68 517
85 359
607 158 68 5 68 5 68 5 68 5 68 5 189 68 5
85 359 551
607 158 68 5 68 5 68 5 68 5 189
607 158
240 211 108
283 68 569 68 569 68 569 68 158 108
607 158 68 5 68 5 189 68 5
607 158 68 5 68 5 189 68 5
607 158 68 5 68 5 68 5 68 5 68 5 68 5 68 517 68 517
607 158 68 5 68 5 189 68 397
607 158 68 607 158 68 607 158 68 607 158 68 5 68 5 68 430 68 607 158 68 397 68 397 68 397 68 397 68 397 68 397 68 397 68 397 68 397 68 397 68 397 68 397 68 397 68 397 68 397 68 397 68 397 68 607 158 68 607 158 68 607 158 85 359 211 108 68 607 158 240 211 240 211 240 211 240 211 240 211 543 211 240 211 240 211 543 211 240 211 85 359
607 158 68 607 158 68 189 68 189 68 189
607 158 68 189 68 189
283 68 607 158 68 5 68 5 68 5 68 5 189
607 158 68 5 68 5 189 68 5 68 189 68 189 68 189 68 189
85 359
607 158 68 607 158 68 5 68 5 68 607 158 68 569 68 569 68 189 68 569 68 189 68 189 68 189 68 189 68 189
607 158 68 430 68 430
283 68 607 158 68 607 158 68 607 158 68 158 68 5
607 158 68 5 68 5 68 5 68 5 68 5 189 68 241 68 397 68 569 68 241 68 189
283
607 158
607 158 68 607 158 68 189 68 189 68 158 108
607 158 68 5 68 5 68 5 68 5 68 189 68 189 68 241 68 189 68 189 68 189 68 189 68 189 68 189 68 189
85 359 551
240 211
607 158 68 5 68 5 189 68 5
149
607 158 68 5 68 607 158 68 5 68 5 189
607 158 68 5
607 158 68 607 158 68 5 68 5 68 607 158 68 5 68 5 68 189 68 189 68 189 68 189 68 189 68 189 68 189 68 189 68 189 68 189
607 158 68 5 68 189 68 189 68 158 108
607 158 68 5 68 189 68 189 68 189 68 189
283 68 607 158 68 158 108 68 607 158 108
607 158 68 5 68 607 158 68 5 68 607 158 108 68 241 68 189 68 189 68 241 68 189
85 551 68 85 359
607 158 68 607 158 68 5 68 5 68 430 68 397 68 241 359
607 158 68 5 68 5 189 68 5
261 86 68 5 189 68 5 189
607 158 68 5 68 5 189 68 5 68 189 68 189 68 241 359
607 158 68 607 158 68 5 68 607 158 68 607 158 68 5 68 430 68 189 68 189 68 189 68 189 68 189 68 189 68 189 68 397 68 397 68 397 68 397 68 397 68 189 68 397 68 397 68 397 68 397 68 397 68 607 158 68 607 158 68 607 158 68 607 158 68 607 158 108 68 607 158 118
607 158 68 5 68 5 68 5 68 5 68 189 68 241 68 241 68 189 68 241 68 241 68 189
283 68 607 158 68 158 68 397
607 158 68 85 359 68 85 359 68 85 359
607 158 68 5 68 5 68 5 68 607 158 68 5 68 5 68 5 68 5 68 5 68 189 68 189 68 189 68 189
261 86 68 5
607 158 68 607 158 68 569 68 569 68 158 108 68 569 68 569 68 19 85
283 68 607 158 68 569 68 569 68 569 68 569 68 569 68 569 68 569 68 569 68 569 68 569 68 569 68 85
607 158 68 607 158 68 607 158 68 607 158 68 5 68 397 68 397 68 397 68 397 68 397 68 397 68 397 68 397 68 397 68 397 68 397 68 397 68 397 68 397 68 397 68 397 68 397 68 397 68 397 68 397 68 397 68 397 68 397 68 607 158 68 607 158 85 359 211 108 68 607 158 118
607 158 68 5 68 430 68 241 68 430
607 158 68 189 68 189 68 189 68 189 68 189
607 158 68 607 158 68 5 68 607 158 68 5 68 5 68 5 68 5 68 5 68 5 68 5 189 68 5 68 397 68 397 68 397 68 397 68 397 68 5 68 397 68 397 68 5 68 397 68 397 68 5 189 68 397 68 607 158 68 607 158 68 607 158 68 607 158 108 68 607 158 240 211 108 68 607 158 240 211 240 211 543 211 240 211 240 211 108 68 607 158 85 359 211 240 211 85 359 68
211 108
359
607 158 68 5 68 607 158 68 5 68 607 158 108 68 569 68 569 68 569 68 569 68 569 68 569 68 569 68 397 68 569 68 397 68 397
607 158 68 5 68 5 68 5 68 5 68 5 189 68 241 68 5 189
359
283 68 607 158 68 5 68 5 68 397 68 397 68 397
607 158 68 5 189 68 189 68 241 299
607 158 68 430 68 158 118
607 158 85
607 158 68 5 68 5 68 5 68 607 158 68 5 189 68 5
607 158 68 5 68 5 68 5 68 5 68 5 189
607 158 68 607 158 68 569 68 569 68 569 68 569 68 569 68 569 68 569 68 569 68 569 68 189 68 569 68 569 68 569 68 569 68 85
261 86 68 86 68 86 149
85 359
607 158 68 569 68 569 68 569 68 569 68 569 68 569 68 85 359
607 158 68 5 68 607 158 68 397 68 158 108
85 359 211 108
607 158 68 5 68 5 189 68 5 189 68 158 108
501
4 258
51 86
85 359 389 158 85 359
607 158 68 430
607 158
607 158 68 430 199
430 199
607 158 68 607 158 68 85 359
607 158 68 5 68 607 158 68 5 68 430 68 240 211
607 158 68 5 68 189 68 189 68 189 68 189 68 189 68 189
430 199
240 211 108 68 189 68 240 211 108
85 299 108
607 158 68 5 68 5 68 5 68 5 68 430 68 241 68 241 68 241 68 241 68 241 68 430 199
211 240
607 158 68 607 158 68 607 158 68 607 158 68 607 158 68 607 158 68 607 158 68 607 158 68 189 68 607 158 68 189 68 5 68 5 68 5 68 5 68 5 68 5 68 5 68 5 68 607 158 68 5 68 5 68 607 158 68 607 158 68 607 158 68 607 158 68 607 158 68 607 158 68 607 158 68 607 158 68 607 158 189 550 158 189 68 607 158 189 550 158 359 68 607 158 68 5 189 68
607 158 68 5 68 5 68 5 68 5 68 5 189 68 5 68 5 68 5 189 68 5 68 189 68 5 189 68 397 68 397 68 397 68 397 68 5 189
607 158 68 607 158 68 189 68 607 158 68 189 68 241 68 241 68 189
607 158 68 607 158 68 607 158 68 607 158 68 397 68 397 68 397 68 397 68 397 68 397 68 397 68 397 68 397 68 397 68 397 68 397 68 397 68 397 68 397 68 397 68 397 68 397 68 397 68 397 68 397 68 397 68 397 68 397 68 607 158 68 607 158 85 359 211 108 68 607 158 118
283 68 5 68 5 68 5 68 5 68 5 68 5 189 68 5 68 5 189
261 86 68 5 189 68 189
607 158 68 5 68 5 68 5 68 5 68 5 68 5 68 5 68 5 189 68 5 68 397 68 397 68 397 68 397 68 397 68 397 68 397 68 397 68 397 68 397 68 397 68 397 68 397 68 397 68 397 68 397 68 397 68 5 189 68 5 189 68 607 158 108 68 607 158 108
607 158 68 5 68 607 158 68 5 68 5 189 68 241 68 241 68 189 68 189 68 189
283
261 86 68 5 68 5 68 5 68 5 68 5 189
261 86 68 5 68 5 68 5 68 5 68 5 189
607 158 68 5 68 5 189 68 241 68 430
503 189
607 158 68 607 158 68 607 158 68 5 68 189 68 241 68 241 68 189 68 189 68 189 68 189 68 189 68 189 68 189 68 189 68 241 68 189
261 86 108
607 158 68 607 158 68 607 158 68 607 158 68 397
261 86 68 569 68 569 68 569 68 158 108
607 158 68 85 359 68 85 359 68 240 211 108
607 158 68 189 68 189 68 189 149
85 359 68 430
245 449
607 158 68 607 158
607 158 68 607 158 68 607 158 68 607 158 68 397 68 397 68 397 68 397 68 397 68 397 68 397 68 397 68 397 68 397
607 158 68 5 68 5 189 68 5
283 68 339 68 339
607 158 68 5 189
430 199
607 158 68 5 68 5 189 68 5 189 68 189
85 299
607 158 68 5 68 5 68 5 68 5 68 5 189 68 5 68 607 158 108
607 158 68 5 68 5 68 5 68 5 68 5 189 68 5 68 5 189
261 86 68
283 68 569 68 569 68 569 68 158 108
283 68 569 68 158 108 68 569 68 158 108
283
607 158 68 5 68 5 68 5 68 5 68 5 189 68 5 68 5 189
85 299 85 359
85 359
211 543
607 158 68 607 158 68 5 68 397 68 397 68 397 68 241 359
607 158 68 5 68 5 189 68 5 189 68 189
240 359
607 158 68 5 68 5 189 68 5 189 68 189
607 158 68 5 68 5 68 5 68 5 68 5 189 68 5 68 5 189
85 359
85 359 551
211 543 211
607 158 68 607 158 68 607 158 68 607 158 68 397 68 241 359
261 86
607 158 68 5 68 5 189 68 5 189 68 158 108
607 158 68 430 68 430
430 199 85 359
607 158 68 607 158 68 158 68 397 68 158 108
607 158 68 339
607 158 68 5 68 5 68 5 68 5 68 5 68 5 68 5 68 5 189 68 5 68 189 68 189 68 189 68 397 68 189
85 4 85
240 211 108
211 543 211
85 359 68 430
607 158 68 607 158 68 397 68 397 68 430 68 397 68 241 359
607 158 68 5 68 5 189 68 569 68 189 68 569 68 569 68 569 68 569 68 569 68 189
607 158 68 607 158 68 607 158 68 607 158 68 397 68 397 68 397 68 397 68 397 68 397
85 4 85
607 158 68 607 158 68 189 68 607 158 68 189 68 189
211 543 211
283 68 19 85 68 569 68 569 68 569 68 569 68 569 68 85
261 86 68 5 68 5 68 5 68 5 68 5 68 5 68 86 68 5 189 68 5 68 397 68 569 68 397 68 397 68 517
240 211 108 68 189 68 240 211 108
261 86
607 158 68 5 189 68 241 359
85 359
607 158 68 5 68 607 158 68 5 68 607 158
85 359
607 158 68 430 359
607 158 68 5 68 5 68 5 68 5 68 5 189 68 241 68 189 68 189 68 189 68 189
607 158 68 5 68 569 68 569 68 569 68 569 68 569 68 569 68 569 68 569 68 569 68 189 108
607 158 108
607 158 68 5 68 5 68 5 68 5 68 5 189 68 5
261 86 68 569 68 158 108 68 569 68 158 108
607 158 68 5 68 5 189 68 5 68 189 68 189 68 241 359
261 86
607 158 68 607 158 68 607 158 68 607 158 68 607 158 68 607 158 68 607 158 68 397 68 397 68 397 68 397 68 397 68 397 68 397 68 397 68 397 68 397 68 397 68 397 68 397 68 397 68 397 68 397 68 397 68 607 158 68 607 158 68 607 158 68 607 158 359 211 108
283
211 240
607 158 68 5 68 5 189 68 5 68 5 189 68 5 189 68 189 68 189 68 189 68 189
211 543 211
283 68 339
607 158 68 5 68 5 68 569 68 397 68 517
607 158 68 85 359 68 85 359

607 158 68 607 158 68 5 68 607 158 68 5 68 5 68 5 68 569 68 569 68 569 68 189
607 158 68 607 158 68 158 68 158 108
283
607 158 68 158 108 68 240 211 108
283 68 607 158 68 5 68 5 68 5
283 68 607 158 68 607 158 68 397 68 397 68 397 68 397 68 397
607 158 68 430
261 86 68 86 108
607 158 68 607 158 68 607 158 68 5
607 158 68 607 158 68 569 68 569 68 158 108 68 569 68 397 68 158 108
607 158 68 607 158 68 607 158 68 607 158 68 189
607 158 68 5 68 607 158 68 5 68 430
607 158 68 517
359 211
607 158 68 5 189 68 189 68 241 68 189
607 158 68 5 68 5 68 5 68 5 68 5 68 5 68 5 68 5 189 68 5 68 5 189 68 5 189 68 397 68 397 68 397 68 397 68 5 189 68 5 68 5 68 5 189 68 397 68 397 68 5 189 68 5 189 68 5 189 68 5 189 68 607 158 108 68 607 158 108
607 158 68 607 158 68 607 158 68 607 158 68 569 68 569 68 569 68 569 68 569 68 569 68 569 68 569 68 158 108
607 158 68 607 158 68 569 68 569 68 158 108 68 569 68 158 108
607 158 68 5 68 607 158 68 5 68 607 158 68 5 68 5 68 5 68 5 68 5 68 397 68 397 68 397 68 397
607 158 68 5 68 5 68 5 68 5 68 189 68 211 108
607 158 68 5 68 5 68 5 68 430 68 430 199
283 68 5 68 5 68 5 68 5 68 5 68 261 86
607 158 68 607 158 68 607 158 68 607 158 68 189 68 550 158
211 108
607 158 68 5 189 68 240 211 108
607 158 68 397 68 397 68 397 68 397
607 158 68 5 68 607 158 68 5 68 5 68 5 189 68 5 68 189 68 189 68 189 68 189 68 189 68 189
283 68 397 68 158 108
607 158 68 5 68 5 189 68 5 68 607 158 108
607 158 68 430 68 189 68 240 211 108
607 158 68 5 68 5 68 5 68 5 68 5 189 68 397 68 397 68 397 68 397 68 397 68 397 68 397 68 397 68 397 68 397 68 397 68 397 68 397 68 397 68 397 68 397 68 397 68 397 68 397 68 397 68 397 68 5 189 68 5 189
607 158 68 5 68 189 68 189
283 68 397 68 158 108
283 68 5 68 607 158 68 5 68 5 68 5 68 5
283 68 607 158 68 5 68 5
359 389 158 359

261 86 68 5 68 5 68 5 68 5 68 5 189 68 5 68 5 189
607 158 68 5 68 5 68 5 68 5 189 68 241 68 241 68 241 68 241
607 158 68 81 68 517 68 517
607 158 68 359
607 158 68 607 158 68 5 68 5 68 607 158 68 5 68 241 68 189 68 189 68 189 68 189 68 189 68 241 68 189
607 158 68 5 68 607 158 68 5
607 158 68 5 68 5 68 5 68 5 68 5 189
617
85 359
607 158 68 5
617
359
607 158 68 5 68 5 68 5 68 5 189 68 189 68 241 68 189 68 189 68 189 68 189
607 158 68 5 189 68 5 189
607 158 68 5 68 5 68 5 68 5 68 5 189 68 241 68 397 68 569 68 241 359
211
607 158 68 607 158 68 569 68 397 68 397 68 569 68 397 68 397 68 569 68 397 68 397
607 158 68 5 68 5 189 68 241 68 189
261 86
240 211
607 158 68 240 211 108 68 240 211 108
283
607 158 68 158 108 68 158 108 68 158 108
607 158 68 5 68 5 68 5 68 5
240
607 158 68 5 68 5 68 5 68 5 189 68 5 189 68 241 68 189
261 86 108
261 86 68 5 68 569 68 569 68 158 108
359 551
607 158 68 5 68 569 68 569 68 158 108
607 158 118
607 158 68 5 68 5 68 5 68 607 158 108 68 397 68 397 68 397 68 397 68 397 68 397 68 397 68 397 68 397
607 158 68 607 158 68 569 68 397 68 397 68 397
607 158 68 5 68 5 68 5 68 607 158 108 68 241 68 241 68 397 68 397 68 397 68 397 68 397 68 397 68 397
607 158 68 397 68 158 108
607 158 68 607 158 68 607 158 68 5 68 5 68 5 68 5 68 5 68 5 68 5 68 607 158 68 397 68 397 68 397 68 397 68 397 68 397 68 397 68 397 68 397 68 397 68 397 68 397 68 397 68 397 68 607 158 68 607 158 68 607 158 68 607 158 68 607 158 108 68 607 158 118
607 158 68 5 68 5 68 5 68 5 68 189 68 241 68 241 68 189 68 189 68 189 68 189 68 189 68 189 68 189
607 158 68 5 68 5 68 5
607 158 68 5 68 5 189 68 5
607 158 68 607 158 68 607 158 68 607 158 68 189
607 158 68 607 158 68 569 68 569 68 158 108 68 569 68 85 359 68 569 68 85 359
261 86
607 158 68 569 68 569 68 569 68 569 68 569 68 569 68 569 68 569 68 569 68 569 68 569 68 569 68 85
607 158 68 158 108 68 158 108 68 158 108
607 158 68 569 68 158 108
607 158 68 5 68 5 68 5 68 5 68 5 68 5 68 5 68 5 189 68 5 68 5 189
240 211 108
607 158 68 5 68 430 68 241 68 430
240 211 108
261 86 68 86 68 86 149
607 158 68 5 68 5 189 68 5 189 68 158 108
283 68 85 359 68 85 359
503 189
607 158 68 189 68 189
607 158 68 5 68 5 68 5 68 5 68 569 68 569 68 397 68 569 68 569 68 397 68 569 68 569 68 397 68 397 68 397 68 397 68 86
607 158 68 189 68 189 68 240 211 108
607 158 68 5 68 5 68 5 68 5 68 189 68 189 68 189 68 189 68 189 68 189 68 189 68 189 68 189 68 189
607 158 68 607 158 68 189 68 189 68 158 108
247
261 86 68 5 68 5 68 5 68 5 68 5 68 5 68 5 68 5 189 68 5 189 68 5 189
211 240 359
607 158 68 5 68 5 68 5 68 5 68 397 68 397 68 397 68 158
430
607 158 68 5 68 607 158 68 5 68 607 158 68 397 68 397 68 397 68 397 68 397 68 517
607 158 68 569 68 189 149
607 158 68 5 68 569 68 569 68 569 68 569 68 569 68 569 68 569 68 569 68 569 68 569 68 569 68 569 68 569 68 569 68 85
607 158 68 5 68 5 68 5 68 5 68 189 68 241 68 241 68 189
283
607 158 68 85 359 68 85 359 68 158 108
247 85
607 158 68 5 68 5 68 5 68 5 189 68 5 189 68 397 68 189
607 158 68 5 68 5 68 5 68 5 189 68 517
607 158 68 5 68 5 68 5 68 430 68 517
607 158 68 517 68 517
430 299
607 158 68 5 68 5 68 5 68 5 68 5 189
607 158 68 5 68 5 68 5 68 5 68 5 189 68 241 68 241 68 189 68 241 68 189
607 158 68 430 68 430 199
261 86
607 158 68 5 189 68 5 189
261 86 68 569 68 158 108 68 569 68 158 108
607 158 68 5 68 607 158 68 397 68 158 108
261 86 68 5
261 86
607 158 68 607 158 68 241 359
607 158 68 607 158 68 607 158 68 607 158 68 607 158 68 5 68 189 68 607 158 68 189
85 359
607 158 68 5 68 5 189
283
211 240
607 158 68 5 68 5 189 68 5 68 607 158 68 5 189 68 189
359
607 158 68 607 158 68 569 68 569 68 158 108 68 569 68 397 68 158 108
607 158 68 607 158 68 569 68 569 68 158 108 68 569 68 569 68 569 68 85 359
607 158 68 5 68 5 68 5 68 5 68 5 189 68 5 68 5 189
607 158 68 607 158 68 607 158 68 607 158 68 569 68 569 68 569 68 569 68 569 68 569 68 569 68 569 68 158 85 359
607 158 68 5 68 5 68 5 68 5 68 5 68 5 68 5 68 5 189 68 5 68 397 68 607 158 108
283 68 607 158 68 607 158 68 5 68 607 158 68 5 68 5 68 5 68 5 68 5 68 397 68 397 68 397 68 397 68 397 68 397 68 397 68 397 68 397 68 397 68 397 68 397 68 397 68 397 68 397 68 397 68 397 68 5 68 607 158 68 607 158 68 607 158 108 68 607 158 118
240 211 108
607 158 68 430
607 158 68 5 68 5 68 5 68 5 68 607 158 108 68 5 68 189 68 569 68 397 68 189 68 189 68 397 68 189
607 158 68 5 68 158 108 68 158 108
607 158 68 5
607 158 68 430 68 158 108
607 158 68 5
607 158 68 211 68 189 68 211 543 211
607 158 68 5 68 5 68 5 68 430 68 430 68 241 68 241 68 241 199
607 158 68 607 158 68 240 211 108 68 240 211 108
607 158 68 5 68 5 68 5 68 5 68 5 189 68 241 68 189
607 158 68 5 189 68 189
607 158 68 5 68 5 189 68 5 189 68 189
283 68 607 158 68 569 68 397 68 397
283 551
261 86 85
607 158 68 5 68 5 68 5 68 5 68 607 158 68 5 68 5 68 569 68 5 68 189 68 189 68 569 68 397 68 189 68 397 68 397 68 569 68 5 68 397 68 569 68 569 68 397 68 158 68 569 68 397 68 607 158 68 5 189 68 607 158 108 68 607 158 108 68 607 158 108 68 607 158 108 68 607 158 543 211 108 68 607 158 189 550 501 189 68 5 189 68 5 189 68 5 189 68
607 158
211 240
607 158 68 607 158 68 569 68 569 68 158 108 68 569 68 569 68 569 68 569 68 85 359
607 158 68 607 158 68 5 68 5 68 607 158 68 5 68 241 68 189 68 189 68 241 68 189 68 189 68 241 68 189
607 158 68 5 68 5 189 68 5
607 158 68 5 68 607 158 68 5 68 607 158 68 5 68 5 68 607 158 68 5 68 189 68 189 68 189 68 397 68 189 68 397 68 397 68 397 68 397 68 397 68 397 68 397 68 397 68 397 68 5 189 68 397 68 607 158 68 607 158 68 607 158 68 607 158 108 68 607 158 240 211 108 68 607 158 240 211 240 211 543 211 543 211 108 68 607 158 189 68 5 189
607 158 68 430
607 158 68 430 68 158 108 68 240 211 108
607 158 68 397 68 397 68 397 68 397
607 158 68 240 211 108 68 240 211 108
607 158 68 5 68 5 189 68 397 68 397
607 158 68 607 158 68 189 68 607 158 68 189 68 189 68 211
607 158 68 5 68 5 189
607 158 68 240 211 108 68 240 211 108
607 158 68 5 68 517 68 241 68 241 68 240 211 108
240 211 108 68 240 211 108
607 158 68 5 68 5 189 68 5 68 5 189 68 5 189 68 607 158 108
283 68 569 68 569 68 569 68 569 68 158 108 68 569 68 158 108
283 68 607 158 68 5 68 5 68 5 68 5 189 68 5 68 5 189
240 211 108
607 158 68 607 158 68 397 68 397 68 397
607 158 68 5 68 5 68 5 68 607 158 68 5 68 5 68 397 68 569 68 397 68 397 68 397 68 397 68 397 68 397 68 397 68 397 68 397 68 397 68 397 68 397 68 397 68 397 68 397 68 397 68 397 68 397 68 5 189 68 607 158 108 68 607 158 108 68 607 158 108 68 607 158 118
607 158 68 5 68 5 68 5 68 5 68 5 189 68 241 68 5 189 68 241 68 241 68 189
85 359
240 211 108
607 158 68 5 68 189 68 189
607 158 68 5 68 5 68 5 68 5 68 5 68 5 68 430 68 517
607 158
211 543
607 158 68 5 68 5 68 5
283 68 607 158 68 569 68 569 68 158 108
211
607 158 68 5 68 607 158 68 5 68 607 158 68 5 68 241 68 189 68 189 68 189 68 189 68 189 68 189 68 189
607 158 68 5 68 5 68 5 68 5 68 5 68 5 68 5 68 5 189 68 5 68 5 189
607 158 68 607 158 68 607 158 68 607 158 68 397
607 158 68 430 68 430 199
283 68 569 68 569 68 569 68 569 68 158 108
607 158 68 607 158 68 5 68 5 68 607 158 68 5 68 397 68 397 68 397 68 397 68 397 68 397 68 397
501 85 359
607 158 68 5 68 5 189 68 5 68 189 68 189
607 158 68 5 68 5 68 5 68 5 68 5 68 5 68 5 68 5 68 5 68 5 68 189 68 5 189 68 397 68 397 68 397 68 397 68 397 68 5 68 397 68 397 68 5 189 68 397 68 5 189 68 397 68 5 189 68 5 189 68 607 158 108 68 607 158 108 68 607 158 108 68 607 158 118
607 158 68 85 359 68 85 359 68 85 359
211 108
85 359
211 240
607 158 68 5 68 569 68 569 68 569 68 158 108
607 158 68 5 68 5 68 5 68 5 68 607 158 108 68 607 158 68 607 158 68 5 68 189 68 189 68 241 68 430
607 158 68 607 158 68 569 68 569 68 158 108 68 569 68 397 68 569 68 569 68 569 68 189
85 359
261 86 108
607 158 68 5 68 158 108 68 517 68 158 108
607 158 68 607 158 68 607 158 68 158 68 158 108
607 158 68 5 68 5
607 158 68 5 68 5 68 569 68 569 68 569 68 569 68 569 68 569 68 569 68 569 68 569 68 569 68 569 68 569 68 569 68 397 68 397 68 569 68 397 68 397 68 569 68 569 68 397 68 569 68 569 68 397 68 569 68 569 68 569 68 569 68 569 68 569 68 569 68 569 68 569 68 569 68 569 68 569 68 569 68 569 68 569 68 397 189 149 68 397 189 85 152
85 359 389 158 108
607 158 68 5
607 158 68 5 68 5 189 68 5 68 5 189 68 5 189 68 189
607 158 68 607 158 68 607 158 68 607 158 68 607 158 68 607 158 68 607 158 68 397 68 397 68 397 68 397 68 397 68 397 68 397 68 397 68 397 68 397 68 397 68 397 68 397 68 397 68 397 68 397 68 397 68 607 158 68 607 158 68 607 158 68 607 158 85 359 211 108 68 607 158 240 211 240 211 240 211 240 211 108 68 607 158 85 359 211 85 359 211 85 359 211 85 359 68 607
607 158 68 5 68 5 189 68 5 189 68 189
85 299
261 86
607 158 68 5 68 5 189 68 397
261 86
283 68 607 158 68 607 158 68 5 68 607 158 68 5 68 397 68 397 68 397 68 397 68 397 68 397 68 397
607 158 68 430 68 430
607 158 68 5
607 158
607 158 68 5
607 158 68 5 68 5 68 5 68 5 189 68 189
261 86
261 86
211
607 158 68 5 68 5 68 5 68 5 68 5 189 68 607 158 108
283 68 607 158 68 569 68 569 68 569 68 569 68 569 68 569 68 569 68 569 68 569 68 569 68 569 68 569 68 158 108
607 158 68 5 68 5 68 5 68 607 158 108 68 241 68 241 68 189 68 569 68 241 68 189 68 189 68 397 68 397 68 397 68 397 68 397 68 397 68 397 68 397 68 397 68 397 68 397 68 397 68 397 68 397 68 5 189 68 5 189 68 607 158 108 68 607 158 108 68 607 158 118
607 158 68 607 158 68 189 68 607 158 68 189 68 189 68 189 68 189 68 189 68 189 68 189 68 189 68 189
607 158 68 5 68 430 68 241 68 430
607 158 68 397 68 158 108
607 158 68 5 68 5 68 5 68 5 68 5 189
607 158 68 5 68 5 68 5 68 607 158 68 5 68 5 68 430 68 5 68 5 68 397 68 189 68 397 68 397 68 397 68 397 68 397 68 397 68 397 68 397 68 397 68 397 68 397 68 397 68 397 68 397 68 397 68 5 189 68 607 158 108 68 607 158 108 68 607 158 108
261 86
607 158 68 5 68 240 211 108 68 241 359
607 158 68 5 68 569 68 569 68 158 108
607 158 68 5 68 5 68 5
607 158 68 607 158 68 5 68 5 68 607 158 68 569 68 397 68 569 68 569 68 397 68 569 68 569 68 397 68 397 68 397 68 397 68 397 68 397 68 397 68 397 68 397 68 397 68 397 68 397 68 397 68 397 68 569 68 569 68 397 68 607 158 108 68 607 158 108 68 607 158 108 68 607 158 108 68 607 158 108 68 607 158 108 68 607 158 108 68 397 68 397 68 5 189 68 5 189
607 158 68 5 68 5 68 5 68 5 68 5 68 5 68 5 68 5 189
607 158 68 5 68 5 189 68 5
607 158 68 5 189 68 5
607 158 68 430
607 158 68 5 68 5 189 68 241 359
85 359
247
607 158 68 607 158 68 607 158 68 607 158 68 569 68 241 68 189 68 189 68 241 68 189 68 189 68 85 359
607 158 68 5 68 5 189 68 5 68 5 189 68 5 189 68 189 68 189
74
283
85 359 68 85 359 211 108
607 158 68 5 68 5 189
607 158 68 5 68 189 68 189
607 158 68 5 68 5 68 5 68 607 158 108 68 569 68 397 68 569 68 569 68 397 68 569 68 569 68 397 68 397 68 397 68 397 68 397 68 397 68 397 68 397 68 397 68 397 68 397 68 397 68 397 68 397 68 397 68 5 189 68 607 158 108 68 607 158 108 68 607 158 108
240 211 108
607 158 68 5 189 68 189 68 189
607 158 68 430 199
607 158 68 5 68 5 68 5 68 607 158 108
283 68 607 158 68 607 158 68 607 158 68 607 158 68 5
240 211 108
85 359 389 158 85 359
607 158 68 607 158 68 5 68 5 68 607 158 68 5
607 158 68 607 158 68 607 158 68 607 158 68 5 68 241 68 430 68 189 68 241 68 189
19 85 68 19 85 68 149
85 359
283 68 607 158 68 158 68 5
607 158 118
607 158 68 5 68 5 68 5 68 430 68 517
607 158 68 5 68 5 189 68 5
607 158 68 397 68 397 68 397 68 397
607 158 68 5 68 5 68 5 68 5 189 68 5 189 68 5 189
607 158 68 607 158 68 607 158 68 607 158 68 158
607 158 68 5 68 5 189 68 5 189
211 543 211
607 158 68 607 158 68 189 68 189 68 189 68 189 68 189 68 189 68 189 68 189 68 189 68 189 68 189 68 189 68 189 68 189 68 189 68 189 68 189 68 189 68 189 68 189 68 189 68 189 68 189 68 569 68 607 158 108
607 158 68 5 68 5 189 68 5 68 5 189 68 5 189 68 5 189
85 359
283 68 85 359 68 85
607 158 68 607 158 68 5 68 5 68 607 158 108
283 68 607 158 68 5 68 5 68 5 68 5 68 5 68 5 68 5 189 68 5 68 5 189
240 211 108
607 158 68 5 68 5 189 68 5 68 430
607 158 68 5 68 5 68 5 68 5 68 5 189 68 5 68 189 68 189 68 189 68 189 68 189 68 189 68 189 68 189 68 5 189 68 5 189
607 158 68 5 68 5 68 5 68 5 189 68 5 189 68 5
261 86
283 68 569 68 569 68 569 68 85 359 68 158 108 68 85 359
607 158 68 5 68 189 68 189 68 189 68 189
607 158 68 5 68 189 68 189 68 189 68 189
211 543 211
607 158 68 5 68 5 68 5 68 5 189
607 158 68 5 68 5 68 5 68 5 68 5 189 68 569 68 569 68 569 68 569 68 189
607 158 68 607 158 68 569 68 569 68 158 108 68 569 68 241 359 68 569 68 85 359
283
607 158 68 5 68 5 68 5 68 607 158 68 5 68 5 68 5 189
607 158 68 430 359
283
607 158 68 5 189 68 5
607 158 68 607 158 68 607 158 68 607 158 68 397
261 86 68 85
85 359 551
607 158 68 430 68 430 199
211 543 211
607 158 68 607 158 68 397 68 158 85 359
607 158 68 607 158 68 189
607 158 68 5 68 569 68 240 211 108 68 240 211 108
283 68 607 158 68 5 68 5 68 5 68 5 68 5
607 158 68 5 68 189 68 189
607 158 68 5 68 5 189 68 5 68 5 189 68 241 68 241
607 158 68 607 158 68 569 68 397 68 158 108 68 569 68 397 68 569 68 569 68 85 359
430 199 85
607 158 359
607 158 68 5 68 5 68 5 68 5 189
607 158 68 5 68 5 68 5 68 5 68 5 189 68 5 68 607 158 108
607 158 68 5 68 5 68 5 68 5 189 68 5 189 68 5 189
607 158 68 607 158 68 607 158 68 607 158 68 5 68 5 68 607 158 68 569 68 397 68 189 68 569 68 397 68 397 68 397 68 397 68 397 68 397 68 397 68 397 68 397 68 397 68 397 68 397 68 397 68 397 68 607 158 68 607 158 68 607 158 85 359 211 108 68 607 158 240 211 108 68 607 158 240 211 240 211 543 211 240 211 240 211 108 68 607 158 85 359 211 240 211 85 359 68
240 211 108 68 240 211 108
607 158 68 240 211 108
85 359

261 86 68 5 189 68 189
607 158 68 607 158 68 5 68 607 158 68 5 68 5 68 5 68 5 68 5 68 5 68 189 68 5 189 68 397 68 397 68 397 68 397 68 397 68 5 68 397 68 397 68 397 68 397 68 397 68 5 189 68 397 68 607 158 68 5 189 68 607 158 68 607 158 108 68 607 158 240 211 108 68 607 158 240 211 543 211 543 211 543 211 108 68 607 158 189 211 543 211 543 211 543 211 108 68
283
607 158 68 5 68 607 158 68 5 68 189 68 189 68 241 68 189
607 158 68 5 68 5 68 5 68 607 158 108 68 240 211 108 68 189 68 569 68 241 68 189
607 158 68 607 158 68 607 158 68 607 158 68 569 68 397 68 397 68 569 68 397 68 397 68 569 68 397 68 397 68 397 68 397 68 397 68 397 68 397 68 397 68 397 68 397 68 397 68 397 68 397 68 397 68 397 68 397 68 397 68 607 158 68 607 158 108 68 607 158 108 68 607 158 108 68 607 158 108 68 607 158 108 68 607 158 85 359 68 607 158 85 359 68 607 158 85 359 68
607 158 68 5 68 5 68 5 68 569 68 569 68 569 68 569 68 569 68 569 68 569 68 569 68 569 68 569 68 569 68 569 68 569 68 569 68 569 68 569 68 569 68 569 68 569 68 569 68 569 68 569 68 569 68 569 68 569 68 569 68 569 68 569 68 569 68 569 68 569 68 569 68 569 68 569 68 569 68 607 158 108 5 189 241 430 430 430 430 430 430 430 152 211 108 397 68 5
607 158 68 5 68 5 189 68 5 189 68 189
19 85 359
607 158 68 607 158 68 607 158 68 397 68 189 68 241 359
607 158 68 5 68 5
617
607 158 68 430 68 240 211 108
261 86 68 517 68 517
607 158 68 211 108
607 158 68 5 68 5 189 68 5 68 189 68 189 68 241 68 189
607 158 68 5 68 5 68 5 68 5 68 5 189 68 5 68 5 189
85 299
607 158 68 607 158 68 607 158 68 5 68 5 189 68 241 359
607 158 68 5 68 5 68 5 68 5 189
261 86
261 86
283 68 607 158 68 607 158 68 5 68 607 158 68 5
607 158 68 5 68 607 158 108 68 607 158 108 68 240 211 108 68 189 68 241 68 241 68 189 68 189 68 241 359
85 4 85
617
607 158 68 5 68 5 189 68 241
607 158 68 5 68 5 189 68 5 189
607 158 68 5 68 5 189 68 5
607 158 68 5 68 5 189 68 5 189 68 189
261 86
607 158 68 81 68 569 68 569 68 569 68 569 68 19 85
607 158 68 607 158 68 569 68 569 68 158 108 68 569 68 397 68 158 108
607 158 68 5 68 607 158 68 5 68 189 68 189 68 241 68 189
607 158 68 5 68 5 68 5 68 430 68 430 68 241 68 241 359
607 158 68 5 68 5 189 68 5 68 189 68 189 68 241 68 241 68 189
607 158 68 5 68 607 158 68 5 68 607 158 108 68 241 68 607 158 68 241 68 241 359
607 158 85 359
261 86 85
85 299
607 158 68 5 68 5 68 5 68 5 189 68 189 68 241 68 189
283 68 607 158 68 569 68 569 68 158 108
607 158 68 607 158 68 430 359
211 85 359
607 158 68 5 68 5 68 5 68 607 158 108
607 158 68 5 68 5
607 158 68 5 68 5 68 5
283 68 607 158 68 569 68 569 68 158 108 68 569 68 569 68 158 108
607 158 68 607 158 68 189 68 607 158 68 189 68 189 68 189
283
283 68 5 68 607 158 68 5 68 5 68 5 68 5
607 158 68 569 68 189 149
359 389 158 359
283
607 158 118
607 158 68 5 68 5 68 5 68 5 68 5 189 68 5 189 68 189
607 158 68 5 68 5 68 5 68 5 68 5 189 68 397 68 397 68 397 68 397 68 397 68 397 68 397 68 397
85 359
211 108
607 158 68 5 68 607 158 68 5 68 607 158 108 68 241 68 607 158 68 607 158 68 189 68 189 68 189 68 189
607 158 68 5 68 5 68 5 68 5 68 5 189 68 5 189 68 569 68 569 68 397 68 189
607 158 68 607 158 68 607 158 68 5 68 189 68 397 68 397 68 189
5 189
86 108
607 158 68 5 68 5 68 5 68 5 68 607 158 108 68 397 68 569 68 569 68 569 68 189 68 569 68 397 68 397 68 397 68 397 68 397 68 397 68 397 68 397 68 569 68 397 68 397 68 397 68 397 68 397 68 5 189 68 5 189 68 607 158 108 68 607 158 108 68 607 158 240 211 108
261 86
607 158 68 5 68 5 189 68 5
607 158 68 5 68 5 189 68 5 189 68 158 108
607 158 68 607 158 68 569 68 569 68 569 68 569 68 569 68 569 68 569 68 569 68 569 68 569 68 569 68 85
85 299
283 68 339
607 158 68 5 68 5 189 68 241 68 189 68 241 68 241 68 241 199
211 108 68 211 108 68 211 108
607 158 68 607 158 68 607 158 68 607 158 68 607 158 68 607 158 68 607 158 68 607 158 68 607 158 68 397 68 397 68 397 68 397 68 397 68 397 68 397 68 397 68 397 68 397 68 397 68 607 158 68 397 68 607 158 68 607 158 68 607 158 68 607 158 68 607 158 118
85 359 68 85 359
283 68 569 68 569 68 569 68 569 68 158 108
211 543
240 211 108
607 158 68 607 158 68 607 158 68 430 68 189 68 241 68 430 68 189 68 189 68 189 68 189 68 189 68 189
607 158 68 607 158 68 569 68 569 68 158 108 68 85 359 68 158 108
607 158 68 517 68 517
359 389 158
211 543 211
607 158 68 5 68 5 189
607 158 68 5 189 68 5 189
283
283 68 5 68 607 158 68 5 68 5
5 189
607 158 68 5 68 607 158 68 5 68 607 158 68 5 68 5 68 5 68 5 68 397 68 397 68 397 68 397 68 397 68 397 68 397 68 397 68 397 68 397 68 397 68 397 68 397 68 397 68 397 68 397 68 397 68 5 189 68 5 189 68 607 158 108 68 607 158 108 68 607 158 118
607 158 68 5 68 5 68 5 68 5 68 430 68 241 68 241 68 241 199
211 240 359
607 158 68 5 68 189 68 241 68 241
85 4 85
607 158 68 607 158 68 5 68 5 68 607 158 68 5 68 5 68 569 68 569 68 397 68 189
85 359
283 68 607 158 68 569 68 569 68 158 108 68 569 68 569 68 158 108
211 543 68 211 68 211 543 211
607 158 68 397 68 158 108
283
211 108 68 158 108
607 158 68 5 68 5 68 5 68 5 68 5 189 68 5
607 158 68 5 68 189 68 189 68 430 68 189
607 158 68 5 68 189 68 189 68 158 108
211 543
19 85 359
607 158 68 5 68 5 68 5 68 430 68 430 199
607 158 68 5 68 5 68 5 68 5 68 5 189 68 241 68 397 68 569 68 241 359
261 86 149
283 68 569 68 569 68 569 68 569 68 158 108
261 86 68 19 85 68 569 68 85
607 158 68 5 68 5 68 5 68 5 68 189 68 189 68 189 68 189 68 189 68 189 68 189 68 189 68 189 68 189
261 86 68 5 68 5 189 68 5 189
607 158 68 5 68 607 158 68 5 68 5 189 68 241 68 241 68 189
607 158 68 5 68 5 68 5 68 430 68 517
607 158 68 607 158 68 397 68 397 68 397 68 397 68 397 68 397 68 397 68 397 68 397
85 299 108
607 158 68 5 68 5 68 5 68 5 68 5 68 5 68 5 68 5 189 68 5 68 5 189
607 158 68 5 68 5 68 5 68 430 68 430 68 240 211 108 68 240 211 108
64 211 108
607 158 68 607 158 68 607 158 68 607 158 68 5 68 5 68 5 68 5 68 5 68 397 68 397 68 397 68 397 68 397 68 397 68 397 68 397 68 397 68 397 68 397 68 397 68 397 68 397 68 397 68 397 68 397 68 607 158 68 607 158 68 607 158 68 607 158 108 68 607 158 118
607 158 68 5
607 158 68 5 68 5 68 5 68 5 68 607 158 108 68 241 68 189 68 241 68 241 68 189 68 189 68 241 68 189
261 86
261 86
283 68 607 158 68 607 158 68 5 68 607 158 68 5 68 5 68 5 189 68 5
607 158 68 430 68 430 199
607 158 68 5 68 189 68 189 68 189 68 189
607 158 68 607 158 68 397 68 241 68 430
283 68 85 359 68 85 359
607 158 68 607 158 68 5 68 607 158 68 5 68 5 68 5 68 5 68 5 68 5 68 607 158 68 397 68 397 68 397 68 397 68 397 68 397 68 397 68 397 68 397 68 397 68 397 68 397 68 397 68 397 68 607 158 68 607 158 68 607 158 68 607 158 68 607 158 108 68 607 158 118
240 211
261 86 68 569 68 158 108 68 569 68 158 108
607 158 68 5 68 5 68 5 68 5 68 5 189 68 241 68 189
607 158 68 5 68 5 68 5 68 607 158 68 5 68 397 68 397 68 397 68 397 68 397 68 397 68 397 68 397 68 397 68 397 68 397 68 397 68 397 68 397 68 397 68 397 68 397 68 397 68 397 68 397 68 397 68 397 68 397 68 607 158 108 68 607 158 108 68 607 158 108 68 607 158 108
261 86 68 5 68 5
261 86 68 5
607 158 68 5 68 189 149
430 199
283 68 607 158 68 5 189 68 397
607 158 68 158 108
261 86 108
283 68 607 158 68 569 68 569 68 158 108
607 158 68 607 158 68 397 68 397 68 158
607 158 68 5 68 607 158 68 5 68 607 158 108
607 158 68 397 68 158 108 68 241 359
607 158 68 5 68 5 189 68 5 68 189 68 189 68 241 68 189
607 158 68 5 68 5 68 5 68 5 189 68 5 189 68 5 189
283 68 339
607 158 68 5 189 68 241 199
261 86 68 5 68 5 68 5 68 5 68 5 189
283 68 569 68 158 108 68 85 359 68 158 108
283
607 158 118
283 68 85 359 68 85
261 86 68 569 68 158 108 68 569 68 158 108
607 158 68 158 108 68 158 108 68 158 108
607 158 68 607 158 68 397 68 397 68 430
607 158 68 5 68 5 68 5 68 5 68 5 189 68 241 68 189 68 189 68 241 68 189
283
240 211 108
607 158 68 5 68 5 68 5 68 5 68 5 189 68 5 68 607 158 108
359
607 158 68 5 68 5 68 5 68 607 158 108 68 241 68 241 68 189 68 241 68 241 68 189 68 189 68 241 68 189
607 158 68 5 68 5 189 68 5 68 5 189 68 5 189
607 158 68 5 68 5 189 68 5
607 158 68 5 189 68 5 189
607 158 68 5 68 569 68 569 68 569 68 569 68 569 68 569 68 569 68 569 68 397 68 569 68 569 68 85
607 158 68 5 68 5 189 68 5 189 68 189 68 189
283 68 5 68 5 68 5 68 5 68 5 68 5 68 5
283 68 607 158 68 607 158 68 397 68 397 68 397 68 397 68 397 68 397 68 397 68 397 68 397
607 158 359
607 158 68 5 68 5 68 5 68 5 189 68 5 189 68 241 359
607 158 68 607 158 68 158 68 158 68 158 68 158 68 158
85 359 389 158 85
607 158 68 607 158 68 5 68 607 158 68 5 68 5 68 5 68 607 158 68 5 68 607 158 68 5 189 68 397 68 189
211 543 211
607 158 68 5 68 189 68 189 68 189 68 189 68 240 211 108 68 189 68 240 211 108
607 158 68 607 158 68 607 158 68 607 158 68 189 68 607 158
607 158
607 158 68 5 68 5 189 68 5
240 211 108
189 68 189 68 189 149
607 158 68 5 68 607 158 68 5 68 607 158 108 68 569 68 607 158 68 569 68 569 68 189 68 189 68 397 68 189
607 158 68 5 68 5 189 68 5 68 5 189 68 5 189 68 397
607 158 68 5 68 397 68 397 68 397 68 397
85 359 211 85
607 158 68 5 68 189 68 189 68 189 68 189
607 158 68 5 68 569 68 569 68 569 68 569 68 19 85 68 19 85
607 158 68 5 68 607 158 68 5 68 5 68 5 189 68 241 68 189 68 241 68 241 359
283 68 158 108 68 158 85 359
261 86
607 158 68 5 68 5 68 5 68 5 68 5 189 68 5 68 397 68 397 68 5 189
607 158 68 5 68 5 68 5 68 607 158 108 68 241 68 241 68 189 68 241 68 241 68 189 68 189 68 241 68 189
283 68 607 158 68 569 68 569 68 158 108
261 86 68 86 68 86 149
607 158 68 607 158 68 569 68 569 68 569 68 569 68 569 68 569 68 569 68 569 68 569 68 569 68 85
85 163 68 85 359
607 158 68 5 189 68 189
240 211 108
607 158 68 607 158 68 5 68 5 68 5 68 5 68 5 68 5 68 5 68 5 68 5 68 5 189 68 397 68 397 68 397 68 397 68 397 68 397 68 397 68 397 68 397 68 397 68 397 68 397 68 5 68 397 68 5 189 68 607 158 68 607 158 68 607 158 108 68 607 158 108 68 607 158 108
607 158 68 5 68 607 158 68 5 68 607 158 108 68 397 68 397 68 569 68 397 68 397 68 397 68 397 68 397 68 397 68 397 68 397 68 397 68 397 68 397 68 397 68 397 68 397 68 397 68 397 68 397 68 397 68 397 68 397 68 607 158 108 68 607 158 108 68 607 158 108
261 86 68 569 68 569 68 569 68 158 108
211 108 68 211
607 158 68 5 68 5 68 5 68 5 68 5 189 68 5 68 607 158 108
247 85
211 543
607 158 68 5 68 5 68 5 68 5 189 68 189 68 241 68 189
189 389 158 543
283 68 5 68 5 189
85 359
607 158 68 517
607 158 68 430 68 240 211 108
85 4 85
607 158 68 569 68 158 108 68 158 108
607 158 68 5 68 5 189 68 5
240 211 108
211 240
607 158 68 5 68 5 68 5 68 5 189 68 189
607 158 68 5 68 5 68 5 68 5 68 189 68 189 68 189 68 189 68 189 68 189 68 189 68 189 68 189 68 189
607 158 68 5 68 430 199 68 241 359
211 108 68 607 158 68 241 359
607 158 68 5 68 5 68 5 68 5 68 5 189 68 397 68 397 68 569 68 397 68 397
607 158 68 5 68 5 189 68 607 158 68 430 68 241 68 241 68 241 68 241 68 241 359
283 68 607 158 68 569 68 569 68 569 68 158 108
607 158 68 5 68 189 68 189
85 299 108
607 158 68 5 68 517
607 158 68 5 68 240 211 108 68 241 68 240 211 108
607 158 68 607 158 68 607 158 68 607 158 68 397 68 397 68 397 68 569 68 85 359 68 397 68 85 359
283 68 607 158 68 5 68 5 68 5 189 68 5
283
607 158 68 430
283
607 158 68 607 158 68 5 68 607 158 68 5 68 241 68 241 68 397 68 241 68 241 68 517
607 158 68 5 68 5 68 5 68 5 68 5 68 5 68 397 68 607 158 108
85 359
283 68 607 158 68 569 68 569 68 158 108 68 569 68 85 359
607 158 68 5 68 607 158 68 5 68 607 158 68 5 68 5 68 5 189 68 5 68 397 68 397 68 397 68 397
607 158 68 5 68 607 158 68 5 68 607 158 68 5 68 397 68 607 158 68 397 68 397 68 189 68 397 68 397 68 397 68 397 68 397 68 397 68 397 68 397 68 397 68 397 68 397 68 397 68 397 68 397 68 397 68 607 158 68 607 158 108 68 607 158 108 68 607 158 108 68 607 158 240 211 543 211 240 211 543 211 543 211 543 211 543 211 543 211 543 211 543 211 543 211 108 68 5
607 158 68 607 158 68 397 68 397 68 158 108
607 158 68 5 68 5 68 5 68 5 68 5 189 68 5 68 5 189
607 158 68 5 68 5 189 68 5 189 68 430
607 158 68 607 158 68 189 68 607 158 68 189 68 240 211 108
211 108 68 189 68 189
607 158 68 5 68 5 68 5 68 5 68 607 158 68 5 68 5 189 68 189 68 189 68 189 68 189 68 189 68 189
283 68 569 68 569 68 569 68 569 68 569 68 569 68 569 68 569 68 569 68 569 68 569 68 569 68 569 68 569 68 569 68 85
211 240
607 158 68 5 68 5 68 5 68 5 68 5 189 68 5 189 68 569 68 569 68 397 68 397 68 397 68 397
607 158 68 397
607 158 68 240 211 108 68 240 211 108
607 158 68 5 68 5 68 5 68 5 189 68 5 189 68 397 68 397 68 397 68 397
240 211 108
607 158 68 5 68 5 68 5 68 5 68 5 68 5 68 5 68 5 68 5 68 5 68 5 189 68 5 68 397 68 397 68 397 68 397 68 5 68 5 68 5 68 5 189 68 5 68 397 68 5 189 68 5 68 5 189 68 5 189 68 607 158 68 607 158 68 607 158 108
261 86 68 5
607 158 68 5 68 607 158 68 5 68 607 158 68 397 68 397 68 569 68 569 68 397 68 397 68 397 68 397 68 397 68 397 68 397 68 397 68 397 68 397 68 397 68 397 68 397 68 397 68 397 68 397 68 397 68 397 68 397 68 397 68 607 158 108 68 607 158 108 68 607 158 108 68 607 158 108
607 158 68 5 68 5 68 5 68 5 189 68 189 68 189 68 189
607 158 68 5 68 5 189 68 5
189
261 86 68 5 68 5 68 5 68 5 68 5 189 68 5 189
607 158 68 5 68 189 68 189 68 189
607 158 68 430 68 240 299
607 158 68 5 68 5 68 5 68 430 68 517 68 241 68 241 68 517
607 158 68 430 68 517
85 359 389 158 108
607 158 68 5 68 5 68 5 68 5 68 5 189 68 5 189 68 5 189
607 158 68 5 68 5 68 5 68 5 189 68 5 189 68 5 189
283
261 86 68 19 85
261 86 68 5 68 5 68 5 68 5 68 5 189
607 158 68 5 68 5 68 5 68 5 68 5 68 5 68 5 68 5 68 5 68 5 68 5 189 68 5 189 68 397 68 397 68 397 68 397 68 5 68 5 68 397 68 5 189 68 397 68 397 68 5 189 68 5 68 5 189 68 5 189 68 607 158 108 68 607 158 108 68 607 158 118
607 158 68 5 68 5 68 5 68 5 68 5 68 5 68 5 68 5 68 5 68 5 68 5 189 68 5 68 397 68 397 68 397 68 397 68 397 68 5 68 397 68 5 189 68 397 68 397 68 5 189 68 5 68 5 189 68 5 189 68 5 189 68 5 189 68 607 158 108 68 5 189 68 5 189 211 543 211 543 211 543 211 543 211 108 68 5 189 241 359 68 5 189
607 158 68 5 189 68 189
283 68 158 108
240 211 108
607 158 68 430
607 158 68 189 68 189 149 211 108
261 86 68 5 189 68 189
85
283 68 397 68 158 108
283 68 569 68 158 108 68 569 68 158 108
189
85 4 85
261 86 68 189
607 158 68 607 158 68 607 158 68 607 158 68 607 158 68 607 158 68 607 158 68 607 158 68 189 68 397 68 397 68 189
607 158 68 5 68 5 189 68 5 189 68 189
607 158 68 607 158 68 85 359 68 158 108 68 240 211 108
607 158 68 5 189 68 5 189
607 158 68 607 158 68 5 68 607 158 68 5 68 5 68 397 68 397 68 397 68 397 68 397 68 397 68 397 68 397 68 397 68 397 68 397 68 397 68 397 68 397 68 397 68 397 68 397 68 397 68 397 68 397 68 397 68 397 68 397 68 607 158 68 607 158 108 68 607 158 118
607 158 68 5 68 5 68 5 68 607 158 108 68 240 211 108 68 241 68 241 68 241 68 189
607 158 68 189 68 189 68 189 68 189 68 189 211 108
607 158 68 189 68 189 68 189 68 158 108
261 86 68 430 199
607 158 68 5 68 5 68 5 68 5 68 5 189 68 5 68 607 158 108
607 158 68 569 68 569 68 569 68 569 68 569 68 569 68 85 359
607 158 68 607 158 68 607 158 68 607 158 68 5 68 5 68 607 158 68 5 68 5
607 158 543
283
430 199
85 359 389 158 85
85 359
430 199
607 158 68 85 359 68 85 359 211 108
607 158 68 607 158 68 607 158 68 607 158 68 607 158 68 607 158 68 607 158 68 607 158 68 397 68 397 68 397 68 397 68 397 68 397 68 397 68 397 68 397 68 397 68 397 68 397 68 397 68 397 68 397 68 397 68 607 158 68 607 158 68 607 158 68 607 158 68 607 158 68 607 158 118
607 158 68 5 68 430
211 543 211
245 449
607 158 68 607 158 68 607 158 68 607 158 68 158 68 607 158
85 359 389 158 85
607 158
607 158 68 5 68 5 68 5 68 5 68 5 189 68 5 68 5 189
283 68 5 68 5 68 5 68 5 68 5 189
607 158 68 5 68 5 189 68 189 68 189 68 189 68 241 68 189
607 158 68 430 68 240 211 108
211 543 68 189 68 189 68 189
607 158 68 607 158 68 189 68 241 359
85 359 211 108
85 359 211 108
607 158 68 517
261 86 85
607 158 68 5 189 68 241 359
607 158 68 397
211 108
240 211 108
283 68 19 85 68 569 68 569 68 569 68 569
240 211 108
211 118
607 158 68 5 68 5 68 5 68 5 68 5 189 68 5 189 68 189 68 5 189 68 189
607 158 68 5 68 5 189 68 5
5
607 158 68 5 68 5 68 5 68 5 189 68 5 189 68 397 68 397
86 85
607 158 68 5 68 189 68 189 68 189
607 158 68 430 68 430 68 241 68 430
85 551
607 158 68 430 68 158 108 68 240 211 108
211 108
607 158 68 5 68 5 68 5 68 5 68 5 189 68 5 68 5 189
607 158 68 607 158 68 607 158 68 607 158 68 569 68 241 68 397 68 189 68 397 68 189
607 158 68 430 199 68 241 359
607 158 68 5 68 5 68 5 68 5 189 68 5 189
607 158 68 430 68 517
607 158 68 430 149 68 240 211 108
607 158 68 569 68 569 68 569 68 158 108 68 569 68 569 68 158 108
607 158 68 5 68 607 158 68 5 68 430 68 240 211 108 68 189 68 189 68 241 68 189
607 158 68 5 68 607 158 68 5 68 430 68 240 211 108
607 158 68 607 158 68 569 68 569 68 569 68 569 68 569 68 569 68 569 68 569 68 569 68 569 68 569 68 85
607 158 68 5 68 5 68 5 68 5
607 158 68 607 158 68 569 68 397 68 158 108 68 397 68 397 68 397 68 569 68 397 68 397 68 397 68 397 68 397 68 397 68 397 68 397 68 397 68 397 68 397 68 397 68 397 68 397 68 397 68 397 68 397 68 397 68 397 68 397 68 158 108 68 607 158 108 68 607 158 118

85 359 68 85 359
261 86
85 4 149
607 158 68 5 68 607 158 68 5 68 5 189 68 5
283
607 158 68 5 68 189 68 241 68 430 149
245 449
607 158 68 5 68 607 158 68 5 68 607 158 68 5 68 397 68 397 68 397 68 397 68 397 68 397 68 397 68 397 68 397 68 397 68 397 68 397 68 397 68 397 68 397 68 397 68 397 68 397 68 397 68 397 68 397 68 397 68 397 68 607 158 108 68 607 158 108 68 607 158 240 211 108
359 211
283 68 607 158 68 569 68 569 68 569 68 569 68 569 68 569 68 569 68 569 68 569 68 569 68 569 68 569 68 569 68 569 68 85
5
607 158 68 5 68 607 158 68 5 68 430 68 241 359
607 158 68 607 158 68 607 158 68 607 158 68 607 158 68 241 359
607 158 68 5 68 5 68 5 68 5 68 607 158 108
607 158 68 5 68 5 68 5 68 5 68 5 189 68 5 68 5 189 68 5 189 68 5 189
283 68 339
283 68 397 68 158 108
607 158 68 5 68 607 158 68 5 68 607 158 68 5 68 5 68 607 158 68 5 68 189 68 189 68 189 68 189 68 189 68 5 68 397 68 5 189 68 5 68 5 189 68 5 189 68 5 189 68 5 189 68 5 189 68 607 158 68 607 158 68 607 158 68 607 158 189 68 607 158 240 211 108 68 607 158 240 211 543 211 543 211 543 211 543 211 543 211 543 211 543 211 543 211 543 211 543
283 68 607 158 68 158 68 397
607 158 68 81 68 517 68 517
607 158 68 5 68 5 189
261 86 68 5 68 5 68 5 68 5 68 569 68 569 68 569 68 569 68 569 68 569 68 569 68 569 68 569 68 569 68 569 68 86
607 158 68 607 158 68 607 158 68 397 68 397
261 86 85 359
607 158 68 158 108
283
283 68 158 108 68 158 108
607 158 68 5 68 5 68 5 68 5 68 5 189 68 5 68 5 189
607 158 68 5 189 68 241 359
261 86 108
283
283 68 607 158 68 5 68 5 68 5 68 5
283 68 569 68 569 68 569 68 569 68 158 108
607 158 68 5 68 5 68 5 68 5 189 68 189 68 241 68 189
261 86
240 211 108
85 359 389 158 108
607 158 68 607 158 68 5 68 5 68 607 158 68 5 68 5 68 607 158 68 5 68 607 158 68 5 68 397 68 397 68 397 68 397 68 397 68 5 68 5 68 397 68 397 68 397 68 397 68 397 68 5 68 397 68 607 158 68 607 158 68 607 158 68 607 158 68 607 158 68 607 158 68 607 158 68 607 158 68 607 158 189 68 607 158 189 550 501 85 359 68 5 189 68 5 189 68 5
607 158 68 607 158 68 5 68 5 68 607 158 68 5 68 5 68 5 68 5 68 397 68 397 68 397 68 397 68 397 68 397 68 397 68 397 68 397 68 397 68 397 68 397 68 397 68 397 68 397 68 397 68 397 68 397 68 607 158 68 607 158 68 607 158 118 68 607 158 118
607 158 68 359
617
607 158 68 5 68 5 68 5 68 5 68 5 189 68 397 68 397 68 397 68 397 68 397 68 397 68 397 68 397
607 158 68 5 68 607 158 68 5 68 189 68 189 68 241 68 189
607 158 68 5 68 5 189
283 68 607 158 68 5 68 5 68 5 68 5 68 5 68 5 68 5 189 68 5 68 5 189
607 158 68 5 68 5 189 68 5 68 189 68 189 68 211 108
607 158 68 5 68 5 68 5 68 5 68 5 189 68 5 68 5 68 5 189 68 5 189 68 5 189 68 397 68 397 68 5 189
283 68 569 68 158 108 68 569 68 158 108
85 359 389 158 108
261 86
607 158 68 5 68 5 68 5 68 5 189 68 5 189 68 241 359
607 158 68 607 158 68 5 68 5 68 607 158 68 5 68 5 68 569 68 569 68 397 68 569 68 569 68 397 68 397
607 158 68 607 158 68 607 158 68 607 158 68 189 68 241 68 189 68 189 68 189 68 189 68 189 68 189 68 189
607 158 68 5 68 5 68 5 68 5 68 5 189 68 241 68 241 68 189
607 158 68 607 158 68 607 158 68 397 68 158 108
283 68 607 158 68 5 68 5 68 5 68 5 189
607 158 68 5 68 5 68 5 68 5 68 5 68 5 68 397 68 397 68 397 68 397 68 397 68 397 68 397 68 397 68 397 68 397 68 397 68 397 68 397 68 397 68 397 68 397 68 397 68 397 68 397 68 397 68 397 68 5 189 68 607 158 108 68 607 158 108 68 607 158 108
85 359
283 68 339 551 68 158 108 68 85 359
85 359 389 158 85
607 158 68 5 68 158 108
607 158 68 607 158 68 607 158 68 607 158 68 607 158 68 430 68 189 68 569 68 397 68 189 68 189 68 397 68 189 68 397 68 85 359
607 158 68 5 68 5 68 5 68 5 68 5 68 5 68 5 68 5 189 68 5 68 397 68 189 68 397 68 397 68 397 68 397 68 397 68 397 68 397 68 397 68 397 68 397 68 397 68 397 68 397 68 397 68 397 68 5 189 68 607 158 108 68 607 158 108 68 607 158 108
240 211 108
85 359 68 158 108
607 158 68 607 158 68 607 158 68 607 158 68 5
607 158 68 607 158 68 569 68 158 108
607 158 68 158 108
607 158 68 5 68 5 68 5 68 5 68 5 189 68 5 68 397 68 189
607 158 68 5
261 86 108
85 359
283
607 158 68 5 189 68 5
607 158 68 5
607 158 68 5 68 430 199 68 241 359
85 4 149
607 158 68 5 68 5 189
85 359
261 86
261 86
607 158 108
607 158 68 607 158 68 397 68 397 68 158 108
283 68 607 158 68 569 68 569 68 397 68 397 68 397 68 86
607 158 68 81 68 569 68 19 85 68 569 68 19 85 68 19 85 68 19 85
283 68 607 158 68 607 158 68 607 158 68 607 158 68 5 68 5 68 5 68 5 68 5 68 5 189 68 397 68 397
607 158 68 607 158 68 397 68 397 68 158 108
607 158 68 5 68 5 68 5 68 5 68 189 68 241 68 241 68 189 68 189 68 189
211 543 211
211 543 211
607 158 68 5 68 5 68 5 68 5 68 5 189 68 5 68 5 189 68 5 189 68 5 189
240
607 158 68 5 68 569 68 569 68 569 68 569 68 569 68 569 68 569 68 569 68 569 68 569 68 569 68 85
211 543 211
607 158 68 569 68 158 108 68 569 68 158 108
240 211 108 68 430 199
607 158 68 5 68 189 68 189 68 189
607 158 68 5 68 607 158 68 5 68 5 189 68 5 189 68 607 158 68 607 158 68 189
607 158 68 5 68 5 189 68 5 68 607 158 68 5 68 5 189 68 189 68 5 189 68 189
607 158 68 5 68 5 68 5 68 5 68 5 189
283 68 5 68 5 68 5 68 5 68 5 68 5 68 5 68 5 68 5 189
607 158 68 5 68 5 68 5 68 5 189 68 189 68 241 68 189
261 86
607 158 68 607 158 68 189 68 189 68 189
607 158 68 5 68 5 68 5 68 5 68 607 158 68 5 68 607 158 68 5 189 68 189 68 189 68 189 68 189 68 189 68 189 68 397 68 189
607 158 68 607 158 68 607 158 68 430 68 240 211 108 68 241 68 240 211 108
607 158 68 5 68 607 158 68 5 68 607 158 108 68 569 68 189 68 189 68 189 68 189 68 189 68 189 68 189 68 189 68 189 68 397 68 189
607 158 68 5 68 158 108 68 397 68 158 108
607 158 68 5 68 5 68 5 68 5 68 430 68 241 68 241 68 189 68 241 68 241 68 189
283
607 158 68 5 68 5 68 5 68 5 68 607 158 108 68 5 68 607 158 108
607 158 68 81 68 569 68 569 68 569 68 569 68 569 68 569 68 569 68 569 68 569 68 569 68 569 68 569 68 569 68 569 68 85
240 211 108
607 158 68 5 68 5 68 5 68 5 68 5 68 5 68 5 68 5 189 68 5 68 397 68 397 68 397 68 397 68 397 68 397 68 397 68 397 68 397 68 397 68 397 68 397 68 397 68 397 68 397 68 397 68 5 189 68 5 189 68 5 189 68 607 158 108 68 607 158 108
261 86 68 5
607 158 68 607 158 68 240 211 108 68 430 68 240 211
359 551
607 158 68 5 68 5 189
607 158 68 5 68 5 68 5 68 5 68 5 189 68 5
261 86 68 5 68 5 68 5 68 5 68 5 68 5 68 5 68 5 189 68 5 68 5 68 5 189
283 68 86 108
607 158 68 430
607 158 68 5 68 5 68 5 68 430
86 108
607 158 68 5 68 5 68 5 68 5 68 5 189 68 397 68 397 68 397 68 397 68 397 68 397 68 397 68 397 68 397 68 397 68 397 68 397 68 397 68 397 68 397 68 397 68 397 68 397 68 397 68 397 68 397 68 397 68 397 68 607 158 108 68 607 158 108 68 607 158 118
607 158 68 5 68 5 189 68 5
211 359
607 158 68 5 68 189 68 241 68 430 68 189
607 158 68 5 68 5 68 5 68 5 68 5 189 68 5 189 68 189
607 158 68 5
607 158 68 5 68 81 68 397 68 397 68 397 68 397 68 397 68 397 68 397 68 397 68 397 68 397 68 397
607 158 68 5 68 5 189 68 5 68 5 189
283 68 607 158 68 607 158 68 5 68 607 158 68 5 68 397 68 397 68 569 68 397 68 397 68 397 68 397 68 397
211 543 211
283 68 339
283 68 607 158 68 397 68 397 68 397 68 397 68 397 68 397
607 158 68 5 68 5 189 68 5
430 299 211 108
607 158 68 5 68 5 68 5 68 5 68 5 189 68 241 68 241 68 241 68 241 68 517
607 158 68 607 158 68 607 158 68 607 158 68 607 158 68 430 68 158 68 569 68 241 68 189
211 543 211
607 158 68 607 158 68 5 68 5 68 607 158 68 5 68 5
607 158 68 607 158 68 607 158 68 607 158 68 5 68 5 68 607 158 68 5 68 397 68 397 68 397 68 397 68 397 68 397 68 397 68 397
607 158 68 5 68 607 158 68 5 68 607 158 68 5 68 5 68 5 68 5 68 397 68 397 68 569 68 397 68 397 68 397 68 397 68 397 68 397 68 397 68 397 68 397 68 397 68 397 68 397 68 397 68 397 68 397 68 5 189 68 607 158 108 68 607 158 108 68 607 158 108
607 158 68 5 68 5 68 5 68 5 68 5 189 68 5 68 5 68 5 189 68 5 68 189 68 5 189 68 189
607 158 68 240 211 108
283 68 607 158 68 5 68 5 68 397 68 397
607 158 68 607 158 68 189 68 607 158 68 189 68 569 68 189 68 189 68 189 68 189 68 189 68 189 68 189 68 189 68 189 68 189 68 189
85
607 158 68 517
607 158 68 5 68 5 68 5 68 5 68 430
430 199
261 86 68 86 149
501 85 359
261 86
607 158 68 430 199
283 68 607 158 68 158 68 607 158 108
607 158 68 607 158 68 607 158 68 607 158 68 607 158 68 607 158 68 397 68 397 68 397 68 397 68 397 68 397 68 397 68 397 68 397 68 397 68 397 68 397 68 397 68 397 68 397 68 158 68 397 68 397 68 339
283
607 158 68 5 68 5 68 5 68 5 68 5 189 68 5 68 607 158 108
261 86 68 5 68 189 68 189 68 189 68 189
240 211 108
607 158 68 5 68 5 68 5 68 5 68 189 68 241 68 241 68 189 68 189 68 189 68 189
607 158 68 5 68 5 68 5 68 5 68 5 189 68 5 68 5 189
607 158 68 5 68 5 189
607 158 85 359
283
607 158 68 607 158 68 607 158 68 607 158 68 607 158 68 5
607 158 68 5 189 68 189
607 158 68 5 68 5 68 5 68 5 68 5 68 5 68 5 68 5 189 68 5 68 397 68 397 68 397 68 397 68 397 68 397 68 397 68 397 68 397 68 397 68 397 68 397 68 397 68 397 68 397 68 397 68 397 68 5 189 68 5 189 68 607 158 108 68 607 158 108
19 85 68 85 359 68 85 359
283 68 158 108
607 158 68 607 158 68 607 158 68 607 158 68 5 68 397 68 397 68 397 68 397 68 397
607 158 68 5 68 5 189 68 397 68 397
607 158 68 5 68 5 189 68 5 189 68 189 68 189
211 240 359
607 158 68 607 158 68 569 68 569 68 158 108 68 569 68 158 108
607 158 68 607 158 68 397 68 397 68 397
211 108
283 68 607 158 68 569 68 569 68 569 68 569 68 569 68 569 68 569 68 569 68 569 68 569 68 569 68 569 68 158 108
261 86 68 5 68 5 68 5 68 5 68 261 86
4 240
85 359 389 85 359
211 240 211
607 158 68 5 68 5 189 68 5 68 607 158 108
607 158 68 607 158 68 189 68 189 68 189 68 189
607 158 68 5 68 5 68 5 68 5 68 5 189 68 5 189 68 189
85 359 68 85 359 68 85 359
211 108
607 158 68 5
607 158 68 5 68 5 68 5 68 607 158 108 68 569 68 569 68 189 68 569 68 189 68 189 68 189 68 189
607 158 68 607 158 68 5 68 5 68 607 158 68 5 68 5 68 607 158 68 5 68 397 68 397 68 397 68 397 68 397 68 397 68 397 68 397 68 397 68 397 68 397 68 397 68 397 68 397 68 397 68 397 68 397 68 607 158 68 607 158 68 607 158 85 359 211 108 68 607 158 240 211 247 211 240 211 240 211 543 211 543 211 240 211 543 211 543 211 240 211 543 211 543 211 85 359 68
607 158 68 607 158 68 607 158 68 607 158 68 5 68 5 68 5 68 5 68 5 68 397 68 397 68 397 68 397 68 397 68 397 68 397 68 397 68 397 68 397 68 397 68 397 68 397 68 397 68 397 68 397 68 397 68 607 158 68 607 158 68 607 158 68 607 158 68 607 158 68 607 158 118
607 158 68 5 68 5 189 68 607 158 68 5 189 68 5
283 68 607 158 68 5 68 5 68 5 68 5 68 5 68 5 68 5 68 5 68 5 68 569 68 569 68 397 68 397 68 397 68 397 68 86
240 211 108
607 158 68 5 68 607 158 68 5 68 607 158 68 5 68 397 68 397 68 397 68 397 68 397 68 397 68 397 68 397
607 158 68 430 68 189
607 158 68 430 68 158 108
240 211 108
85 4 85
261 86 68 5 68 5 68 5 68 5 68 5 189 68 5 189
283
283 68 607 158 68 339 68 158 68 158 108
261 86 68 85
430 199
607 158 118
607 158 68 569 68 569 68 569 68 569 68 158 108
85
283 68 607 158 68 607 158 68 607 158 68 397 68 397 68 397
607 158 68 5 68 607 158 68 5 68 5
74
607 158 68 607 158 68 569 68 569 68 569 68 569 68 569 68 569 68 569 68 569 68 569 68 569 68 569 68 569 68 569 68 569 68 397 68 569 68 569 68 397 68 569 68 569 68 397 68 569 68 569 68 397 68 569 68 569 68 569 68 607 158 108 68 607 158 108 68 607 158 108 68 607 158 108
607 158 68 5 68 5 68 5 68 5 68 5 189 68 241 68 397 68 189
607 158 68 5 68 5 189 68 5
607 158 68 5 68 5 68 5 68 5 189
607 158 68 5 68 607 158 68 5 68 158 108
607 158 68 5 68 5 68 5 68 5 68 5 189 68 5 68 5 189
607 158 68 5 68 5 189 68 5 189 68 189
85 359
607 158 68 5 68 5 68 5 68 5 68 5 189 68 5 68 5 189 68 5 189 68 607 158 108
283 68 607 158 68 569 68 569 68 158 108 68 569 68 569 68 158 108
283
607 158 68 5 68 5 68 5 68 5 68 5 68 5 68 5 68 5 189 68 5 68 5 189
607 158 68 5 68 189 68 189 68 189
283 68 5 68 5 68 5 68 5 68 5 68 5 68 5 68 5 68 5 189
607 158 68 5 68 5 68 5 68 430 68 189 68 241 68 241 68 189 68 241 68 241 68 189 68 189 68 241 68 189
607 158 68 607 158 68 569 68 397 68 158 108
607 158 68 607 158 68 189 68 569 68 158 108 68 569 68 569 68 189 68 569 68 189 68 189 108
607 158 68 607 158 68 397 68 397 68 158
607 158 68 5
430 199
607 158 68 607 158 68 607 158 68 607 158 68 5 68 5 68 607 158 68 5 68 5 68 607 158 68 5 68 397 68 397 68 397 68 397 68 397 68 5 68 397 68 397 68 5 68 397 68 607 158 68 5 68 607 158 68 607 158 68 607 158 68 607 158 68 607 158 189 211 108 68 607 158 240 211 240 211 240 211 543 211 543 211 240 211 543 211 543 211 240 211 543 211 543 211 240 211 152
607 158 68 607 158 68 5 68 5 68 607 158 68 5 68 5 68 5 68 5 68 5 68 607 158 68 397 68 397 68 397 68 397 68 397 68 397 68 397 68 397 68 397 68 397 68 397 68 397 68 397 68 397 68 607 158 68 607 158 68 607 158 68 607 158 68 607 158 108 68 607 158 118
607 158 68 240 211 108 68 240 211 108
607 158 68 189 68 189 68 189 68 189
85 359 68 85 359
211
607 158 68 5 68 5 189 68 5 68 189 68 189
607 158 68 5 68 189 68 189
607 158 68 5 68 5 68 5 68 5 189 68 241 68 241 68 241 68 241 68 241 68 189
607 158 68 5 189 68 5
261 86 68 189 68 189
261 86
607 158 68 5 68 5 68 5 68 5 68 5 189 68 5 68 5 68 5 189 68 5 189 68 189 68 189 68 189
607 158 68 5 68 607 158 68 5 68 607 158 68 5 68 5 68 607 158 68 5 68 5 189
607 158 68 5 68 5 189 68 5 68 189 68 189 68 241 68 189
607 158 68 359
607 158 68 5 68 5 68 5 68 607 158 108
261 86 68 5 68 5 68 5 68 5
607 158 68 5 68 569 68 569 68 569 68 569 68 569 68 569 68 569 68 569 68 569 68 189
607 158 68 430 199 108 68 85 359
85 4 85
607 158 68 430 199 108 68 240 211 108
85 240 211 108
607 158 68 5 68 5 68 5 68 5 68 607 158 68 5 68 607 158 68 5 68 5 68 189 68 5 68 397 68 189 68 397 68 397 68 397 68 5 68 5 68 5 68 5 68 5 68 397 68 5 189 68 5 68 5 189 68 5 68 607 158 68 607 158 68 607 158 108 68 607 158 118 68 607 158 543 211 543 211 543 211 543 211 543 211 543 211 543 211 543 211 543 211 543 211 543 211 68
211 543 211
211 240
607 158 68 5 68 5 189 68 241 68 430
607 158 68 607 158 68 5 68 5 68 607 158 68 5 68 5 68 607 158 68 5 68 397 68 397 68 397 68 397 68 397 68 397 68 397 68 397 68 397 68 397 68 397 68 397 68 397 68 397 68 397 68 397 68 397 68 607 158 68 607 158 68 607 158 85 359 211 108 68 607 158 240 211 247 211 240 211 240 211 543 211 543 211 240 211 543 211 543 211 240 211 543 211 543 211 85 359 68
607 158 68 607 158 68 189 68 189 68 189 68 189
283
261 86
607 158 68 5 68 607 158 68 5 68 607 158 68 5 68 5 68 5 189 68 5 68 607 158 108
607 158 68 5 68 5 68 5 68 5 68 430 68 241 68 241 68 241 68 241 68 241 68 189
607 158 68 607 158 68 189 68 189 68 158 108
211
607 158 68 5 68 5 189 68 5
607 158 68 5 68 5 68 5 68 5 68 5 189 68 241 68 397 68 397 68 241 68 397 68 517
607 158 68 430 68 240 211 108
211 543 211
389 158 118
283 68 158 108
283 68 5 68 158 68 158
85 359 389 158 108
607 158 68 397 68 569 68 85 359
607 158 68 5 68 5 68 5 68 5 68 5 189 68 5 68 5 189
607 158 68 5 68 5 68 5 68 5 68 5 189 68 397 68 397
607 158 68 5 68 5 68 5 68 5
607 158 68 5 68 569 68 569 68 158 108
607 158 68 5 68 5 68 5 68 5 68 607 158 108 68 5 68 189 68 189 68 189 68 189 68 189 68 397 68 189 68 189 68 397 68 397 68 397 68 397 68 397 68 397 68 397 68 397 68 397 68 5 189 68 5 189 68 5 189 68 607 158 108 68 607 158 108 68 607 158 108 68 607 158 108
607 158 68 5 189 68 189 68 241
607 158 68 5 68 5 68 5 68 5 68 607 158 108 68 397 68 607 158 68 397 68 397 68 397 68 397 68 397 68 397 68 397 68 397 68 397 68 397 68 397 68 397 68 397 68 397 68 397 68 397 68 397 68 397 68 5 189 68 607 158 68 607 158 108 68 607 158 108
607 158 68 5 189 68 189
607 158 68 5 68 5 189 68 5 189 68 189
607 158 68 607 158 68 607 158 68 607 158 68 607 158 68 607 158 68 607 158 68 607 158 68 189 68 397 68 397 68 189
283 68 607 158 68 569 68 569 68 158 108
607 158 68 5 68 5 68 5 68 5 68 5 189 68 241 68 189
607 158 68 5 68 430 68 241 68 430
607 158 68 607 158 68 607 158 68 607 158 68 569 68 569 68 569 68 569 68 569 68 569 68 569 68 569 68 85 359 68 569 68 85 359
607 158 543
607 158 68 607 158 68 397 68 397 68 158 108
607 158 68 5
617
85 359
607 158 68 5 68 5 68 5 68 397 68 397 68 397 68 397 68 397
283 68 607 158 68 339 68 607 158 68 158 108 68 569 68 158 108
85 359 211 85
607 158 68 5 68 397 68 397 68 397
607 158 68 430 68 430 199 85
211 68 211
607 158 68 5 68 189 68 189 68 158 108 68 189 68 241 68 189
607 158 68 189 68 189
607 158 68 607 158 68 189 68 211
607 158 68 5 68 5 68 5 68 5 68 5 189 68 241 68 241 68 241 68 241 68 517
607 158 68 5 68 5 68 5 68 5 189 68 397 68 241 359
607 158 68 5 68 5 189 68 189
283 68 607 158 68 158 68 397
607 158 68 607 158 68 189 68 607 158 68 189
607 158 68 5 68 5 68 5 68 397 68 569 68 569 68 397
607 158 68 607 158 68 607 158 68 430 68 189 68 241 68 241 359
607 158 68 430 68 189 68 240 211 108
607 158 68 5 68 5 68 5 68 5 189 68 5 189 68 5 189
283 68 569 68 569 68 569 68 569 68 158 108
501 85 359
607 158 68 430 68 158 108 68 241 359
607 158 68 5 68 189 68 189 68 189
607 158 68 397 68 158 108 68 158 108
211 543 211
607 158
261 86 85
607 158 68 5 68 5 189 68 5 68 5 189 68 189 68 189 68 189
607 158 68 397
607 158 68 5 68 607 158 68 5 68 430 68 569 68 241 68 158 108
607 158 68 5 68 607 158 68 5 68 607 158 68 5 68 5 68 607 158 68 5 68 397 68 189 68 397 68 397 68 397 68 397 68 397 68 397 68 397 68 397 68 397 68 397 68 397 68 397 68 397 68 397 68 397 68 607 158 68 607 158 108 68 607 158 108 68 607 158 108 68 607 158 240 211 108
359 211
85 359 68 430 359
430 199
607 158 68 607 158 68 5 68 5 68 5 189 68 5 189 68 607 158
359
607 158
283 68 607 158 68 569 68 569 68 569 68 158 108
85 359
607 158 68 430 68 430 199
85 359 551
283 68 607 158 68 607 158 68 607 158 68 158 68 5
261 86
261 86 68 5 68 5 189 68 5 68 5 189 68 5 189
607 158 68 430 68 430 199
211 543 211
607 158 68 5 189 68 5 189
607 158 68 5 68 5 189 68 5 68 189 68 189 68 241 359
240 211 108
261 86
85 359 68 85 359
607 158 68 5 68 5 189 68 5 189 68 158 108
240 211 108
211 543
283 68 5 68 5 68 5 68 5 68 5 189 68 569 68 86
261 86
85 359
607 158 68 5 68 5 68 5 68 5 68 5 189 68 5 68 189 68 189 68 189 68 189 68 189 68 189 68 189
261 86 68 5 68 5 68 5 68 5 68 5
283 68 339
607 158
607 158
607 158 68 5 68 5 189 68 5 68 189 68 189 68 241 68 189
607 158 68 85 359 68 85 359 68 85
261 86 68 86 68 86 149
283 68 569 68 158 108 68 569 68 158 108
607 158 68 430 68 430 199
283 68 158 108
211 543 211
607 158 68 607 158 68 5 68 5 68 607 158
607 158 68 5 68 5 68 5 68 607 158 108 68 569 68 397 68 569 68 569 68 397 68 569 68 569 68 397 68 397 68 397 68 397 68 397 68 397 68 397 68 397 68 397 68 397 68 397 68 397 68 397 68 397 68 397 68 5 189 68 607 158 108 68 607 158 108 68 607 158 240 211 108
607 158 68 5
607 158 68 607 158 68 607 158 68 607 158 68 189 68 241 359
607 158 68 5 68 5 68 397 68 397 68 397 68 241 359
240 211 108
607 158 68 607 158 68 397 68 397
283
607 158 68 5 68 5 189 68 5 189 68 5 189 68 5
321 247
607 158 68 5 68 5 68 5 68 5 68 5 189 68 5 68 5 189
64 211 108
607 158 68 5 68 5 189 68 5 68 5 189 68 5 189 68 189
283 68 607 158 68 5 68 5 68 397 68 397 68 397 68 397
607 158 68 607 158 68 607 158 68 550 158 68 550 158
607 158 68 607 158 68 607 158 68 607 158 68 5 68 5 68 397 68 397 68 397 68 397 68 397 68 397
607 158 68 5 68 5 68 5 68 5 68 5 189 68 5 68 5 189
283 68 607 158 68 569 68 569 68 397 68 569 68 569 68 397 68 569 68 397 68 397 68 397 68 397 68 397
607 158 68 430 199 108
607 158 68 607 158 68 5
607 158 68 5
85 551
607 158 68 607 158 68 569 68 569 68 569 68 569 68 569 68 569 68 569 68 569 68 569 68 569 68 85 359
283
283 68 5 189 68 5
283 68 5 68 5 68 5 68 5 68 5 68 5 189 68 5 68 5 189
261 86 149
211 543
607 158 68 607 158 68 607 158 68 607 158 68 397
607 158 68 430 199 68 241 299
607 158 68 5 68 189 68 189
85 359 389 85 359
607 158 68 5 68 517 68 517 68 517 68 517
607 158 68 5 68 158 108 68 158 108
607 158 68 607 158 68 5 68 5 68 607 158 68 5 68 5 68 607 158 68 5 68 607 158 68 189 68 397 68 397
607 158 68 81 68 517 68 517 68 397 68 517
607 158 68 5 68 5
607 158 68 5 68 5 68 5 68 5 68 5 189 68 5 68 189 68 189 68 189 68 189
283 68 85 359 68 85
85 359
607 158 68 5 68 5 189 68 5 189 68 189
261 86
261 86
283 68 607 158 68 5 68 5 68 5 68 5 189
607 158 68 5 68 5 68 5 68 607 158 108 68 241 68 241 68 189 68 189 68 189 68 189 68 189 68 241 68 189
283
607 158 543
607 158 68 5 68 5 68 5 68 5 68 5 189 68 5 68 5 189
247
607 158 68 5 68 5 189 68 5 68 189 68 189
261 86 68 5 189 68 189
607 158 68 607 158 68 397 68 397
607 158 68 5 68 5 68 5 68 5 68 5 68 5 68 397 68 397 68 397 68 397 68 397 68 397 68 397 68 397 68 397 68 397 68 397 68 397 68 397 68 397 68 397 68 397 68 397 68 397 68 397 68 397 68 397 68 397 68 397 68 607 158 108 68 607 158 108 68 607 158 118
211 543 211
607 158 68 5 68 5 68 5 68 5 68 5 68 5 68 5 68 5 189 68 5 68 397 68 397 68 397 68 397 68 397 68 397 68 397 68 397 68 397 68 397 68 397 68 397 68 397 68 397 68 397 68 397 68 5 189 68 5 189 68 607 158 108 68 607 158 108 68 607 158 108
607 158 68 5 189 68 189
607 158 68 607 158 68 569 68 569 68 158 108 68 569 68 397 68 158 108
607 158 68 5 68 5 68 5 68 5 68 5 189 68 5 189 68 5 189
607 158
607 158 68 607 158 68 607 158 68 607 158 68 189 68 607 158
607 158 68 607 158 68 569 68 397 68 158 108 68 569 68 397 68 569 68 569 68 85 359
211 543 211 108
607 158 68 5 68 5 68 5 68 397 68 397 68 397 68 397 68 397 68 397 68 397 68 397 68 397 68 397 68 397 68 397 68 397 68 397 68 397 68 397 68 397 68 397 68 397 68 397 68 397 68 397 68 397 68 397 68 397 68 397 68 397 68 397 68 397 68 607 158 108
189 149 389 158 108
85 359
607 158 68 5 68 430 68 241 68 430
607 158 68 607 158 68 607 158 68 607 158 68 5 68 5 68 5 68 5 68 5 68 397 68 397 68 397 68 397 68 397 68 397 68 397 68 397 68 397 68 397 68 397 68 397 68 397 68 397 68 397 68 397 68 397 68 607 158 68 607 158 68 607 158 68 607 158 108 68 607 158 118
607 158 68 607 158 68 607 158 68 607 158 68 5 68 5 68 607 158 68 5 68 5 68 189 68 189 68 5 189
607 158 68 607 158 68 569 68 569 68 158 108 68 569 68 397 68 569 68 569 68 397 68 158 108
607 158 68 5 68 5 68 5 68 607 158 108 68 569 68 397 68 569 68 569 68 397 68 397 68 397 68 397 68 397
240 211 108
607 158 68 550 158 68 550 158 68 211
607 158 68 5 68 5 189 68 5 189 68 189 68 189 68 241 68 189
607 158 68 607 158 68 607 158 68 607 158 68 158
607 158 68 430
283 68 607 158 68 607 158 68 607 158 68 158 68 397
85
85 359
85 359 389 158 108
607 158 68 397 68 397 68 397 68 397
607 158 68 5 68 189 68 189 68 189 68 189 68 189 68 189 68 189 68 189 68 189 68 189 68 189 68 189 68 189 68 189 68 189 68 189
607 158 68 5 68 607 158 68 5 68 5 189 68 569 68 241 68 569 68 569 68 569 68 189 68 189 68 241 359
