283 68 550 501 68 370 68 5 68 569 68 569 68 19 85 359 68 569 68 124 68 170 108
43 158 68 550 158 108 68 5
189 68 430 199 68 405 85
43 158 359
87 449
405
550 158 359 68 430
189 68 550 158 68 607 158 68 527 68 189 68 189
607 158 68 550 501 68 397 68 241 68 241 68 189 68 189 68 64 211 108
261 86 68 245 449 68 5 68 19 85 68 430 68 517
64 211 108 68 550 501 68 64 211 108 68 569 68 85
405
189 68 607 158 68 527 68 527 68 189 68 430 199
527 68 189 68 189 68 189 68 550 501 85 359 68 64 211 108
503 189
43 158 68 288 68 397 68 550 501 68 569 68 397 68 397 68 569 68 189 68 189 550 501 68 189
261 86 68 527 68 569 68 19 85
211 68 19 149 68 149 68 370 68 331 149
189 211 222
158 85 81 68 211 68 189
19 85 68 339
405
85 430 299
5 68 288 68 19 68 607 158 68 81 68 569 68 85 359 68 569 68 85 359
241 68 158 108 68 70 158 149
503 339
240 68 517 68 430 359
593 163 68 5 189 68 241 68 241 68 241 68 430 199 68 241 68 241 430 199
189 68 81 68 189 68 211 189 68 64 211 108 68 64 211 108
19 163 68 331 149 68 241 68 189 68 189
189
569 108 68 430 68 430
87 68 339 68 503 158 108 68 189 68 189 68 64 211 108
527 68 149 68 503 158 68 240 68 240 211 68 569 68 19 85
87 68 19 85 68 640 68 5 189 68 503 158 108
550 158 68 517 68 64 211 108
158 108 68 550 501 68 607 158 68 550 501 68 607 158 68 550 158 68 607 158 68 158 68 158 68 189 68 550 158 108
569 108 68 527 68 189 68 397 68 241 68 241 68 5 189 68 241 68 241
5 68 288 68 19 85 68 430 68 241 68 640 68 640
189 68 430 68 430 68 430 68 241 68 430 68 430 68 430 199 68 43 158 108 68 550 501 68 517 68 517 85 68 43 158 108 68 607 158 118 68 5 189 68 550 501 68 550 501 68 430 68 430 68 430 68 430 68 430 68 5 189 68 430 149 550 501 68 189 68 430 149 68 430 68 430 68 430 68 430 68 607 158 118 68 430 68 430 68 430 68 43 158 68 189 68 189 68 189 68 189 68
240 240 4 85
261 86 68 245 449
43 158 68 517 68 517
189 68 211 607 158 68 430 68 569 68 569 68 64 211 108
240 258 108 68 64 211 108
5 68 241 68 240
397 68 85 347 158 118
153 189
189 68 569 108 68 569 68 569 68 569 68 85 359
283 68 550 501 68 397 68 397 68 569 68 517 68 517
370 68 241 68 5 189 68 359
189 68 607 158 68 81 68 189 68 527
189 68 339 68 397 68 397 68 158 108 68 569 68 158 108
283 68 64 211 108 68 158 108 68 397 68 397 68 397 68 397 68 397
197 86
64 211 108 68 158 108 68 5 68 241 68 5 189 68 19 85 68 19 85 68 241 68 19 85
405 211 359
51 86 68 607 158 68 241 68 241
5 108 68 241 68 397
189 68 527 68 5 68 550 158 108
503 158 85
189 85 359
5 68 642 108 68 517 68 517
283
607 158 68 550 158 108 68 501 68 64 211 108
43 158 108 68 550 158 68 397 68 397 68 430 68 430 68 430 68 85 359 68 241 68 241 359
593 149 68 397
211 543 211 85 68 517
527 68 5 68 503 86 68 5
430 85 359
405 85 4
593 163 68 5 189 68 85 68 19 85 68 5 189 68 19 85 68 189 68 397 68 331
197 86 211
189 68 550 501 68 517 68 517 68 517 68 43 158 68 43 158 68 43 158 68 64 211
607 158 68 550 501 68 397 68 569 68 569 68 19 85
607 158 68 81 68 64 211 68 241 68 241 68 640 68 241 68 241 68 241
64 211 108 68 240 68 19 85 68 19 85 68 19 85
503 158 108
87 68 339 68 70 158
153 189 550 158 517
85 359 258 85
261 86 68 607 158 68 527 68 527
87 68 241 68 5 68 5 189 68 405 68 405 108
617 68 430 68 430 68 189 68 189 550 158 118
43 158 68 550 501 68 189 68 64 211 108 68 640
607 158 68 550 501 68 397 68 397 68 189 68 189 68 189 68 550 501 68 189
607 158 68 81 68 64 211 108
261 86 68 124 68 607 158 68 5 68 569 68 241 68 241 68 569 68 241 68 241
51 397 68 397 68 569 68 85 359
607 158 68 550 501 68 397 68 397 68 397 68 397 68 397 68 397 68 397
199 85 4 149
153 189 68 124
43 158 108 149 389 359
189 211 359
189 68 397 68 288 68 5 68 397 68 397 68 397 68 397
189 68 569 68 501 85 152
43 158 189 211
417
87 68 607 158 68 81 68 189 68 158 108
189 68 430 299 68 158 108 68 339 68 339
607 158 68 81 68 189 68 397 68 550 501 68 241 68 241 68 64 211 108
189 68 607 158 68 240 211 108 68 517
64 211 108 68 240 68 19 85 68 19 85 68 5 189 68 19 85 68 19 85 68 550 158 108
405 108 68 5 68 5
543 550 501 68 240 68 240
593 163 68 550 501 68 189 68 189 68 189 68 189 68 85 4 240 389 158 108
359 389 85
321 569
240 68 370 68 5 68 288 68 19 85 359
189 68 430 85 68 517 68 517 68 517 68 517
189 68 550 501 68 370 68 5 68 70 158
240 211 199
64 211 108 68 517 68 517
240 136 479 108
430 68 241 68 189 68 397 68 241 68 569 68 241 68 569 68 569 68 241 430 199
240 211 199
503 158 108 68 430 68 517
527 359
261 86 68 124 68 5 68 241 68 569 68 241 430 199
503 158 108
194 68 607 158 68 607 158 68 397 68 5 189 68 261 86
607 158 68 550 501 68 397 68 189 68 607 158 68 5 189 68 550 501 68 550 501
321 68 503 158 108 68 240 68 240 550 501 85 359
241 68 517 68 569 68 5 189 68 241 68 607 158 68 241 68 241 68 241 359
405
43 158 189 211
158 108 68 569 68 501 68 170 299 68 503 158
189 68 339 68 189 68 64 211 108
189 211 85 359 211 68 607 158 189 68 211
517 85
189 68 397 68 397 68 569 68 569 68 85 152
503 158 108 68 189 68 569 68 569 68 241 68 241
158 108 68 430 68 158 108 68 189 68 189
240 517 85
43 158 68 189
189 68 124 68 503 158 108 68 569 68 85 359 68 569 68 85 359
189 68 607 158 68 405 108 68 189 68 501
211 189
593 163 68 189 68 189 68 430 299 68 430 199 68 430 199
550 339
19 85 68 550 158 149
189 68 550 501 68 405 68 531 158 118
43 158 68 189 68 189 68 607 158
153 68 607 158 68 607 158 68 543 68 241 68 241 68 241 68 241
5 68 370 68 81 68 19 85 68 569 68 85 359
261 86 68 245 449
593 163 68 240 550 158 108 68 241 68 64 211 108
189 68 607 158 68 607 158 68 241 68 19 85
240 211 68 81 68 5 189
5 68 81 68 5 68 241 68 241 68 241 68 241
503 189 68 517 68 189 68 430 68 550 158 108 68 43 158 108 68 64 211 108
430 149 550 158 85
607 158 68 527 68 189 68 527 359
5 189 550 501
5 189 68 397 68 397
19 85 359
43 158 68 550 158 68 607 50
189 642 211
370 68 5 68 5
211 543
87 68 370 68 5 68 359
543 211 85
261 86
43 158 68 550 158 68 607 158 68 550 501 68 64 211 108 68 64 211 108
593 163 68 5 189 68 397 68 569 68 569 68 64 211 108 68 19 85 68 64 211 108
430 85 85
261 86
607 158 68 81 68 607 158 68 5 189 68 283
261 86 68 241 68 5 189 68 189
189 68 64 211 108 68 5 68 241 68 405 68 430 199
87 68 81 68 5 68 241 68 241 68 5 68 5 68 5 68 241 68 241 68 241 68 241 68 241 68 241 68 241 68 5 189 68 5 189 68 5 189 68 5 189 550 158 118 68 5 189 550 158 118 68 5 189 68 5 189 68 5 189 550 158 118
359 211
5 189 68 85 359 68 158 108
85 5 189 68 527 68 517
19 85 68 64 211 108
43 158 85 359 389 158 85
339 68 607 158 68 5 68 240 68 4
64 211 108 68 607 158 68 430 68 569 68 43 158 108 68 43 158 68 43 158 68 64 211 108
189 68 607 158 68 564 85 359 389 158 118
430 299 68 607 158 68 240 211 85 359
607 158 68 124 68 5 68 607 158 68 283
503 189 68 607 68 5 68 503 189 68 503 158 68 503 158
503 158 108 68 158 108 68 397 68 397 68 331
569 68 389 158 108 68 5 68 189 68 189 68 189
527
397 68 569 68 189 68 397 68 569 68 640 68 640 68 640 68 569 68 640 68 640 68 569
607 158 68 85 68 550 501 68 397 68 397 68 397 68 331 149 68 331 149 68 331 149 550 158 108
240 211 199
189 68 158 108 68 607 158 68 569 68 569 68 569 68 569
170 299 68 569 68 569
283 68 550 501 68 397 68 397 68 397 68 397 68 397 68 397 68 397 68 397
189 68 430 68 339 551 68 339 551
503 189 68 517 68 607 158 68 569 68 241 68 397 68 241 68 397 68 397 68 640
43 158 68 550 86 68 370 68 5 68 261 86 68 261 86
87 68 240 68 240 211 68 241 68 397 68 397 68 397 68 189
240 211 108 68 569 85 359
5 68 81 68 19 68 339 68 397 68 397
241 85 359
189 68 550 501 68 189 68 241 68 241 430 68 430 199
283 68 550 501 68 19 85 68 607 158 68 19 85 68 19 85 68 19 85 68 607 158 108
189 68 339 68 569 68 430 68 607 158 68 607 158 68 607 158 68 189 68 189 68 189 68 189
261 86 68 245 449
503 158 108
397 68 569 108
261 86 68 261 86 68 5 68 170 68 370 68 370 68 261 86
5 68 81 68 397 68 397 68 241 68 640 68 430 199 68 430 68 241 68 241 430
87 68 339 68 397 68 397
51 543
189
593 163 68 240 211 68 569 68 79 158 118 68 189 68 189
503 189 68 607 50 68 189
261 86
189 68 430 68 501 68 501 85 68 331 487 359 68 397 68 331 487 359
569 68 527 68 5 68 189 68 430 68 85 359 68 430 199 68 430 199 68 64 211 108
153 189 68 550 158 68 397 68 397 68 607
85 503 158 108 68 517 68 430 149
261 86 68 124 68 5 68 241 68 241 68 430 68 241 68 241
19 163 68 550 501 68 241 68 241 68 189
43 158 68 527 68 81 68 569 68 331
87 68 569 68 550 501 68 397 68 331
617 68 339 68 124 68 339
152 68 19 85 68 569 68 241 68 241 68 430 199
43 158 68 124
85 64 211
43 158 359
189 68 607 158 68 527 359 68 339
417 68 5 68 517 85
430 149 68 189 68 211 108 68 569 68 241 68 241 359
189 68 607 158 68 607 158 68 607 68 607 158 68 5 189 68 550 158 68 189 68 189 68 607 158 68 189 68 170 108
607 158 68 149 389 339
189 68 550 501 68 397 68 43 158 108 68 43 158 68 43 158 68 397 68 189
51 86 68 527 68 189 68 550 501 68 85 359 68 640 68 569 68 85 152
43 158 68 288 68 19 85 68 430 68 430 199 68 430 199
503 158 108 68 261 86 68 189 68 569 68 19 85 359
189 68 124
517 68 517
503 189 68 5 68 81 68 5 68 241 68 5 189 68 405
527 68 5 68 81 68 189 68 85
550 501 68 64 211 108
153 189
87 68 370 68 5 68 370 68 241 68 241 68 640
240 211 359
261 86 68 245 449
405 85 4
564 68 189 68 189 68 569 108
607 158 68 569 68 642 211 108
189 68 5 189 68 19 85 68 430 68 64 211 108 68 430 199 68 64 211 108
43 158 68 550 158
651 123 68 189 68 241 68 241 68 240 211 108
5 68 81 68 19 85 68 211 108 68 240 211
569 85 68 501 85 4
359 550 501 68 85 359
85 4 240 68 517 68 158 108
51 86 68 550 501 68 189 149
85 359 149
240 430 299
261 86 68 283 68 43 158 68 43 158 68 43 158 68 43 158 68 550 158
189 68 550 501 68 189 68 339 68 241 68 569 68 569 68 569 68 569 68 569 68 241 359
64 211 108 68 430 68 569 68 569 68 569 68 569 68 569 68 64 211 108
87 68 339 68 397 68 397 68 397 68 331
189 68 5 189
503 158 108 68 158 108 68 397 68 397 68 331
87 359
564
593 163 68 51 86 149
607 158 68 517 68 43 158 68 43 158 68 607 158 68 43 158 68 43 158 68 189 68 607 158 68 517
170 108 68 149 550 158 108
261 86 68 158 108 68 607 158
430 299
43 158 68 189 68 5 189
189 68 550 501 68 397 68 517 68 517 68 397 68 517
283 68 283 68 550 501 68 405 68 405 68 405
189 68 569 68 569 68 85 299 68 569 68 517 85 359
153 108 68 527 68 607 158 68 550 501 68 397 68 397 68 397 68 397 68 569
261 86 68 607 158 68 607 158 68 283 68 569
240 359
517 68 517
189 68 430 85 359 68 569 68 569 68 569
85 389 158 189
359 258 68 359
283 68 527 68 149 68 569 68 64 211 108
240 211 189
651 123 68 189 68 569 68 85 359 68 550 158 118
503 189 68 527 68 569 68 569 68 189
54 86 68 607 158 68 5
189 68 5 189 68 241 68 241 68 241 68 640
607 158 359 389 339
503 339
283 68 550 501 68 189 68 64 211 108 68 241 68 241 68 405
189 68 651 123
261 158 68 81 68 70 158
321 189 68 158 108
5 68 517 68 517 68 397 68 397 68 569 68 569 68 517 68 569 68 397 68 550 501 85 359
64 211 108 68 5 189 68 397 68 19 85
607 158 68 365 430 199 68 241
569 108 68 70 189 68 359
189 68 189 68 189 211 543 211 543
569 68 241 68 397 68 397 68 64 211 108
397 68 124
211 199
19 85 359
43 158 68 136 479
189 68 527 68 189 68 640 68 241
241 68 517 68 189 68 189 68 550 158 108
43 158 68 550 501 68 189 68 64 211 108 68 640 68 640 68 64 211 108
240 258 149
189 68 550 501
593 163 68 430 149 68 569 68 430 68 19 85 68 430 68 430 149 68 397 68 241 68 241 359
569 68 158 108 68 607 158 68 569 68 241
607 158 68 81 68 189 68 241 68 241 68 241 430 199
64 211 108 68 240 359 68 240 359
359 389 158 85
261 86 68 241 149
189 68 430 149 68 430 68 339 68 550 501
397 611 85 359
607 158 68 81 68 241 68 241 68 241 68 430 199
189 68 85 359 68 5 189 68 241 68 405 68 405 241 68 405
194 543 211 108
189 68 607 158 68 607 158 68 607 158 68 81 68 189 68 189 68 189 68 189 68 189 68 189
607 158 68 149 389 339
607 158 68 81 68 397 68 339 68 569 68 640 68 640 68 569 68 569 68 569 68 189
189 68 430 85 359
189 68 430 68 569 68 397 68 569 68 569 68 397
87 449
517 85
43 158 68 124 68 405
43 158 68 240 68 240 359
5 189 68 397 68 5 68 241 68 569 68 397
240 299 85 359
642 68 258 68 85 68 5 68 253 68 189 68 607 158 108 68 331
503 158 108 68 158 108 68 397 68 397 68 397 68 397 68 397
397 68 569 68 339
397 68 642 211 68 503 189
503 158 108 68 158 108 68 397 68 241 68 397 68 64 211 108 68 64 211 108 68 64 211 108
43 158 68 189 68 339 68 240 211
240 359 68 64 211 108
189 68 64 211 108 68 397 68 397 68 397 68 397 68 569 68 397 68 569 68 550 501
43 158 68 550 501 68 189 68 43 158 68 241 68 241 68 189 68 241 68 241
189 68 430 68 158 108
153 68 240 68 81 68 5 189 68 405 85
607 158 108 68 189 68 43 158 189 68 550 158 108
189 68 64 211 108 68 5 68 241 68 370 68 5 68 5 68 19 85 68 517 68 64 211 108
543
5 68 189 68 397 68 397 68 550 501 68 397 68 397 68 550 158 118 68 397 68 397 68 397
43 158 118
569 108 68 569 68 501
5 189 68 569 68 158 543
288 68 283 68 189 68 607 158 68 607 158 68 607 158
211 85 359
405 68 19 149
43 158 68 189 68 5 189 68 19 85 68 430 199 68 430 199
430 68 430 199 68 5
189 68 607 158 68 527 68 527 68 189 68 430 199
240 68 19 85 68 19 85
283 68 550 501 68 189 68 189 68 158 108
189 85 359 389 569
43 158 68 189 68 405 108 68 241 68 607 158 68 430 199
43 158 68 550 501 68 189 68 5 189 68 405
503 85 68 64 211 108 68 5
527 68 607 158 68 527 359 68 397 68 550 501 68 64 211 108 68 550 501 68 64 211 108
189 68 607 158 68 550 501 68 189 68 405 68 405 68 405
189 68 79 158 108 68 189 68 430 68 430 199
607 158 68 527 85 68 5 68 64 211 108 68 5 189 68 331 68 64 211 108
5 68 288 68 253 68 189 68 241 68 241 68 640
321 247 68 339 68 397 68 241 68 241 68 569
607 158 68 527 68 5
189 68 569 68 5 189 68 86
189 68 550 501 68 158 108 68 158 108 68 158
189 68 569 68 569 108
261 86 68 240 149
240 359
503 158 108 68 569 68 569 68 569 68 569 68 569
189 68 527 68 189 550 158 108
189 68 158 108 68 607 158 68 607 158 68 607 158 68 189 68 189
211 178
5 68 81 68 19 68 5 189 68 241 68 405
189 211 199 68 240 211 189
405 108 68 503 189 68 503 189 68 283
189 68 241 68 189 68 189 68 158 108 68 569 68 569
5 108
43 158 85 359
85 449
189 68 607 158 68 19 85 68 241 68 430 68 640 68 430 199
430 108 68 189 68 189 68 397 68 397 68 397 68 397
189 68 241 68 5 189
211 68 288 68 5 68 288 68 19 85 359 68 569 68 70 158
43 158 68 124 68 5 68 569 68 569 68 569 68 569
189 68 211 68 607 158 68 81 68 189 68 189 68 405 108
189 68 339 68 339 68 397 68 397 68 85 359 68 550 501 68 85
87 68 527 68 5 68 569 68 241 68 241 68 241 430
189 68 5 189 68 85 359 68 85 359
430 108 68 517 68 517 85
189 68 569 68 85 152 550 501 68 64 211 108 68 430 68 430 68 430 68 64 211 108
85 359 68 550 158 108 68 397 68 569 68 19 85 68 19 85
569 108 68 258 68 397 68 189 68 189 68 607 50
430
189 68 339 68 569 68 569 68 517
189 68 430 68 85 152 68 43 158 68 550 158 118
261 86 68 5 68 189 68 339
43 158 68 189 68 19 85 68 569 68 405 85 68 405 108
43 158 68 607 158 68 607 158 68 607 158 68 43 158 68 517
19 163 68 550 501 68 189 68 64 211 108
189 68 430 68 430 68 85 359 68 569 68 85 359
189 68 607 158 68 241 68 189 68 189 241 430 199
240 68 397 68 397 68 397
569 68 240 389 85 68 430 68 241 68 241
503 158 108 68 550 501 68 19 85 68 64 211 108
527 68 5 68 81 68 189 68 241 68 640
569 68 19 85 68 189 68 550 501 68 85 68 397 68 397 68 331 149 68 397 68 550 501 85 359
189 550 158 85 68 158 108 68 5 189
5 68 288 68 19 85 68 158 108 68 430 199
405 85 299
569 68 81 68 189 68 397 68 241 68 64 211 108
189 68 607 158 68 430 68 64 211 108 68 64 211 108
503 189
503 158 108 68 158 108 68 397 68 397 68 397 68 397 68 397
43 158 68 189 68 339 68 517 85 359
19 85 68 550 501 68 397 68 241 68 241 68 43 158 108 68 241 68 397 68 241 68 241 68 241 68 241 68 241 68 241 430 199
87 68 19 85 68 569 68 5 189 68 405 68 405 68 405
189 68 5 68 397 68 397 68 397 68 569 68 85 359
189 68 550 501 68 397 68 397 68 550 501 68 64 211 108
51 86 68 527 359
261 86 68 189 68 189 68 550 158 108 68 339
240 550 158 68 430 68 430 199
189 240 51 85 359
189 68 550 158 68 607 158 68 550 501 68 241 68 241 68 405 85 152
430 68 288 68 370 68 5
85 517 211
87 68 339 68 430 68 158 108 68 607 158 68 607 158 68 550 158 68 283 68 503 158
64 211 108 68 189 68 397 68 569 68 569 68 70 158
189 68 5 189 68 569 108
503 189 68 517 68 189 68 4 240 68 4
19 85 68 550 158 108 68 339
261 86 68 258 68 158 108 68 569 68 607 158 68 607 158 68 550 158 68 189
503 158 68 550 501 68 397 68 569 68 569 68 569 68 569 68 569 108
64 211 108 68 5 68 397 68 397 68 607 158 68 5 68 331 68 430 68 189 68 331
5 68 81 68 189 68 5 189 68 405 68 405 68 405 108
261 86 68 527 68 189 68 339
43 158 68 550 158 108 68 569 68 85 4 189
189 68 430 68 5 108 68 550 158 118
51 85 359
607 158 68 85 68 550 501 68 397 68 43 158 68 43 158 68 43 158 68 189 68 550 158 68 189 68 189
85 517 211
189 68 430 299 68 158 108 68 397 68 397 68 397 68 397
593 163 68 430 68 430 68 241 68 241
85 359 359
607 158 68 527
339 68 240 68 240
87 68 258 68 569 68 569 68 241 68 569 68 19 85 359
189 68 339 68 397
405 240 389 158 118 68 517 85 359
550 158 68 607 158
607 158 68 299 68 569 68 430 199
87 68 339 68 70 158
189 68 607 158 68 339 68 189 68 189
85 543 389 85
261 86 68 607 158 68 189 68 550 501 68 85 68 43 158 108
283
503 189 68 527 68 189 68 430 68 241 68 640 68 640 68 64 211 108
158 85 359 68 189 550 501 68 189 550 158 118
593 163 68 517 68 517 68 64 211
607 158 68 517 68 241 68 241 68 241 68 5 189
261 86 68 5 68 189 68 397 68 569 68 430 199
359
189 68 517 68 517 68 569 68 569 68 85 359
607 158 68 607 158 68 283 68 241 68 64 211 108
5 189 68 258 68 517
189 68 607 158 68 158 68 158 108 68 321 247
189 68 258 68 569 68 85 68 240 389 158 108 68 43 158 108 68 64 211 108
5 68 85 68 446 68 569 68 569 68 569
347 501
240 211 149
153 189 68 124 68 607 158 68 5 68 241 68 241 68 241 68 397 68 241 68 241
503 189 68 405 68 405 68 241 68 241 68 397 68 397 68 189 68 397 68 189
430 68 288 68 158 68 607 158 68 189 68 189
43 158 68 81 68 517 85
189 68 607 158 68 5 68 258 68 85 4 258 68 430 199
240 389 158 118
240 430 199
527 359 389 158
261 86
189 68 397 68 397 68 189 68 331
503 189 68 5 68 81 68 397 68 569 68 19 85 359
5 68 85 68 288 68 189 68 158 108
189 68 569 108 68 569 68 569 68 170 108
5 68 81 68 19 68 569 68 158 108
261 86 85 359
51 86 68 607 158 68 397 68 550 501 68 64 211 108 68 430 68 64 211 108 68 550 158 68 397 68 397 68 189 68 189 68 241 68 550 158 118
43 158 68 199 149
87 68 339 68 85 359 389 85 359
189 68 430 85 68 85 68 189 68 339 68 397 68 189 68 85 359
430 85 85
607 158 68 149 389 339
430 299 68 517 68 517 118
593 163 68 85 359 68 19 85 68 19 85 68 19 85
189 68 527 68 607 158 68 81 68 550 501
5 68 81 68 19 68 158 108 68 550 158
43 158
430 85 365 430
569 68 405 68 405 68 189 68 331 149 68 331 149 68 331 149
359
189 68 607 158 68 607 158 68 607 158 68 607 158 68 607 158 68 189
189 68 550 158 543 68 5 68 405 68 607 158 68 43 158
189 68 430 68 85 359
359 211 108
43 158 108
430 108 68 86 68 550 501 68 189 68 64 211 108 68 64 211 108 68 397 68 550 501 68 331 149
43 158 68 527 68 189 68 189 68 85 359
430 85 85
397 68 550 501 68 189 68 339 68 339 68 607 158 68 189
43 158 68 550 501 68 241 68 241 68 241 68 607 158 108 68 241 68 64 211 108
189 550 158 85 359 389 158 118
43 158 68 550 501
189 68 527 68 81 68 405 108 68 405 85
189 68 607 158 68 339 68 397 68 550 158
397 68 124 68 430 68 640
43 158 68 397 68 397 68 339
189 68 550 501 68 397 68 397 68 569 68 397 68 397 68 397 68 397
189 68 241 68 241 68 189 68 189
5 108 68 527
189 68 651 123 68 397 68 189 68 189 68 607 158
569 108 68 258 68 501 68 569 68 189 68 85 152 68 331 430 199 68 189 68 189 550 501 85 359
240 430 241 359
19 85 68 85 68 240
85 4 189 85
5 189 241 359
241 68 5 189 68 189 68 430 299
189 68 430 68 527 359 68 607 158 68 640 68 503 158
607 158 68 607 158 68 240 68 241 68 241 68 5 189
189 68 430 149 68 550 158 108 68 397 68 397 68 397
321 189 211 85 359
5 108
189 68 607 158 68 527 68 5 68 241 68 397 68 189 68 430 199 68 64 211 108
189 68 607 158 68 607 158 68 607 158 68 189
397 85 359 68 430 299 389 85 359
189 68 527 68 527 68 607 158 68 607 158 68 397 68 397 68 397 68 389 158 68 331
607 158 68 81 68 247 68 5
149 68 124 68 189 68 397 68 569 68 569 85 359
79 430
43 158 68 258 68 189 68 517
211 607 158 68 194
43 158 240 550 430
261 86 68 569 68 189 68 5 189 68 321 247 68 5 189
43 158 68 550 158
189 68 607 158 68 64 211 108 68 430 199
503 85 68 527 68 569 68 569 68 85 359
189 68 607 158 68 527 68 607 158 68 607 158 68 607 158 68 283 68 283
503 158 108
85 5 189 68 642 211 108
158 108 68 288 68 283 68 5
527 359
5 68 288 68 240 211 108 68 5 189 68 19 85
430 199 68 517 68 64 211 108
397 68 405 68 550 158 543
189 68 607 158 68 527 359 68 5 68 241 68 241 68 241 68 405 108 68 241 68 241 68 569 68 241 68 569 68 569 68 241 68 5 189
5 189 68 359 68 85 359
189 68 85 68 550 158 108 68 397
241
240 211
158 108 68 370 68 19 85 359
43 158
261 86 68 158 108 68 397 68 241 68 241 68 241 68 189
211 68 405 68 247
527 68 607 158 68 550 501 68 241 68 241 68 430 199 68 430 108 68 43 158 108
564 68 569 68 5 189 68 397 68 5
503 189 68 5 68 569 68 253 68 189 68 189 68 189 68 331 149
241 68 517 68 170 108
240
189 68 397 68 240 211 68 241 68 5 189 68 5 189
158 108
5 189 68 359
189 68 607 158 68 569 68 261 86 68 261 86 85
189 68 550 501 68 569 68 569 68 569 68 569 68 569
189 68 241 68 5 108
261 86 68 124
240 4 85
43 158 359
569 108 68 258 68 5 189 68 550 158 108
158 108 68 43 158 68 527 68 607 158 68 527
189 68 607 158 68 607 158 68 283
85 359 68 569 68 339 68 503 189
5 149
321 189 68 550 501
85 359 389 158 108 68 19 85
607 158 68 81 68 397 68 397 68 550 501 68 397 68 19 85 68 397 68 550 158 68 550 501 68 397 68 397 68 550 501 68 550 501 68 550 501 68 550 501 68 550 501 68 550 501 68 550 501 85 5 189 68 550 501 68 550 501 68 550 501 68 550 501 68 550 501 68 189 68 189 68 550 158 118 68 550 158 118 68 550 501 68 51 86 68 397 68 86 68 86 68 85 68 189 68 189 68
607 158 68 593 85 359 68 241 359
430 149 550 158 359
261 86 68 283 68 43 158 68 43 158 68 43 158 68 43 158 68 550 158
617 68 430 68 430 68 189 68 189 550 158 118
503 86 68 550 501 68 85 359 68 359
43 158 68 64 211 108
43 158 68 550 501
241
527
189 68 283 68 550 158 108 68 64 211 108
211 543
607 158 68 81 68 189 68 189 68 189 550 158
397 68 550 158 118
261 86 68 283 68 189 68 569 68 569 68 85
607 158 68 607 158 68 81 68 241 68 241 68 241 68 241
430 149 68 607 158 68 517
189 68 607 158 68 527 68 5 68 397 68 607 158 68 397 68 550 158 68 189 68 189 68 189
261 86 68 283 68 430 68 85 359 68 569 68 397 68 85 359
189 68 85 4 211 339
85 430 149
283 68 527 68 189 68 550 158 108 68 64 211 108
241 68 370 68 370 68 5 68 81
43 158 108
43 158 68 189 68 64 211 108
241 85 359
240
189 68 607 158 68 430 68 5 189 68 430
211 68 64 211 108 68 189 68 5 189 68 607 158 68 331 149 68 64 211 108
43 158 68 288 68 5 68 253 68 5 189 68 5 189
261 86 68 124
651 123 68 569 68 569 68 85 359
283 68 158 108 68 569 68 397 68 569 68 85 359 68 85 359 68 85 359 68 189
241 359 389 85 359
64 211 108 68 517 68 569 68 517 68 430 68 430 199 68 430 68 430 68 86
43 158 68 85 68 430 68 241 68 241 68 569 68 430 199
189
43 158 68 550 501 68 189 68 430 68 85 359 68 430 199 68 85 359 68 397 68 550 501 85 359
189 68 527 68 5 68 517 85
501 85 4 189 68 517 85 359
503 189
283 68 517 68 517 68 64 211
339 68 43 158 68 43 158 108 68 569 68 85
607 158 68 550 501 68 397 68 189 68 607 158 68 5 189 68 550 501 68 550 501
359 211 240 211 68 70 158 108
607 158 68 365 430 199 68 241
607 158 68 527 359 68 607 158 68 19 85
503 158 108 68 339 68 550 501 68 397 68 19 85 359 68 19 85 359 68 339 68 189
43 158 68 189 68 550 158 68 607 158 68 81 68 607 158 68 550 501 68 517
189 68 5 68 170 299 68 189 68 170 108
261 86 68 261 86 68 5 68 261 149
569 108 68 430 68 430 68 240
43 158 258
517 85 4
240 51 86 211
5 68 85 152 211 189
240 550 501 68 241 68 241
503 158 108 68 569 68 569 68 569 68 85 359 68 569 68 85 359
283
85 359 51 86
258 108 68 339 68 397 68 189
503 339
261 86 68 124 68 5 68 517 68 569 68 430
430 222
430 149
197 86 211 359
430 241 430
43 158 240
527 68 5 68 81
5 189 68 550 158 108 68 5 189
64 211 108 68 240 211 240
87 68 339 68 70 158
189 68 241 68 397 68 397 68 569 68 85 4 258 68 517
593 163 68 607 158 68 397 68 397 68 397 68 397 68 569 68 397 68 397
593 163 68 5 189 68 19 85 68 19 85
153 108 68 189 68 527 359
405 85 359
189 68 607 158 68 640 68 189 68 241 68 189
397 68 85 299
51 86 68 51 86
43 158 68 81 68 607 158 68 5 68 397 68 124
189 68 339 68 158 108 68 569 68 85 359
261 86 68 245 449 68 158 108 68 5
158 108
149 389 85 359 68 189 211 189 68 550 158 118
211 108
405 199 551
43 158 68 503 189 68 339 68 339
527
85 359
189 211 85 359 389 158 118 68 211
189 68 258 68 531 85 359 68 569 68 569 68 397 68 397 68 569
87 68 569 68 240 211 108 68 339 68 569 68 189 68 189
607 158 68 5 68 81
189 68 607 158 68 527 68 189 68 189 68 607 158
339 68 397 68 397
51 543
64 211 149 68 370 68 397
189 68 527 359 68 569 68 569 68 85 152 68 430 68 430 199 68 550 158 108 68 550 158 118
54 86 68 85 359 68 607 158 68 19
5 68 370 68 81 68 5 68 503 158 68 503 158 68 503 158 68 503 158
569 68 607 158 68 550 501 68 517
87 449 68 503 189 68 5 189 68 517 68 5 189
149 550 359 68 359
189 68 405 85 152 68 19 85 68 569 68 569
543 258 85
5 68 288 68 517 68 517 85 359 68 569 68 517 85
321 68 569 68 211 543
283 68 527 68 527 68 5 68 241 68 241 68 241 68 241 68 569 68 569
430 85 4 85 68 189 68 430 199
189 85 550 158 108 68 43 158 189 68 241
430 299
194 68 5 68 397 68 397
569 68 5 68 397 68 397 68 241 68 569 68 397 68 397 68 569 68 397 68 397 68 550 501
189 68 607 158 68 81 68 241 68 405 68 405 68 405
527 68 359 68 85 359 68 397 68 397
189 68 241 68 189 68 189
5 108
503 189 68 503 189 68 5 189 68 517
158 85 359
240 550 158 149
64 211 108 68 81 68 569 68 569 68 569 68 607 158 68 550 158 118
503 108 68 517 68 607 158 68 569 68 19 85 68 397 68 19 85 68 397 68 397 68 189 68 397 68 189 68 19 85 359 68 397 68 569 68 550 158 118 68 550 158 118 68 430 550 158 118 68 430 68 430 68 430 149 550 158 118
607 158 68 550 501 68 397 68 397 68 397 68 397 68 5 68 550 501 68 189 68 189 68 189
189 68 527 68 283
43 158 68 550 158
189 68 550 501 68 397 68 64 211
503 158 108
189 258 359 68 241 68 241
5 189 68 85 359 211
189 68 607 158 68 607 158 68 550 158 108
87 68 527 68 569 68 569 68 569 68 158 108 68 19 85
43 158
43 158 359 68 430 68 43 158 108 68 241 68 241
211 430
189 68 5 68 569 68 569 68 569 68 569 68 241 68 430 199
359 211 85 359 149
211 43 85 359 389 85
43 158 359 389 339
189 68 405 68 81 68 189 68 153 189
64 211 108 68 569 68 189 68 158 108
189 68 430 85 359 68 397 68 397 68 397 68 397 68 331
189 68 527 68 189 68 189 68 189 68 189
405
607 158 68 550 501 68 397 68 5 189 68 640 68 640 68 430 199
261 86 68 124 68 189 68 607 158 68 569 68 517 68 517 68 64 211 108 68 569 68 64 211 108
211 85 359
240 359
5 85 359
503 189
430
43 158 68 550 501
189 68 5 68 397 68 397 68 397 68 569 68 85 359
19 163 68 550 501 68 189 68 64 211 108
261 86 68 189 68 339 68 170 68 170
261 86 68 5 68 253 359 68 569 68 569
211 85 359 68 517 85
283 68 124
261 86
85 359
430 211 607 158 68 5 68 543 68 405 85
550 158 359 68 359
189 68 64 211 108 68 189 68 430 68 531 158 108
240 550 158 149
87 68 607 158 68 81 68 397 68 569 68 569 68 569 68 19 85 68 503 158
189 68 5 68 397 68 124 68 503 158
189 68 607 158 68 124 68 189 68 189
607 158
189 68 607 158 68 430 68 43 158 68 43 158
5 189 85 68 85 152 68 517 85 359
189 68 607 158 68 397 68 607 158 68 550 501 68 397 68 550 158 68 64 211 108
240 258 240
503 189 68 43 158 68 607 68 253 68 258 149
43 158 68 550 501 68 19 85 68 19 85 68 607 158 68 19 85
405 68 611 189 68 189
564 299 211 359
503 189 68 517 68 569 68 517 85 68 5 68 517 68 517 68 640 68 569 68 64 211 108
189 85 550 158 108
430 68 5 68 607 158 68 607 158 68 607 158
607 158 68 550 339 68 211 68 189 68 550 501 68 550 158 118
321 569 68 430 68 85 299 389 158 118
241 68 149 211 149
5 68 258 68 19 85 68 517 68 517 68 43 158 68 517
359 211 543 389 158 118
321 68 569 68 5
569 68 569 68 85 359 68 430 68 241 68 5 189 68 241 68 569 68 569 68 124
261 86
211 199 68 550 501
43 158 68 550 501 68 5 68 397 68 19 85 68 607 158 68 550 158 68 397 68 517
405 68 124 68 253
240 211 149
593 85 68 158 108 68 550 501 68 397 68 397 68 397
593 163 68 430 68 158 108 68 569 68 19 85 68 19 85
283 68 527 68 527 68 189 68 331 487 359
189 68 569 108 68 211 68 211 189 68 64 211
321 189
321 68 569 68 64 211 211
5
189 68 5 189 68 430 68 158 108 68 397 68 607 158 68 430
283 68 245 449 68 5 68 5 68 370 68 370 68 5 68 19 85
87 68 339 68 85 359 68 241 68 241 68 241 430 199
593 85 68 158 108 68 397 68 241 68 241 68 241
189 68 158 108 68 430 68 430 199
189 68 339 68 430 149 68 430 68 19 85 68 19 85 68 430 149
503 158 85
503 189
607 158 68 550 501 68 397 68 397 68 569 68 397
211 68 158 108 68 569 68 331 149 68 331 149 68 405 68 405
501 85 68 517 68 569 68 240 211 68 569 68 19 85 359 68 569 68 339 68 339 68 64 211 108
189 68 430 68 640 68 640
5 189
359 389 158
43 158 240
43 158 149 550 158
359 51 85 68 240
569 68 397 68 550 501 68 397 68 241 68 241 68 241 68 241 68 397
607 158 68 527 68 527 359 68 5 68 81 68 5 189 68 331
189 68 261 86 85 359
43 158 149 68 550 487 149
85 359
430
397 68 85 347 158 118
241 359
261 86 68 527 359
43 158 189
517 68 5 189 68 64 211
43 158 68 189 68 85 359 68 569 68 569 68 569
607 158 68 339 68 397 68 43 158 68 241 68 43 158 68 64 211 108
149
288 68 550 501 68 189 68 430 68 430 199 68 430 199
211 68 569 68 19 85 68 19 85 359 68 19 85 359
197 86
258 149 68 5 189 68 189
43 158 68 245 449
43 158 68 81 68 5 68 241 68 5 189 68 241
189 68 607 158 68 189 68 607 158 68 550 158
85 517
569 68 240 550 501 68 189 68 189 68 189 68 189 68 189 68 189 550 158 108
543 85 253
240 550 158 517
5 68 288 68 19 85 68 430 68 241 68 640 68 640
607 158 68 527 359
194 68 607 158 68 607 158 68 397 68 5 189 68 261 86
503 158 108 68 527 68 5 108 68 331
64 211 108 68 569 68 569 68 569
430 85 359
569 108 68 189 68 189 68 569 68 569 68 569 68 19 85
517 85
651 123 68 527 68 607 158 68 397 68 283 68 569 68 85 359
197 86 68 607 158 68 569 68 569 68 241 359
189 68 5 68 397 68 397 68 569 68 241 430 199 85 359
43 158 68 149 68 258 68 503 158 108 68 503 189 68 517 85
397 68 550 158 68 64 211 108
158 108 68 569 68 501 85 4 240 211 68 517 85 68 517 85
503 189 68 64 211 108 68 430 68 64 211 108 68 569 68 64 211 108
43 158 68 288 68 370 68 5 68 569 68 569 68 517 68 569 68 517
189 68 339 68 397 68 241 68 241 68 240 211
321 189 68 189 68 397
87 68 339 68 70 158
87 68 339 68 5 68 5 68 241 68 241 68 241 68 405 108 68 405 68 241 68 569 68 569 68 569 68 569 68 569 68 241 430 199
211 199 68 189 68 189 68 158 189
43 158 108 68 550 501 68 397 68 241 68 64 211 108 68 64 211 108 68 64 211 108
288 68 189 149
5 68 245 449
261 86 68 569 68 5 68 241 68 241 68 241 68 241 68 241 68 241
607 479 68 550 501 68 43 158 108
189 68 550 501 68 397 68 43 158 68 43 158 68 43 158 68 550 501
189 68 607 158 68 397 68 397 68 397
51 86 108 68 517 85
153 189 68 85 359
189 68 569 68 85 152 389 158 108 68 550 501 68 189 68 550 158 118 68 331 149 68 331 149
607 158 68 85 359 68 569 68 569 68 569 68 19 85
517 550 501
405 258 68 430 149 68 64 211 108
189 240 51 85 359
607 158 68 241 68 189 68 189 68 189
430 68 607 158 68 189 68 189
43 158 68 189 68 5 68 397 68 170 299 68 5 189
87 68 397 68 359
189 68 5 189 68 607 158 68 503 189 68 569 68 245 449
276 85 68 19 85 68 607 158 68 607 158 68 607 158 68 81 68 189 68 607 158 68 607 158 68 189 68 189 68 189 68 607 158 68 607 158 68 607 158 68 550 158 68 607 158 68 430 68 430 68 430 68 5 189 68 430 68 158 108
517 258
405 261 86
397 68 569 85 359
189 68 607 158 68 517 68 517 68 517
158 108 68 397 68 397
19 163 68 550 501 68 397 68 397 68 550 501 68 607 155
240 299 68 241 68 64 211
43 158 108 68 550 158 68 397 68 397 68 189 68 189 550 158 118 68 189 68 241 359
51 86 68 370 68 397 68 241 68 607 158 68 607 158 68 241 68 189 68 189 68 64 211 108
241 359
189 68 339 68 397 68 550 158 108 68 569 68 569 68 430 199
189 68 430 68 241 68 241 68 241 68 241 68 397 68 640
64 211 108 68 158 108 68 569 68 19 85
79 430
189 68 527 68 527 359
189 68 607 158 68 607 158 68 607 158 68 607 158 68 607 158 68 607 158
211 189
19 85 68 550 158 149
189 68 261 86 68 283 68 5 68 81 68 189 68 189 68 189
503 189 68 5 68 258 68 85 68 569 68 85 359 68 405 68 405 108
651 123
503 158 108 68 241 68 607 158 68 607 158 68 607 158 68
43 158 68 189 68 607 158 68 240 550 158 68 430 199
5 68 81 68 19 85 68 430 199 68 517
607 158 68 569 68 189 68 85 299
607 158 68 81 68 189 68 430 68 241 68 241 68 430 199
158 108 68 430 68 158 108 68 405 189 68 405
153 68 240 68 240 211 108 68 430 68 430 68 430 199
564 68 189 68 189 68 569 108
43 158 68 261 86
261 86 68 283 68 5 68 331 68 70 158
189 211 222 211 108 68 430 149
607 158 68 550 501 68 397 68 241 68 640 68 640 68 640 68 640 68 241 68 241
64 211 108 68 5 68 397 68 397 68 607 158 68 607 158 68 430 68 430 68 5 189 68 607 158 68 5 189 68 607 158 68 607 158 108
87 68 19 85 68 430 68 189 68 85 4 258 149 68 430 199
153 108 68 189 68 569 68 43 158 68 430 199 68 430 199
51 86
503 189 68 19 85
261 86 68 124 68 5 68 397 68 241 68 640 68 640
43 158 68 189 68 189
19 85 68 189 68 331 487 359 68 397 68 19 85
569 68 85 68 406 158 108 68 189 68 85 152
593 85 68 550 158 108
189 68 550 501 68 397 68 569 68 241 359 68 569 68 569
503 158 108
43 158 68 194 68 397 68 607 155 68 64 211 108
64 211 108 68 339 68 241 68 241 68 241 68 569 68 19 85
261 86 68 124
321 479
405 68 517
5 68 81 68 19 85 68 430 68 241 68 430 199
64 211
607 158
5 68 81 68 158 108 68 607 158 68 607 158 68 261 86
503 86
19 85 68 339
593 85 68 370 68 5 68 253 68 85 359
550 501 68 245 449 68 640 68 640
261 86
430 299 68 189 68 189 68 170 108
261 86 68 607 158 68 527 68 5 68 607 158 68 5 68 81 68 189 68 5 68 607 158 68 189 68 189 68 189 68 607 158 68 5 68 5 68 5 68 5 68 550 158 68 5 189 68 550 501 68 5 68 5 189 68 5 189 68 5 189 68 5 189 68 5 189 68 5 189 68 5 68 158 68 5 68 5 68 5 189 68 5 68 527 68 527 68 607 158 68 5 68 607 158 68 5 68 5
527 68 5 68 283 68 607 158 68 550 501 68 64 211 108
503 240
5 68 288 68 149 68 397 68 397 68 569 68 430 199
651 123 68 527 68 189 68 405 68 240
149 389 158 108
283 68 550 501 68 397 68 397 68 397 68 397
283 68 430 68 85 359 68 517 359 68 517
569 68 569 68 430 299 68 430 68 430 68 430 199 68 430 199 85 359 68 569 68 569 68 569
339 68 550 158 68 550 158
5 68 288 68 241 68 189 68 405 241
503 189 68 517 68 5 68 397 68 397 68 397 68 397 68 550 158 118
5 68 405 68 405 68 607 158 68 81 68 189 68 189
253 68 189 550 158 118
569 68 258 149 68 517 68 503 158
397 68 261 86
189 68 550 501 68 397 68 339 68 241 68 430 68 430 199 68 430 199
153 108 68 527 68 189 68 430 299 389 158 118 68 189 68 430 199
503 189 68 5 68 81 68 241 68 241 68 5 189 68 241 430 68 241 430
189 68 158 108 68 189 68 347 501 68 189 68 189
43 158 68 503 86
607 479 68 189 68 569 108
430 85 85
261 86 68 245 449
43 158 68 189 68 339 68 240 211 108 68 569 68 569 68 517
503 189 68 124 68 397 68 397 68 397 68 397
87 68 370 68 5 68 397 68 19 85 68 19 85 359
85 258 85 359 389 158 118 68 189 68 189
189 68 331 68 527 68 189 68 430 68 405 68 405
189 68 5 189 68 397 68 569 68 241 68 241 68 640
339 551 68 339 68 503 158
87 68 81 68 189 68 241 68 241 68 640 68 640 68 640
503 339
43 158 68 5 189 68 189
43 158 68 245 449
189 550 487 85
5 68 81 68 19 68 430 68 430 68 430 68 430 199
569 68 241 68 517 68 397 68 189 68 607 158 68 607 158 68 397 68 189 68 607 158 68 397 68 189 68 189 68 170 108
85 517 68 189 68 569 68 569 211 85 359
64 64 64
261 86 68 569 68 189 68 240 211 68 64 211 108
503 158 108 68 189 68 569 68 64 211 108 68 189 68 189
240 550 501 68 189 68 189 550 501
43 158 68 189 68 189 68 569 68 569 68 85 359
189 68 607 158 68 527 359 68 5 68 189 68 397 68 253 68 397 68 189 68 170 299
5 189 108
240 389 158 118 68 339
5 189
189 68 430 68 405 68 5 189 68 288 68 370 68 5
261 86 68 124 68 189 68 550 158 108 68 569 68 19 85 68 569 68 550 158 108
19 85 68 430 68 240 68 241 68 569 68 19 85 68 19 85
397 68 569 68 258 149
593 163 68 5 189 68 397 68 331
189 68 331 487 149 68 370 68 5 68 397 68 5 68 5
261 86 68 245 449
503 158 108
430 85
189 68 569 68 569 68 85 299 68 569 68 85 68 397 68 85 152 389 158 108
651 123 68 258 149 68 5 189 68 607 158 68 5 189 68 430 68 194
430 551
607 158 68 550 501 68 397 68 397 68 550 501 68 397 68 550 501 68 397 68 550 501 68 550 501 68 397 68 397 68 397 68 550 501 68 550 501 68 550 501 68 550 501 68 550 501 68 550 501 85 5 189 68 550 501 68 5 189 68 550 501 68 189 68 189 68 550 501 68 430 68 430 68 430 149 68 5 189 68 550 501 68 430 68 51 86 85 68 189 68 189 68 430 68 189 68 189 68
240 51 86 211
607 158 68 527 359
283 68 339 68 5 68 397 68 241 68 397 68 397
503 339
43 158 85 359 389 85 359
189 68 517 68 517 68 517
189 550 487
503 339
153 108 68 253 68 370 68 5 189 68 640 68 430
189 68 241 68 5 189 68 241 68 569 68 569 68 569
569 85 365
189 68 527 68 189 68 569 68 241 68 241 68 189
43 158 68 5 189 68 189
189 68 569 108 68 430 68 430 68 430 68 430 199 68 430 199 68 430 199 68 158 108
189 68 5 189 68 339 68 339 68 550 501 68 397 68 430 68 550 158
43 158 149
51 86 68 241 359
5 68 81 68 339 68 397 68 241 68 569 68 569 68 569 68 85 359
64 211 108 68 19 85
64 211 108 68 569 68 569 68 550 158
43 158 189
261 158 68 397 68 5
359 211
240 258 551
43 359
153 108 68 158 108 68 397
527 68 189 68 607 158 68 81 68 550 501 85 359 68 517
430 4
261 86 569
189 68 86 68 550 501 68 397 68 397 68 5 189
240 258
607 211 149
189 68 245 449 68 158 118 68 158 118
189 68 5 189 68 531 158 118
607 158
149 550 501 68 503 189
503 85 68 527 68 5 68 503 158 118 68 283
51 86
211 68 569 68 158 108 68 158 108 68 158 108
593 163 68 245 449 68 19 85 68 430
397 68 124 68 430 68 640
85 550 501
593 163 68 189 68 189
87 68 258 68 569 68 240 299 68 240 68 241 68 240
430 108
43 158 359 68 430 68 43 158 108 68 241 68 241
64 211 108 68 240 68 397 68 569 68 19 85 68 19 85 359 68 569 68 64 211 108
405 149 550 501 68 241 68 5
189 85 299 149
197 86 211 68 189 68 211
189 68 5 189 68 19 85 68 5 189 68 370 68 241 68 19 85 68 397 68 241 68 241 68 5 189 68 241 68 5 189 68 241 68 5 189 68 5 189 68 550 158 108 68 5 189 550 158 118 68 5 189 68 5 189 68 5 189 68 5 189 68 430 68 158 108 68 370 68 5 189 68 158 108 68 370 68 370 68 430 68 430 68 430 68 430 68 430 68 430 68 430 68 430 68 189 68 189
240 299 68 640 68 189 68 189 68 550 158 108
189 68 607 158 68 81 68 397 68 158 108 68 430 199
339 551 68 569 68 339
543 389 85
283 68 550 501 68 189 68 607 158 68 607 158 68 430 68 430 199
158 339
405 68 241 68 640 68 5 189
189 68 64 211 68 189 68 607 158 68 189 68 607 158 68 189 68 189
261 86 68 607 158 68 189 68 64 211
189 68 430 85 68 85 152 68 189 68 430 199 68 241 68 640
85 68 642 211 68 405 108
19 85 68 85 68 240
593 163 68 85 68 550 158 108 68 550 501 68 607 158 68 550 158 108 68 397 68 550 501 68 397 68 397 68 550 158 108
5 189 68 347 501 68 517 68 569 68 64 211 108
43 158 68 550 501
64 211 108 68 430 68 430 68 430 68 430 68 430 199 68 430 199
64 211 108
240 149
189 68 430 68 339 68 397 68 397 68 550 501 68 189
288 68 527 68 189
189 68 607 158 68 607 158 68 607 158 68 607 158 68 81 68 43 158 68 189 68 189 68 189 68 189 68 189 68 43 158 68 189 68 607 158 68 607 158 68 607 158 68 430 299 550 158 68 430 68 430 68 430 68 189 68 189 68 189 68 158 68 430 68 189 68 158 68 430 68 430 68 430 389 158 68 189 68 607 158 68 430 68 430 68 430 68 189 68 189 68 189 68 189 68 189 68 189
417 68 569 68 85 4 85 359
321 68 189 68 527 359 68 607 158 68 550 501 68 569 68 550 158 108
240 359
5 189
189 68 43 158 68 517 359
261 86 68 607 158 68 124
370 68 241 68 5 108
261 86 68 124
5 68 288 68 149 68 19 85 68 19 85 68 19 85
211 68 569 68 158 108 68 158 108 68 158 108
240 430 68 241
189 68 607 158 68 81 68 397 68 158 108 68 430 199
5 189 68 405 68 405 241
189 85 359
85 359 389 85
64 211 108 68 430 68 430 68 569 68 430 68 430 199
43 158 68 189 68 339 68 5 189 68 569 68 569 68 640
240 68 501 68 430 199 68 5
593 163 68 5 189 68 430 68 211 68 211 543 211
64 211
569 68 569 68 158 108 68 339 68 503 189
261 86 68 261 86 68 5 68 397 68 397 68 397 68 189
87 68 370 68 5 68 397 68 397 68 397 68 569 68 569 68 397 68 397 68 569 68 550 501
64 211 108 68 5 189 68 397 68 85 359 68 19 85 359 68 85 359 68 569 68 85 359
170 108 68 527 359 68 189 68 569
5 68 240 68 240 211 108 68 569 68 569 68 19 85
240 359 68 569 68 517 430
189 68 430 68 189 68 607 158 68 430 199 68 5 189
189 68 430 68 405 68 397 68 397 68 397 68 397 68 397 68 550 501
261 86 68 283 68 5 68 569 68 640
85 517 359
503 158 108 68 569 68 569 68 569 68 85 359
283 68 550 501 68 517 68 517 68 517
189 531 299
5 85
430 222
370 68 241 68 5 108
5 68 85 68 64 211 108 68 189 68 189
5
149 550 158 149
405 68 405 68 430 359
261 86 68 607 158 68 81 68 241 68 607 158 68 607 158 68 64 211 108
593 163 68 550 501 68 43 158 68 611 189
564
85 299
261 86 68 124
189 68 430 68 607 158 68 189 68 550 501 68 43 158
211 85 359 68 517 85
607 158 85 4
5 68 258 68 85 68 517 68 517 68 64 211 108
211 68 19 85 68 5 68 331 149 68 331
43 158 68 288 68 240 68 189 68 331 149 68 189 68 189
189 68 527 68 607 158 68 19 85 68 569 68 569 68 19 85
189 241 430
397 68 245 449 68 517 68 517 68 517
51 258 68 245 449
189 68 5 68 397 68 397
43 158 258 68 406 158 68 43 158
607 158 68 527
43 158 68 85 68 158 68 261 86 68 261 86 68 283 68 261 86
240 389 158 85 68 517
359 211 240 211 68 70 158 108
5 189 68 85 359
43 158
211 85 359 68 430 299
593 163 68 430 68 607 158 68 241 68 240 211 68 241 68 241 68 569 68 241 68 241
607 158 68 550 501 68 397 68 550 501 68 64 211 108 68 550 158 68 64 211 108 68 550 501 68 189 68 189 68 550 501 68 607 158 108
430 299 68 64 211 108
607 158 68 607 158 68 550 501 68 64 211 108
5 68 81 68 19 68 405 68 405
261 86 68 283 68 370 68 5 68 569 68 569 68 569
240 222 85
607 158 68 339 68 607 158 68 339 68 64 211 108
189 68 64 211 108 68 189 68 430 68 531 158 108
189 68 607 158 68 240 211 68 43 158 68 64 211 108
430 70 158 68 527 68 81 68 19 85 68 607 158 68 550 158 108 68 550 158 68 550 158 118
527 68 405 68 517 68 569 68 569 68 85 152
85 5 189 85 359
189 68 607 68 81 68 397 68 241 68 241 68 640
501 85 4 189 68 158 118
607 158 68 359 68 211 607 158 68 550 158 359
503 158 108 68 5 68 189 68 241 68 370 68 5 189 68 5 68 261 86
503 158 108 68 189 68 569 68 241 68 241 68 5 189
85 5 189 68 517 68 43 158
153 108 68 189 68 189 68 189 68 253 68 189 68 5 189
405 240
359 389 158
189 68 430 68 569 108 68 569 68 569 68 85 4 258 551
43 158 68 550 501 68 189 68 241 68 64 211 108 68 241 68 64 211 108 68 241 68 241 68 241 68 189 68 189 68 569 68 241 430 199
240 389 339
43 158 68 550 501 68 5 68 405 68 405 68 405 68 405 108 68 405 68 64 211 108
405 68 517
430 85 359
43 158
43 158 108 149
189 68 339 68 158 108 68 550 501 68 331 487 359 68 158 118 68 85
87 68 339 68 189 68 5 189 68 124
261 86 68 64 211 68 64 211 108
189 68 550 501 68 189 68 5 189 68 607 158 68 607 158 68 550 158
593 163 68 517 68 19 85 68 397 68 569 68 19 85 68 19 85 68 19 85 68 19 85 359
527
240 158 108
569 68 405 108 68 189 68 430 149 68 240 550 158 149
5 68 288 68 81 68 189 68 241 68 640 68 640 68 640 68 189 68 397
607 158 68 85 359 68 19
199 551
261 86 68 550 158 108 68 19 85 68 19 85
54 86 68 85 359 389 158 108
87 68 339 68 70 158
64 211 108 68 550 501 68 397 68 607 158 68 43 158 68 550 158 68 64 211 108
240 430
211 607 158 68 241 68 569 68 64 211
43 158 108 68 189 68 397
503 158 108 68 569 68 569 68 569 68 569
43 158 108 68 189 68 397 68 331 487 359
501 85 64 211
189 550 158 85 359 389 158 118
5 68 81 68 158 108 68 430 68 430 68 430
189 68 81 68 331 149
153 68 85 359 68 5 68 85 152 68 430 199 68 430 199
189 68 527 68 5 68 189 68 607 158 68 81
189 68 550 501 68 189 68 607 158 68 550 501
197 86 68 189 68 527 68 189 68 189 68 189 68 430 199
240 51 86 211
87 68 258 68 569 68 569 68 339
85 258 551
550 86 85
189 68 85 359 68 5 189 68 241 68 405 68 405 241 68 405
339 68 550 501 68 19 85 68 607 158 68 19 85 68 19 85 68 19 85 68 64 211 108
87 68 527 68 607 158 68 607 158 68 640
283 68 517 68 240 211 85 359
211 543 68 430 359
261 86 85
43 158
430 299 85 68 430 68 517
189 68 527 68 189 68 241 68 241 68 569 68 569 68 189
240 550 158 118 68 158
430 299
211 68 569 68 258 149 68 189 68 569 68 189 68 430 199
593 163 68 158 108 68 430 68 189 68 331 487
430 299
43 158 108
321 189
189 68 607 158 68 527 68 397 68 569 68 43 158 108
87 68 19 85 68 158 108 68 158 108 68 70 189
564 68 19 85 359 68 397 68 5 189 68 331 149
189 68 240 211 108 68 5 68 241 68 569 68 158 108
5 68 288 68 81 68 5 189 68 241 68 64 211 108
397 68 339 68 124
593 163 68 550 86 68 397 68 241
651 123 68 370 68 5 68 5
339 551
240 389 158 68 527 359 68 189 68 331 487 359
189 68 550 158 543 68 430 68 430 199
607 158 68 81 68 397 68 43 158 68 43 158 68 43 158 68 43 158 68 189
85 258 551
503 189 68 527 68 189 68 158 108
543 389 85 152
85 359 149
430 85 85
569 108 68 430 68 430
347 501
527 68 5 68 85 152 68 241 68 241 68 397 68 397 68 569 68 241 430 199
261 86 68 550 85 68 19 85 359
261 85
189 68 5 189 68 517 68 517 68 64 211 108
87 68 240 68 240 68 189 68 253
276 85 68 64 211 108
189 68 550 339
430 68 85 359 51 85 359
569 68 430
564 85 359
430 299 68 550 158 118
389 339 68 550 501 85
503 189
593 163 68 170 211 68 607 158 68 607 158 68 607 158
503 158 68 617 68 189
153 108 68 430 68 430 68 189 68 189 68 189 68 397 68 331 149
240 222 85
189 68 569 68 240 211 108
261 86 68 124
321 189 68 211 68 189
153 68 19 85 68 5 68 288 68 5 68 370 68 5 68 81 68 397 68 397 68 331 149
43 158 68 189 68 19 85 68 569 68 405 85 68 405 108
87 68 240 299 68 517 68 430 68 430 68 430 199
43 158
189 68 607 68 550 501 68 397 68 241 68 607 158 68 430 199 68 241 430 199
153 68 550 501 68 189 68 397 68 640 68 430 199
51 86 68 158 108 68 370 68 5 189
87 68 339 68 569 68 569 68 331
503 158 108 68 158 108 68 569 68 517
339
569 108 68 170 68 607 158 68 241 68 240 211 68 640 68 64 211 108
43 158 68 189 68 430 68 189 68 241 68 607 158 108
189 68 527 359 68 569 68 517 68 517
339 68 569 68 158 108
503 158 108
607 158 189
5 189 68 397 68 397 68 241
261 86 68 124
43 158 68 550 501 68 397 68 569 68 569 68 569 68 241 359
189 85 299 149
5 68 81 68 19 85 68 189 68 550 158 108
5 189 85 68 85 152
85 241 359
240 299 85 359 68 189 68 241 359
211 339 68 430 68 339 68 569 68 569 68 85 359
87 68 370 68 5 68 430 149 550 158 118 68 430 68 430 199
593 163 68 517 68 5 189 68 241 68 5 189 68 153 189 68 569 68 397 68
607 158 68 543 68 569 68 405 241
527 68 5 68 503 86 68 5
240 550 158 359
43 158 68 550 158 108 68 64 211 108
189 68 569 68 517 85
283 68 550 501 68 189 68 397 68 607 158 68 607 158 68 241 68 397 68 189 68 503 189 68 189 68 189 68 189 68 189 68 607 50
5 68 611 51 86
54 86 68 397 68 569 68 85 68 158 108 68 43 158 108
607 158 189
550 158 543 550 158 543
194 68 607 158 68 5 68 370 68 5
503 189 68 517 68 189 68 189 68 240 68 640
5 68 241 68 569 68 569 68 85 68 64 211 108 68 189 68 85
261 86 68 283 68 189 68 158 108 68 189 68 189
607 158 68 550 501 68 189 149
124
503 85 359
5 85 359 68 189
564 68 527 68 189 68 189
43 158 68 189 68 527 359 68 397 68 640 68 640 68 517
5 85 359 68 4 240 68 241
43 158 68 550 158
607 158 68 397 68 397 68 5 189 68 241 359
503 158 108 68 158 108 68 569 68 569 68 85 359
261 86 68 124 68 158 108 68 569 68 339 68 189 68 85 359 68 397 68 397 68 189
43 158 68 550 501 68 189 68 607 158 68 607 158 68 43 158 68 43 158 68 43 158 68 43 158 68 43 158 68 189
5 189 68 517 68 517
405 68 85 359 68 517
593 163 68 405 189 68 517
503 158 68 607 158 68 397 68 241 68 569 68 405 241 68 405
261 86 68 503 158 108 68 189 68 158 108 68 189 68 189 68 158 108
503 158 108 68 189 68 569 68 569 68 569 68 569
189 149
153 189
153 189
5 189 550 158 85 359 389 158 118
569 68 258 189 68 5 189 68 405 68 405 85 359
5 68 81 68 158 108 68 5
642 211
211 339 551 68 189 68 5 189
158 108
189 68 124 68 503 158 108 68 569 68 85 359 68 569 68 85 359
43 158 108
283 68 550 501 68 397 68 189 68 569 68 241 68 430 199 68 189 68 397 68 241
517 68 5 189 68 85 359 389 85 359
607 158 85 359
43 158 68 550 501 68 5 68 397 68 81
503 189
5 108 68 569 108
261 86 68 283 68 370 68 569 68 331 149
359 389 158
607 158 68 240 68 189 68 5 189 68 370 68 370 68 261 86
569 68 258 108 68 569 68 397 68 85 359
153 108 68 189 68 527 359
189 68 283 68 550 158 108 68 550 158 359 68 569 68 569
261 86 68 527 68 5 68 397 68 5 189 68 189
430 108 68 241 68 241 68 5
569 68 19 149 68 397 68 397 68 397
261 86 68 124
241 359 389 85 359
43 158 68 550 501 68 189 68 430 149 68 430 149 68 430 149
240 158 108
593 163 68 397 68 5 189
569 108 68 170 68 607 158 68 241 68 240 211 68 640 68 64 211 108
189 68 339 68 569 108 68 517 85 4
5 68 288 68 149 68 397 68 550 501 68 397 68 569 68 85 359
189 68 550 501 68 189 68 240 211 108 68 240 211 108
569 68 569 68 158 108 68 430 199 68 64 211 108
189 68 170 299 68 339 68 240 211 240 211
189 68 261 86 68 569 68 569 68 569
240
54 86 68 339
170 108 68 397 68 397 68 397
54 86 68 607 158 68 189 68 43 158
261 86 85 359
189 68 527 68 607 158 68 607 158 68 527 359 68 5 68 550 501
607 479 68 189
405 85 299
189 68 430
593 163 68 430 68 517 85 68 517
87 68 81 68 189 68 241 68 241 68 241 68 5 189
503 339 68 569 68 85 152 389 158 108
43 158 108
430 149 68 331 149 68 19 85
85 299
261 86 68 527 68 370 68 5 68 569 68 569
607 158 68 607 158 68 397 68 397 68 569 68 261 86
189 68 430 68 405 68 5 189
283 68 5 68 527 68 241 68 240 550 501 68 397 68 241 68 241 68 397
85 359 389 85 359
43 158 68 288 68 430 108
51 86 149
339 68 5 189 68 569 68 569 68 158 108 68 430 199
240 550 501
503 189 68 124 68 5 68 405 68 405 68 405 108
283 68 5 189
503 189 68 5 68 189 68 189 68 405
569 68 85 68 517 68 397 68 569 68 397 68 397
189 68 5 189 68 397 68 397 68 550 501 68 397 68 331
5 189 68 339
153 68 158 108 68 43 158 68 43 158
189 68 339 68 569 68 569 68 85 359 68 569 68 569 68 85 4 240 211 108
527 68 87 68 503 158 108
43 158 68 550 158
189 68 550 501 68 189 68 158 108 68 241 68 397 68 19 85 359 68 397 68 189
527 68 5 68 517 68 19 85
5 68 288 68 517 68 517 68 569 68 569 68 85 4 240 51 85 359
43 158 108 68 550 501 68 397 68 241 68 64 211 108 68 64 211 108 68 64 211 108
5 68 543 68 19 85 68 607 158 68 241 68 397 68 397 68 397 68 397
87 68 339 68 158 108 68 5 189 68 331
189 68 339 68 397 68 397
64 211 108 68 240 68 569 68 569 68 569 68 189 68 189
87 68 339 68 569 68 569 68 85 68 430 199 68 430 199
189 68 430 199 85 68 569 68 569 68 569 68 19 85 359 68 19 85 359 68 397
240 389 149
503 158 108 68 501 68 517 68 517 68 517 68 517
503 158 68 81 68 5 189 68 5
607 158 68 550 501 68 397 68 397 68 241 68 397 68 517 85 359
19 85 68 241 430 299
189 68 550 501 68 5 189
5 68 517 68 189 211 85 359
405 189 108
240
189
607 158 68 569 68 189 211 189
189 68 607 68 550 501 68 397 68 607 158 68 5 68 43 158 68 617 68 189
283 68 5 68 405 241
158 108
189 68 245 449 68 158 108 68 339 68 339
240 430 430
87 68 339 68 170 108 68 397 68 170 299 68 430 68 430
430 299
283 68 550 501 68 370 68 5 68 569 68 569 68 405 68 405
43 158 149
617 68 569 68 569 68 170 108 68 189
240 211
240 389 158 118
51 86 68 550 158 108 68 5 189
593 85 68 430 68 430 199
5 68 370 68 81 68 430 68 43 158 68 43 158 68 43 158 68 397 68 397 68 5 189
189 241 430 299
189 68 64 211 108 68 569 68 158 108 68 43 158
240 359
651 123 68 517 68 5 68 189 68 189 68 189 68 517
64 211 108 68 517 68 241 68 241 68 405
64 211 85
87 68 189 68 189 68 189 68 170 299
43 158 68 240 68 240 359
503 158 108 68 569 68 569 68 569 68 517
189 68 64 211 108 68 370 68 19 85 68 19 85 68 19 85
189 68 527 68 5 68 19 85 68 569 68 85 359 68 331 430 68 85 359 68 331
189 68 430 68 430 299 68 189 68 189 68 189 68 189
607 158 68 550 158 68 19 85 68 5 189
189 68 430 149 550 430
43 158 68 550 86 68 189 68 331 149
5 68 288 68 240 68 240 211 68 241 68 430 68 430 199
43 158 68 550 501 68 397 68 397 68 569 68 85 359
503 339
405 299 68 550 487 108
240 550 158 359
211 543 211 108
405 68 405 85 359
261 86 68 19 85 68 607 158 68 569 68 189 68 241 68 331 430 68 397 68 241 68 189
569 108 68 158 108 68 430 68 241 68 241 68 241 68 241 68 241
5 68 81 68 158 108 68 5 189 68 550 158
261 86 68 19 85 68 339 68 569 68 503 158 108 68 503 158
261 86 68 503 189 68 517 68 569 68 517 68 5 189 68 405 85
211 359 68 85 359
189 68 550 501 68 517 68 241 68 241
189 68 607 158 68 397 68 550 158 68 550 158 68 397 68 550 158 108
87 68 339 68 70 158
261 86 68 245 449
564 68 607 158 68 5 68 642 108
240 211 149
43 158 108 68 550 158 108 68 397 68 189 68 19 85 359
153 68 240 68 81 68 5 189 68 405 85
261 86 68 5 68 189 68 85 68 569 68 640 68 569 68 85 359 68 569 68 124
5 149
261 86 149 68 189 68 85 4 240 389 158 118
241 68 527 68 189 68 397 68 569 68 397 68 397 68 397
189 68 5 68 359 68 359
153 108 68 189 68 527 359
43 158
607 158 359 68 189 550 501 68 189 550 487 359
85 359
43 158 68 81 68 607 158 68 5 68 397 68 124
527 68 5 68 283 68 607 158 68 550 501 68 64 211 108
64 211 108 68 19 85 68 241 68 241 68 241 68 241 68 240
87 68 517 68 397 68 5 189 68 124
617 68 64 211
569 68 85 359 68 517 68 397 68 430 68 397 68 397
283 68 158 108 68 158 108 68 189 68 189 68 253
189 68 158 108 68 405 149
607 158
240 389 158 118
261 86 68 339 68 397 68 241 68 241 68 569 68 569 68 569 68 569
189 68 85 68 550 158 108 68 397
153 108 68 253 68 85 359 68 517 85 359
87 68 527 68 527 359
607 158 68 550 501 68 397 68 517 68 43 158 68 517 68 64 211 108
213
19 85 68 550 501 68 397 68 241 68 64 211 108
550 158 359 68 430 108 68 240 68 240
189 68 527 68 189 68 189 68 397 68 189 550 158 108
607 158 68 569 68 642 211 108
651 123 68 189 68 430 68 240 211 108 68 241 68 241 68 241 68 241
5 68 245 449
517 85
527
288 68 81 68 189 68 241
189 68 339 68 569 68 501 85 152
87 68 347 501 68 189 68 640 68 640 68 640 68 640 68 640 68 640
153 189
261 86 68 85 68 517 68 43 158
189 68 550 501 68 430 68 241 68 241 68 430 68 430 199
543 51 86
189 68 607 158 68 527 68 5 68 241 68 241 68 241 68 5 68 241 68 241 68 241 359
43 158 68 397 68 517 359 68 517
189 68 5 189 68 517 68 43 158 68 211 607 158
189 68 5 68 517 68 241 68 241 68 241 68 517 68 517
397 68 569 108
189 68 158 108 68 5 189 68 5
283 68 158 108 68 158
240 211 51 86
503 158 108
527
189 68 170 152 68 370 68 370 68 5 68 569 68 569 68 569 68 569 68 640
240 359 389 339
64 211 108 68 64 211 108
240 299
170 68 607 158 68 607 158 68 607 158 68 283
503 158 108 68 527 68 189 68 569 68 531 158 108
543 85 253
405 149 550 501 149
430 199 68 64 211 108
503 158
569 68 211 68 211
593 163 68 405 68 405 108 68 189 68 569 68 569 68 158
607 158 108 68 189 68 517 85 4
189 68 430 68 430 149 68 189 68 189 68 189 68 189
397 68 569 85 359
189 68 5 189 68 288 68 241 68 241 430 199
189 85 299 389 158 118 68 189 68 189 68 430 199
397 68 85 359 68 517
85 152 68 550 501
503 189 68 517 68 607 158 68 607 158 68 81 68 189 68 189
503 158 68 569 108 68 19 85 359
240 359 68 64 211 108
19 163 68 550 501 68 241 68 241 68 189
501 85
211 68 339 68 339 68 397 68 397 68 569 68 397 68 397 68 397 68 397
85 4
261 85 123 108
651 85 68 85
261 86 211 68 517
54 86 68 405 68 543 211 108
189 68 430 68 550 501 85 359
189 68 241 68 5 189 68 189
43 158 108 68 550 158 68 397 68 397 68 241 68 241 68 189 68 397 68 241 68 241 430
5 68 288 68 81 68 5 189 68 85 359 68 283 68 331
87 68 607 158 68 527 68 607 158 68 607 158 68 5 68 550 501 68 397 68 503 189 68 503 189 68 189 68 189 68 607 158 68 607 158 68 607 158 68 607 158 68 607 158 68 5 189 68 430 68 430 68 5 189 68 5 189 68 5 189 68 550 158 68 170 211 189 68 158 68 158 68 158 68 158 68 261 86 163 68 158 68 124 68 527 359 389 158 68 86 68 430 68 430 68 86 68 86
501 85 359
211 543 211 543
153 189 68 550 501 68 189 68 430 68 331 149 68 430 199
241 68 569 68 5 68 253 68 5 68 253 68 517 68 517 68 517 68 397 68 397 68 397 68 397 68 517
430 68 5 68 81 68 430 199
527 68 339 68 569 68 19 85
430 550 501 68 527 68 189 68 405 241
503 189 68 517 68 189 68 430 68 240 550 158 108
43 158
397 68 245 449
43 158 68 258 68 5 189 68 339
189 68 81 68 397 68 397
241 68 5 189 68 430 68 241 68 241 68 569 68 241 68 430 199 108
189 68 430 85 359 68 339 68 550 501 68 85 68 397 68 85 359 68 550 158 108 68 550 158 118
276 85 359 68 331
397 68 85 4 479
359
64 211 108 68 569 68 640
5 189 68 288 68 359
43 158 68 288 68 240 211 68 430 68 569 68 85 359
339 68 550 501 68 189 68 64 211 108 68 339 68 339 68 64 211 108
321 189 68 550 501 68 397 68 397 68 397 68 397 68 397 68 397
430 199 149
19 85 359
43 158 85
503 189 68 124 68 5 68 503 189 68 503 158 108
240 51 85
19 163 68 550 501 68 569 68 64 211 108
43 158 68 19 68 405 68 5 189 68 405
85 503 189
261 86 68 124 68 5 68 261 86 68 261 86 68 261 86
197 86 68 241
617 68 85 68 517 68 517 85 4 479
149 550 85 68 85 152
5 68 85 68 517 68 240 211 108 68 241 68 241
189 68 5 189 68 189 68 241 68 241 68 241 430 199
189 68 430 299 68 158 108 68 339 68 339
550 158 68 517 68 517
397 68 170 299 68 517
51 543
405 85 68 550 501 68 397 68 5 189 68 569 68 19 85 359 68 397 68 397 68 569 68 70 189
261 86 68 189 68 607 158 68 607 158 68 283 68 607 158 68 550 158 68 397 68 241 68 397 68 397 68 189 68 189
43 158 68 550 501 68 446 68 5 189 68 430 68 430 199
19 85 68 550 501 68 64 211 108 68 19 85 68 19 85 68 19 85 68 64 211 108
5 68 81 68 517 68 189 68 240 550 501 68 189 68 241 68 640 68 189
503 189
503 189
5 68 288 68 149 68 397 68 241 68 241 68 241 68 241 68 397
240 550 339
593 149 68 397
607 158 68 527
503 158 108
430 149
593 163 68 189 68 189 68 397 68 241
261 86 68 339 68 569 68 569 68 569
527 68 5 68 569 68 517 68 517 68 517 68 517 68 517
517 85 68 258 149
189 68 405 68 527 359 68 607 158 68 339
87 68 19 85 68 397 68 397 68 397
607 211 189 211 189 211
64 211 85
64 211 108
158 108 68 5 189 68 241 68 240 211
503 189 68 5 68 288 68 241 68 64 211 108
153 108
189 68 607 158 68 81 68 189 68 189 68 189 68 607 158 68 189 68 189
211 68 339 68 397
339 68 240 68 240
4 64
54 86 68 370 68 569 68 569 68 85
64 211 108 68 430 68 5 189 68 241 68 241 68 241 68 569 68 64 211 108
503 158 108
211 85 359 68 430 149 68 430 299
64 211 108 68 240 68 397 68 19 85 68 430 68 430 199
211 607 158 68 550 501 68 397
189 68 430 68 517 68 5 189 68 569
550 339
593 163 68 607 158 68 5 68 241 68 19 85 68 397 68 331 430 68 397 68 189 68 331
64 211 108 68 569 68 569 68 569
321 247
43 158 68 550 501 68 397 68 569 68 397 68 397 68 397 68 550 501 68 397 68 397 68 397 68 397 68 397 68 569 68 397 68 550 158 108
87 68 370 68 5 68 397 68 397 68 397 68 569 68 569 68 397 68 397 68 569 68 550 501
405 85 365 430 199
149 211 85 359 389 158 118
211 68 81 68 81
339
87 68 258 68 569 68 517 68 241 68 569 68 569 68 240
5 189 108
85 359 68 397 68 5
607 158 149
189 68 430 68 569 68 5 189 68 405 241 68 5 189
189
503 158 108 68 189 68 397 68 397 68 397 68 397 68 397 68 397 68 397 68 397
607 158 68 607 158 68 81 68 189 68 241 68 189 68 5 68 241 68 189 68 189 68 189 68 189
397 501 85
211 339
564 222 189
170 85
283 68 550 158 108 68 158 108 68 158 108
43 158 68 288 68 359 68 569 68 331 430 68 397 68 397
189 68 241 68 640 68 241 68 241 68 241 68 241
5 68 288 68 170 108 68 5 189 68 170
189 68 339 68 550 501 85 68 64 211 108
153 189 68 339 68 339 68 339 68 339 68 607 158 68 503 158
5 108
43 158 68 550 501 68 569 68 569 68 85 68 43 158 108 68 397 68 517
189 68 550 501 68 569 68 241 68 241 359 68 241 430
283 68 158 108 68 569 68 397 68 569 68 85 359 68 85 359 68 85 359 68 189
189 68 158 543 68 258 189 68 85 359 389 339
240 359 389 158 108 68 397
85 211 543 211 543
651 123
43 158 108 149
43 158 359
170 108
189 68 527 359 68 4
405 68 517
240 517
503 189 68 569 68 405 68 405 68 189 68 189 68 189
543 389 85 152
607 158 68 64 211 108
124
527 359
43 158 68 550 158
189 68 64 211 149
85 5 189 68 405 68 569 68 85 359
607 158 189
87 68 339 68 5 189 68 5 189 68 5 189 68 153 189
503 158 108
87 449 68 288 68 149 68 430 149 68 430 199
189 68 430 68 85 68 189 68 189 68 189 68 607 158 108 68 331 149
43 158 149 550 85 359
517 283 149
189 68 430 68 124
85 299 149 68 64 211 108
607 158 118
194 68 170 299 68 430 68 189
149 550 158 108
85 359 68 240 211 108 68 241
5 68 288 68 81 68 189 68 189 68 241 68 640
19 85 359
158 108 68 569 68 569 68 241 68 241 68 241 430 68 430 199 68 241 68 241 430 199
189 68 261 86 68 569
569 68 397 68 550 501 68 189 68 517
189 68 339 68 339
501 85 4 189 68 158 108
64 211 108
527
85 258 85 359 68 189 240 51 85
261 86 68 124
569 68 211 68 189 68 527 68 405
607 158 68 240 68 240 68 240 211 240 68 240 211
258 149 68 124
5 68 527 68 19 85 68 569 68 569
189 68 550 501 68 397 68 85 68 501 68 501 85 68 430 199 68 85 152 68 189 68 501 85
430 108 68 5 68 5 189 68 5
527 68 5 68 81
593 163 68 397 68 170 299
527 68 189 68 569 68 19 85 359
51 86 68 86 68 86
43 158 189 211
503 158 108 68 5 68 189 68 517
503 189 68 5 68 569 68 569 68 85 359 68 405 241 68 405 108
593 163 68 5 189
189 68 501 68 241 68 189 68 189 550 158
569 68 158 108 68 158 189 68 569 68 569
503 189
405 261 85
240
153 189 68 124 68 607 158 68 5 68 241 68 241 68 241 68 397 68 241 68 241
43 158 68 189 68 607 158 68 550 158 108 68 153 189
189 68 550 501 68 331 149
607 158 68 527 359 68 397 68 397 68 397 68 397 68 397
64 211 68 527 68 189 68 283 68 283 68 569 68 19 85
240 211 68 607 158 68 405
51 86 68 569 68 550 501
430 299
569 85 359
261 86 68 607 68 189 68 189 68 43 158 68 43 158
607 158 68 527 68 607 158 68 527 68 607 158 68 607 158 68 550 501
211 68 503 158 108
189 550 501 85 359 389 85 359
189 68 43 158 68 397 68 607 158 68 607 158 68 607 158 68 550 158 68 607 68 189 68 189 68 189 68 189 68 607 158 68 607 158 68 607 158 68 607 158 68 550 501 68 5 189 68 5 189 68 5 189 68 5 189 550 158 189 68 189 68 189 68 189 68 189 68 189 68 189 68 158 68 158 68 5 189 550 158 68 430 68 430 68 158 68 430 68 607 158 68 189 68 189 68 189 68 189
64 211 108
283 68 550 501 68 189 68 397 68 397 68 569 68 85 359 68 85 359 68 397 68 397 68 189
651 123 68 430 68 517 85 359
189 68 430 68 241 430 149 68 430 68 569 68 19 85 68 19 85 359 68 189
189 68 607 158 68 241 68 189 68 189 241 430 199
189 85 550 158 108 68 43 158 189 68 241
240 211 68 64 211 108 68 158 108 68 430 199
503 189 68 5 68 288 68 81 68 189 68 189
189 68 607 158 68 607 158 68 81 68 405 85 152
527 68 5 68 85 68 517
213 211 68 124 68 5 68 5 189 68 430
189 68 569 108 68 569 68 569 68 85 359 389 85 359
51 543
43 158 68 245 449 68 517
569 85 68 501 85 4
189 68 5 68 339 68 569 68 85 359 68 569 68 43 158
43 158
430
241 68 517 85 68 430 149 68 430 149 68 430 199
87 68 258 68 569 68 517 68 569 68 85 359 68 517
527 68 158 108 68 569 68 158 108 68 19 85
405 222
189 68 550 501 68 189 68 241 68 241 68 241 430 199
240 359 68 550 501 85
5 108 68 527
43 158 68 189 68 607 158 68 550 158 108 68 153 189
569 68 569 68 19 85 68 19 85 68 19 85 68 19 85
321 569 68 240 550 501 85 359
189 68 5 189 68 258
51 86 85
189 68 339 68 397 68 569 68 241 359 68 569
5 68 81 68 158 108 68 5 68 397 68 5 68 5 68 85 152 68 397 68 397 68 189
87 359
550 86 85
19 85 68 430 68 5 68 5 189
153 108 68 189 68 527 359
189 68 430 68 85 68 189 68 158 108 68 331 487 359 68 331 149 68 397 68 189
85 359 68 339 68 607 158 68 550 501 68 241 68 640 68 640 68 569 68 359 68 331
85 430 68 331 149 68 158 108
43 158 68 64 211
503 158 108 68 189 68 569 68 569 68 85 359 68 189 68 85 359 389 339
276 85 68 5 68 517 68 640 68 640 68 640 68 430
64 211 108 68 607 158 68 339 68 517 68 517
430 85 359 389 339
189 68 550 501 68 189 68 607 158 68 607 158 68 5 68 550 501 68 189
550 158 68 517 68 517
397 68 5 68 527
283 68 640 68 640
85 299 68 189 68 85 359
651 85
64 211 108 68 397 68 569 68 569 68 397 68 397 68 397 68 397 68 397 68 397 68 397 68 397 68 397 68 569 68 397 68 397 68 397
503 158 68 550 501 68 158 108 68 607 158 68 607 155
241 68 617 68 189 68 189
43 158 68 550 501
54 86 68 189 68 283
240 550 501
5 68 543 68 19 85 68 607 158 68 189 68 189 68 189 68 64 211 108
261 86 68 124 68 19 85 68 64 211 108
87 449 68 64 211 108
5 68 593 163 68 19 85 68 397 68 397 68 397 68 331 68 85 359 68 397 68 550 501 68 397 68 397 68 85
189 68 550 501 68 5 189 68 241 68 5 189 68 5 189 68 405
189 68 430 85 359 68 397 68 397 68 569 68 397 68 331
189 68 607 158 68 81 68 189 68 189 68 189
569 68 241 68 189 68 189 108
261 86 68 5 68 640 68 241 68 241 68 430
430 85 85
5 68 288 68 253 68 397 68 397 68 607 158 68 397 68 550 158 68 397 68 397 68 397 68 397 68 397 68 189 68 189
261 86 68 283 68 370 68 370 68 569 68 569 68 85 4
64 211 108 68 569 68 241 68 241 68 241 68 241 430
261 86 68 569 68 550 501
43 158 149 389 85
607 158 68 288 68 527 68 5 68 517 68 607 158 68 397 68 550 501 68 397 68 397 68 397 68 397 68 397 68 569 68 189 68 607 158 108
51 158 189
87 449 68 527 68 5 108 68 430
5 68 189 68 81 68 189 68 397 68 397 68 189
503 189 68 517 68 189 68 430 68 405 85
607 158 359 389 339
240 211 189 68 430 149 68 211 240 211
43 158 108
240 359
51 86 68 503 189
19 85 68 527 68 189 68 189 68 550 501 68 189
43 158 85 365 430 199 85
593 163 68 405 68 405 68 240 211 108 68 240
189 68 550 501 68 607 158 68 550 501 68 64 211 108
43 158 68 288 68 517 68 240 68 241 68 569 68 19 85 359
43 158 149 550 487 149
5 68 258 68 240 211 68 569 68 569 68 640 68 640
503 189 68 5 68 288 68 241
189 68 550 158 68 339 68 550 158 359
607 158 68 5 68 397 68 241 68 240 68 189 68 189 68 189 68 189
189 68 370 68 5 68 288 68 241 68 397 68 189 68 607 158 68 189 68 189 68 189
189 68 607 158 68 527 68 607 158 68 607 158 68 607 158
527 68 5 68 569 68 189 68 331 149
321 247
405 85 152 68 430
43 158 108
64 211 108 68 640 68 569 68 569 68 85 359
64 211 108
199 68 189 68 240 68 241 68 5 189
149
43 158 118
430 108 68 397 68 397 68 397 68 397 68 189 68 189 68 397 68 397 68 189 550 158 118
261 86 68 158 108 68 5 189 68 370 68 5
5 68 85 359 68 189 68 347 501 68 85 359 68 397 68 85 359
503 158 68 81 68 189 68 240 68 240 68 405 108 68 405 108 68 405 108 68 503 158 108
501 85 550 158 118 68 397
5 68 543 68 19 85 68 607 158 68 241 68 397 68 241
189 68 405 85 359 68 569 68 64 211 108
189 68 430 68 527 68 5 68 331 487 359 68 85 359
64 211
503 158 108 68 569 68 569 68 569 68 569 68 569
405 240
405 85 68 258 149
569 108 68 430 68 607 158 68 5 68 241 68 397 68 397 68 550 501 68 397 68 397 68 397 68 189 68 189 68 189 68 321 569 68 5 189 68 5 189 68 550 501 68 5 189 550 501 68 430 68 430 68 5 189 68 5 189 550 158 118 68 430 68 189 68 158 118 68 5 189 68 430 68 430 68 321 569 68 158 118 68 430 68 430 68 430 68 189 68 321 569 68 85 68 189 68 85 68
153 189 108
5 68 245 449 68 5 189 68 405 68 405 68 430 199
211 189
405 199
43 158 68 517 68 517
5 68 527 68 189 68 81
189 68 550 501 68 85 68 189 68 85 68 189 68 189 68 64 211 108 68 189 68 189 68 189
527 68 607 158 68 527 68 189 68 189
261 86 68 607 158 68 189 68 569 68 85 359
43 158 68 550 158
87 68 81 68 189 68 241 68 241 68 640 68 5 68 640 68 640
240 550 86 68 503 158
240 4 85
283 68 550 501 68 189 68 158 108 68 569 68 430 199 68 397 68 397 68 397 68 550 501 85 359
331 149
189 68 339 68 288 68 405 68 405 68 405
651 123 68 158 108 68 5 189 68 5 189
189 68 527 68 81 68 189 68 569 68 85 4 85 359
339 68 240 68 240
527 68 81 68 569 68 397 68 569 68 64 211 108
87 68 370 68 5 68 81 68 241 68 241 68 5 189
240 479 68 430
261 86 68 339 68 64 211 108
593 163 68 550 158 108 68 397 68 5 189 68 241 68 241 68 241 68 241 68 189
607 158 68 550 501 68 397 68 397 68 607 158 68 5 68 550 501 68 397 68 550 501 68 550 501 68 397 68 397 68 189 68 189 68 607 158 68 607 158 68 550 501 68 550 501 68 550 501 68 5 189 68 550 501 68 189 68 5 189 68 5 189 68 189 68 189 68 189 68 189 68 189 68 550 501 68 550 501 68 550 501 68 550 501 68 550 501 68 189 68 189 68 189 68 189 68 189 68
430 299 211
87 449
430 85 4 85 359
5 68 288 68 149 68 331 149 68 331 149 68 19 85 68 19 85 68 569 68 550 158 118
261 86 68 240 68 569 68 5 189 68 85 365 430 199
153 189 68 19 85 68 43 158 108 68 43 158 108
43 158 68 527
397 68 527 68 607 158 68 189 68 241 68 640
5 189 550 158 189
503 189 68 550 158 108 68 339 68 569 68 569 68 640
527 68 405 68 517 68 569 68 569 68 85 152
397 68 85 4 85
607 158 68 85 4
261 86 68 158 108 68 5 189 68 370 68 5
189 68 527 359 211 211 543 211
593 163 68 550 501 68 189 68 85 359 68 430 199
651 123 68 258 149 68 430 68 240
283 551 68 569 68 240 211 85 359 68 189
211 68 370 68 5 189 68 405
261 86 68 245 449 68 189 68 158 108 68 569
189 68 607 158 68 81 68 189 68 241 68 189 68 331 430 199 68 331 149
5 68 81 68 158 68 607 158 68 550 158
503 189 68 430 68 339 68 189 68 569 68 189 68 189
189 68 430 68 430 149
503 339
430 149
503 189 68 189 68 569 68 339
5 149
19 163 68 550 501 68 241 68 241 68 189
189 68 430 68 85 152 389 158 118
261 86 149
149
43 158 85
261 86 68 283 68 189 68 569 68 569 68 85
321
258 85
359 389 85 359
5 108
189 68 339 68 397 68 124 68 503 158
64 211 108 68 5 68 397 68 397 68 569
19 85 68 550 158 149
240 211 68 189 550 501 85 68 189
405 359
211 543
85 155 149 68 64 211 108
153 189
189 68 607 158 68 607 158 68 607 158 68 607 158 68 607 158 68 189
593 163 68 253 68 189 68 189
85 4
197 86 68 85 68 189 68 5 189 68 397 68 397 68 397 68 397 68 397
607 158 68 607 158 68 81 68 5 68 81 68 5 68 81 68 405 68 153 189 68 153 189 68 503 158 68 153 189 68 503 158
5 68 81 68 405 68 189 68 85 4 258 85 68 430 199
189 68 5 189 68 569 68 569 68 85 4 240 211 108
607 158 189
240 359
189 68 339 68 397 68 569 68 550 158 108 68 517 68 517
405 359
261 158 68 288 68 19 85 68 607 158 68 5 68 258 68 19 85
85 4 155 68 158 108
593 163 68 550 501 68 397 68 189 68 85 359 68 70 189 68 85 359
430 199
607 158 68 550 501 68 397 68 397 68 397 68 397 68 331
189 68 550 158 108 68 19 85 68 189 68 331 149
43 158 68 81 68 517 85
503 86 68 124 68 607 158 68 283 68 607 158 68 397 68 397 68 189
5 68 288 68 170 108 68 569 68 569 68 503 189
261 86 68 245 449
43 158 118 108
501 85 550 501 68 397 68 550 158 108 68 64 211 108
43 158 359
503 158 108
153 68 124 68 405 68 405 68 405 68 569 68 640
43 158 68 81 68 607 158 68 405 68 405
5 68 85 359 68 569 108
19 85 68 517 68 607 158 68 569 68 550 158 68 397 68 550 158
5 68 81 68 158 108 68 241 68 241 68 241 68 241
359 389 359
85 517 359
189 85 359 389 85 359
85 359
189 68 607 158 68 211 68 64 211 108
527 68 5 68 64 211 108 68 43 158 68 365 430 199 68 331 487 149 68 85
607 158 149 550 158 149
261 86 85 359 68 170 299
607 158 68 85 359 389 158 108 68 70 189 68 607 158
261 86 85 359 389 158 118
189 68 550 158 108 68 189 68 331 149 68 503 189
189 68 64 211 149
569 68 43 158 189 211
261 86 68 124 68 370 68 189 68 189
503 158 68 607 158 68 81 68 189
569 68 527 68 527 68 406 158 108
339 68 5 189 68 569 68 569 68 158 108 68 430 199
527 68 87 68 283 68 339
607 158 118
283
339 68 64 211 108
189 68 607 158 68 607 158 68 240 389 158 68 241
405 108 68 5 68 5
261 86 68 283 68 189 68 430 68 430 68 640 68 640
5 189 550 487 359
593 163 68 550 501 68 430
189 68 607 158 68 527 359 68 5 68 241 68 241 68 241 68 405
240 68 501 68 430 199 68 5
261 86 68 124 68 5 68 5 68 405 68 405
543 389 158 108 68 5 189 68 261 86
85 149
569 68 85
240 550 86 149
170 108
211 189
5 68 81 68 5 68 241 68 241 68 241 68 241
19 85 68 550 501 68 397 68 397 68 397 68 64 211 108
261 86 68 564 68 569 68 569 68 569 68 569 85 359
43 158 108
503 158 108 68 189 68 569 68 569 68 241 68 241
569 68 81 68 189
43 158 108 68 550 158 149 68 430 149
261 158 68 81 68 70 158
189 68 607 158 68 241 68 189 68 189
607 158 68 19 85 68 640 68 5 68 64 211 108
607 158
321 189
5 68 288 68 19 85 68 430 68 189 68 430 199
501 85 68 258 68 503 158 108 68 607 158 68 607 158
527 68 5 68 81 68 5 189 68 19 85 68 397
5 189
527
189 68 651 123 68 19 68 569 68 569 68 64 211 108
170 108
189 68 527 68 189 68 241 68 241 68 569 68 569 68 189
430 68 527 359 389 158 118
261 86 68 607 68 5 68 81
240 51 86 68 517 68 430 68 158 108 68 430
51 86
503 86 68 124
85 299 68 189 68 85 359
321 501
153 68 288 68 19 68 339 68 569 68 569
503 158 108
261 86 68 19 85 68 339 68 569 68 503 158 108 68 503 158
527
241 68 527 68 189 68 397 68 569 68 397 68 397 68 397
527 68 5 68 240 68 241 68 517
430 149 550 158 118 68 430 199
85 359 550 158 85 359 389 158 85
240 359
189 68 607 158 68 517 68 569 68 19 85 68 5 68 5 68 517 68 517
241 359
