405 68 569 68 569 68 241 68 640 68 640
64 211 108 68 569 68 85
240 211 68 64 211 108 68 339
87 68 253 359
347 501
593 89 158 68 577 68 339 68 550 501
85 359 68 85 359 389 85 359
261 86 68 283 68 607 158 68 288 68 527 359 68 607 158 68 607 158 68 607 158 68 607
19 85 68 158 108 68 19 85
321 240 68 5 68 64 211 108 68 64 211 108
607 68 5 68 527 68 607 158 68 607 68 5 68 607 158 68 607 158 68 607 158 68 607 68 607 158 68 607 68 189 68 5 68 607 68 607 68 5 68 607 158 68 607 158 68 189 68 189 68 189 68 189 68 607 158 68 607 158 68 607 158 68 607 158 68 607 158 68 5 68 5 68 607 158 68 5 68 5 68 5 68 5 68 5 68 5 68 5 68 5 68 430 68 5 68 5 68 607
43 158 68 290 85 359 68 189 68 331 359
189 68 45 108 68 569 68 569 68 405
430 68 5 189 68 189 68 607 158 68 211
321 563 158 68 527
231 51 86 68 370
5 68 81 68 189 68 189 68 19 85 68 158 108
406 155 68 617
79 430 68 640
189 68 81 68 189 68 189 68 405 68 405 68 189 68 405
527 68 607 158 68 527 68 607 158 68 527 68 607 158 68 607 158
370 68 5 68 527 68 189 68 241 68 640 68 640
607 68 5 68 642 211 68 397 68 85 359 68 189 68 64 211 108
261 86 68 245 449 68 430 199
405 68 640 68 640
406 155
607 158 68 642 211 68 64 211 108
321 240 68 517 68 607 158 68 241 68 5 189 68 241 68 241 68 241 68 241 359
51 86 68 124
430 299 389 158 118
240 389 158 118
231 240
64 211 108
347 501 68 189 68 189 68 189 68 64 211 108
19 85
54 86 68 245 449
503 189 68 517 68 517 68 189 68 517 68 517 68 517
162
261 86 68 86 108
446 82
189 241 359
607 68 5 68 5 189 68 347 501
189 503 158 359
5 189
406 158 118 68 189 266 158 359
607 68 5 68 64 211 108 68 241 68 640 68 241 68 64 211 108
339 551 68 550 501 68 397 68 19 85 68 569 68 19 85
54 86 68 19 85 68 19 85
283 68 19 85 359 68 19 85
494 68 189 68 19 85 68 569 68 365 430 199 68 640 68 640
503 189 68 245 449 68 245 449 68 640 68 640 68 640 68 640 68 640
64 211 108
527 68 607 158 68 527 68 607 158 68 527 68 607 158 68 607 158
261 86 68 245 449 68 158 108 68 5
629
261 86 68 370 68 607 158 68 19 85
503 189
189 389 158 118 68 611 189 68 136 479
245 449 68 517
42 247
339 68 607 158 68 189 68 569 68 189 68 189 68 158 108
283 68 136 158
611 51 86
51 86
607 68 5 68 397 68 189 68 189 68 241 299 68 189 68 607 158 68 607 158 68 5 189 68 397 68 189 68 189 68 189 68 189 68 189 68 189 68 189 68 189 68 5 189 68 189 68 189 68 189 68 189 68 189 68 189 211 543 211 543 211 543 211 543 211 543 211 359 389 158 118
283
189 266 158 68 81
5 68 81 68 189 68 189 68 405 68 405
283 68 517 68 517
189 68 81 68 189 68 189 68 158 108 68 158 108 68 158 108 68 189 68 158 108
43 158 68 81 68 5 68 5 68 5 68 405 108 68 405 68 405 68 405
527 68 607 158 68 527 68 5 68 85
611 240
397 68 54 86
527 68 607 158 68 81 68 64 211 108 68 64 211 108
501 85 152 68 607 158 68 503 158 68 87 68 87 68 87 68 87 68 87 68 87 68 87
197 85
211 543
607 68 607 479 68 397 68 517 68 517 68 397 68 517
189 266 158 118
607 158 68 527 359 68 189 68 569 68 550 158 118
19 85
607 158 68 607 158 68 607 158 68 550 339
19 85 68 241 68 607 158 68 19 85 359
283 68 158 108 68 5 68 85 379
283 68 607 68 5 68 370 68 5 68 640 68 43 158 68 617 149
240 550 158
503 189 68 158 108 68 569 68 569 68 136 479
607 68 5 68 517 68 43 158 68 517 68 517 68 517 68 517
261 86 68 245 449 68 158 108 68 569 68 19 85 68 569 68 19 85 68 19 85
261 86 68 124 68 158 108 68 569 68 136 479
365 152
189 68 527 68 607 158 68 81 68 569 68 19 85
261 86 68 245 449
245 449
569 108 68 85 359
607 158 68 527 68 607 158 68 527 359 68 640 68 640 68 640
406 158 68 607 158 68 81 68 189 68 5 189 68 5 189 68 405 68 405
85 68 158 108 68 43 158 149
651 123 68 241 68 517
569 68 331 68 640 68 640 68 640
494 68 640 68 640
569 68 252 199 68 19 85 68 19 85 68 19 85
70 158
85 359 68 19 85
607 155 68 283 68 19 85 68 19 85 68 19
261 86
43 158 68 550 501 68 189 68 430 68 430 199
283 68 607 68 607 158 68 81 68 397 68 189 68 5 68 189 68 189 68 607 158 108
607 68 5 68 607 158 68 397 68 607 158 68 189 68 607 158 68 607 158 68 607 158 68 607 158 68 607 158 68 607 158 68 607 158 68 607 158 68 607 158 68 607 158 68 607 158 68 607 158 68 189 68 607 158 68 607 158 68 607 158 68 607 158 68 607 158 68 607 158 68 5 68 5 68 5 68 5 68 5 68 5 68 5 68 607 158 68 5 68 5 68 607 158 68 5 68 607 158
189 68 288 68 550 158 108 68 569 68 405 68 405
258 149
607 68 5 68 64 211 108 68 64 211 108
503 189 68 158 108 68 569 68 569 68 19 85 68 397 68 85 359 389 158 118
85 220
607 68 5 68 550 501 68 397 68 189 68 241 359 389 158 118 68 189 68 189 68 189 68 189 68 189 68 189 68 189 68 189 68 189 68 189 68 189 68 189 68 189 68 189 68 189 68 189 68 189 68 189 68 189 68 189 211 543 211 543 211 543 211 543 211 543 211 543 211 543 211 543 211 543 211 543 211 543 211 543 211 543 211 543 211 543 211 543 211 543 211 543 211 543 211 543 211 543
405 68 611 189 68 611 189
189 68 359 68 359 389 339
607 158 68 527 68 5 68 81 68 189 68 365 430 199 68 189 68 189 68 189 68 189 68 189 68 189 68 189 68 246 68 189 68 170 108
494 68 189 550 158 108 68 241 68 640
211 213 299 438 359
153 68 607 158 68 189 68 85 347 501 68 189 68 64 211 108
527 68 607 158 68 82 152 68 158 108
446 5 189
201 240 211 543
276 85 68 158 108
430 299 426 158
5 68 431 68 517 68 19 85 68 19 85
607 158 68 81 68 189 68 189 68 503 158 108
43 158 108
405 282 258 149
258 108 68 517 68 517
42 247
397 68 406 158 68 517 68 158 108 68 43 158 68 64 211 108
283 68 607 68 5 68 397 68 397 68 397 68 397 68 550 339 68 397 68 397 68 607 158
431 108
430 68 64 211
211 222
501 85 220
247 85 68 569 108
607 68 5 68 397 68 397 68 397 68 397 68 5 189 68 640
5 68 81 68 19 85 68 19 85 68 19 85 359
19 85 359
295 247 85
201 85 68 5 68 405 108
261 86 68 245 449 68 607 158 68 569 68 70 158
389 158 199
245 458
85 299 68 405 389 158 118
283 68 607 68 607 68 607 158 68 527 359 68 607 158 68 607 158 68 607 158 68 170
331 359
503 158 108
87 68 81 68 189 68 189 68 517
527 68 607 158 68 550 501 68 397 68 397 68 397 68 397
611 85 359
85 199 85
527 68 607 50 68 397
321 247 68 390 68 189 643 85
406 158 68 607 158 68 19 85
85 299 68 405 85 359
87 68 124
607 68 607 158 68 550 501 68 397 68 189 68 397 68 189 68 189 68 189
43 158 68 527 68 607 158 68 607 158 68 527 359 68 189 68 550 158 68 19 85
447 158 68 640 68 640
406 158 178 68 189 68 189 643 85
19 258 68 189 266 158 118
607 158 68 449 68 5 68 189 68 241 68 640
43 158 68 81 68 189 68 189 68 405
87 68 81 68 397 68 397 68 569 68 569 68 405
253 359
189 68 81 68 189 68 405 85 68 158 108
43 158 68 527 359 68 19 85
276 85 68 607 158 68 569 68 85 347 501 68 397 68 189 68 85 359
261 86 68 245 449 68 158 108 68 569 68 19 85 68 19 85 68 640 68 241 68 607 68 607 68 189 68 189 68 640 68 189 68 640 68 189 68 189 68 607 158 68 607 158 68 189 68 189 68 189 68 189 68 189 68 607 158 68 607 158 68 607 158 68 607 158 68 607 158 68 569 68 569 68 569 68 569 68 5 68 5 68 5 68 569 68 640 68 569 68 158 68 640 68 640 68 640 68
607 68 5 68 81 68 189 68 189 68 569 68 189 68 189 68 189 68 189 68 189 68 211 299
