189 68 158 108 68 607 158 68 607 158 68 5 68 189 68 19 85
283
501 85 64 211 108
19 85 68 19 85
283 68 85 359 68 241 68 640 68 640
503 189 68 158 108 68 569 68 569 68 569 68 569 68 85 359
189 68 5 68 81 68 189 68 5
564 68 124 68 405 108 68 189 68 405 68 405
211 68 607 68 397 68 607 158 68 397 68 397 68 397 68 607 158 68 397 68 5 68 607 158 68 397 68 397 68 397 68 397 68 70 158 68 397 68 81 68 607 158 68 81 68 81 68 347 158 68 397 68 397 68 397 68 70 158 68 347 501 68 397 68 397 68 397 68 397 68 397 68 397 68 397 68 397 68 347 158 68 397 68 397 68 397 68 397 68 347 158 68 607 158 68 189 68 607
527 68 607 158 68 527 68 607 158 68 607 68 189 68 5 68 189 68 189 68 189 68 189 68 189 68 189 68 85 68 189 68 189 68 527 359 68 189 68 189 68 189 68 189 68 81 68 81 68 189 68 189 68 189 68 569 68 189 68 527 359 68 189 68 607 50 68 569 68 189 68 5 68 189 68 189 68 189 68 189 68 189 68 189 68 189 68 189 68 189 68 189 68 189 68 189 68 189
569 68 108 68 158 108 68 5 68 5 189 68 189 68 189 68 64 211
189 68 339 68 569 68 569 68 85 359 68 569 68 241
527 68 607 158 68 158 68 158 108 68 158 68 43 158 108
607 158 68 550 501 68 85 68 85 359 68 189 68 189 68 550 158 108 68 189 68 607 158 108
194 543 68 5 189
43 158 68 258 149 68 43 158 68 5 189 68 241 68 241
406 155
370 68 5 68 81 68 81 68 81 68 158 108
261 86
569 68 240 51 240
43 158 118 359
370 68 5 68 81 68 189 68 569 68 569 68 189 68 64 211 108
370 68 5 68 81 68 189 68 640
211 543
189 68 158 108 68 158 108 68 405 108 68 405
43 158 68 258 149 68 43 158 68 5 189 68 241 68 241
64 211 108 68 640
593 163 68 64 211 108 68 569 68 569 68 64 211 108 68 85 68 64 211 108
261 86 68 607 158 68 370 68 5 68 370 68 5 68 370
87 449 68 607 158 68 5 68 81 68 569 68 397 68 189 68 85
283 68 569 68 397
197 86
569 68 550 501 68 397 68 397 68 517
406 86
85 4 258 85
607 158 68 397 68 241 68 189 68 241 68 241
406 155 68 607 155 68 517 68 517
261 86 68 607 158 68 81 68 517 68 517
258 4
261 86 68 5 189 149
283 68 158 108 68 397 68 158 108 68 569 68 85 359 68 85 359 68 397 68 189 68 607 158 68 607 158 108 68 397 68 397 68 85 359 68 85 359 68 81 68 85 359 68 81 68 81 68 607 158 68 397 68 607 158 68 607 158 68 607 158 68 397 68 607 158 68 397 68 397 68 85 359 68 397 68 397 68 85 359 68 189 68 189 68 397 68 397 68 607 158 68 607 50 68 189 68 607
261 86 68 569 68 569 68 569 68 569 108
258 430
370 68 5 68 569 68 569 68 85 359 68 85 359 68 85 359
197 86
607 158 68 5 68 370 68 5 68 5 68 607 158 68 5 68 607 158 68 189 68 5 68 189 68 189 68 607 158 68 607 158 68 5 68 527 359 68 189 68 607 158 68 189 68 189 68 359 68 241 68 607 158 68 241 68 5 68 5 68 607 158 68 607 158 68 5 68 5 68 5 68 5 68 5 68 5 68 359 68 359 68 189 68 359 68 359 68 189 68 5 68 607 50 68 189 68 607
406 155
211 85 359
189 211 108 68 43 158 68 43 158 68 43 158
189 68 607 158 68 397 68 397 68 241 68 241 68 241 68 241 68 241 68 189 68 241
64 211 108 68 64 211 108
406 158
283 68 85 347 501 68 189 68 5 68 189 68 189 68 189
261 86
87 68 607 158 68 397 68 397 68 607 158 68 397 68 397 68 607 158 68 397 68 607 158 68 397 68 397 68 397 68 397 68 397 68 607 158 68 397 68 397 68 607 158 68 397 68 607 158 68 397 68 397 68 397 68 397 68 397 68 607 158 68 397 68 397 68 397 68 397 68 397 68 397 68 397 68 397 68 397 68 397 68 397 68 397 68 397 68 397 68 607 158 68 397 68 397 68 607
155
503 158 68 158 108 68 607 68 517 68 517 68 43 158 68 189
569 68 211 68 211
87 68 607 158 68 5 68 370 68 5 68 5 68 5 68 370
503 189 68 189 68 189 68 189 68 405
64 211 108 68 64 211 240
593 163 68 550 158 108 68 5 68 81
87 68 607 68 5 68 5 68 5 68 189
593 163 68 607 158 68 397 68 85 347 501 68 397 68 189 68 569 68 397
370 68 5 68 347 501 85 359
5 68 124
370 68 5 68 19 85 68 19 85 68 19 85 68 430 149
158 108 68 81 68 158 108 68 158 108
288
527 68 607 158 68 527 359 68 397 68 397 68 397
261 86 68 5 68 81 68 81 68 640
607 158 68 640
261 86 68 124 68 550 501 68 397 68 569 68 241 68 241 68 241 68 241
321 68 607 158 68 607 158 68 5 68 405 68 405 68 405
189 68 607 158 68 81 68 189 68 607 158 68 189 68 189 68 189
607 158 68 527 359 68 5 68 331
197 86 68 5 189 68 81
89
430 299
430 68 5 68 241 68 397
4 85
261 86 68 5 68 81 68 397 68 397 68 397 68 397
85 389 158 108 68 5 189
283 68 158 108 68 158 108 68 19 85 68 189 68 189 68 241
607 479 68 5 189 68 189 550 158 118
389 339
397 68 569 68 85 152 68 569 68 569 68 569 68 640
607 158 68 5 68 213
531 158 108
189 68 607 68 431 68 152 68 640 68 640
240 389 158
397
617 68 405 85
283 551 68 569 68 569 68 189 68 569 68 85 359
85 359
569 68 19 85 68 19 85 68 158 108 68 569 68 189 68 64 211
339 551 68 158 108 68 19 85
283 68 607 68 607 158 68 5 68 189 68 189 68 189 68 607 158 68 397 68 189 68 607 158 68 189 68 607 158 68 397 68 607 158 68 607 158 68 189 68 607 158 68 189 68 81 68 607 158 68 189 68 607 158 68 607 68 607 68 607 68 607 158 68 607 158 68 397 68 5 68 5 68 397 68 397 68 5 68 347 158 68 189 68 607 158 68 397 68 5 68 607 50 68 189 68 607 68
283 68 550 501 68 397 68 397 68 569 68 397 68 397 68 397
19 85 68 339 68 569 68 64 211 108
430 68 607 158 68 5 189 68 5 189 68 241
261 86 68 607 158 68 81 68 405 68 405 68 405
261 86 108
19 85
406 86
406 501 68 5 68 81 68 189 68 5 189 68 43 158 108
197 86 68 569 68 189 68 70 158
431 68 550 501 68 517
283 68 550 501 68 189 68 189 68 64 211 108
503 189 68 158 108 68 569 68 19 85 68 19 85
261 86 68 64 211 68 64 211 108
564 68 5 68 245 449
503 158 108
85 359
569 68 569 68 569 68 569 68 569 68 569 68 189
607 158
642 211
64 211 108
397 68 54 86
564 68 124
85 70 158
479
321 247
283 68 5 68 240 211 108 68 240 211 108
85 359
86 163 68 550 501 68 397 68 397 68 397 68 397 68 397 68 569 68 397 68 397 68 569 68 397
43 158 108
607 158 68 527 359
430
593 163 68 19 85 68 607 158 68 85 68 241 68 85 68 241 68 241 68 189
261 86 68 124 68 158 108 68 5 68 569 68 569 68 5 68 640 68 189
365 149
406 240
211 85 359 389 158 118
5 189 85 359
503 158 68 569 68 569 68 569 68 569 68 569 68 569 68 85
503 189 68 189 68 189
189 68 158 108 68 158 108 68 158 108
283 68 158 108 68 331 68 331 85 68 331
261 86 68 81 68 189 68 517 68 517 68 517 85
189 149 211 108
406 158 68 607 68 81 68 517 68 517 68 517 68 517
607 479 68 607 158 68 397 68 569 68 569 68 569 68 189 68 64 211
283 68 158 108 68 189 68 5 189
189 68 389 158 118 68 189 68 189
189 68 607 158 68 81 68 189 68 607 158 68 189 68 189 68 607 158 68 189 68 517
370 68 5 68 85 359
283 551
283 68 607 68 81 68 517 68 517 68 517
43 158
365 430
79 222
503 189 68 245 449 68 189 68 517
283 68 19 108 68 19 85 68 19 85 68 19 85 68 19 85
5 85
397 68 550 501 68 321 247 85 68 5 189
370 68 5 68 81 68 158 108 68 158 108 68 158 108
503 189 68 158 108 68 569 68 569 68 517
607 158 68 81 68 64 211 108
283 68 550 501 68 189 68 5 68 517 68 517
607 158 68 607 158 68 607 158 68 331
283 68 5 68 81 68 397 68 5 68 241 68 189 68 5 68 189 68 189
283 68 607 158 68 5 68 189 68 5
607 158 68 527 68 5
479 85 347 158 118
211 240 211
87 68 158 108 68 5 189 68 241 68 241 359 389 85 359 68 241 68 241
564 68 430 299
283 68 158 108 68 550 501 68 397 68 85
607 158 68 5
64 211 108
593 163 68 617 149 68 517
527 68 607 158 68 189 68 189 68 5 189 68 189 68 189 68 189 68 189
261 86 108
189 68 64 211 108 68 607 158 68 64 211 68 189
569 68 569 68 569 68 569 68 569 68 569 68 569 68 241 68 241 68 339
611 359
479 211 543
81 68 607 158 68 397 68 569 68 569 68 569 68 70 158
406 240
607 158 68 607 158 68 607 158 68 331
527 68 5 68 85 359
527 68 607 158 68 283 68 569 68 569 68 569
527 68 607 158 68 189 68 5 189 68 241 68 189 68 189 68 241 68 189 211 118
370 68 5 68 81 68 189 68 241 68 430 68 430 199 68 241 68 430 68 241
194 543 68 5 189
87 68 607 158 68 397 68 64 211 68 64 211 68 397 68 64 211 108
607 68 5 68 397 68 397 68 569 68 569 68 397 68 189 68 397 68 397 68 189 68 569 68 397 68 397 68 569 68 397 68 569 68 569 68 569 68 189 68 569 68 569 68 569 68 569 68 569 68 569 68 569 68 569 68 397 68 397 68 397 68 397 68 397 68 569 68 397 68 397 68 397 68 397 68 397 68 397 68 397 68 397 68 397 68 397 68 397 68 397 68 397 68 397 68 397 68
153 68 607 158 68 5 68 189 68 5 68 241 68 189 68 607 158 68 189
19 85 68 607 68 5 68 81 68 607 158 68 189 68 189 68 607 158 68 189 68 5 68 607 158 68 43 158 68 607 158 68 81 68 81 68 81 68 81 68 81 68 189 68 81 68 81 68 607 158 68 189 68 607 158 68 607 158 68 607 158 68 607 158 68 607 158 68 81 68 5 68 607 158 68 189 68 81 68 607 158 68 189 68 607 158 68 189 68 43 158 68 607 158 68 189 68 607
370 68 5 68 81 68 189 68 607 158 68 607 158 68 5
397 68 124
64 211 108
258
261 86 68 81
64 211 108 68 569 68 569 68 640
405 85 4
283 68 5 68 607 158 68 397 68 241 68 189 68 189 68 241 68 189 68 189 68 241 68 607 158 68 189 68 241 68 397 68 397 68 241 359
87 68 569 68 158 108 68 569 68 64 211 108
607 479 68 550 501 68 85 359 68 85 359 68 189 68 5 189 68 189
189 68 607 158 68 81 68 5 68 607 158 68 189 68 189 68 189 68 189 68 5
527 68 5 68 5
189 68 158 108 68 517 85
261 86 68 81
607 158 68 5
370 68 5 68 189 68 397 68 397 68 397
19 85
527 68 607 158 68 189 68 607 158 68 607 158 68 189 68 189 68 189 68 189 68 241
593 163 68 19 85 68 19 85 68 569 68 569 68 64 211 108
283 68 607 158 68 189 68 5 68 607 158 68 189 68 189 68 85 359
87 68 170 299
261 86 68 5 68 569 68 569 68 569 68 569 68 569 68 569 68 569
85 4 4
19 85 68 5 68 640 68 241 68 241
4 4 359
569 68 158 108 68 5 189 68 189 68 241 68 241
527 68 517 68 517 68 517 68 569 68 517
527 68 607 158 68 517
607 158 68 81 68 158 68 158 108
321 247 68 19 85 359
87 68 607 68 569 68 550 501 68 85 359 68 397 68 607 158 68 397 68 189 68 64 211 108
19 68 607 158 68 397 68 607 158 68 607 158 68 5
503 189 68 607 158 68 189 68 5 68 64 211 108 68 189 68 64 211 108
261 86 68 124 68 64 211 108 68 64 211 108 68 640 68 64 211
607 158 68 85 68 170 108 68 5 189 68 189
397 68 241 68 607 158 68 397 68 241 68 241 68 397 68 241 68 241 68 397
406 155
321 359
85 389 158 118
189 68 569 68 85 359 68 397 68 569 68 85 359 68 5 68 85 359
85 241 68 64 211 108
79 158 240
283 68 607 158 68 397 68 397 68 397 68 397 68 189 68 607 158 68 397 68 607 158 68 607 158 68 397 68 397 68 397 68 397 68 527 359 68 189 68 527 359 68 347 158 68 81 68 527 359 68 397 68 397 68 569 68 347 501 68 607 158 68 397 68 397 68 397 68 397 68 397 68 397 68 397 68 397 68 347 501 68 189 68 189 68 397 68 397 68 347 501 68 607 68 189 68 607 68
607 479 68 245 449 68 43 158 68 517 68 517
189 68 170 68 170 108 68 5
405 189
283 68 550 501 68 397 68 607 158 68 607 158 68 5 68 397 68 397
503 189 68 158 108 68 607 158 68 5 68 5 68 81
389 158 118 68 241 359
261 86 68 124 68 607 158 68 607 158 68 550 501 68 5 68 189 68 189 68 189 68 550 501
283 68 607 158 68 397 68 397 68 640
85 359
152 550 501 68 85 359 68 79 430 359
261 86 68 253 68 397 68 397
240 389 339
527 68 607 158 68 19 85 68 158 68 158 68 85 359 68 85 359
213 211 108 68 503 189 68 189 68 607 68 503 189
87 68 607 158 68 607 158 68 397 68 607 158 68 607 158 68 607 158 68 397 68 607 158 68 607 158 68 607 158 68 569 68 569 68 81 68 569 68 81 68 607 158 68 607 158 68 607 158 68 607 158 68 607 158 68 607 158 68 607 158 68 607 158 68 607 158 68 607 158 68 569 68 607 158 68 397 68 607 158 68 397 68 189 68 607 158 68 397 68 607 158 68 607 158 68 607 158 68
569 68 158 108 68 517 68 517 68 517
397 68 241 68 241 149
564 68 158 108 68 569 68 85 347 501 85 68 85 68 85
321 240
321 124
527 68 517 68 517 68 517 68 569 68 517
283 68 5 68 189 68 189 68 5 68 241 68 397 68 189 68 241 68 189 68 189 68 241
258 430
64 211
85 365 430
527 68 607 158 68 527 68 189 68 331
503 189
569 68 569 68 569 68 569 68 569 68 569 68 569 68 569 68 569
64 211 108 68 64 211
593 163 68 64 211 108 68 517 68 569 68 517
261 86 68 124
261 86 68 5 68 81 68 189 68 607 158 68 189 68 5 68 189 68 189 68 5
253 359
19 85 359
531 359
189 68 607 155
276 359
197 85 359
189 68 158 108 68 19 85 68 19 85 68 19 85
503 158 85
607 158 68 527 68 607 158 68 5 68 607 158 68 189 68 189 68 189 68 189 68 5 68 189 68 189 68 189 68 607 158 68 189 68 81 68 189 68 189 68 81 68 607 158 68 607 158 68 607 158 68 189 68 607 158 68 607 68 607 68 607 158 68 607 158 68 607 158 68 607 158 68 5 68 189 68 5 68 607 158 68 189 68 189 68 189 68 189 68 607 68 607 68 189 68 189 68 607
261 86 68 81 68 607 158 68 569 68 569 68 189
258 189
370 68 5 68 85 359
397 68 64 211 68 64 211
213 51 86 68 550 487
189 211
189 68 158 108 68 517 85 359 68 517
397 68 405 68 64 211 108 68 569 68 64 211 108
503 189 68 158 108 68 569 68 569 68 569 68 85 359
158 108 68 607 158 68 607 158 68 607 158 68 189 68 85 68 550 158 68 189 68 64 211 108
283 68 517 68 517
503 189 68 158 108 68 569 68 569 68 569 68 85 359
43 158 68 85 299 68 607 158 68 64 211 108 68 241 68 64 211 108
397 68 5 68 397 68 397
283 68 5 68 81 68 43 158 108 68 517 68 43 158 68 43 158 68 43 158 68 517
503 189 68 607 158 68 607 158 68 607 158 68 81
189 68 64 211 149
339
370 68 5 68 81 68 19 85 68 19 85
564 68 5 189 68 642 211
430 299 68 389 158 118
49 68 245 449
189 68 158 108 68 158 108 68 158 108 68 19 85
189 68 569 68 569 68 569 68 569 68 569 68 569 68 569 68 569 68 569 68 241
261 86 68 124
261 86 68 245 449 68 158 108 68 569 68 569 68 569 68 19 85
607 158 68 550 501 68 189
321 68 607 50
607 479 68 642 211 68 189 68 43 158 68 43 158 68 189 68 85
339 551 68 569 68 569 68 85 68 5 68 85 359 68 189 68 85 359 68 189 68 241
607 479 68 5 68 5 68 5 68 5 68 5 189 68 241 68 241
564 68 158 108 68 158 108 68 365 430
321 189
261 86 85
389 158 359
527 68 607 158 68 81 68 5 68 189 68 189 68 189 68 5
283 68 607 158 68 189 68 5 68 607 158 68 189 68 189 68 85 359
607 158 68 5 68 240 211 108 68 64 211
389 339 551 68 607 158 68 189 550 158 118
430 299 68 19 85 359
593 163 68 569 68 397 68 569 68 569 68 569 68 85 359 68 569 68 569 68 241 68 241 359
87 68 170 299
283 68 550 86 68 517 68 5 68 611
261 86 68 607 158 68 81 68 569 68 569 68 569 68 64 211
406 158 68 64 211
43 158 68 5
85 123 85
64 211 108 68 569 68 397 68 569 68 64 211 108 68 64 211 108
261 86 68 607 158 68 503 189
261 86 68 607 158 68 81 68 607 158 68 640
283 68 607 68 607 158 68 189 68 517
283 68 527 359
503 158 108
194 543 68 155
283 68 85 123 108 68 607 68 5 68 189 68 189 68 5 68 85
79 339 551 68 5
283 68 607 158 68 70 158 68 339
261 86 68 124 68 550 501 68 43 158 68 517
569 68 85 347 501 68 189 68 64 211 108
64 211 108 68 569 68 397 68 569 68 569 68 569 68 85 359 68 569 68 241 68 241 359
261 86 68 607 158 68 81 68 569 68 569 68 569
85 299 389 158 118
607 158 68 527 359
405 108
87 449 68 607 68 189
4
189 68 158 108 68 607 158 68 158 68 19 85
339 551 68 550 158 108 68 189 68 397
261 86 68 124 68 5 68 81 68 569 68 569 68 569 68 569 68 569 68 5
19 68 241 68 241
194 543
359 389 85 359
405 68 5 68 331
19 68 158 68 158 149
527 68 607 158 68 81 68 5 68 81 68 189 68 189 68 189
283 68 607 68 397 68 397 68 397 68 397 68 397 68 397 68
406 158 108 68 569 68 19 85 68 19 85
43 158 108 68 19 85
503 158 108
87 68 607 155 68 81 68 189 68 405 68 405
397 68 19 85 68 19 85
564
189 68 81 68 569 68 569 68 569 108
247 68 5 189 68 241
389 85 359 68 158 118
611 359
283 68 607 158 68 397 68 607 158 68 241 68 241 68 241 68 241 68 189 68 241
321 247 68 569 68 158 108
189 68 607 158 68 397 68 607 158 68 397 68 397 68 607 158
189 68 607 158 68 397 68 569 68 85 359 68 430 68 85 359 68 85
283 68 550 501 68 189 68 85 68 85 359 68 189 68 189 68 64 211 108
4 240 4 149
194 543
406 158
283 68 517 68 517 68 397 68 607 158 68 517
283
211 68 81 68 149 68 640
261 86 68 5 68 81 68 5 68 241 68 640 68 241 68 241 68 397
153 68 19 149
152 68 397 68 397
339 551
397 68 607 158 68 189 68 607 158 68 241
617
152
406 155
4 240
607 158 68 5 68 149
253 68 550 501 68 189
397 68 569 68 569
64 211 68 569 68 397 68 5 68 241 68 241
283 68 158 108 68 5 189 68 241 68 241 68 241
283 68 607 68 81 68 189 68 5 68 189 68 189 68 189 68 189 68 189 68 617
211 85 68 339
64 211 108 68 19 85 68 5 68 19 85
607 68 5 68 359
189 68 5 68 370 68 397 68 397 68 397 68 397 68 5 68 397 68 397 68 397 68 241
85 123 85 68 430 199
370 68 5 68 81 68 5 189 68 241 68 241 68 241 68 241 68 241
527 68 607 158 68 81 68 189 68 189 68 189 68 189
87 68 550 501 68 189 68 397 68 607 158 68 189 68 189 68 607 158 68 189 68 550 501 68 189 68 189 68 397 68 397 68 397 68 64 211
607 155 68 5 189 68 81
189 68 607 158 68 5 68 607 158 68 607 158 68 5 68 607 158 68 189 68 189 68 607 158 68 189 68 607 158 68 607 158 68 642 211 68 70 158 68 70 158 68 607 158 68 81 68 607 158 68 189 68 607 158 68 607 50 68 70 158 68 607 158 68 607 158 68 607 50 68 607 158 68 397 68 397 68 607 158 68 359 68 189 68 607 158 68 189 68 389 339 68 607 158 68 189 68 607
569 68 240 299
607 479 68 607 158 68 5 68 5 68 5 68 5 189 68 607 158 68 189
189 68 607 158 68 81 68 158 108 68 158 68 43 158 68 43 158
370 68 569 68 569 68 569 68 569 68 569 68 569 68 569 68 569 68 569
607 158 68 81 68 517
564
5 68 81 68 189 68 189 68 241 68 241 68 189 211 108 68 241 68 189 68 241
211 68 19 85 68 19 85 68 19 85 68 19 85 68 19 85
211 543
261 86
5 85
64 211 68 64 211
501 85 123 149
189 68 607 158 68 397 68 569 68 85 359 68 430 68 85 359 68 85
397 68 70 158
607 68 5 68 397 68 397 68 397 68 397 68 397 68 397
347 501 68 213
211 543
64 211 108
365 152
503 158 108
564 68 527 68 607 158 68 397 68 85 359
607 479 68 607 158 68 81 68 405 68 405
79 158 108 68 640
607 158 68 5
321 240 68 5 68 81 68 569 68 569 68 569
283 68 550 158 108 68 5 68 81
4 189
49 68 517 68 397 68 569 68 569 108
527 68 569 68 81 68 5 68 189 68 569 68 189 68 5
503 189 68 607 68 5 68 5 68 5 68 189 68 189 68 5 68 189 68 189 68 5 68 170 108
569 68 158 108 68 569 68 158 108 68 241 68 241 68 241 68 241
86 163 68 550 501 68 397 68 397 68 397 68 397 68 397 68 397 68 397 68 397 68 397
4 85 4
607 158 68 85 347 158 108 68 19 85
283 68 5 68 241 68 189 68 241 68 241 68 189 211 108
593 163 68 550 501 68 189 68 19 85 68 241 68 189 149
430 68 550 158 108 68 5 189 68 405 543
406 155
283 68 5 68 189 68 189 68 5 68 607 158 68 189
283 68 550 158 108 68 189 68 517 68 517
527 68 607 158 68 158 68 85 359 68 241 68 241 68 241 68 241
5 68 607 158 68 81 68 189 68 241
527 68 607 158 68 85 68 607 158 68 607 158 68 85 68 85 359 68 189 68 43 158 68 85 359 68 43 158 68 85 359 68 43 158 68 85 359 68 81 68 81 68 81 68 81 68 81 68 607 158 68 607 158 68 607 158 68 189 68 607 158 68 607 158 68 607 158 68 607 158 68 607 158 68 85 359 68 81 68 189 68 189 68 189 68 607 158 68 43 158 68 607 158 68 189 68 189 68
85 359
211 149
564 108
527 68 5 68 5 68 397 68 397 68 397
87
503 189 68 158 108 68 158 108 68 158 108 68 189 68 158 108
569 68 85 359
611 74
406 158 108
283 68 550 501 68 397 68 569 68 19 85 359
569 68 569 68 241 68 189 108
152 68 397 68 19 85 68 19 85 68 569 68 569 68 85 68 85 68 569 68 85
64 211 108 68 569 68 569 68 569 68 569
607 158 68 550 158 68 607 158
85 359 389 85 359
261 86 68 124
85 4 149 68 19 85 359
406 85
64 211 108 68 569 68 569 68 569 68 569 68 640
64 211
321 247
607 158 68 527 68 607 158 68 607 158 68 5 68 527 359
64 211 68 550 501 68 397 68 569 68 569 68 569 68 64 211
189 68 405 68 607 158 68 189 68 64 211 108
4 85
240 211 108
64 211 68 550 158 68 607 158 68 211 68 211 68 430 68 607 158 68 189 68 211 155
64 211 108 68 569 68 397 68 569 68 85 359 68 85 347 501 85 359 68 397 68 569 68 569 68 85
503 189 68 158 108 68 569 68 569 68 569 68 569 68 85 359
283
569 68 550 501 68 397 68 397 68 397 68 397 68 397 68 241
397
283 68 5
397 68 81 68 19 85 68 19 85
283 68 607 68 397 68 607 158 68 607 158 68 397 68 189 68 397
85 359
189 68 607 158 68 550 158 68 607 158 68 397 68 607 158 68 550 158 68 607 158 68 607 158 68 189 68 607 158 68 607 158 68 70 158 68 70 158 68 81 68 607 158 68 81 68 81 68 607 158 68 607 158 68 607 158 68 70 158 68 607 158 68 607 158 68 607 158 68 81 68 607 158 68 397 68 397 68 607 158 68 189 68 189 68 607 158 68 189 68 607 158 68 607 158 68 607 158
283 551 68 569 68 569 68 569 68 569 68 569
189 68 607 158 68 241 68 241 68 241 68 241 68 241 68 430 68 430 68 241
258 430
370 68 5 68 81 68 5 68 85
283 68 189 68 617 149 68 5 68 331
569 68 550 501 68 5 68 189 68 5 68 189 68 189 68 241 68 189 68 189 68 241
397 68 607 158 68 569 68 569 68 405 149
607 158 68 370 68 5 68 81 68 5 68 5 68 189 68 370 68 189 68 5 68 5 68 607 158 108
211 149
261 86 108
283 68 607 158 68 81 68 189 68 607 158 68 189 68 189 68 617 149
189 68 158 108 68 158 108 68 158 108 68 339
5 68 607 158 68 189 68 5 68 241 68 241 68 241 68 241 68 241 68 189 68 241
283 68 158 108 68 5 189 68 241
503 158 108 68 158 108 68 397 68 607 158 68 397 68 189 68 85 359
339 551 68 158 108 68 158 543 389 158 118
189 68 81 68 189 68 189 68 5 68 189 68 189 68 189 68 617
64 211 108
153 189 68 240
370 68 5 68 81 68 189 68 189 68 607 158 68 189 68 5 68 189 68 189 68 241
85 359
430 149
406 85
359 68 240 299
339 551 68 389 158 118 68 189 211 118
321
276 85 359
189 68 607 68 5 68 397 68 607 158 68 5 68 189 68 397
261 86 68 607 158 68 5 189
607 158 68 85 359
283 68 550 501 68 569 68 569 68 64 211 108
240 550 158 108 68 189 68 640
527 68 607 158 68 397 68 607 158 68 569 68 569 68 85 68 85 68 397 68 569 68 569 68 569 68 617 149 68 569 68 569 68 569 68 569 68 569 68 527 359 68 569 68 569 68 347 501 68 569 68 569 68 569 68 569 68 569 68 569 68 397 68 397 68 569 68 569 68 397 68 85 359 68 397 68 397 68 569 68 569 68 397 68 347 501 68 569 68 347 501 68 569 68 397 68 397 68
283 68 550 501 68 189 68 5 68 189 68 189
569 68 108 68 158 108 68 5 68 5 189 68 189 68 189 68 64 211
607 155 68 569 68 569 68 569 68 569 68 569 68 569 68 85
5 68 81 68 158 108 68 189 68 607 158 68 5 189 68 241
87 68 607 158 68 397 68 397 68 607 158 68 397
501 85 389 85 359 68 517 68 517
124
607 158
569 68 158 108 68 158 108 68 19 85 68 569 68 64 211 108
406 517
405 85 4
85 359
189 68 64 211 68 607 68 189 68 5 68 189 68 189 68 189 68 189
527 68 607 158 68 158 68 158 108
607 479 68 607 158 68 607 158 68 607 158 68 43 158 68 607 158 68 189 68 43 158 68 136 479
405 108 68 5 189 68 81
197 86 85 68 158 108 68 569
189 68 158 108 68 158 108 68 158 108 68 158 108 68 5
283 68 569 68 85 359 389 158 108 68 241 359
283 68 158 108 68 569 68 158 108
359 389 158
607 158 68 607 158 68 607 158 68 569 68 158 68 503 158
564
19 68 339 68 339
19 85 68 158 108 68 158 108 68 158 108
283 68 158 108 68 339 68 339
64 211 108 68 517
569 68 85 359
569 68 158 108 68 158 108 68 5 68 158 108 68 189 68 607 158 68 189 68 241 68 569 68 569 68 569 68 85 359 68 569 68 569 68 85 359 68 569 68 85 359 68 569 68 569 68 569 68 569 68 241 359 68 569 68 569 68 569 68 569 68 569 68 569 68 569 68 569 68 569 68 85 359 389 158 118 68 85 359 389 158 118 68 241 359 389 158 118
370 68 5 68 81 68 189 68 158 108 68 241 68 5 189 68 241
64 211
611 86 149
397 68 158 108 68 19 85
283 68 517
283 68 158 108 68 158 108 68 19 85 68 19 85 68 158 108
283 68 158 108 68 19 85 68 5 68 241 68 189
397 68 569 68 569 68 569 108 68 569 68 569 68 640 68 85 359
503 189 68 569 68 569 68 569 68 569
503 189 68 158 108 68 569 68 569 68 569 68 5 189 68 64 211 108
43 158 118
283 68 5 68 370 68 5 68 54 86 68 397 68 5 68 241 68 397 68 397 68 5 68 241
85 359 389 158 118
607 479 68 607 158 68 189 68 607 158 68 189 68 189 68 241
261 86
564 85
283 68 64 211 108 68 189 68 64 211 68 64 211 68 64 211 68 64 211
201 258 85 359
87 68 607 68 397 68 189 68 5 68 189 68 189 68 189 68 189 68 397
607 479 68 85 299 68 19 85 68 19 85 68 19 85 68 85 68 19 85
240 149
64 550 501 68 397 68 397 68 607 158 68 397 68 397 68 397 68 397 68 397 68 607 158 68 607 158 108
189 389 158 189 68 517
5 189
283 68 607 158 68 569 68 430 68 430
607 479 68 517 68 19 85 68 19 85
370 68 5 68 81 68 5 68 5 68 331 149
397 68 85 4 85
261 86 68 124 68 64 211 108
607 158 68 81 68 189 68 81 68 189 68 189 68 189 68 85
19 108 68 19 85 68 19 85 68 19 85 68 19 85 68 19 85 68 19 85 68 19 85 68 19 85 68 19 85 68 19 85 68 19 85 68 19 85 68 19 85 68 19 85 68 19 108 68 19 85 68 569 68 569 68 569 68 19 85 68 19 85 68 569 68 569 68 19 85 68 85 68 85 68 569 68 569 68 569 68 569 68 569 68 569 68 569 68 569 68 19 85 68 19 85 68 19 85
197 85
607 158 68 397 68 569 68 569 68 569 68 569 68 85 359 68 85 359
87 68 607 68 607 158 68 5 68 5 68 607 158 68 189 68 607 158 68 189
4 85 4
406 158 258 149 68 430 149
389 85 359
51 86 68 124
607 158 68 607 158 68 189 68 189 68 5 68 189 68 189 68 640 68 640 68 640 68 640 68 640 68 640 68 640 68 397 68 397 68 640 68 569 68 189 68 640 68 569 68 189 68 640 68 640 68 640 68 640 68 397 68 397 68 397 68 397 68 397 68 397 68 397 68 397 68 5 68 397 68 397 68 397 68 241 359
19 85 68 339
397 68 64 211 108
503 158 108
406 501
527 68 607 158 68 189 68 189 68 241 68 241 68 241 68 241
607 158 68 527 359
283 68 5 68 241 68 397 68 241 68 241 68 241
607 158 68 85 359 389 158 108
527 359 68 550 158 108
197 85
321 247 108
607 158 68 81 68 189 68 5 68 5 68 189 68 189 68 189 68 189 68 5 189 68 241
283 68 607 68 81 68 189 68 189 68 569 68 189 68 189 68 64 211 108 68 189 68 64 211 108
197 86 68 81 68 640
261 86 68 607 68 81 68 397 68 607 158 68 397 68 189 68 607 158 68 397 68 517
527 68 607 158 68 397 68 607 158 68 397 68 397 68 85 359
527 68 607 158 68 81 68 19 85
261 86 68 5 68 189 68 607 158 68 397 68 569 68 85 68 397 68 397 68 43 158 68 517
406 211
607 479 68 607 158 68 189 68 607 158 68 189 68 189 68 607 158 68 189 68 43 158 68 517
283 68 158 108 68 397 68 158 108 68 569 68 189 68 85 359
430 359 68 85 359
593 163 68 550 158 108 68 5 68 241 68 189 68 189 68 241 68 189 68 189 68 241
406 430 68 5
5 68 81 68 189 68 189 68 569 68 569 68 189 68 241 68 241
397 85 359
155 211 199
79 158 240 359
283 68 158 108 68 158 108
527 68 607 158 68 569 68 85 68 85 359 68 85 347 501 68 85 359 68 189 68 85 359 68 189 68 85 359 68 85 359 68 397 68 85 359 68 569 68 569 68 569 68 569 68 569 68 569 68 569 68 569 68 85 359 68 569 68 569 68 569 68 569 68 569 68 85 359 68 85 359 68 85 359 68 85 359 68 85 359 68 189 68 85 359 68 85 359 68 189 68 85 359 68 189 68 189 68
430 68 607 158 68 5 189 68 607 158 68 607 158 68 189
283 68 158 108 68 430 199 68 430 199
189 68 569 68 397 68 397 68 397 68 569 68 397 68 397
5 189
642
283 68 607 68 550 501 68 397 68 43 158 68 43 158 68 189 68 397
87 68 19 85 68 158 108 68 19 85 68 19 85 68 19 85 68 19 85
347 158 359
189 68 19 85 68 607 158 68 5 68 19 85 68 189 68 19 85 68 189 68 43 158 68 19 85 68 189 68 607 158 68 43 158 68 19 85 359 68 70 158 68 19 85 359 68 70 158 68 19 85 359 68 189 68 70 158 68 70 158 68 189 68 189 68 189 68 569 68 189 68 189 68 397 68 397 68 189 68 359 68 189 68 189 68 189 68 189 68 189 68 70 158 68 189 68 189 68 607
211 543 211 543
283 68 607 158 68 5 68 189 68 5 68 189 68 189 68 189 68 189 68 189 68 5 189 68 189 68 189 68 241 359
503 189 68 607 158 68 5 68 81 68 640 68 397 68 5 68 640 68 397
189 211 108 68 43 158 68 43 158 68 43 158
261 86 68 245 449 68 517 68 517 68 517
389 339
194 163 68 550 501 68 397 68 640
85 389 158 108
4 85
607 479 68 607 158 68 85 68 607 158 68 397 68 189 68 85 359 68 189 68 189 68 85 359 68 607 158 108 68 85 359 68 607 158 68 85 359 68 189 68 607 158 68 189 68 607 158 68 607 158 68 607 158 68 607 158 68 607 158 68 607 158 68 607 158 68 607 158 68 397 68 85 359 68 397 68 397 68 5 68 189 68 189 68 189 68 607 158 68 607 158 68 607 158 68 607 158 68
211 108 68 5
261 86 68 124 68 124 68 397 68 569 68 569
503 158 108
276 85
569 68 550 158 108 68 189 68 517 68 517
283 68 158 108 68 5 68 81 68 189 68 189 68 189 68 189
365
211 108 68 64 211 108
261 86 68 81 68 189 68 569 68 569 68 569 68 85
283 68 607 68 81 68 189 68 517 68 517 68 517
283 551
189 68 607 158 68 5 68 5 68 5 68 607 158 68 189 68 607 158 68 189 68 5 68 607 158 68 189 68 607 158 68 189 68 5 68 607 68 189 68 189 68 607 158 68 189 68 527 359 68 607 158 68 607 158 68 607 68 607 68 607 68 607 68 5 68 5 68 5 68 5 68 5 68 5 68 5 68 5 68 347 158 68 189 68 607 158 68 43 158 68 607 68 607 68 607 68 607 68
527 68 607 158 68 158 68 5 68 189 68 189
607 158 68 607 158 68 397 68 397 68 397 68 189 68 189 68 241 68 189
397 68 550 158 108
339 551 68 569 68 607 158 68 569 68 607 158 68 189 68 64 211
64 211 108
607 479 68 81 68 5 189 68 569 68 569 68 405
593 163 68 550 501 68 189 68 5 68 569 68 189 68 189 68 189 68 189
85 4 149
283 68 211 108 68 81
5 68 81 68 569 68 569 68 569 68 569
283 68 64 211 108 68 189 68 5 68 640 68 189 68 189
406 155 68 517
370 68 5 68 81 68 189 68 5 68 607 158 68 5
276 85
321 247
430 543 211
430 68 158 108 68 170 108 68 5
543 211 68 550 158 240 211 543
430
5
19 85 359
85 359
155 85 359
45 334
189 68 607 68 5 68 189 68 397 68 569 68 189
283 68 607 68 607 158 68 81 68 607 158 68 189
189 68 607 158 68 607 158 68 5 68 607 158 68 189 68 607 158 68 189 68 189 68 607 158 68 189 68 607 158 68 607 158 68 607 158 68 607 158 68 189 68 607 158 68 189 68 607 158 68 189 68 607 158 68 607 158 68 607 158 68 607 158 68 607 158 68 607 158 68 5 68 5 68 607 158 68 5 68 607 158 68 189 68 189 68 607 158 68 5 68 5 68 607 158 68 189 68 607
607 479 68 85 299 68 19 85 68 19 85 68 19 85 68 85 68 19 85
261 86 68 124
43 158 108
339
64 211 108 68 550 501 68 397 68 640 68 640 68 640
85 359 68 5 68 189 68 189 68 397 68 189 68 189 68 5 189
569 68 152
261 86 68 607 158 68 5 68 241 68 640
261 86 68 124 68 64 211 108 68 569 68 569 68 64 211 108 68 64 211 108
79 158 108 68 64 211 108
261 86 68 81 68 397 68 569 68 569 68 569
527 68 607 158 68 5 68 189 68 189 68 189 68 189 68 189 68 189 68 189 211 108
283 68 245 449 68 607 158 68 5 68 5 68 189 68 5 68 370 68 189 68 5 68 81
321 247 68 158 108 68 158 108 68 569 68 569 68 241 68 241 68 241
359 550 339 68 550 339
283 68 5 68 81 68 189 68 189 68 607 158 68 5 68 189 68 189 68 189 68 5 68 189 68 189 68 189 68 397 68 397 68 397 68 397 68 189 68 189 68 189 68 189 68 81 68 359 68 189 68 189 68 397 68 397 68 397 68 397 68 397 68 397 68 397 68 397 68 397 68 397 68 397 68 397 68 397 68 359 68 189 68 189 68 607 50 68 607 50 68 607 50 68 189 68 607 68
158 108 68 5 68 81 68 5 189 68 5
81 68 5 68 81 68 189 68 158 108 68 607 158 68 5 68 189 68 189 68 5 68 607 158 68 81 68 81 68 569 68 569 68 81 68 81 68 81 68 81 68 81 68 81 68 81 68 81 68 569 68 81 68 81 68 569 68 81 68 81 68 607 158 68 81 68 81 68 569 68 5 68 569 68 569 68 81 68 81 68 81 68 189 68 189 68 607 158 68 5 68 607 158 68 189 68 81 68
607 158 68 81 68 5 68 189 68 158 68 430 68 189 68 607 158 68 189 68 5 189 68 607 158 68 607 158 68 607 158 68 81 68 81 68 81 68 189 68 81 68 607 158 68 81 68 81 68 607 158 68 607 158 68 607 158 68 607 158 68 607 158 68 81 68 607 158 68 81 68 5 68 607 158 68 81 68 81 68 189 68 189 68 189 68 189 68 81 68 607 158 68 189 68 189 68 607
283 68 550 501 68 81
261 86 68 241 68 397 68 569 68 85 359
189 68 158 108 68 405 108 68 158 108
283 68 64 211
211
64 211 108 68 569 68 640 68 640 68 640 68 640 68 640
5 68 81 68 158 108 68 189 68 569 68 569 68 5 68 189 68 189 68 189 68 5 68 331
49 68 158 108 68 19 85 68 607 158 68 19 85 68 189 68 19 85
64 211 108 68 19 85 68 19 85 68 19 85 68 19 85 68 19 85 68 19 85 68 19 85 68 19 85 68 19 85 68 19 85 68 19 85 68 19 85 68 19 85 68 19 85 68 19 85 68 19 85 68 569 68 569 68 569 68 19 85 68 569 68 569 68 569 68 19 85 68 85 68 85 68 85 359 68 85 359 68 19 85 68 85 68 85 68 19 85 68 241 68 19 85 68 241 68 19
189 68 607 158 68 189 68 43 158 68 640 68 43 158 68 640
87
569 68 85 123 108 68 569 68 569 68 569 68 85 359 68 85 359 68 189 68 189 68 85 359
5 189 68 607 158 68 569 68 569 68 569 68 569 68 241
527 68 607 158 68 64 211 108 68 640
607 158 68 64 211 108 68 64 211 108
4 430 359
213 211 68 5 68 81 68 189 68 5
503 158 108
43 158 68 85 299 68 607 158 68 5 189 68 241 68 189 68 241 68 189 68 241
189 68 607 68 607 158 68 569 68 569 68 569 68 153 189 68 64 211
283 68 85 123 108 68 19 85 68 19
283 68 569 68 569 68 85 347 158 108 68 569 68 189 68 64 211 108
642 68 5 68 81 68 81 68 5 68 640 68 189 68 189 68 189 68 189
85 4 258 359
261 86
611 74
283 68 5 68 189 68 189 68 241 222
283 68 607 158 68 397 68 5 68 19 85
258 334 199
87 149 68 550 501 68 64 211
397 68 607 158 68 81 68 607 158 68 640 68 640 68 640 68 430 68 397 68 640
527 68 607 158 68 569 68 569 68 64 211 108
64 211 68 550 501 68 189 68 569 68 569 68 189 68 189 68 64 211
261 86 68 124 68 607 158 68 5 68 81 68 189 68 189 68 607 158 68 189 68 5 68 81 68 189 68 81 68 85
87 68 124
211 108
503 158 108 68 158 108 68 158 108 68 517
607 158 68 81 68 640 68 640 68 640 68 640
283 68 158 108 68 158 108 68 158 108
261 86 68 261 86 68 640
593 163 68 569 68 569 68 569 68 19 85 68 569 68 64 211 108
397 68 81 68 569 68 569 68 569 68 569 68 569 68 569 68 550 501
406 501
564 68 158 108 68 569 68 85 152
19 85 68 158 108 68 158 543
87 68 607 158 68 253 68 607 158 68 607 158 68 607 158 68 607 158 68 43 158 68 19 85
283 68 189 68 569 68 189 68 241 68 241 359
85 389 158 118
261 86 68 158 108 68 5 68 19 85 68 569 68 189 68 241 68 189 68 189 68 5 68 241 68 189 68 85 359 68 569 68 70 158 108 68 19 85 68 81 68 19 85 359 68 81 68 569 68 569 68 189 68 569 68 569 68 81 68 81 68 397 68 397 68 81 68 569 68 397 68 5 68 397 68 397 68 5 68 241 359 68 189 68 189 68 241 359 68 241 359 68 189 68 189 68 189 68
189 68 85 347 501 68 397 68 85 359 68 397 68 189 68 85 359 68 397 68 241
370 68 5 68 81 68 5 68 5 68 5 68 5
406 155
569 68 517 68 569 68 569 68 569 68 569 68 569 68 405 149
283 68 189 68 640
64 211 108 68 517 68 5 68 640 68 640
261 86 68 124
85 415
4 240
85 359
607 158 68 85 68 370 68 397 68 85 359 68 85 68 85 68 85 359 68 397 68 85 359 68 19 85 68 85 68 19 85 359 68 85 359 68 85 68 85 68 85 359 68 19 85 68 85 359 68 19 85 68 85 359 68 569 68 85 359 68 85 359 68 397 68 85 359 68 85 359 68 85 359 68 85 359 68 85 359 68 85 359 68 85 359 68 397 68 397 68 85 347 501 68 607 158 108 68
370 68 5 68 81 68 189 68 189 68 189 68 189 68 189 68 241 68 189 68 241
569 68 550 501 68 397 68 397 68 64 211 108
642 211 68 43 158 68 43 158 68 43 158
43 158 68 81 68 5 189 68 569
503 158 108
43 158 108
564 108
527 68 607 158 68 81 68 19 85 68 569 68 43 158 68 430 149
569 68 517 68 517 68 397 68 397 68 397 68 397 68 397
64 211 108
189 68 405 108 68 607 158 68 5
607 158 68 347 501 68 189 68 189 68 241 68 189
389 339
607 479 68 397 68 569 68 569 68 569 68 569 68 569 68 241 68 397
261 86
321 247 85 68 430 359
569 68 569 68 85 359 68 19 85 68 19 85
370 68 5 68 189 68 158 108 68 241 68 241 68 241 68 241 68 241 68 189 68 241
201 642 211
276 85
607 158 68 5
503 158 108
370 68 5 68 64 211 108 68 569 68 64 211 108
19 85 68 64 211 108
87 449 68 158 108 68 397 68 19 85 359
607 158 68 5 68 607 158 68 5 68 241 68 189 68 189
241
564 68 607 158 68 81
5 68 527 68 527 68 607 158 68 607 158 68 397 68 397 68 241 68 397 68 189 68 569 68 569 68 640
607 479 68 397 68 189 68 5 68 569 68 569 68 189 68 189 68 189 68 189 68 5 189 68 189 68 189 68 569 68 569 68 569 68 569 68 569 68 189 68 189 68 569 68 81 68 81 68 569 68 569 68 81 68 569 68 189 68 189 68 607 158 68 397 68 81 68 569 68 569 68 5 68 569 68 189 68 5 68 389 158 118
124 68 405 108
87 68 19 85 68 19 85 68 19 85 68 19 85
240 389 339
189 68 64 211 108 68 189 68 64 211 108 68 569 68 64 211 108
283 68 550 501 68 569 68 569 68 517 68 517
607 479 68 431 68 397 68 397 68 397 68 397 68 397 68 397 68 397 68 397 68 397 68 517
339 551 68 158 108 68 158 108
189 68 158 108 68 158 108 68 158 108 68 158 68 189 68 158 108
339 551 68 5 68 189 68 5 68 241 68 241 68 241 68 189 68 189 68 241 68 241 68 241 359 68 5 189 68 241 68 241 68 241 359 68 189 68 189 68 241 359 68 241 359 68 241 359 68 241 359 68 241 359 68 241 359 68 5 189 68 397 68 5 189 68 5 189 68 5 189 68 5 68 241 359 389 85 359 68 241 359 68 241 359 68 241 359 389 85 359 68 241 68 189 68 189 68
607 155 68 81 68 189 68 5 68 189 68 189 68 189 68 5
503 158
531 359
276 85
564 68 158 108 68 517
211 543
19 68 158 108 68 43 158 68 43 158 68 607 158 68 43 158 68 189
288
283 68 158 108 68 5 189 68 5 189 68 241
19 85
283 68 136 479
607 158 68 527 68 607 68 189 68 569 68 569 68 189 68 85 68 189 68 189 68 64 211 68 569 68 64 211 108 68 569 68 569 68 64 211 68 569 68 569 68 569 68 569 68 569 68 569 68 569 68 569 68 569 68 569 68 347 501 68 569 68 569 68 569 68 569 68 569 68 85 359 68 569 68 569 68 569 68 569 68 189 68 189 68 569 68 569 68 347 501 68 569 68 189 68 189 68
607 68 124 68 550 501 68 397 68 397 68 397 68 397 68 397
283 68 550 501 68 189 68 431
564 68 158 108 68 517 68 189 68 405 68 430 68 430 199
4 85
87
405 68 64 211 108 68 64 211 108
261 86 68 569 68 640
607 479 68 81 68 189 68 189 68 569 68 189 68 189 68 189 68 189
564
85 347 158 108 68 189 68 5 68 189 68 189
261 86 68 124 68 124
564 68 517 68 517 359
564 68 19 85 68 569 68 569 68 569
503 189 68 569 68 569 68 569 68 569 68 569 68 241
370 68 5 68 81 68 189 68 189 68 569 68 189 68 189 68 241
321 247 68 617 68 189
211 543 68 607 158 68 397 68 607 158 118
108 68 19 85 68 607 158 68 397 68 569 68 189 68 64 211 108
503 189 68 158 108 68 607 158 68 5 68 5 68 81
552 85
189 68 64 211 68 607 68 331 68 331 68 331
527 68 607 158 68 370 68 5 68 189
64 211 68 517 68 517 68 158 118 68 430 68 430 68 430 68 430 68 430 68 430 68 517
479
406 158 108 68 85 359 68 397 68 241 68 397 68 189 68 64 211 108
503 189 108 68 569 68 569 68 85 359 389 85 359 68 5 189 68 189 68 189 68 241 359
87 449 68 19 85
503 189 68 607 68 607 158 68 5 68 189 68 189
261 86 68 124 68 607 158 68 5 68 81 68 189 68 189
87 68 158 108 68 158 108 68 158 108 68 158 108 68 607 158 68 339
283 68 81 68 640 68 640 68 640 68 640
86 163 68 550 501 68 397 68 607 158 68 569 68 189 68 607 158 68 397 68 189 68 607 50
564 68 158 108 68 158 108 68 430 199
405
64 211 68 569 68 569 68 85 359
87 68 607 158 68 189 68 189 68 85 359
261 86 68 607 158 68 569 68 569 68 569
85 359 389 85 359 68 397
189 68 607 158 68 81 68 189 68 64 211 108
503 189
189 68 170 108 68 397 68 397 68 397
51 86 68 550 501 85 359
607 479 68 81 68 397 68 19 85 68 19 85 68 607 158 68 85 68 397 68 607 158 68 607 158 68 607 158 68 569 68 569 68 81 68 85 68 81 68 81 68 81 68 81 68 81 68 81 68 569 68 81 68 569 68 569 68 607 158 68 607 158 68 397 68 81 68 569 68 569 68 85 68 569 68 397 68 81 68 569 68 189 68 81 68 569 68 569 68 81 68 569 68 189 68 189 68 550
607 479 68 607 158 68 189 68 158 68 158 68 189 68 189 68 158 108
397 68 136 479 108
87 5
261 86 68 569 68 569 68 569 68 19 85
211 68 81 68 189 68 43 158 68 569 68 569 68 43 158 108
19 85 68 64 211 108 68 517
430 149 68 550 158 108
430 199
5 68 642 211 108
283 68 607 68 550 501 68 189 68 5 68 189 68 189 68 189 68 189 68 189 68 607 50
607 479 68 431
607 479 68 189 68 189 68 5
406 158
283 68 258 68 640 68 640
283 68 607 68 550 501 68 5 68 189 68 189
397 68 70 158
564
503 189 68 158 108 68 517 68 405 68 517
503 158 108
258 149 68 19 85 68 19 85
43 158 68 5 189
283 551 68 5 68 189 68 189 68 189 68 189 68 189
87 68 81 68 569 68 569 68 64 211 108 68 640 68 64 211 108 68 64 211 108
283 68 607 158 68 81 68 569 68 569 68 569 68 339
43 158 68 642 211 68 607 158 68 241 68 241 68 5 189 68 241 68 241 68 241
611 74
283 68 569 68 85 359 68 569 68 569 68 569 68 85 359
397 68 607 158 68 241 68 5 68 241 68 241 68 241 68 241 68 241 68 241
19 68 5 68 5
607 68 5 68 85 359 68 569 68 569 68 569 68 569 68 85 359
503 189 68 607 68 607 158 68 5 68 170 108 68 503 189 68 607 158
593 163 68 550 158 108 68 5 68 81
240
370 68 5 68 81 68 189 68 189 68 607 158 68 189 68 189 68 64 211 108
397 68 550 501 68 64 211 108
607 158 68 85 359 68 397 68 569 68 569 68 640
283 68 5 68 189 68 189 68 241 222
389 85 359
283 68 550 501 68 189 68 189 68 64 211 108 68 189 68 64 211 108
261 86 68 640
240 389 158
430 299
85 359
321 27
87 68 607 158 68 189 68 189 68 85 359
253 68 607 158 68 136 479
189 68 607 158 68 170 68 170 68 170
283 68 550 501 68 397 68 189 68 397 68 397 68 189 68 241 68 189 68 241
283 68 5 68 54 86
607 155 68 85 359
593 163 68 640 68 640 68 640
339
569 68 152
64 211 149
261 86 68 607 158 68 81 68 430 68 430 68 430 199
430 68 158 108 68 569 68 158 108
64 211 68 211 108 68 189 68 211 108 68 211
607 479 68 81 68 5 68 189 68 19 85 68 189 68 5 68 189 68 189 68 5 68 241 68 189 68 81 68 19 85 68 569 68 81 68 85 68 81 68 81 68 81 68 81 68 81 68 81 68 569 68 81 68 569 68 569 68 81 68 81 68 189 68 81 68 81 68 569 68 5 68 5 68 569 68 189 68 5 68 81 68 189 68 189 68 189 68 569 68 81 68 241 68 189 68 189 68 189
365 430
5 85
49 68 607 158 68 397 68 569 68 569 68 569 68 189 68 64 211
70 339
370 68 5 68 370 68 397 68 241 68 19 85 359
43 158
527 68 607 158 68 81 68 189 68 569 68 569
527 68 607 158 68 640 68 640
479 85
569 68 550 501 68 397 68 189 68 64 211 108
397 68 607 50
283 68 607 158 68 81 68 607 158 68 607 158 68 189 68 189 68 43 158 68 43 158
261 86 68 124 68 550 501 68 5 68 189 68 189 68 189 68 189 68 189 68 5 189 68 64 211 108
87 68 124 68 397 68 397 68 569 68 569 68 569 68 85 359
527 68 607 158 68 527 359 68 517
19 85
397 68 569 68 569
283 68 5 68 81 68 189 68 5 68 189 68 189 68 189 68 189 68 189 68 5 68 189 68 189 68 189 68 5 68 189 68 81 68 81 68 189 68 189 68 81 68 81 68 81 68 81 68 189 68 189 68 189 68 189 68 81 68 81 68 81 68 189 68 5 68 5 68 5 68 5 68 5 68 397 68 189 68 81 68 189 68 189 68 189 68 189 68 189 68 81 68 189 68 189 68 189 68
189 68 550 158 108 68 607 158 68 607 158 68 241 68 241 68 241 68 189
617
261 86 68 607 158 68 261 86 68 261 86 68 261 86 108 68 5 68 569 68 405 108
211 213 194
64 211 149
240 389 339
564 68 569 68 19 85 68 5 68 85 359 68 189
170 299
87 68 607 158 68 397 68 397 68 241 68 241 68 241 68 241
503 189
283 68 241 68 241
607 479 68 640 68 640 68 189 68 640
43 158 68 81 68 5 68 189 68 189
276 85
64 211 68 640
370 68 5 68 81 68 43 158 68 5 68 43 158 68 5 68 189 68 43 158 108
430 551
189 68 158 108 68 607 158 68 43 158 68 43 158 68 43 158
85 68 339 68 339 68 339 68 85 359 68 339 68 339 68 339 68 339 68 85
194 543 211 108
261 86 68 124 68 550 501 68 397 68 397 68 397 68 397 68 64 211 108
479 108
19 85 68 158 108 68 5 68 189 68 189 68 43 158 108 68 189 68 189 68 43 158 108
607 479 68 607 158 68 189 68 158 68 158 68 189 68 189 68 158 108
5 68 607 158 68 81 68 569 68 569 68 64 211 108
564
347 158 359
189 68 5 68 607 158 68 189 68 189 68 189 68 189
283 68 158 108 68 158 108 68 158 108 68 430
43 158 68 617
19 85 68 607 158 68 5 68 85 359 68 241 68 189
607 158 68 85 359
359 389 339 551 68 5 189 68 241 359 389 339
43 158 258 158
153 189
240 389 339
64 211 543
370 68 5 68 189 68 189 68 5 68 607 158 68 5 68 85 359 68 189 68 241 68 241 68 189 68 241 68 241 68 85 359
85 211
283 551 68 607 158 68 189 68 85 359 68 397 68 189 68 85 359 68 397 68 607 158 108 68 607 158 108 68 339 68 397 68 85 359 68 85 359 68 85 359 68 19 85 359 68 569 68 19 85 359 68 397 68 569 68 569 68 569 68 550 158 68 397 68 397 68 569 68 397 68 85 359 68 397 68 397 68 85 359 68 397 68 189 68 607 158 68 397 68 607 158 68 607 158 68 189 68 550
261 86 68 607 158 68 5 68 43 158 68 189 68 189 68 607 158 68 397 68 43 158 68 43 158 68 43 158 68 607 158 68 81
261 86 108
569 68 607 158 68 189 68 43 158 68 85 359 68 189 68 189
283 68 607 158 68 550 501 68 397 68 607 158 68 189 68 550 501
64 211 108 68 241 68 397 68 640 68 640 68 640 68 640 68 640
283 68 158 108 68 85 347 158 85 359 68 85 359
241 359 389 339
261 86 68 607 68 607 158 68 397 68 607 158 68 397 68 607 158 68 397 68 189 68 607 50
503 158 108
370 68 5 68 81 68 397 68 397 68 241 68 189 68 241 68 241 68 189 68 241
607 158 68 607 158 68 607 158 68 607 158 68 607 158 68 607 158 68 189
283 68 158 68 158 108 68 158 108
397 68 640 68 640
370 68 5 68 397
19 85 68 70 158
211 240 211
527 68 607 158 68 397 68 19 85 68 19 85 68 607 158 68 397 68 397 68 189 68 607 158 68 43 158 68 19 85 68 569 68 241 68 569 68 569 68 569 68 569 68 569 68 152 68 19 149 68 569 68 241 68 569 68 569 68 397 68 569 68 397 68 397 68 569 68 397 68 397 68 85 359 68 397 68 397 68 359 68 397 68 189 68 569 68 569 68 43 158 68 569 68 397 68 397 68
569 68 569 68 569 68 397 68 569 68 569 68 569 68 85 359
642 211 68 158 108 68 43 158 108
19 149
283 551 68 569 68 569 68 189 68 569 68 85 359
87 68 527 68 607 158 68 81 68 569 68 517 68 517
276 85 68 158 108 68 158 108
283 68 158 108 68 569 68 569 68 85 359 389 158 108 68 85 359
64 211 68 550 158
503 189 108
430 85 299
87 68 158 108 68 607 158 68 19 85 68 19 85
261 86
503 158 108 68 158 108 68 397 68 607 158 68 397 68 189 68 85 359
370 68 5 68 81 68 5 68 5
283 68 158 108 68 607 158 68 189 68 241 68 189
527 68 19 85 68 158 108
261 86 68 124
527 68 5 68 81 68 189 68 569 68 569 68 189 68 189 68 607 158 68 189
607 68 550 501 68 397 68 569 68 569 68 397 68 569 68 569 68 397
64 211 108 68 569 68 569 68 19 85 68 19 85 68 19 85 68 19 85 68 569 68 64 211 108
321 149
261 86 68 5
64 211
550 501 68 64 211 108
430 85 4 85 359 68 19 85
283 68 607 68 550 501 68 5 68 189 68 189 68 189 68 189 68 189 68 189 211 68 189 68 189 68 189 68 64 211 108
569 68 158 108 68 5 189 68 5 189 68 241
607 479 68 43 158 68 43 158 68 331 149 68 189 68 241 68 241 68 189 211
503 158 108
593 163 68 550 501 68 397 68 397 68 569 68 397
86 163 68 607 158 68 397 68 81 68 569 68 569 68 5 68 397 68 397 68 569 68 569 68 569 68 81
321 68 5 68 189 68 5
189 68 617 149 68 617 149
331 359
430 299
197 85
321 247 68 85
593 163 68 517
155 211
564 85
261 86 68 607 158 68 569
607 158 68 241 359
283 68 5 68 85 359 68 5 68 241 68 241 68 189 68 241 68 189 68 189
642
283 68 607 68 397 68 397 68 397 68 397
261 86
406 155 211
283 68 64 211 108 68 640
283 68 158 108 68 569 68 64 211 108
43 158 108
153 68 607 158 68 607 158 68 607 158 68 261 86
370 68 5 68 81 68 189 68 607 158 68 397 68 189 68 607 158 68 397
85 365 430 199
283 68 550 501 68 189 68 189 68 405 68 5
19 85
593 163 68 569 68 569 68 85 68 85 359 68 397 68 85 68 569 68 569 68 569 68 85 359
68 607 158 68 108 68 64 211 108 68 64 211 68 189
261 86 68 81 68 517 68 5 68 189 68 189
527 68 607 158 68 64 211 108
527 68 607 158 68 517 68 517 68 517 68 517 68 517 68 517
189 68 607 158 68 607 158 68 607 158 68 253
607 68 527 68 397 68 397 68 569 68 569 68 569 68 569 68 569 68 397 68 569 68 569 68 569 68 431 68 397 68 397 68 569 68 569 68 569 68 397 68 431 149
321 27
283 551 68 189 68 189 68 189
569 68 81 68 569 68 85 68 85 68 569 68 569 68 85 68 85 68 569 68 569 68 569 68 569 68 85 68 85 68 569 68 569 68 85 68 569 68 569 68 85 68 569 68 569 68 81 68 569 68 569 68 569 68 569 68 569 68 569 68 569 68 569 68 569 68 569 68 569 68 85 359 68 85 359 68 569 68 569 68 569 68 85 359 68 569 68 569 68 569 68 569 68 569 68 569 68 569
405 68 405 85
261 86 68 607 158 68 397 68 607 158 68 569 68 85 359 68 85 359 68 397 68 189 68 607 158 68 189 68 607 158 68 569 68 85 359 68 569 68 189 68 85 359 68 569 68 189 68 85 359 68 189 68 607 158 68 569 68 569 68 170 108 68 397 68 397 68 569 68 569 68 397 68 85 359 68 397 68 397 68 397 68 189 68 189 68 607 50 68 607 50 68 607 50 68 189 68 607 50
397 68 607 158 68 607 158 68 607 158 68 397
64 211 108 68 569 68 640 68 640 68 640 68 640 68 640
288 68 550 501 68 397 68 397 68 397 68 397 68 397 68 397
87 68 245 449 68 397 68 397 68 397 68 397
19 85 68 158 108 68 158 108
261 86 68 81 68 517 68 569 68 569 68 569
85 359 550 158 108 68 397 68 241 68 430
569 68 158 108 68 5 68 189 68 5 68 569 68 189 68 5 68 189 68 189 68 5
397 68 81 68 170
321 189
406 155
503 158 108 68 158 108 68 158 108 68 569 68 430
569 68 550 501 68 189 68 189 68 64 211 108 68 189 68 64 211 108 68 189 68 64 211 108
370 68 5 68 569 68 397 68 5 68 339 68 397 68 5 68 339
64 211 68 550 501 68 189 68 189 68 569 68 189 68 189 68 64 211 108
64 211
87 68 607 158 68 5 68 189 68 5
283 68 550 501 68 397 68 569 68 569 68 569 68 85 359 68 85 359 68 397 68 569 68 569 68 569 68 85
240 211
564 68 158 108 68 158 108 68 158 108
189 68 240 550 158 108 68 241 68 241
611 74
607 158 68 81 68 158 108
5 68 527 68 527 68 607 158 68 569 68 569 68 85 359
283 68 5 68 241 68 241 68 241 68 241
211 108 68 64 211 108
283 68 64 211 108 68 569 68 569 68 64 211 108
189 68 241 68 241
569 68 569 68 569 68 569 68 85 359
430 551 68 158 108 68 158 108
85 359
607 158
397 68 19 85 68 19 85 68 19 85 68 19 85 68 19 85 68 19 85
527 68 607 158 68 5 68 241 68 241 68 241 68 241 68 241 68 241 68 189 68 241
564 68 245 449
85 389 158 108 68 136 479
87 68 158 108 68 607 158 68 607 158 68 19 85 68 19 85
43 158 68 85 359 389 158 108 68 241 68 241 68 189
85 347 158 118
85 359 68 85 359 389 85 359
170 5
85 4 149 68 5 189 68 189
261 86
283 68 5
321 247 85 68 430 149
261 86 68 124 68 569 68 85 68 85 359
569 68 85 123 108 68 607 158 68 569 68 430 68 430 68 430 68 430
370 68 5 68 81 68 5 68 81 68 189 68 189 68 5 68 189 68 189 68 5 189 68 5
406 158 118
406 430 68 5
607 479 68 81 68 5 68 189 68 5 68 85 68 189 68 5 189 68 189 68 405 108
189 68 81 68 569 108
240 389 158 68 569 68 85 152 68 85 359 68 189
607 158 68 241 359
593 163 68 54 86 68 397 68 640
85 4 4
283 68 158 108 68 569 68 569 68 569 68 430
527 68 607 158 68 397 68 397 68 397
347 501
261 86 68 607 158 68 397 68 607 158 68 569 68 189 68 550 501 68 397 68 189 68 607 158 68 189 68 607 158 68 397 68 569 68 569 68 569 68 189 68 642 211 68 569 68 81 68 81 68 569 68 569 68 569 68 569 68 569 68 607 50 68 397 68 397 68 569 68 569 68 397 68 397 68 397 68 397 68 642 211 68 189 68 189 68 211 68 397 68 569 68 550 501 68 189 68 550 501
479 189 389 158 359
149
261 86 68 124
607 158 68 85 359 68 158 68 158 108 68 189 68 189 68 64 211
261 86 68 124 68 397 68 397 68 569 68 241 68 241 68 241
87 68 569 68 569 68 569 68 569 68 640 68 640
446 85
64 211
70 158
397 68 19 68 19 85 68 19 85
261 86 68 607 158 68 5 189 68 430
370 68 5 68 81 68 158 108 68 19 85
430 149
43 158 68 81 68 189 68 5 68 405 68 405 543 211 543 68 189 68 189
417
87 68 607 158 68 397 68 397
261 86 68 607 158 68 370 68 5 68 370 68 5 68 370
283 68 85 299 68 397 68 569 68 569 68 569 68 64 211 108
405 240
276 85
405 189
479 85 347 158 118
19 85 68 158 108
283 68 158 108 68 158 108
211 108 68 158 108 68 430 359 68 430 359
607 158 68 64 211 108 68 640
611 189
283 68 5 68 85 359 68 397 68 331 68 331 430 68 241
321 359
261 86 68 241 68 241 68 241
517 68 517
158 108 68 5 189 68 189 68 240 211 108
339 551 68 19 85 68 19 85
503 189
283 68 527 68 607 158 68 5 68 81
593 163 68 550 501 68 397 68 240 550 158 108 68 189 68 241 68 189
87 68 527 68 607 158 68 607 158 68 527 359 68 607 158 68 397 68 189 68 607 158 68 607 158 68 607 158 68 607 158 68 170 108
4
283 68 550 501 68 189 68 5 189 68 189 68 189 68 189 68 189 68 189 550 158 108
155 68 607 155 68 617
527 68 607 158 68 370 68 5 68 85
261 86 68 5 68 81 68 189 68 189 68 189 68 189 68 189
5 68 607 68 5 68 189 68 569 68 569 68 189 68 189
339 551
283 68 158 108 68 19 85 68 5 68 85 359
607 479 68 5
189
339 68 136 479
240 211 108 68 517
569 68 617 68 397 68 397 68 189 68 64 211 108
611 74
211 108
261 86 68 124 68 397 68 397 68 397 68 397 68 397 68 5 68 189 68 189 68 569 68 569 68 397 68 397 68 397 68 397 68 261 86 108
607 158 68 397 68 569 68 569 68 569 68 569 68 569 68 85 359
194 543
197 85
240 389 85
261 86 68 607 158 68 81 68 85 365 430 199 68 85
527 68 607 158 68 253
569 68 152
321 240
87 68 283 68 283 68 283
85 68 607 158 68 85 68 5 68 85 359 68 189 68 5 68 189 68 189 68 5 189 68 189 68 189 68 85 359 68 397 68 85 359 68 85 359 68 81 68 81 68 569 68 81 68 81 68 569 68 189 68 241 68 569 68 569 68 81 68 569 68 397 68 397 68 569 68 397 68 5 68 397 68 397 68 5 68 5 68 189 68 189 68 189 68 189 68 189 68 241 68 189 68 189 68 189 68
607 479 68 136 479
261 86 68 569 68 569 68 569 68 64 211 108
406 158 108 68 189 68 405 85
430 108 68 211 543 68 517
503 189 108
261 86
617
611 85
607 158 68 170 68 503 158 68 607 158 68 607 158 68 607 158 68 607 158 68 189 68 136 479
49 68 158 108 68 19 85 68 607 158 68 19 85 68 189 68 19 85
406 211
87 68 607 158 68 81 68 158 108 68 158 68 189 68 189 68 64 211
189 68 158 108 68 5 68 158 108 68 430 68 430 68 430 199 68 430
564
607 158 68 527 68 19 68 19 85 68 19 85 68 430 68 19 85 68 19 85
85 359
321 194 68 550 86
19 85 68 70 189
607 158 68 81 68 397 68 241 68 241 68 241 68 241
430 199 85
4 85
189 68 550 501 68 189 68 64 211 108 68 569 68 64 211 108
43 158 68 85 359 68 397 68 607 158 68 85 359 68 85 359
283 68 85 68 569 68 405 68 405 68 569 68 405
564 68 517 68 517
550 158 543
397 68 569 68 569 68 569 68 569 68 569 68 569 68 85 68 64 211 108
87 68 569 68 569 68 158 108 68 85 359 68 189 68 189
430 68 85 123 68 397 68 607 158 68 397 68 189 68 189 68 85 359 68 189 68 241 68 397 68 397 68 397 68 397 68 397 68 241 359 68 85 359 68 189 68 569 68 359 68 189 68 241 359 68 397 68 241 359 68 241 359 68 241 359 68 397 68 397 68 397 68 397 68 397 68 397 68 397 68 397 68 5 68 359 68 189 68 189 68 241 359 68 189 68 241 359 68 189 68 189 68 607
189 68 607 158 68 81 68 189 68 607 158 68 189
370 68 5 68 569 68 569 68 19 85
501 85 68 569 68 569 68 569 68 569 68 569 68 569 68 64 211 108
501 85 123 108 68 430 149
87 68 607 50 68 397 68 397 68 397 68 397 68 397 68 397 68 397
339 68 569 68 19 85
261 86 68 607 158 68 81 68 517 68 517
607 158 68 550 501 68 189 68 189 68 189 68 189 211 68 189 68 189 68 43 158 68 517
87 68 124 68 5 68 397 68 397 68 397 68 397 68 397 68 397
347 501 68 347 501
607 479 68 550 501 68 189 68 5 68 64 211 68 189 68 64 211
261 86 68 124 68 397 68 397 68 397 68 397 68 397 68 397 68 397 68 397 68 241
19 85 68 70 189
617
321 189
607 158 68 527 359 68 158 108 68 430
283 68 517 68 517 68 517
85
189 68 607 211 68 607 158 68 5 68 607 158 68 189 68 607 158 68 189 68 607 158 68 389 158 68 189 68 607 158 68 607 155
4 149
283 68 124
283 68 607 158 68 189 68 189 68 241 68 430
503 189 68 158 108 68 517 68 517 359
240 389 339
370 68 5 68 81 68 189 68 569 68 19 85
253 359 68 241 359
258 430
569 68 19 85 68 19 85 68 19 85 68 19 85 68 19 85 68 19 85
87 68 527 68 607 158 68 397 68 640 68 640 68 397 68 640
479
607 158 68 85 299 68 158 108 68 158 68 189 211 108
607 68 5 68 359 68 397 68 359
189 68 607 158 68 607 158 68 607 158 68 43 158 68 43 158 68 43 158 68 43 158 68 136 479
321 189
607 158 68 527 68 607 158 68 5
370 68 5 68 158 108 68 569 68 19 85
43 158 68 81 68 189 68 189 68 607 158 68 189 68 241 68 241 68 189 68 241
19 85 68 158 108 68 158 108 68 4
283 68 607 158 68 85 347 501 68 85 359
261 86 68 5 68 569 68 569 68 569 68 569
5 189 108 68 5 189
211 85 68 339
5 189
64 211 108 68 569 68 158 108 68 64 211 108
283 68 5 68 642 211 108
189 68 607 158 68 607 158 68 607 158 68 5 68 607 158 68 607 158 68 189 68 607 158 68 189 68 607 158 68 607 158 68 607 158 68 170 108 68 189 68 607 158 68 607 158 68 81 68 607 158 68 607 158 68 607 68 170 68 170 68 607 158 68 607 158 68 607 50 68 170 299 68 607 158 68 5 68 607 158 68 189 68 189 68 607 158 68 189 68 5 68 170 68 170 68 607 158 68
19 85 68 158 108 68 158 543
501 85 68 517 68 189 68 607 158 68 64 211 108
189 68 607 158 68 241 68 241 68 241 68 241 68 241 68 241 68 241
49 551 68 64 211 108
5 68 81 68 189 68 189 68 517 68 517
321 68 5 68 359
19 85 68 607 68 189 68 5 68 189 68 189 68 189 68 189 68 189
283 68 5 68 81
370 68 5 68 81 68 5 68 5 68 569 68 5
607 158 68 170 68 569 68 240 211 108
370 68 5 68 81 68 5 68 640 68 640 68 5
569 68 245 449 68 158 108 68 158 108 68 569 68 189 68 189
87 68 370 68 397 68 397 68 370 68 321 240 68 397 68 241
430 449
283 68 607 158 68 189
503 189 68 19 85 68 19 85 68 19 85 68 19 85 68 19 85 68 19 85
152 68 5 68 81 68 189 68 640 68 640 68 640
397 68 607 158 68 569 68 517 68 517 68 517
87 68 607 158 68 397 68 397 68 607 158 68 397 68 397 68 397 68 397 68 607 50
283 68 550 501 68 189 68 189 68 607 158 68 189 68 189 68 550 158 68 189 68 64 211 108
527 68 607 158 68 607 158 68 607 158 68 397 68 189
283 68 607 158 68 189
283 68 607 158 68 189 68 5 68 607 158 68 189 68 189
211 405
19 68 339 68 569
87 68 170 299
261 86 68 81 68 569 68 19 85 68 569 68 19 85
564 68 158 108 68 189 68 5 68 640
87 68 607 68 569 68 569 68 607 158 68 569 68 569 68 607 158 68 569 68 189 68 607 158
5 68 81 68 189 68 158 108 68 19 85 68 43 158 68 607 158 68 189 68 43 158 68 517
283 68 189 68 64 211 108 68 569 68 569 68 569 68 241
87
283 68 158 108 68 189 68 43 158 68 43 158 68 43 158 68 189
261 86 68 170 68 170
87 68 607 50 68 5
64 211 108 68 550 158 108
189 68 527 68 607 158 68 569 68 569 68 569 68 569 68 213
283 68 43 158 68 258 149 68 43 158 68 517 68 43 158 68 149
321 247
607 68 5 68 189 68 189
261 86 68 124
85 359 389 85 359
261 86 68 607 158 68 5 68 189 68 607 158 68 189 68 189 68 189 68 189 68 607 158 68 607 158 68 81 68 607 158 68 81 68 81 68 189 68 189 68 189 68 607 158 68 81 68 607 158 68 189 68 607 158 68 607 50 68 81 68 607 158 68 607 158 68 607 50 68 5 68 5 68 397 68 189 68 5 68 189 68 189 68 189 68 189 68 189 68 81 68 607 50 68 189 68 189 68
527 68 607 68 527 68 607 158 68 189 68 189
283 68 607 158 68 607 158 68 5 68 607 158 68 189 68 189 68 189 68 189 68 607 158 68 189
283 68 607 68 397 68 397 68 397 68 397 68 397 68 397 68 397 68 397 68 397 68 607 50
213
64 211 108 68 19 85
517 68 43 158 68 430
607 479 68 517 68 19 85 68 19 85 68 19 85 68 19 85 68 19 85
201 258
569 68 517 68 430 149 68 430 149
261 86 68 245 449 68 189 68 5 189
85 359
258 149 68 517 68 517
64 211
261 86 68 607 158 68 81 68 405 68 405 68 189 68 405 108
527 68 607 158 68 607 158 68 607 158 68 43 158 68 43 158 68 189
527 68 607 158 68 5 68 81 68 5 68 81
430
339 551
397 68 5 68 81 68 5 68 569 68 569 68 640
283 68 5 68 81 68 81 68 189 68 5
149
503 158 108 68 569 68 569 68 569 68 85 359
339 551 68 640
189 68 607 158 68 397 68 607 158 68 517 68 189 68 189 68 189
158 108 68 81 68 430 68 5 68 19 85 68 430 68 430 68 430 68 430
64 211 108
527 68 607 158 68 550 158 68 5 68 85 68 85 68 85 68 64 211 108
19 85
569 68 5 68 149 68 5 68 397 68 397 68 397
607 158 68 70 158 149
406 85 68 517 68 397
503 189 68 607 158 68 5 68 189 68 64 211 108
607 158 68 81 68 189 68 241 68 241 68 241 68 241 68 241 68 241 68 241
194 543
370 68 5 68 81 68 189 68 189 68 241 68 189 68 241
503 189 68 370 68 5 68 241 68 640
4
370 68 5 68 189 68 189 68 189 68 569 68 189 68 5 68 189 68 189 68 189 68 241 68 189 68 189 68 5 68 397 68 189 68 241 68 189 68 189 68 189 68 189 68 189 68 189 68 189 68 189 68 241 68 241 68 189 68 189 68 397 68 189 68 397 68 397 68 397 68 397 68 397 68 397 68 189 68 5 68 189 68 189 68 189 68 189 68 189 68 241 68 607 68 189 68 189 68
283
397 68 640 68 640
527 68 607 158 68 81 68 5 68 81 68 189 68 189 68 189
261 86 68 370 68 5 68 81
607 158 68 81 68 64 211 108
19 85 68 70 189
213 211 68 5 68 5
189 68 4 4
87 68 607 158 68 19 149 68 19 85 68 19
501 85 359 389 339 68 339
406 85
569 68 158 108 68 158 108 68 158 108 68 569 68 189
283 68 607 158 68 527
569 68 642 211 68 397 68 607 158 68 397 68 397 68 5 68 607 158 68 397 68 5 68 189 68 189 68 397 68 397 68 397 68 81 68 569 68 189 68 81 68 569 68 81 68 81 68 569 68 569 68 397 68 569 68 569 68 81 68 397 68 397 68 397 68 397 68 397 68 397 68 397 68 397 68 397 68 397 68 569 68 189 68 189 68 397 68 397 68 5 68 607 50 68 189 68 607 50
321 247 68 640 68 640
607 68 550 501 68 189 68 189 68 5 68 189 68 189 68 64 211 108
607 158 68 569 68 5 189 68 5 68 5
85 4 149
607 158 68 607 158 68 397 68 19 85 68 19 85 68 189 68 550 158 68 189 68 607 158 68 189 68 189 68 19 85 359
607 158 68 81 68 5 68 189 68 607 158 68 607 158 68 607 158 68 189 68 5
87 68 569 68 370 68 370 68 5 68 85 359
211 149
607 479 68 642 211 68 397 68 19 85 68 19 85 68 241 68 19 85 68 241
19 85 68 19 85 68 19 85
283 68 607 158 68 527 359 68 607 158 68 397 68 189 68 607 158 68 189
85 347 158 85 359 68 158 85 359
283 68 5 68 241 68 189 68 241 68 241 68 241
64 211 108
5 189 68 405 149
527 68 5 68 81 68 81
607 158 68 607 158 68 397 68 397 68 397 68 397 68 607 158 68 397
527 68 607 158 68 158 68 158 108 68 158 68 430
406 149
64 211 108 68 517 68 517
261 86 68 81
211 189
87 68 170 299
86 163 68 550 501 68 397 68 397 68 397 68 397
85 123 68 607 158 68 397 68 569 68 5 68 189 68 5 68 189 68 189 68 189 68 245 449
189 68 158 108 68 189 68 79 158 240
564
85 359
283 68 158 108 68 5 68 189 68 640
397 85 359
201 642 211
283 68 5 68 19 85
261 86 68 261 86 68 640
607 158 68 527 68 607 158 68 5 68 85 359
283 68 430 149 68 430 149
397 68 607 68 569 68 569 68 108 68 569 68 189 68 405 108
406 149
5 68 607 158 68 81 68 189 68 607 158 68 189 68 5
607 479 68 642 68 607 158 68 85 68 5 68 189 68 85 359
607 479
527 68 607 158 68 158 68 5 68 19 85 68 19 85 68 19 85 68 158 68 158 108
5 543 258 85
527 68 5 68 81 68 189 68 5 68 5
261 86 68 607 158 68 569 68 503 158 68 569 68 189
564 68 158 108 68 43 158 68 43 158
607 479 68 640 68 640
4 85 359
201
283
321 359 68 241
43 158 149
283 68 5 68 240 389 158 108 68 241 68 640
261 86
197 86 68 5
261 86
240 550 158 108 68 240 211 108
527 68 607 158 68 5 68 189 68 85 68 189 68 189 68 85 68 189 68 189 68 241 68 241 68 189 68 241 68 397 68 397 68 85 359 68 85 359 68 85 68 81 68 569 68 81 68 607 158 108 68 189 68 241 68 569 68 607 158 108 68 397 68 397 68 5 68 397 68 397 68 85 359 68 397 68 397 68 642 211 108 68 189 68 607 158 68 189 68 241 68 607 158 68 189 68 607 158
87 68 124 68 124
197 86 68 241 68 241
19 85 68 70 158
607 479 68 607 158 68 43 158 68 607 158 68 43 158 68 189
19 85 68 158 108 68 158 108
503 158 108 68 569 68 569 68 85 359 68 85 359
153 189 68 158 108 68 569 68 85 359 68 640 68 640 68 241 68 241
4 85
607 158 108 68 569 68 85 359
564 68 64 211 108
503 189 68 158 108 68 189 68 85 365 430 199
405
43 158 68 81 68 5 68 5 68 607 158 68 189 68 189 68 607 158 68 43 158 68 43 158 68 43 158 68 43 158 68 43 158 68 81
261 86 68 607 158 68 43 158 68 517
283 68 550 501 68 397 68 19 85 68 569 68 569 68 569 68 64 211
276 85
87 68 607 158 68 397 68 397 68 397 68 397 68 397
64 211 68 5 68 607 158 68 5 68 331 149 68 189 68 607 158 68 189 68 5 68 607 158 68 189 68 607 158 68 607 158 68 607 158 68 189 68 189 68 189 68 189 68 189 68 241 68 241 68 189 68 241 68 607 158 68 607 158 68 607 158 68 5 68 5 68 5 68 5 68 5 68 5 68 5 68 5 68 607 158 68 189 68 5 68 607 158 68 607 158 68 607 158 68 189 68 607
85 365 430 68 19
240 389 85 359
5 68 5 68 5
607 158 68 85 299 68 189 68 607 158 68 189 68 189 211 108 68 189 68 189 68 241 68 241 359 389 158 68 607 158 68 189 68 241 359 68 189 68 189 68 189 68 569 68 189 68 241 359 68 189 68 189 68 241 359 389 158 68 189 68 607 158 68 189 550 158 359 389 158 359 389 158 68 189 68 189 68 389 158 359 68 189 68 189 68 389 158 68 189 389 158 68 189 68 189 68 189 68
261 86 68 81
87
19 85 68 158 108 68 241 68 241 68 241
43 158 68 136 479 85
5 189
87 68 124 68 81 68 5 68 397 68 569 68 397
503 189
569 68 85 359 68 397 68 640 68 640 68 640
79 158
64 211 543
261 86 68 158 108 68 607 158 68 607 158 68 5 189 68 241 68 241 68 241 68 241 359
569 68 19 85 68 19 85 68 158 108 68 569 68 189 68 64 211
43 158 68 81 68 607 158 68 607 158 68 189 68 189 68 607 158 68 189 68 5 68 189 68 189 68 81 68 607 158 68 189 68 81 68 81 68 81 68 81 68 81 68 81 68 81 68 81 68 189 68 189 68 607 158 68 189 68 81 68 607 158 68 81 68 81 68 607 158 68 81 68 607 158 68 189 68 81 68 189 68 189 68 189 68 607 158 68 189 68 607 68 189 68 189 68 189 68
240 211
87 68 5 68 81 68 189 68 5 68 5 68 189 68 5 68 189 68 189 68 5 189 68 189
43 158 68 85 299 68 607 158 68 64 211 108 68 241 68 64 211 108
607 158 68 5 68 85 359 68 85 359 211 108 68 85 359 68 85 359
64 550 158 149
501 85 123 108 68 640
43 158 68 136 479 85
79 339
564
189 68 550 501 68 607 158 68 397 68 607 50 68 189 68 607 50
405 85
607 158 68 70 158 149
64 211 108 68 640
64 211 68 569 68 569 68 569 68 64 211 108
85 81 68 5
354 551
261 86 68 81 68 569 68 19 85 68 569 68 19 85
527 68 607 158 68 85 359 68 43 158 68 397 68 43 158 68 19 85 359
240 211 108
283 68 158 108 68 397 68 569 68 569 68 569 68 85 359
527 68 607 158 68 81 68 189 68 189 68 189 68 189 68 64 211 108
211
283 68 5 68 81 68 189 68 5 68 241 68 640
253
283 68 517 68 517 68 517 68 517
261 86 68 607 158 68 405
197 86 108
569 68 158 108 68 5 189 68 241 68 241 68 189 68 189 211 108
321 247 68 241 68 397 68 241
283 68 158 108 68 517 68 5 189 68 607 158 68 430
152 68 517 68 347 501
611 74
197 85 359 68 640 68 640
64 211 108 68 64 211 108
152 68 607 158 68 241 68 5 68 241 68 241 68 241
593 163 68 569 68 397 68 569 68 569 68 569
261 86 68 607 158 68 503 189
283 68 550 501 68 5 68 543 211 543 68 189
49 68 397 68 569 68 569 68 569 68 569 68 569 68 569 68 569 68 569 68 569 68 569 68 569 68 569 68 569 68 569 68 569 68 569 68 569 68 569 68 569 68 569 68 569 68 569 68 569 68 569 68 569 68 569 68 569
240 389 158 118
607 479 68 81 68 5 189 68 5 189 68 5 189
64 211 68 550 158 68 189 68 211 543 68 517
19 85 68 136 479
81 68 607 158 68 5 68 189 68 569 68 189 68 189 68 189 68 189 68 189 68 5
87
283 68 5 68 189 68 189 68 189 68 170 108
19 85 68 158 108
321 240 68 19 85 68 19 85
19 85
397 68 569 68 64 211
283 68 607 158 68 569 68 430 68 430
527 68 607 158 68 81 68 397 68 569 68 569 68 43 158 68 430 68 397 68 43 158 68 517 68 43 158 68 19 85 68 569 68 70 158 68 19 85 68 70 158 68 19 68 70 158 68 569 68 569 68 569 68 569 68 569 68 70 158 68 569 68 397 68 43 158 68 569 68 569 68 85 359 68 397 68 43 158 68 359 68 43 158 68 43 158 68 43 158 68 70 158 68 70 158 68 70 158
64 211
261 86 68 607 158 68 397 68 5
64 211
85 4 258
5 68 607 158 68 81 68 189 68 607 158 68 189 68 5
321 240 68 640 68 640
607 158 68 81 68 5 68 5 68 5 68 189 68 189 68 189
479 68 5 189 68 5
211 68 81 68 19 85 68 331 149 68 640 68 397 68 640
438 359
261 86 68 124
283 68 607 158 68 189 68 5 68 241 68 189 68 189
5 68 527 68 527 68 19 85 68 19 85 68 569 68 85 68 85 68 569 68 85 68 85 68 569 68 85 68 85 68 85 68 85 68 85 68 569 68 81 68 85 68 569 68 81 68 81 68 569 68 569 68 85 68 569 68 569 68 81 68 85 68 569 68 85 68 85 347 501 68 85 68 85 68 85 359 68 85 359 68 569 68 85 68 85 68 569 68 569 68 569 68 569 68 569 68 81 68
503 189 108 68 569 68 569 68 569 68 569 68 85
87 68 607 158 68 397 68 397 68 397 68 397 68 397 68 397
261 86 68 81
240 550 158 108 68 189 68 5 189 68 430 359
189 68 527 68 569 68 569 68 85 68 569 68 85 347 501 68 85 359
19 85 68 397 68 397 68 397
397 68 397 68 397 68 397
189 68 331 149
607 158 68 397 68 339 68 397 68 339
321 240 68 640 68 640
5 68 81 68 189 68 189 68 640 68 640 68 5 189
397 68 607 158 68 569 68 569 68 85 359 68 569 68 85 68 85 359 68 397 68 569 68 569 68 569 68 85 359 68 569 68 569 68 85 359 68 85 359 68 85 359 68 569 68 81 68 85 359 68 569 68 569 68 569 68 569 68 81 68 569 68 397 68 569 68 569 68 569 68 569 68 85 359 68 397 68 569 68 85 359 68 397 68 85 359 68 569 68 569 68 85 359 68 397 68 397 68
189 108 68 158 108 68 19 85 68 19 85 68 19 85 68 158 108 68 158 108 68 158 108 68 19 85 68 241 68 241 68 241
276 85
607 158 108 68 569 68 85 359
283 68 550 501 68 189 68 85 68 85 68 85 347 501 68 607 158 68 189 68 5 68 64 211 68 189 68 85 68 85 68 85 68 81 68 81 68 81 68 81 68 81 68 81 68 81 68 81 68 189 68 189 68 569 68 569 68 81 68 81 68 607 158 68 81 68 81 68 397 68 397 68 85 359 68 189 68 81 68 81 68 189 68 189 68 64 211 68 189 68 81 68 64 211 68 189 68 550
283 68 550 501 68 85 68 5 68 85 359 68 189 68 189 68 64 211 108
503 189 68 607 158 68 607 158 68 405 68 405 68 43 158 68 607 158 68 43 158 68 405 68 517
189 68 158 108 68 569 68 569 68 569 68 569 68 569 68 85
64 211 108 68 569 68 569 68 241 68 569
45 334
64 211 108 68 4 85
201 258 222 68 158 108 68 158 240 299
607 479 68 240 389 85 359
5 68 617
503 189 68 607 158 68 569 68 569 68 85 359
611 74
261 86 68 607 68 370 68 5 68 81 68 189 68 189
527 68 607 50 68 517
87 68 19 85 68 339 68 397 68 339 68 339 551 68 339 68 339 68 397 68 339 68 339 68 339 68 397 68 339 68 397 68 397 68 569 68 569 68 569 68 569 68 569 68 569 68 569 68 569 68 397 68 569 68 569 68 569 68 569 68 569 68 397 68 569 68 569 68 569 68 85 359 68 85 359
503 189 68 607 158 68 189 68 607 158 68 569 68 189 68 64 211
283 68 517
430 299 68 517 359
405 68 430 199
359 389 158
503 189 68 158 108 68 517 68 517 68 517 68 517 68 517
211 68 170 149
370 68 5 68 569 68 569 68 569 68 569 68 569 68 550 501
283 68 607 158 68 189 68 64 211
527 68 607 158 68 569 68 569 68 569 68 569 68 569 68 569 68 569 68 569 68 517
527 68 19 68 19 85 359
397 85 359 389 339 68 339
283 68 607 68 81 68 189 68 517 68 517
283 68 158 108 68 5 68 85 68 85 359 68 189 68 189 68 339
607 68 569 68 569 68 569 68 569 68 569 68 569 68 569 68 569 68 397
339 551 68 569 68 569 68 569 68 569 68 569 68 85 4 108
261 86 68 397 68 397
85 359
197 85
415
503 158 108
189 68 54 86 68 397 68 397 68 397
569 68 527 68 517 68 517
5 189
189 108 68 211 108 68 189 211 543 211 543 68 189 211 108
189 389 158 240 68 241
19 85 68 607 158 68 397 68 640 68 640 68 397
43 158
261 86 68 607 158 68 81 68 64 211
564
406 247 85 68 640
607 479 68 607 158 68 397 68 397 68 397
321 247
569 68 85 347 501 68 397 68 189 68 241 68 397 68 189 68 241 68 189 68 241
261 86
283 68 5 68 527 68 397 68 397 68 397 68 397 68 397 68 397
503 189
4 85
405 85
189 68 241 68 241 68 189 68 189 68 241
607 479 68 550 501 68 397 68 64 211
564
593 163 68 550 501 68 569 68 569 68 569 68 569 68 64 211 108
611
155 194 108
153 189 68 158 108 68 158 108 68 5 189 68 5 189 68 189 68 189 68 5 189 68 241
527 68 607 158 68 19 85 68 64 211
87 68 607 68 607 158 68 607 158 68 569 68 397 68 607 158 68 397 68 189
43 158 68 81 68 5 189 68 5 68 241
189 68 607 158 68 85 347 501 68 85 359 68 85 347 501 68 430 149
607 158 68 5 68 19 85 68 19 85 68 19 85 68 189 68 64 211 108
64 211
389 339
593 163 68 81 68 397 68 397 68 569 68 397 68 397 68 397
430 68 241 68 85 4 85
19 85 68 241 68 640
4 85
152 68 5 68 81 68 569 68 569 68 569 68 640
430 551
64 211 108 68 569 68 569 68 569 68 569
189 68 158 108 68 158 108 68 158 108
194 149
397 85 4 149 68 640
503 158 108 68 158 108 68 19 85 68 19 85 68 19 85 68 19 85
503 189 68 569 68 569 68 569 68 19 85 68 64 211 108
124
283 68 569 68 81 68 189 68 5
569 68 81 68 5 68 189 68 5 68 189 68 189 68 189 68 241
283 68 607 158 68 81 68 189 68 607 158 68 189 68 5 68 189 68 189
189 68 158 108 68 569 68 569 68 64 211
607 158 68 397 68 569 68 569 68 569 68 569 68 569 68 85 359
370 68 569 68 569 68 569 68 569 68 569 68 569 68 569 68 569 68 569
5 189 85 359
197 85
501 85 68 517 68 158 108 68 19 85 68 503 158
607 158 68 85 359 68 5 189 68 241
397 68 550 158
64 211 108 68 19 85 68 19 85
211 359
397 68 569 108
283 68 5 68 189 68 189 68 241 68 241 68 241 68 241
283 68 5 68 81 68 189 68 189 68 569 68 189 68 189 68 64 211 108
593 163 68 550 501 68 189 68 43 158 68 43 158 68 189 68 189 68 43 158 68 43 158 68 43 158 68 43 158 68 43 158 68 43 158 68 81
283 68 5 68 64 211 68 189 68 64 211 68 189 68 189 68 64 211
152 68 5 68 569 68 189 68 189 68 569 68 189
283 68 5 68 81 68 43 158 68 43 158 68 43 158 68 43 158 108
283 68 158 108 68 607 158 68 607 158 68 189 68 5 189 68 189 68 189
430 85 68 405 85
397 68 5 68 397 68 397
189 68 607 158 68 397 68 397 68 241 68 241 68 241 359
503 189 68 607 158 68 189 68 64 211 108 68 189 68 64 211 108
389 85 359
87 68 569 68 569 68 569 68 569 68 569 68 569 68 85
283 68 85 68 370 68 5 68 397 68 397 68 397 68 397 68 397 68 397 68 397 68 607 158 108
189 68 607 158 68 81 68 607 158 68 607 158 68 189 68 5 189 68 189 68 189 68 607 158 68 189 68 607 158 68 607 158 68 607 158 68 189 68 189 68 189 68 189 68 81 68 607 158 68 189 68 189 68 607 158 68 189 68 81 68 607 158 68 607 158 68 607 158 68 607 158 68 607 158 68 189 68 43 158 68 189 68 189 68 189 68 189 68 43 158 68 389 158 68 189 68 189 68
85 359 389 85 359
405 199
85 359 68 85 359 389 85 359
5 189 68 81 68 397 68 85 359 68 241 85 359
397 68 347 501
283 68 607 68 397 68 397 68 397 68 397 68 397 68 397 68 397 68 397 68 397 68 569 68 397
87 68 607 158 68 5 68 81 68 5 68 5 189 68 189 68 189
261 86 68 607 158 68 397 68 5 68 397 68 397 68 5 68 189 68 397
5 189
527 68 607 158 68 81 68 569 68 569 68 569 68 64 211 108
503 189 68 158 108 68 189 68 569 68 569 68 189
43 158
64 211 85
4 240
79 158 240
189 68 64 211 108 68 153 189 68 64 211 108
5 543
19 85 68 430 149 68 430 149
43 158 108
479 108
406 85 359
642 211
283 68 339 68 397 68 569 68 569 68 569 68 569 68 189
152 68 19 149
258 430
397 85 359
19 85 68 19 85
607 158 68 550 501 68 339
564 108
85 4 85 359
87 68 569 68 19 85 68 397 68 241 68 430 68 430 199
261 86 68 124 68 550 501 68 5 68 189
283 68 607 68 397 68 397 68 569 68 569 68 569 68 85 359 68 397 68 397 68 569 68 569 68 397 68 397 68 397 68 397 68 569 68 569 68 397 68 85 359 68 569 68 569 68 569 68 569 68 569 68 397 68 569 68 397 68 397 68 397 68 397 68 397 68 397 68 397 68 397 68 397 68 397 68 397 68 397 68 397 68 397 68 397 68 397 68 397 68 397 68 397 68 397 68 397 68
430 299
607 479 68 245 449 68 5 68 569 68 569 68 569 68 5 68 189 68 189
85 359
527 68 569 68 85 152 68 397 68 640 68 640
569 68 64 211 108 68 64 211 108 68 640
593 163 68 5 68 81 68 5 68 5 68 397 68 189 68 607 158 68 397 68 5 68 607 158 68 189 68 5 68 397 68 397 68 81 68 569 68 189 68 189 68 81 68 81 68 81 68 81 68 189 68 397 68 607 158 68 607 158 68 607 158 68 397 68 5 68 5 68 397 68 5 68 397 68 397 68 5 68 5 68 189 68 189 68 607 158 68 241 68 5 68 607 158 68 189 68 607 158
430
527 68 607 158 68 607 158 68 5 68 85 359 68 189 68 85 68 189 68 189 68 241 68 43 158 68 43 158 68 241 68 43 158 68 241 68 189 68 189 68 85 359 68 189 68 43 158 68 241 68 189 68 241 68 241 68 189 68 607 158 68 607 158 68 607 158 68 5 68 43 158 68 85 359 68 397 68 5 68 607 158 68 189 68 241 68 241 68 43 158 68 241 68 189 68 189 68 607
430 551
19 85 68 19 85
531 430 359
607 479 68 5
593 163 68 607 158 68 607 158 68 550 158 68 397 68 189 68 607 158 68 397 68 607 158 68 517
283 68 85 299 68 397 68 569 68 569 68 569 68 64 211 108
189 68 527 68 607 68 189 68 365 430
19 68 607 158 68 397 68 607 158 68 569 68 189 68 189 68 64 211 68 189 68 241
189 68 607 158 68 81 68 5 68 607 158 68 189 68 189 68 189 68 189 68 5
564 68 158 108 68 189 68 5 68 640
19 85 68 19 85 68 569 68 19 85 68 569 68 569 68 85 68 569 68 569 68 64 211 108
321 27
258 149
5
430 68 5 68 81 68 189
87 68 170 299
64 211 108 68 640
64 211 68 517 68 517 68 517 68 517
564
261 86
283 68 158 108 68 607 158 68 5 68 19 85 68 189 68 85 68 607 158 68 5 68 607 158 68 189 68 527 359 68 569 68 70 158 68 527 359 68 527 68 527 359 68 81 68 81 68 607 158 68 189 68 607 158 68 607 68 607 68 607 158 68 607 158 68 607 158 68 569 68 81 68 569 68 569 68 81 68 607 158 68 189 68 189 68 189 68 189 68 70 158 68 607 158 68 189 68 607
87 68 19 85 68 339 68 397 68 339 68 339 551 68 339 68 339 68 397 68 339 68 339 68 339 68 397 68 339 68 397 68 397 68 569 68 569 68 569 68 569 68 569 68 569 68 569 68 569 68 397 68 569 68 569 68 569 68 569 68 569 68 397 68 569 68 569 68 569 68 85 359 68 85 359
64 211 108 68 241 68 189 68 5 189 68 189 68 189 68 189 68 189 68 241
189 68 607 158 68 158 68 5 189 68 158 68 158 108
189 68 339 68 339 68 189 68 5 68 331
503 189 68 158 108 68 607 158 68 397 68 640 68 640 68 640 68 640 68 241 68 241
527 68 607 158 68 81 68 189 68 189 68 189 68 189
283 551 68 189 68 189 389 158 118
607 479 68 136 479 68 517 359
194 543
5 85
283 68 5 68 158 189
527 68 607 158 68 5 68 189 68 607 158 68 5 68 189 68 607 158 68 189 68 5 68 331 149
85 359 68 5 68 189 68 189 68 397 68 189 68 189 68 5 189
261 86 68 81
564
158 108 68 81 68 5 68 189 68 5 68 189 68 189 68 640 68 189 68 189 68 5 68 640 68 189 68 640 68 640 68 640 68 640 68 640 68 640 68 640 68 640 68 640 68 331
607 158 68 70 158 149
283 68 550 501 68 397 68 189 68 397 68 397 68 189 68 241 68 189 68 241
64 211
569 68 54 86 68 397 68 241 68 241 68 241 68 241 68 241 68 397 68 241
397 68 550 501 68 189 68 517 85 359 68 640
406 155 68 517
283 68 550 501 68 397 68 189 68 241 68 241 68 189 68 85 359 68 397 68 241 359 389 85 359
283 68 158 108 68 607 158 68 189 68 517
607 479 68 517 68 189 68 189 68 405 85
5 68 81 68 189 68 189 68 607 158 68 189 68 189 68 189 68 189 68 189 68 517
43 158 68 81 68 5 68 189 68 5 68 607 158 68 5 68 189 68 189 68 5 68 607 158 68 189 68 365 430 199
283 68 158 108 68 607 158 68 397 68 19 85 68 569 68 85 359
501 85 123 85 68 158 108
276 85 68 550 158 149
607 158 68 331
607 158 68 5 68 81
64 211 68 5 68 81 68 189 68 5 68 607 158 68 189 68 607 158 68 189 68 5 68 607 158 68 189 68 5 68 189 68 5 68 81 68 189 68 189 68 81 68 189 68 81 68 81 68 607 158 68 189 68 607 158 68 70 158 68 607 158 68 189 68 5 68 5 68 5 68 5 68 5 68 189 68 5 68 81 68 189 68 189 68 189 68 189 68 43 158 68 607 158 68 189 68 189 68
397 68 607 158 68 370 68 5 68 331 149
397 68 241 68 241
43 158 258 158
339
64 211 108 68 64 211 108
231 194
189 68 158 108 68 5 189 68 189 68 241 68 241
283 68 5 68 359 68 43 158 68 359 389 158 108
261 86 68 569 68 569 68 569 108 68 569 68 85
5 68 81 68 189 68 189 68 153 189
43 158 68 165 68 5 68 81 68 405 68 189 68 189 68 405 108
87 68 158 108 68 569 68 569 68 569 68 430 68 430 68 430 68 430
261 86 68 397 68 397 68 397
607 158 68 170 68 170 108 68 158 68 569 68 189 68 5 68 339 68 339
152 68 5 68 81 68 5 68 5 68 241
283 68 158 108 68 517 68 517
87 68 5 68 81 68 397 68 397 68 397 68 189
517 359 389 158
397 68 607 158 68 397 68 397 68 241 68 397 68 397 68 241 68 397
19 85 68 158 240 299
370 68 5 68 81
19 85 68 5 68 640 68 241 68 241
85 347 158 118
189 68 569 68 569 68 569 108 68 569 68 569 68 85 359
87 68 158 108 68 569 68 19 85 68 19 85
64 211 108 68 64 211 108
359
283 68 5 68 81 68 189 68 189 68 189
189 68 607 158 68 189 68 189 211
283 68 607 68 81 68 5 68 189 68 189 68 189 68 5
189 68 5 68 81 68 189 68 569 68 569 68 241
503 189 68 245 449
79 339
87 68 527 68 569 68 19 85 68 19 85
527 68 607 158 68 81 68 19 85 68 19 85
503 189 68 607 68 607 158 68 5 68 189 68 189 68 189 68 397
283 68 569 68 569 68 569 68 70 158
283 68 158 108 68 607 68 607 158 68 397 68 189 68 607 158 68 189 68 189 68 607 158 68 189 68 189 68 607 158 68 397 68 569 68 85 359 68 81 68 607 158 68 569 68 81 68 607 158 68 189 68 607 158 68 569 68 81 68 607 68 607 68 607 68 607 50 68 397 68 607 158 68 397 68 397 68 607 68 607 68 189 68 189 68 607 158 68 607 50 68 607 68 189 68 189 68 607
261 86 68 370 68 5 68 81 68 569 68 569
503 189 68 607 158 68 5 189 68 5 189 68 5 189 68 241 68 189 68 189
64 211 108 68 607 158 68 189 68 5 68 189 68 189 68 241 68 189 68 189 68 241
240 389 158 108 68 640
321 247
430 199
87 68 81 68 517
503 189 108 68 569 68 569 68 569 68 569 68 569 68 189
261 86 68 5 68 81 68 5 68 5 68 5 189 68 5 68 85
503 189
397 68 5 68 5 68 5 68 5 68 397 68 397 68 5 189 68 397
5 189 241 359
258 189 68 158 108 68 189 389 158 118
283 68 85 389 158 118
527 68 607 158 68 258 68 517 68 517
283 68 607 158 68 397 68 607 158 68 607 158 68 189 68 607 158 68 397
261 86 68 370 68 397 68 397 68 397 68 397 68 397 68 397
5
87 68 607 158 68 370 68 5 68 5 68 607 158 68 5 68 189 68 189 68 5 68 241 68 607 158 68 241 68 241 68 607 158 68 81 68 607 158 68 81 68 607 158 68 81 68 81 68 607 158 68 241 68 241 68 607 158 68 607 158 68 397 68 397 68 5 68 5 68 5 68 5 68 397 68 397 68 5 68 607 158 68 189 68 241 68 241 68 241 68 607 158 68 607 158 68 607 158
283 68 158 108 68 331 68 331 85 68 331
64 211 108 68 5 189 68 5
5 68 81 68 64 211 108
85 123 108 68 5
153 189 68 158 108 68 517 68 517 68 517
189 68 211 64 211
197 86
64 211 108
189 68 640 68 640 68 640 68 640 68 640
503 158 108
569
283 68 517 68 517 68 189 68 189 68 189
152 68 640
87 85
321 240 359
569 68 213 211 68 93 211 108
503 189 68 607 68 607 158 68 5 68 81 68 189 68 5 68 189
85 389 158 118
189 68 85 359
283 68 5 68 397 68 189 68 397 68 569 68 397 68 189 68 397 68 189 68 189 68 569 68 397
64 211 68 430 68 158 543 68 430 68 430 68 430 68 430 68 430
543 51 85
283 68 158 108 68 189 68 5 189 68 189 68 189
283 68 158 108 68 569 68 569 68 241 68 569 68 640
406 158 68 517 68 569 68 5 189
87 68 550 501 68 397 68 85 359
194 213 211 68 517
607 158 68 81 68 189 68 5 68 85 68 640 68 640 68 85
43 158 68 19 85 68 43 158 68 43 158
197 86 68 550 501 85 359 68 19 85
5 68 81 68 189 68 189 68 640 68 640 68 5 189
607 158 68 607 68 397 68 397 68 607 158 68 569 68 397 68 397 68 569 68 241
370 68 5 68 370 68 5 68 81 68 607 158 68 189 68 189 68 189 68 189 68 5
85 389 158 108 68 5 189 68 241 359 389 158 118
85 4 68 85 359
189 68 5 68 81 68 189 68 189 68 241 430 199
607 479 68 607 158 68 189 68 189 68 158 68 43 158 68 189 68 189
503 158 68 158 108 68 569 68 569 68 85 359 68 85 359 68 85 359
430 503 189
5
479
19 85
5 189
527 68 607 158 68 81 68 189 68 405 85
330 551
550 501 68 397 68 5
211 149 211 149
5 189 68 642 211 108 68 43 158 118
321 240 359
152 68 640
607 158 68 85 359 68 640 68 640
43 158 68 258 359
347 501
283 68 158 108 68 158 108 68 5 68 189 68 189 68 189 68 85 359
87 68 245 449 68 397 68 397 68 397 68 397
19
43 158 68 617
87 68 569 68 569 68 19 85 68 569 68 241 68 241
370 68 5 68 81 68 189 68 189 68 241 68 189 68 241
607 479 68 517 68 517 68 607 158 68 569 68 517
197 86
569 68 240 51 240
406 158 68 517
213 211
607 158 68 550 501 68 397 68 607 158 68 569 68 189 68 64 211 68 64 211 68 64 211
64 211 108 68 517 85
321
189 68 550 501 68 189
569 68 158 108 68 517 68 43 158 68 517 68 189 68 189 68 189
261 86 68 81 68 5 68 5 68 569 68 5
607 68 5 68 569 68 569 68 569 68 569 68 569 68 85
370 68 5 68 189 68 189 68 241 68 640
527 68 569 68 569 68 569 68 365 430 359
593 163 68 517 68 517
607 479 68 569 68 569 68 569 68 569 68 569 68 85 359
64 211 108 68 607 158 68 5 68 81 68 19 85 68 189 68 189 68 189 68 607 158 68 19 85 68 607 158 108 68 19 85 68 19 85 68 19 108 68 81 68 19 108 68 81 68 81 68 19 108 68 569 68 569 68 569 68 569 68 607 158 68 607 158 68 607 158 68 569 68 81 68 5 68 569 68 189 68 81 68 189 68 189 68 189 68 241 68 189 68 607 158 68 189 68 189 68 607
283 68 607 68 397 68 397 68 607 158 68 397 68 397 68 607 158 68 397 68 397 68 607 50
283 68 607 158 68 189 68 43 158 68 43 158 68 189 68 85 359
261 86 68 5 68 397 68 397 68 397 68 397 68 189 68 397 68 397
87 449 68 569 68 569 68 189 108 68 569 68 189 68 640
43 158 118
283 551
593 163 68 607 158 68 397 68 189 68 241 68 241 68 241 68 241 68 189 550 158 118
527 68 19 68 19 85
261 86
189 68 5 68 81 68 5 68 5 68 81
194 543 68 155
87 68 607 158 68 397 68 397 68 607 158 68 397 68 397 68 607 158 68 397 68 607 158 68 397 68 397 68 397 68 397 68 397 68 607 158 68 397 68 397 68 607 158 68 397 68 607 158 68 397 68 397 68 397 68 397 68 397 68 607 158 68 397 68 397 68 397 68 397 68 397 68 397 68 397 68 397 68 397 68 397 68 397 68 397 68 397 68 397 68 607 158 68 397 68 397 68 607
283 68 158 108 68 5 68 189 68 189 68 189 68 189 68 85 68 189 68 189 68 85 68 607 158 68 189 68 85 68 189 68 5 68 85 68 527 359 68 527 359 68 189 68 189 68 527 359 68 189 68 189 68 189 68 189 68 189 68 527 359 68 189 68 607 158 68 607 50 68 607 158 68 85 359 68 189 68 5 68 189 68 189 68 189 68 189 68 189 68 607 50 68 189 68 189 68 607
240 550 158 108 68 189 68 640
5 68 81 68 189 68 607 158 68 5 68 189 68 189 68 189
397 68 607 158 68 81 68 640 68 640 68 640
64 211
64 550 501 68 64 211
261 86 68 81
49 68 607 158 68 283 68 5 68 70 158 68 189 68 189 68 189
87 68 19 85 68 158 108 68 19 85 68 19 85 68 19 85 359
430 85 643 85 359
430 359 68 397 68 397
370 68 5 68 81 68 189 68 5 68 189 68 189 68 189 68 189
152 68 397 68 397
64 211 108 68 64 211 108 68 158 108 68 241 68 189
283 68 607 158 68 430 68 5 189 68 241 68 430
430 299
4 430 199
19 85 359
430 68 550 501 68 397 68 189 68 64 211 108 68 189 68 64 211 108 68 189 68 64 211 108
503 189
189 68 19 108 68 19 85
479
87 68 527 68 607 158 68 397 68 85 359 68 397 68 85 359 68 397 68 397 68 569 68 569 68 85 359
19 85 68 5 68 640 68 241 68 241
211 108
607 158 68 253 68 397 68 569 68 569 68 569 68 189 68 397 68 397 68 397 68 517
85 359 389 85 359
189 68 79 158 240 211 149
283 68 85 359
85 4
5
5 68 81 68 64 211 108
283 68 158 108 68 569 68 64 211 108
87 68 569 68 124 68 640 68 5 68 640
370 68 5 68 81 68 19 85 68 19 85 68 19 85 68 19 85
87
19
283 85
5 189
189 68 550 158 108 68 189 68 5 68 405 68 189 68 5 189
607 479 68 607 158 68 189 68 19 85 68 19 85 68 189 68 64 211 108
170 68 5
607 479 68 517 68 405 108
527 68 607 158 68 19 85 68 158 68 19 85 68 189 68 19 85 68 189 68 64 211 108
283 68 517 68 550 501 68 189 68 607 158 68 397 68 241 68 640 68 189
43 158
339 359 389 339
5 68 607 158 68 189 68 189 68 189 68 189 68 189 68 189
43 158 68 43 158 68 5 68 5
283 68 5 68 81 68 189 68 189 68 189 68 189 68 5 68 189 68 189 68 405 108
503 158 68 569 68 569 68 569 68 569 68 569
19 85 68 70 189
438 359
87 68 170 299
283 68 85 359
406 430
370 68 5 68 370 68 5 68 5 68 241 68 189 68 189 68 607 158 68 397 68 5 68 607 158 68 397 68 397 68 397 68 397 68 397 68 370 68 81 68 81 68 607 158 68 81 68 81 68 397 68 397 68 397 68 397 68 397 68 607 158 68 397 68 397 68 397 68 397 68 397 68 397 68 397 68 397 68 5 68 607 158 68 189 68 607 158 68 397 68 607 158 68 607 158 68 607 158
197 85 359
283 68 245 449 68 158 108 68 189 68 189 68 189 68 85
5 68 607 158 68 5 68 5 68 241 68 397 68 5 68 241 68 189 68 189 68 241 359
607 158 68 331
87 68 607 68 607 68 607 68 569 68 569 68 211 68 189 68 211
49
607 158 68 81 68 569 68 569 68 569
211 68 81 68 569
569 68 240 211 108 68 241 68 241 68 241 68 640
607 158 68 569 68 158 108 68 158 108 68 569 68 158 108
283
276 85
189 68 642 211 68 607 158 68 241 68 241 68 241 68 241
197 86 68 607 158 68 397 68 397 68 241 68 397 68 241 68 241 68 397 68 241 68 241 68 607 158 108 68 241 68 397 68 397 68 241 68 85 359 68 85 359 68 397 68 397 68 241 359 68 397 68 241 68 241 68 397 68 397 68 607 158 108 68 397 68 397 68 397 68 397 68 397 68 397 68 397 68 397 68 397 68 397 68 607 158 118 68 397 68 241 68 241 68 397 68 397 68 607
87 68 569 68 339
531 108 68 517 85
617 149
607 158 68 397 68 397
189 68 607 68 569 68 189 68 569 68 569 68 189 68 189
87 68 81 68 569 68 569 68 569 68 569 68 569 68 64 211 108
5 189 108
527 68 607 158 68 5 68 189 68 189 68 189
527 68 607 158 68 253
430 68 245 449 68 569 68 85 359
406 158 85 359
569 68 397 68 569 68 397 68 569 68 569 68 397 68 85 359 68 397 68 397 68 569 68 569 68 397 68 397 68 397 68 397 68 85 359
283 68 5 68 81 68 189 68 158 108 68 189 68 5 68 85 68 189 68 189 68 5 68 85
85 389 158 118
261 86 68 124 68 19 85
189 68 607 158 68 397 68 397 68 241 68 397 68 189 68 241 68 397 68 189 68 241
607 479 68 517 68 569 68 158 68 19 85 68 517 68 607 158 68 517
189 68 64 211 108 68 189 68 64 211 108 68 569 68 64 211 108
85 70 158
87 449 68 19 85 359
321 194
569 68 64 211 108 68 517 68 517 68 517
261 86 68 607 158 68 5 68 331 149 68 640 68 640 68 640 68 640 68 241
5 68 81 68 189 68 5 68 5 68 189 68 189
158 85 299 68 85 359 389 158 118
569 68 64 211 108 68 189 68 158 108 68 189 68 189 68 64 211
87 68 607 158 68 370 68 5 68 331 149 68 189 68 189 68 607 158 68 189 68 5 68 607 158 68 189 68 607 158 68 569 68 81 68 569 68 189 68 189 68 331 149 68 81 68 81 68 569 68 189 68 189 68 569 68 569 68 607 158 68 607 158 68 607 158 68 569 68 569 68 5 68 397 68 189 68 189 68 607 158 68 189 68 189 68 189 68 189 68 70 158 68 189 68 189 68 607
569 68 81 68 5 68 81 68 5 68 640
430 4 85 359
405 189 68 479
283 68 158 108 68 5 68 81 68 569 68 640
607 479 68 359 68 397 68 569 68 569 68 569 68 569 68 241
283 68 550 501 68 397 68 397 68 607 158 68 397 68 241 68 397 68 397 68 241
406 158 68 136 479
5 189
593 163 68 550 501 68 397 68 569 68 569 68 569 68 397
503 189 68 607 158 68 569 68 569 68 569 68 569 68 85 68 64 211 108
189 68 569 68 569 68 569 68 64 211 108
564 68 158 108 68 5 68 189 68 241 68 241 68 189 108
197 86
406 149
283 68 550 501 68 189 68 189 550 501 68 189
430 449
64 211 68 569 68 569 68 64 211 108 68 569 68 64 211 68 64 211
19 85 68 640 68 640 68 640 68 640 68 640
564 149
593 163 68 550 501 68 85 68 85 359 68 85 359 68 85 68 85 359 68 189 68 5 189 68 189 68 189 68 85 359 68 569 68 85 359 68 85 359 68 81 68 569 68 569 68 81 68 569 68 569 68 569 68 569 68 569 68 81 68 81 68 569 68 569 68 569 68 569 68 85 359 68 85 359 68 85 359 68 81 68 569 68 189 68 569 68 569 68 569 68 569 68 569 68 189 68 189 68
503 189 68 124 68 405 68 405 68 405 68 405 68 405 108
87 68 19 85 68 607 158 68 85 68 569 68 85 68 85 68 85 359 68 397 68 569 68 569 68 569 68 85 359 68 569 68 569 68 85 359
569 68 81 68 5 68 189 68 5 68 569 68 189 68 5 189 68 189 68 241
283 68 5 68 359 68 189 68 241 68 359 389 85 359
569 68 213 68 64 211 108 68 617 68 640 68 640 68 640
607 158 68 359 389 158
283 68 64 211 108 68 397 68 19 85 68 569 68 569 68 85
5 68 81 68 189 68 189 68 5 189 68 64 211 108
430 199
593 163 68 607 158 68 397 68 607 158 68 640
64 211 108
569 68 158 108 68 158 108 68 5 68 241 68 241 68 241 68 241 68 189
124
87 68 158 108 68 569 68 569 68 569 68 19 85 68 19 85 68 430
405 240
283 68 607 158 68 527 359 68 607 158 68 397 68 189 68 607 158 68 189
64 550 501 68 397 68 397 68 607 158 68 397 68 397 68 397 68 397 68 397 68 607 158 68 607 158 108
87 68 607 68 370 68 397 68 397 68 640 68 397 68 640 68 397 68 397 68 640
430 85 299 4 85
564 68 607 158 68 527 359 68 397 68 85 359
564 68 64 211 108 68 640
564 68 5 68 189 68 5 68 397 68 397
283 68 607 158 68 550 158 68 607 158 68 211
607 68 607 158 68 607 158 68 607 158 68 397 68 189 68 607 68 189 68 189 68 607 50 68 189 68 189 68 607 50 68 189 68 607 50 68 189 68 189 68 607 158 68 189 68 347 158 68 607 68 189 68 607 50 68 347 501 68 189 68 607 50 68 607 50 68 607 50 68 189 68 607 50 68 397 68 189 68 347 501 68 189 68 189 68 607 50 68 189 68 347 501 68 189 68 189 68 607
19 85 68 19 85 68 19 85
339 551
564 85
370 68 5 68 81 68 189 68 517 68 517 68 517 85 68 517 68 517
