189 68 211 543 68 189 68 158 108 68 189 68 189 68 569 68 246 68 246 68 253
43 158 68 331 487 359 68 569 68 85 359
321 152
503 158 108 68 607 479 68 189 68 365 430 199
503 158 108 68 527 359 68 569 68 201 85 359 389 85 359 68 389 85 359 389 158 108
261 149 68 149 211 543
43 158 68 331 149 68 430 108
5 68 365 430 68 607 158 68 501 68 365 152
5 68 365 430 68 81 68 189 68 245 449 68 430 299
197 85 85
4
158 108 543 389 199 68 501 85 406 158 118
5 108
49 68 258 68 607 158 68 347 501 68 347 501 68 397 68 70 189
189 68 607 479 68 517 68 517 68 430 68 569 68 607 158 68 569 68 569 68 569 68 189
321 247
405 149
5 68 365 430 68 430 68 430 199 68 241 68 569 68 85 359
569 108 68 197 86 68 543 68 405 68 405 68 211
339 550 158 189
51 86 68 517 68 550 158
189 68 607 479 68 397 68 85 359 68 569 68 569 68 569 68 64 389 240
550 158 118 68 607 158 85
261 86 68 237 108 68 405 108
593 89 487 68 397 68 189 68 189 68 189
5 68 81 68 569 68 569 68 253 359 68 447 158 118
611 89 158 68 85 68 43 158 68 43 158 68 405 68 405 199 68 405 199
158 108 68 288 68 405 68 240 211
241 149
189 68 527 68 607 158 68 569 68 241 359 68 189 68 611 189
64 211 108 68 569 68 189 68 189 68 397
189 68 430 149 68 19 68 430 68 550 501
86 163 68 617 149 68 189 68 569 68 611 108 68 569 68 85 68 85 152 389 85 359
397 108 503 158 108
189 68 607 479 68 607 158 68 607 158 68 81
43 158 68 5 189
189 68 85 447 158 68 189 68 213 68 569 68 64 211 108
503 158
370 68 5 68 81
241 68 189 68 189 266 50 68 611 74
261 86 68 370 68 81 68 569 68 158 108
189 68 339 68 430 68 266 158 68 19 85 68 201 258 68 19 85
43 158 68 237 149 68 517 68 640 68 339 68 397 68 70 158 108 68 70 158 108
607 158 118 68 642 211
43 158 68 81 68 607 158 68 158 68 405 199
189 68 607 479 68 550 501 68 550 501 68 405 68 405 68 64 211 108
405 283
607 479 149 550 149
593 163 68 430 68 189 68 517 68 569 68 517 68 569 68 19 85 68 569 68 241 68 241
189 68 124 68 189 68 241 68 241 68 241 68 241
189 68 405 199 68 189 68 153 189 108
503 158 359
593 149 68 405 68 611 189 68 611 189
283 68 503 189 68 607 158 68 5 68 5 68 5 189
611 51 86
607 158 68 158 108 68 189 68 397 68 569 68 503 158 108
189 266 50
258 611 359
158 108 68 527 68 5
43 158 68 527 68 158 108 68 19 85 68 19 85 68 339 68 19 85 68 5 189
189 68 241 68 5 189 68 189 68 189 68 569 68 569 68 569 68 64 389 430
5 68 607 68 607 68 397 68 339 68 640 68 189 68 331 487 359 68 85 68 19 85 68 19 85 359 68 189 68 397 68 397 68 19 85 359
64 211 108 68 354 68 43 158 68 642
189
189 68 607 50 68 397 68 339 68 339 551 68 85 359 68 397 68 85 359
503 158 108
211 68 5 108
87 189 68 570 389 158 240
503 189
288 359
5 189 266 85
189 68 19 68 43 158 68 642 211 68 321 247 68 430 68 64 211
261 158 85
503 339
189 68 85 152 68 170 108 68 64 211 68 19 68 19
197 149 389 158 108 68 261 86 85
43 158 68 64 211
261 158 108 258 85 197 108
261 86 68 245 449 68 370 68 569 68 569 68 253
406 19 68 241
405 68 189 68 347 158 118
503 158 108
283 68 607 50 68 241 68 43 158 68 189 68 189 68 617 149 68 617 149
189 68 593 89 487 149 68 339 68 397 68 85 68 19 85 68 19 85 68 19 85 68 19 85 68 339
607 158 149 389 149 389 222
258 189
577 68 189 550 158 118
503 189 68 527 68 108 68 569 68 81
405 611
85 4 85
517 85 359 389 158 85
569 108 68 527 68 397 68 197 86 68 241 68 5 189 68 43 158 68 64 211
261 86 68 370 68 5 68 365 430 199
158 85 152
258 149 68 118 68 189 266 50
189 68 430 241 359 68 189 68 406 158 68 189 68 189
189 68 527 68 5 68 550 158 108
85 577 68 550 158 108 68 64 211
189 68 81 68 241 68 189 68 189
189 68 54 86 68 54 86 68 397 68 81 68 397 68 397 68 397 68 397 68 397
87 68 189 68 189 389 85 359 389 158 118
501 85
405 85 4 258
258 189 68 607 158 68 569 68 569 68 447 158 118
347 158
64 211 108 68 19 85 68 397 68 405 68 189 68 19 85 68 569 68 19 85 68 43 158 68 43 158 68 158 108
189 68 607 158 68 241 359 68 201 258 68 447 158 118
651 123 68 517 68 517 85 359
241 68 569 68 158 108 68 430 68 5 68 253 68 397 68 397 68 569 68 397 68 607 50 68 189 68 189 68 397 68 397 68 397 68 5 68 397 68 397 68 5 189 68 5 189 68 5 68 5 68 5 68 5 68 5 189 68 640 68 640 68 158 108
85 517 211 68 5
189 643 299
85 4 68 527 68 397 68 607 68 359 68 70 189 68 85
607 158 68 527 68 81 68 189 68 54 86
240 211
189 68 607 50 68 397 68 501 68 501 68 446 82 68 397 68 85
503 339
611 149 389 85
447 430
189 68 397 68 405 68 295 359 68 397 68 397 68 339
503 158 108 68 158 108 68 54 86 68 397 68 397 68 397 68 397 68 397
54 86
5 68 365 430 68 607 158 68 43 158 68 43 158 68 19 85 359 68 19 85 359 503 158 118
531 85 359 68 158 108 68 430 199
85 4 68 527 68 397 68 607 68 359 68 70 189 68 85
189 68 527 68 5 68 550 158 108
283 68 607 50 68 189 68 640 68 640 68 85
261 86
321 189
189 68 447 158 108 68 201 258 68 43 158 68 430
153 68 607 158 68 197 86 68 245 449
231 240
64 211 108 68 19 85
189 68 607 479 68 189 68 189 68 531 158 68 201 258 68 331 149
19 85 359
85 4 359
189 68 153 68 642 211 68 607 158 68 397 68 189
593 163 68 550 85 68 569 68 85 359 68 189 68 331 149 68 189 68 389 158 189 68 170 299
359 389 339 551
569 68 430
261 86 68 19 85 68 569 68 85 68 124 68 503 158 108 68 64 211 108
261 86 68 87 68 569 68 569
189 68 54 86 68 189 68 397 68 339 68 389 158 118 68 189 68 389 158 118 68 189 68 189 68 189 68 189
189 68 81 68 405 68 417
321 569 68 43 158 68 43 158 68 638 68 397 68 397 68 397 68 397
153 189 68 81 68 149 550 158 108 68 517 85
550 158 199
261 86 68 253 68 189 68 569 68 85 359
5 68 365 430 68 158 108 68 5 68 85 68 85
261 86 68 370 68 81 68 569 68 158 108
651 123 68 607 68 430 68 5 189 68 189 68 189 68 189 68 189
87 85
607 158 68 527 359
189 68 70 189 68 93 435 334 68 189 68 543
87 152 68 19 68 189 68 189 266 50
189 68 638 68 85 347 158 68 19 85 68 397 68 85 68 550 158 108 68 85 68 43 158 68 189 68 189
201 258 85 347 158 118
211 68 222 68 501 68 158 108 68 389 158 108 68 19 85
86 163 68 365 430 68 569 68 569 68 339 68 339 68 339 68 426 339 68 569 68 426 339 68 503 158 118 68 503 158 118 68 426 339 551 68 426 86 149 68 397 68 397 68 397 68 397 68 397 68 339 68 339 68 19 163 68 19 163 68 86 149
593 163 68 405 68 406 158 68 189 68 406 158 118 68 85 359 68 64 211 108 68 43 158 108
447 430
405 19 85 359
611 370 68 5 68 5 68 397 68 569 68 339
87 68 87 68 283 68 607 158 68 527 359 68 607 50 68 189 68 189
211 68 136 479 68 339 68 85 299 68 19 85 359 70 158 108
503 189 68 527 68 85 68 240 550 158 108 68 339 68 339 68 339
85 4 240 68 43 158 68 158 108
390 68 390 68 81
43 158 68 550 158 189
87 449
189 68 87 152 68 189 68 569 68 397 68 397 68 517 68 64 211 108
527 68 87 68 607 158 68 330
54 86 68 370 68 405 68 569 68 569 108
611 89 487 68 189 68 189 68 607 158 68 405
503 158 108 68 189 68 569 68 430 299 258 82 68 397
87 68 81 68 397 68 397 68 569 68 405 199
51 86 68 517 68 550 158
261 86 68 189 68 245 449 68 569 68 85 4 149
197 149 389 158 108
189 68 81 68 189 68 189 68 136 158 240 68 158 108
87 68 405 108 68 19 68 607 158 68 503 189 68 54 86
64 211 108 68 158 108 68 19 85 359
517 155
397 68 241 68 158 108
5 68 365 430 68 569 68 569 68 430 299
189 68 54 86 68 189 68 397 68 397 68 79 359
607 155 194 68 406 149 68 397
5 68 237 108 68 517 68 240 211 68 397 68 430 299
607 158 68 5 189 68 347 158 359
339 551
158 155
570 389 158 68 5 108 68 85 68 593 178 68 430 68 430 199
593 163 68 417 68 158 108 68 158 108 68 79 430 199 68 64 211
611 149
397 68 85 4 85 4
189 68 82 68 158 108
405 611
261 86 68 288
85 149 389 339 551
406 158 118
189 389 85 359 389 158 359
527
607 158 68 258 68 431 68 397 68 397 68 347 158 108
339 68 607 158 68 5 189 68 405 85 359
79 487 359
87 152 68 211 222 68 389 339
607 158 68 70 158
194 149
397 108 68 170 108 68 543 211 543
197 86
19 152 68 237 108 68 241 68 43 158 68 189
261 86 68 5 68 64 211 108
651 123 68 241 68 241 68 241 68 85 359 68 85
54 86 68 397 68 569 68 330 68 390 68 430 68 517
288
87 68 43 158 68 197 86 68 54 86 68 397 68 397 68 607 50
85 299 19 85 359
211 543
261 86 68 86
4 189 211 68 339
405 68 405 108
593 108 68 19 85 68 397 68 241 68 446 82
43 158 68 607 158 68 607 158 68 158 68 19 85 68 153 189 108
189 68 430 68 446 82 68 569 68 85 359
430 86 108
283 68 158 108 68 158 108 68 241 68 241 359 389 85 359 68 397 68 189 241 68 397 68 397 68 189 241 359
4 258 108
321 240 68 446 82 68 569 68 331 487 359 68 153 189
447 189
49 68 70 158 68 397 68 339 68 339 68 70 158
569 68 642 211 68 339 68 339
189 68 197 86 85 68 85 68 569 68 81 68 189 68 405 68 405 68 405 199
189 68 640 68 640 68 397 68 241 68 261 86
611 240
283 68 245 449 68 158 108
241 149 550 158 108
406 189
189 68 211 152 68 158 108 68 158 108 68 43 158 108
569 68 240 51 86 68 201 108 68 189 68 570
153 108 68 430 68 189 68 331 430 68 331 487 359 68 397 68 397
4 64 211
189 68 86 163 68 397 68 397 68 642 68 170 108
517 258 149 68 170 108
283
189 68 85 152 68 577 68 607 158 68 550 501 68 397 68 550 501 68 64 211 68 43 158 68 43 158 68 397 68 64 211 108 68 43 158 68 397 68 397 68 397 68 397 68 397 68 397 68 64 211 108 68 43 158 68 64 211 68 64 211
283 68 347 158 68 5 68 237 108 68 569 68 569 68 240
211 543 211 543
189 68 607 158 68 241 68 640 68 446 85
607 158 68 527 68 81 68 189 68 54 86
49 68 5 68 370 68 405 68 569 68 70 189 68 569 68 70 189
189 68 569 68 81
276 85 359
347 501 85 359
43 430 68 397 68 550 158 543 68 81 68 517
607 158 68 5 189 68 577 68 569 68 365 152 68 189 68 64 211
503 158
283 68 527 68 19 85 68 19 85 68 70 158 108
85 359
189 68 258 68 258 68 417 68 569 68 64 211 108 68 397 68 64 211 108 68 569 68 503 189 68 569 68 189
189 68 197 86 85 68 617 68 189 68 189 68 617 68 607 158 68 170 108 68 607 158 68 503 189
569 68 517 68 170 108 68 397 68 397 68 85 359
447 158 85 359
261 86 68 517 149
5 189 68 124 68 240 68 240
564 68 5 68 189 68 406 501 68 189
189 245 449
85 299
593 89 487 68 283 68 607 158 68 70 158
283 68 136 158 108 68 19 85 68 19 85 68 189 68 189 68 189
564 68 607 158 68 158
5 68 365 430 68 607 158 68 81 68 189 68 189 68 331 487 359 68 189 68 331 487 359
136 479 68 189
390 68 189 68 607 479 68 153 189 68 365 430 199 85
201 258 82
569 68 527 68 607 50 68 397 68 550 501 68 189 68 569 68 64 211 108
261 86 68 240 68 189 68 189 68 54 86 68 339 68 339 68 339
158 108 68 237 149 68 569 108
201 258 85 347 158 118 68 517 85
189 68 550 158 108 68 43 158 68 43 158 68 517
87 543 68 430 68 607 158 68 550 86
261 86 68 19 68 501 85 68 517 68 189 68 607 158 68 19 85 68 569 68 153 189
64 211 68 651 123 68 569 68 85 68 19 85
406 430 299 68 5 68 158 108 68 397 68 241 68 241
258 189 68 607 68 527 68 189 68 347 158 68 189 68 331 487 359
189 68 593 163 68 607 158 68 365 430 199 68 189 68 331
503 189
64 211 108 68 611 51 86 68 517 68 569 68 607 158 68 430 68 405 85
85 347 158
211 155
607 158 68 5 189 68 569 68 550 158 68 642 211 68 43 158 68 85 68 43 158 68 43 158 68 241 68 43 158 68 43 158 68 43 158 68 189 68 189 68 5 189 68 5 189 68 5 189 68 158 68 158 68 158 68 189 68 189 68 189 68 189 68 189 68 189
189 611 288
64 211
85 503 189
189 68 247 85 68 397 68 170 108
189 68 607 479 68 189 68 19 85 68 149 68 390 569 68 569
321 189
54 86 68 397 68 569 85
283 68 189 68 189 68 241 68 339 68 397 68 550 501 68 617 149
211 68 136 479 68 339 68 397 68 397 68 569 68 70 158 68 70 158 108
406 158 68 527
5 189 68 569 68 158 543
253
607 479 68 397 68 222 68 85 68 85 68 607 158 68 5 189 68 389 158 68 5 189
189 68 517 68 241 68 189 68 189 550 158 189
397 68 253 68 430 68 64 211
261 86 68 527 68 607 158 68 85 68 85 68 397 68 43 158 68 85 152 389 158 68 170 299
5 68 81 68 569 68 569 68 253 359 68 447 158 118
261 86 68 607 68 189 68 397 68 397 68 81 68 390 569 68 430
5 68 365 430 68 607 158 68 331 487 359 68 241 68 611 74
261 86 68 124
158 108 68 527 68 607 158 68 397 68 593 108
501 85 406 158 68 258 68 503 158 108 68 607 158 68 70 158
607 158 68 70 158
503 189 68 197 86 68 569 68 430 68 405 68 241 68 85 68 64 211 108 68 153 189 108
189 68 607 479 68 550 158 68 430 68 241 68 241 68 64 211 108
5 189
550 158 543
570 389 158 149 68 241 68 5 189
339 550
607 158 68 339 68 397 68 253 68 503 158 68 283
261 86 68 517 149
321 569
170 68 397 68 517 68 569
261 86 68 517 149
503 158 108
339 551 68 347 158 118
64 211 108 68 19 85 68 19 85 68 569 68 517 68 569 68 569 68 569 68 19 85 68 64 389 158 118
51 86 152 68 189 68 617 149 68 569 68 517 68 430 68 430
189 68 253 68 331
607 158 68 81 68 158 68 430 68 258 85 68 405 68 189 68 389 85 611 189 68 517
607 158 118 108 68 642 149
258 85 4 85 359
211 68 531 149 68 237 108 68 607 158 68 189 68 331
43 158 68 550 158 108 68 638 211
607 68 189 68 189 68 397
261 86 68 19 85 68 569 68 85 68 124 68 503 158 108 68 64 211 108
347 158 108
5 543
365 430 68 569 68 64 211 108 68 611 189 68 64 211 108 68 64 211 108 68 569 68 64 211 108 68 569 68 64 211 108 68 426 86 108 68 64 211 108 68 64 211 108
611 89 487 149 68 189 68 189 68 406 501
569 68 64 211 108 68 189 68 550 501 68 85
651 79
611 74
19 85 68 85 4
240 389
153 108 68 261 86 85
158 211 149 550 501
447 158 359 68 189 68 642 211
87 68 611 74 68 189 68 189 68 354 68 70 189 68 70 189
64 211
527 68 607 50 68 261 149 68 19 68 5 189 68 70 189
189 68 527 68 607 158 543
5 68 237 86 149 68 607 68 237 108 68 607 158 68 397 68 569 68 569 68 70 158 68 136 479
517 68 517 359 389 158 359
19 85 68 85 4
87 68 550 501 68 158 108 68 189 68 19 85 68 241
339 550 158 189
189 68 607 158 68 237 211 607 158 68 70 189 68 397 68 397
149 266 50
569 68 19 85 68 19 85 68 19 85 68 19 85 68 5 189
85 607 158 68 389 158 543 68 406 158
153 108 68 527 68 569 68 43 158 68 638 68 43 158 68 85 68 64 211 108
447 189 68 527 68 359 68 527 359 68 640 68 189
543 85 170 108
85 359 389 85
189 68 607 479 68 397 68 5 68 64 211 68 64 211 68 64 211
189 68 607 479 68 397 68 288 68 81 68 189 68 365 430 199 68 365 430 199 85 365 430 199 68 365 430 199
321 68 607 158 68 189 68 288 68 397 68 607 479 68 331 149 68 389 158 68 5 189 68 397 68 397 68 397 68 397 68 5 189 68 5 189 68 5 189 68 5 189
607 479 68 550 501 68 543 68 85
189 85 299 611 51 86
85 503 569 68 64 211 108
87 68 189 68 189 389 85 359 389 158 118
593 149 68 607 158 68 241 68 240 211 68 241 68 189 68 640 68 640 68 241 68 241 68 640 68 189 68 189
283 68 136 158 68 158 108 68 158 108 68 19 68 607 158 68 70 158
569 108 68 158 108 68 430 68 5 189 68 240 51 86 68 397 68 64 211 108
189 68 607 479 68 397 68 85 4 85 68 5 189 68 64 211 68 64 211 108 68 503 158 68 503 158 108
651 123 68 611 152 68 390 68 611 501 68 189
339 551
607 155 68 81
43 158 68 158 108 68 430 68 543 51 86 68 5 189 68 261 86 68 261 86
611 178
170 108
283 68 607 50 68 5 68 158 108 68 642 211
64 211
189 149
189 258 68 517 85 359 389 158 118
85 4 213 211
503 158 108 68 158 108 68 54 86 68 54 86
211 607 158 68 241 68 569 68 64 211
503 189 68 87 68 517 68 189
189 68 593 163 68 158 108 68 430 108 68 19 85 359 389 158 118
397 415 543 258 85
43 158 68 189 68 577 68 569 68 19 85 4 108 68 246 68 85
43 158 68 189 68 430 68 87 449 68 253 68 569 68 85 359 389 85 359
261 86 68 607 68 189 68 339 68 354
527 68 607 158 68 550 158 108 68 85 68 638 68 43 158 68 64 211 108 68 19 85
43 158 68 331 149 68 189 68 189 68 189 68 331 149 68 331 487 149
211 247 85 68 417
189 68 158 543 68 430 68 5 68 517 258
211 199 68 124
611 74 68 19 85 68 19 85 359 70 158 108
211 68 136 479 68 569 68 365 430 199 68 189 68 611 189 68 189 389 85 359
64 211 108 68 19 85 68 54 86 68 54 86 68 397 68 569 68 64 211 108
397 68 569 68 170 299 68 397 68 569 68 64 211 68 517 68 64 211 108 68 517
447 158 118
197 479
593 89 487 149 68 570 389 158 189
570 389 158 19 85 359
85 4 189
197 86 68 640
503 158 108 68 189 68 569 68 211 85 299 211 108
283 68 158 108 68 189 68 189 68 241 68 170 108 68 617 68 85
211 607 50 68 189 68 43 158 68 85
501 85 68 550 158 108 68 5 68 550 501 85 68 64 211 108
501 85 406 158 68 258 68 64 211 108 68 569 68 397 68 339 68 569 68 569 68 339
211 607 50
158 85 64 211
5 68 365 430 68 70 158 68 397 68 5 189
339 551
64 211 108 68 211 543 68 430 68 430 68 430 68 569 68 517 68 211 68 211 607 158 68 211 543 211 543
189 68 43 158 68 517 68 517 68 611 51 86
189 68 607 479 68 397 68 517 68 211 471 211 68 85 68 389 158 108
43 158 68 189 68 339 68 569 68 253 68 321 247 68 64 211
258 222 222
189 68 527 68 405 68 93 51 86 108
240 389 479
43 158 68 237 108 68 211 68 503 158 68 569 68 611 189 68 64 211 108 68 611 189 68 517 68 189 68 189
189 68 569 68 85 611 258 149 68 5 68 70 158 108 68 70 158 108 68 189 68 70 189 68 189 68 189
321 189 68 213 194 543
189 68 607 479 68 397 68 85 347 158 68 201 258 68 19
397 68 607 158 68 527
189 68 569 108 68 430 68 430 199 68 430 199 68 569 68 85 68 19 85 68 241 68 19 85
261 86 68 124 68 170 108 68 569 68 405 85 68 19 85 68 19 85 68 19 85
64 211 108
5 68 237 149 68 430 299 68 607 158 68 81 68 189 68 331
189 68 607 158 68 241 359 68 201 258 68 447 158 118
283 68 347 158 68 5 68 569 68 569 68 64 211 108 68 64 211 108 68 569 68 503 158 108 68 503 158 108 68 569 68 405 108 68 405 108 68 503 158 118 68 19 85
447 158 68 81 68 635 189
258 149 438 359
158 108 68 237 211 543 68 607 158 68 550 501 68 19 85 68 19 85 68 19 85 68 550 158 118
153 68 64 211 108 68 430 68 201 258 68 201 258 68 430 68 64 211
5 68 237 108 68 189 68 81 68 569 68 19 85 68 430 299 389 158 108
527 68 153 68 258 68 85 68 290 85
354 68 189 68 569 68 531 85 359 68 81
405 68 189 68 189 68 397 68 19 85 68 85 359
569 108 68 170 68 607 158 68 4 108 68 64 211 108
527 68 153 68 153 68 189 68 189
564
607 50
153 108 68 430 68 550 339 68 397 68 389 85 68 241 68 241 68 241 68 241 68 241
283 68 527 68 607 158 68 5 108
261 158 543 68 347 158
611 51 85 359 389 158 118 68 189 68 642 211 68 241 68 189 68 241 68 241 68 241 359
397
405 108 68 550 501 68 430
43 158 68 189 68 543 68 237 108 68 170 108 68 607 158 68 550 158 68 607 479
189 68 593 163 68 405
405 74
447 158 108
189 68 607 158 68 81 68 189 266 158 68 189
5 258 258
5 68 365 430 68 158 543 68 158 543 68 189 68 241 68 397
189 68 607 479 68 397 68 43 158 68 577 68 64 211 68 64 211
51 86 68 86 68 170
4 240 68 430
189 68 70 189 68 81 68 569 68 569 68 64 211
569 68 405 199 68 124 68 617 149 68 64 211 108 68 64 211 108
189 68 64 211 68 189 68 189 68 569 68 405 108
211 240 550 501
189 68 339 68 189 68 189 68 64 211 258 258
607 479 68 550 501 68 397 68 211 68 607 158 68 397 68 43 158 68 43 158 68 43 158 68 43 158 68 43 158 68 43 158 68 43 158 68 43 158 68 43 158 68 43 158 68 5 68 43 158 68 158 68 5 68 43 158 68 5 68 189 68 607 50 68 607 479 68 607 479 68 607 479 68 607 479 68 607 479 68 607 479 68 406 155 68 43 158 68 43 158 68 43 158 68 189 68 189 68
189 68 19 68 43 158 68 642 211 68 321 247 68 430 68 64 211
189 68 247 85 68 237 149
5 68 365 430 68 569 68 253 68 253 68 253 68 569 68 64 211 108
170 152
406 19
607 158 85 359
593 163 68 550 158 189
283 68 82 68 607 158 68 339 68 397 68 593 178
189 266 50 68 405 189 643
153 108 68 197 86 68 85 68 446 82
283 68 607 50 68 640 68 640 68 189 68 189 68 617 149 68 189 68 189
241 68 642 211 68 70 158
189 68 569 68 19 68 189 68 5 189 68 347 501 68 501 68 64 211 108
339 551 68 158 108 68 87 152
211 611 118
261 86 68 370 68 5 68 607 68 253 68 397
189 389 339 68 430 108 68 258 85 359 389 158 118
258 550 158 68 194 543 68 189 68 390 569
19 152 68 237 149 68 189 68 158 108 68 447 158 118 68 347 158
635 149 68 640 68 397
85 5 189 68 406 158 68 5 189
503 189 68 197 86 68 85 68 19 85 68 569 68 211 247
87 68 550
43 158 570 389 158 199 68 64 211 108
231 240
569 68 247 85 68 189 68 390 569 68 19 79 430 149
189 266 50 68 189 68 136 479
189 68 158 240 68 406 158 108 68 501 85 359
593 163 68 240 211 68 607 158 68 5 189 68 253 68 85 359 68 64 211 108
189 240 389 479
607 158 68 339 551 68 397 68 550 501 85 68 517
261 86 68 370 68 5 68 390 68 189 68 611 51 86 68 607 155
321 247 85
43 158 68 237 108 68 43 158 68 5 189 68 253 68 430 68 607 50
611 51 85 359 68 339 68 189 68 241 68 241 68 43 158 68 241 68 241 68 241 68 241
611 89 487 68 43 158 68 43 158 68 43 158 68 189 68 70 158 68 70 158
569 68 158 68 136 479 68 149 68 611 189
43 158 213 194
517 258 149
503 189
611 51 86 68 517 68 211
283 68 339 551
189 68 64 211 68 527 68 607 68 527 68 607 158 68 43 158 68 158 68 189
258 189 643 85
261 86 68 370 68 81 68 70 158 68 5 189 68 241 68 241
276 85 4 258 108 68 640
527 68 607 158 68 431 68 607
607 158 68 347 501 68 211 222
570 389 339
189 68 607 479 68 397 68 339 68 158 108 68 430 299 68 85 347 158 118
501 85 64 211
611 89 487 68 569 68 170 68 397 68 85 347 501 85 359 68 85
19 85 68 430 68 550 158 108 68 19 85
189 68 607 158 68 430 68 189 68 189 68 64 211
197 86 68 81
153 158 108
189 68 569 108 68 253 68 569 68 170 108
569 68 211 108
43 158 68 245 449 68 430 68 158 108 68 149 68 607 68 389 339 68 70 158 68 70 158
283
359 389 222 85 359
607 158 68 397
19 85 359
189 68 237 86 68 607 50 68 397 68 64 211 108 68 550 158 68 64 211 108 68 550 158 108
241 85 359 68 189 241 359
389 158 149
447 158 240 68 64 51 108
527 68 569 68 211 68 517 68 569 68 569 68 569 68 517
339 550 158 189
189 68 607 158 68 397 68 211 211 68 211 211 543 211 543 211
43 158 68 642 68 201 258 68 397 68 397
51 86 68 64 211 108
189 68 607 479 68 397 68 517 68 211 68 43 158 68 43 158 68 43 158 68 611 189
430 108
593 89 487 68 189 68 189
170 108
321 240
321 240 68 446 68 607 158 68 5 68 201 258 68 339 68 339 68 389 339
189 68 240 211 68 261 86 68 158 108 68 607 158 68 397
569 108 68 70 158 149
211 247 85 68 85 68 517 85 359
5 68 607 68 81 68 569 68 354 68 85 359 389 339 68 397 68 189
365 430 68 283 68 189 68 189
43 158 213 194 108 68 253 68 253
64 211 247
339 551 68 158 108 68 5 189
321 68 189 68 527 359 68 607 158 68 81 68 19 85 68 430
611 370 68 607 158 68 81 68 5 68 5 68 405 68 405 108 68 405 108
189 68 197 86 85 68 85 68 189 68 607 158 68 79 158 118
64 211 108 68 339 68 241 68 241 68 19 85 68 19 85
261 86 68 85 152 68 19 85 68 19 85 359
4 85 152 68 570 389 158 240
189 68 124 68 189 68 241 68 158 108 68 430 199 68 607 158 68 201 258 189
261 86 68 124 68 158 108 68 158 108
503 158 108 68 527 68 569 68 447 158 68 397 68 241 68 397
170 108
261 86 68 370 68 81 68 569 68 64 211 68 64 211 108 68 64 211 108
611 89 487 68 640 68 640 68 569 68 19 85 68 5 189 68 85 68 85 68 5 189 108
197 85 85
5 68 19 68 64 211
5 68 365 430 68 607 158 68 331 149 68 331
43 158 68 550 501 68 397 68 253 359 68 550 487
189 68 607 479 68 397 68 405 68 365 430 199
85 299 19 85 68 158 108 68 211 85 347 158 85
447 158 213
158 240
397 68 19 85 359 389 158
87 68 124
288 68 86 68 86 149 68 593 89 487 149 68 189 68 339 68 64 211 68 389 339
189 68 550 158 543 68 158 543 68 430 68 430
607 158 68 158 108
527
43 158 85 4 258 108
49 68 245 449
261 86 85
158 108 68 569 68 330 68 607 68 397 68 446 82 68 241 68 640 68 241 68 241 68 640 68 241 68 241 68 640 68 640 68 241 430 199
189 5 189 108
261 86 68 124 68 5 68 569 68 4 85 4 189 68 85 359 389 158 118
189 123 108
241 149
570 389 85
517 479 68 347 158 118
283 68 527 68 569 68 569 68 430 68 430 108 68 153 189 68 153 189 108
189 68 611 51 86 68 49 68 64 211
213 194
258 108 68 406 158 108 68 365 430 199
261 86 68 370 68 81 68 189 68 569 68 70 189
85 4 213 211
447 158 118
211 222
85 517 211 68 5
261 86 68 124 68 189 68 189 68 189 426 86
43 158 68 81 68 405 68 43 158 68 81 68 564 222
43 158 68 431
43 158 68 189 68 189 108
611 370 68 5 68 607 158 68 330 68 19 85 68 19 85 68 19 85 68 19 85 68 5 189 68 397 68 339 551 68 19 85 68 5 68 5 68 5 189 68 19 85 359 68 19 85 68 158 118 68 158 108 68 5 189 68 5 189 68 397 68 43 158 108
43 158 68 570 389 158
86 163 68 365 430 68 189 68 43 158 68 19 85 68 19 85 68 19 85 68 517 68 517 68 517 68 189 68 43 158 108
564
5 68 365 430 68 158 543 68 430 68 253 68 611 118
189 68 189 68 253 68 397
607 158 68 87 68 158 108 68 5 68 201 258 68 201 258
51 86 68 245 449 149
189 68 64 211
64 211 108 68 550 501 68 85 68 85 68 446 82
211 211 607 50
261 86 222
85 4 108 68 253 359
447 158 359 70 85
85 365 430 149
70 158
189 68 607 479 68 397 68 339 68 158 108 68 430 299 389 158 108
170 108
189 68 617 149
189 68 607 479 68 397 68 611 178 68 81 68 189 68 517
397 68 611 189 68 517 68 430 68 430 199
5 68 569 68 64 211 108 68 406 155 149 68 149 68 19 85 68 19 85
283 68 19 85 359 68 189 68 611 189 643 85
189 68 189 68 331 487 149 68 261 86 68 397 68 397
276 85 68 569 68 405
365 607 158 68 189 68 170 152
211 593
189 68 5 189 68 79 359 68 189 68 247 85
189 68 54 86 68 189 68 189 68 569 68 43 158 68 397 68 397 68 389 339
158 108
43 158 68 550 158 189
189 68 593 89 158 68 158 68 19 85 68 569 68 19 85 68 19 85 68 19 85 68 365 430 199
258 108
86 163 68 617 149 68 405 68 640 68 640 68 189 68 189 68 64 389 85
43 158 68 189 68 406 85 68 189 68 189 68 5 189 68 331 487 359
19 152 68 237 108 68 241 68 43 158 68 189
5 149 389 158 118
189 68 64 211 108 68 569 68 569 68 19 85 68 430 68 430 68 569 68 611 51 86 68 189 68 189 68 430 68 569 68 430 68 426 86
276 85 68 517 149 68 569 68 638 68 43 158 68 19 68 339 68 19 85 68 19 85 68 70 158 68 339 68 339
283 68 607 158 68 253 68 85 359 68 331 430 68 339 68 339
43 158 68 189 68 577 68 158 240 211 68 430 68 430 68 430 68 430
5 189 68 517 68 211 68 211
593 163 68 431 68 611 189 211 247
189 68 70 189 68 569 68 189 68 617 68 607 155
189 68 607 158 68 5 189 68 354
189 68 197 86 85 68 85 68 569 68 19 85 359
258 4
43 85
51 86 68 237
153 189 68 569 68 339 68 339 68 87 449 68 503 158 68 607 158 68 503 189
283 68 82 68 517 68 569 68 241 68 569 68 64 211 108
189 68 607 479 68 397 68 211 543 68 43 158 68 43 158 68 64 211 108
189 68 607 479 68 607 158 68 43 158 68 64 211 108 68 517 68 64 211 108
261 86 68 527 68 569 68 19 85
5 68 527 68 569 68 569 108
189 68 331 430 299 211 222
517 430
201 258 85 347 158 118
189 68 64 211 108 68 569 68 569 68 19 85 68 19 85 68 19 85
607 479 68 240 68 241 68 240 211 240 68 64 211
593 149 68 288 68 189 68 390 68 85 359
405 108 68 189 68 261 149
36 211
43 158 68 607 158 68 430 108 68 517 85 4
288
4 479 68 550 501
211 68 222 68 501 68 158 108 68 389 158 108 68 19 85
569
51 86 108 68 64 211 108
85 4
577
211 543
5 189 68 430 359
49 551 68 241 68 70 189 108
527 68 607 158 68 5
430 299 85
189 68 607 479 68 54 86 68 54 86
170 299
5 108
569 108 68 330 430 85
611 89 158 68 577 68 19 68 339 68 189 68 79 158 189 68 189
611 189
51 86 68 241
607 158 68 339 68 569 68 258 68 5 189 68 189 68 430 68 201 258 189
389 339 68 213 211 85
43 158 68 607 68 189
5 68 365 430 68 158 543 68 158 108 68 54 86 85 68 158 108
397 68 64 211 108
43 158 68 237 108 68 569 68 354 68 189 68 189 68 397 68 331 487 149
51 570 211 68 5 189 68 430
64 211 108 68 339 68 189 68 158 108 68 158 108
531 85 359 68 158 108 68 85 359
611 359
5 68 569 68 64 211 68 211 68 517 68 569 68 569 68 569 68 569 68 569
283 68 347 158
503 189 68 593 149 68 240
321 27
189 68 247 85 68 189 550 158 189
189 68 51 86 152 68 241 68 158 108 68 339 68 397 68 397 68 19 85 68 5 189 68 5 189 68 397 68 397 68 397 68 5 189 266 158
651 123 68 607 50 68 397 68 397 68 569 68 85 359 68 339
577 68 241
194 149
283 68 527 68 70 158 68 397 68 4 240 68 64 211 108
189 123 108
189 68 607 479 68 397 68 189 68 365 430 199 68 397 68 397 68 64 211 108
189 68 527 68 607 158 68 406 158 68 607 158 68 593 178
4 108
4 258 68 321
514 199
607 158 68 527 359
5 189 68 136 479
283 551 68 19 85 68 4 85 359 389 85 359
87 449
430 199
593 149 68 642 211 68 189 68 389 158 108 68 43 158 68 397 68 389 85 68 5 68 397 68 397 68 397 68 550 86
276 85 359
189 68 607 50 68 397 68 517 68 43 158 68 64 211
189 68 197 86 85 68 85 68 158 108 68 347 158 68 397 68 189 68 189 68 170 108
339 551 68 347 158 359
240 68 397 68 85 152 68 430 299 68 405 359
86 163 68 617 149 68 201 258 68 5 68 85
189 68 607 479 68 397 68 339 68 158 108 68 241 68 397 68 64 211 108 68 64 211 108 68 64 211 108
85 359 389 359
339 550 158 118
405 85 4 189
211 85 359
283 68 347 158
321 247 118
87 68 81 68 81 68 189
189 68 258 543 68 543 68 569 68 85 359 68 397 68 397 68 389 339
611 51 85 359 68 339 551 68 201 258 68 201 258 68 85 68 64 211 108 68 85 68 64 211 108
503 158 108 68 189 68 189 68 347 158
397 68 19 85 222
189 68 569 68 569 68 417 68 517 85 68 43 158 68 241 68 64 211 108
283 68 405 68 397 68 85 359 503 158 108
189 68 607 50 68 397 68 430 68 638 68 201 258 189
189 266 50
36 85 152
283 68 158 108 68 569 68 569 68 85 347 158 118 68 331 487 359 68 189 68 189 68 189 68 189 68 189 68 347 158 118
189 149 550 158 108 68 43 158 68 43 158 68 85
611 258 68 507 258 68 611 189
5 68 431 68 569 68 569 68 85 359
503 189 68 607 50 68 189 68 189 68 189
153 68 189 68 288 68 569 68 70 158 68 70 158
261 86 68 189 68 189
158 155
189 68 258 68 136 479 68 569 68 136 479 68 136 479
70 158
197 86
189 68 197 86 85 68 85 68 43 158 68 43 158 68 211 251 211
607 68 607 68 189 68 189 68 79 158 149 68 19 85
43 158 68 211 68 211 85 347 158 68 5 189 68 240 68 153 189
261 86 68 245 449 68 124 68 569 68 430 68 430
607 158 149 68 189 149 68 189
405 415
503 158 108
288
85 4 247 68 149 550 158 543 211 68 222
503 158 108 68 189 68 569 68 339 68 85 359 389 339
231 240
64 211 108
321
651 123 68 390 68 189 68 201 85 359
339 68 607 158 68 149 68 543 211 68 5 189 68 85 68 550 501 68 85 68 550 501 68 397 68 397 68 397
19 79 359 68 397 68 43 158
19 152 68 237 149
564
211 85 359 68 397
611 189 149 389 158 118
149 389 85 68 431
189 68 54 86 68 189 68 397 68 365 430 68 5 68 397 68 397 68 397 68 397 68 397 68 397 68 397 68 397 68 397 68 5 189 68 5 189 68 5 189 68 5 189 68 5 189 68 5 189 68 5 189 68 5 189 68 189 68 189
397 85 347 158 118 68 85 359 389 158 118
569 68 70 158 68 189 68 507 258 68 81 68 5 68 85 68 85 359 68 5 108
158 108 68 569 68 527 359 68 550 501 68 87 152
261 86 68 170 108
569 68 211 471 211
158 258 68 527 68 85 152 68 158 108
189 389 85 359 389 158 189 68 550 158 108 68 390 68 406 155 194 213
189 68 569 108 68 430 68 430
651 85
231 240
231 51 86 68 283 68 607 158 68 397 68 189 68 85 68 397 68 397 68 607 50
189 68 569 68 569 68 569 108
189 68 517 68 397 68 397 68 517 85 347 158 118 68 339
569 68 397 68 347 158 68 189 68 397 68 640 68 85
54 86 85 365 430
261 86 68 85 68 136 479 68 430 68 430 68 397 68 85 359
569 68 19 85 68 397 68 430 149 550 158 108 68 430 68 430 68 430 149
261 158 118 68 19 85 68 607 158 68 81 68 85 359 389 85 359
189 68 430 68 54 86 68 54 86 85 359
503 189
321 240 68 85 68 19 85 68 19 163
503 189 68 527 68 258 68 607 158 68 607 155
651 123 68 158 68 430 68 607 158 68 5 189
503 158 108
43 158 68 577 68 577 68 201 258 68 201 258
593 89 479 68 569 68 64 211 108
406 19
503 158 108 68 607 479 68 189 68 365 430 199 68 85 68 19 85
43 158 68 64 211 108 68 517 68 640 68 640
261 86 68 370 68 81 68 189 68 607 50
611 89 487 149 68 517 68 607 158 68 81 68 149
189 68 158 108 68 158 108 68 430 199
189 68 253 68 617 149 68 158 240 68 64 211 108
405 108
189 68 81 68 189 68 617
339 551 68 397
85 240 211 359
569 68 543 389 199 85 68 261 86 68 189 68 189
19 152 68 237 149
564 68 339 68 347 158 118 68 85 68 19 85 68 19 85 68 19 85 68 19 85
64 211 108 68 19 68 397 68 569 68 503 189 68 347 158 118 68 64 211
321 247 85 68 569 108
283 68 607 50 68 640 68 397 68 593 89 487 149 68 339 68 397 68 397
607 158 68 607 158 68 607 158 68 81
54 86 68 607 158 68 593
64 211 108 68 569 68 241 68 241 68 85 611 189 68 64 211 108
258 258 258
189 68 550 501 68 543 51 247
339 551 68 447 158 118 108
607 155 68 81 68 569 68 569 68 550 501 68 331 149
64 211 108 68 577 68 70 158 68 43 158 68 43 158 68 211
51 86 68 87 152
359 389 501 85 359
87 68 339 68 607 158 68 70 189 68 64 211
189 68 607 479 68 397 68 241 68 240 211 68 85 68 397 68 389 85 359 389 339
241 68 5 189 68 550 158 68 642 211 68 241 68 19 85 68 19 85 68 19 85 359 68 19 85 359 68 397 68 397 68 397 68 19 85 359 68 19 85 359 68 5 189 149 68 5 189 68 5 189 68 5 189 108 68 19 85 68 241 68 321 569 68 241 68 241 68 321 247 155 149 68 5 189 149 550 487 149 550 487 149 550 158 543 211 543 389 158 108 68 43 158 108 68 19 85 241 68
43 158 68 550 158 189
607 158 68 550 501 68 85 68 339 68 253 68 321 247 68 397 68 405 68 189 68 189 68 189 68 189 68 189 68 405 241 68 5 189 241 430 68 5 189 68 5 189 68 5 189 68 5 189 68 405 108 68 405 189 68 405 68 189 68 189 68 189
261 86 68 370 68 81 68 569 68 642 68 5
564 68 370 68 577 68 397 68 569 68 569 68 85 359 68 85 359 389 85
430 199
189 68 405 108 68 81 68 359 68 569 68 569
503 158 108
189 68 607 479 68 397 68 189 68 640 68 19 85 68 5 189 68 550 487 149
54 86 68 5 108 68 19 85 359
261 86 68 370 68 81 68 569 68 4 85 68 446 68 517 68 85
5 68 237 70 189 68 189 68 189 68 640 68 397 68 43 158 68 640 68 189 68 365 430 199
87 68 503 158 108 68 550 501 68 189 68 397 68 19 85 68 339 68 19 85 68 19 85 359 68 189 68 339 551
405 199
64 211 108 68 405 108
611 299 136 479
5 189
607 158 68 85 4 64 211 108
258 108 68 5
240 211 258 118
5 68 365 430 68 19 85 68 19 85 359 68 85 359
569 108 68 170 68 607 158 68 4 108 68 64 211 108
611 85 359
397 68 19 85 68 430
222 4 85 359 70 158 108
241 551
43 158 85 359 68 406 158 108
406 158 240
501 85 406 158 68 258
611 370 68 81 68 5 68 397 68 397 68 253
517
189 68 430
283 68 258 68 405 199
4 240
339 551
261 86 68 124
211 199
189 68 527 68 607 479 68 241 149
189 68 527 68 607 158 68 189 68 124
189 68 607 479 68 201 258 68 241 68 241 68 397 68 43 158 68 189 68 189 68 611 51 86
189 68 607 50 68 397 68 397 68 569 68 569 68 85 359
5 68 365 430 68 607 158 68 365 430 199 68 397 68 517 68 517 68 517
189 68 81 68 397 68 158 68 211 68 211 108 68 389 339
5 68 237 86 68 339 68 397 68 638 68 253 68 503 158 108 68 503 158 108
258 4
5 108
189 68 569 68 405 543
607 50 222 68 189 550 487 149 68 611 149
189 68 253 68 569 68 569 68 405 85 359 68 79 158 108 68 569 68 189 68 365 430 199
4 240
397 68 87 68 165
197 86 163
550 158 199
197 86
447 158 118
405 108
19 152 68 237 108 68 569 68 569 68 517 68 517
447 158 118
593 163 68 189 68 611 189 68 85 359 389 158 118 68 241 68 241 194 149
593 89 158 68 158 108 68 189 68 390 68 237 108
153 68 405 68 211 68 607 158 68 397 68 64 211 68 617
261 86 68 124 68 607
64 211 543 68 189 68 70 158 68 569 68 211 247
5 68 81 68 397 68 241 68 158 108 68 189 68 569 68 569 68 569 68 569 68 569
5 68 365 430 149 68 19 85 68 517 68 43 158 68 211
189 68 211 543 211 68 397 68 397 108
4
527 359
64 211 108 68 5 68 397 68 85 68 19 68 607 158 68 5 189 68 607 158 68 5 189
321 569 68 507 258 85
593 163
43 158 68 189 68 577 68 339 68 64 211 108
430 299 68 85 359 389 85
503 158 108
189 245 449
405 68 241 68 158 68 607 158 68 81
43 430 458 68 406 158 149 68 201 258 149
189 68 253 68 617 149 68 569 68 569 68 405
405 288 68 517 68 517 85 359
158 108 68 189 68 189 266 50
153 108 68 527 68 607 158 68 189 68 607 50 68 426 86 85
85 241 149 68 517 68 158 108 68 430 68 550 158 118
503 189 68 5 68 569 68 85 359 68 19 85 68 64 211 108
503 158 108 68 261 149 68 5 68 19 85 68 19 85 68 569 68 85
406 155 194 108
189 68 550 158 68 397 68 642 211 68 85 359
365 430 68 245 449 68 64 211 108 68 430 68 430 299
241 359 389 85 359
389 339
611 189 64 211
593 163 68 189 68 189 68 397 68 397 68 339 551 68 339
64 211 108 68 64 211
19 152 68 237 108 68 241 68 43 158 68 189
189 68 569 108 68 430 68 430 299 550 501 68 189 68 241 68 19 85 68 241 68 241 68 241 68 241 359
64 211 108 68 397 68 347 158 118
261 86 68 607 158 68 64 211 68 607 158 68 81 68 339 68 339 68 607 158 68 607 158 68 607 158 68 339 551 68 189 68 607 158 68 5 189 68 5 189 68 5 189 68 5 189 68 5 189 68 189 68 5 189 68 5 189 68 189 68 261 86
87 449
365 430 68 517 149 68 569 68 365 430 199 68 517
607 158 118 108 68 642 149
64 211 108 68 339 68 347 158 68 211 68 517 68 517
261 86 68 517 149
4 85
158 108 68 237 70 158 68 253 68 5
564 85 359
5 108
5 68 237 86 68 339 68 397 68 54 86 68 85 68 189 68 64 389 158 108
5 68 365 430 68 19 68 241 68 241 68 321 247
211 85 359 68 258 258 551
64 211 108 68 517 68 189 68 569 68 85 359
550 158 543
397 68 81
64 211 108 68 339 68 241 68 241 68 569 68 430 68 430
607 158 68 85 152 68 330 68 550 501 68 397 68 189 68 85 68 389 85 68 189 68 331 149
36 85 152 68 240 389 85 359
231 240 68 85 68 64 211 108
43 158 68 158 108 68 430 68 430 68 70 189 68 569 68 430 68 246 68 246 68 430 199
611 108
569 68 136 479 68 201 258 68 43 158 68 64 211 108
447 158 543 68 158 108 68 197 86
339 68 550 501
211 607 158 68 569 68 170 299
85 4 258 85 359
258 70 189 68 64 211
447 158 108 68 241 68 550 158
85 258 85 359 389 158 118
189 389 349 85 359 389 85 359
197 85 85
261 158 68 527 68 19 85 68 607 158 68 81 68 430 68 569 68 430 68 430
261 86 68 124 68 607 68 189 68 81 68 397 68 43 158 68 64 211 108 68 43 158 68 43 158 68 43 158 68 43 158 68 43 158 68 43 158 68 397 68 397 68 397 68 397 68 397 68 64 211 108 68 158 68 43 158 68 43 158 68 86
389 189
607 158 68 5 68 70 189 68 189 68 240 389 158 68 43 158 68 43 158 68 43 158 68 43 158 68 43 158 68 43 158 68 43 158 68 430 68 397 68 397 68 43 158 68 43 158 68 43 158 68 158 68 158 68 43 158 68 607 158
5 108
607 68 5 189 68 170 152 68 86 68 397 68 241 68 241
5 108
87 108 68 54 86 68 189 68 397 68 189 68 397 68 397 68 397 68 397 68 397
189 68 607 479 68 397 68 501 68 501 68 397 68 397 68 550 501 68 397 68 5 189 68 189 68 189 68 397 68 397 68 397 68 5 189
43 158 68 550 158 189
607 158 118 68 85 68 211 189
406 158 118
43 158 68 607 158 68 430 68 240 211 68 240 211 68 70 189 68 70 189 68 503 189 68 503 189 68 503 189
611 370 68 81 68 5 68 397 68 397 68 253
321 563 158
321 569 68 550 501 68 85 152
517 258 149
64 211 108 68 5 189 68 569 68 85 347 158 85 68 397 68 569 68 85 359 68 19 85 359 68 397 68 397 68 397 68 397 68 19 85 359
569 68 406 501 68 517 85 68 430 68 397 68 397
189 68 651 85
19 85 68 611 118
43 158 68 642 211 68 430 68 543 211 68 517 68 517 68 211
189 68 607 479 68 397 68 189 68 397 68 397 68 19 85 68 569 68 569 68 517
607 158 68 85 152 258 149 389 158 108 68 189 68 189 68 189
339 550 158 189
211 108 149
406 19 68 241
283 68 640 68 261 86 68 189 68 189 68 189 68 331
397 68 347 501 85 359
43 158 68 331 149 68 189 68 189 68 347 158
43 158 68 189 68 85 359 68 527 359 68 241 68 397
43 158 4 4 85 359
405 85 359 389 199
253 68 5 68 569
397 68 19 85 359 389 158
569 108 68 347 158 118
5 68 81 68 390 68 5 189 68 247 85 68 517 68 517
406 158 240
607 158 68 550 501 68 397 68 339 68 607 158 68 5 189 68 170 108
85 4 258 85
213 211 152
593
283 68 158 108 68 85 152 68 446 82 68 201 108 68 19 85 359 389 158 108
514 199 68 577 68 405
607 155 68 81 68 397 68 43 158 68 201 258 85 68 569 68 64 211 108
64 211 258 68 607 158 68 607 68 81 68 189 68 241 68 64 211 108
87 449
189 68 261 86 85 359
64 211 258 68 640 68 569 108
261 86 68 158 108 68 64 211
283 68 189 68 527 359
503 158 108
283 68 607 158 68 593 149 68 19 85 68 640 68 569 68 569 108
405 108 68 569
189 85 299 149
261 86 68 124
189 68 607 479 68 397 68 247 149 68 201 258 149
258 149
607 158 68 19 85 68 19 85 68 430 68 241
283 68 5 189 68 201 258 68 189 68 397 68 607 50
189 68 70 189 68 569 85 68 237 108 68 189 68 611 51 86 68 397 68 397 68 611 51 86 68 397 68 397 68 397 68 397 68 397 68 397 68 397 68 569 68 569 108
189 68 64 211 189 68 54 86 68 397 68 397 68 397 68 397 68 64 211 108 68 5 189 68 426 86
330 163 68 642 211
527 68 607 158 68 5
87 68 211 68 211 68 85 359 68 85 359
189 85 299 149
283 68 607 158 68 527 68 189 68 397 68 19 85 68 339 68 550 158 108 68 339 68 5 189 68 5 189 68 339 551
189 68 651 123 108 68 158 108 68 19 85
607 158 543 68 569 68 564 68 64 211
607 158 68 339 68 397 68 446 68 81 68 189 68 43 158 68 64 211 68 64 211
189 550 501 68 339 68 405 68 569 68 569 68 85 359
569 68 550 158 543 68 189 68 43 158 68 64 211
85 149 68 241
593 152
189 68 607 68 331 68 85 4 85 359 68 158 108
593 163 68 611 74 68 5 189 68 54 86 68 397 68 569 68 64 211 108
593 89 487
258 213
611 51 86 68 189 68 406 158
189 68 607 158 68 189 68 19 85 359
189 68 607 479 68 211 68 607 158 68 389 85
569 68 240 51 570 389 158 189 68 189 68 189 68 611 51 86 68 189 68 189 68 241 68 397 68 189 68 189 68 189 68 241 68 241 68 397 68 569 68 397 68 397 68 189 241 68 189 68 189 149
288 68 241 68 189 241
607 158 68 550 501 68 397 68 339 68 607 158 68 397 68 389 158 68 19 85 68 5 189 68 189 68 189
189 643 359 68 640
261 86 68 158 108 68 397 68 430 299 68 64 211 68 339 68 339
211 68 531 149 68 237 108
550 158 543
19 85 68 607 158 118
577 68 611 551 68 569 68 569 108
4 240 68 85 68 64 211 108
261 158 543 68 397 68 5
189 240 389 479
5 68 365 430 68 19 68 189 68 64 211 108 68 397 68 397 68 85 68 397 68 617 149 68 397 68 397 68 397 68 397 68 397 68 397 68 397 68 397 68 397 68 397 68 397 68 397 68 189 68 397 68 189 68 19 85 68 189 68 593 149
189 245 449
189 68 81 68 397 68 158 68 211 607 158 68 85 68 389 339
283 68 569 68 569 68 85 4 85 68 241 68 85 359 68 85
189 643 359
405 189
241 359 389 85 359
503 158 108 68 527 68 569 68 447 158 68 397 68 241 68 397
321 189
85 339 68 64 211 108 68 241
577 68 611 551 68 397 68 569 68 569 68 85 359 68 397 68 64 211 108 68 189 68 241 68 189 68 241 359
5 68 365 430 68 189 68 543 68 405 199
189 68 569 68 430 299
611 51 86
607 158 68 5 189 68 54 86 68 354 68 189 68 331
569 68 158 149 68 370 68 201 258 68 397 68 43 158
503 189 108 68 390 68 389 85 359
405 240
189 68 517 68 397 68 397 68 517 68 406 158 68 517 68 517 68 517
564 68 607 158 68 189 68 430 68 19 85 359
593 163 68 430 68 201 258 68 85 359 68 85 359 68 19 85 359 389 85 359
5 68 237 108 68 124 68 607 158 68 617
397 415 211 85
651 123 68 405 68 405 108
479 85
321 68 607 158 68 5 189 68 283 68 607 50 68 247
503 158 108 68 527 68 569 68 64 211 108 68 43 158 68 43 158 68 189 108
43 158 85 123 108
258 543 258 68 527 68 19 85 68 517 68 211 68 211 68 211 68 211 240 211 240 211 543 211 543 211
189 68 253 85 359
503 158 108 68 607 479 68 189 68 365 430 68 43 158 68 617 68 617 149
4 258
569 68 158 68 136 479 68 607 158 68 211 85
258 68 5 189 68 211 211 607 158 68 211
64 211 108 68 5 68 397 68 85 347 158 108
501 85 4 189 68 569
570 389 158 68 211 68 19 240 68 339 68 241 68 241 430
261 158 163 68 447 158
607 158 68 5 189 68 339 68 339 68 339 68 607 158 68 85 68 331 149 68 331
5 68 245 449 68 124 68 54 86 68 397 68 397 68 397 68 569 68 569 68 170 108 68 503 189 68 397 68 397 68 397 68 86 108 68 426 86 149 68 86
189 68 430 299 68 607 158 68 339 68 397 68 397
86 163 68 617 149 68 397 68 517 68 569 68 430 68 569 68 569 68 569 68 503 158
5 68 237 108 68 339 68 85 347 158 108 68 19 85 68 19 85
85 359
405 359
189 68 81 68 158 108 68 152 389 158 108
283 68 158 240 68 240 211 68 607 158 68 253 68 5 108
43 158 68 189 68 577 68 569 68 19 85 4 108 68 246 68 85
19 152 68 237 108 68 241 68 189 68 189 68 189
5 68 607 68 607 158 68 640 68 85 611 85 68 189 68 189 68 43 158 68 189 68 189 68 189 68 189 68 189
261 86 68 517 149
611 74
258 149 68 347 158 108 68 85 4 149
85 607 158 68 5 189 68 569 68 430 299 258 118
5 189 68 347 158 118 85
189 68 607 68 189 68 189 68 158 108 68 321 247 68 64 211 108
258 108 68 577 68 189 68 189
189 68 64 211 68 189 68 189 68 569 68 405 108
611 51 86 85 359 68 339 68 189 68 36 149 68 19 85
189 68 569 108 68 201 258 68 569 68 397 68 321 247 85 359 68 189 569 68 170 108
189 68 165 68 170 108 68 85 611 74 68 397 68 569 68 569 68 85
5 68 365 430 68 158 543 68 158 108 68 19 85 68 158
43 158 68 64 211
283 68 85 4 149 68 517 68 607 158 68 430 68 550 158
189 68 124 68 158 108 68 607 158 68 5 189 68 517 68 517 68 517
607 158 68 5 189 68 85 222 108 68 405 85 4 68 19 85 68 569 68 19 85
406 158 240
231 240
19 85 68 430 85 359 68 85 359 68 19 68 189 68 569 68 569 68 246 68 426 86 163 68 426 86 68 426 86
189 68 189 68 241 68 241 68 569 68 569 68 70 158 68 64 211 108
170 108 68 570 389 158 108
43 158 68 237 108 68 577 68 19 68 19 85 68 19 85 68 19 85 68 19 85 68 397 68 397 68 397 68 339 551
43 158
189 68 550 158 68 339 68 331 149
43 158 68 237 108 68 261 86 68 569 68 70 158 68 569 68 569 68 569 68 430
4 178
19 152 68 237 108 68 241 68 85 68 85 152
189 68 197 86 85 68 85 68 201 258 68 43 158 68 211 247
153 108 68 189 68 189
389 149 68 149 550 158 108
430 85 359
261 86 68 517 149
321 68 5 68 330 149 68 517 68 64 211 108
503 158 108
189 68 564 68 607 158 68 261 86 68 370
64 211 108 68 5
405 108
189 68 607 479 68 607 158 68 550 501 68 397 68 550 501
43 158 68 189 68 417 68 517 68 397 68 397 68 397 68 611 51 86
607 158 68 5 189 68 85 222 108
19 85 550 155
321 240 68 569 68 569 68 79 155 68 347 158 68 347 158 68 527 359 68 19 85 68 365 430 68 189 68 527 359
593 149 68 158 108 68 430 68 241 68 241
607 158 68 370 359
261 86 68 124
258 189 389 222 359
261 86 68 370 68 81 68 607 158 68 550 501 68 550 501
189 68 430 68 331 430 68 241 68 158 108 68 87 152
397 68 241 68 158 108
397 68 54 86 68 64 211
611 51 108
405 241
283 68 347 158 68 5 68 237 108 68 607 68 189 68 153 189
611 108
189 389 85 359 389 158 189 68 211 471 211
611 189 241 68 85 68 85 359 389 339
430 4 152
189 68 607 50 68 569 68 569 68 569 68 64 211 68 569 68 64 211 108
283
43 158 68 5 189
283 68 569 68 517 68 517 118 68 339 68 397 68 339 68 339 68 64 211 108
189 68 64 211 68 189 68 607 158 68 253 68 189 68 397 68 189
189 68 155 68 81 68 189 68 607 158 68 405 85 68 189 68 331
607 155 194 118
347 501 85 359
405 68 611 189 68 611 189
503 189
64 211
261 158 85 4 85 359 68 158 108 68 397 68 397 68 397
503 158 108
405 108
54 86 68 247 68 405 68 607 158 68 189 68 406 158 68 607 158 68 607 158
503 189 68 569 108 68 405 68 189 68 189 68 189 68 331 487 359
87 108 68 550 501 68 569 68 85 365 430 199 68 64 211 108
43 158 85 359 68 406 158 108
5 108 68 201 258 68 64 211
49 551 68 241 68 70 189 108
189 68 211 543 68 430 68 569 68 19 85 68 19 85 68 85
503 158 108 68 189 68 569 68 611 189 68 85 359
241 68 85 68 617
261 86 68 370 68 81 68 569 68 430 68 189 68 64 211 108
189 68 81 68 158 543 68 339 68 339
189 68 64 211 108 68 241 68 158 108 68 405 85 68 405 85 68 405 85
261 86 68 124 68 5 68 569 68 430 68 124 68 241 68 64 51 108
261 86 68 245 449
607 158 68 527 68 607 158 68 527 68 607 158 68 70 189
189 68 189 68 283 68 158 108 68 189 550 158 118
64 211 258 68 640 68 569 108
564 68 189 68 189 68 93 51 86 68 5
527 68 153 68 108 68 237 108 68 19 85
321 240 68 446 68 189 68 213 68 569 68 569 108
43 158 68 54 86 68 430
189 68 245 449 68 158 108 68 430 299
607 68 5 189 68 354 68 189 68 189 68 354 68 64 211 108 68 64 211 108
503 189 68 607 158 68 81 68 397 68 569 68 85 359 68 70 189 85 359
503 189 68 189 68 124 68 607 68 253 68 569 68 189 68 569 68 189 68 189 68 189
4 479 68 211 430 68 430 199
189 68 19 85 359 68 569 108
170 68 607 158 68 607 158 68 5 189 108
283 68 158 108 68 607 158 68 19 570 389 158 189
283 68 611 108 68 5 68 397 68 550 501
158 108 543 389 158 543 68 347 158
241 359
189 68 607 479 68 406 158 68 189 68 189 68 347 158
5 108 68 201 258 68 64 211
43 158 68 550 158 189
503 158 108 68 189 68 569 68 211 85 299 68 517 68 569 68 569 68 569 68 569
261 86 68 158 68 158 108 68 503 189 68 503 158 108 68 64 211 108 68 153 189 68 503 189 68 503 189
5 189 68 406 501 68 569 68 430 68 430 299
447 158 108 68 253 68 189 68 253 68 503 158 108
5 68 365 430 68 19 68 189 68 365 430 199 68 85
43 158 68 237 108 68 19 85 68 339 68 397 68 5 189 68 550 501 85
189 68 550 158 68 593 89 487 149 68 189 68 347 158
406 155 194 108
569 108 68 330 430 85
550 501 68 354
283 68 607 158 68 577
406 155
607 158 68 81 68 607 158 68 406 158 68 81 68 189 68 189 68 189 68 189
189 68 247 194 68 607 158 68 339
517 152
543 85 170 108
607 158 68 607 158 68 158 108 68 339 68 347 158
189 68 158 108 68 240 211 359
189 68 517 68 517 85 68 19 85 68 397 68 43 158 68 85 359 389 85 359
231 51 86 68 283 68 607 158 68 397 68 189 68 85 68 397 68 397 68 607 50
261 86 68 503 158 108 68 19 85 68 201 85 359 68 5 189 68 85
611 51 108 68 339 551 68 189 68 638 68 638 68 397 68 397 68 189 68 569 68 569 68 569 68 241 68 241 359
189 68 577 68 189 68 158 108 68 430 199
19 152 68 189
389 339 551
261 86 68 527 68 19 85 68 19 85
189 68 81 68 397 68 43 158 68 43 158 68 170 108
189 68 4 152 68 607 158 68 81 68 81 68 189
288 68 85 68 43 158 68 43 158 68 85 359 68 189 68 331 68 189 68 189 68 241 68 331
85 359 389 85
550 158 543
607 158
189 68 430 68 253
405 68 79 158 108
569 68 527 68 527 68 517 85
593 89 158 68 85 68 158 108 68 569 68 19 85 68 19 85 68 19 85
85 4 213 211
64 211 108 68 501 68 258 149
5 68 124
85 611 86
503 189 68 124 68 189 68 247 68 245 449 68 430 199
158 240 64
405 85 359 503 158
189 68 158 543 68 5 108 68 81 68 365 430 68 569 68 430 199
339 551 68 189 68 550 501 68 569 68 64 211 68 64 211 68 64 211
189 68 158 108 68 5 68 158 108
43 158 68 550 158 189
5 189 68 405 85 68 189 68 347 158
283 68 527 68 607 158 68 85 152 68 241 68 640 68 569 68 640
405 108 68 170 189 68 607 68 607 50 68 253
189 68 82 68 339 68 397 68 430 68 365 430 199 68 189
189 68 550 158 68 5 68 569 68 19 85 359
153 108
283 68 607 479
447 158 359
406 158 108 68 189 68 397
607 158 68 5 189 68 247 85 359 68 569 68 501 85 359
79 158 359 389 158 118
283 68 136 158 108 68 19 85 359
189 68 405 68 5 68 93 435 334 68 283 68 283
261 86 4 118
43 158 68 607 158 68 607 158 68 158 68 19 85 68 153 189 108
611 258 68 507 258
651 123 68 241 68 241 149 68 241 68 158 108 68 158 108 68 158 108
51 86 68 607 50 68 241 149
406 158 118
153 108 68 189 68 189
149 389 158 189
261 86 68 87 449
447 158 240 68 64 51 108
189 68 607 479 68 397 68 189 68 640 68 19 85 68 5 189 68 550 487 149
405 85 4 189
85 149 389 339 551
569 68 258 149 68 507 258 68 253
231 51 86 68 81 68 189 68 390 68 93 435 334 68 569 68 64 211 108
153 108 68 5 68 397
607 158 68 158 85 359 68 85 359 68 5 108
501 85 4 189 68 517 68 517 359
189 108
189 68 240 211 68 201 258 149
5 68 365 152 68 189 68 617 68 347 501 68 397 68 389 339 68 389 158 118
261 86 68 253 68 261 86 68 5 189 68 397 68 617 68 617
321 247 68 607 158 68 85 152 68 642 211 85 359
288 68 189 68 189 68 158 108
397 68 85 347 501 85
550 158 85 199 108
339 550 158 118
643 240 68 64 211 68 64 211
261 86 68 124 68 5 68 189 68 347 501 68 397 68 397 68 64 211
261 158 543 68 347 158
43 158 68 642 211 68 405 108
87 211 543
339 551 359 389 339
189 68 430 108 68 550 501 68 397
43 158 68 189 68 390 68 189
86 163 68 617 149 68 397 68 211 607 158 68 430 68 430 68 430
43 158 68 158 108 68 430 108 68 189 68 189 68 331
479 68 331 149
321 189 68 241 359
607 158 68 81 68 359 68 543 211 543 68 189 68 397 68 617 149 68 397 68 397 68 617 149
503 158 108 68 158 108 68 54 86 68 54 86
189 68 607 68 331 68 85 4 85 359 68 158 108
189 68 405 108 68 430 241 194 68 607 68 43 158 68 617
211 85 359 68 517 85
607 158 68 607 158 68 607 158 68 406 211 68 397 68 607 158 68 397 68 607 158 68 189
321 68 211 471 211
201 258 82
503 189 68 593 149 68 158 543 68 158 108 68 241 68 5 189 68 201 258 189 426 569
531 85 359
189 68 87 68 430 68 64 211 108
447 158 118
607 158 68 593 85 152
527
189 68 527 68 5 189 68 569 68 85 4 108
261 86
189 68 607 50 68 397 68 253 68 503 158 68 283
258 149 68 189 68 517
283 68 87 68 124 68 189 68 617
43 158 68 189 68 577 68 517 68 430 68 564
211 247
189 211 213 194 222
321 240 68 517 68 446 85
158 108
569 68 550 501 68 189 68 390 569
85 4 359
19 68 19 68 19 85
607 158 68 339 68 397 68 85 359 68 19 85 359
611 51 86 68 517 68 211
54 86 68 397 68 447 189 68 406 158
405 108 68 54 86
543 51 86
189 68 261 86 68 397
258 189 68 245 449
64 211 108 68 430 68 5 68 339 68 136 479 68 430 299
4 85
503 158 108 68 189 68 189 68 347 158 108 68 543 51 86
43 158 199
283 68 607 50 68 397 68 189 68 19 85 68 19 85 68 19 85 68 19 85 359
607 158 68 81 68 569 68 5 68 85 68 447 158 68 241 68 189 68 189 68 5 189 68 189 68 189 68 189 68 5 189 68 5 189 68 189 68 189 68 189
321 240
611 89 487 149 68 569 68 569 68 569 68 569 68 253
283 68 158 108 68 569 68 365 430 199
189 68 240 211 68 189 68 331
397 68 405 189
517 68 64 211
339 68 19 85 68 158 108
49
261 86 68 370 68 5 68 237 4 68 640 68 85 68 19 85 68 85
87 68 43 158 68 503 158 68 19 85 68 397 68 241 68 397 68 85 152 389 85
283
261 86 68 569 68 569 68 19 85 359 68 85 359 503 158 108
189 68 211 222 4
550 158 359 68 347 158
611 370 68 87 68 81 68 370 68 370 68 5 68 397 68 517 68 569 68 397 68 397 68 397 68 397 68 397 68 397 68 430 68 397 68 397 68 397 68 569 68 569 68 397 68 397 68 5 68 19 85 68 19 85 68 19 163 68 517
261 86 68 245 449 68 569 68 569 68 253
283 68 347 158
189 68 607 158 68 211 359
261 86 68 124
189 68 430 299 68 607 158 68 339 68 397 68 397
550 501 68 405 359
211 222 68 570 389 158 543
189 68 607 158 68 607 158 68 503 189 68 569 68 517 68 153 189
261 86 68 189 68 64 211 108 68 189
64 211 108 68 158 108
503 189 108
189 68 81 68 149 389 149
49 68 527 68 527 359 68 607 158 68 550 501 68 397 68 569 68 569 68 569 68 550 487 149 68 241 68 426 86
231 51 86
5 68 331 149 68 189 68 189 68 201 258 68 253 68 153 189
543 389 199
405 199
288 68 81 68 189 68 339 68 339
43 158 68 189 68 611 189 68 569 68 569 68 85 359
283 68 417 68 158 108 68 158 108
503 189 68 593 149 68 607 68 189 68 189 68 517
189 68 197 86 85 68 85 68 569 68 19 68 19 68 19 68 19 68 19 68 19 85 68 19 68 189 68 339 68 569 68 19 85 68 19 85 68 43 158 68 43 158 68 19 85 68 19 85 68 158 68 158 68 19 85 68 43 158 68 43 158 68 43 158 68 43 158 68 43 158 68 43 158 108 68 43 158 68 43 158 68 43 158 68 43 158 68 43 158 68 43 158 68 189 68 189 68 189
189 68 430 68 430 68 607 68 5 189 68 430 299
569 108 68 430 199
611 152 68 64 211
503 339 68 397 68 430
51 86 163 68 64 211 108 68 569
607 158 68 81 68 5 68 550 158 108 68 81 68 569 68 430 68 569 68 153 189 68 430 68 405 68 405 68 405 68 405 68 430 68 430
87 449
405 611
283 68 70 158 108
189 68 607 158 68 527 68 607 158 68 211 68 64 211 68 64 211 108
240 211 258 149
5 68 365 430 68 607 158 68 406 501 68 43 158
261 86 68 370 68 19 85 68 607 158 68 189 68 241 68 241 68 189 68 241 68 241 68 241 68 241 68 359
5 189
149 389 85 359 389 158 118
611 89 158 68 527 68 5 68 70 158 68 81 68 5 68 405 68 211
43 158 68 158 108 68 201 258 68 201 258 82
189 68 405 108 68 189 68 54 86 68 607 68 170
321 189 68 405 108
503 158 108 68 189 68 569 68 266 158 68 266 158
197 85 359
607 158 68 607 158 68 607 158 68 81 108
321 247
189 149 550 158 108
261 405 199
479 68 189 68 79 158 108 68 569 108
611 89 158 68 85 68 19 85 359 68 19 68 70 189 68 70 189
406 501 152
170 149
158 85 4 85 359
19 85 68 430 68 550 501 68 569 68 569 68 405 68 64 211 108 68 64 211 108 68 64 211 108 68 569 68 64 211 108 68 405 108 68 70 158 149 68 569 68 19 85
64 211 108 68 430 68 189 68 237 108 68 607 158 68 19 68 19 85 68 189 68 19 79 430 149 68 189 68 189 68 189 149 68 19 85 68 241 430 149
189 108
283 68 158 108 68 330 68 569 68 85 359 389 158 118
405 85 359
189 68 241 68 189 68 189
189 68 607 479 68 397 68 446 68 569 68 397
5 189 68 577
19 85 359 68 85 4
87 89 479 68 64 211
5 68 431 68 517 85 359 68 19 85 68 517 149
607 158 85 359
447 158 359 68 593 178
189 68 569 68 517 85
283 68 165 68 569 68 189 68 189 550 158 108 68 64 211 108
447 158 359 389 339
283 68 158 108 68 569 68 405 365 430 199 68 430 68 430 68 569 68 430 299
261 86 68 158 108 68 593 149 68 189 68 189
321 68 87 68 503 158 108 68 64 211 108
189 68 517 68 517 68 43 158 68 405 199
189 68 124 68 189 550 158 189
607 158 68 85 241 68 189 68 507 211 68 189
170 152 68 124
43 158 68 577 68 577 68 201 258 68 201 258
261 86 68 158 108 68 593 149 68 189 68 189
189 68 124 68 617 68 607 158 68 550 501
261 86 68 370 68 81 68 607 158 68 550 501 68 550 501
19 85 359
611 240
258 149 550 501 68 538 430 85
417
607 158 68 339 68 397 68 397 68 397 68 347 501 68 527 359 68 64 211 108 68 550 158 108 68 617 68 397 68 397 68 397 68 430 68 426 86
87 152 68 240 68 240 68 54 86 68 189 68 397 68 397 68 64 211 108
347 158
321 569
54 86 68 189 68 354
406 501 68 189
503 189 68 527 68 569 68 389 85 359
189 68 124 68 189 68 241 68 85 4 85 4 68 19
189 68 247 85 68 189 68 189 68 430 68 354
330 359 517 118
189 68 155 68 124 68 430 68 430 68 638 68 430 199 68 430 199
607 158 68 339 68 397 68 43 158 68 19 85 68 19 85 68 19 85 359 389 158 118
93 51 86 68 64 211
569 108 68 430 68 430 68 501 68 189 266 50 68 241 68 397 68 189 68 19 85 359 68 19 85 359 68 397 68 189 241 68 397 68 19 85 359 68 19 85 359
189 68 607 158 68 397 68 617
213 68 503 189 68 197 86 68 430 68 5 108
261 86
5 68 365 430 68 607 158 543 68 241 68 241 359 68 397 68 85 359 389 85 359
389 19 85
5 68 237 86 68 170 152 68 5 189 68 70 158
261 86 68 517 149
261 86 68 527 359
611 89 487 68 189 68 517 85 68 517 68 569 68 430 68 189
5 68 237 108 68 189 149 68 611 189 68 153 189
189 68 607 50 68 288 68 85 4 258 68 405 199
85 4 189 108
261 158 68 19 240
4 74
79 158 108 68 577
5 211 543
593 89 487 68 189 68 189
51 86 68 158 108 149
5 68 189 68 189 68 153 189 108
359
189 68 339 68 397 68 189 68 347 158
431 68 241 68 517 149
189 68 617 68 189 68 295 149 68 5 68 43 158 68 517
5 68 82 68 189 68 517 68 577 68 43 158 68 43 158 68 64 211
85 359 389 85 359
611 89 487 68 5 68 569 68 81
611 51 85 359 438 359
261 86 68 370 68 81 68 569 68 640 68 189
43 158 68 417 68 569 68 85 68 638 68 43 158 68 43 158
85 406 247 68 158 108 68 222 211 222
543 389 199
189 68 430 108 68 550 501 68 397
593 163 68 211 68 339 68 19 85 68 339 551
283
607 158 68 389 501 68 397 68 347 501 68 189 68 43 158 68 64 211 68 43 158 68 517 68 517 68 43 158 68 64 211 108 68 43 158 68 43 158 68 517 68 517 85 68 517 68 517 68 64 211 108 68 43 158 68 43 158 68 517 68 501 68 501 68 517 501 68 517 68 517 68 517 68 517 149 68 517 240 550 501 68 517 68 517 240 211 406 158 68 43 158 68 406 155 68 406 501 68
5 258 258
153 68 607 158 68 81 68 81 68 430 68 253 68 397 68 397 68 261 86 68 261 86 68 261 86 68 189 68 397 68 5 189 68 5 68 19 85 68 19 85 68 19 85 149 68 5 189 68 19 85 68 5 189 68 19 149 68 19 68 70 158 68 607 158 68 607 158 108 68 189 68 607 158 68 19 149 68 607 158 68 19 68 19 240 68 153 189 68 189 68 607 158 68 153 189 68 153 68
189 68 85 365 430 199 68 85 68 430 199 68 43 158 68 43 158 68 43 158 68 5 68 5 68 5 68 241 68 640 68 5 68 5 68 5 68 5 68 5 68 640 68 5 68 5 68 640 68 158 68 158 68 5 68 5 68 5 68 189 68 189 68 517
321 68 607 158 68 5 189 68 283 68 607 50 68 247
593 163 68 211 543 68 189 68 607 158 68 347 158 68 19 68 19 68 569 68 19 85 68 365 430 68 569 68 347 158 118
85 577 68 158 108 68 211 189 550 158
85 4 189
43 158 68 237 108 68 577 68 331 149 68 43 158 68 43 158 68 85 152 389 158
189 211 108
253 68 5 189 68 64 51 86
365 430 68 517 149 68 569 68 365 430 199 68 517
5 258 85 68 405 108
607 158 68 607 50 68 430
85 359 359
651 123 68 189 68 189 68 189
447 158 118
503 158 108 68 158 108 68 54 86 68 54 86 68 397 68 64 211 108 68 64 211 108
517 118 68 389 85 359 68 85 359
607 50 68 550 501 68 397 68 397 68 43 158 68 43 158 68 81 68 189 68 189 68 253 68 189 68 189 68 397 68 43 158 68 430 68 640 68 189 68 189 68 5 189 68 5 189 68 5 68 397 68 43 158 68 189 68 189 68 189
593 149
64 211 543 68 189 68 211 68 607 158 68 43 158 68 85 359 389 85 359
365 430 68 261 86 68 158 68 617 149 68 64 211 108
64 211 108 68 241
153 108 68 201 258 68 85 152 68 330 359 389 158 118 68 189 68 189 241 359
261 86
5 68 237 108 68 36 85 68 607 50
85 299 68 5 108
321 68 607 68 189 68 397
527 68 607 158 68 431 68 607 158 68 397 68 19 85 68 19 85 68 241 68 241 68 241 68 241 68 241 359
405 199
611 152
153 189 68 237
170 299
64 211 108 68 19 85 68 397 68 405 108 68 569 68 19 85 68 569 68 19 85
149 389 339 68 211
189 68 607 50 68 247 149 68 365 430
550 158 189
19 85 68 158 240 211 68 607 158 68 222 68 5 189
64 211 258 68 405 68 405 189 68 81 68 569 68 430 299
569 108 68 430 199
158 108
85 543 543
5 258 258
611 51 85 359 68 339 551 68 201 258 68 201 258 68 85 68 64 211 108 68 85 68 64 211 108
283 68 607 50 68 189 68 430 68 19 68 19 68 607 158 68 153 189 68 153 189 68 503 158 68 503 158 68 503 158 68 569 68 430 68 503 158 118
5 189 68 430 68 64 211
86 163 68 617 149 68 189 68 36 85 68 607 50 68 5 189 68 85
51 86
365 430 68 261 86 68 158 68 617 149 68 64 211 108
405 199 85 359 389 158 189
64 211 108 68 447 430
607 158 149 68 397 68 569 68 189 68 189 68 189
36 85 152
189 68 51 86 68 85 68 258 149 550 158 189 68 607 479 68 189
288 68 85 359 68 339
258 68 237 108 68 607 158 68 189 68 321 247
19 85 68 339
5 611 85 359
283 68 517 68 64 211
189 68 651 123 68 397 68 85 359
321 569 68 253 68 85 359
149
85 550 158 118
149 389 339 68 170
564 68 607 68 5 189 68 253
405 240
19 152 68 237 149 68 189 68 158 108 68 447 158 118 68 347 158
5 68 365 430 68 85 152 68 189 68 170 299
85 240 211 359
283 68 527 68 108 68 405 68 611 118 68 517 118
611 89 487 149 68 189 68 189 68 390 569 68 430 149
189 68 577 68 189 68 241 68 240
405 199 68 430 359
503 189 68 64 211 68 64 211 108 68 64 211 108 68 339 68 339 68 19 85 68 517 68 517 68 189 68 189 68 359 68 43 158 68 5 189 68 5 189 68 211 543 211 543 211 543 68 158 118 68 158 108 68 158 108 68 5 189
43 158 68 158 240 359 68 85 68 253 68 85 68 241 68 241 68 241 68 241
611 74
283 68 165 68 189 68 405 68 405 199
501 85 4 189 68 158 108
283 68 607 158 68 593 89 158 359
86 163 68 93 211 68 211 68 517 68 517
197 86 68 640 68 189 68 607 50 68 577 68 397 68 397 68 397 68 569 68 397
87 108 68 189 68 189 68 237 4 68 237 108 68 261 86 68 261 86 149
390 68 390 68 81
211 240 550 501
261 86 68 189 68 158 108 68 19 85 68 43 158 68 617
189 68 550 158 543 68 569 68 446 68 611 74 68 517 68 517 68 517
189 68 211 178
607 158 68 607 158 68 158 68 43 158 68 406 158 68 607 158 68 189
189 68 527 68 405 68 19 85 68 158 108
19 152 68 237 108 68 241 68 339 68 189 68 611 74 68 611 74
593 163 68 211 68 397 68 241 68 397 68 64 211 108 68 569 68 19 85 68 19 85 68 19 85 359 68 569 68 64 211 108 68 19 85 359 68 19 85
593 89 158 68 638 68 158 108
397 415 211 85
503 158 108 68 158 108 68 569 68 564 68 430
189 68 87 449 68 240 389 158 108 68 570 389 158 118 68 397 68 241 68 241 68 189
189 68 569 108 68 550 158 108 68 339 68 189
447 158 543 68 158 108 68 197 86
189 68 197 86 85 68 617 68 569 68 569 68 339 68 339 68 339 68 339
607 158 68 5 68 607 158 68 201 258 82
189 550 501 68 331
54 86 68 247 68 405 108
503 189
43 158 68 189 68 5 68 397 68 607 158 68 253 359 68 253 359
569 68 266 158 543
517 85 4 149
19 152 68 237 149
189 68 607 479 68 550 501 68 406 155
189 68 651 123 68 158 108 68 189 68 241 68 241 68 64 211 108 68 64 211 108 68 503 189 68 503 189 68 64 211 108
158 108 68 569 108 68 501 85 406 85 68 517 68 569 68 517 85
261 86 68 124 68 607 158 68 19 85 68 19 68 430 68 569 68 569 68 430 199
85 447 158
149 389 85 359 266 158 118
43 158 68 85 136 479 68 19 85 359
153 108 68 189 68 189 68 189 68 189 68 397 68 321 247
550 158 85 68 85 152 68 430 199 85 4 85
87 108 68 64 211 108 68 593 178
593 108 68 158 108 68 550 501 68 54 86 68 397 68 339
43 158 68 85 359 68 158 108 68 253 68 253
527 359
564 68 339 68 339 68 550 501 68 397 68 241 68 569 68 569 68 569 68 189 68 189 68 189
43 158 68 253 68 5 68 211
189 68 81 68 405 108 68 611 189 68 611 74
569 108 68 189 68 189 68 321 247 68 405 68 19 85 68 339
406 158 108
503 189 68 607 158 68 261 86 68 5 68 569 68 136 479
261 86 68 158 68 331 68 607 68 43 158 68 85 152 68 550 501 85
406 430 299 68 5 68 158 108 68 397 68 241 68 241
64 211 108 68 5 189 68 85 359
405 199
569 108 68 430 68 397 68 189 68 189 68 189 68 607 50
569 68 64 211 108 68 158 108 68 240 211 108
231 51 86 68 261 86 68 370 68 5 68 397 68 339
189 68 569 68 5 189 68 170 108
261 86
527 68 85 359 68 189 68 397
49 68 211 68 447 158 68 607 68 577 68 189 68 189 68 64 211 108
149 389 85 359 68 189 550 158 189 68 241 359
283
189 68 593 149 68 405 108 68 365 430 199 68 569 68 85 68 569 68 19 85 68 19 85
569 68 531 211 222 68 430 68 430 299 108 68 19 85 68 339 68 19 85 68 569 68 19 85 359 68 569 68 397 68 397 68 19 85 359 68 19 85 359 68 19 85 359
197 85 85
607 68 5 68 240 211 68 189 68 54 86 68 397 68 397 68 397
611 89 158 68 577 68 189 68 70 158 68 569 68 240 68 85 68 64 211 108 68 240 211 108 68 241 68 241 68 43 158 108 68 241 68 241 149 68 241 149 550 158 149 68 43 158 68 43 158 68 43 158 68 43 158 68 241 68 241 149
283 68 347 158
158 85 64 211 68 124 68 607 158 68 593 178
503 158 108 68 607 479 68 189 68 417 68 430 68 430 199
447 158 85 359
5 68 365 430 68 430 68 430 199 68 241 68 569 68 85 359
569 68 70 158 108 68 201 108 68 189 68 569 68 569 68 64 211 68 64 211 108 68 64 211 108 68 569 68 64 211 108 68 241 68 241 68 569 68 569 68 569 68 569 68 569 68 241 68 64 211 108 68 189 68 64 211 108
283 68 607 158 68 397 68 339 68 397 68 397 68 607 158 68 569 68 569 68 569 68 569 68 397 68 397 68 397 68 397 68 397 68 426 86
261 86 68 189 68 189 68 397 68 397
86 163 68 617 149 68 397 68 70 158 68 70 158 68 607 68 189 68 189 68 241 68 343 189 68 241 68 189
389 158 543 543 108
406 158 240
43 158 68 245 449 68 430 68 543 211 543 68 189 68 189 68 246 68 246 68 611 51 86
211 68 577 68 54 86
85 64 211
397 68 241 68 5 189
85 406 430
51 86 152 68 189 68 158 108
593 163 68 339 68 517 68 158 108 68 397 68 405 85 68 189 68 189 68 5 189 68 343 189 68 189 68 189
189 68 517 68 517 68 339 68 339 68 158 108 68 550 158 118
406 155 194 108
406 158 68 527
43 158 68 81 68 405 189 68 247 85 68 569 68 241 68 5 189 68 503 189
5 68 365 430 68 607 158 68 365 152 68 189 108
189 68 607 158 68 81 68 569 68 321 569
503 189 68 607 68 569 68 170 108 68 550 158 189
86 163 68 617 149 68 397 68 397 68 397 68 397 68 70 158 68 503 158
43 158 68 43 158 149 68 19 85 68 253
211 85 299 68 569 68 213 458 152 68 397
85 240 211 359
593 163 68 54 86 68 85
479 211 397 68 517 359 68 569 68 447 158 118
261 86 68 158 108 68 43 158 68 430
189 68 430 85 359 389 85
569 68 611 74 68 158 149 68 19 85 68 430 149 68 569 68 569 68 569
64 211
85 430 550 158 543
261 86 68 245 449 68 245 449 68 189 68 19 85 68 19 85 68 19 85 68 19 85 68 5
261 86 68 124 68 158 108 68 87 449 68 339 68 189 68 339 68 339 551 68 19 85 359 68 19 85 359
283 68 64 211 108 68 158 108 68 54 86 68 397 68 397 68 397 68 397
258 68 237 108 68 321 569
406 501 68 189 68 406 501 68 397
211 543 389 199
550 158 199
197 86
43 158 68 503 189 68 339 68 339 68 405
19 85 68 237 108 68 189 68 617 68 640 68 569 68 569 68 64 211 108
607 158 68 564 68 607 158 68 607 158 68 87 449
231 51 86 68 189 68 189 68 347 501 68 397 68 430 68 397 68 430 68 430
283 68 189 68 189 68 189 68 189 68 170 152
189 68 607 479 68 397 68 430 68 81 68 189 68 189 68 331 487 359 68 189 68 607 158 68 189 68 189
569 108 68 430 68 158 108 68 189
503 158 108 68 607 479 68 189 68 339 68 19 85 68 397 68 19 85 68 85 68 19 85 68 397 68 397 68 397 68 397 68 397 68 85 359 68 85 359
527 68 607 158 68 189 68 170 108 68 397 68 64 211 108
189 68 54 86 68 54 86 68 569 68 19 85 68 569 68 19 85 68 19 85 359
189 68 517 68 43 158 68 85 68 85 152 389 158 108
503 158 108
261 86 68 607 50 68 189 68 347 501 68 70 158
64 211 108
261 86 68 158 108 68 54 86 68 54 86 68 397 68 397 68 397 68 189 68 189 550 487 359
258 189 68 237 247 85 68 569 68 85 359
593 89 487
503 189 68 607 479 68 189 68 527 68 152
517 359 389 158 108 68 19 149 211 149
189
430 241 550 501
283 68 347 158
213 550 158 149
189 68 607 68 397 68 389 85 359 68 390 569 68 241 359
261 86
577 68 241
283 68 347 158
503 158 108 68 258 68 43 158 68 85 152
607 50
5 189 68 611 51 86
527 68 607 158 68 201 258 68 389 339
189 68 527 68 158 108 68 201 258 68 569 68 569 68 85
258 108 149
611 85
85 347 158
564 68 189 68 189 68 93 51 86 68 5
288 359
189 68 136 158 108 68 79 430
189 68 593 163 68 569 68 531 149 68 70 158 68 70 158
288 68 607 50 68 189 643 359
261 86 68 245 449
189 68 550 501 68 189 68 339 68 607 158 68 593 163 68 339
189 68 87 449 68 189 550 487 149
569 108 68 430 68 607 158 68 550 501 68 43 158 68 43 158 68 397 68 397 68 5 189 68 397 68 397 68 397 68 43 158 68 5 189 68 19 85 359 68 569 68 397 68 5 189 68 5 189 68 43 158 68 5 189 68 19 68 70 158 108
503 189 68 86 68 87 68 569 68 397 68 517 68 517 68 517
261 86 68 170 108
503 158 108 68 158 108 68 54 86 68 397 68 397 68 397 68 397 68 397
189 68 569 108 68 158 108 68 158 108 68 19 85 359 68 389 158 108
564 68 283 68 339 68 607 158 68 339
283 68 158 108 68 569 68 569 68 85 347 158 118 68 331 487 359 68 189 68 189 68 189 68 189 68 189 68 347 158 118
258 4
241 359
550 158
189 68 4 108 68 158 108 68 569 68 430 68 19 85 68 339
258 258 68 189 68 170 108 68 170 108
4 258 108
64 211 108 68 19 85 68 19 68 397
189 68 81 68 430 68 189 68 79 359 68 79 158 189
189 68 405 68 543 68 54 86
197 85 359
501 85 447 158 118 68 607 50
158 85 4 85 359 389 339
261 158 108
64 211 108 68 397
231 240
569 68 240 51 85 68 241 68 189 68 64 211 108
607 158 68 19 85 68 405 68 189 68 550 487 149
503 158 108 68 258 68 527 359
503 158 108 68 527 68 569 68 19 85 359 68 85 359 389 85 359
430 194 543 68 43 158 68 611 189
517 211 213
283
405 359
211 85 359
189 68 155 68 158 543 68 331 149 68 570 389 158 108 68 189 68 189
503 158 108
5 189 266 158 118 85 359
339 68 607 158 68 397 68 569 68 70 158 68 430 68 607 158 68 607 158
501 85 222 85
43 158 68 189 68 577 68 158 108 68 517 85 359
64 211 108 68 189 68 64 211 108 68 339
189 68 54 86 68 569 68 543 68 405 199
543 51 86 68 640
211 240 68 241 68 569 68 158 108
283 68 569 68 569 68 240 211 68 241 68 405 85 68 85 68 85 68 43 158 68 43 158 68 43 158 68 397 68 405 108 68 43 158 68 85
153 189 68 617 68 70 189 68 5 189 68 253
258
405 199
54 86 68 158 108 68 19 85 68 19
283 68 189 68 189 68 607 158 68 5
189 68 165
85 406 158 359
189 68 158 108 68 189 68 189 68 607 479 68 5 189 68 611 51 86
153 108 68 189 68 189
258 108
607 158 68 607 158 68 5 189
569 68 85 241 68 406 158 240 68 430 68 607 158 68 397 68 397 68 397 68 397 68 550 158 118 68 397 68 397 68 397 68 397 68 19 85 359 68 19 85 359 68 397 68 397 68 189 68 189 68 5 189 68 19 85 68 19 85 359
577
189 149 550 158 108 68 43 158 68 43 158 68 85
607 158 68 339 68 397 68 85 347 158 68 19 85 68 19 85 68 70 158
397 68 550 158 213
261 86 68 87 449
503 158 108 68 607 479 68 189 68 253 68 201 258 68 189 68 189
354 551
189 68 607 479 68 397 68 85 152 68 339 68 158 108
197 85 85
283 68 5 68 158 108 68 201 258 149 68 430 149 68 550 158 118
611 51 86 68 189 68 406 158
564 68 607 158 68 158 108 68 261 86 68 564
189 68 517 68 241 68 389 158 189 68 570
189 68 607 479 68 397 68 241 68 240 550 158 68 43 158 68 550 158 68 43 158 68 189 68 189 68 189 68 189
261 158 240 68 240 211 85 68 330 152
87 68 550 86 68 635 189 68 153 189 68 405 68 189
5 68 237 4 68 640 68 189 68 611 74 68 569 68 430 68 430 68 569 68 430
258 189
569 85 359
153 68 87 68 253 359 68 405 68 81 68 189 68 241 68 189
36 85 152 68 158 108 68 19 85 299 389 158 118
85 258 85 359 389 158 189 68 241 359 389 158 118
339 551
87 68 5 189 68 569 68 170 108 68 253 68 189 68 85 68 85 152 389 85 359
87 68 170 68 359 68 397 68 397 68 397
288 68 617 68 640
405 19 149 68 64 211
64 211 108 68 430 241
651 85
577 68 19
189 68 430 68 158 108 68 339 551 68 85 359
261 86 68 5 68 189 68 240 68 158 108 68 430
189 68 577 68 430 68 189 68 570 389 158 108 68 241 68 397 68 389 158 68 607 158 68 43 158 68 189 68 189 68 43 158 68 43 158 68 189 68 189 68 189 68 189 68 189 68 189 68 189 68 189 68 189 68 189 68 189 68 189 68 189 68 189 68 189 68 189 68 189 68 189 68 189 68 189 68 189 68 607 479 68 189 68 189 68 189 68 189 68 189 68 189 68 189 68 189 68 189
258 189 266 50 68 189 68 189
197 86 68 390 68 189 68 430 68 430 199 68 19 85 68 64 211 108
405 258 68 158 108 68 64 211 108
189 68 607 479 68 607 158 68 189 68 19 85 68 64 211 108
261 86 68 158 108 68 152 68 152
43 158 68 189 68 347 501 68 19 85 68 19 85 68 569 68 19 85
189 68 51 86 68 5 189 68 397 68 569 68 136 479
503 155 68 85 68 158 108 68 85 347 158
593 163 68 550 501 68 569
397 68 527 68 607 158 68 64 211 108 68 638 68 607 158 68 607 158
189 68 430 199 68 245 449
607 158 68 5 68 79 158 189 68 79 359 68 189 68 331
189 68 569 68 64 211
86 163 68 365 430 68 569 68 569 68 569 68 503 189 68 503 189
189 68 87 68 503 158 108
43 158 68 189 68 258 543 68 330 359 389 85
288
517
283 551 68 295 149 68 85 347 158 108 68 70 189 68 70 189
503 339
189 68 258 68 70 189 108 68 617 68 85 152
503 158 108 68 527 68 569 68 517 501 68 517 118 68 517 118
189 68 607 158 68 550 158 68 19 85 359
283 68 607 158 68 397 68 339 68 397 68 397 68 607 158 68 569 68 569 68 569 68 569 68 397 68 397 68 397 68 397 68 397 68 426 86
593 149 68 430 199 85 359 68 64 211 108
503 158 108
189 68 170 299 68 158 240 211 240 550 158 189 68 189
189 68 517 258 85 68 397 68 607 158 68 19
189 68 258 108 68 617 149 68 211 68 211 68 347 158
43 158 68 81 68 81 68 5 189 68 261 86 68 241 68 430
19 85 68 430 68 569 68 64 211 68 124
189 68 189 68 241 68 241 68 569 68 569 68 70 158 68 64 211 108
189 68 651 123 68 158 543 211 543 211 543
543 389 199 68 85 68 189 68 189 68 390 569 68 241 68 569 68 85 359 68 550 158 108
85 70 158 108 68 517 149
85 550 158 199
531 85 359
189 68 607 479 68 430 68 5 189 550 158 68 430
19 85 359
651 123 68 517 68 189 68 406 155 68 339
153 108 68 189 68 189
607 158 68 70 158
5 211 543 68 64 211
288 68 607 158 68 81
85 365 430 199
261 86 68 240 211 359 68 569 68 507 258 85 359 68 85
405 199 68 550 158 149 68 189 550 158 189
607 158 68 339 68 397 68 501 68 19 85 68 189 68 85 68 19 85 68 85 68 19 85 359 68 189 241 359
564 68 19 85 359 68 189 68 5 189 68 331 149 68 85 68 331
517 85 4 149
201 85 4 247 222
213 51 86 68 642 211
447 189
503 158 108 68 158 108 68 569 68 446 82 152
503 158 108 68 189 68 569 68 85 347 158 85
189 68 158 240 68 64 211 68 245 449 68 64 211
261 86 68 189 68 611 189 68 339 68 339 68 85 359
189 389 85 359 389 158 118 68 550 501
607 158 68 430 68 430 68 201 258 189 68 189 68 611 51 86
283 68 158 108 68 158 108 68 158 108 68 189 68 331
19 85 68 397 68 569
607 158 149 68 569 108 68 330 152
339 68 607 158 68 397 68 569 68 70 158 68 430 68 607 158 68 607 158
503 158 108
86 163 68 617 149 68 397 68 70 158
258 70 158 68 347 501 68 85 359 68 241 68 241 68 397 68 389 85 359
276 85 359
85 299 389 430
5 189 68 85 359
607 158 68 397 68 569 85 4
258 108 68 406 155 68 240 211
222 4
503 189 68 607 479 68 189 68 189 68 406 158 68 79 359
43 158 68 397 68 136 479 68 222
158 68 158 108 68 430 68 158 108 68 70 158
189 68 158 543 68 158 543 68 405 108 68 81 68 640
607 158 68 593
86 163 68 189 68 189 68 211 607 50 68 43 158 68 397 68 389 85 359 68 397 68 397 68 397 68 397 68 389 158 118
569 68 390 68 390 68 241 68 241 68 430 68 430 68 85 152 68 550 158 108
651
4 258 85 359
189 68 607 479 68 569 68 241 430 68 397 68 569 68 426 86
593 163 68 550 501 68 397 68 397 68 397 68 189 68 189 68 189 68 189 241 68 189 426 86
43 158 68 136 479
607 158 68 241
283 68 347 158 68 5 68 431 68 611 74
197 85 85
607 158 68 339 68 397 68 577 68 211 68 517 68 64 211 108
5 68 241 68 189 68 189 68 54 86 68 397 68 241 68 569 68 569 68 241 68 241 359
397 68 253 68 430 68 64 211
447 158 240
231 240
4 258 189 266 158 118
189 68 651 123 68 430 68 517 85
189 68 607 158 68 607 158 68 430 68 347 158 68 43 158 68 43 158 68 331
189 68 607 479 68 253 68 43 158 68 64 211 68 611 74 68 397 68 611 51 86
211 85 359 68 517 85
64 211 108 68 5 68 397 68 85 68 19 68 607 158 68 5 189 68 70 158 68 430 68 81
4 258 149
607 155 68 81 68 354 68 201 258 68 201 258 68 334 199
261 86 68 5 68 189 68 136 479 68 569 68 19 85 68 569 68 64 211 108 68 503 158 108 68 503 158 108
405 68 213 194 213
189 68 607 479 68 569 68 85 152 68 64 211 108 68 430 68 64 211 108
158 108 68 158 108 68 197 86 68 593
607 158 68 5 189 68 19 85 68 550 158 108 68 331 149 68 64 211 108
189 68 607 158 68 339 68 397 68 397 68 43 158
85 241 430 68 201 258
611 118
283 68 607 479 68 241 68 5 68 430 68 607 158 68 569 68 569 68 569 68 569 68 517 68 397 68 397 68 397 68 397 68 397 68 430 149 68 5 189 68 5 189 68 5 189 68 5 189 68 5 189 68 158 189 68 19 163 68 503 189
642 211
189 68 607 158 68 339 68 569 68 569 68 569
405 108 68 54 86
5 68 365 430 68 569 68 569 68 85 347 158 118 68 397 68 550 158 108 68 19 85 68 189 68 189 68 397 68 397 68 201 258 551
149 389 85 359 68 569 68 331
607 158 68 593
283 68 527 68 152 68 390 68 331 487 359
79 158 108 149
288 85 4 85 68 158 108
607 158 68 339 68 397 68 253 68 607 50 68 397 68 85
85 4 149
189 68 165 68 170 108 68 85 611 74 68 397 68 569 68 569 68 85
283 68 517 85 4 189 68 607 68 593 163 68 19 85 68 19 85
51 86 68 288 68 85 68 158 108 68 43 158 68 43 158 68 64 211 108
405 241 359
607 50 68 397 68 43 158 68 5 189 68 430 68 70 189
397 68 54 86
189 68 241 359 68 397 68 577 68 189 68 43 158 68 43 158 68 64 211 108 68 517
261 86 68 189 68 201 108
189 68 430 68 607 158 68 189 149
19 85 68 430 68 189 68 517 85 152 389 158 189
19 85 68 430 68 607 158 68 189 68 607 158
607 158 68 283 68 189 68 241 68 158 108 68 550 158
430 199 68 240 389 85
405 108 68 19 85 68 447 158 68 5 68 54 654 68 5 68 189 68 5 189 68 5
189 68 197 86 85 68 85 359 68 331 487 359 68 607 158 68 339
503 158 108
5 189 51 86
211 430
189 68 527 359 68 640 68 93 51 86 85
288 68 189 68 617 68 517 68 397 68 397 68 397
406 158 108
5 68 365 430 68 5 189 68 85
569 68 170 299 68 189 68 611 74
189 68 638 68 85 359 68 397 68 64 211 108 68 339
569 68 611 85 359 68 397 68 5 68 569 68 19 68 569 68 569 68 569 68 569 68 503 158 118 68 503 158 108 68 569 68 397 68 241 430 68 397 68 397 68 397 68 19 85 68 19 85 68 19 85 68 19 85 68 5 189 68 19
64 211 108 68 517 68 241 68 158 108 68 43 158
258 68 5 189 68 569 68 405 85 4 258 551
611 149
5 108 68 241 68 240 211 68 240 211 108 68 153 189 68 153 189 108
258 189 68 81 68 158 108 68 430 199
85 406 158 359
189 68 569 108 68 550 158 108 68 5 189 68 347 158 108 68 389 158 108 68 189 68 189 68 189 68 189 68 347 158 118
503 189
642 68 258 68 517 68 446 68 158 108 68 5 68 617 68 64 211 108
211 68 237 108
288 68 189 68 570
85 258 85 359 389 158 118
158 85 359 447 158 68 189 211 471 211 68 189 211 247
261 86 68 124 68 261 86 68 189 68 247
405 85 4 258
283
85 607 158 68 397
258 189 68 5 189 68 347 158
283 68 527 68 152 68 152 68 153 189 68 517
611 89 158 68 189 68 577 68 517 68 607 155
517 152
5 68 365 430 68 19 85 68 640 68 640 68 517 85 359 68 569 68 517 85 359
503 189 68 607 479 68 569 68 241 68 446 82 68 43 158 68 19 85 68 189 68 405 68 405 68 189 68 189
569 68 430 108 68 211 68 43 158 68 431 68 253
564 68 370 68 5 68 189 68 240 68 64 211 108 68 569 68 64 211 108 68 405 108 68 503 158 108 68 405 108
189 68 158 240 68 240 51 86 68 241 68 640 68 5
189 68 607 479 68 397 68 43 158 68 577 68 93 211 68 64 211
64 211
5 68 237 86 68 170 108 68 503 189 68 170 299
503 158 108 68 527 68 569 68 19 85 359 68 85 359 389 85 359
189 68 405 68 543 68 54 86 68 397 68 397 68 397 68 397 68 397 68 397
261 86 68 189 68 189 68 189 68 611 68 517 68 611 189
189 68 158 108 68 640 68 406 155 194 68 397 68 241 194 213
288 68 189 68 158 85 359 389 158 359
189 68 607 479 68 397 68 43 158 68 577 68 405 68 64 211 108
189 68 64 211 149 550 487 149
64 211 108 68 347 158 118 68 569 68 569 68 19
43 158 68 607 68 189 68 330 152 68 430 68 430 68 19 85 68 569 68 430
241 569
531 85 359
85 299 85 359
503 158 108 68 189 68 569 68 124 68 241 68 241 68 241 68 241
189 68 70 189 68 569 108 68 258 85 68 201 258 189 108
189 68 638 68 85 152 68 569 68 189 68 607 158 68 339
189 68 405 68 543 211 543 68 397 68 397 68 593 178
