503 158 108
79 487 359
347 158 108
514 199 68 405 68 405 199
189 68 550 158 68 339 68 331 487 359
503 158 108 68 81 68 569 68 189 68 397 68 241 359
189 266 50
19 85 68 19 85 68 569 108
5 68 237 4 68 19 85 68 158 108 68 43 158 68 43 158
569 68 258 149 68 258 149 68 253
593 163 68 189 68 189 68 189 68 189 426 86
211 240 550 501
64 211
64 211 108 68 430 68 189 68 331 149 68 607 158 68 189 68 19 85 68 189 68 607 158 68 189 68 189 68 189 149 68 5 189 149 68 640 68 19 85
447 158 240 51 64 211
593 163 68 430 68 158 108
503 158 108 68 81 68 569 68 503 158 108 68 241 359 389 339
87 108 68 64 211 108 68 593 89 487
189 68 550 501 68 543 51 570
64 211
651 123 68 241 68 241 68 241 68 158 108 68 158 108 68 158 108
405 108 68 593 178
339 68 550 501 68 189 68 617 68 397 68 64 211 108 68 569 68 64 211 108
258 149 68 430 299
189 68 124 68 569 68 569 68 85 611 74 68 517 68 517 118 68 397 68 517
406 158 240
189 68 81 68 149 389 149
405 199
607 158 68 339 68 397 68 397 68 43 158 68 19 85 68 85 68 85 359 68 19 85 359 389 85 359 68 189
85 64 211
607 158 623
211 68 258 68 258 149 68 189 68 446 82 152 389 339
231 240 68 85 4 64 211 108
54 86
261 86 68 158 108 68 189 68 189 68 189 68 189
170 149
347 501 68 189
406 158 85 359 68 406 158 108
211 68 237 247
607 158 68 550 158
397 68 507 258 68 517
283 68 640 68 640 68 189 68 189 68 189 68 189
347 158
503 189 68 527 68 569 68 170 108
189 68 54 86 68 569 68 405 199 68 405 199
189 85 123
431 68 5 189 68 406 158 189
406 158 240
211 82 68 430 68 607 158 68 347 501 68 397 68 397 68 347 501
261 86 68 245 449 68 45 149 68 607 158 68 189 68 189 68 64 211 108
43 158 85 4 149
189 266 50 68 390 569
405 199 85 359 389 158 85
189 68 607 158 68 81 68 189 68 189 68 417
85 611 86
607 155 194 68 406 158 108 68 397
85 43 158 211 543 211
607 158 68 237 108 68 569 68 19 85 68 19 85 68 19 85 68 19 85 68 19 85 68 43 158 68 397 68 397 68 19 85 68 43 158 68 19 85 359 68 158 68 19 85 68 5 68 158 68 158 108 68 19 85 68 5 189 68 607 158 189 68 607 158 189 68 43 158 68 43 158 68 43 158 149 550 158 68 43 158 68 43 158 68 43 158 108 68 43 158 68 43 158 68 43 158 68 43
339 68 347 501 68 550 501 68 397 68 64 211 68 64 211 68 64 211
607 158 68 158 108
189 68 527 68 607 158 68 550 158 68 430 68 405 68 405 108 68 64 211 108
85 4 189 108
189 68 240 211 68 607 68 397 68 397 68 397 68 397 68 397 68 397 68 397 68 550 501 68 397 68 397 68 397 68 397 68 5 189 68 5 189 68 5 189 68 397 68 397 68 5 189 68 397 68 397 68 5 189 68 5 189 68 5 189
189 68 617 68 397 68 5 68 430 68 81 68 189 68 85 68 430 199 85 365 430 199 85 365 430 199
51 86 68 158 108 68 149
283 68 607 479
51 86 68 189 68 5 189 68 253
5 68 527 68 81 68 19 85 68 19 85 68 607 50
4 74
258 85
213 211 543 550 158 213
5 68 81 68 569 68 569 68 253 359 68 189 266 50
189 68 617 68 569 68 189 68 531 149 68 430 149
261 86 68 124 68 5 68 569 68 64 211 108 68 85 68 64 211 108
197 86 68 607 158 68 569 68 569 68 253 359
189 68 85 152 68 550 158 108 68 397
577 68 611 551 68 397 68 569 85 359
261 86 68 245 449 68 370 68 607 158 68 81
339 551
189 68 189 68 241 68 241 68 569 68 569 68 70 158 68 70 158 68 189
85 258 108 68 189 266 158 118 68 241 359
54 86 68 370 68 70 158 108 68 569 108
197 86
406 155 194 108
79 158 85 68 570 389 158 240
19 85 222
64 211 108 68 5 189 68 85 359
85 4 189
240 68 158 108 68 430 199
64 211 108 68 569 68 189 68 189 68 397
241 149
158 108 85 123
607 158 68 82 68 607 158 68 607 158 68 430 68 158
607 158 85 359 68 85 152 68 642 211
503 189
531 85 359
153 189 68 45 149 68 149 550 158 108 68 517 85
189 68 158 108 68 201 85 359 68 43 158 68 430 68 430
258 149 68 136 479
258 155 68 64 211 108 68 189 68 390
543 458 68 640
607 158 68 5 68 331 68 607 158 68 550 501 68 189 68 189 68 64 211
79 158 108
503 158 108 68 81 68 569 68 253 68 241 68 241 68 241 68 241
79 359 68 593 178
607 155 68 81 68 397 68 43 158 68 43 158 68 85 68 64 211 108
213 194 543 68 85 406 85 359
405 68 213 194 213
397 68 54 86 68 64 211
189 68 607 158 68 241 359 68 201 258 68 43 158 118
64 211
5 68 237 4 68 607 158 68 43 158 68 43 158 68 19 85 359 68 19 85 359
79 339
189 68 607 158 68 189 68 189 68 19 85 68 19 85
153 189 68 70 158
569 68 247 85 68 189 68 390 569 68 19 85 359
43 158 68 189 68 347 158 68 158 68 430 68 430 68 430 68 430 68 607 479
211 240 550 501
283 68 64 211 108 68 158 108 68 397 68 397 68 397 68 397 68 397
241 68 43 158 68 617
85 359 389 85 359
197 149 389 158 108
189 68 569 68 430 199 85
503 339 68 397 68 253
213 194 149
19 152 68 237 108 68 241 68 43 158 68 43 158
5 68 124
189 68 5 68 405 68 405 199
543 51 86
607 158 68 81 68 569 68 158 108 68 5 68 241 68 5 68 64 211 108 68 5 189 68 5 189 68 189 68 5 189 68 5 189 68 5 189 68 5 189 68 5 189 68 5 189 68 5 189 68 5 189 68 5 189 68 5 189 68 189
283 68 170 108 68 5 68 397 68 517 68 5 189
261 86 68 124 68 170 108 68 569 68 405 108 68 405 85 68 405 85
261 86 68 517 68 517 85 68 517 68 607 158 68 5 68 397 68 189 149
261 86 68 124 68 261 86 68 189 68 569 68 405
189 68 54 86 68 397 68 397 68 170 68 397 68 397 68 397 68 397 68 397 68 503 189
431 64 211
241 359
189 68 607 479 68 617 68 397 68 397 68 43 158 68 43 158 68 569 68 189 68 331 487 359 68 189 68 189 68 43 158 68 201 258
189 68 607 158 68 189 68 397 68 550 501 68 43 158 68 617 68 64 211 108
283 68 70 158 68 5 68 189 68 607 158 68 189 68 189 68 153 189
85 43 158 211 543 211
283 68 158 108 68 240 211 68 607 158 68 253 68 261 86 85
283 68 82 68 569 68 85 4 85 68 640 68 85 359 68 85
283
503 189 68 124 68 189 68 189 68 390 569 68 390 85
85 299 258 85 359
189 68 607 479 68 397 68 43 158 68 43 158 68 43 158 68 43 158 68 43 158 68 189
321 68 5 189 108
503 189 68 607 479 68 189 68 390 68 189
189 68 550 158 68 5 68 569 68 19 85 359
189 68 569 108 68 430 68 430 299 211 68 43 158 68 189 68 331 149 68 241 68 241 68 241 359
81 68 5 68 550 158 68 64 211 68 241 68 241 68 430
189 5 68 611 68 397 68 503 158 68 430 68 189 68 189
5 68 527 68 607 158 68 19 85 68 158 68 19
189 68 527 68 607 158 68 397 68 43 158 68 64 211 68 64 211
85 290 51 339
611 51 86 85 359 68 189 68 241 68 321 247 68 241 68 189 68 241 68 241 68 241 359
189 68 189 68 241 68 241 68 569 68 569 68 70 158 68 70 158 68 189
189 68 339 68 430 68 189 68 331 487 149 68 607 68 241 68 189 68 189 68 241 68 43 158 68 189 68 189 68 189 68 241 430 68 5 189 68 5 189 68 5 189 68 189 68 5 189 68 189 68 189 68 189 68 5 189 68 189 68 189 68 189 68 189 68 189 68 189 68 189 68 189 68 189 149 550 158 68 607 479 68 607 479 240 211 199 479 68 43 158 68 189 68 189 68 189 68 189
503 158 108
51 86 68 288 68 85 68 158 108 68 43 158 68 43 158 68 64 211
503 158 108 68 81 68 569 68 19 85 359 68 397 68 136 479
607 158 68 5 189 68 85 222 108
189 68 446 82
503 158 108 68 258 68 43 158 68 43 158
503 189
5 68 365 430 68 430 149 68 430 199 68 241 68 241 359 68 241 359
593 163 68 397 68 517 68 158 108 68 397 68 189 68 5 189 68 85 359 68 5 189 68 5 189 68 189 68 189 108
51 86 108 68 64 211 108
189 68 43 158 68 397 68 397 68 43 158 68 70 158 108
527 68 527 68 527 359 68 607 158 68 577 68 569 68 611 68 569 68 85 68 611 74
189 68 136 479 68 5 189 68 241 68 321 247 68 241 68 430
288 68 51 86 68 241
503 158 108
87 68 550 501 68 85 68 158 108 68 19 85 68 640
85 4 240 68 43 158 68 43 158 68 43 158
189 68 607 158 68 189 68 19 85 359
64 211 108 68 517 68 43 158 108 68 43 158 68 158
51 247
261 86 68 339 68 54 86 68 189
261 86 68 517 68 81 68 569 68 64 211 68 43 158 68 64 211
635 149 68 640 68 397
501 85 406 158 68 258 149
607 155 68 81 68 569 68 569 68 339 68 397 68 241
527 359
503 158 108 68 607 158 68 189 68 365 430 199 68 85 68 158 108
189 68 607 158 68 607 158 68 607 158 68 81
5 68 237 108 68 517 68 240 211 68 241 68 397
85 365 430 149
189 68 607 158 68 347 501 68 397 68 607 158 68 397 68 5 189 68 389 158 68 5 189 68 189 68 189
283 68 136 479 68 5 68 611 74
189 68 331 430 299 211 222
43 158 68 479 68 85 4 189 68 430 68 70 158 68 189 68 569 68 189 68 331 487 359
258 85 68 569 68 189 68 189
197 86 149
406 430 299 68 5 189 68 85 359 389 158 108
189 108
211 199
86 163 68 54 86 68 253 68 569 68 569 68 503 189 68 503 189
5 68 365 152 68 253 68 397 68 397 68 397 68 397 68 397 68 569 68 397 68 517 85
189 389 85 359 389 158 118 68 550 501
347 501
593 163 68 405 68 607 158 68 189 68 406 158 68 607 158 68 189
283 68 607 158 68 253 68 85 359 68 397 68 397 68 430 68 397
261 86 68 158 108 68 241 68 430 299 68 339 68 339 68 339 68 339
211 163 68 43 158 68 85 359
261 86 68 124 68 569 68 569
611 189 266 50
607 479 149 389 149
49 551 68 240 211 68 543 211 108
430 199
5 189
197 86 85
231 240
5 189 68 247 85 68 189 68 347 158
261 86 68 124 68 607 158 68 19 85 68 19 68 569 68 430 68 569 68 430 299
397 68 87 68 550 158 108
189 68 527 68 158 108 68 201 258 68 569 68 397 68 397 68 64 211 108
19 85 68 397 68 569
607 479 68 397 68 397 68 397 68 43 158 68 607 158 68 550 158 68 389 158 68 5 189 68 189 68 189 68 5 189 68 5 189
197 85 359
189 68 170 299 68 158 240 211 68 240 211 68 607
189 68 430 359 68 430 359 68 189 68 406 155 68 189
321 240 68 446 68 189 68 213 68 569 68 64 211 108
64 64 211 108
189 68 158 108 68 85 152 68 43 158 68 43 158 68 479
189 68 569 108 68 430 68 430 199 68 430 199 68 19 85 68 19 85 68 19 85 68 405 199
593 85 68 19 85 68 397 68 241 68 446 82
189 68 517 68 517 68 43 158 68 64 211
241 68 189 266 50 68 406 430 299
406 430 299 68 5 189 68 85 359 389 158 108
406 158 359
64 211
189 68 607 479 68 397 68 397 68 240 211 68 43 158 68 550 158 68 189 68 43 158 68 43 158 68 189 68 189 68 43 158 68 43 158
51 86
85 406 158 359
569 108 68 158 108 68 430 68 5 189 68 241 68 241 68 640 68 64 211 108
64 211 108 68 430 68 405 68 189 68 569 68 19 85 359 68 64 211 108
5 68 527 68 607 158 68 19 68 211 68 43 158
550 158 74
405 19 149 68 79 158 149
607 158 68 550 501 68 397 68 397 68 211 68 43 158 68 397 68 43 158 68 43 158 68 43 158 68 43 158 68 43 158 68 43 158 68 5 68 5 68 5 68 5 189 68 5 68 5 68 158 68 158 68 5 68 5 68 5 68 5 189 68 617 149
189 507
577 68 241
406 158 68 527 359
153 189 68 397 68 5
64 211 108 68 569 68 241 68 241 68 241 68 64 211 108
211 163 68 617
197 86 68 81 68 389 430
189 68 158 108 68 5 108 68 158 108
4 64 211
283 68 607 158 68 189 68 241 68 430 68 607 158 68 397 68 397 68 607 158 68 397 68 397 68 397 68 5 189 68 5 68 397 68 5 189 68 5 189 68 5 189 68 5 189 68 5 189 68 5 189 68 5 189 68 5 189 68 86
321 247
527 68 607 158 68 241 68 446 82
607 158 68 527 68 607 158 68 397 68 593 163 85
283 68 70 158 68 5 68 397 68 577 68 569 68 79 158
197 86
189 68 405 108 68 81 68 201 258 68 569 68 569
258 85
283 68 527 68 607 158 68 446 82 152 68 517 118
189 68 158 108 68 189 68 189 68 430 299 68 5 189 68 611 51 86
189 68 527 68 607 50 68 241 68 569 68 569 68 569 68 569
607 479 68 431 68 43 158 68 5 189 68 5 189 68 5 189 68 170 108
153 68 607 158 68 81 68 19 85 68 253 68 370 68 607 158 68 261 86 68 261 86 68 261 86 68 189 68 397 68 261 86 68 5 68 5 68 19 85 68 19 85 68 5 189 68 5 189 68 5 189 68 5 189 68 261 86 68 5 189 68 158 108 68 607 158 68 607 158 68 607 158 68 19 149 68 19 149 68 607 158 68 19 108 68 19 108 68 261 149 68 261 149 68 261 149 68 153
241 68 517 68 446 85
5 189 68 347 158 359
607 479 68 85 149 68 189 68 189 68 189 68 406 158 108 68 189 68 189
189 68 607 158 68 211 189 68 347 158
64 211
258 85 365 430 68 446 68 64 211 108
85 365 430 199 85 359
503 189
503 158 108 68 81 68 569 68 19 85 359 68 397 68 136 479
85 359
283 68 5 68 189 68 19 85 68 640 68 640 68 569 108
258 85 4 85 359
153 189 68 70 158
79 487 359 68 189 68 253 68 253 359 68 503 158 108
430 199 68 5 189 68 189
607 479 68 189 68 417 68 517 68 397 68 397 68 611 51 86
189 68 446 82 68 5 68 85 68 430 68 640 68 43 158 68 85 68 43 158 68 5 68 640 68 43 158 68 640 68 640 68 5 68 5 68 5 68 5 68 640 68 640 68 5 68 5 68 640 68 158 108 68 5 68 5 68 5 68 5 68 640 68 5 189 68 5 189 68 640 68 640 68 640 68 640 68 5 189 68 640 68 43 158 108 68 43 158 68 43 158 68 43 158 68 43 158 68
607 158 68 339 68 397 68 397 68 211 68 517 68 517 68 64 211 108
607 158 68 527 359
283 68 5 68 54 86 68 640 68 640 68 85
261 86 68 124 68 158 108 68 569 68 430 68 19 85 68 339 68 64 211 108 68 19 85 359 68 189 68 339 551
397 108 68 170 108 68 389 199
153 108 68 189 68 189 68 189
607 479 68 550 501 68 199 108
87 449 68 64 211 108 68 189 68 607 158 68 189 68 607 158 68 397 68 89 158
43 158 68 81 68 607 158 68 81
43 158 68 593 89 487 149 68 517 68 517 68 189 68 430 68 189
258 543 389 359
611 189 85
517 68 64 211
593 163 68 85 68 19 85 68 569 68 19 85 68 19 85 68 19 85
213 194 68 5 189 68 124
189 68 527 359 68 569 68 93 51 86 68 64 211
321 569 68 550 501 68 189 68 237
607 158 68 527 68 5
189 68 607 158 68 331 68 331 158 108 68 19 85
189 68 569 108 68 430 199
43 158 68 189 68 607 158 68 43 158 68 430 68 430 68 430 199
569 68 136 479 68 189 68 390 569 108
158 68 158 108 68 430 68 158 108 68 405 199
189 240 389 479
503 158 108 68 158 108 68 569 68 430 68 430 199
51 86 149
43 158 68 642 211 68 430 68 405 68 517 68 607 158 68 211 68 211 240 211
43 430 299 68 507 258 68 611 189
189 68 158 108 68 430 68 64 211 108
170 108 68 389 149
43 158 68 211 68 211 152 68 607 158 68 5 189 68 405 68 64 211 108
339 68 550 501 68 569 68 85 359 68 158 108 68 607 158 68 607 158 68 607 158
321 68 569 68 64 211
607 158
611 163 68 43 158 68 43 158 68 43 158 68 405 68 405 199
85 359
593 163 68 550 501 68 397 68 54 86 68 397 68 339
197 85 359 68 569 68 85
211 543
550 158 199
43 158 68 550 158 189
158 64 211 85
189 68 527 68 81
189 85 299 149
431 68 5 189 68 406 158 189
189 68 607 158 68 189 68 607 158 68 189 68 397 68 64 211 108
43 158 68 607 158 68 430 68 5 68 240 211 68 240 211 68 70 189 68 240 211 68 503 189 68 503 189 68 405 68 405 68 5 189
261 86 68 189 68 640 68 189 68 617
79 487 359
189 85 299 149
258 149 68 347 501 68 397 68 85 359 68 241 68 241 359 389 85 359
611 51 86
258 189 68 81 68 189 68 430 199 85
569 68 405 199 68 617 68 189 68 617 149 68 85
503 158 108 68 258 68 201 258 68 19 85
607 158 68 593 85 152 68 158 108
283
36 85 152 68 158 108 68 19 85 359 389 158 118
405 68 611 189 68 611 189
211 222
339 299 389 339
4 240 359
261 86 68 607 158 68 189 68 617 68 569 68 189 68 189
405 68 405 85 359
189 68 253 68 569 68 569 68 569 68 365 430 199 68 85 359 68 64 211 108
527 68 607 158 68 43 158 68 43 158 68 397 68 19 85 68 397 68 189 68 241 68 241 359
5 68 237 108 68 517 68 569 68 517 118 68 517 118 68 517 118
564 68 283 68 339 68 607 158 68 170 299
283 68 158 108 68 569 68 365 430 199
87 108 68 54 86 68 189 68 397 68 397 68 397 68 397 68 397 68 397 68 397 68 397
87 189 68 189 68 189 68 79 359
405 240
517 68 517 359 389 158 359
607 158 68 81 68 158 68 430 199 68 405 108 68 189 68 517 85 68 517 85 68 517
153 108 68 189 68 189 68 189
189 68 70 189 68 569 85 68 85 611 189 68 611 189 68 85 359 68 85 359 389 85 359
170 68 397 68 397 68 397 68 569
288 68 85 68 43 158 68 43 158 68 189 68 189 68 331 487 359 68 189 68 189 68 241 68 189 68 189 68 189 68 189 241 359
64 211 108 68 5 189 68 569 68 85 359 68 85 359 68 569 68 85 359 389 339 68 136 479
189 68 607 158 68 81 68 189 68 283
405 85 4 258
64 211 108 68 64 211 68 64 211
43 158 68 245 449 68 158 108 68 430 68 607 158 68 389 339 68 389 339 68 189 68 503 189 68 189 68 189 68 397 68 5 189 68 5 189 68 5 189 68 158 118
51 86 68 253 68 189 458
258 258 68 5 189 68 569 68 158 108
527 68 607 158 68 5
261 86 68 253 68 261 86 68 370 68 5 68 397 68 189
87 68 43 158 68 170 108 68 339 68 397 68 241 68 241 68 397 68 241 68 241 68 397
593 163 68 550 501 68 607 158 68 19 85 359 68 85 359
43 158 68 189 68 390 68 405 85 359
5 68 527 68 607 158 68 577 68 577 68 517 68 397 68 517 68 517
43 158 240 222 85 359
43 158 68 194
43 158 178 68 406 158 149 68 201 258 149
43 158 68 642 68 5 68 397 68 397 68 245 449
321 247
43 158 68 550 158 189
189 68 607 158 68 189 68 550 158 108 68 397 68 397
85 365 430 199
86 163 68 617 149 68 189 68 607 158 68 430 68 430 68 607 158 68 607 158 68 87 449
406 334 108
607 158 68 158 108 68 64 211 108
569 68 543 51 108
241 569 85
607 158 68 607 158 68 607 158 68 81
158 240
406 155
288 85 4 85 68 158 108
339 550 155
261 86 68 124
593 163 68 211 543 68 189 68 607 158 68 189 68 19 68 569 68 569 68 70 158 68 19 79 222
397 68 241 68 640
550 158 74
5 108
189 68 158 68 339
19 152 68 607 158 68 189 68 79 158 108 68 189 68 347 158 118
406 158 118
189 68 158 543 68 158 240 68 339 68 339
503 189
189 68 607 158 68 5 68 241 68 240 211 68 517 68 517 68 517 85 68 517
189 68 527 68 607 158 68 430 68 430 199 68 241 68 430 199 68 64 211 108
153 68 607 158 68 365 430 68 19 85 68 430 68 430 68 430 68 430
158 108 68 397 68 253 68 253 68 5
189 68 64 211 68 569 68 517 68 517 68 517 68 517 258 68 517
321 68 189 68 253 68 189 68 189 550 158 118
189 68 564 68 607 158 68 397 68 261 86
213 211 68 124 68 197 86 68 370 68 5
85 550 158 108 68 64 211 108
64 211 68 507 258
241 68 5 189 68 70 158
5 503 85
261 86 68 517 68 81 68 569 68 158 108
189 68 527 68 607 158 68 638 68 43 158 68 253 68 397 68 611 74
651 123 68 189 68 390 68 189
569 68 85 4 258 149 68 517 68 607 158 68 397 68 397 68 550 501 68 397 68 397 68 397 68 397 68 397 68 397 68 397 68 397 68 397 68 397 68 5 189 68 5 189 68 5 189 68 5 189 68 5 189 68 64 211 108
359 389
189 68 87 68 170 108
4 64 211
527 68 261 86 68 87 68 607 158 68 365 430 199
406 158 85 359 68 406 158 108
189 68 446 85 68 85 359 68 397 68 64 211 108 68 339
261 86 68 245 449 68 189 68 189 68 189
79 487 359
189 389 339 68 430 299 149 68 158 108
447 479 85 359
283 68 339 68 19 85 68 189 68 406 155 194 213
261 86 68 158 108 68 64 211 68 607 158 68 607 158 68 607 158 68 607 158 68 5 68 5 189 68 5 68 189 68 5 189 68 5 189 68 5 189 68 5 189 68 5 189 68 5 189 68 5 68 5 68 5 189 68 5 189 68 5 189 68 170
197 85 85
85 4 64 211
201 85 359 68 241 68 64 211
79 158 149 68 149 389 85
389 339 68 213 211 85
189 68 607 158 68 189 68 397 68 43 158 68 64 211 68 64 211
261 86 68 158 68 43 158 68 43 158 68 43 158 68 617 149 68 85 152
550 501 68 81
170 108
406 158 359
593 163 68 43 158 68 431 68 611 189
503 189 68 607 479 68 569 68 446 82 68 640 68 19 85 68 19 85 68 19 85 68 405 199
261 86 68 5 68 189 68 397 68 569 68 390 569 68 430 199
213 194 543 68 85 331 487 85
283 68 607 50 68 640 68 241 68 397 68 397 68 397 68 397 68 397
43 158 68 237 108 68 569 68 569 68 189 68 189 68 189 68 331 487 359
189 68 550 158 108 68 43 158 68 43 158 68 43 158
283
86 163 68 617 68 397 68 397 68 397 68 397 68 397 68 397 68 397
43 158 68 237 108 68 397 68 43 158 68 43 158 68 43 158 68 85 152 389 158 68 43 158
189 68 638 68 85 152 68 569 68 189 68 189 68 607 158 68 189
569 68 170 299 68 189 68 611 74
70 189 266 50
189 68 247 85 68 189 68 189 68 331 487 359
261 86 68 87 68 564
189 68 430 68 607 158 68 201 258 149
261 86 68 245 449 68 158 108 68 158 108
569 68 247 211 68 430 299 68 430 108 68 19 85 68 339 68 19 85 68 569 68 19 85 359 68 569 68 397 68 430 299
283
288 68 347 501 68 189 266 50
607 158 68 527 359
43 158 68 331 487 359 68 19 85 359
189 149
85 68 339 68 397
430 199
197 86
321 68 607 158 68 81 68 569 68 397
593 163 68 124
197 86
283 68 158 108 68 501 85 152 68 446 82 68 19 85 68 19 85
607 158 68 339 68 397 68 43 158 68 19 85 68 19 85 68 19 85 359 389 158 118
607 158 68 158 68 43 158 68 43 158 68 158 68 158 108
5 68 237 86 68 170 152 68 170 152
79 158 108 68 81
189 68 569 108 68 158 108 68 607 158 68 389 339 68 189 68 389 339 68 189 68 189 68 189 68 189 68 189 68 43 158 118
189 68 617 149
593 89 487
321 569
607 158 68 640
503 158 108 68 81 68 569 68 611 189 68 85
211 85 299 68 569 68 531 158 118 68 397
189 68 158 108 68 85 152 68 331 430 68 640 68 189 68 640
503 189 68 253 68 189 68 189 68 189
189 68 607 479 68 397 68 397 68 501 68 397 68 397 68 550 501 85 68 397 68 5 189 68 397 68 397 68 397 68 397 68 5 189 241 430 149
283 68 527 68 607 158 68 85 152 68 640 68 640 68 640 68 640 68 640
189 68 158 543 68 607 158 68 19 85 68 19 85 68 158 108
550 158 543 68 405 359
197 85 85
85 258 85 359 389 158 118
288 359
189 68 261 86 85 359
261 86 68 517 149
607 158 68 607 158 68 607 158 68 43 158 68 406 158 68 189
189 68 82 68 158 108 68 397 68 430 199 68 189 68 189 68 189
611 163 68 253 68 253 68 397 68 397 68 85 359 68 85 359
611 163 68 85 68 19 85 359 68 19 68 70 189 68 189 68 70 158
321 68 607 68 189 68 397
390 68 189 68 81
503 158 108 68 81 68 569 68 189 68 397 68 241 359
64 211 108
5 108
19 152 68 607 158 68 397 68 569 68 64 211 108
503 189 68 5 68 81 68 569 68 569 68 85 359 68 85 359 389 85 359
527 68 87 68 87 68 158 108
527
241 68 5 189 68 550 158 108 68 397 68 241 68 569 68 569 68 85 359 389 85 359 389 85 359 68 241 359
261 86 68 5 68 189 68 397 68 136 479 68 569 68 569 68 569 68 569 68 569 68 64 211 108
339 68 607 158 68 211 543 68 5 189 68 19 85 68 85 68 550 158 108 68 189 68 550 158 108
85 4 258 85
258 258 68 189 68 170 108 68 170 108
5 503 85
577 68 611 108 68 569 68 569 68 85 359 68 397 68 397 68 569 68 85 359 68 241 359
189 68 85 197 85 68 85 359 68 397 68 397 68 43 158 68 550 158 68 85 68 617 149
189 68 607 50 68 569 68 189 68 569 68 347 158 118
397 68 507 258 68 517 68 517 68 430 199
261 86 68 517 149
527 68 607 50 68 370 68 5 68 81 68 189 68 189
64 211 68 607 158 68 170
85 359
241 85 359 68 19 85 359
283 68 607 158 68 189 68 5 189 68 170 108
406 158 240
85 503 189
43 158 68 85 68 431 68 241 68 339 68 397 68 19 85 68 64 211 108
430 85 4 240
321 68 607 158 68 5 189 68 170 299 68 189 68 247
283 68 82 68 607 158 68 339 68 397 68 607 158
189 68 607 479 68 397 68 397 68 158 108 68 241 68 241 68 64 211 108 68 241 68 5 189 68 397 68 397 68 397 68 5 189 68 5 189 68 5 189 68 5 189 68 5 189 68 5 189 68 158 108 68 5 189 108 68 5 189 68 189
339 551 68 158 108 68 87 68 87
170 68 607 158 68 607 158 68 5 189 108
397 68 64 211 108
197 86 68 241 68 241 194 543
339 68 550 501 68 569 68 85 359 68 158 108 68 607 158 68 607 158 68 607 158
564 68 189 68 347 158 118 108
197 85 85
501 85 365 430 199 68 397
503 158 108 68 158 108 68 189 68 54 86 68 189
651 123 68 517 68 189 68 517 68 397 68 397 68 189
85 299 149 389 158 85 359
222 85 222 85 359 389 158 108
607 158 68 339 68 397 68 397 68 19 85 68 189 68 189 68 64 211 108
189 68 158 108 68 607 158 68 397 68 569 68 569 108
5 68 365 430 68 569 68 19 85 68 19 85 68 5 68 19 85 68 189 68 19 85 359
5 68 81 68 569 68 569 68 253 359 68 189 266 50
64 211 108 68 339 68 241 68 241 68 640 68 638 68 430 199
607 158 68 550 501 68 397 68 430 68 253 68 321 247 68 640 68 261 86 68 5 68 5 68 189 68 189 68 5 189 68 5 189 241 430 199
426 569 68 64 211
405 85
189 68 617 68 397 68 517 68 517 68 397 68 397 68 397 68 569 68 85 611 51 86 163 68 5 189 68 397 68 397 68 5 189 108
651 85 68 79 155
189 68 339 68 397 68 85 359 68 339 68 569 68 569
189 68 607 158 68 430 68 370 68 43 158 68 43 158
189 68 158 108 68 640 68 43 158 68 43 158 68 397 68 331
189 68 405 199 108 68 517 359 68 611 189 266 50
569 68 550 501 68 189 68 390 569 68 417
189 68 527 68 569 68 569 68 501 68 406 158 68 43 158 68 64 211 108 68 517 68 517 68 43 158 68 43 158 68 43 158 68 43 158 68 43 158 68 64 211 108 68 517 68 43 158 68 64 211 108 68 64 211 108 68 64 211 68 64 211 108 68 517
288
564 68 370 68 81 68 241 68 241 68 19 85 68 19 85 68 19 85 68 19 85 68 405 108
5 68 527 68 607 158 68 607 158 68 81
189 68 247 68 189 68 189 68 607 158 68 189 68 390 569 68 189
87 68 617 149 68 607 158 68 607 158 68 607 155
611 163 68 550 501 68 5 68 569 68 136 479 68 339 68 339 68 389 339
503 158 108 68 81 68 569 68 85 359
359 389 339 359
70 158
354 68 189 68 569 68 569 68 365 430 199
283 68 19 85 359 68 397 68 397 170 108
527 68 517 68 517 68 569 68 517 359 68 517
258 68 5 189 68 211 68 211 155
5 68 569 68 64 211 108 68 406 155 149 68 517 68 19 85 68 19 85
569 68 517 68 170 108 68 397 68 397 68 397
4 64 211
569 68 19 85 68 397 68 430 199 68 430 199 68 430 199
5 108 68 241 68 240 211 108 68 240 211 108 68 19 85 68 153 189 108
339 551 68 527 359
189 68 517 68 158 108 68 5 189 68 339
261 86 68 245 449 68 607 158 68 5 189 68 85 359
189 68 82 152
569 68 430
321 247 68 189 68 617
5 189 68 136 479
283 68 82 68 517 68 517 68 569 68 640 68 569 68 64 211 108
87 68 550 85 68 635 189 68 87 68 87 68 405 68 189
5 68 527 68 607 158 68 19 85 68 241 68 189 68 241 68 397
189 68 527 68 81 68 405 108
5 68 237 108 68 124 68 550 158 108 68 189 68 189
197 85 85
569 68 136 479 68 189 68 607 158 68 19 85
189 68 136 479 68 5 189 68 241 68 321 247 68 241 68 430
231 51 86 68 81 68 189 68 390 68 64 211 108 68 189 68 64 211 108
153 68 607 158 68 197 86 68 245 449
149 389 339 68 170
79 359
64 211 108 68 339 68 241 68 241 68 640 68 19 85
189 68 241 68 397 68 397 68 569 68 517 68 517 85 68 64 211 108
283 68 339 68 158 108 68 158 108 68 19 85 68 607 158 68 70 158
543 85 170 108
87 449
261 86
189
261 86 68 87 68 564
189 68 607 68 397 68 253 68 253 359
189 68 479 68 93 51 86 68 430 68 430 199 68 430 199
189 68 517 68 517 85 68 19 85 68 397 68 43 158 118 68 85 359
189 68 527 359 68 569 68 430 199 68 64 211 108
261 86 68 517 68 81 68 189 68 189 68 189 68 189
136 479
283 68 158 108 68 569 68 569 68 213 194 543 68 430 68 430 68 430 68 430 299
503 158 108
501 85 447 189 68 517 68 517 359
607 479 149 389 149
189 68 247 85 68 397 68 170 108
189 389 85 359 389 158 359 68 211 471 211
51 86 68 124
347 158
64 211 108 68 19 85 68 19 85 68 19 85 68 19 85 68 569 68 19 85 68 43 158 68 64 211 108
64 211 108 68 430 68 607 158 68 189 68 189 68 85 68 64 211 108
447 430
611 163 68 550 501 68 19 85 68 19 85 68 19 85 68 85 68 19 85 68 19 85 359 68 19 85 359 68 397 68 19 85 359 68 5 189 68 5 189 68 158 118 68 19 85 359 68 158 118 68 158 108 68 5 189 68 5 189 68 5 189 68 607 158 108 68 5 189 68 607 155 149 550 158 149 550 158 543 550 501 68 607 479 68 607 158 543 43 158 108 68 607 479 68 607 479 68 607
189 68 430 68 527 359 68 607 158 68 64 211 108
607 158 68 85 152 389 158 108 68 339 68 189 68 189
43 158 290
261 86 68 245 449 68 569 68 640 68 640
158 155
4 240 68 85 68 85 347 158 118
261 86 68 370 68 5 68 390 68 253 68 189 68 611 189 68 611 51 86
189 68 136 479 68 517 68 569 68 430 149 68 430 68 607 158 68 569 68 189 68 517
85 4 149 68 430 68 430 68 607 158 68 430 199
430 299 68 85 359 389 85
283 68 527 68 569 68 569 68 85 68 569 68 405 108 68 153 189 108
189 68 258 68 258 68 189 68 365 430 199 68 397 68 397 68 64 211 108
405 68 241 68 158 108 68 5 189
189 68 607 158 68 189 68 397 68 158 108 68 19 85 359 68 158 108
593 163 68 430 68 189 68 569 68 517 68 19 85 68 19 85 68 569 68 19 85 68 640
607 158 68 81 68 5 68 405 85 4 108 68 640 68 640
430 199 68 189
43 158 68 577 68 189 68 430 199 68 201 258
607 158 68 54 86 68 359 68 347 158
397 68 397 68 253
406 430 68 87 449
607 479 68 136 479 68 5 189 68 430
189 68 569 68 241 68 189 68 189 550 158 189
258 258 258
189 68 370 68 288 68 527 359 68 397 68 397 68 339
261 86 68 569 68 569 68 85 365 430 199 68 85 68 64 211 108
87 68 81 68 81 68 189 68 170 108
569 108 68 430 68 430 68 19 85 68 189 68 189 68 331 487 359 68 85 359 68 19 85 359 68 189 68 397 68 189 241 359 68 19 85 359 68 19 85 359 68 19 85 359 68 158 118 68 158 118 68 189 68 158 108 68 19 85 359
607 158 68 158 85 359 68 85 359 503 158 108
607 158 68 397 68 569 68 189 68 189 68 397 68 43 158 68 64 211 108
43 158 68 54 86 68 197 86
189 68 339 68 339 68 569 68 569 68 430 199
607 158 68 81 68 569 68 543 51 86 68 237 108 68 397 68 617 149 68 189 68 5 189 68 189 68 189
261 86 68 527 68 569 68 19 85
5 68 81 68 81 68 569 68 517 68 405 199 68 517 118
5 68 82 68 607 50 68 406 155 68 43 158 68 43 158 68 397
288 68 86 68 86 149 68 189 68 617 68 189 68 607 479 68 189 68 389 339 68 550 501 68 189 68 189 68 397 68 397 68 397 68 397 68 397 68 397 68 397 68 397 68 397 68 189 68 189 68 189 68 189 68 64 211 155 149 550 158 108 68 189 149 550 158 108 68 189 149 550 158 108 68 607 158 149 550 501 68 321 247 479 240 211 199 149 68 189 68 607 155 149 68 607 479 240 299
569 68 406 501 68 517 85 68 430 199 68 397 68 397
447 158 178
211 85 359
406 158 68 189 68 397 68 189 68 569 68 569 85 359
569 68 370 68 70 158 68 201 258 68 397 68 43 158
189 68 569 68 81 68 5 189 68 397 68 389 339
321 247
189 68 54 86 68 189 68 397 68 295 149 68 5 68 5 68 397 68 241 68 5 189 68 397 68 5 189 68 397 68 5 189 68 5 189 68 5 189 68 5 189 68 5 189 68 5 189 68 5 189 68 5 189 68 5 189 68 5 189
231 240
5 68 237 108 68 569 68 85 152 68 550 158 118 68 397 68 64 211
211 85 359 68 258 258 85 359
430 299
607 158 68 339 68 397 68 397 68 397 68 64 211 68 64 211 108 68 64 211 108
569 68 64 211 108 68 158 108 68 240 211 108
64 211 68 527 68 517 68 569 68 85
201 258 82
321 68 5 68 81 68 189 68 241 68 241 68 241 68 241 68 397 68 241 68 43 158 68 43 158 68 241 68 397 68 43 158 68 43 158 68 397 68 397 68 5 189 68 241 68 241 68 640 68 189 68 189 68 43 158 68 43 158 68 5 189 68 189 68 189 68 189 68 189 68 189 68 189 68 189 68 43 158 68 43 158 68 43 158 189 68 43 158 68 43 158 68 43 158 68 43 158 68
261 86 68 517 149
283 68 607 479 68 189 68 241 68 43 158 68 189 68 189 68 611 189
43 158 85
593 163 68 189 68 189 68 189
240 389 158
64 211 108 68 517 149 68 517
503 189 68 87 68 5 189 68 517
611 118
189 68 607 479 68 397 68 189 68 640 68 640 68 5 189 68 550 158 108
283
611 189 68 158 108 68 397 68 389 158 108 68 43 158 68 64 211 108 68 85 68 85
339 68 550 158
189 68 550 158 543 68 158 543 68 430 68 430 199
189 85 299 611 189
158 108 85 123
389 85 359 389 158 189 68 241 359 68 241 359
5 189 266 50
611 163 68 503 158 68 397 68 397 68 569 68 339
503 189 68 607 479 68 189 68 189 68 406 158 68 189
189 68 136 158 108 68 640
85 5 189 68 405 85 359 68 569 68 430 359
283 68 527 68 607 158 68 85 152 68 390 68 430 199
569 108 68 501 85 152
283 68 339 68 503 158 108 68 189 68 189 68 43 158 108
261 86 68 517 149
611 149
569 108 68 430 68 158 108 68 79 158 108
503 158 108 68 81 68 569 68 517 623 68 517 118
261 86 68 607 158 68 81 68 85 68 43 158 68 64 211
43 158 68 550 501 68 397 68 124 68 321 247
64 211 108 68 189 68 607 158 68 43 158 68 43 158 68 85 359 389 85 359
43 155
231 240
527 68 607 158 68 550 501 85 68 85 68 446 82 68 85 68 640 68 85 4 240
189 68 64 211 68 189 68 189 68 253 569 68 405 108
54 86 68 607 158 68 189 68 43 158 68 406 155
397 68 527 68 607 158 68 158 108 68 640 68 5 189
321 68 607 68 189 68 5 189 68 611 189 68 397 68 607 158 68 397 68 397 68 5 189 68 397 68 397 68 397
189 68 87 68 253 68 189 550 487 149
607 158 68 19 85 68 19 85 68 430 199
517 211 543
607 479 68 339 68 189 68 189 68 406 158 68 201 258 68 331 149
607 479 68 527 68 261 86 68 569 68 569 68 136 479 68 569 68 569 68 569 68 136 479
283 68 158 108 68 158 108 68 241 68 241 68 189 68 241 359 389 85 359 68 241 359
261 86 68 158 108 68 397 68 54 86 68 189 68 241 68 397 68 189 68 321 247
79 158 108 149
397 68 54 86
149 389 85 68 569 68 158 108
564 359
611 68 64 211
527 68 85 68 85 359 68 189 68 397
189 68 189 68 527 359 68 370 68 5 68 397 68 397
197 86 68 405 68 189 68 201 258 68 517 68 517 68 211 68 64 211 108
593 163 68 405 68 189 68 406 158 68 43 158 68 85 359 68 64 211 108 68 43 158 68 43 158 68 189
43 158 240
607 158 68 70 158
43 158 68 550 158 189
607 158 68 527
189 68 430 68 124 68 85 359 68 85 359
43 158 68 43 158 68 19 85 68 5 189 68 321 247
43 158 178
397 68 19 85 359 389 158 118
153 108 68 527 68 569 68 43 158 68 43 158 68 85 68 43 158 68 85 4 563 158
651 123
283 68 607 158 68 189 68 527 359 68 607 158 68 569 68 569 68 64 211 68 503 158 68 503 158 68 503 158 68 503 158 68 430 68 430 68 503 158 118
211 68 405 68 405 68 189 68 237 108 68 189 68 189
569 68 339 68 158 108 68 19 85 68 19 85 68 5 189 68 19 85
607 158 85 359 85 359
283 68 136 158
43 158 68 237 4 149 68 158 108
5 68 365 430 68 569 68 569 68 430 199
49 551 68 240 211 68 543 211 108
607 158 68 397 68 397 68 170 68 170 108 68 397 68 241
158 85 152
189 68 430 299 68 397 68 397 68 136 479 68 136 479
189 68 43 158 68 43 158 68 43 158 68 611 74
189 68 527 68 405 68 405 199 108
543 389 85 68 189 68 189 68 50 68 640 68 241 68 569 68 569 68 569 68 241 359
430 199 68 64 211 108
261 86 68 527 359
197 85 85
577 68 241
87 68 527 68 607 158 68 593 89 158 68 397 68 397 68 85 68 85 152
51 86 68 607 50 68 241 149
189 550 501 68 339 68 19 85 359 68 569 68 85 359
593 163 68 550 501 68 397 68 397 68 640 68 19 85 68 569 68 64 211 108 68 85 68 517 85 359 68 640 68 640 68 640 68 5 108
51 86
79 359
189 68 158 108 68 85 152 68 569 68 19 85 359
527 68 261 86 68 87 68 607 158 68 365 430 199
406 189 266 158
321 247 68 607 158 68 85 152 68 397 68 85 359
527 68 564 68 607 158 68 189 68 347 158
607 158 68 339 68 85 359 550 158 108 68 517 118
211 543 51 213
189 68 124 68 189 68 241 68 241 85 4 149
189 68 19 85 68 85 68 617 149 68 607 158 68 70 158
240 211 82
321 247 108
607 158 68 158 68 240 68 241 68 241 68 5 108
611 359
189 68 158 108 68 85 152 68 517 258 68 517 258 149
611 189 85 359
87 68 189 68 64 211 108 68 64 211 108 68 19 85 68 339 68 64 211 108 68 607 158 68 5 189 68 222 68 64 211 108 68 5 189 68 5 189 68 211 108
593 163 68 54 86 68 241 68 640
86 163 68 617 149 68 397 68 136 479
189 68 85 152 68 158 108 68 64 211 68 19 68 19
189 108
607 158 68 5 68 607 158 68 430 68 430
543 85 170 108
406 158 118
189 68 446 82 68 85 68 569 68 64 211 68 189 68 405 68 64 211 108
283 68 5 68 397 68 569 68 85 347 501 85 359 68 85 359 68 85 359 389 158 118
189 68 85 4 240 68 158 108 68 430 68 19 85 68 339 68 158 108
189 68 607 158 68 430 359 68 339
85 241
5 68 365 430 68 19 85 68 189 68 43 158 118 68 611 189 68 85
593 163 68 64 211 108
189 68 527 68 70 158 68 19 85 68 19 85 68 85
189 68 607 479 68 189 68 158 108 68 149 68 390 569 68 390 569 68 246 68 189
607 158 68 70 158
79 158 108 68 158 108 68 237 643 85
517 258 149
288 68 189 68 158 85 359 389 158 359
189 68 593 163 68 189 68 158 240 68 19 85 68 19 85 68 569 68 19 85 68 19 85 359
258 85 123
79 158 108
283 68 527 68 152 68 390 68 189 68 331
569 68 240 51 570 389 158 108 68 189 68 189 68 189 68 189 68 189 68 189 68 331 487 359 389 85 359
611 163 68 189 68 189 68 569 68 43 158 68 240 211 68 85 68 64 211 108 68 240 211 108 68 241 68 241 68 43 158 108 68 241 430 149 68 241 68 241 149 550 158 149 68 241 68 5 189 68 19 85 68 5 189 149 68 241 68 331 149
189 68 81 68 189 68 617
43 158 68 189 68 347 158 68 339 68 64 211 108
564 68 370 68 5 68 397 68 397 68 569 68 85 359 68 64 211 108
406 501 68 189 68 406 158 189 68 611 189
189 149 550 158 108 68 43 158 68 43 158 68 43 158
213 194 543
503 158 108 68 607 158 68 189 68 390 68 430 199 85 152
577 68 19
397 68 550 158 213
531 149 643 359 68 517 85 359
85 4 85 359
189 68 124 68 170 108 68 85 136 479 68 569 68 569 68 85 359
531 85 359
85 4 64 211
189 68 405 68 430 68 189 68 79 359 68 189
5 68 527 68 607 68 189 68 189 68 43 158 68 43 158 68 527 359 68 189 68 527 359 68 189 68 189 68 189 68 189 68 397 68 5 189 68 397 68 5 189 68 640 68 640 68 43 158 68 189 68 189 68 640 68 5 189 68 5 189 68 189 68 189 68 5 189 68 189 68 189 68 189 68 189 68 189 68 5 189 68 43 158 68 43 158 68 43 158 68 189 68 189 68 189 68 5 189
189 68 569 108 68 158 108 68 339 68 211 543
43 158 68 136 479
43 158 68 158 108 68 81 68 261 86 68 261 86 68 397 68 261 86 68 261 86
569 108 68 501 85 152
189 68 64 211 68 189 68 607 158 68 253 68 189 68 189 68 189
611 163 68 43 158 68 43 158 68 43 158 68 189 68 70 158 68 389 158 68 70 158
43 430 299
611 51 86 359
43 158 68 642 211 68 543 211 108
87 68 405 108 68 19 68 503 158 68 87 68 321 247
283 68 5 68 397 68 550 158 189 68 339
5 68 81 68 64 211
5 68 607 68 607 158 68 397 68 397 68 43 158 68 331 487 359 68 189 68 19 85 359 68 189 68 189 68 397 68 5 189 68 5 189 68 5 189 68 5 189 68 5 189 68 5 189 68 5 189 68 158 108 68 5 189 68 5 189 68 5 189 68 189 68 607 158 189 68 607 158 189 68 607 158 149 550 158 189 68 607 158 189 68 607 158 543 276 85 68 607 50 68 607 158 68 5 189
397 68 241 68 640
5 68 237 108 68 189 68 331 487 359
5 258 85 68 405 108 68 405 108
611 163 68 189 68 189 68 50 68 253
569 68 81 68 81 68 189 68 253 68 189 68 189
241 149 550 158 108
158 68 527 68 81 68 189 68 54 86
189 68 85 197 86 68 85 68 569 68 19 68 19 68 339 68 569 68 569 68 517 68 64 211 108 68 136 479
261 86 68 517 68 158 108 68 19 85 68 189 68 241 68 189 68 189 68 241 68 241 68 241 68 241 359
430 108
607 158 68 569 68 85
503 189 68 5 68 569 68 569 68 517 68 517 68 189 68 517
189 68 593 163 68 158 108 68 430 199 85 359 389 158 118
611 51 85
43 158 85 4 149
370 68 5 68 81
64 211 108 68 189 68 70 158 68 70 158 68 607 158 118
283
261 86 68 81 68 85 152
189 68 550 158 68 593 163 68 189 68 347 158
241 68 569 68 158 108 68 5 68 253 68 253 68 397 68 397 68 261 86 68 607 158 68 397 68 189 68 397 68 397 68 5 68 5 68 5 68 5 68 5 68 5 189 68 5 189 68 5 68 5 68 5 68 5 68 5 189 68 640 68 640 68 640 68 5 189 108 68 405 108 68 607 158 108 68 607 158 108 68 640 68 640 68 607 158 108 68 43 158 68 607 50 68 640 68 640 68 640
197 86 68 640
5 68 527 68 607 158 68 19 85 68 430 68 390 68 607 50
189 68 569 68 569 68 569 108
201 240 222 85 359 389 222
85 359 389 85
283 68 5 68 405 199
5 189 68 124 68 241 68 640
189 68 593 163 68 189 68 331 430 199 68 189 68 189 68 331
4 258 258 189
64 211 108 68 5 68 397 68 397 68 397
158 68 527 68 81 68 189 68 54 86
5 68 331 149 68 189 68 189 68 201 258 68 253 68 85
397 68 19 85 359
503 189 68 197 86 68 569 68 430 68 405 68 405 108 68 430 68 569 68 85 4 563 158 108
189 68 165 68 339
527 68 517 68 517 68 569 68 517 359 68 517
651 123 68 241 68 241 68 241 68 241 68 241 68 85
611 163 68 189 68 189 68 390 569 68 430 199
503 158 108 68 189 68 201 258 68 19 85 359 68 5 189
158 211 543 211 543
569 108 68 487 359 68 189 68 189 68 189 68 189
5 68 237 108 68 339 68 397 68 397 68 241 68 241 68 158 108
611 163 68 19 68 19 85 68 339 68 189 68 189 68 189
321 68 569 68 81
430 85 359 389 85
64 211 108 68 569 68 64 211 108
503 158 108
19 152 68 237 108 68 241 68 339 68 397 68 517 68 611 74
406 501
569 68 245 449 68 397 68 5 68 569 68 569 68 569 68 569 68 569 68 569 68 569 68 569 68 569 68 569 68 569 68 569 68 241 430 241 430 68 569 68 397 68 397 68 19 85 359 68 158 108 68 158 108 68 19 85 68 640 68 640 68 640 68 5 189 68 5 189 68 640 68 5 189 68 5 189 68 607 479 240 550 158 240 211 240 211 543 68 19 240 299 68 43 158 108 68 569 68
261 86 68 124 68 5 68 189 68 569 68 136 479
189 68 517 68 43 158 68 397 68 517 68 517 68 517 68 517 68 517
64 211 108 68 5 68 397 68 397 68 43 158 68 158 68 158 68 389 158 68 5 189 68 503 189 68 189 68 397 68 5 189 68 430
43 158 68 517 68 19 85 68 19 85 68 43 158
189 68 543 68 189 68 189 68 54 86 68 170 108
593 89
569 108 68 70 158 149
607 158 68 569 68 85 359 68 189
189 68 405 68 543 51 86 68 397 68 397 68 397 68 397 68 397 68 397
211 85 359 68 517 85
19 85 359
354 551
153 189 68 237
54 86 85 365 430
503 158 108
189 68 593 163 68 85 152 68 569 68 85 152 68 19 85 68 569 68 85 68 19 85 68 19 85 359
430 199
5 68 569 68 64 211 108 68 211 68 43 158 68 569 68 389 339
85 550 158 543
550 158 359 68 347 158
564
397 108
189 68 240 211 68 503 158 108 68 87 68 397 68 397
405 108 68 189 68 81
569 68 70 158 68 189 68 201 258 68 390 569 68 85 359 68 85 359 68 5 108
197 86 68 640
611 189 68 158 108 68 397 68 389 158 108 68 43 158 68 64 211 108 68 85 68 85
19 85 359
211 68 136 479 68 158 108 68 211 108 68 19 85 68 19 85
5 68 237 108 68 339 68 19 85 68 19 85 68 85 68 19 85 68 85
201 85 359 258 85
550 158 213
283 68 124 68 124 68 189 68 253
406 155 68 189 68 397
197 86 68 640 68 189 68 189 68 397 68 397 68 397 68 397 68 397
5 189
397 68 607 158 68 430
189 68 607 158 68 607 158 68 550 501 68 81 68 189 68 153 189
283 68 189 68 189 68 607 158 68 5
564 68 339 68 550 501 68 397 68 397 68 241 68 189 68 569 68 640 68 189 68 189 68 189 241 68 189 68 640 68 640 68 241 430 68 5 189 241 430
189 68 577 68 189 68 241 68 241 68 640
189 68 569 108 68 253 359 68 170 299 68 170 108
389 149 68 149 550 85
19 152 68 237 149
261 86 163
430 85 4 85
158 85 64 211
189 68 124 68 607 158 68 5 189 68 607 479 68 43 158 68 43 158 68 189
503 158 108
153 108 68 430 68 430 68 189 68 189 68 189 68 397 68 331 487 359
503 189 68 5 68 81 68 189 68 241 68 241 68 189 266 158 118
501 85 68 550 501 68 5 108 68 213 194 213
593 149 68 642 211 68 607 158 68 389 158 68 397 68 5 68 64 211 108 68 5 189 68 503 158 108 68 397 68 389 158 108 68 5 189 68 5 68 5 189 68 5 189 68 5 189 68 5 189 68 158 108 68 5 189 108 68 5 189 108
406 430 149
64 211 108 68 5 189 68 607 158 68 136 479 68 430 68 430 68 517
517 85 359 389 158 85
611 163 68 503 158 68 405 68 5 108 68 405 68 405 108 68 405 68 405 108
406 155 194 68 64 211 108
211 222
330 163 68 189 68 5
593 163 68 611 189 68 638 68 5 189 68 397 68 397 68 211 68 211 240 211 240 211 543 211 543
79 359 389 339
321 68 189 68 527 359 68 607 158 68 81 68 5 68 405 85
64 211 108 68 19 85 68 19 85 68 19
611 189 85
51 479 68 517 68 550 155
397 68 405 199
5 211 543
64 211 108 68 211 543 68 430 68 430 68 430 68 607 158 68 430 68 405 68 550 158 118
158 85 4 85 68 211 222
85 430 68 527 68 158 108 68 158 108
189 611 288 359
503 189 68 189 68 569 68 170 108 68 170 152
87 449
261 86
79 359 68 189 68 642 211
189 68 189 68 253 359 68 397
189 68 607 479 68 397 68 43 158 68 43 158 68 43 158 68 617 149
406 155 194 108
261 86 68 245 449 68 569 68 85 359 68 85 4 108
564 68 607 68 5 189 68 253 68 253
153 108 68 430 68 189 68 347 501 68 397 68 241 68 241 68 397 68 241 68 241
611 163 68 93 389 158 189 68 611 189 68 430 149
389 19 85
651 123 68 517 68 517 85
189 68 569 108 68 253 359 68 569 68 397 68 189 266 50 68 569 68 189 85
593 163 68 550 501 85 68 189 68 569 68 189 68 85 359 68 569 68 189 68 240 211 247
564 68 339 68 347 158 118 68 85 68 19 85 68 5 189 68 158 108
607 158 623
405 108 68 170 108 68 607 68 607 158 68 253
593 163 68 550 501 68 569
405 108 68 158 108 68 64 211 68 5 68 5 68 607 158 68 189 68 189 68 5 189 68 5 189 68 189 68 5 189 68 5 189 108
189 68 158 108 68 158 108
189 68 607 479 68 189 68 189 68 607 158 68 607 158 68 607 158 68 189 68 189
283 68 158 108 68 569 68 569 68 85 347 158 118 68 331 487 359 68 85 359 68 189 68 189 68 189 68 397 68 397 68 397 68 397 68 397 68 397 68 397
405 68 70 158
261 86 68 253 68 569 68 569 108
503 158 108 68 81 68 569 68 430 299 68 430 299
503 158 108 68 607 158 68 189 68 406 155 68 607 158 68 617 68 189 68 617
201 85 359 68 158 108 68 430 199
211 85 299
79 359
189 68 54 86 68 189 68 397 68 397 68 241 194 85
283 68 5 68 397 68 339 68 397 68 397 68 397 68 397 68 397 68 569 68 241 430 299
339 551 68 158 108 68 397 68 70 158
261 86 68 245 449 68 569 68 569 68 253
258 189
501 85 222 85
87 68 124
321 503 158
189 68 405 68 543 211 68 397 68 397 68 397
607 158 68 158 68 64 211 68 43 158 68 64 211
406 158 118
569 108 68 189 68 253 68 397 68 543 68 569 68 19 85 68 64 211 108
43 158 68 85 359 68 253 68 253
5 68 237 4 68 517 68 19 85 68 517 118 68 517
85 266 50
87 85
189 68 241 68 5 189 68 569 68 189 68 189 68 189 68 189
189
593 89 487
389 339 359 389 339
321 240 68 85 68 370 68 370 68 5 68 81
64 211 108 68 569 68 85 68 93 51 86 68 64 211 68 64 211 108
570 389 158 149 68 241 68 86 85
527 68 607 158 68 189 68 170 108 68 397 68 397 68 64 211 108
43 158 68 397 68 397 68 222 68 136 479
5 68 527 68 607 158 68 607 158 68 550 158 68 607 158
189 68 607 158 68 331 68 331 158 108 68 19 85
211 543
213 194
261 158 68 240 68 240
189 68 124 68 189 68 241 68 158 108 68 397 68 397 68 339 68 85 359 68 5 189 68 5 189 68 5 189 68 397 68 5 189 241 430 199
339 68 397 68 569
197 86
54 86 68 158 108 68 19 85 68 607 158 118
189 68 240 211 68 189 68 331
564 68 607 158 68 189 68 430 68 430 68 569
569 68 550 158 68 430 68 43 158 68 43 158
64 211 108 68 550 501 68 85 68 85 68 397 68 397
189 68 607 158 68 189 68 397 68 158 108 68 19 85 359 389 158 108
611 163 68 189 68 189 68 406 501
543 389 85
43 158 68 79 158 108 68 19 85 68 19 85
189 266 50 68 189 68 136 479
189 68 85 152 68 607 158 68 577 68 43 158 68 43 158 68 64 211 68 64 211 68 43 158 68 43 158 68 64 211 108 68 43 158 68 64 211 108 68 158 68 397 68 43 158 68 158 68 158 68 158 68 158 68 64 211 108
43 158 68 550 158 189
189 68 607 479 68 569 68 85 4 258 149 68 430 68 430 68 64 211 108
189 643 359 68 640
5 258 258
43 155 211
406 158 240
543 211 471 211 68 640
189 68 5 68 543 68 397 68 397 68 397 68 397 68 136 479
569 68 527 68 527 68 517 85
569 68 240 51 570 389 85 68 189 68 189
607 158 68 430 68 390 68 189 68 617 68 64 211
283 68 245 449 68 158 108
607 158 68 81 68 189 149
5 68 237 86 68 503 189 68 170 108 68 170 299
261 86 68 124
258 611 299
5 68 241 68 189 68 189 68 241 68 397 68 569 68 241 68 569 68 569 68 241 359
158 155
261 86 68 85 68 19 85 68 19 85 359
189 266 158 118
261 86 68 5 68 64 211
4 240
550 158 85 199 85
569 108 68 197 86 68 543 68 405 68 405 68 64 211
593 163 68 189 68 611 189 68 611 189 68 241 68 241 359 389 158 118
5 68 237 86 68 607 68 397 68 550 501 68 397 68 607 158 68 397 68 397 68 397 68 397 68 397 68 397 68 397 68 397 68 5 189 68 397 68 397 68 397 68 397 68 397 68 397 68 397 68 5 189 68 5 189 149 68 5 189 68 617 149
321 569 68 507 258 85
635 149
86 163 68 617 149 68 189 68 43 158 68 19 85 68 19 85 68 19 85 68 517
261 86 68 245 449
19 68 430 68 607 158 68 5 68 189
397 68 85 4 85 4
5 68 527 68 607 158 68 81 68 189 68 201 258 68 189 68 261 86 85
503 189 108
189 68 517 258 85 68 569 68 569 68 569 108
197 86
43 158 68 189 68 569 68 569 68 4 478 68 85 4 108
607 479 68 189 68 339 68 517 68 19 85 68 19 85
527 68 258 68 81 68 85
51 86 163 68 189 68 241 149
527 359
87 449 68 240 68 85 68 189 68 397 68 189 68 397 68 64 211 108
86 163 68 617 68 189 68 397 68 517 68 517 68 569 68 569 68 517
321 27
5 68 527 68 607 158 68 19 85 68 397 68 397 68 397 68 397 68 397 68 397 68 550 158 108 68 397 68 397 68 397 68 397 68 5 189 68 397 68 569 68 158 108 68 397 68 189 68 158 108 68 189 68 189 68 5 189 68 5 189 68 189 68 189 68 189 68 189 68 189 68 607 158 108 68 607 158 189 68 593 89 158 189 68 607 158 189 68 189 68 607 50 68 5 189 68 5 189
170 152
276 85 359
43 158 68 189 68 189 266 50
593 163 68 189 266 158 68 158 118 68 158 118 68 43 158 68 64 211 108
405 108
390 68 189 68 607 479 68 550 501 68 365 430 199 85 359
501 85 406 158 68 258 68 64 211 108 68 569 68 569 68 339 68 64 211 108
54 86 68 189 68 189 68 354
189 68 158 543 68 405 199 85 359
153 68 430 68 253 68 405 68 569 68 503 158 118 68 189 68 64 211
170 152 68 124
85 359 389 240
85 359 222 85 359
569 68 642 211 68 158 68 339 68 503 158
149 389 85 359 389 158 118
607 158 68 430 68 430 68 201 258 68 201 258 68 611 189 68 611 189
43 158 68 527 68 158 108 68 19 85 68 5 189 68 158 108 68 19 85 68 5 189
569 68 170 299 68 189 68 189 68 397 68 640 68 640 68 640
87 68 87 68 283 68 607 158 68 527 359 68 607 50 68 189 68 189 68 189
261 86 68 124 68 170 108 68 607 158 68 397 68 43 158 68 64 211 68 43 158 68 43 158 68 43 158 68 397 68 64 211 108 68 43 158 68 397 68 397 68 397 68 397 68 397 68 64 211 108 68 158 68 64 211 108 68 43 158 68 86 68 86 189 68 86
189 68 607 50 68 569 68 365 430 199
189 68 240 211 85 359
501 85 365 430 199 85 359
51 86 68 87 152
389 19
261 86 68 43 158 68 158 108 68 503 189 68 569 68 64 211 108 68 64 211 108
339 551
5 68 237 149 68 149 68 158 108 68 5 189 68 607 158 68 70 158
43 158 68 570 389 158 189
564 68 189 68 347 158 118 108
170 108 68 569 68 569 68 189 68 189 68 189 68 189 68 189 68 189 68 189
64 211 68 64 211
503 158 359
5 211 543 68 64 211
283 68 607 158 68 527 68 607 158 68 189 68 19 85 68 339 68 550 158 68 397 68 5 189 68 5 189 68 397 68 397 68 5 189 68 5 189 68 5 189 68 397 68 5 189 68 5 189 68 158 108 68 158 108 68 5 189 68 86
231 240
611 163 68 189 68 189 68 321 247
503 158 108 68 81 68 569 68 64 211 108 68 43 158 68 43 158 68 43 158
607 158 68 5 189 68 170 68 170 299 68 189 68 331
569 108 68 430 199
189 68 405 199 68 189 68 189 68 331
189 68 405 85 4 74 68 189 68 607 158 68 189 68 617
189 68 607 158 68 241 359 68 201 258 68 43 158 118
339 551
564 68 640 68 189 68 158 108 68 430 199
189 68 550 501 68 158 108 68 158 108 68 43 158 108
607 158 68 550 158
5 68 577 68 569
258 247 118
189 68 5 189 68 339 68 339 68 397 68 397 68 85 359 68 85 359
503 158 108 68 81 68 569 68 19 85 359
543 389 85
211 85 359 68 517 85
405 85 359 503 158
189 68 253 359 68 170 108 68 170 108 68 189 68 331 487 359
258 189
321 247 118
211 85 359 68 241
85 290 51 339
503 158 108 68 607 479 68 189 68 339 68 19 85 68 397 68 19 85 68 85 68 85 359 68 397 68 397 68 397 68 397 68 5 108
503 158 108
5 68 527 68 607 158 68 19 68 241 68 321 247
283 68 507 258 68 64 211
85 5 68 258 108 68 43 158 68 43 158 68 19 68 189 68 64 211 108
85 5 189 68 406 158 543 68 5 189
503 189
321 68 5 68 85 68 43 158 68 43 158 68 430
607 158 68 283 68 189 68 241 68 158 108 68 43 158
43 158 85 4 258 85
189 68 70 189 68 569 68 189 68 617 68 189
347 501
79 487 359
189 68 5 189 68 517 68 517 68 43 158 68 64 211
570 389 85
43 158 68 85 152 68 189 68 189 68 347 158
231 51 86 68 283 68 607 158 68 397 68 397 68 397 68 397 68 397 68 607 158 68 5 189 68 397 68 397 68 397 68 5 189 108
321 247 85 68 569 108
189 68 517 68 517 68 397 68 339 68 158 108
607 50 389 339 68 189 550 487 149 68 390 569
550 158 118 68 607 158 118
43 158 68 64 211 108
258 258 4
189 68 640 68 397 68 397 68 397 68 64 211 108 68 550 501 68 64 211 108
503 158 108 68 189 68 189 68 189
19 85 68 607 158 118
5 149
5 68 54 86 68 397 68 397 68 397 68 253 68 253 68 64 211 108
49 68 5 68 189 68 569 68 569 68 569 68 70 189
189 68 247 68 189 68 430 68 339
189 266 50
283 68 339 68 339
321
276 85 68 517 68 569 68 85 68 430 68 43 158 68 19 85 68 19 85 68 19 85 68 70 158 68 189 68 397 68 43 158 68 158 68 5 189 68 158 68 158
321 240
240 389 158
189 68 593 163 68 569 68 569 68 70 158 68 70 158 68 189
43 158 68 503 189 68 339 68 339
261 86 4 258 85
321 479
86 163 68 617 68 189 68 397 68 136 479 68 607 158 68 5 189 68 189 68 5 189 68 503 189 68 189
189 68 607 68 5 68 241 68 158 108 68 189 68 64 211 108
503 189
283
283 68 170 108 68 617 68 189 68 189 68 189
447 430
79 487 359 68 189 68 569 68 365 430 199 85
430 199
189 85 123
189 68 527 68 406 158 68 189 68 189 68 347 158
283 68 158 108 68 607 158 68 19 85 68 189
261 86 68 288
85 430 550 158 543
231 240
86 163 68 189 68 189 68 389 339 68 517 68 397 68 397 68 389 339
213 194 85
283 68 607 479 68 189 68 241 68 638 68 189 68 189 68 189 68 253
189 68 258 543 68 569 68 569 68 136 479 68 397 68 189
158 108 68 569 108 68 19 85 68 517 118 68 517 118 68 517 118
54 86 68 397 68 569 85
503 158 108
64 211 108 68 19 85
5 68 237 108 68 607 158 68 81 68 189 68 189 68 331 487 359 68 189 68 189 68 189 266 50
283 68 527 68 19 85 68 19 85 68 70 158 108
261 86 68 124
261 86 68 517 68 81 68 569 68 85 68 446 68 85 68 517 85
607 479 68 406 158 108 68 189 68 331 487 359 68 5 189
503 158 108 68 81 68 569 68 569 68 517 68 569 68 136 479
87
611 163 68 569 68 569 68 19 85 68 446 82 68 85 68 517 68 569 68 85 68 517
5 68 527 68 527 68 569 68 430 68 430 299
607 158 85 123 108 68 406 158 108
607 158 85 359 68 85 152 68 642 211
64 211 108 68 5 68 397 68 397 68 43 158 68 607 158 68 158 68 5 189 68 5 189 68 5 189 68 5 189 68 5 189 68 5 189
79 158 108 68 158 108 68 237 643 85
43 158 68 136 479 68 517 359 68 569 68 201 258 189
5 611 85
607 158 68 5 189 68 339 68 339 68 397 68 607 158 68 550 158 68 85 68 189
253
405 19 85 359
607 158 68 339 68 397 68 253 68 397 68 397 68 397
593 163 68 503 158 68 339 68 607 158 68 211
4 258 85 359
189 68 517 178
85 70 158 108 68 149 68 430 149
43 158 68 5 189 68 170
283
405 241
85 359
503 189 68 81 68 397 68 51 86 68 253 68 189 68 397 68 569 68 189 68 189 68 170 299
43 158 68 245 449 68 81 68 189 68 543 389 149 68 189 68 189 149
54 86 68 54 86 68 569 68 85 68 365 430 199
70 158
550 501
85 258 85 359 389 158 118
222 4
189 68 241 68 189 68 189
651 123 68 19 85 68 189 68 201 258 82
283 68 527 68 607 158 108 68 19 85 359 389 158 108 68 70 189 149
19 152 68 607 158 68 189 68 79 158 108 68 189 68 347 158 118
261 86 68 124 68 189 68 607
189 68 607 479 68 569 68 241 430 68 397 68 430 241 430 199
261 86 68 593 89 158 108 68 19 85
283 68 70 158 108
503 158 108 68 261 86 68 189 68 19 85 68 19 85 68 85 68 85 68 85 359
189 68 253 359
607 158 68 241 68 321 240 68 189 68 43 158
51 479 68 64 211 108
527 68 607 158 68 5
85 406 479
261 158 108
283 68 136 158
189 68 240 211 149 68 430 149
189 68 64 211
211 543 550 158 199
189 68 247 85 68 189 550 158 118
189 68 253 68 54 86 68 577 68 569 68 569
564 68 640 68 189 68 158 108 68 430 199
153 68 64 211 108 68 201 258 68 201 258 68 430 68 607 158 68 430 68 430 199
189 68 617 68 397 68 85 4 108 68 5 68 64 211 68 64 211 108
189 68 43 158 68 43 158 68 85 68 43 158 68 85
79 359 68 64 211 108
189 68 527 68 430 68 607 158 68 430 299 211 543
43 158 68 189 68 189 108
189 68 5 189 68 136 479 68 211 68 211 211 211
189 68 240 68 240 211 390 68 189
85 406 158 359
85 4 108 68 266 50
189 68 405 108 68 5 68 390 68 430 199 68 430 199 68 430 199
593 163
405 85 359
283 68 5 68 397 68 339 68 397 68 397 68 397 68 397 68 397 68 569 68 241 430 299
213 211 199
189 68 64 211 108 68 241 68 158 108 68 405 85 68 405 85 68 405 85 4 563 158 108
503 158 108 68 158 108 68 569 68 446 82 152
189 68 240 211 68 201 258 149
85 290 51 339
321 68 607 158 68 5 189 68 170 299 68 189 68 247
240 389 479 68 240 389 240
5 68 189 68 607 68 170 68 397 68 397 68 189 68 189 68 397
503 189 68 527 68 189 68 85 152 68 19 85
406 501 68 189
87 68 5 189 68 569 68 170 108 68 253 68 189 68 331 487 359 68 85
527 68 607 158 68 189 68 201 258 68 389 339
569 68 158 108 68 158 108 68 43 158 68 43 158 118
543 550 158 74
258 611 189 68 640
189 389 85 359 389 85 359
283 68 158 108 68 19 85 68 569 68 85 359
564 68 5 68 569
593 85
593 163 68 550 158 189
153 108 68 5 68 397 68 569
611 163 68 81 68 5 68 397 68 397 68 397
197 149 68 81 68 241
405 108 68 569 68 569
54 86 68 247 68 405 108
240 211 222 476
189 68 86 163 68 189 68 397 68 397 68 85
189 68 82
258 108 68 189 68 617 68 397 68 397 68 397
189 68 617 68 189 68 607 158 68 638 68 43 158 68 189
607 158 68 550 158
5 68 527 68 607 158 68 19 85 68 5 68 85
503 158 359
607 479 68 81
189 68 617 68 569 68 189 68 64 211 108 68 640 68 640 68 569 68 569 68 640
189 68 550 158 68 397 68 85 359 68 211 85 359
158 108 68 527 68 569 68 569
189 68 158 108 68 158 108 68 430 199
405 199
211 155
261 86 68 189 68 189
5 108
19 85 359
189 68 607 158 68 189 68 607 158 68 389 158 68 406 158
5 68 237 4 68 640 68 640 68 638 68 397 68 241 68 569 68 430 149
283
43 158 68 189 68 189
189 68 607 158 68 607 158 68 430 68 607 158 68 43 158 68 43 158 68 189 68 189
339 68 550 501 68 569 68 64 211 68 124
261 86 163
593 163 68 211 240 211 68 607 158 68 5 68 201 258 68 64 211 108
189 68 158 68 607 158 68 5 189
211 68 136 479 68 339 68 397 68 397 68 397 68 397 68 397 68 397 68 397
189 68 64 211 108 68 569 68 569 68 569 68 430 68 611 74 68 569 68 611 189 68 611 74
241 359 389 85 359
611 85 359
19 85 68 85 447 158
405 299
261 86 68 370 68 5 68 237 4 68 640 68 85 68 158 108 68 397 68 19 85
19 152 68 237 108 68 241 68 43 158 68 43 158
189 68 607 158 68 189 68 397 68 201 258 68 201 258 68 397
430 199
261 86 163
189 149 550 158 108 68 43 158 68 43 158 68 43 158
503 189 68 593 163 68 189 68 189 68 517
569 108 68 170 108 68 503 158 68 503 158 108 68 64 211 108
43 158 68 237 108 68 430 68 19 85 68 5 189 68 5 189 68 64 211 108
406 155 194 108
211 108 149
607 479 68 81
5 189
261 86 68 569 68 569 68 85 365 430 199 68 85 68 64 211 108
79 487 359
527
64 211 108 68 577 68 389 339 68 43 158 68 43 158 68 64 211
283 68 5 68 158 108 68 158 108 68 430 149 68 430 299 211 152
261 86 68 370 68 5 68 607 158 68 253 68 189
431 68 517 68 517
153 108
43 158 68 64 211 108 68 517 68 640 68 640
211 258
5 68 365 430 68 253 68 253 68 253 68 569 68 569 68 64 211 108
85 149 68 19 85
64 211 108 68 503 158 108 68 569
64 211 108 68 569 68 64 211 108 68 569 68 85
231 240
4 64 211
211 85 299 611 189
43 158 68 479 68 201 258 68 201 258 68 201 258
5 68 527 68 81 68 70 158 68 607 158 68 397
51 247
79 359 68 64 211 108
85 70 189 68 85 447 158 118
189 68 446 68 85 152 68 189 68 617 68 189 68 607 158 68 64 211 108
261 86 68 517 149
43 158 68 189 68 347 158 108 68 19 85 359
611 163 68 253 68 253 68 569 68 569 68 569 68 253
158 85 359 389 158 543 68 189 68 189 211 543 211 247
189 68 527 68 331
405 199
43 158
149 389 85 68 446 68 124
405 68 405 85 359
189 149 550 158 108
339 68 19 85 359
651 123 68 5 189 68 158 108 68 5 189
405 85 4 258
189 68 245 449 68 158 108 68 430 299
85 607 158 68 201 258 189 266 158
189 68 155 68 81 68 189 68 189 68 405 85 331 487 85
288
261 86 68 607 158 68 43 158 68 430 199
79 487 359
189 68 527 359 68 640 68 617
19 85 68 136 479
170 108
19 85 359
189 68 527 68 593 178
19 152 68 527 68 607 158 68 406 158 68 189 68 189
607 158 68 5 189 68 241 68 189 68 189 68 189 68 331 487 149
501 85 406 158 68 258 68 503 158 108 68 607 158 68 607 158
197 86 68 5 68 189 68 189 68 189 68 347 158 118 68 189
158 108 68 390 68 405 241 68 240 211
283
261 158 85 4
283 68 189 68 189 68 189 68 189 68 170 152
397 415 258 85
397 68 253 68 430 68 64 211
261 86 68 245 449 68 569 68 569 68 253
5 68 237 108 68 607 158 68 189 68 405 199
189 550 487 359
607 479 68 189 68 347 501 68 569 68 189 68 189 68 189 68 64 211
19 79 359 68 397 68 43 158
189 68 253 68 124 68 158 108 68 64 211 108
543 51 570
19 85 68 136 479 68 607 158 68 43 158 68 397 68 5 189
593 163 68 430 68 201 258 68 201 258 68 85 359 68 397 68 85 359 389 85 359
607 479 68 240 68 241 68 240 211 240 68 64 211
19 85 68 430 68 550 501 68 19 85 68 569 68 19 85 68 569 68 64 211 108 68 64 211 108 68 64 211 108
189 68 347 158 108 68 189 68 331 430 199
258 68 607 158 68 607 158 68 189 68 321 247
261 86 68 517 68 45 149 68 607 158 68 550 501 68 550 501
189 68 430 68 607 155 68 189 68 430 68 390 68 189
406 501 152
189 68 247 68 237 108
86 163 68 617 149 68 189 68 405 68 640 68 640 68 640
405 108 68 593 178
283 68 5 189 68 201 258 68 189 68 397 68 607 50
405 241
5 258 258
283 68 158 108 68 158 108 68 158 108 68 189 68 189
189 266 50
189 266 158 118
189 68 607 158 68 19 85 68 331 487 149
569 68 507 258 68 201 258
241 359 389 85 359
283 68 136 158
64 211 108 68 503 158 108 68 158 108 68 19 85 68 331
261 86
607 158 68 347 501 68 211 222
19 85 4
607 158 68 81 68 397 68 211 68 211 68 211 543 211 68 64 211 108
527
321 108
5 68 607 68 607 158 68 640 68 43 158 68 189 68 331 487 359 68 43 158 68 189 68 189 68 189 68 189 108
4 64 211
43 158 68 189 68 85 359 68 189 68 79 487 359
85 406 247 68 19 85 359 211 222
258 68 237 487 149
43 158 68 81 68 81 68 5 189 68 153 189 68 321 247
339 551
189 68 607 158 68 189 68 397 68 5 68 64 211 68 64 211
4 479 68 550 158 543 68 430 199
339 68 607 158 68 5 108 68 405 85 359
261 86 68 189 68 189 68 397 68 397
189 68 158 108 68 85 152 68 331 487 359 68 607 158 68 5 189 68 85
241 359
49 68 245 449
550 158 199
611 85
607 158 68 5 189 68 85 359 68 19 85 68 19 85 359 68 19 85 359
189 68 569 68 569 68 543 68 517 85 68 43 158 68 43 158 68 85
550 501 68 405 359
321 247
189 68 607 50
261 86 68 124
189 211 85
527 68 153 68 569 68 189 68 189 68 189
607 158 68 607 158 68 607 158 68 19 85 359
197 85 359
5 68 237 4 68 607 158 68 158 543 68 397 68 397 68 397 68 85 359 389 85 359 389 158 118
189 68 527 68 43 158 68 241 68 189
189 68 446 68 85 152 68 617 68 569 68 569 68 339 68 339 68 64 211 108
79 430 359
19 152 68 237 149
189 68 288 68 19 68 430 68 430 299
503 158 108 68 81 68 569 68 569 68 517
51 247
197 86
321 240
64 211 108 68 64 211 108 68 339
189 68 85 152 68 550 158 108 68 397
189 68 124 68 158 108 68 19 163 68 189 68 189 211 479
189 68 607 479 68 397 68 397 68 611 501
4 479 68 517
5 189 68 517 68 211 68 211
503 189 68 247 68 397 68 397 68 397 68 397
231 51 86 68 261 86 68 370 68 5 68 397 68 397 68 397
87 108 68 550 158 108 68 569 68 19 85 68 64 211 108
189 68 607 158 68 339 68 397 68 397 68 43 158
43 158 240
64 211 108 68 569 68 397 68 397 68 70 189 68 70 158 68 64 211
607 479 68 397 68 211 68 211 68 503 189 68 569 68 611 189 68 64 211 68 517
397 68 569 68 170 108 68 397 68 397 68 64 211 68 517 68 64 211 68 517
611 51 86 85 359 68 189 68 241 68 241 68 241 68 241 68 241 68 241 68 241
503 158 108
149 389 339 68 211
607 479 68 5 68 397 68 397 68 607 158 68 397 68 397 68 550 158 189
397 415 211 85
64 211 108 68 611 51 339 68 517 68 397 68 607 158 68 5 189 68 389 158 118
19 85 68 241 68 430 149 68 569 68 405 299
87 108 68 5 68 189 68 237 4 68 321 247 68 370 68 261 86 149 68 261 86
607 479 68 5 68 607 158 68 19 85 68 19 85
189 68 607 158 68 189 68 397 68 253 68 189 68 189 68 331 487 359 68 189 68 189 68 189 68 189
261 158 240 68 240 211 85 68 85 152
503 158 108 68 607 158 68 189 68 365 430 199
189 68 607 158 68 189 68 397 68 607 158 68 5 189 68 170 108
241 550 158 68 503 158
406 19 68 241
503 158 108 68 158 108 68 189 68 54 86 68 397 68 397 68 397 68 397
258 258 222
607 479 68 189 68 430 68 430 199 68 253 569 68 85 359
51 86 163 68 64 211 108 68 241
231 240
51 479 68 517 68 550 155
397 68 19 85 359 389 158 118
611 163 68 189 68 517 68 607 155 68 397 68 211
321 68 569 68 64 211
85 359 389 339
5 68 237 108 68 19 85 68 5
389 339
503 158 108
397
87 68 503 158 68 211 68 607 158 68 397 68 19 85 68 339 68 189 68 19 85 359 68 397 68 189 68 189 68 397 68 5 189 241 430 199
261 405 199
569 108 68 365 430 68 397 68 241 68 241 68 241 68 189 68 397 68 241
5 68 237 108 68 569 68 389 339 68 389 339 68 389 339 68 389 339
51 86 68 237
5 189 51 86
405 241 359
607 155 68 81
153 108 68 527 68 85 152 68 85 347 158 118
189 68 607 158 68 237 389 158 68 607 158 68 397 68 397 68 397
153 68 405 68 211 68 607 158 68 397 68 241 68 241 68 241
87 89 479 68 64 211
261 86 68 158 108 68 189 68 189 68 189 68 189
261 86 68 517 149
607 158 68 70 158
261 86 68 527 68 607 158 68 569 68 19 85
189 68 527 68 569 68 19 85 68 158 108 68 241 68 241 68 64 211 108 68 503 189 68 503 189 68 189 68 64 211 108
197 86 68 240 211 68 189 68 339
607 155 149
19 85 359 68 85 4
85 359 389 85
503 158 68 607 158 68 189 68 70 158 68 430
189 68 82 68 19 85 359
569 68 390 68 189 266 50 68 241 68 241 68 430 199 68 85
611 178
564 68 19 85 68 397 68 5 189 68 253 68 241 68 241 68 64 211
5 68 237 108 68 640 68 189 68 19 85 68 19 85 68 189
503 189 68 5 68 241 68 241
231 51 86 68 189 68 189 68 253 68 430 68 430 68 430 68 430 68 430
611 74 68 607 50 68 550 501 68 517
283 68 245 449 68 86 68 86 68 397 68 397
253 68 5 189 68 241
189 68 617 68 397 68 517 68 43 158 68 405 68 405 68 64 211 108
611 288
49 551 550 501
261 86 68 240 211 359 68 189 68 354 551 68 517 118
503 158 108 68 158 108 68 189 68 54 86 68 189
4 258
19 85 68 430 68 64 211 108
170 299
397 85 359 68 347 158 118 85 359
569 108 68 430 68 370 68 607 68 5 68 43 158 68 43 158 68 43 158 68 5 68 397 68 397 68 397 68 43 158 68 43 158 68 5 68 5 68 5 68 5 68 5 189 68 5 189 68 5 68 5 68 5 68 5 189 68 5 189
611 189
283 68 527 68 569 68 241 68 241 430 68 640 68 158 108
189 68 70 158 108 68 517
211 68 577 68 5
43 158 68 64 211
593 163 68 64 211 68 517
189 68 211 543 68 253 68 569 68 19 85 359 68 158 118
5 68 81 68 569 68 241 68 240 299 68 569 68 569 68 569 68 85 359
517 359 389 85 68 19 149
593 163 68 397 68 397 68 189 68 397 68 397 68 339
593 163 68 189 68 189 68 189
189 68 397 68 170 152
43 158 68 81 68 405 199 68 189 68 201 258 68 241 68 397 68 64 211
4 240 359
189 68 54 86 68 189 68 189 68 569 68 43 158 68 397 68 397 68 397 68 397 68 397 68 397 68 189
64 211 108 68 430 241
87 68 43 158 68 197 86 68 5 68 397 68 397 68 397 68 397
158 108 68 569 68 365 430 299 68 550 501
261 86 108
64 211 108 68 569 68 64 211 108
503 189 68 5 68 569 68 85 359 68 19 85 68 189 68 64 211 108
607 158 68 569 85 359 68 19 85 68 430 199
503 158 108 68 158 108 68 189 68 54 86 68 397 68 397 68 397 68 397
261 86
5 68 527 68 607 158 68 19 85 68 158 108 68 158 108 68 339
54 86 68 607 158 68 593
189 68 124
607 158 68 569 68 397 68 189 68 189 68 354
321 247
5 189 68 569 68 158 543
261 86 68 240 68 189 68 189 68 54 86 68 607 158 68 339 68 64 211
405 199
189 68 64 211 68 527 68 607 158 68 527 68 607 158 68 43 158 68 189
241 551
64 211 108 68 158 85
240 389 85
49 68 607 158 68 569 68 170 299
43 158 68 550 158 189
241 149
189 68 430 68 158 108 68 339 551 68 339
5 68 431 68 517 68 569 68 85 359
283 68 517 68 517 68 158 108
189 68 19 85 68 640 68 43 158 68 19 85 68 19 85 68 19 85 68 189 68 70 158
5 68 237 108 68 19 85 68 339 68 397 68 517 359
49 68 5 68 283 68 339 68 339 68 70 158 68 70 158
51 247
189 68 339 68 397 68 517 68 517 68 43 158 68 43 158 68 64 211 108 68 189
19 85 68 85 447 158
211 68 5 108
503 189
503 189 68 527 68 607 158 68 85 68 79 158 68 397 68 339 68 550 158 240 299
86 163 68 617 149 68 5 68 201 258 68 5
201 85 359 68 158 108 68 158 85 359
87 449 68 211 199 68 389 339
189 68 64 211 108 68 569 68 85 68 19 85 68 19 85 68 19 85
321 240 68 446 68 5 68 189 68 331 430 68 607 158 68 339 68 189 68 70 158 68 70 189 68 189
231 51 86 68 283 68 607 158 68 397 68 397 68 397 68 397 68 397 68 607 158 68 5 189 68 397 68 397 68 397 68 5 189 108
593 163 68 550 501 68 189 68 331 487 359 68 5
5 189 68 82
397 68 19 85 68 253
503 158 108
189 68 211 543 211 68 397 68 397 68 85
64 211 108 68 347 501
406 19 68 241
189 68 153 68 642 211 68 607 158 68 397
43 158 85
543 389 85
36 85 152 68 640 68 241 149
564 68 607 158 68 5 189
43 158 68 577 68 189 68 430 199 68 201 258
261 86 68 517 149
189 68 430 68 430 68 607 158 68 253 68 5 189 643 85
85 339 68 64 211 108 68 241
651 123 68 153 189 68 430 68 607 158 68 189 68 189 68 189 68 189
607 158 68 81 68 5 68 330 68 405 68 430 68 607 158 68 81 68 153 189 68 153 189 68 405 68 405 68 430
189 68 43 158 68 201 258 68 405 68 64 211 108
43 158 68 189 68 543 68 85 123 108 68 397 68 607 479 68 550 158 68 189 550 158 189 68 397 68 189 68 397
397 68 81
189 68 607 68 397 68 19 85 68 201 258 82 152
607 158 68 607 158 68 607 158 68 607 158 68 189 68 397 68 397 68 397 68 189
261 86 359
43 479 68 406 85 359 68 85 359
189 68 569 108 68 158 108 68 158 108 68 19 85 359 68 339 551
43 158 68 607 158 68 430 68 446 82
261 86 68 564 68 569 68 569 108 68 397 68 85 359
85 4 149
651 123 68 241 68 397 68 397 68 397 68 339 551
189 68 607 479 68 397 68 51 86
258 611 189 68 237 247 85 359 68 569 85 359
503 189 68 607 158 68 87 68 5 68 87 68 569
54 86 68 349 85 359 389 158 118
611 189 68 158 108 68 397 68 189 68 638 68 241 68 397 68 397 68 569 68 241 68 241 430 199
430 194 543 68 43 158 68 611 189
5 189 85 359
189 68 611 51 86 68 64 211 108
81 68 5 68 241 68 85 359 68 593 178 68 430 199
211 68 405 68 405 85 152
321 563 158
283 68 245 449 68 5 68 189 68 237 108 68 5 68 158 108 68 19 85 68 5 108
87 68 124 68 607 158 68 569 68 189 68 70 189 68 189 68 70 189
5 258 258
4 258 149
153 108 68 201 258 68 85 152 68 158 108 68 189 68 189 211 247 85 359 389 85 359
258 189 266 50 68 189 68 189
85 4 68 527 68 397 68 359 68 189 68 70 189 68 85 359
261 86 68 158 68 64 211 108
261 86 68 245 449 68 253 68 569 68 430 199
365 430 199
189 68 607 158 68 241 68 241 68 517 85
189 266 479 68 635 189
5 68 189 68 189 68 153 189 108
283 68 527 68 607 158 108 68 430 199
258 85 417 68 64 211
189 68 607 479 68 397 68 189 68 640 68 640 68 5 189 68 550 158 108
4 240
283 68 136 158
43 158 85 123 108
611 51 85 359 389 85 359
19 85 68 82 68 85 359 68 339 68 19 68 189 68 430 68 569 68 569 68 430 199
258 149 643 359
405 365 430 68 85
86 163 68 617 149 68 189 68 517 85 68 5 189 68 85 68 85 152 389 85
283 551 68 19 85 68 85 359 389 85 359
405 123
261 86 68 517 68 45 149 68 607 158 68 550 501 68 550 501
527 68 607 158 68 431 68 607 158
211 607 158 68 241 68 569 68 64 211
153 68 124 68 189 68 189 68 5 189 68 253
189 68 430 68 197 86 68 240 211 68 189 68 241 68 241 68 397 68 241 68 189
87 108 68 5 68 189 68 406 501 68 189
261 86 68 245 449 68 517 68 517 68 430 68 397 68 397 68 397
19 152 68 241 68 241 68 189 68 189 68 189
339 551 68 347 158 359
189 68 397 68 240 211 68 189 68 54 86 68 397 68 397 68 397
569 68 64 211 108 68 189 68 617 68 64 211
283
406 158 68 527 359
64 211 108
527 68 569 68 211 68 517 68 569 68 517 68 569 68 517
651 123 68 611 178 68 189 68 611 178
49
261 158 85 4 85 68 19 85 68 397 68 397 68 241 430
43 479 479 359
153 108 68 189 68 189 68 189
189 68 607 158 68 397 68 430 68 638 68 638 211 68 189
189 68 430 68 527 359 68 339 68 339
258 149 550 501 68 85 123 108
19 152 68 237 108 68 241 68 43 158 68 43 158
261 86 68 503 158 108 68 19 85 68 201 85 359 68 5 189 68 85 359
651 123 68 405 68 405 108
611 152
503 189 108 68 390 68 389 85 359
64 211 108 68 507 258 85 68 43 158
283 68 640 68 640 68 517 68 517 68 607 158 118
189 68 64 211 68 189 68 189 68 253 569 68 405 108
406 155 194
189 5 68 158 85 359 68 43 158 68 43 158 85
321 68 607 68 189 68 397
64 211 108 68 569 68 85 68 19 85 68 19 85 68 19 85 68 19 85 359
258 85 390 149
503 158 359
153 108 68 189 68 189 68 189 68 189 68 189 68 321 247
197 86
503 158 108
397 415 211 85
43 158 68 158 108 68 569 68 85 4 68 241 68 241 68 241 68 241 68 241
607 158 543 68 569 68 64 211 108
213 211 152
189 68 640 68 640 68 397 68 241 68 197 86
389 189
430 199
85 359
283 68 158 108 68 569 68 569 68 85 347 158 118 68 331 487 359 68 85 359 68 189 68 189 68 189 68 397 68 397 68 397 68 397 68 397 68 397 68 397
211 240 68 241 68 569 68 158 108
390 68 189 68 81
607 479 68 189 68 347 158 68 517 68 430 68 430
86 163 68 54 86 68 253 68 569 68 569 68 569 68 339 68 569 68 569 68 569 68 430 299 476 551
86 163 68 93 211 68 517 68 517 68 517
79 158 85 359
85 359 68 241
153 189 68 517
261 86 68 240 211 108
189 85 359 389 158 118 68 189 68 93 435 334 199 68 517
321 68 211 68 617
189 389 349 211 359
406 501
85 365 430
153 68 503 189 68 339 68 339 68 87 449 68 607 158 68 550 501 68 503 189
405 68 365 430 199
593 149 68 405 68 517 68 517 359
261 158 108
85 155 389 158 118
51 86
261 86 68 189 68 189 68 189 68 611 68 517
158 108 85 123
283
276 85 359
607 158 68 5 189 68 569 68 240 211 68 43 158 68 43 158 68 85 68 43 158 68 43 158 68 43 158 68 397 68 43 158 68 43 158 68 5 189 68 5 189 68 5 189 68 5 189 68 158 68 158 68 158 68 5 189 68 189 68 189
5 68 237 108 68 607 158 68 607 158 68 189 68 331 487 359
43 158 68 550 158 108 68 5
189 68 430 199 85 68 330 152
87 68 81 68 189 68 253
405 240
197 86 68 390 68 189 68 430 299 68 430 199 68 158 108
431 68 517 68 517
607 158 68 5 189 68 19 85 68 158 108 68 189 68 331 430 68 64 211 108
406 430
569 68 240 51 85 68 241 68 43 158 68 64 211
564 68 607 158 68 158 108 68 261 86 68 261 86
213 194 213
189 68 430 68 527 359 68 339 68 339
283 68 82 68 517 68 517 68 517 68 569 68 569 68 339 68 64 211 108
64 211
197 85 85
189 68 339 68 397 68 253 68 253 359
538 430 149
158 68 527 68 189 68 189 266 50
611 163 68 54 86 68 640 68 19 85 68 5 189 68 85 68 85 68 85
258 149 68 347 158 108 68 85 347 158 108
189 266 158 68 406 158 118 68 189 266 158 118
86 163 68 617 149 68 397 68 569 68 446 82 68 85 68 569 68 85
503 158 108
5 189 68 253 359
593 163 68 253 68 189 68 390 569 68 85 359
569 68 211 155 68 211
607 158 68 550 158
261 86 68 124
189 68 54 86 85 68 569 68 253 569 68 569 68 85 359 68 85 359 68 569 68 19 85 359
189 68 607 50 68 569
189 68 124 68 189 68 241 68 241 68 241 68 241
283 68 158 108 68 189 68 189 68 241 68 321 247 85 68 85
261 86 68 245 449 68 189 68 569 68 70 189
5 70 158 359
189 68 5 189 68 569 68 569 68 569 68 64 211 108 68 569 68 569 68 569 68 153 189
64 211 108 68 253 68 397 68 569 68 569 68 189 68 189
79 487 359
189 68 527 68 405 85 359 68 158 108 68 19 85 359
321 247 85
607 158 68 339 68 569 68 430 68 201 258 68 189 68 189 68 406 158 240 211
569 108 68 347 158 359
283 68 136 158
406 334
607 158 68 527 359 68 397 68 397 68 397 68 607 158 68 550 158 68 397
503 158 108 68 81 68 569 68 569 68 85 359 389 85 359 68 85 359 389 85 359
261 86 68 5 68 189 68 158 108 68 430 68 430
189 68 339 68 430 149 68 19 85 68 19 85 68 43 158 68 19 85
43 158 68 85 152 149
189 68 155 68 158 108 68 607 158 68 570 389 158 68 189 68 331 149
149 550 158
43 158 68 81 68 81 68 43 158 68 81 68 5 189
79 155
569
153 108 68 527 68 607 158 68 189 68 5 189 68 253
85 299 85 359
527 68 153 68 108 68 19 85 68 19 85
158 108 68 237 108 68 607 158 68 550 158 68 19 85 68 607 158 68 19 85 68 607 158 68 19 85 359
261 86 68 124
189 68 527 68 430 68 517 68 607 158 68 607 158 68 607 158 68 189 68 189
607 479 68 5 68 607 158 68 19 85 68 19 85
87 211 543
189 68 607 158 68 397 68 43 158 68 43 158 68 124
607 158 68 607 158 68 607 158 68 81
189 68 70 189 68 189 68 569 68 569 68 64 211
64 211 108 68 339 68 397 68 517 68 517 68 517
569 68 527 359 68 397 68 550 501 68 189 68 569 68 64 211 108
19 85
283 68 527 68 81
607 158 68 81 68 397 68 211 68 607 158 68 43 158 68 389 339 68 64 211
189 68 5 189 68 79 359 68 189 68 247 85
189 68 527 68 569 68 241 359 68 241 359 68 189 68 517 85
43 479 479
5 189 68 85 359
417
85 4 258 149 68 389 158 543 211 222
283 68 136 158 108 68 19 85 359 68 19 85 359 68 189 68 189 68 189
189 68 607 479 68 397 68 611 178 68 253 68 189 68 611 189
359 389 339 551
4 258 68 241
321 569 68 507 258 68 638 68 397 68 397 68 397 68 397 68 397
405 359
158 108 68 569 68 85 68 550 158 108 68 397 68 241 68 640 68 640 68 241 68 241 68 640 68 241 68 241 359
189 68 405 68 405 189 68 153 189 108
283 68 136 158
258 258 4
170 299
189 266 479
430 68 527 359 68 211 213
189 68 446 68 85 347 158 108 68 189 68 19 85 68 569 68 64 211 108
43 158 68 197 86 68 5 68 211
189 68 527 68 607 158 68 189 68 617
189 68 527 68 19 85 68 607 158 68 397 68 19 85 68 339 68 397 68 19 85 68 397 68 397 68 397 68 397 68 397 68 19 85 359
189 68 405 68 405 68 617 68 85 359 68 170 108
189 68 339 68 189 68 189 68 507 258 68 430 199
189 68 124 68 617 68 607 158 68 607 155
339 551
189 68 430
405 611
19 152 68 237 108 68 241 68 85 68 85
19 152 68 237 149
405 85 359 389 85 359
430 299 85
261 86
43 158 68 158 108 68 158 108 68 189 68 189 68 331
4 479 68 430
607 158 68 527 68 607 158 68 527 68 607 158 68 370 68 607 158 68 189 68 5 189
261 86 68 517 68 81 68 569 68 158 108
189 266 50
593 163 68 241 68 241 68 240 211 68 640 68 241 68 241 68 640 68 189 68 241 68 640 68 241 359
201 258 82
283 68 607 479 68 81
283 68 607 479 68 189 68 241 68 397 68 5 68 550 501 68 617 149
531 85 359
283 68 640 68 640
189 68 54 86 68 189 68 397 68 397 68 517 68 189 68 569 68 389 339 68 189 68 189 426 569 68 189
501 85 4 85 359 68 607 158 118
569 108 68 430 199
258 258
321 240 68 446 82 68 569 68 85 68 201 108
149 389 85 359 389 85 359
405 68 189 68 189 68 397 68 397 68 19 85 359
158 108 68 85 152 68 607 158 68 617 149 68 189 68 189 68 85 68 85 68 189 68 170 299
87 449
397 68 253 68 430 68 64 211
211 222 68 81 68 5 189 68 189
5 108
503 158 108
189 240 389 479
43 158 68 5 189 68 170
189 266 50
593 163 68 617 149
211 68 136 479 68 339 68 85 299 68 19 85 359
607 158 68 397 68 85 359 68 426 569
527 68 153 68 517 68 550 158 118 68 430 68 430 299
5 108 68 201 258 68 64 211 108
569 108 68 170 108 68 503 158 68 503 158 108 68 64 211 108
85 4 258 68 201 258
85 430 299 149 68 158 108 68 211 85 359
197 86 68 189 68 189 68 158 108
189 68 397 68 347 158 108 68 569 68 390 569 68 241 359
261 158 163
197 86 359
4 178
189 68 253 68 189
611 189 68 85 359 68 85 347 158 359 68 189
261 86 68 245 449 68 45 149 68 607 158 68 189 68 189 68 253
503 158 108 68 158 108 68 397 68 54 86 68 397 68 64 211 68 64 211 108
5 543
607 158 68 81 68 189 68 406 158 68 390 68 189 68 189 68 189 68 189 68 189
283 68 5 68 5 68 253 68 569 68 64 211 108 68 569 68 64 211 108 68 569 68 503 158 108 68 569 68 569 68 64 211 108
611 51 86
607 155 68 81 68 569 68 201 258 68 201 258 68 331 149
405 611
189 68 124 68 170 108 68 85 136 479 68 569 68 569 68 85 359
569 68 136 479 68 201 258 68 43 158 68 64 211 108
569 68 611 74 68 158 149 68 19 85 68 430 149 68 569 68 430 149
593 163 68 550 501 68 397 68 397 68 397 68 189 68 189 68 189 68 189 266 50
85 4 64 211
503 158 108 68 607 158 68 189 68 253 68 201 258 68 189 68 189 68 189
593 163
43 158 68 189 68 569 68 569 68 4 478 68 85 4 108
397 68 85 611 85
611 189 68 158 108 68 339 68 189 68 321 247 85 68 85
85 514 108 68 158 108 68 211 155
288 68 607 158 68 81 68 607 158 68 81
5 189 68 124
43 158 68 197 86 68 43 158 68 19 85
189 68 527 68 79 158 108
49 68 211 68 43 158 68 241 68 189 68 189 68 189 68 331 487 359
4 189 68 222 68 339
189 68 617 68 397 68 241 68 241 68 517 85 359 68 397 68 517 85
64 211 108 68 397 68 569
321 68 124 68 85 68 64 211 108 68 640 68 640
569 68 70 189 68 201 108 68 201 108 68 569 68 569 68 569 68 569 68 569 68 64 211 108
527 359
19 85 68 339
611 163 68 81 68 5 68 397 68 397 68 397
189 68 607 158 68 189 68 397 68 339 68 517 85
189 68 124 68 189 68 241 68 158 108 68 430 199 68 607 158 68 189
85 359 68 370 68 5
607 158 68 569 68 81 68 405
153 68 527 68 569 68 569 68 136 479 68 397
170 108 68 617 149 68 158 108 68 158 108
261 86 85
189 68 607 158 68 189 68 430 68 430 199
231 51 86
283 68 82 68 569 68 240 211 68 241 68 241 68 85 68 85 359 68 85 359 68 43 158 68 43 158 68 241 359
85 4 68 527 68 397 68 359 68 189 68 70 189 68 85 359
527 68 153 68 64 211 108 68 189 68 611 68 64 211 108 68 64 211 108 68 569 68 64 211 108
5 68 365 430 68 430 149 68 430 199 68 241 68 241 359 68 241 359
189 68 70 158 68 5 108 68 170 108
321 503 158
405 611
405 283
189 68 607 50 68 569 68 569 68 569 68 64 211 108
607 158 68 158 108 68 5 68 189 68 201 258 68 201 258
240 550 158
189 389 85 359 389 85 359
189 68 339 68 397 68 189 68 189
503 189 68 5 68 85 152 68 64 211 108 68 607 158 118
5 108 68 201 258 68 64 211 108
64 211 108 68 405 85
85 359 389 339
189 68 607 479 68 397 68 189 68 397 68 397 68 397 68 569 68 85 359
153 108 68 189 68 189 68 189
149 266 50
158 85 4 85 359 389 339
593 163 68 430 68 241 68 241 68 241
64 211
51 86 68 253 68 189 68 85 152 68 569 68 517 118 68 430
189 68 405 68 543 51 86
261 86 68 517 68 261 86 68 569 68 85
283 68 136 158 108 68 19 85 359
261 158 118 68 19 85 68 640 68 189 68 19 85 359 68 85 359 389 85 359
406 155 194 108 68 390 68 253
158 85 64 211 68 241 68 430 199
564
87 68 550 501 68 211 68 85 359 68 85 359
283
501 85 64 211
405 108 68 550 501 68 430 199
189 68 617 68 5 68 241 68 241 68 5 189 68 43 158 68 397 68 189 68 43 158 68 43 158 68 189
651
43 158 68 550 158 189
339 68 406 501 85 359 389 85
170 108
189 68 370 68 569
276 85 68 405 199 68 640
397 68 241 68 241
321 68 240 359
564
189 68 607 158 68 189 68 397 68 365 430 199 68 430 199
261 86 68 124 68 5 68 569 68 430 68 430 199 68 64 211 108
87 68 81 68 397 68 397 68 569 68 405 199
87 152 68 19 68 189 68 390 569 108
5 68 237 108 68 640 68 189 68 611 189
64 211 108 68 569 68 85 299 68 19 85 68 569 68 517 68 569 68 569 68 240 299 4 240 359 68 569 68 569 68 4 240 359 68 4 258 149 68 569 68 85 359 68 85 359 68 640 68 158 118 68 19 85 359 68 19 85 68 64 211 108
405 85 359
189 68 527 68 5 68 550 158 108
85 299 389 487 359
261 86 68 5 68 189 68 569 68 430
189 68 607 68 397 68 397 68 397 68 569 68 85 359 68 85 359
189 68 70 189 68 617 68 189 68 417
85 149 68 19 85
211 68 136 479 68 158 108 68 211 108 68 19 85 68 19 85
550 158 68 527 359 68 158 108 68 430 199 85
197 86 85 68 158 108 68 19 85 359 389 158 118
347 158 359
607 158 68 527
321 240 68 569 68 64 211 108 68 189 68 189 68 569 68 64 211 68 64 211 108 68 64 211 108
85 4 85 359
189 68 70 189 68 569 108 68 446 82 68 43 158 108 68 64 211 108
5 68 527 68 569 68 569 108
