5 189
569 68 158 108 68 158 108 68 5 68 158 108 68 189 68 607 158 68 189 68 241 68 569 68 569 68 569 68 85 359 68 569 68 569 68 85 359 68 569 68 85 359 68 569 68 569 68 569 68 569 68 241 359 68 569 68 569 68 569 68 569 68 569 68 569 68 569 68 569 68 569 68 85 359 389 158 118 68 85 359 389 158 118 68 241 359 389 158 118
258 149 68 517 68 517
527 68 607 158 68 81 68 19 85
283
240 149
85 299 389 158 118
527 68 5 68 81 68 189 68 5 68 5
397 68 85 4 85
64 211 108
406 240
283 68 158 108 68 158 108
189 211 108 68 43 158 68 43 158 68 43 158
607 158 68 5 68 240 211 108 68 64 211
64 211 108 68 607 158 68 189 68 5 68 189 68 189 68 241 68 189 68 189 68 241
253 68 550 501 68 189
261 86 68 124 68 64 211 108 68 64 211 108 68 640 68 64 211
87 68 5 68 81 68 189 68 5 68 5 68 189 68 5 68 189 68 189 68 5 189 68 189
531 430 359
87 68 607 68 607 158 68 607 158 68 569 68 397 68 607 158 68 397 68 189
370 68 5 68 370 68 397 68 241 68 19 85 359
19 68 158 68 158 149
321 359 68 241
189 68 64 211 108 68 189 68 64 211 108 68 569 68 64 211 108
283 68 158 108 68 85 347 158 85 359 68 85 359
240 389 339
158 108 68 5 189 68 189 68 240 211 108
607 479 68 607 158 68 5 68 5 68 5 68 5 189 68 607 158 68 189
503 158 108
550 501 68 397 68 5
406 149
85 347 158 108 68 189 68 5 68 189 68 189
5 189 68 405 149
611 359
397 85 359
152
87 68 607 158 68 397 68 397 68 607 158 68 397 68 397 68 397 68 397 68 607 50
321 247 68 158 108 68 158 108 68 569 68 569 68 241 68 241 68 241
43 158
503 189 68 158 108 68 158 108 68 158 108 68 189 68 158 108
49 68 607 158 68 397 68 569 68 569 68 569 68 189 68 64 211
152 68 397 68 397
405 240
527 68 607 158 68 5 68 241 68 241 68 241 68 241 68 241 68 241 68 189 68 241
189 68 405 108 68 607 158 68 5
321 247
19 85 68 70 189
43 158 118
370 68 5 68 81 68 19 85 68 19 85
370 68 5 68 81 68 5 68 5 68 569 68 5
85 4 149
406 158 108 68 189 68 405 85
197 86 68 241 68 241
261 86 108
607 158 68 550 501 68 189 68 189 68 189 68 189 211 68 189 68 189 68 43 158 68 517
517 68 43 158 68 430
527 68 607 158 68 64 211 108
283 68 158 108 68 397 68 158 108 68 569 68 189 68 85 359
347 501 68 213
569 68 81 68 5 68 189 68 5 68 189 68 189 68 189 68 241
64 211 108
85 4 85 359
85 389 158 118
43 158 118 359
211 149
189 211 108 68 43 158 68 43 158 68 43 158
189 68 550 501 68 607 158 68 397 68 607 50 68 189 68 607 50
569 68 240 299
607 479 68 517 68 19 85 68 19 85 68 19 85 68 19 85 68 19 85
79 158 240 359
283 68 607 158 68 189 68 43 158 68 43 158 68 189 68 85 359
569 68 211 68 211
261 86 68 170 68 170
397 68 81 68 170
527 68 607 158 68 158 68 158 108 68 158 68 43 158 108
283 68 607 68 81 68 517 68 517 68 517
406 85 68 517 68 397
321 247 68 241 68 397 68 241
503 189 68 607 68 607 158 68 5 68 81 68 189 68 5 68 189
87 68 607 68 397 68 189 68 5 68 189 68 189 68 189 68 189 68 397
370 68 5 68 189 68 189 68 5 68 607 158 68 5 68 85 359 68 189 68 241 68 241 68 189 68 241 68 241 68 85 359
607 158 68 527 359
569 68 5 68 149 68 5 68 397 68 397 68 397
283 68 607 158 68 85 347 501 68 85 359
283 68 607 68 550 501 68 5 68 189 68 189
607 479 68 550 501 68 397 68 64 211
370 68 5 68 19 85 68 19 85 68 19 85 68 430 149
19 85 68 70 189
569 68 108 68 158 108 68 5 68 5 189 68 189 68 189 68 64 211
321 27
607 158 68 607 158 68 397 68 19 85 68 19 85 68 189 68 550 158 68 189 68 607 158 68 189 68 189 68 19 85 359
389 158 118 68 241 359
569 68 64 211 108 68 64 211 108 68 640
564 68 124
64 211
283 68 569 68 569 68 85 347 158 108 68 569 68 189 68 64 211 108
87 68 607 158 68 19 149 68 19 85 68 19
564 68 517 68 517 359
430 449
321 247
503 189 68 158 108 68 517 68 405 68 517
607 479 68 431 68 397 68 397 68 397 68 397 68 397 68 397 68 397 68 397 68 397 68 517
124
64 211 108 68 569 68 569 68 640
617
261 86 68 607 158 68 81 68 64 211
406 158
189 68 158 108 68 569 68 569 68 64 211
189 68 607 158 68 189 68 189 211
503 158 108
370 68 5 68 81 68 189 68 569 68 569 68 189 68 64 211 108
321 189
569 68 527 68 517 68 517
43 158 258 158
283 68 569 68 397
81 68 5 68 81 68 189 68 158 108 68 607 158 68 5 68 189 68 189 68 5 68 607 158 68 81 68 81 68 569 68 569 68 81 68 81 68 81 68 81 68 81 68 81 68 81 68 81 68 569 68 81 68 81 68 569 68 81 68 81 68 607 158 68 81 68 81 68 569 68 5 68 569 68 569 68 81 68 81 68 81 68 189 68 189 68 607 158 68 5 68 607 158 68 189 68 81 68
19 85 68 241 68 640
194 543 68 155
527 68 607 158 68 158 68 5 68 189 68 189
261 86 68 124 68 397 68 397 68 569 68 241 68 241 68 241
85 4 149 68 19 85 359
569 68 550 501 68 5 68 189 68 5 68 189 68 189 68 241 68 189 68 189 68 241
261 86 108
43 158 68 81 68 5 68 5 68 607 158 68 189 68 189 68 607 158 68 43 158 68 43 158 68 43 158 68 43 158 68 43 158 68 81
569 68 550 501 68 397 68 397 68 517
370 68 5 68 81 68 189 68 189 68 189 68 189 68 189 68 241 68 189 68 241
479 85 347 158 118
283 68 607 158 68 70 158 68 339
19 85 68 339
479
288
503 189 68 245 449
261 86 68 124
283 68 158 108 68 189 68 5 189 68 189 68 189
85 347 158 118
283 68 5 68 85 359 68 397 68 331 68 331 430 68 241
189 108 68 158 108 68 19 85 68 19 85 68 19 85 68 158 108 68 158 108 68 158 108 68 19 85 68 241 68 241 68 241
339 551
283 68 5 68 642 211 108
64 211 108
261 86 68 124 68 158 108 68 5 68 569 68 569 68 5 68 640 68 189
501 85 359 389 339 68 339
389 339
406 211
430 68 158 108 68 569 68 158 108
87 68 607 158 68 5 68 81 68 5 68 5 189 68 189 68 189
64 211 68 569 68 569 68 569 68 64 211 108
283 551 68 189 68 189 389 158 118
283 68 158 108 68 569 68 64 211 108
64 211 108 68 64 211 108
85 359 68 85 359 389 85 359
189 68 607 158 68 85 347 501 68 85 359 68 85 347 501 68 430 149
288
261 86 68 607 158 68 81 68 85 365 430 199 68 85
389 85 359
189 68 79 158 240 211 149
430
406 158 108 68 85 359 68 397 68 241 68 397 68 189 68 64 211 108
64 211 108
85 365 430
87 68 607 50 68 397 68 397 68 397 68 397 68 397 68 397 68 397
87 68 158 108 68 158 108 68 158 108 68 158 108 68 607 158 68 339
49 68 158 108 68 19 85 68 607 158 68 19 85 68 189 68 19 85
283 68 550 501 68 397 68 397 68 607 158 68 397 68 241 68 397 68 397 68 241
153 189 68 158 108 68 517 68 517 68 517
370 68 5 68 370 68 5 68 5 68 241 68 189 68 189 68 607 158 68 397 68 5 68 607 158 68 397 68 397 68 397 68 397 68 397 68 370 68 81 68 81 68 607 158 68 81 68 81 68 397 68 397 68 397 68 397 68 397 68 607 158 68 397 68 397 68 397 68 397 68 397 68 397 68 397 68 397 68 5 68 607 158 68 189 68 607 158 68 397 68 607 158 68 607 158 68 607 158
19 85 68 19 85 68 19 85
569 68 607 158 68 189 68 43 158 68 85 359 68 189 68 189
406 430 68 5
211 85 68 339
527 68 607 158 68 397 68 607 158 68 569 68 569 68 85 68 85 68 397 68 569 68 569 68 569 68 617 149 68 569 68 569 68 569 68 569 68 569 68 527 359 68 569 68 569 68 347 501 68 569 68 569 68 569 68 569 68 569 68 569 68 397 68 397 68 569 68 569 68 397 68 85 359 68 397 68 397 68 569 68 569 68 397 68 347 501 68 569 68 347 501 68 569 68 397 68 397 68
87 68 569 68 339
527 68 607 158 68 81 68 19 85 68 19 85
5 189 85 359
261 86 68 607 68 607 158 68 397 68 607 158 68 397 68 607 158 68 397 68 189 68 607 50
564 68 5 68 245 449
370 68 5 68 81 68 5 68 85
43 158 108 68 19 85
49 68 517 68 397 68 569 68 569 108
87 68 19 85 68 339 68 397 68 339 68 339 551 68 339 68 339 68 397 68 339 68 339 68 339 68 397 68 339 68 397 68 397 68 569 68 569 68 569 68 569 68 569 68 569 68 569 68 569 68 397 68 569 68 569 68 569 68 569 68 569 68 397 68 569 68 569 68 569 68 85 359 68 85 359
124
43 158 68 81 68 189 68 189 68 607 158 68 189 68 241 68 241 68 189 68 241
87 68 124 68 397 68 397 68 569 68 569 68 569 68 85 359
283 68 158 108 68 430 199 68 430 199
85 359 389 85 359
321 194
607 68 5 68 359
45 334
189 68 607 211 68 607 158 68 5 68 607 158 68 189 68 607 158 68 189 68 607 158 68 389 158 68 189 68 607 158 68 607 155
389 85 359
85 4 149 68 5 189 68 189
527 68 607 158 68 81 68 5 68 81 68 189 68 189 68 189
321 240
527 68 607 158 68 569 68 569 68 64 211 108
189 68 339 68 339 68 189 68 5 68 331
261 86
564 68 607 158 68 527 359 68 397 68 85 359
527 68 607 158 68 397 68 19 85 68 19 85 68 607 158 68 397 68 397 68 189 68 607 158 68 43 158 68 19 85 68 569 68 241 68 569 68 569 68 569 68 569 68 569 68 152 68 19 149 68 569 68 241 68 569 68 569 68 397 68 569 68 397 68 397 68 569 68 397 68 397 68 85 359 68 397 68 397 68 359 68 397 68 189 68 569 68 569 68 43 158 68 569 68 397 68 397 68
5 68 81 68 189 68 189 68 640 68 640 68 5 189
158 108 68 81 68 430 68 5 68 19 85 68 430 68 430 68 430 68 430
405 85 4
607 158 68 85 347 158 108 68 19 85
85 389 158 108 68 136 479
397 68 607 158 68 397 68 397 68 241 68 397 68 397 68 241 68 397
155 211 199
19 68 607 158 68 397 68 607 158 68 569 68 189 68 189 68 64 211 68 189 68 241
406 85
283 68 607 158 68 189 68 5 68 607 158 68 189 68 189
564
283 68 569 68 85 359 389 158 108 68 241 359
153 189 68 240
201 258
189 68 5 68 607 158 68 189 68 189 68 189 68 189
189 68 158 108 68 607 158 68 158 68 19 85
283 68 607 68 550 501 68 189 68 5 68 189 68 189 68 189 68 189 68 189 68 607 50
406 155 68 517
397 85 359
85 68 607 158 68 85 68 5 68 85 359 68 189 68 5 68 189 68 189 68 5 189 68 189 68 189 68 85 359 68 397 68 85 359 68 85 359 68 81 68 81 68 569 68 81 68 81 68 569 68 189 68 241 68 569 68 569 68 81 68 569 68 397 68 397 68 569 68 397 68 5 68 397 68 397 68 5 68 5 68 189 68 189 68 189 68 189 68 189 68 241 68 189 68 189 68 189 68
503 158 108 68 569 68 569 68 569 68 85 359
430 199
211 240 211
359 389 339 551 68 5 189 68 241 359 389 339
87 68 527 68 607 158 68 607 158 68 527 359 68 607 158 68 397 68 189 68 607 158 68 607 158 68 607 158 68 607 158 68 170 108
87 68 170 299
359
527 68 569 68 85 152 68 397 68 640 68 640
261 86 68 124 68 124 68 397 68 569 68 569
370 68 5 68 370 68 5 68 81 68 607 158 68 189 68 189 68 189 68 189 68 5
569 68 152
87 68 607 158 68 397 68 397 68 607 158 68 397 68 397 68 607 158 68 397 68 607 158 68 397 68 397 68 397 68 397 68 397 68 607 158 68 397 68 397 68 607 158 68 397 68 607 158 68 397 68 397 68 397 68 397 68 397 68 607 158 68 397 68 397 68 397 68 397 68 397 68 397 68 397 68 397 68 397 68 397 68 397 68 397 68 397 68 397 68 607 158 68 397 68 397 68 607
152 68 607 158 68 241 68 5 68 241 68 241 68 241
19 85 68 158 108 68 158 108 68 158 108
611 74
607 479 68 607 158 68 189 68 19 85 68 19 85 68 189 68 64 211 108
321 124
19 85 68 607 158 68 397 68 640 68 640 68 397
85 347 158 118
189 68 5 68 81 68 5 68 5 68 81
213 211 68 5 68 81 68 189 68 5
283 68 5 68 81 68 43 158 108 68 517 68 43 158 68 43 158 68 43 158 68 517
189 68 158 108 68 569 68 569 68 569 68 569 68 569 68 85
19 85 359
503 189
564 108
158 108 68 81 68 5 68 189 68 5 68 189 68 189 68 640 68 189 68 189 68 5 68 640 68 189 68 640 68 640 68 640 68 640 68 640 68 640 68 640 68 640 68 640 68 331
564
261 86 68 607 158 68 569 68 503 158 68 569 68 189
87 68 569 68 124 68 640 68 5 68 640
153 189 68 158 108 68 569 68 85 359 68 640 68 640 68 241 68 241
240 389 339
531 108 68 517 85
503 189 68 158 108 68 607 158 68 397 68 640 68 640 68 640 68 640 68 241 68 241
406 158
189 389 158 189 68 517
189 68 607 158 68 81 68 607 158 68 607 158 68 189 68 5 189 68 189 68 189 68 607 158 68 189 68 607 158 68 607 158 68 607 158 68 189 68 189 68 189 68 189 68 81 68 607 158 68 189 68 189 68 607 158 68 189 68 81 68 607 158 68 607 158 68 607 158 68 607 158 68 607 158 68 189 68 43 158 68 189 68 189 68 189 68 189 68 43 158 68 389 158 68 189 68 189 68
359 389 85 359
397 68 5 68 5 68 5 68 5 68 397 68 397 68 5 189 68 397
642
370 68 5 68 64 211 108 68 569 68 64 211 108
283 68 158 108 68 339 68 339
283 68 550 501 68 189 68 189 68 405 68 5
231 194
261 86 68 5
283
258
87 68 607 158 68 370 68 5 68 5 68 607 158 68 5 68 189 68 189 68 5 68 241 68 607 158 68 241 68 241 68 607 158 68 81 68 607 158 68 81 68 607 158 68 81 68 81 68 607 158 68 241 68 241 68 607 158 68 607 158 68 397 68 397 68 5 68 5 68 5 68 5 68 397 68 397 68 5 68 607 158 68 189 68 241 68 241 68 241 68 607 158 68 607 158 68 607 158
321
211 108 68 64 211 108
397 68 550 501 68 64 211 108
527 68 607 158 68 81 68 189 68 189 68 189 68 189
607 158 68 607 158 68 607 158 68 607 158 68 607 158 68 607 158 68 189
503 189 68 607 158 68 569 68 569 68 569 68 569 68 85 68 64 211 108
339 551 68 569 68 569 68 85 68 5 68 85 359 68 189 68 85 359 68 189 68 241
283 68 158 108 68 5 189 68 241
87 149 68 550 501 68 64 211
87 68 607 158 68 5 68 370 68 5 68 5 68 5 68 370
569 68 517 68 569 68 569 68 569 68 569 68 569 68 405 149
593 163 68 607 158 68 397 68 85 347 501 68 397 68 189 68 569 68 397
405 189
406 155 211
339
283 68 607 158 68 189 68 64 211
87 68 124 68 124
86 163 68 550 501 68 397 68 397 68 397 68 397
87 68 607 68 607 158 68 5 68 5 68 607 158 68 189 68 607 158 68 189
321 240 68 19 85 68 19 85
503 189 68 158 108 68 189 68 85 365 430 199
43 158 68 81 68 607 158 68 607 158 68 189 68 189 68 607 158 68 189 68 5 68 189 68 189 68 81 68 607 158 68 189 68 81 68 81 68 81 68 81 68 81 68 81 68 81 68 81 68 189 68 189 68 607 158 68 189 68 81 68 607 158 68 81 68 81 68 607 158 68 81 68 607 158 68 189 68 81 68 189 68 189 68 189 68 607 158 68 189 68 607 68 189 68 189 68 189 68
503 189 68 569 68 569 68 569 68 569
370 68 5 68 81 68 189 68 189 68 241 68 189 68 241
503 158 108
503 158 68 569 68 569 68 569 68 569 68 569 68 569 68 85
479 108
370 68 5 68 81 68 189 68 517 68 517 68 517 85 68 517 68 517
397 85 359
283
607 479 68 81 68 5 189 68 5 189 68 5 189
87 68 550 501 68 397 68 85 359
503 189 108 68 569 68 569 68 85 359 389 85 359 68 5 189 68 189 68 189 68 241 359
261 86 68 397 68 397
189 68 569 68 569 68 569 68 64 211 108
397 68 64 211 68 64 211
503 189
87 68 158 108 68 607 158 68 19 85 68 19 85
189 68 607 158 68 81 68 189 68 607 158 68 189
64 211
64 211 108 68 640
85 359
85 4 258
19 85 68 158 108 68 158 543
19 85 68 64 211 108 68 517
261 86 68 607 158 68 81 68 405 68 405 68 405
347 158 359
211 359
283 68 607 158 68 189
85 241 68 64 211 108
527 68 607 158 68 370 68 5 68 85
64 211 108 68 640
276 85
607 479 68 517 68 517 68 607 158 68 569 68 517
607 158 68 370 68 5 68 81 68 5 68 5 68 189 68 370 68 189 68 5 68 5 68 607 158 108
197 85
607 158 68 5 68 81
593 163 68 550 501 68 397 68 240 550 158 108 68 189 68 241 68 189
569 68 213 211 68 93 211 108
617 149
189 68 170 108 68 397 68 397 68 397
194 543
5 189
406 158 68 64 211
189 68 527 68 569 68 569 68 85 68 569 68 85 347 501 68 85 359
283 68 158 108 68 569 68 569 68 569 68 430
283 68 607 158 68 397 68 607 158 68 241 68 241 68 241 68 241 68 189 68 241
283 68 5 68 81 68 189 68 5 68 189 68 189 68 189 68 189 68 189 68 5 68 189 68 189 68 189 68 5 68 189 68 81 68 81 68 189 68 189 68 81 68 81 68 81 68 81 68 189 68 189 68 189 68 189 68 81 68 81 68 81 68 189 68 5 68 5 68 5 68 5 68 5 68 397 68 189 68 81 68 189 68 189 68 189 68 189 68 189 68 81 68 189 68 189 68 189 68
607 479 68 517 68 19 85 68 19 85
276 85
283 68 85 68 370 68 5 68 397 68 397 68 397 68 397 68 397 68 397 68 397 68 607 158 108
153 68 607 158 68 5 68 189 68 5 68 241 68 189 68 607 158 68 189
4 430 199
593 163 68 640 68 640 68 640
283 68 550 501 68 397 68 607 158 68 607 158 68 5 68 397 68 397
85 359 68 5 68 189 68 189 68 397 68 189 68 189 68 5 189
43 158 68 642 211 68 607 158 68 241 68 241 68 5 189 68 241 68 241 68 241
569 68 158 108 68 158 108 68 5 68 241 68 241 68 241 68 241 68 189
593 163 68 569 68 397 68 569 68 569 68 569 68 85 359 68 569 68 569 68 241 68 241 359
87 449 68 569 68 569 68 189 108 68 569 68 189 68 640
365 149
397 68 640 68 640
569 68 158 108 68 517 68 43 158 68 517 68 189 68 189 68 189
5 189 68 81 68 397 68 85 359 68 241 85 359
527 68 607 158 68 607 158 68 607 158 68 397 68 189
406 155
247 68 5 189 68 241
607 479 68 550 501 68 85 359 68 85 359 68 189 68 5 189 68 189
564
503 189 68 158 108 68 569 68 19 85 68 19 85
87 68 170 299
564 68 19 85 68 569 68 569 68 569
569 68 569 68 569 68 569 68 569 68 569 68 189
564
85
261 86 68 124
64 211 108 68 19 85 68 19 85 68 19 85 68 19 85 68 19 85 68 19 85 68 19 85 68 19 85 68 19 85 68 19 85 68 19 85 68 19 85 68 19 85 68 19 85 68 19 85 68 19 85 68 569 68 569 68 569 68 19 85 68 569 68 569 68 569 68 19 85 68 85 68 85 68 85 359 68 85 359 68 19 85 68 85 68 85 68 19 85 68 241 68 19 85 68 241 68 19
85 4 4
87 68 527 68 607 158 68 397 68 640 68 640 68 397 68 640
189 68 158 108 68 158 108 68 158 108 68 158 68 189 68 158 108
64 211 108 68 517 68 517
569 68 85 359
283 68 607 158 68 550 158 68 607 158 68 211
276 359
5 68 527 68 527 68 19 85 68 19 85 68 569 68 85 68 85 68 569 68 85 68 85 68 569 68 85 68 85 68 85 68 85 68 85 68 569 68 81 68 85 68 569 68 81 68 81 68 569 68 569 68 85 68 569 68 569 68 81 68 85 68 569 68 85 68 85 347 501 68 85 68 85 68 85 359 68 85 359 68 569 68 85 68 85 68 569 68 569 68 569 68 569 68 569 68 81 68
261 86
607 479 68 640 68 640
397 85 4 149 68 640
283 68 5
189 68 607 158 68 81 68 189 68 64 211 108
43 158 68 617
189 68 405 68 607 158 68 189 68 64 211 108
283 68 550 86 68 517 68 5 68 611
283 68 607 158 68 189 68 5 68 607 158 68 189 68 189 68 85 359
189
189 68 642 211 68 607 158 68 241 68 241 68 241 68 241
283 68 607 158 68 550 501 68 397 68 607 158 68 189 68 550 501
569 68 158 108 68 569 68 158 108 68 241 68 241 68 241 68 241
283 68 5 68 241 68 189 68 241 68 241 68 189 211 108
607 158 68 81 68 64 211 108
430 85 299 4 85
5 189
197 86
5 68 81 68 189 68 158 108 68 19 85 68 43 158 68 607 158 68 189 68 43 158 68 517
503 158 68 158 108 68 607 68 517 68 517 68 43 158 68 189
607 158 68 70 158 149
64 211 68 5 68 607 158 68 5 68 331 149 68 189 68 607 158 68 189 68 5 68 607 158 68 189 68 607 158 68 607 158 68 607 158 68 189 68 189 68 189 68 189 68 189 68 241 68 241 68 189 68 241 68 607 158 68 607 158 68 607 158 68 5 68 5 68 5 68 5 68 5 68 5 68 5 68 5 68 607 158 68 189 68 5 68 607 158 68 607 158 68 607 158 68 189 68 607
397 68 607 158 68 370 68 5 68 331 149
197 86
81 68 607 158 68 397 68 569 68 569 68 569 68 70 158
64 211 108 68 64 211
283 68 158 108 68 569 68 64 211 108
397 68 550 158
527 68 5 68 5
189 68 607 158 68 397 68 569 68 85 359 68 430 68 85 359 68 85
261 86 68 81 68 607 158 68 569 68 569 68 189
397 68 607 158 68 241 68 5 68 241 68 241 68 241 68 241 68 241 68 241
153 68 607 158 68 607 158 68 607 158 68 261 86
283 551 68 569 68 569 68 189 68 569 68 85 359
4
19 85 68 158 240 299
283 68 85 123 108 68 607 68 5 68 189 68 189 68 5 68 85
189 149 211 108
261 86 68 124 68 5 68 81 68 569 68 569 68 569 68 569 68 569 68 5
189 68 85 359
405 85
261 86 68 124 68 397 68 397 68 397 68 397 68 397 68 5 68 189 68 189 68 569 68 569 68 397 68 397 68 397 68 397 68 261 86 108
527 68 607 158 68 85 68 607 158 68 607 158 68 85 68 85 359 68 189 68 43 158 68 85 359 68 43 158 68 85 359 68 43 158 68 85 359 68 81 68 81 68 81 68 81 68 81 68 607 158 68 607 158 68 607 158 68 189 68 607 158 68 607 158 68 607 158 68 607 158 68 607 158 68 85 359 68 81 68 189 68 189 68 189 68 607 158 68 43 158 68 607 158 68 189 68 189 68
527 68 607 158 68 64 211 108 68 640
321 247 68 85
261 86
503 189
87 68 170 299
607 158 68 397 68 569 68 569 68 569 68 569 68 85 359 68 85 359
283 68 158 108 68 569 68 158 108
261 86
569 68 158 108 68 5 68 189 68 5 68 569 68 189 68 5 68 189 68 189 68 5
397 68 241 68 241
527 68 569 68 81 68 5 68 189 68 569 68 189 68 5
189 68 569 68 569 68 569 108 68 569 68 569 68 85 359
261 86 68 607 158 68 5 189 68 430
503 189 68 607 158 68 189 68 64 211 108 68 189 68 64 211 108
87
607 158 68 85 68 370 68 397 68 85 359 68 85 68 85 68 85 359 68 397 68 85 359 68 19 85 68 85 68 19 85 359 68 85 359 68 85 68 85 68 85 359 68 19 85 68 85 359 68 19 85 68 85 359 68 569 68 85 359 68 85 359 68 397 68 85 359 68 85 359 68 85 359 68 85 359 68 85 359 68 85 359 68 85 359 68 397 68 397 68 85 347 501 68 607 158 108 68
85 70 158
43 158 68 85 299 68 607 158 68 64 211 108 68 241 68 64 211 108
370 68 569 68 569 68 569 68 569 68 569 68 569 68 569 68 569 68 569
283 68 607 68 81 68 189 68 517 68 517
607 158 68 5 68 149
85 359
283 68 5 68 359 68 43 158 68 359 389 158 108
607 479 68 85 299 68 19 85 68 19 85 68 19 85 68 85 68 19 85
397 68 347 501
593 163 68 569 68 569 68 85 68 85 359 68 397 68 85 68 569 68 569 68 569 68 85 359
189 68 607 158 68 81 68 5 68 607 158 68 189 68 189 68 189 68 189 68 5
283 68 607 158 68 569 68 430 68 430
430
503 189 68 607 158 68 189 68 5 68 64 211 108 68 189 68 64 211 108
397 68 19 85 68 19 85
87 68 569 68 19 85 68 397 68 241 68 430 68 430 199
170 299
261 86 68 241 68 241 68 241
611 74
283 68 550 501 68 397 68 569 68 19 85 359
283 68 158 108 68 19 85 68 5 68 241 68 189
189 68 158 108 68 405 108 68 158 108
283 68 5 68 241 68 241 68 241 68 241
87 68 19 85 68 158 108 68 19 85 68 19 85 68 19 85 68 19 85
527 68 607 158 68 370 68 5 68 189
64 211 85
211 68 81 68 189 68 43 158 68 569 68 569 68 43 158 108
283 68 527 359
276 85
64 211 108
370 68 5 68 189 68 189 68 189 68 569 68 189 68 5 68 189 68 189 68 189 68 241 68 189 68 189 68 5 68 397 68 189 68 241 68 189 68 189 68 189 68 189 68 189 68 189 68 189 68 189 68 241 68 241 68 189 68 189 68 397 68 189 68 397 68 397 68 397 68 397 68 397 68 397 68 189 68 5 68 189 68 189 68 189 68 189 68 189 68 241 68 607 68 189 68 189 68
503 189
283 68 550 501 68 189 68 85 68 85 359 68 189 68 189 68 64 211 108
389 158 359
370 68 5 68 81 68 5 68 5 68 5 68 5
189 108 68 211 108 68 189 211 543 211 543 68 189 211 108
607 479 68 607 158 68 607 158 68 607 158 68 43 158 68 607 158 68 189 68 43 158 68 136 479
189 68 607 158 68 607 158 68 607 158 68 5 68 607 158 68 607 158 68 189 68 607 158 68 189 68 607 158 68 607 158 68 607 158 68 170 108 68 189 68 607 158 68 607 158 68 81 68 607 158 68 607 158 68 607 68 170 68 170 68 607 158 68 607 158 68 607 50 68 170 299 68 607 158 68 5 68 607 158 68 189 68 189 68 607 158 68 189 68 5 68 170 68 170 68 607 158 68
569 68 617 68 397 68 397 68 189 68 64 211 108
283 68 158 108 68 5 68 81 68 569 68 640
189 68 64 211 108 68 607 158 68 64 211 68 189
283 68 550 158 108 68 5 68 81
87 68 81 68 569 68 569 68 569 68 569 68 569 68 64 211 108
607 155 68 85 359
85 365 430 199
4 149
564
370 68 5 68 189 68 397 68 397 68 397
415
607 479 68 517 68 189 68 189 68 405 85
19 85 68 607 158 68 5 68 85 359 68 241 68 189
569 68 158 108 68 5 189 68 189 68 241 68 241
389 85 359
430 68 158 108 68 170 108 68 5
201 258 85 359
288 68 550 501 68 397 68 397 68 397 68 397 68 397 68 397
397 68 607 158 68 569 68 569 68 405 149
503 189 68 607 68 5 68 5 68 5 68 189 68 189 68 5 68 189 68 189 68 5 68 170 108
283 68 607 158 68 81 68 607 158 68 607 158 68 189 68 189 68 43 158 68 43 158
189 68 607 158 68 607 158 68 5 68 607 158 68 189 68 607 158 68 189 68 189 68 607 158 68 189 68 607 158 68 607 158 68 607 158 68 607 158 68 189 68 607 158 68 189 68 607 158 68 189 68 607 158 68 607 158 68 607 158 68 607 158 68 607 158 68 607 158 68 5 68 5 68 607 158 68 5 68 607 158 68 189 68 189 68 607 158 68 5 68 5 68 607 158 68 189 68 607
283 68 569 68 85 359 68 569 68 569 68 569 68 85 359
607 68 550 501 68 397 68 569 68 569 68 397 68 569 68 569 68 397
5 189 241 359
503 158 85
607 479 68 189 68 189 68 5
564
607 158 68 81 68 517
503 189 68 158 108 68 569 68 569 68 569 68 85 359
261 86 68 607 158 68 81 68 405 68 405 68 189 68 405 108
339 68 569 68 19 85
85 347 158 85 359 68 158 85 359
321 247
211 149
5 68 527 68 527 68 607 158 68 569 68 569 68 85 359
397 68 569 68 569 68 569 68 569 68 569 68 569 68 85 68 64 211 108
87 68 569 68 569 68 569 68 569 68 569 68 569 68 85
321 247 108
43 158 68 81 68 5 189 68 5 68 241
87 68 607 68 569 68 550 501 68 85 359 68 397 68 607 158 68 397 68 189 68 64 211 108
370 68 5 68 81 68 5 68 5 68 331 149
283 68 607 68 81 68 5 68 189 68 189 68 189 68 5
189 68 607 158 68 607 158 68 607 158 68 43 158 68 43 158 68 43 158 68 43 158 68 136 479
370 68 5 68 189 68 189 68 241 68 640
564
406 155
283 68 136 479
397 68 136 479 108
397 68 569 68 85 152 68 569 68 569 68 569 68 640
397 85 359 389 339 68 339
283 68 607 158 68 81 68 189 68 607 158 68 189 68 189 68 617 149
607 158 68 607 158 68 607 158 68 331
155 211
64 211 68 64 211
189 68 64 211 149
593 163 68 550 158 108 68 5 68 241 68 189 68 189 68 241 68 189 68 189 68 241
564 68 158 108 68 189 68 5 68 640
261 86 68 607 158 68 397 68 5 68 397 68 397 68 5 68 189 68 397
370 68 5 68 81 68 397 68 397 68 241 68 189 68 241 68 241 68 189 68 241
283 551
85 4 258 85
19 85 68 158 108
189 68 389 158 118 68 189 68 189
85 4
607 158 68 527 68 607 158 68 5 68 607 158 68 189 68 189 68 189 68 189 68 5 68 189 68 189 68 189 68 607 158 68 189 68 81 68 189 68 189 68 81 68 607 158 68 607 158 68 607 158 68 189 68 607 158 68 607 68 607 68 607 158 68 607 158 68 607 158 68 607 158 68 5 68 189 68 5 68 607 158 68 189 68 189 68 189 68 189 68 607 68 607 68 189 68 189 68 607
479
607 158 68 81 68 569 68 569 68 569
261 86 68 261 86 68 640
43 158 68 85 359 389 158 108 68 241 68 241 68 189
607 158 68 85 359
501 85 123 108 68 430 149
283 551 68 569 68 569 68 569 68 569 68 569
527 68 607 158 68 189 68 189 68 5 189 68 189 68 189 68 189 68 189
503 189 108 68 569 68 569 68 569 68 569 68 85
321 240 68 5 68 81 68 569 68 569 68 569
564 68 158 108 68 569 68 85 152
397 68 607 158 68 189 68 607 158 68 241
213 211 108 68 503 189 68 189 68 607 68 503 189
503 189 68 158 108 68 569 68 569 68 569 68 5 189 68 64 211 108
321 68 607 158 68 607 158 68 5 68 405 68 405 68 405
79 339 551 68 5
64 211 108 68 241 68 189 68 5 189 68 189 68 189 68 189 68 189 68 241
503 189 68 158 108 68 607 158 68 5 68 5 68 81
189 68 158 108 68 158 108 68 405 108 68 405
527 68 607 158 68 158 68 5 68 19 85 68 19 85 68 19 85 68 158 68 158 108
430 551
19 85 68 64 211 108
5 85
593 163 68 64 211 108 68 569 68 569 68 64 211 108 68 85 68 64 211 108
406 155 68 607 155 68 517 68 517
283 68 85 389 158 118
569 68 85 123 108 68 607 158 68 569 68 430 68 430 68 430 68 430
201 258 222 68 158 108 68 158 240 299
261 86 68 81 68 5 68 5 68 569 68 5
569 68 240 51 240
321 189
405 68 405 85
19 85 68 339 68 569 68 64 211 108
5 68 607 158 68 81 68 189 68 607 158 68 189 68 5
430 299 68 19 85 359
261 86 68 81
283 68 211 108 68 81
564 68 158 108 68 158 108 68 430 199
87 68 607 50 68 5
564 68 158 108 68 158 108 68 365 430
607 158 68 64 211 108 68 640
569 68 158 108 68 158 108 68 158 108 68 569 68 189
261 86 68 245 449 68 517 68 517 68 517
607 479 68 517 68 405 108
211 405
4 85
397 68 607 50
64 211 68 569 68 569 68 64 211 108 68 569 68 64 211 68 64 211
607 479 68 5 68 5 68 5 68 5 68 5 189 68 241 68 241
19 85 68 70 189
85 359
240 389 85 359
283 68 550 501 68 397 68 19 85 68 569 68 569 68 569 68 64 211
49 68 158 108 68 19 85 68 607 158 68 19 85 68 189 68 19 85
283 68 85 359 68 241 68 640 68 640
64 211 108 68 19 85
261 86 108
569 68 158 108 68 5 189 68 241 68 241 68 189 68 189 211 108
261 86 68 124 68 19 85
70 339
397 68 241 68 241 149
283 68 550 501 68 189 68 189 68 64 211 108
211 240 211
87 68 158 108 68 5 189 68 241 68 241 359 389 85 359 68 241 68 241
189 68 607 158 68 397 68 607 158 68 517 68 189 68 189 68 189
19 85 68 158 108 68 158 543
503 158 68 158 108 68 569 68 569 68 85 359 68 85 359 68 85 359
43 158 108
43 158 68 85 359 68 397 68 607 158 68 85 359 68 85 359
283 68 5 68 81 68 397 68 5 68 241 68 189 68 5 68 189 68 189
607 158 68 5 68 85 359 68 85 359 211 108 68 85 359 68 85 359
527 68 607 158 68 607 158 68 607 158 68 43 158 68 43 158 68 189
503 158 108
87 68 607 158 68 370 68 5 68 331 149 68 189 68 189 68 607 158 68 189 68 5 68 607 158 68 189 68 607 158 68 569 68 81 68 569 68 189 68 189 68 331 149 68 81 68 81 68 569 68 189 68 189 68 569 68 569 68 607 158 68 607 158 68 607 158 68 569 68 569 68 5 68 397 68 189 68 189 68 607 158 68 189 68 189 68 189 68 189 68 70 158 68 189 68 189 68 607
5 189 85 359
85 4 149
261 86 68 607 158 68 5 189
5
430 543 211
261 86 68 81 68 189 68 517 68 517 68 517 85
607 158 68 81 68 158 108
389 339
85 359
211
517 68 517
43 158
261 86 68 124
240 550 158 108 68 240 211 108
194 543 68 5 189
370 68 5 68 158 108 68 569 68 19 85
607 479 68 607 158 68 81 68 405 68 405
87 5
430 68 245 449 68 569 68 85 359
339 551 68 569 68 569 68 569 68 569 68 569 68 85 4 108
607 158 68 5 68 370 68 5 68 5 68 607 158 68 5 68 607 158 68 189 68 5 68 189 68 189 68 607 158 68 607 158 68 5 68 527 359 68 189 68 607 158 68 189 68 189 68 359 68 241 68 607 158 68 241 68 5 68 5 68 607 158 68 607 158 68 5 68 5 68 5 68 5 68 5 68 5 68 359 68 359 68 189 68 359 68 359 68 189 68 5 68 607 50 68 189 68 607
258 430
87
189 68 19 108 68 19 85
189 68 607 158 68 81 68 189 68 607 158 68 189 68 189 68 189
64 211 108 68 607 158 68 5 68 81 68 19 85 68 189 68 189 68 189 68 607 158 68 19 85 68 607 158 108 68 19 85 68 19 85 68 19 108 68 81 68 19 108 68 81 68 81 68 19 108 68 569 68 569 68 569 68 569 68 607 158 68 607 158 68 607 158 68 569 68 81 68 5 68 569 68 189 68 81 68 189 68 189 68 189 68 241 68 189 68 607 158 68 189 68 189 68 607
607 158 68 527 68 607 158 68 607 158 68 5 68 527 359
43 158 149
19 85
503 189 68 607 68 607 158 68 5 68 189 68 189 68 189 68 397
283 68 5 68 81 68 43 158 68 43 158 68 43 158 68 43 158 108
593 163 68 550 501 68 397 68 397 68 569 68 397
321 189
189 68 81 68 569 68 569 68 569 108
503 158 108 68 158 108 68 397 68 607 158 68 397 68 189 68 85 359
240 211 108
5 68 81 68 189 68 189 68 517 68 517
569 68 213 68 64 211 108 68 617 68 640 68 640 68 640
593 163 68 19 85 68 19 85 68 569 68 569 68 64 211 108
283 68 607 68 397 68 607 158 68 607 158 68 397 68 189 68 397
201 642 211
283 68 607 158 68 527
197 86 108
64 211 108 68 640
283 68 158 108 68 158 108 68 19 85 68 19 85 68 158 108
5 68 607 158 68 81 68 189 68 607 158 68 189 68 5
189 68 607 68 607 158 68 569 68 569 68 569 68 153 189 68 64 211
607 479 68 245 449 68 43 158 68 517 68 517
5 68 642 211 108
564 68 245 449
261 86 68 81 68 517 68 5 68 189 68 189
213
5 68 81 68 569 68 569 68 569 68 569
87 68 607 158 68 397 68 397 68 241 68 241 68 241 68 241
479
283 68 158 108 68 517 68 517
5 68 607 158 68 189 68 5 68 241 68 241 68 241 68 241 68 241 68 189 68 241
261 86
261 86 68 5 68 81 68 81 68 640
261 86 68 124 68 124
194 543
607 479 68 607 158 68 397 68 569 68 569 68 569 68 189 68 64 211
194 149
339 551
611 74
261 86 68 569 68 569 68 569 68 569 108
261 86
211 85 359
607 158 68 397 68 397
261 86 68 5 189 149
64 211 68 550 158
189 68 569 68 397 68 397 68 397 68 569 68 397 68 397
283 68 339 68 397 68 569 68 569 68 569 68 569 68 189
5 68 81 68 189 68 189 68 640 68 640 68 5 189
347 501 68 347 501
564
503 189 68 607 158 68 569 68 569 68 85 359
64 211
642 211 68 158 108 68 43 158 108
283 68 158 108 68 5 68 189 68 189 68 189 68 189 68 85 68 189 68 189 68 85 68 607 158 68 189 68 85 68 189 68 5 68 85 68 527 359 68 527 359 68 189 68 189 68 527 359 68 189 68 189 68 189 68 189 68 189 68 527 359 68 189 68 607 158 68 607 50 68 607 158 68 85 359 68 189 68 5 68 189 68 189 68 189 68 189 68 189 68 607 50 68 189 68 189 68 607
503 189 68 189 68 189 68 189 68 405
152 68 5 68 569 68 189 68 189 68 569 68 189
197 86 68 5 189 68 81
85 359
43 158 68 617
5 189
406 247 85 68 640
189 68 607 158 68 241 68 241 68 241 68 241 68 241 68 430 68 430 68 241
211 149
406 149
365 152
64 211 68 569 68 569 68 85 359
261 86
189 68 64 211 68 607 68 331 68 331 68 331
85 365 430 68 19
406 155
276 85
5 189 108
430 299
283
5 189 68 607 158 68 569 68 569 68 569 68 569 68 241
261 86 68 5 68 81 68 5 68 241 68 640 68 241 68 241 68 397
240 550 158 108 68 189 68 5 189 68 430 359
4 85
389 339
43 158 108
43 158 118
87 68 19 85 68 19 85 68 19 85 68 19 85
564 68 569 68 19 85 68 5 68 85 359 68 189
531 359
283 68 189 68 640
607 479 68 397 68 569 68 569 68 569 68 569 68 569 68 241 68 397
370 68 5 68 569 68 569 68 569 68 569 68 569 68 550 501
87 68 607 158 68 5 68 189 68 5
64 211 108 68 517 68 5 68 640 68 640
85 211
261 86 68 124 68 64 211 108 68 569 68 569 68 64 211 108 68 64 211 108
283 68 158 108 68 607 158 68 607 158 68 189 68 5 189 68 189 68 189
283 68 550 501 68 189 68 5 189 68 189 68 189 68 189 68 189 68 189 550 158 108
370 68 5 68 81 68 189 68 5 68 189 68 189 68 189 68 189
64 211 68 517 68 517 68 517 68 517
389 339 551 68 607 158 68 189 550 158 118
430 68 5 68 81 68 189
569 68 569 68 85 359 68 19 85 68 19 85
19 85 68 70 158
611 74
607 479 68 136 479 68 517 359
405 68 64 211 108 68 64 211 108
87 68 81 68 569 68 569 68 64 211 108 68 640 68 64 211 108 68 64 211 108
261 86 68 569 68 640
258 430
430 199
430 85 4 85 359 68 19 85
152 550 501 68 85 359 68 79 430 359
607 479 68 43 158 68 43 158 68 331 149 68 189 68 241 68 241 68 189 211
607 158 68 359 389 158
261 86 108
321 194 68 550 86
607 158 68 331
397 68 5 68 81 68 5 68 569 68 569 68 640
85 359
406 158 118
405 108 68 5 189 68 81
607 158 68 81 68 189 68 241 68 241 68 241 68 241 68 241 68 241 68 241
564 68 124 68 405 108 68 189 68 405 68 405
43 158 68 5
64 211
503 158 108
189 68 527 68 607 68 189 68 365 430
607 479 68 81 68 5 68 189 68 19 85 68 189 68 5 68 189 68 189 68 5 68 241 68 189 68 81 68 19 85 68 569 68 81 68 85 68 81 68 81 68 81 68 81 68 81 68 81 68 569 68 81 68 569 68 569 68 81 68 81 68 189 68 81 68 81 68 569 68 5 68 5 68 569 68 189 68 5 68 81 68 189 68 189 68 189 68 569 68 81 68 241 68 189 68 189 68 189
5 68 5 68 5
617 68 405 85
283 68 158 108 68 607 68 607 158 68 397 68 189 68 607 158 68 189 68 189 68 607 158 68 189 68 189 68 607 158 68 397 68 569 68 85 359 68 81 68 607 158 68 569 68 81 68 607 158 68 189 68 607 158 68 569 68 81 68 607 68 607 68 607 68 607 50 68 397 68 607 158 68 397 68 397 68 607 68 607 68 189 68 189 68 607 158 68 607 50 68 607 68 189 68 189 68 607
87 68 19 85 68 607 158 68 85 68 569 68 85 68 85 68 85 359 68 397 68 569 68 569 68 569 68 85 359 68 569 68 569 68 85 359
87 68 607 68 5 68 5 68 5 68 189
211 543 68 607 158 68 397 68 607 158 118
430
19 85 68 70 189
19 68 339 68 339
51 86 68 124
240 389 339
283 68 158 108 68 569 68 569 68 241 68 569 68 640
283 68 607 68 397 68 397 68 607 158 68 397 68 397 68 607 158 68 397 68 397 68 607 50
569 68 569 68 569 68 569 68 569 68 569 68 569 68 569 68 569
283 68 158 108 68 397 68 158 108 68 569 68 85 359 68 85 359 68 397 68 189 68 607 158 68 607 158 108 68 397 68 397 68 85 359 68 85 359 68 81 68 85 359 68 81 68 81 68 607 158 68 397 68 607 158 68 607 158 68 607 158 68 397 68 607 158 68 397 68 397 68 85 359 68 397 68 397 68 85 359 68 189 68 189 68 397 68 397 68 607 158 68 607 50 68 189 68 607
19 85 68 158 108
569 68 397 68 569 68 397 68 569 68 569 68 397 68 85 359 68 397 68 397 68 569 68 569 68 397 68 397 68 397 68 397 68 85 359
189 68 607 158 68 81 68 5 68 607 158 68 189 68 189 68 189 68 189 68 5
527 68 607 158 68 550 158 68 5 68 85 68 85 68 85 68 64 211 108
283 68 550 501 68 85 68 5 68 85 359 68 189 68 189 68 64 211 108
283 68 158 108 68 5 68 189 68 640
527 68 607 158 68 189 68 607 158 68 607 158 68 189 68 189 68 189 68 189 68 241
527 68 607 158 68 81 68 189 68 189 68 189 68 189 68 64 211 108
4 85
406 501
527 68 607 158 68 569 68 85 68 85 359 68 85 347 501 68 85 359 68 189 68 85 359 68 189 68 85 359 68 85 359 68 397 68 85 359 68 569 68 569 68 569 68 569 68 569 68 569 68 569 68 569 68 85 359 68 569 68 569 68 569 68 569 68 569 68 85 359 68 85 359 68 85 359 68 85 359 68 85 359 68 189 68 85 359 68 85 359 68 189 68 85 359 68 189 68 189 68
370 68 5 68 81 68 158 108 68 19 85
87 68 607 158 68 607 158 68 397 68 607 158 68 607 158 68 607 158 68 397 68 607 158 68 607 158 68 607 158 68 569 68 569 68 81 68 569 68 81 68 607 158 68 607 158 68 607 158 68 607 158 68 607 158 68 607 158 68 607 158 68 607 158 68 607 158 68 607 158 68 569 68 607 158 68 397 68 607 158 68 397 68 189 68 607 158 68 397 68 607 158 68 607 158 68 607 158 68
503 189 68 607 68 607 158 68 5 68 170 108 68 503 189 68 607 158
87
607 479 68 85 299 68 19 85 68 19 85 68 19 85 68 85 68 19 85
339
189 68 339 68 569 68 569 68 85 359 68 569 68 241
283 68 158 108 68 5 189 68 5 189 68 241
406 85
503 189 68 158 108 68 189 68 569 68 569 68 189
607 68 5 68 397 68 397 68 397 68 397 68 397 68 397
85 123 68 607 158 68 397 68 569 68 5 68 189 68 5 68 189 68 189 68 189 68 245 449
4 189
527 68 607 158 68 5 68 189 68 189 68 189
321 240 359
87 68 569 68 569 68 19 85 68 569 68 241 68 241
430 68 607 158 68 5 189 68 5 189 68 241
406 158 68 607 68 81 68 517 68 517 68 517 68 517
283 68 550 501 68 5 68 543 211 543 68 189
283 68 85 68 569 68 405 68 405 68 569 68 405
261 86 68 261 86 68 640
283 68 607 158 68 397 68 5 68 19 85
607 479 68 569 68 569 68 569 68 569 68 569 68 85 359
5 189 68 642 211 108 68 43 158 118
283 68 550 501 68 569 68 569 68 64 211 108
607 479 68 359 68 397 68 569 68 569 68 569 68 569 68 241
283 68 158 108 68 5 189 68 241 68 241 68 241
43 158
370 68 5 68 81 68 158 108 68 158 108 68 158 108
569 68 19 85 68 19 85 68 158 108 68 569 68 189 68 64 211
155
261 86
642 211
87 68 607 158 68 397 68 397 68 397 68 397 68 397 68 397
283 68 517 68 550 501 68 189 68 607 158 68 397 68 241 68 640 68 189
503 158 108 68 158 108 68 397 68 607 158 68 397 68 189 68 85 359
339 551 68 158 108 68 158 108
339 551
258 430
276 85 68 158 108 68 158 108
283 68 241 68 241
283 68 5 68 85 359 68 5 68 241 68 241 68 189 68 241 68 189 68 189
397
197 86 68 81 68 640
261 86 68 607 158 68 5 68 241 68 640
607 158
85 4 258 359
564 68 430 299
211 108
607 158 68 81 68 189 68 5 68 5 68 189 68 189 68 189 68 189 68 5 189 68 241
5 189
283 68 85 123 108 68 19 85 68 19
527 68 5 68 5 68 397 68 397 68 397
49 68 245 449
86 163 68 550 501 68 397 68 607 158 68 569 68 189 68 607 158 68 397 68 189 68 607 50
607 68 5 68 359 68 397 68 359
321 247
87 449 68 607 68 189
593 163 68 19 85 68 607 158 68 85 68 241 68 85 68 241 68 241 68 189
283 68 64 211 108 68 189 68 64 211 68 64 211 68 64 211 68 64 211
261 86 68 124 68 550 501 68 43 158 68 517
564
87 68 527 68 607 158 68 397 68 85 359 68 397 68 85 359 68 397 68 397 68 569 68 569 68 85 359
503 158 108
211 68 607 68 397 68 607 158 68 397 68 397 68 397 68 607 158 68 397 68 5 68 607 158 68 397 68 397 68 397 68 397 68 70 158 68 397 68 81 68 607 158 68 81 68 81 68 347 158 68 397 68 397 68 397 68 70 158 68 347 501 68 397 68 397 68 397 68 397 68 397 68 397 68 397 68 397 68 347 158 68 397 68 397 68 397 68 397 68 347 158 68 607 158 68 189 68 607
283 551 68 607 158 68 189 68 85 359 68 397 68 189 68 85 359 68 397 68 607 158 108 68 607 158 108 68 339 68 397 68 85 359 68 85 359 68 85 359 68 19 85 359 68 569 68 19 85 359 68 397 68 569 68 569 68 569 68 550 158 68 397 68 397 68 569 68 397 68 85 359 68 397 68 397 68 85 359 68 397 68 189 68 607 158 68 397 68 607 158 68 607 158 68 189 68 550
211 68 19 85 68 19 85 68 19 85 68 19 85 68 19 85
87 68 607 68 569 68 569 68 607 158 68 569 68 569 68 607 158 68 569 68 189 68 607 158
283 68 43 158 68 258 149 68 43 158 68 517 68 43 158 68 149
642
397 68 5 68 397 68 397
253 359
339 551 68 389 158 118 68 189 211 118
43 158 68 81 68 5 68 189 68 5 68 607 158 68 5 68 189 68 189 68 5 68 607 158 68 189 68 365 430 199
5 543 258 85
283 68 5 68 607 158 68 397 68 241 68 189 68 189 68 241 68 189 68 189 68 241 68 607 158 68 189 68 241 68 397 68 397 68 241 359
543 51 85
189 68 158 108 68 5 189 68 189 68 241 68 241
189 68 64 211 108 68 189 68 64 211 108 68 569 68 64 211 108
283 68 5 68 241 68 189 68 241 68 241 68 241
527 68 607 158 68 81 68 189 68 189 68 189 68 189
593 163 68 550 501 68 189 68 5 68 569 68 189 68 189 68 189 68 189
253
607 158 68 607 68 397 68 397 68 607 158 68 569 68 397 68 397 68 569 68 241
503 189 68 607 68 607 158 68 5 68 189 68 189
503 189 68 19 85 68 19 85 68 19 85 68 19 85 68 19 85 68 19 85
501 85 68 517 68 158 108 68 19 85 68 503 158
19 85 359
397 68 64 211 108
283 68 607 68 81 68 189 68 5 68 189 68 189 68 189 68 189 68 189 68 617
149
503 189
261 86 68 124 68 569 68 85 68 85 359
19 85
503 189 68 607 158 68 5 68 81 68 640 68 397 68 5 68 640 68 397
87 68 569 68 569 68 569 68 569 68 640 68 640
86 163 68 607 158 68 397 68 81 68 569 68 569 68 5 68 397 68 397 68 569 68 569 68 569 68 81
283 68 517 68 517
430 299
531 359
430 149
283 68 5 68 54 86
430 85 68 405 85
43 158 68 258 149 68 43 158 68 5 189 68 241 68 241
370 68 569 68 569 68 569 68 569 68 569 68 569 68 569 68 569 68 569
503 158 108
607 158 68 527 68 19 68 19 85 68 19 85 68 430 68 19 85 68 19 85
501 85 123 108 68 640
611 86 149
569 68 569 68 241 68 189 108
189 68 607 158 68 81 68 189 68 607 158 68 189 68 189 68 607 158 68 189 68 517
527 68 607 158 68 397 68 607 158 68 397 68 397 68 85 359
617
593 163 68 607 158 68 397 68 607 158 68 640
527 359 68 550 158 108
19 85 68 158 108 68 241 68 241 68 241
87 68 170 299
85 70 158
370 68 5 68 81 68 5 189 68 241 68 241 68 241 68 241 68 241
79 158 108 68 64 211 108
64 211 108 68 569 68 158 108 68 64 211 108
503 189 108
527 68 19 68 19 85 359
64 211 68 640
87 68 607 158 68 189 68 189 68 85 359
240 389 158
79 158
283 68 550 501 68 397 68 397 68 569 68 397 68 397 68 397
283 68 158 108 68 331 68 331 85 68 331
607 158 68 81 68 397 68 241 68 241 68 241 68 241
503 189 68 189 68 189
593 163 68 550 501 68 189 68 43 158 68 43 158 68 189 68 189 68 43 158 68 43 158 68 43 158 68 43 158 68 43 158 68 43 158 68 81
569 68 81 68 569 68 85 68 85 68 569 68 569 68 85 68 85 68 569 68 569 68 569 68 569 68 85 68 85 68 569 68 569 68 85 68 569 68 569 68 85 68 569 68 569 68 81 68 569 68 569 68 569 68 569 68 569 68 569 68 569 68 569 68 569 68 569 68 569 68 85 359 68 85 359 68 569 68 569 68 569 68 85 359 68 569 68 569 68 569 68 569 68 569 68 569 68 569
607 479 68 607 158 68 189 68 607 158 68 189 68 189 68 607 158 68 189 68 43 158 68 517
607 155 68 569 68 569 68 569 68 569 68 569 68 569 68 85
607 158 68 85 68 170 108 68 5 189 68 189
189 68 607 158 68 397 68 607 158 68 397 68 397 68 607 158
321 247 68 640 68 640
283 68 607 68 397 68 397 68 397 68 397 68 397 68 397 68
321 247 68 19 85 359
276 85
19 85 68 5 68 640 68 241 68 241
197 86 68 5
87
87 68 569 68 158 108 68 569 68 64 211 108
564 68 158 108 68 517
370 68 5 68 397
258 149 68 19 85 68 19 85
189 68 607 68 5 68 397 68 607 158 68 5 68 189 68 397
189 68 85 347 501 68 397 68 85 359 68 397 68 189 68 85 359 68 397 68 241
527 68 607 158 68 283 68 569 68 569 68 569
321 189
283 551
253 68 607 158 68 136 479
240 211 108
283 68 517 68 517 68 397 68 607 158 68 517
430 68 550 158 108 68 5 189 68 405 543
607 158 68 5
189 68 607 158 68 397 68 569 68 85 359 68 430 68 85 359 68 85
86 163 68 550 501 68 397 68 397 68 397 68 397 68 397 68 569 68 397 68 397 68 569 68 397
87 68 81 68 517
607 158 68 85 359 389 158 108
569 68 81 68 5 68 189 68 5 68 569 68 189 68 5 189 68 189 68 241
261 86 68 607 158 68 81 68 517 68 517
261 86
569 68 152
564 68 158 108 68 189 68 5 68 640
607 479 68 607 158 68 85 68 607 158 68 397 68 189 68 85 359 68 189 68 189 68 85 359 68 607 158 108 68 85 359 68 607 158 68 85 359 68 189 68 607 158 68 189 68 607 158 68 607 158 68 607 158 68 607 158 68 607 158 68 607 158 68 607 158 68 607 158 68 397 68 85 359 68 397 68 397 68 5 68 189 68 189 68 189 68 607 158 68 607 158 68 607 158 68 607 158 68
261 86 68 370 68 5 68 81
430 449
283 68 158 108 68 517 68 5 189 68 607 158 68 430
607 68 569 68 569 68 569 68 569 68 569 68 569 68 569 68 569 68 397
564 149
397 68 124
607 158 68 397 68 569 68 569 68 569 68 569 68 569 68 85 359
87
5 189
321 68 5 68 189 68 5
397 68 640 68 640
261 86 68 81 68 189 68 569 68 569 68 569 68 85
189 68 607 158 68 550 158 68 607 158 68 397 68 607 158 68 550 158 68 607 158 68 607 158 68 189 68 607 158 68 607 158 68 70 158 68 70 158 68 81 68 607 158 68 81 68 81 68 607 158 68 607 158 68 607 158 68 70 158 68 607 158 68 607 158 68 607 158 68 81 68 607 158 68 397 68 397 68 607 158 68 189 68 189 68 607 158 68 189 68 607 158 68 607 158 68 607 158
5 85
283 68 607 68 397 68 397 68 397 68 397 68 397 68 397 68 397 68 397 68 397 68 569 68 397
527 68 607 50 68 517
5 68 124
4 85 4
593 163 68 617 149 68 517
283 68 5 68 527 68 397 68 397 68 397 68 397 68 397 68 397
283 551
19 85 68 158 108 68 158 108
5 189
189 68 550 501 68 189 68 64 211 108 68 569 68 64 211 108
607 158 68 527 68 5
397 68 607 158 68 607 158 68 607 158 68 397
64 211 108 68 569 68 397 68 569 68 569 68 569 68 85 359 68 569 68 241 68 241 359
19 85 68 158 108 68 158 108
283 68 258 68 640 68 640
87 68 607 158 68 253 68 607 158 68 607 158 68 607 158 68 607 158 68 43 158 68 19 85
569 68 19 85 68 19 85 68 19 85 68 19 85 68 19 85 68 19 85
283 68 158 108 68 607 158 68 5 68 19 85 68 189 68 85 68 607 158 68 5 68 607 158 68 189 68 527 359 68 569 68 70 158 68 527 359 68 527 68 527 359 68 81 68 81 68 607 158 68 189 68 607 158 68 607 68 607 68 607 158 68 607 158 68 607 158 68 569 68 81 68 569 68 569 68 81 68 607 158 68 189 68 189 68 189 68 189 68 70 158 68 607 158 68 189 68 607
261 86 68 124
607 158 68 85 359
211 108
370 68 5 68 81 68 189 68 189 68 569 68 189 68 189 68 241
283 68 550 501 68 189 68 189 550 501 68 189
189 68 64 211 108 68 153 189 68 64 211 108
370 68 5 68 81 68 189 68 607 158 68 397 68 189 68 607 158 68 397
4 85 4
85 359
527 68 607 158 68 527 359 68 397 68 397 68 397
359 550 339 68 550 339
607 158 68 397 68 569 68 569 68 569 68 569 68 569 68 85 359
339 359 389 339
5 68 617
283 68 607 68 81 68 189 68 189 68 569 68 189 68 189 68 64 211 108 68 189 68 64 211 108
19 85 68 158 108 68 5 68 189 68 189 68 43 158 108 68 189 68 189 68 43 158 108
283 68 607 158 68 569 68 430 68 430
87 68 607 158 68 397 68 397 68 607 158 68 397 68 397 68 607 158 68 397 68 607 158 68 397 68 397 68 397 68 397 68 397 68 607 158 68 397 68 397 68 607 158 68 397 68 607 158 68 397 68 397 68 397 68 397 68 397 68 607 158 68 397 68 397 68 397 68 397 68 397 68 397 68 397 68 397 68 397 68 397 68 397 68 397 68 397 68 397 68 607 158 68 397 68 397 68 607
406 85
607 479 68 642 68 607 158 68 85 68 5 68 189 68 85 359
64 211 108 68 569 68 640 68 640 68 640 68 640 68 640
85 359 68 5 68 189 68 189 68 397 68 189 68 189 68 5 189
258 189 68 158 108 68 189 389 158 118
569 68 108 68 158 108 68 5 68 5 189 68 189 68 189 68 64 211
283 68 550 501 68 397 68 189 68 397 68 397 68 189 68 241 68 189 68 241
503 158 108
261 86 68 81
283 68 5 68 81 68 189 68 189 68 189
189 68 550 158 108 68 607 158 68 607 158 68 241 68 241 68 241 68 189
87 68 607 158 68 397 68 397
85 359
170 68 5
607 479
607 158 68 607 158 68 607 158 68 331
527 68 607 158 68 527 68 189 68 331
19 85 68 19 85 68 569 68 19 85 68 569 68 569 68 85 68 569 68 569 68 64 211 108
87 68 19 85 68 339 68 397 68 339 68 339 551 68 339 68 339 68 397 68 339 68 339 68 339 68 397 68 339 68 397 68 397 68 569 68 569 68 569 68 569 68 569 68 569 68 569 68 569 68 397 68 569 68 569 68 569 68 569 68 569 68 397 68 569 68 569 68 569 68 85 359 68 85 359
43 158 68 81 68 189 68 5 68 405 68 405 543 211 543 68 189 68 189
607 479 68 607 158 68 189 68 189 68 158 68 43 158 68 189 68 189
503 189 68 607 158 68 5 189 68 5 189 68 5 189 68 241 68 189 68 189
87 68 370 68 397 68 397 68 370 68 321 240 68 397 68 241
607 479 68 642 211 68 397 68 19 85 68 19 85 68 241 68 19 85 68 241
527 68 607 158 68 158 68 158 108
397 68 81 68 19 85 68 19 85
564 68 158 108 68 43 158 68 43 158
19 85
4 85
406 240
89
19 108 68 19 85 68 19 85 68 19 85 68 19 85 68 19 85 68 19 85 68 19 85 68 19 85 68 19 85 68 19 85 68 19 85 68 19 85 68 19 85 68 19 85 68 19 108 68 19 85 68 569 68 569 68 569 68 19 85 68 19 85 68 569 68 569 68 19 85 68 85 68 85 68 569 68 569 68 569 68 569 68 569 68 569 68 569 68 569 68 19 85 68 19 85 68 19 85
152 68 640
240 389 158 118
607 158 68 397 68 241 68 189 68 241 68 241
607 158 68 81 68 64 211 108
19 85 68 19 85
479 211 543
607 479 68 5 189 68 189 550 158 118
19 85
5 68 81 68 189 68 189 68 241 68 241 68 189 211 108 68 241 68 189 68 241
501 85 123 85 68 158 108
283
321 359
258 149
405 189 68 479
339 551 68 158 108 68 158 543 389 158 118
607 158 68 241 359
240
261 86
79 158 240
43 158 108
87 449 68 158 108 68 397 68 19 85 359
397 68 19 68 19 85 68 19 85
283 68 5 68 19 85
283 68 158 108 68 189 68 43 158 68 43 158 68 43 158 68 189
607 158 68 85 299 68 189 68 607 158 68 189 68 189 211 108 68 189 68 189 68 241 68 241 359 389 158 68 607 158 68 189 68 241 359 68 189 68 189 68 189 68 569 68 189 68 241 359 68 189 68 189 68 241 359 389 158 68 189 68 607 158 68 189 550 158 359 389 158 359 389 158 68 189 68 189 68 389 158 359 68 189 68 189 68 389 158 68 189 389 158 68 189 68 189 68 189 68
501 85 68 569 68 569 68 569 68 569 68 569 68 569 68 64 211 108
155 85 359
569 68 240 211 108 68 241 68 241 68 241 68 640
283 68 607 158 68 397 68 397 68 397 68 397 68 189 68 607 158 68 397 68 607 158 68 607 158 68 397 68 397 68 397 68 397 68 527 359 68 189 68 527 359 68 347 158 68 81 68 527 359 68 397 68 397 68 569 68 347 501 68 607 158 68 397 68 397 68 397 68 397 68 397 68 397 68 397 68 397 68 347 501 68 189 68 189 68 397 68 397 68 347 501 68 607 68 189 68 607 68
347 158 359
607 479 68 81 68 5 189 68 569 68 569 68 405
197 86 68 569 68 189 68 70 158
339
370 68 5 68 81 68 189 68 569 68 19 85
64 211 68 5 68 81 68 189 68 5 68 607 158 68 189 68 607 158 68 189 68 5 68 607 158 68 189 68 5 68 189 68 5 68 81 68 189 68 189 68 81 68 189 68 81 68 81 68 607 158 68 189 68 607 158 68 70 158 68 607 158 68 189 68 5 68 5 68 5 68 5 68 5 68 189 68 5 68 81 68 189 68 189 68 189 68 189 68 43 158 68 607 158 68 189 68 189 68
406 501 68 5 68 81 68 189 68 5 189 68 43 158 108
564 68 158 108 68 569 68 85 347 501 85 68 85 68 85
4 240
607 155 68 5 189 68 81
201
261 86 68 124 68 550 501 68 397 68 397 68 397 68 397 68 64 211 108
189 389 158 240 68 241
5 68 81 68 189 68 607 158 68 5 68 189 68 189 68 189
43 158 68 85 299 68 607 158 68 5 189 68 241 68 189 68 241 68 189 68 241
261 86 68 569 68 569 68 569 68 64 211 108
503 189 68 370 68 5 68 241 68 640
339 551 68 569 68 607 158 68 569 68 607 158 68 189 68 64 211
430 4 85 359
253 359 68 241 359
64 211
258 430
197 86 68 607 158 68 397 68 397 68 241 68 397 68 241 68 241 68 397 68 241 68 241 68 607 158 108 68 241 68 397 68 397 68 241 68 85 359 68 85 359 68 397 68 397 68 241 359 68 397 68 241 68 241 68 397 68 397 68 607 158 108 68 397 68 397 68 397 68 397 68 397 68 397 68 397 68 397 68 397 68 397 68 607 158 118 68 397 68 241 68 241 68 397 68 397 68 607
240 389 158
283 68 5 68 189 68 189 68 241 222
527 68 607 68 527 68 607 158 68 189 68 189
85 389 158 108 68 5 189 68 241 359 389 158 118
283 68 64 211
211 108 68 5
189 68 331 149
189 68 158 108 68 158 108 68 158 108
4 430 359
189 68 607 68 569 68 189 68 569 68 569 68 189 68 189
405 240
197 85
189 68 240 550 158 108 68 241 68 241
527 68 19 85 68 158 108
85 359
611
607 158 68 170 68 569 68 240 211 108
283 68 607 158 68 81 68 189 68 607 158 68 189 68 5 68 189 68 189
79 158 240
197 86 85 68 158 108 68 569
64 211 543
569 68 81 68 5 68 81 68 5 68 640
283 68 5 68 370 68 5 68 54 86 68 397 68 5 68 241 68 397 68 397 68 5 68 241
564 68 64 211 108 68 640
261 86 68 607 158 68 5 68 331 149 68 640 68 640 68 640 68 640 68 241
503 158 108 68 158 108 68 19 85 68 19 85 68 19 85 68 19 85
261 86 68 81
5 68 607 158 68 5 68 5 68 241 68 397 68 5 68 241 68 189 68 189 68 241 359
430 199 85
283 68 607 68 550 501 68 397 68 43 158 68 43 158 68 189 68 397
283 68 5
87 68 158 108 68 569 68 569 68 569 68 19 85 68 19 85 68 430
321 149
283 68 550 501 68 397 68 569 68 569 68 569 68 85 359 68 85 359 68 397 68 569 68 569 68 569 68 85
503 189 68 124 68 405 68 405 68 405 68 405 68 405 108
642 68 5 68 81 68 81 68 5 68 640 68 189 68 189 68 189 68 189
283 68 550 501 68 189 68 85 68 85 68 85 347 501 68 607 158 68 189 68 5 68 64 211 68 189 68 85 68 85 68 85 68 81 68 81 68 81 68 81 68 81 68 81 68 81 68 81 68 189 68 189 68 569 68 569 68 81 68 81 68 607 158 68 81 68 81 68 397 68 397 68 85 359 68 189 68 81 68 81 68 189 68 189 68 64 211 68 189 68 81 68 64 211 68 189 68 550
607 479 68 517 68 569 68 158 68 19 85 68 517 68 607 158 68 517
87 68 607 158 68 397 68 397 68 607 158 68 397
397 68 241 68 607 158 68 397 68 241 68 241 68 397 68 241 68 241 68 397
283
406 158 258 149 68 430 149
19 68 339 68 569
85 123 85 68 430 199
87 68 19 85 68 158 108 68 19 85 68 19 85 68 19 85 359
370 68 5 68 85 359
194 543 68 155
283 68 607 158 68 189 68 5 68 241 68 189 68 189
283 68 158 108 68 158 108 68 158 108 68 430
607 158 68 5
261 86 68 370 68 5 68 81 68 569 68 569
564 68 527 68 607 158 68 397 68 85 359
479 68 5 189 68 5
569 68 85 347 501 68 189 68 64 211 108
5
564 68 517 68 517
479 85 347 158 118
85 389 158 118
503 189 68 607 158 68 5 68 189 68 64 211 108
211 108 68 158 108 68 430 359 68 430 359
64 211 68 430 68 158 543 68 430 68 430 68 430 68 430 68 430
189 68 550 158 108 68 189 68 5 68 405 68 189 68 5 189
261 86 68 607 158 68 370 68 5 68 370 68 5 68 370
527 68 607 158 68 258 68 517 68 517
283 68 607 158 68 527 359 68 607 158 68 397 68 189 68 607 158 68 189
430 199
527 68 607 158 68 397 68 397 68 397
370 68 5 68 569 68 569 68 19 85
87 68 245 449 68 397 68 397 68 397 68 397
283 68 517
4 85
569 68 158 108 68 517 68 517 68 517
503 158 108
4 240
261 86 68 245 449 68 158 108 68 569 68 569 68 569 68 19 85
189 68 607 68 5 68 189 68 397 68 569 68 189
4 85
85 359
503 189 68 158 108 68 517 68 517 68 517 68 517 68 517
527 68 607 158 68 81 68 569 68 569 68 569 68 64 211 108
5 543
370 68 5 68 81 68 5 68 640 68 640 68 5
503 189 68 158 108 68 569 68 569 68 569 68 569 68 85 359
370 68 5 68 81 68 81 68 81 68 158 108
607 158 68 170 68 503 158 68 607 158 68 607 158 68 607 158 68 607 158 68 189 68 136 479
283 68 607 158 68 5 68 189 68 5
283 68 5 68 81 68 189 68 189 68 569 68 189 68 189 68 64 211 108
607 158 68 85 359 68 640 68 640
527 68 607 158 68 5 68 189 68 85 68 189 68 189 68 85 68 189 68 189 68 241 68 241 68 189 68 241 68 397 68 397 68 85 359 68 85 359 68 85 68 81 68 569 68 81 68 607 158 108 68 189 68 241 68 569 68 607 158 108 68 397 68 397 68 5 68 397 68 397 68 85 359 68 397 68 397 68 642 211 108 68 189 68 607 158 68 189 68 241 68 607 158 68 189 68 607 158
569 68 245 449 68 158 108 68 158 108 68 569 68 189 68 189
5 189
194 543
370 68 5 68 85 359
240 550 158 108 68 189 68 640
503 189 68 158 108 68 569 68 569 68 517
197 85 359
552 85
189 68 158 108 68 158 108 68 158 108 68 19 85
503 189 68 607 158 68 189 68 607 158 68 569 68 189 68 64 211
527 68 607 158 68 607 158 68 5 68 85 359 68 189 68 85 68 189 68 189 68 241 68 43 158 68 43 158 68 241 68 43 158 68 241 68 189 68 189 68 85 359 68 189 68 43 158 68 241 68 189 68 241 68 241 68 189 68 607 158 68 607 158 68 607 158 68 5 68 43 158 68 85 359 68 397 68 5 68 607 158 68 189 68 241 68 241 68 43 158 68 241 68 189 68 189 68 607
64 211 108
527 68 607 158 68 158 68 158 108 68 158 68 430
642 211
45 334
430 68 607 158 68 5 189 68 607 158 68 607 158 68 189
569 68 85 347 501 68 397 68 189 68 241 68 397 68 189 68 241 68 189 68 241
339 551 68 550 158 108 68 189 68 397
501 85 68 517 68 189 68 607 158 68 64 211 108
527 68 607 158 68 158 68 85 359 68 241 68 241 68 241 68 241
85 359
51 86 68 550 501 85 359
503 189
283 68 5 68 189 68 189 68 241 222
593 163 68 569 68 397 68 569 68 569 68 569
593 163 68 81 68 397 68 397 68 569 68 397 68 397 68 397
283 68 5 68 81 68 81 68 189 68 5
569 68 550 501 68 397 68 397 68 397 68 397 68 397 68 241
397 68 569 108
283 68 430 149 68 430 149
189 68 19 85 68 607 158 68 5 68 19 85 68 189 68 19 85 68 189 68 43 158 68 19 85 68 189 68 607 158 68 43 158 68 19 85 359 68 70 158 68 19 85 359 68 70 158 68 19 85 359 68 189 68 70 158 68 70 158 68 189 68 189 68 189 68 569 68 189 68 189 68 397 68 397 68 189 68 359 68 189 68 189 68 189 68 189 68 189 68 70 158 68 189 68 189 68 607
283 68 158 108 68 158 108 68 158 108
607 158 68 64 211 108 68 64 211 108
189 68 158 108 68 607 158 68 43 158 68 43 158 68 43 158
405 85 4
503 158 108
283 68 550 501 68 569 68 569 68 517 68 517
283 68 64 211 108 68 397 68 19 85 68 569 68 569 68 85
321 247 85 68 430 149
283 68 245 449 68 158 108 68 189 68 189 68 189 68 85
611 74
283 68 517
430 359 68 85 359
85 359
569 68 240 51 240
87 68 158 108 68 569 68 569 68 569 68 430 68 430 68 430 68 430
405 199
87 68 124
194 543
479
607 158 68 85 359 68 5 189 68 241
607 158 68 569 68 5 189 68 5 68 5
607 479 68 607 158 68 189 68 158 68 158 68 189 68 189 68 158 108
194 543
607 158 68 527 359
527 68 607 158 68 640 68 640
5 85
155 68 607 155 68 617
194 163 68 550 501 68 397 68 640
550 158 543
211 108
569 68 517 68 517 68 397 68 397 68 397 68 397 68 397
43 158 68 136 479 85
87 68 283 68 283 68 283
569 68 85 359
197 85
276 85 359
283 68 81 68 640 68 640 68 640 68 640
321 240 68 640 68 640
370 68 5 68 81 68 5 68 5
503 189 68 607 158 68 607 158 68 405 68 405 68 43 158 68 607 158 68 43 158 68 405 68 517
4 85
261 86 68 81 68 397 68 569 68 569 68 569
85 389 158 118
397 68 81 68 569 68 569 68 569 68 569 68 569 68 569 68 550 501
607 479 68 607 158 68 189 68 158 68 158 68 189 68 189 68 158 108
283 68 158 108 68 158 108 68 19 85 68 189 68 189 68 241
87 68 607 158 68 81 68 158 108 68 158 68 189 68 189 68 64 211
261 86 68 607 158 68 370 68 5 68 370 68 5 68 370
607 158 68 81 68 5 68 189 68 158 68 430 68 189 68 607 158 68 189 68 5 189 68 607 158 68 607 158 68 607 158 68 81 68 81 68 81 68 189 68 81 68 607 158 68 81 68 81 68 607 158 68 607 158 68 607 158 68 607 158 68 607 158 68 81 68 607 158 68 81 68 5 68 607 158 68 81 68 81 68 189 68 189 68 189 68 189 68 81 68 607 158 68 189 68 189 68 607
261 86 68 607 158 68 81 68 607 158 68 640
607 479 68 431
370 68 5 68 81 68 19 85 68 19 85 68 19 85 68 19 85
19 85
564 68 158 108 68 158 108 68 158 108
283 68 607 68 397 68 397 68 397 68 397
19 85 68 19 85
283 68 550 501 68 397 68 189 68 241 68 241 68 189 68 85 359 68 397 68 241 359 389 85 359
430 551
261 86 68 5 68 81 68 189 68 607 158 68 189 68 5 68 189 68 189 68 5
155 194 108
347 501
261 86 68 124 68 607 158 68 5 68 81 68 189 68 189 68 607 158 68 189 68 5 68 81 68 189 68 81 68 85
64 550 501 68 397 68 397 68 607 158 68 397 68 397 68 397 68 397 68 397 68 607 158 68 607 158 108
593 163 68 550 501 68 397 68 569 68 569 68 569 68 397
19 85 68 430 149 68 430 149
593 163 68 550 501 68 85 68 85 359 68 85 359 68 85 68 85 359 68 189 68 5 189 68 189 68 189 68 85 359 68 569 68 85 359 68 85 359 68 81 68 569 68 569 68 81 68 569 68 569 68 569 68 569 68 569 68 81 68 81 68 569 68 569 68 569 68 569 68 85 359 68 85 359 68 85 359 68 81 68 569 68 189 68 569 68 569 68 569 68 569 68 569 68 189 68 189 68
43 158
607 158 68 253 68 397 68 569 68 569 68 569 68 189 68 397 68 397 68 397 68 517
261 86 68 607 68 370 68 5 68 81 68 189 68 189
19 149
607 158 68 527 359
261 86 68 607 158 68 405
189 68 241 68 241
617
189 68 607 158 68 397 68 397 68 241 68 397 68 189 68 241 68 397 68 189 68 241
261 86 68 569 68 569 68 569 68 19 85
406 86
405 189
261 86 68 124
503 189 68 158 108 68 607 158 68 5 68 5 68 81
283 85
258 189
85 123 85
4
321 68 607 50
527 68 607 158 68 517
370 68 5 68 81 68 43 158 68 5 68 43 158 68 5 68 189 68 43 158 108
503 158 108 68 569 68 569 68 85 359 68 85 359
607 158 68 607 158 68 397 68 397 68 397 68 397 68 607 158 68 397
283 68 5 68 81 68 189 68 189 68 189 68 189 68 5 68 189 68 189 68 405 108
564 85
607 479 68 81 68 189 68 189 68 569 68 189 68 189 68 189 68 189
261 86 68 5 68 569 68 569 68 569 68 569 68 569 68 569 68 569
607 158 68 640
503 189 68 569 68 569 68 569 68 19 85 68 64 211 108
261 86 68 607 158 68 503 189
158 108 68 81 68 158 108 68 158 108
19 85
607 158 68 607 158 68 189 68 189 68 5 68 189 68 189 68 640 68 640 68 640 68 640 68 640 68 640 68 640 68 397 68 397 68 640 68 569 68 189 68 640 68 569 68 189 68 640 68 640 68 640 68 640 68 397 68 397 68 397 68 397 68 397 68 397 68 397 68 397 68 5 68 397 68 397 68 397 68 241 359
152 68 517 68 347 501
43 158 68 43 158 68 5 68 5
283 68 607 158 68 81 68 569 68 569 68 569 68 339
430 68 85 123 68 397 68 607 158 68 397 68 189 68 189 68 85 359 68 189 68 241 68 397 68 397 68 397 68 397 68 397 68 241 359 68 85 359 68 189 68 569 68 359 68 189 68 241 359 68 397 68 241 359 68 241 359 68 241 359 68 397 68 397 68 397 68 397 68 397 68 397 68 397 68 397 68 5 68 359 68 189 68 189 68 241 359 68 189 68 241 359 68 189 68 189 68 607
370 68 5 68 347 501 85 359
87 68 170 299
64 211 108
189 68 5 68 81 68 189 68 5
64 211
607 479 68 642 211 68 189 68 43 158 68 43 158 68 189 68 85
283 68 607 158 68 189 68 5 68 607 158 68 189 68 189 68 85 359
87 68 607 68 370 68 397 68 397 68 640 68 397 68 640 68 397 68 397 68 640
569
406 211
564
189 68 607 158 68 158 68 5 189 68 158 68 158 108
607 158 68 527 68 607 158 68 5
261 86 68 124 68 397 68 397 68 397 68 397 68 397 68 397 68 397 68 397 68 241
5 68 81 68 189 68 5 68 5 68 189 68 189
211 149 211 149
43 158 68 165 68 5 68 81 68 405 68 189 68 189 68 405 108
189 68 607 158 68 5 68 5 68 5 68 607 158 68 189 68 607 158 68 189 68 5 68 607 158 68 189 68 607 158 68 189 68 5 68 607 68 189 68 189 68 607 158 68 189 68 527 359 68 607 158 68 607 158 68 607 68 607 68 607 68 607 68 5 68 5 68 5 68 5 68 5 68 5 68 5 68 5 68 347 158 68 189 68 607 158 68 43 158 68 607 68 607 68 607 68 607 68
503 189 68 158 108 68 569 68 569 68 569 68 85 359
501 85 123 149
607 158 68 550 158 68 607 158
569 68 517 68 430 149 68 430 149
283 68 158 108 68 397 68 569 68 569 68 569 68 85 359
283 68 550 501 68 189 68 5 68 189 68 189
283 68 5 68 158 189
64 550 501 68 64 211
261 86 68 640
430 551
527 68 607 158 68 527 359 68 517
261 86 68 607 158 68 503 189
261 86 68 607 158 68 81 68 517 68 517
607 158 108 68 569 68 85 359
283 68 158 108 68 607 158 68 189 68 517
607 158 68 85 359 68 158 68 158 108 68 189 68 189 68 64 211
397 68 569 68 569
593 163 68 64 211 108 68 517 68 569 68 517
211
527 68 607 158 68 85 359 68 43 158 68 397 68 43 158 68 19 85 359
607 158 68 347 501 68 189 68 189 68 241 68 189
503 158 108 68 158 108 68 158 108 68 569 68 430
397 68 54 86
64 211 149
283 68 158 108 68 19 85 68 5 68 85 359
64 211 108 68 550 501 68 397 68 640 68 640 68 640
5 189
283 68 158 108 68 550 501 68 397 68 85
397 68 607 158 68 569 68 517 68 517 68 517
479
593 163 68 607 158 68 397 68 189 68 241 68 241 68 241 68 241 68 189 550 158 118
19 85 68 640 68 640 68 640 68 640 68 640
607 158 68 81 68 158 68 158 108
503 189
283 68 607 158 68 5 68 189 68 5 68 189 68 189 68 189 68 189 68 189 68 5 189 68 189 68 189 68 241 359
430 85 643 85 359
503 189 108 68 569 68 569 68 569 68 569 68 569 68 189
430 551 68 158 108 68 158 108
503 189 68 158 108 68 569 68 569 68 569 68 569 68 85 359
49 68 397 68 569 68 569 68 569 68 569 68 569 68 569 68 569 68 569 68 569 68 569 68 569 68 569 68 569 68 569 68 569 68 569 68 569 68 569 68 569 68 569 68 569 68 569 68 569 68 569 68 569 68 569 68 569
593 163 68 569 68 569 68 569 68 19 85 68 569 68 64 211 108
241 359 389 339
283 68 607 68 81 68 189 68 517 68 517 68 517
569 68 64 211 108 68 189 68 158 108 68 189 68 189 68 64 211
564
607 158 108 68 569 68 85 359
189 68 158 108 68 19 85 68 19 85 68 19 85
261 86 68 607 158 68 81 68 569 68 569 68 569 68 64 211
370 68 5 68 81 68 189 68 5 68 607 158 68 5
527 68 607 158 68 19 85 68 158 68 158 68 85 359 68 85 359
152 68 5 68 81 68 569 68 569 68 569 68 640
430 149 68 550 158 108
527 68 607 158 68 81 68 5 68 189 68 189 68 189 68 5
321 27
261 86 68 5 68 569 68 569 68 569 68 569
5 68 81 68 189 68 189 68 569 68 569 68 189 68 241 68 241
64 211 68 550 158 68 189 68 211 543 68 517
527 68 607 158 68 569 68 569 68 569 68 569 68 569 68 569 68 569 68 569 68 517
283 68 607 158 68 607 158 68 5 68 607 158 68 189 68 189 68 189 68 189 68 607 158 68 189
607 158 68 527 359 68 158 108 68 430
152 68 5 68 81 68 5 68 5 68 241
261 86 68 607 158 68 5 68 189 68 607 158 68 189 68 189 68 189 68 189 68 607 158 68 607 158 68 81 68 607 158 68 81 68 81 68 189 68 189 68 189 68 607 158 68 81 68 607 158 68 189 68 607 158 68 607 50 68 81 68 607 158 68 607 158 68 607 50 68 5 68 5 68 397 68 189 68 5 68 189 68 189 68 189 68 189 68 189 68 81 68 607 50 68 189 68 189 68
261 86 68 607 158 68 569
283 551 68 569 68 569 68 189 68 569 68 85 359
397 68 569 68 569
607 158 68 527 68 607 68 189 68 569 68 569 68 189 68 85 68 189 68 189 68 64 211 68 569 68 64 211 108 68 569 68 569 68 64 211 68 569 68 569 68 569 68 569 68 569 68 569 68 569 68 569 68 569 68 569 68 347 501 68 569 68 569 68 569 68 569 68 569 68 85 359 68 569 68 569 68 569 68 569 68 189 68 189 68 569 68 569 68 347 501 68 569 68 189 68 189 68
283 68 569 68 569 68 569 68 70 158
211 543 211 543
64 211
64 211 68 550 501 68 189 68 569 68 569 68 189 68 189 68 64 211
64 211 108 68 569 68 569 68 241 68 569
4
503 158 68 569 68 569 68 569 68 569 68 569
283 68 607 158 68 397 68 607 158 68 607 158 68 189 68 607 158 68 397
365
406 149
607 158 68 569 68 158 108 68 158 108 68 569 68 158 108
607 479 68 136 479
607 158 68 607 158 68 607 158 68 569 68 158 68 503 158
607 479 68 607 158 68 189 68 607 158 68 189 68 189 68 241
211 85 68 339
564 85
430 85 299
189 68 617 149 68 617 149
197 85 359
569 68 550 501 68 397 68 397 68 64 211 108
283 68 607 68 550 501 68 5 68 189 68 189 68 189 68 189 68 189 68 189 211 68 189 68 189 68 189 68 64 211 108
370 68 5 68 81 68 189 68 189 68 241 68 189 68 241
438 359
85 389 158 108 68 5 189
527 68 5 68 85 359
430 299
283 68 5 68 359 68 189 68 241 68 359 389 85 359
261 86 68 5 68 81 68 397 68 397 68 397 68 397
283 68 550 501 68 189 68 189 68 64 211 108 68 189 68 64 211 108
261 86 68 5 68 81 68 5 68 5 68 5 189 68 5 68 85
261 86 68 607 158 68 397 68 607 158 68 569 68 85 359 68 85 359 68 397 68 189 68 607 158 68 189 68 607 158 68 569 68 85 359 68 569 68 189 68 85 359 68 569 68 189 68 85 359 68 189 68 607 158 68 569 68 569 68 170 108 68 397 68 397 68 569 68 569 68 397 68 85 359 68 397 68 397 68 397 68 189 68 189 68 607 50 68 607 50 68 607 50 68 189 68 607 50
607 68 607 158 68 607 158 68 607 158 68 397 68 189 68 607 68 189 68 189 68 607 50 68 189 68 189 68 607 50 68 189 68 607 50 68 189 68 189 68 607 158 68 189 68 347 158 68 607 68 189 68 607 50 68 347 501 68 189 68 607 50 68 607 50 68 607 50 68 189 68 607 50 68 397 68 189 68 347 501 68 189 68 189 68 607 50 68 189 68 347 501 68 189 68 189 68 607
359 389 158
261 86 68 569 68 569 68 569 108 68 569 68 85
261 86 68 158 108 68 607 158 68 607 158 68 5 189 68 241 68 241 68 241 68 241 359
593 163 68 517
87 68 170 299
149
607 158 68 550 501 68 397 68 607 158 68 569 68 189 68 64 211 68 64 211 68 64 211
64 211 108 68 569 68 397 68 569 68 85 359 68 85 347 501 85 359 68 397 68 569 68 569 68 85
197 86
189 68 170 68 170 108 68 5
503 189 108
283 68 5 68 81 68 189 68 5 68 241 68 640
87
64 211 108 68 550 158 108
430 299
261 86
607 158 68 81 68 189 68 5 68 85 68 640 68 640 68 85
503 189
397 68 550 501 68 189 68 517 85 359 68 640
607 158 68 70 158 149
370 68 5 68 81 68 189 68 607 158 68 607 158 68 5
261 86 68 607 158 68 569 68 569 68 569
261 86 68 5 68 397 68 397 68 397 68 397 68 189 68 397 68 397
607 479 68 5
397 68 607 158 68 81 68 640 68 640 68 640
397 68 569 68 569 68 569 108 68 569 68 569 68 640 68 85 359
397 68 550 158 108
593 163 68 550 501 68 569 68 569 68 569 68 569 68 64 211 108
607 479 68 607 158 68 397 68 397 68 397
283 68 124
85 123 108 68 5
321 240 359
569 68 85 359 68 397 68 640 68 640 68 640
283 68 607 68 397 68 397 68 569 68 569 68 569 68 85 359 68 397 68 397 68 569 68 569 68 397 68 397 68 397 68 397 68 569 68 569 68 397 68 85 359 68 569 68 569 68 569 68 569 68 569 68 397 68 569 68 397 68 397 68 397 68 397 68 397 68 397 68 397 68 397 68 397 68 397 68 397 68 397 68 397 68 397 68 397 68 397 68 397 68 397 68 397 68 397 68 397 68
19 85 68 158 108 68 158 108 68 4
283 68 158 108 68 189 68 5 189
194 543 211 108
197 86 68 550 501 85 359 68 19 85
5 68 81 68 64 211 108
550 501 68 64 211 108
5 68 81 68 189 68 189 68 5 189 68 64 211 108
527 68 607 158 68 81 68 19 85 68 569 68 43 158 68 430 149
607 158 68 5 68 607 158 68 5 68 241 68 189 68 189
370 68 5 68 81 68 189 68 189 68 607 158 68 189 68 5 68 189 68 189 68 241
64 211
261 86 68 5 68 81 68 189 68 189 68 189 68 189 68 189
87 68 607 155 68 81 68 189 68 405 68 405
283 68 158 68 158 108 68 158 108
406 517
19 68 158 108 68 43 158 68 43 158 68 607 158 68 43 158 68 189
85 389 158 108
43 158
81 68 607 158 68 5 68 189 68 569 68 189 68 189 68 189 68 189 68 189 68 5
240 211 108 68 517
397 68 5 68 397 68 397
43 158 68 136 479 85
64 211 68 569 68 397 68 5 68 241 68 241
87 449 68 607 158 68 5 68 81 68 569 68 397 68 189 68 85
607 479 68 240 389 85 359
261 86 68 81 68 569 68 19 85 68 569 68 19 85
283 68 5 68 240 389 158 108 68 241 68 640
5 189 108 68 5 189
569 68 85 123 108 68 569 68 569 68 569 68 85 359 68 85 359 68 189 68 189 68 85 359
389 339
79 158 108 68 640
5 68 607 158 68 189 68 189 68 189 68 189 68 189 68 189
189 68 640 68 640 68 640 68 640 68 640
564 68 64 211 108
5 68 81 68 64 211 108
431 68 550 501 68 517
261 86 68 124
158 108 68 607 158 68 607 158 68 607 158 68 189 68 85 68 550 158 68 189 68 64 211 108
479 108
43 158 68 81 68 5 68 189 68 189
430 68 550 501 68 397 68 189 68 64 211 108 68 189 68 64 211 108 68 189 68 64 211 108
406 158 68 517
321 240
124
64 211 108 68 19 85 68 19 85
607 158 68 607 158 68 397 68 397 68 397 68 189 68 189 68 241 68 189
189 68 4 4
389 85 359 68 158 118
607 479 68 81 68 5 68 189 68 5 68 85 68 189 68 5 189 68 189 68 405 108
261 86 68 64 211 68 64 211 108
85 359 389 85 359
261 86 68 81 68 569 68 19 85 68 569 68 19 85
261 86 68 81
569 68 550 501 68 189 68 189 68 64 211 108 68 189 68 64 211 108 68 189 68 64 211 108
479 85
503 158 108
569 68 19 85 68 19 85 68 158 108 68 569 68 189 68 64 211
261 86 68 81
347 501
321 247 68 569 68 158 108
189 68 607 158 68 397 68 397 68 241 68 241 68 241 359
607 68 5 68 569 68 569 68 569 68 569 68 569 68 85
406 158
261 86 68 245 449 68 189 68 5 189
406 155
4 85 359
64 211 108
283 68 158 108 68 607 158 68 189 68 241 68 189
283 68 5 68 189 68 189 68 189 68 170 108
607 158 68 5
517 359 389 158
189 68 607 158 68 397 68 397 68 241 68 241 68 241 68 241 68 241 68 189 68 241
593 163 68 550 158 108 68 5 68 81
5
5 68 81 68 158 108 68 189 68 569 68 569 68 5 68 189 68 189 68 189 68 5 68 331
189 68 607 158 68 170 68 170 68 170
527 68 607 158 68 81 68 189 68 405 85
569 68 152
527 68 607 158 68 527 68 607 158 68 607 68 189 68 5 68 189 68 189 68 189 68 189 68 189 68 189 68 85 68 189 68 189 68 527 359 68 189 68 189 68 189 68 189 68 81 68 81 68 189 68 189 68 189 68 569 68 189 68 527 359 68 189 68 607 50 68 569 68 189 68 5 68 189 68 189 68 189 68 189 68 189 68 189 68 189 68 189 68 189 68 189 68 189 68 189 68 189
85 359 389 85 359 68 397
283 68 5 68 241 68 397 68 241 68 241 68 241
85 359
19 85 68 607 68 189 68 5 68 189 68 189 68 189 68 189 68 189
593 163 68 607 158 68 607 158 68 550 158 68 397 68 189 68 607 158 68 397 68 607 158 68 517
64 211 108 68 64 211 108 68 158 108 68 241 68 189
607 158 68 550 501 68 85 68 85 359 68 189 68 189 68 550 158 108 68 189 68 607 158 108
276 85
607 158 68 85 299 68 158 108 68 158 68 189 211 108
283 68 517 68 517 68 517
430 108 68 211 543 68 517
607 68 5 68 85 359 68 569 68 569 68 569 68 569 68 85 359
87 85
430 299
283 68 527 68 607 158 68 5 68 81
417
359 389 158
430 503 189
321 247
189 68 607 158 68 241 68 241 68 241 68 241 68 241 68 241 68 241
321
64 211
283 551 68 189 68 189 68 189
283 68 550 158 108 68 189 68 517 68 517
321 68 5 68 359
189 68 158 108 68 158 108 68 158 108
194 213 211 68 517
211 68 170 149
607 479 68 640 68 640 68 189 68 640
211 543
405 108
87 68 527 68 569 68 19 85 68 19 85
5 68 607 158 68 81 68 189 68 241
261 86 68 607 158 68 81 68 430 68 430 68 430 199
19 85 68 5 68 640 68 241 68 241
19 85 68 607 68 5 68 81 68 607 158 68 189 68 189 68 607 158 68 189 68 5 68 607 158 68 43 158 68 607 158 68 81 68 81 68 81 68 81 68 81 68 189 68 81 68 81 68 607 158 68 189 68 607 158 68 607 158 68 607 158 68 607 158 68 607 158 68 81 68 5 68 607 158 68 189 68 81 68 607 158 68 189 68 607 158 68 189 68 43 158 68 607 158 68 189 68 607
430
607 479 68 81 68 397 68 19 85 68 19 85 68 607 158 68 85 68 397 68 607 158 68 607 158 68 607 158 68 569 68 569 68 81 68 85 68 81 68 81 68 81 68 81 68 81 68 81 68 569 68 81 68 569 68 569 68 607 158 68 607 158 68 397 68 81 68 569 68 569 68 85 68 569 68 397 68 81 68 569 68 189 68 81 68 569 68 569 68 81 68 569 68 189 68 189 68 550
607 158 68 397 68 339 68 397 68 339
152 68 5 68 81 68 189 68 640 68 640 68 640
261 86 68 607 158 68 397 68 5
87 68 607 158 68 397 68 64 211 68 64 211 68 397 68 64 211 108
64 211 108 68 19 85 68 5 68 19 85
158 85 299 68 85 359 389 158 118
189 68 569 68 569 68 569 68 569 68 569 68 569 68 569 68 569 68 569 68 241
64 211 108 68 241 68 397 68 640 68 640 68 640 68 640 68 640
19 85 68 70 158
79 339
593 163 68 5 68 81 68 5 68 5 68 397 68 189 68 607 158 68 397 68 5 68 607 158 68 189 68 5 68 397 68 397 68 81 68 569 68 189 68 189 68 81 68 81 68 81 68 81 68 189 68 397 68 607 158 68 607 158 68 607 158 68 397 68 5 68 5 68 397 68 5 68 397 68 397 68 5 68 5 68 189 68 189 68 607 158 68 241 68 5 68 607 158 68 189 68 607 158
283 68 5 68 81
564 108
611 74
261 86 68 607 158 68 81 68 569 68 569 68 569
197 86
64 211
64 211 108
211 189
213 211 68 5 68 5
283 68 607 68 607 158 68 5 68 189 68 189 68 189 68 607 158 68 397 68 189 68 607 158 68 189 68 607 158 68 397 68 607 158 68 607 158 68 189 68 607 158 68 189 68 81 68 607 158 68 189 68 607 158 68 607 68 607 68 607 68 607 158 68 607 158 68 397 68 5 68 5 68 397 68 397 68 5 68 347 158 68 189 68 607 158 68 397 68 5 68 607 50 68 189 68 607 68
189 68 607 68 431 68 152 68 640 68 640
261 86 68 253 68 397 68 397
5 85
527 68 607 158 68 253
240 389 339
49 68 607 158 68 283 68 5 68 70 158 68 189 68 189 68 189
370 68 5 68 81 68 189 68 158 108 68 241 68 5 189 68 241
607 479 68 397 68 189 68 5 68 569 68 569 68 189 68 189 68 189 68 189 68 5 189 68 189 68 189 68 569 68 569 68 569 68 569 68 569 68 189 68 189 68 569 68 81 68 81 68 569 68 569 68 81 68 569 68 189 68 189 68 607 158 68 397 68 81 68 569 68 569 68 5 68 569 68 189 68 5 68 389 158 118
261 86 68 81 68 517 68 569 68 569 68 569
527 68 517 68 517 68 517 68 569 68 517
283 68 64 211 108 68 640
593 163 68 550 501 68 189 68 19 85 68 241 68 189 149
607 68 527 68 397 68 397 68 569 68 569 68 569 68 569 68 569 68 397 68 569 68 569 68 569 68 431 68 397 68 397 68 569 68 569 68 569 68 397 68 431 149
189 68 158 108 68 158 108 68 158 108 68 158 108 68 5
611 359
283 68 607 158 68 527 359 68 607 158 68 397 68 189 68 607 158 68 189
19 85
430 68 241 68 85 4 85
87 68 527 68 607 158 68 81 68 569 68 517 68 517
370 68 5 68 81
283 68 5 68 189 68 189 68 5 68 607 158 68 189
430 299 68 517 359
64 211 108 68 569 68 569 68 569 68 569
43 158 68 85 299 68 607 158 68 64 211 108 68 241 68 64 211 108
261 86
370 68 5 68 569 68 397 68 5 68 339 68 397 68 5 68 339
85 359
607 158 68 81 68 640 68 640 68 640 68 640
527 68 607 158 68 5 68 189 68 189 68 189 68 189 68 189 68 189 68 189 211 108
19 85 359
370 68 5 68 81 68 189 68 189 68 607 158 68 189 68 189 68 64 211 108
607 158
370 68 5 68 81 68 189 68 640
339 551 68 5 68 189 68 5 68 241 68 241 68 241 68 189 68 189 68 241 68 241 68 241 359 68 5 189 68 241 68 241 68 241 359 68 189 68 189 68 241 359 68 241 359 68 241 359 68 241 359 68 241 359 68 241 359 68 5 189 68 397 68 5 189 68 5 189 68 5 189 68 5 68 241 359 389 85 359 68 241 359 68 241 359 68 241 359 389 85 359 68 241 68 189 68 189 68
564 68 158 108 68 5 68 189 68 241 68 241 68 189 108
321 359
189 68 607 158 68 81 68 158 108 68 158 68 43 158 68 43 158
283 68 158 108 68 158 108
607 158 68 5
64 211
397 68 70 158
283 68 550 501 68 81
611 74
43 158 258 158
430 149
85 359 389 85 359
5 68 81 68 158 108 68 189 68 607 158 68 5 189 68 241
365 430
283 68 550 501 68 189 68 189 68 607 158 68 189 68 189 68 550 158 68 189 68 64 211 108
527 68 607 158 68 81 68 5 68 81 68 189 68 189 68 189
49
189 68 64 211 68 607 68 189 68 5 68 189 68 189 68 189 68 189
569 68 54 86 68 397 68 241 68 241 68 241 68 241 68 241 68 397 68 241
564
19 68 241 68 241
43 158 68 19 85 68 43 158 68 43 158
283 68 5 68 189 68 189 68 5 68 241 68 397 68 189 68 241 68 189 68 189 68 241
527 68 5 68 81 68 189 68 569 68 569 68 189 68 189 68 607 158 68 189
194 543 68 5 189
569 68 158 108 68 158 108 68 19 85 68 569 68 64 211 108
19 85 68 136 479
607 158 68 527 68 607 158 68 5 68 85 359
85 415
569 68 642 211 68 397 68 607 158 68 397 68 397 68 5 68 607 158 68 397 68 5 68 189 68 189 68 397 68 397 68 397 68 81 68 569 68 189 68 81 68 569 68 81 68 81 68 569 68 569 68 397 68 569 68 569 68 81 68 397 68 397 68 397 68 397 68 397 68 397 68 397 68 397 68 397 68 397 68 569 68 189 68 189 68 397 68 397 68 5 68 607 50 68 189 68 607 50
564 68 158 108 68 517 68 189 68 405 68 430 68 430 199
85 81 68 5
85 359
527 68 607 158 68 517 68 517 68 517 68 517 68 517 68 517
19 85 68 5 68 640 68 241 68 241
261 86 68 370 68 397 68 397 68 397 68 397 68 397 68 397
607 479 68 550 501 68 189 68 5 68 64 211 68 189 68 64 211
406 158 85 359
189 68 527 68 607 158 68 569 68 569 68 569 68 569 68 213
211 68 81 68 149 68 640
593 163 68 550 158 108 68 5 68 81
283 68 569 68 81 68 189 68 5
64 211 68 550 501 68 397 68 569 68 569 68 569 68 64 211
261 86 68 607 158 68 397 68 607 158 68 569 68 189 68 550 501 68 397 68 189 68 607 158 68 189 68 607 158 68 397 68 569 68 569 68 569 68 189 68 642 211 68 569 68 81 68 81 68 569 68 569 68 569 68 569 68 569 68 607 50 68 397 68 397 68 569 68 569 68 397 68 397 68 397 68 397 68 642 211 68 189 68 189 68 211 68 397 68 569 68 550 501 68 189 68 550 501
283 68 607 68 607 158 68 189 68 517
501 85 389 85 359 68 517 68 517
153 189
85 4 4
240 211
339 68 136 479
283 68 64 211 108 68 189 68 5 68 640 68 189 68 189
64 211 149
5 68 607 158 68 81 68 569 68 569 68 64 211 108
283 68 517 68 517 68 189 68 189 68 189
64 211 108 68 569 68 569 68 569 68 569 68 640
283 551 68 5 68 189 68 189 68 189 68 189 68 189
5 68 81 68 189 68 189 68 153 189
397 68 19 85 68 19 85 68 19 85 68 19 85 68 19 85 68 19 85
607 158 68 241 359
261 86 68 81
283 68 189 68 617 149 68 5 68 331
283 68 158 108 68 5 68 81 68 189 68 189 68 189 68 189
261 86 68 607 158 68 5 68 43 158 68 189 68 189 68 607 158 68 397 68 43 158 68 43 158 68 43 158 68 607 158 68 81
503 189 68 158 108 68 517 68 517 359
261 86 68 81
213 51 86 68 550 487
211 108 68 64 211 108
406 430 68 5
283 68 517 68 517 68 517 68 517
276 85
607 158 68 550 501 68 339
406 430
503 158 108 68 158 108 68 158 108 68 517
283 68 5 68 81 68 189 68 189 68 607 158 68 5 68 189 68 189 68 189 68 5 68 189 68 189 68 189 68 397 68 397 68 397 68 397 68 189 68 189 68 189 68 189 68 81 68 359 68 189 68 189 68 397 68 397 68 397 68 397 68 397 68 397 68 397 68 397 68 397 68 397 68 397 68 397 68 397 68 359 68 189 68 189 68 607 50 68 607 50 68 607 50 68 189 68 607 68
607 68 5 68 189 68 189
85 359
19
397 68 70 158
79 222
607 158 68 5 68 19 85 68 19 85 68 19 85 68 189 68 64 211 108
211 85 359 389 158 118
241
85 359 389 158 118
370 68 5 68 81 68 189 68 241 68 430 68 430 199 68 241 68 430 68 241
276 85
564 108
4 85
64 211 108 68 64 211 108
593 163 68 517 68 517
189 68 550 501 68 189
607 68 550 501 68 189 68 189 68 5 68 189 68 189 68 64 211 108
197 85
87 449 68 19 85 359
527 68 607 158 68 81 68 397 68 569 68 569 68 43 158 68 430 68 397 68 43 158 68 517 68 43 158 68 19 85 68 569 68 70 158 68 19 85 68 70 158 68 19 68 70 158 68 569 68 569 68 569 68 569 68 569 68 70 158 68 569 68 397 68 43 158 68 569 68 569 68 85 359 68 397 68 43 158 68 359 68 43 158 68 43 158 68 43 158 68 70 158 68 70 158 68 70 158
261 86
64 211 543
283 68 5 68 240 211 108 68 240 211 108
406 85 359
43 158 108
370 68 5 68 81 68 5 68 81 68 189 68 189 68 5 68 189 68 189 68 5 189 68 5
527 68 19 68 19 85
70 158
64 211 108 68 569 68 569 68 19 85 68 19 85 68 19 85 68 19 85 68 569 68 64 211 108
64 211 108
406 158 108 68 569 68 19 85 68 19 85
527 68 607 158 68 5 68 81 68 5 68 81
261 86 68 124 68 607 158 68 5 68 81 68 189 68 189
87
261 86
64 211 108 68 569 68 569 68 569 68 569
153 189 68 158 108 68 158 108 68 5 189 68 5 189 68 189 68 189 68 5 189 68 241
240 389 158 68 569 68 85 152 68 85 359 68 189
611 189
87 449 68 19 85
261 86
405 68 430 199
261 86 68 5 68 189 68 607 158 68 397 68 569 68 85 68 397 68 397 68 43 158 68 517
564 68 5 189 68 642 211
276 85 68 550 158 149
611 85
405
189 68 569 68 85 359 68 397 68 569 68 85 359 68 5 68 85 359
87 68 607 158 68 189 68 189 68 85 359
607 479 68 245 449 68 5 68 569 68 569 68 569 68 5 68 189 68 189
331 359
261 86 68 241 68 397 68 569 68 85 359
64 211 108 68 64 211 240
261 86 68 124 68 550 501 68 5 68 189
503 158 108
283 68 158 108 68 5 68 85 68 85 359 68 189 68 189 68 339
189 68 607 158 68 607 158 68 607 158 68 253
283 68 607 158 68 430 68 5 189 68 241 68 430
397 68 607 158 68 569 68 569 68 85 359 68 569 68 85 68 85 359 68 397 68 569 68 569 68 569 68 85 359 68 569 68 569 68 85 359 68 85 359 68 85 359 68 569 68 81 68 85 359 68 569 68 569 68 569 68 569 68 81 68 569 68 397 68 569 68 569 68 569 68 569 68 85 359 68 397 68 569 68 85 359 68 397 68 85 359 68 569 68 569 68 85 359 68 397 68 397 68
64 211 108 68 64 211 108
5 68 81 68 189 68 189 68 607 158 68 189 68 189 68 189 68 189 68 189 68 517
283 68 158 108 68 607 158 68 397 68 19 85 68 569 68 85 359
64 211
87 68 569 68 569 68 158 108 68 85 359 68 189 68 189
283 68 158 108 68 569 68 569 68 85 359 389 158 108 68 85 359
283 68 189 68 64 211 108 68 569 68 569 68 569 68 241
85 359 550 158 108 68 397 68 241 68 430
569 68 550 158 108 68 189 68 517 68 517
64 211 68 550 158 68 607 158 68 211 68 211 68 430 68 607 158 68 189 68 211 155
527 68 607 158 68 19 85 68 158 68 19 85 68 189 68 19 85 68 189 68 64 211 108
503 189 68 245 449 68 189 68 517
321 27
607 155 68 81 68 189 68 5 68 189 68 189 68 189 68 5
617
283 68 85 347 501 68 189 68 5 68 189 68 189 68 189
240 389 85
85 359 68 85 359 389 85 359
85 68 339 68 339 68 339 68 85 359 68 339 68 339 68 339 68 339 68 85
283 68 189 68 569 68 189 68 241 68 241 359
531 158 108
261 86 68 607 158 68 43 158 68 517
189 68 241 68 241 68 189 68 189 68 241
397 68 158 108 68 19 85
64 211 108 68 569 68 640 68 640 68 640 68 640 68 640
607 158 68 81 68 189 68 81 68 189 68 189 68 189 68 85
339 551
43 158 68 5 189
283 68 64 211 108 68 569 68 569 68 64 211 108
124 68 405 108
405
261 86 68 158 108 68 5 68 19 85 68 569 68 189 68 241 68 189 68 189 68 5 68 241 68 189 68 85 359 68 569 68 70 158 108 68 19 85 68 81 68 19 85 359 68 81 68 569 68 569 68 189 68 569 68 569 68 81 68 81 68 397 68 397 68 81 68 569 68 397 68 5 68 397 68 397 68 5 68 241 359 68 189 68 189 68 241 359 68 241 359 68 189 68 189 68 189 68
321 247
339 551 68 158 108 68 19 85
64 211 68 550 501 68 189 68 189 68 569 68 189 68 189 68 64 211 108
527 68 5 68 81 68 81
197 85 359 68 640 68 640
607 158 68 527 359 68 5 68 331
564 85
501 85 64 211 108
283 68 85 299 68 397 68 569 68 569 68 569 68 64 211 108
240 550 158 108 68 189 68 640
5
283 68 550 501 68 189 68 431
211 543
503 189 68 569 68 569 68 569 68 569 68 569 68 241
64 211 108 68 5 189 68 5
261 86 68 607 158 68 261 86 68 261 86 68 261 86 108 68 5 68 569 68 405 108
406 86
211 543
283 68 5 68 81 68 189 68 158 108 68 189 68 5 68 85 68 189 68 189 68 5 68 85
213 211
564
189 68 81 68 569 108
240 389 339
397 68 569 68 64 211
569 68 550 501 68 397 68 189 68 64 211 108
201 642 211
43 158 68 258 149 68 43 158 68 5 189 68 241 68 241
527 68 607 158 68 253
211 213 194
49 551 68 64 211 108
283 68 158 108 68 158 108 68 5 68 189 68 189 68 189 68 85 359
189 68 607 155
503 189 68 607 158 68 607 158 68 607 158 68 81
4 4 359
397
283 68 5 68 189 68 189 68 241 68 241 68 241 68 241
321 247 68 617 68 189
85 389 158 118
64 211 68 517 68 517 68 158 118 68 430 68 430 68 430 68 430 68 430 68 430 68 517
189 68 211 64 211
189 68 607 158 68 5 68 607 158 68 607 158 68 5 68 607 158 68 189 68 189 68 607 158 68 189 68 607 158 68 607 158 68 642 211 68 70 158 68 70 158 68 607 158 68 81 68 607 158 68 189 68 607 158 68 607 50 68 70 158 68 607 158 68 607 158 68 607 50 68 607 158 68 397 68 397 68 607 158 68 359 68 189 68 607 158 68 189 68 389 339 68 607 158 68 189 68 607
642 211 68 43 158 68 43 158 68 43 158
87 68 550 501 68 189 68 397 68 607 158 68 189 68 189 68 607 158 68 189 68 550 501 68 189 68 189 68 397 68 397 68 397 68 64 211
365 430
430 299 68 389 158 118
5
397 68 550 501 68 321 247 85 68 5 189
283 68 245 449 68 607 158 68 5 68 5 68 189 68 5 68 370 68 189 68 5 68 81
258 4
370 68 5 68 189 68 158 108 68 241 68 241 68 241 68 241 68 241 68 189 68 241
64 550 501 68 397 68 397 68 607 158 68 397 68 397 68 397 68 397 68 397 68 607 158 68 607 158 108
87 68 158 108 68 569 68 19 85 68 19 85
64 211 108
607 158 68 81 68 5 68 189 68 607 158 68 607 158 68 607 158 68 189 68 5
283 68 607 158 68 189 68 189 68 241 68 430
330 551
153 68 19 149
152 68 397 68 19 85 68 19 85 68 569 68 569 68 85 68 85 68 569 68 85
64 211 108 68 517 85
64 550 158 149
283 68 158 108 68 331 68 331 85 68 331
607 479 68 607 158 68 43 158 68 607 158 68 43 158 68 189
283 68 550 501 68 397 68 189 68 397 68 397 68 189 68 241 68 189 68 241
283 68 85 359
527 68 569 68 569 68 569 68 365 430 359
354 551
261 86 68 124 68 550 501 68 397 68 569 68 241 68 241 68 241 68 241
197 85
211 68 81 68 19 85 68 331 149 68 640 68 397 68 640
321 247 85 68 430 359
503 158 108
607 158 68 70 158 149
64 211 68 211 108 68 189 68 211 108 68 211
189 68 158 108 68 158 108 68 158 108 68 339
87 68 158 108 68 607 158 68 607 158 68 19 85 68 19 85
43 158 68 258 359
607 158 68 331
607 158 68 170 68 170 108 68 158 68 569 68 189 68 5 68 339 68 339
607 158 68 81 68 5 68 5 68 5 68 189 68 189 68 189
189 68 54 86 68 397 68 397 68 397
261 86 85
406 155 68 517
527 68 517 68 517 68 517 68 569 68 517
569 68 64 211 108 68 517 68 517 68 517
189 68 607 158 68 189 68 43 158 68 640 68 43 158 68 640
87 68 607 68 607 68 607 68 569 68 569 68 211 68 189 68 211
19 85 68 19 85
283 68 19 108 68 19 85 68 19 85 68 19 85 68 19 85
19 85
85 4 68 85 359
564 68 5 68 189 68 5 68 397 68 397
527 68 607 158 68 189 68 189 68 241 68 241 68 241 68 241
5 68 607 68 5 68 189 68 569 68 569 68 189 68 189
240 389 158 108 68 640
405 85
158 108 68 5 68 81 68 5 189 68 5
189 68 158 108 68 517 85
43 158 68 81 68 5 189 68 569
19 68 607 158 68 397 68 607 158 68 607 158 68 5
197 85
189 68 5 68 81 68 189 68 189 68 241 430 199
283 68 5 68 397 68 189 68 397 68 569 68 397 68 189 68 397 68 189 68 189 68 569 68 397
397 68 405 68 64 211 108 68 569 68 64 211 108
527 68 607 158 68 81 68 189 68 569 68 569
64 211 108 68 4 85
406 158 68 136 479
446 85
152 68 397 68 397
321 240 68 640 68 640
438 359
152 68 19 149
283 68 607 158 68 189
19 85 68 19 85 68 19 85
64 211 108 68 64 211 108
607 68 5 68 397 68 397 68 569 68 569 68 397 68 189 68 397 68 397 68 189 68 569 68 397 68 397 68 569 68 397 68 569 68 569 68 569 68 189 68 569 68 569 68 569 68 569 68 569 68 569 68 569 68 569 68 397 68 397 68 397 68 397 68 397 68 569 68 397 68 397 68 397 68 397 68 397 68 397 68 397 68 397 68 397 68 397 68 397 68 397 68 397 68 397 68 397 68
261 86 68 397 68 397 68 397
258 334 199
607 158 68 5 68 213
569 68 569 68 569 68 397 68 569 68 569 68 569 68 85 359
87 68 607 158 68 397 68 397 68 397 68 397 68 397
503 158
593 163 68 54 86 68 397 68 640
406 155
189 68 5 68 81 68 189 68 569 68 569 68 241
261 86 68 124 68 607 158 68 607 158 68 550 501 68 5 68 189 68 189 68 189 68 550 501
607 158 68 85 359 68 397 68 569 68 569 68 640
87 68 245 449 68 397 68 397 68 397 68 397
189 68 158 108 68 517 85 359 68 517
87 68 124 68 81 68 5 68 397 68 569 68 397
406 155
43 158 108
189 68 158 108 68 5 68 158 108 68 430 68 430 68 430 199 68 430
85 359
339
339 551 68 640
261 86 68 124
64 211 108 68 569 68 397 68 569 68 64 211 108 68 64 211 108
397 68 397 68 397 68 397
189 68 5 68 370 68 397 68 397 68 397 68 397 68 5 68 397 68 397 68 397 68 241
87 68 569 68 370 68 370 68 5 68 85 359
189 68 158 108 68 189 68 79 158 240
543 211 68 550 158 240 211 543
189 211
283 68 85 299 68 397 68 569 68 569 68 569 68 64 211 108
339 551 68 19 85 68 19 85
405 68 5 68 331
261 86 68 124 68 64 211 108
197 86
283 68 550 501 68 189 68 5 68 517 68 517
87 68 5 68 81 68 397 68 397 68 397 68 189
406 158 68 517 68 569 68 5 189
261 86 68 607 68 81 68 397 68 607 158 68 397 68 189 68 607 158 68 397 68 517
564 68 607 158 68 81
283 68 85 359
527 68 607 158 68 5 68 189 68 607 158 68 5 68 189 68 607 158 68 189 68 5 68 331 149
607 68 124 68 550 501 68 397 68 397 68 397 68 397 68 397
430 68 5 68 241 68 397
4 240 4 149
527 68 607 158 68 189 68 5 189 68 241 68 189 68 189 68 241 68 189 211 118
85 359 389 85 359
370 68 5 68 569 68 569 68 85 359 68 85 359 68 85 359
19 85 68 397 68 397 68 397
261 86 68 124
397 68 607 68 569 68 569 68 108 68 569 68 189 68 405 108
19 68 5 68 5
189 68 158 108 68 607 158 68 607 158 68 5 68 189 68 19 85
397 68 607 158 68 81 68 607 158 68 640 68 640 68 640 68 430 68 397 68 640
170 5
64 211 108 68 517
283 68 5 68 64 211 68 189 68 64 211 68 189 68 189 68 64 211
406 501
5 68 527 68 527 68 607 158 68 607 158 68 397 68 397 68 241 68 397 68 189 68 569 68 569 68 640
258 430
108 68 19 85 68 607 158 68 397 68 569 68 189 68 64 211 108
607 479 68 5
87 68 124 68 5 68 397 68 397 68 397 68 397 68 397 68 397
4 240
86 163 68 550 501 68 397 68 397 68 397 68 397 68 397 68 397 68 397 68 397 68 397
607 158
19
79 339
479 189 389 158 359
527 68 607 158 68 19 85 68 64 211
283 68 607 68 607 158 68 81 68 607 158 68 189
152 68 640
406 155
261 86 68 124 68 550 501 68 5 68 189 68 189 68 189 68 189 68 189 68 5 189 68 64 211 108
607 158 68 550 501 68 189
430 359 68 397 68 397
189 68 81 68 189 68 189 68 5 68 189 68 189 68 189 68 617
276 85
261 86 68 124
68 607 158 68 108 68 64 211 108 68 64 211 68 189
211 68 81 68 569
283 68 607 68 397 68 397 68 397 68 397 68 397 68 397 68 397 68 397 68 397 68 607 50
503 158 108
211 543
569 68 569 68 569 68 569 68 85 359
569 68 158 108 68 5 189 68 5 189 68 241
359 68 240 299
569 68 569 68 569 68 569 68 569 68 569 68 569 68 241 68 241 68 339
406 158 108
240 211
283 68 607 158 68 397 68 397 68 640
