490 68 599 108
607 50 68 288 68 170 108 68 503 189 68 153 189 68 503 189
261 86 68 197 86 68 158 108 68 189 550 487 359
189 68 577 68 189 68 158 108 68 430 93 435 334
321 68 607 68 189 68 577 68 170 299
527 68 607 158 68 85 359 68 331
447 430
611 258 68 153 68 607 158 68 136 479
87 108 68 201 258 68 569 68 4 359 389 85 359 68 85 359
514 199 68 339 68 213 211
569 108 68 70 158 118
189 68 370 68 569 68 569 108
607 50 68 19 149 68 607 158 68 607 158 68 189 68 79 222 68 189 68 189 68 607 158 118
261 86 68 245 449 68 397 68 569 68 153 68 253 359
87 68 527 68 651 123
49 68 405 68 331 149 68 607 158 68 331 68 85
87 68 82 68 569 68 339 551 68 339
201 68 607 158 68 189 68 266 158 68 19 85 68 390 68 70 158
406 158 199
430 635 189
189 68 550 501 68 397 68 607 158 68 85 152 68 241 68 397 68 550 501 68 397 68 397 68 241 68 241 68 397 68 397 68 241
211 543 51 74
87 449 68 295 149 68 85 152 68 189 68 222 476
430 570 389 570
611 359
170 68 607 158 68 170 108
189 68 4 85 68 158 108 68 569 68 430 149 550 158 108 68 222 85 359 389 158 240 359
189 68 158 48 68 642 68 642 68 211 68 517
36 85 152 68 158 108 68 19 85 359 389 430 299
76 85 359 68 394 68 550 158
5 68 19 163 68 158 108 68 5
87 68 19 85 68 607 158 68 149 550 158 543
593 89 158 68 79 430 241 68 64 211 108
189 68 550 501 68 397 68 158 108 68 70 158 68 70 158
503 339
503 158 108
189 68 213 43 158 68 394 68 19 85 68 158 108 68 430 68 405
503 158 108
189 68 651 123 68 36 211 68 617 359
283 68 517 68 158 108 68 290 85 359
261 86 68 43 158 68 19 85 68 331 68 70 189 68 241 68 241 68 241 68 241 68 241 68 241 68 241 68 189 68 189 241 68 241 68 241 68 189 68 241 68 189 241 68 321 569 68 189 68 241 68 70 189 68 189 68 189 241 68 241 68 321 569 68 241 68 241 68 241 68 321 569 68 241 68 321 569 68 321 569 68 321 569 68 70 158 118 68 321 569 68 241 68 241 68 241 68 241
158 85 330
405 85 222 68 266 158
64 211 68 211 68 347 158 359 68 569 68 70 158
87 68 607 50 68 370 68 19 85 68 640 68 430 68 569 68 85
189 426 158 359 68 640
611 258 149
290
651 123 68 430 68 405 68 87 108 68 405 85
503 189 68 517 68 189 68 430 149
43 430 68 406 155 149 68 43 158
189 68 569 108 68 430 68 517 258 68 430 299 68 5 189 68 389 430 299 68 389 158 118 68 389 158 118
261 158 108 258 258 108
87 68 165 68 158 108 68 158 543 68 339 68 640
5 543 389 158 85
201 64 550 158 68 370 68 569 68 85 359 68 19 68 430 68 19
531 85 359
538 158 149 359
43 158 68 577 68 189 68 430 68 201 258 189 458
283 68 86 152
447 158 68 70 189 108 149
189 550 158 189
189 68 5 189 68 405 108 68 569 68 405 240 550 158 108 68 240 211 68 240 211 68 85 359
79 430 241 359
503 189
503 189 68 607 50 68 321 569 68 240
64 211 543 68 430 359
550 430 68 85 152 258 68 158 108
4 85 68 64 51 86 68 430
503 189 68 213 68 165 68 5 189 68 569 68 430 68 405 68 189 68 189 68 189 68 189
87 108 68 527 68 569 68 4 85 359
283 68 569 108 68 405 68 405 68 70 189 68 70 189 68 70 189
261 86 68 43 158 149
261 86 68 607 68 5 68 347 501 68 397 68 406 501 68 397
288 68 241 68 611 189
189 68 607 158 68 81 68 189 68 430 359
406 158 149
189 68 550 501 68 397 68 640 68 19 85 68 5 189 68 550 487 149
43 86 163 68 417 68 607 158 68 543 550 158 189
85 449
87 68 347 158 359
87 68 85 162 68 158 149 68 607 158 68 81 68 189
49 68 170 108 68 406 158 118
607 50
593 89 158 68 577 68 189
611 68 607 158 68 390 189
149 550 158 240 359 68 405 241
550 158 543 108
607 68 5 68 81 68 397 68 70 158 68 70 158 68 70 158
406 158 68 288 68 253 68 503 158 68 569 68 503 189 68 517
330 68 81 68 85 299 211 222
49 68 405 68 430 359
339 68 19 85 68 339
405 299 211 85
405 68 405 108
87 68 136 158 68 158 108 68 158 543 211 68 607 158 68 503 158 68 136 479
406 158 68 189 68 258 68 405 199 85 359
189 68 5 189 68 354 68 189 68 397 68 389 339 68 389 339 68 389 339
189 68 570 389 158 68 397 68 211 178 68 189 68 189 426 158 118 68 611 74
406 430 149 68 170 108
201 68 550 501 68 607 158 68 617 68 397 68 70 158
87 449 68 189
189 68 81 68 149 550 149
201 258 68 85 68 162 85
501 85 438 68 607 68 64 211 68 430 68 569 68 222 149 68 550 158 85 359 68 550 158 85 359
189 68 321 240 68 64 211 68 54 86 68 607 50 68 397 68 607 50
201 213 68 607 158 68 81 68 331 68 331 149 68 153 189 68 153 189
406 155
76 240 68 64 51 108
36 85
607 158 68 222
201 258 68 517 85 68 339 68 607 158
197 85 359
261 86 68 158 108 68 569 68 331 149
189 68 321 359 68 359 389 158 118 68 290 85 359 68 241 68 85 359
527 68 607 158 68 405 149 68 430 68 569 68 406 158 359
87 222
201 213 68 517 68 43 158 68 431
607 158 68 347 501 68 189 68 550 487 149
406 155 68 158 108 68 543 458 152
87 68 347 158 359 68 5 68 365 430 149 68 569 68 640
49 68 607 158 68 501 85 68 607 158 68 93 435 85
527
531 85 359
406 155 108
79 430
569 108 68 70 158
406 158 199
70 189 68 599 68 607
283 68 517 68 577
43 155 68 517 68 517
43 158 68 158 108 68 158 108 68 543 211 543 211 68 405
201 68 607 158 68 189 68 570 389 158 108 68 517
49 68 430 68 607 158 68 347 501 68 397 68 501 68 397 68 70 189
593 163 68 85 359 68 550 339 68 19 85 68 607 158 68 617 149 68 550 339
19 85 220 211
87 68 330 68 339 68 19 85 68 64 211 108 68 64 211 108
197 158 359 68 70 189
397 68 45 199
189 68 370 68 5 68 81 68 5 189 68 501 68 359 389 158 359
231 51 86 68 261 86 68 370 68 5 68 617 149 68 607 50
189 68 5 189 68 607 158 68 222 476 68 222 68 331 149 68 607 158 68 331
241 149 68 517 258 108 68 607 158 68 550 430
290 85 68 197 85 359 68 5
87 108 68 201 258 68 569 68 211 108
389 349 531 149
593 149 68 607 50 68 397 68 517 85 68 189 550 158 68 85 68 389 158 118 68 331
87 68 19 85 68 295 149 68 85 359 389 85 359
79 158 108 149
276 85
87 68 527 68 569 68 638 68 569 68 64 550 158 108
86 163 68 550 501 68 397 68 577 68 397 68 397 68 397 68 70 158
389 339 68 570 389 158 68 253 68 397 68 70 189 68 70 158
201 258 68 85 68 85 347 158 118 68 85 68 607 158 68 527 359
261 86 68 158 108 68 64 211
607 158 85 359
5 189 68 136 479 68 607 158
321 247 85
607 68 5 68 397 68 347 501 68 339 68 85 347 158 68 189 68 85 359
189 68 577 68 189 68 241 68 569 108
153 108 68 347 158 118 68 189 68 189 68 189 68 405 68 607 50
503 158 108
59 290 258 108
321 68 339 68 19 489 68 283 68 87 449 68 158 108 68 569
87 68 19 85 68 295 149 68 430 68 19 85 68 201 258 149 550 158 108
447 430
607 158 68 370 68 241 68 517 68 64 211 108
5 68 288 68 153 189 68 501 85 359 68 517 118 68 517 85
5 68 19 163 68 550 501 68 331 68 240 643 85 68 189 68 517
87 108 68 201 258 68 569 68 405 108
607 68 5 68 211 390 68 339 68 607 158 68 331 68 331 158 68 331
194 149
135 68 527 68 189 68 617 149 68 158 108 68 430 68 640
527
76 85 359 438 359
397 68 406 158 68 517 108 68 430 68 64 211 108
406 155 68 607 158 68 331 68 222 68 70 189 68 569 68 64 211
153 68 4 152 68 158 108 68 240 458 68 201 258 68 430 68 70 158 68 70 158 68 389 158
261 86 68 43 158 68 651 359 68 70 189
406 158 68 237 591 149 68 43 158 68 331 149 68 240 211 68 43 158 68 43 158 68 331
5 189 68 347 501 85 359
85 347 158 118
288 68 550 501 68 85 359 389 158 108
258 108
64 211 68 19 85 68 397 68 19 85 68 543 211 68 19 85 68 430 68 569 68 430 359
189 68 5 68 359 68 189 68 237 266 50
406 158 68 189 68 577 68 517 85 359
189 68 165 68 170 108 68 189 68 430 68 569 68 85 347 158 118 68 85 359
201 258 68 527 68 158 108 68 569 68 85 359
158 108 68 569 68 501 85 4 189 68 211 108 68 517 258 149
397 68 430 237
87 108 68 158 108 68 569 68 629 68 241 68 640 68 640 68 640 68 64 550 158 108
189 93 435 334
189 68 550 501 68 607 158 68 430 68 640 68 640 68 64 211 108
211 543
5 189 85 359
447 158 68 527 68 158 108 68 5
201 258 68 607 158 68 189 68 201 258 68 85 568 68 241
189 68 81 68 189 68 405 199 108 68 189 550 158 108
189 68 64 211 68 607 158 68 189 68 54 86 68 189 68 189 68 189
136 158 152
158 4
607 68 5 68 136 479 68 211 471 211 68 211 189
258 189
87 68 19 85 68 569 68 331
85 347 158
49 68 405 68 431 68 617 149
503 158 108
261 86 68 607 68 189 68 339 551
201 68 607 158 68 550 158 68 331 68 85 359
87 449
153 68 447 158 543 68 158 108 68 430 68 390
517 68 64 550 158
607 158 68 81 68 607 158 68 405 108 68 390 68 640
406 158 199
201 213 68 81 68 5 68 430 149 68 5 189 68 406 158 543
64 211 68 607 50 68 397 68 569 68 85 359 68 85 359 68 85 347 158 85 359 68 85 359
87 68 170 299 68 211 68 607 50 68 5 189 68 170 211
651 123
201 258 68 339 68 331 68 158 108 68 640 68 87
354
213 550 501
201 258 68 507 258 82 68 430 68 158 118
87 68 543 68 397 68 397 68 397 68 397
607 158 68 81 68 189 68 189 68 331
406 158 68 136 479
503 189
5 68 370 68 640 68 81 68 149 550 86 149
607 158 68 70 158
406 158 199
321 68 607 68 447 158 68 64
189 68 550 339 68 577 68 211 199 68 211 108 68 517 68 517
629 68 339 68 79 158 189
261 86 68 43 158 149
651 123 68 517 68 406 155 68 617 68 339 68 550 158 118
599
611 118 108
201 258 68 607 158 68 570 389 85 359
607 158 68 149 68 569 68 158 108 68 19 68 64 211 108 68 64 211 108
607 158 68 4 85 68 64 211 108
79 158 189
397 68 54 86 68 64 211
503 339
189 68 550 501 68 321 247
79 222 68 569 108
415 211 152 68 370
189 68 543 550 158 85 68 569 108
87 68 359 389 339 68 189 68 201 258 68 170 299
261 158 68 81 68 19 108 68 607 479 68 390 68 430 149 68 43 158 68 43 158 68 607 158 68 19
189 68 70 189 68 158 108 68 258 68 253 68 85 359 389 85 359
607 68 607 68 5 68 397 68 4 189 68 158 118 68 397 68 5 189 68 85 68 607 158 68 331
158 108 68 288 68 283 68 253 68 5 189
447 158 68 527 68 158 108 68 5
43 86 163 68 81 68 5 68 85 347 158 68 124
266 158 85 152
405 85 152 88 118
201 240 68 64 550 158
189 68 5 189 68 81 68 569 68 70 158 68 331 149 68 241 68 607 158 68 607 158 68 607 158 68 331 68 607 50 68 241 68 331 149 68 431 68 241 68 321 247 149 68 331 149 68 607 50 68 241 68 607 50 68 241 68 241 68 331 68 607 50 68 607 50 68 321 569 68 321 247 68 189 68 189 68 607 68 607 68 607 50 68 607 50 68 607 68 607 479 68 189 68 189 68 189 68
261 86 68 43 158 149
406 158 199
276 85 68 531 158 108 68 517 85
189 68 258 543 389 158 359 68 531 158 118 68 189 68 189 68 389 158 118
201 258 68 79 430 359 68 406 158 543 68 189 68 347 158 543
241 85 359
517 258 108
503 189 68 527 68 569 68 170 108
189 68 550 501 68 607 158 68 149 550 158 108
406 158 68 288 68 517 68 5 189 68 158 543 68 607 50
189 68 550 501 68 189 68 241 68 158 240 68 241 68 517
189 68 550 501 68 397 68 241 68 158 543 68 607 158 68 389 158 118 68 331
405 449
170 170
133 68 19 79 158 359 68 158 359 389 339
43 158 68 642 68 201 258 68 397 68 517
607 68 607 158 68 550 339 68 629
4 258
201 68 607 68 201 85 68 201 258 68 158 108
607 50
283 68 640 68 640
4 85
321 68 152
124
569 68 136 158 68 406 158 74 68 189 458 68 64 211 108
339 68 527 68 607 158 68 85 68 64 211 108
64 211 108 68 430 108 68 189 68 19 85 68 241 68 607 158 68 430 149 68 189 68 607 158 68 19 68 430 149 68 189 68 607 158 68 607 158 68 189 68 189 68 189 68 189 68 430 149 68 189 68 189 68 189 68 189 68 607 158 68 430 149 68 430 149 68 189 68 240 550 501 68 430 149 550 501 68 64 211 108 68 201 258 19 85 68 19 79 487 149 68 64 211 108 68 64 211 108
503 189 68 390 68 569 68 85 70 189 68 85 4 189 68 64 211 108
201 258 68 538 430 359 68 397 68 527 68 569 68 331
85 359
261 86 68 245 449 68 253 68 189 68 189 68 189 68 550 158 118
87 449
241 68 569 108 68 430 68 607 158 68 365 430 68 5 68 365 430 68 569 68 517
261 86 68 124 68 569 68 430 68 569 68 85 4 189 241 68 158 108
261 86 68 124 68 569 68 430 68 569 68 64 211 108
43 155 68 517 68 517
87 68 347 501 68 607 50 68 569 68 405 68 85 347 501 68 405 68 189 68 241 68 189 68 405 68 85 152
189 68 501 85 359 68 501 68 569 68 430 299 68 517 359 389 158 118
406 155
406 158 68 331 149 68 189 68 201 258 68 331 149 68 331 149
321 68 527 68 189
397 68 170 68 158 108 68 211
503 158
347 501
5 189 68 359
4
87 68 64 211 68 211 108 68 85 359
76 85 241
5 68 331 149 68 158 108 68 569 68 19 85 68 5 108
283 68 617 149 68 158 68 19
599 211 199
231 240
321 339 68 607 158 68 213 68 543 211 68 189 68 211 108
607 68 5 68 577 68 397 68 569 68 85 347 158 108 68 253 68 5
330 359
406 158 68 81 68 607 158 68 253 68 5 189
514
201 258 108 68 93 435 334
19 489 68 550 158 108 68 135 68 569 68 405 68 19 85 68 43 158 68 43 158 68 85 359
87 68 288 68 517 68 430 149 68 569 68 640 68 569 68 4 85
197 68 397 68 79 359 68 241 68 189 68 241 68 569 68 85 359 68 241 68 241 68 241 68 241 68 241 68 241 68 241 68 241 68 241 68 241 68 241 68 241 68 241 68 241 68 241 68 397 68 241 68 241 68 397 68 241 68 241 68 397 68 241 68 241 68 241 68 241 68 241 68 241 68 241 68 241 68 241 359
266 158 359 438 359
390 569 108
87 108 68 517 68 607 68 189 68 213 550 158 68 406 155 68 517
406 158 68 189 68 577 68 569 68 19 85 68 430 149 550 158 108
43 158 68 607 68 607 158 68 550 501 68 19 85 68 430 68 5 68 70 158
189 68 550 158 199 68 607 158 68 389 339 68 70 158 68 397 68 70 189
5 68 19 163 68 405 108 68 247 85 68 245 449
507 258 189
607 68 5 68 189 68 79 158 68 405 68 64 211 108
153 68 503 189 68 339 68 158 108 68 339 68 607 158 68 153 68 54 86
339 299 389 339
201 258 68 158 108
527 68 607 158 68 405 149 68 430 68 569 68 406 158 359
531 158 68 570 389 339 68 397 68 19 85 68 640
5 189
261 86 68 124 68 158 108 68 87 189 68 158 118 68 85 68 189 68 189 68 189 241 68 339
607 50 68 370 68 5 68 189 68 640 68 640 68 640 68 640 68 640 68 640
503 189 68 527 68 607 158 68 85 359 68 247 85
527 68 5 68 87 68 607
330 222
43 158 68 245 449 68 430 68 19 85 68 607 158 68 430 68 43 158 68 70 158 68 70 158 68 70 158 68 43 158 68 149 68 607 158 68 607 158 68 607 158 68 70 189 68 70 189 68 153 189 68 153 189 68 189 68 70 189 68 70 158 68 189 68 607 158 68 389 85 68 389 85 68 70 189 68 331
153 108 68 258 68 430 68 189 68 550 339 68 189 68 550 339
321 68 201 258 68 197 85
241 149
359 503 189 85 359
5 189
197 158 68 640
430 85 438 415
569 68 347 501 68 189 68 213 458
170 199
330 359
599 68 153 189 68 70 158 108
569 108 68 158 108 68 197 86 68 158 68 222 68 64 211 108
611 108 68 339 68 550 158 118 68 201 85 68 64 211 108 68 64 211 108 68 64 211 108
330 123 108 68 189 550 158 189 68 241 359 389 158 118
201 86 68 194 543 68 397 68 569 68 501 85 359 68 397 68 397
64 211 68 87 68 189 68 158 108 68 640 68 85 4 258
517 118
593 163 68 430 68 397 68 241 68 189
189 68 550 501 68 397 68 569 68 222 68 158 108 68 201 258 68 201 258 68 189 68 189 68 189 68 189 68 189 68 189 68 201 258 68 189 68 189 68 189 68 189 68 189 68 189 68 189 68 189 68 201 258 68 189 68 189 68 201 258 68 189 68 189 68 189 68 189 68 189 68 189 68 189 68 189 68 189 68 189 68 70 158 118 68 70 158 118 68 201 258 68 189 68 189 68 189 68
321 68 446 68 189 68 213 68 213 68 569 108
19 68 607 158 68 288 68 569 68 4 189 68 517
283 68 527 68 569 68 19 85
87 68 158 108 68 70 189 68 170 108 68 550 158
503 189 68 527 68 607 158 68 149 68 241 68 640 68 640 68 640
189 643 85 359
290 85 359
54 86 68 405 68 607 158 68 81 68 189 68 237 211 334
201 258 108 68 93 435 334
43 86 163 68 446 68 43 158 68 543 211 68 430 299 258 68 19 85
611 189 68 85 68 642 68 607 50
611 108
651 123 108 68 240 643
189 68 430 299 68 543 68 5 189 68 170 299
19 359 68 87 449
87 449 68 19 85 359 211 108
43 86 163 68 370 68 5 68 81 68 390 68 390 569
76 85 359
245 449
189 643 359
406 158 68 81 68 607 158 68 405 199
339 68 607 158 68 550 501 68 405 68 170 149 68 189 68 550 501 68 397 68 550 501 68 550 158 108
49 68 607 158 68 347 501 68 85 359 68 19 85 359 70 158 108
231 240 68 617 149
189 68 550 501 68 201 258 68 241 68 158 108 68 189 68 189 68 389 158 118 68 189 68 189 68 389 158 118
189 68 64 211 68 389 158 108 68 189 68 543 389 158 108 68 246 68 569 68 253
261 86 68 43 158 68 651 123 68 64 211 68 79 158 359
64 211 68 607 158 68 397 68 222 68 19 68 222 68 158 68 222 68 222 68 158 118
503 158 108
607 158 68 607 158 68 237
405 258
189 68 607 158 68 543 68 405 68 331 149 68 189 68 550 158 118 68 550 158 108
607 155 68 577 68 569 68 70 189 68 550 501 68 331 149
76 85 359
611 74
607 50 68 70 158 68 189 68 79 430 68 5 68 153 108
189 68 394 458 68 189 68 397 68 54 86 68 397 68 397 68 550 501 68 397 68 607 50 68 189 68 607 50 68 607 50 68 397 68 607 50 68 607 50 68 607 50 68 189 68 189 68 331
87 108 68 189 68 189 68 487 149 68 640 68 640 68 19 85
19 85 359 68 406 158 240 68 158 108
330 68 642 211
389 85 359 389 158 299 211 68 550 158
19 489 68 85 68 569 68 4 149 68 158 108 68 365 430 68 569 68 64 211 108 68 430 68 569 68 569 68 430 149
87 68 550 86 108 68 5 189 68 503 189 68 405 68 517
43 158 68 189 68 266 50 68 397 68 43 158 68 397 68 611 51 86
43 158 68 642 68 607 158 68 543 68 211 68 517 299 68 211 68 136 479
201 258 68 85 152 68 19 68 607 158 68 617 149 68 397 68 550 158 108 68 617 149 68 85
347 158 85 4 85
43 487 149
531 299 211 68 430 108 68 19 85 359 389 85 359
49 68 607 158 68 501 85 68 607 158 68 93 435 85
201 258 68 211 199 68 517 68 517 68 430 199
299 93 51 158 85
201 258 68 201 258 68 331 68 430 68 430 438
197 158 68 550 158 108 68 189 68 45 235
189 266 158 68 406 158 359 68 607 158
87 108 68 390 68 569 68 430 149 550 158 118 68 331 149
189 68 517 68 397 68 446 68 517 85 347 158 222 68 222
87 68 19 79 158 189 68 240 68 607 158 68 170 108 68 170 108
189 68 81 68 158 108 68 149 550 158 68 36 211 189
86 163 68 70 158 118 68 211 68 211 108 68 70 189 68 550 158 118 68 550 158 118
87 149 68 70 158 108
261 86 68 158 68 82 68 569
201 68 550 339 68 158 359 68 331
87 68 527 68 189 68 93 435 149 68 43 158 68 406 155
290 85
406 158 68 331 149 68 158 108
501 85 503 189 68 158 108 68 339
189 68 158 118 68 158 108 68 211 108 68 517 258 82 152
86 163 68 550 501 68 397 68 347 501 68 397
607 158 68 5 68 607 158 68 347 501 68 347 501
201 258 68 339 68 607 158 68 339 68 339 68 607 158 68 201 258
4 4 85
19 68 607 158 68 252 155 149 68 135 68 640 68 397 68 397
261 158 543 68 70 158
43 158 68 158 108 68 82 152 68 607 50 68 189 68 153 189 68 503 189 68 170 108
85 359
607 50 68 19 149 68 607 158 68 321 247 68 607 50
607 158 85 359
59 295 149
87 68 165 68 339 68 607 158 68 430 359 68 189 68 607 50
54 86 68 189 68 354
87 68 607 50 68 189 68 19 68 430 68 569 68 321 240 68 64 211 68 158 359 68 607 158 68 607 158 68 607 158 68 607 158 68 607 158 68 607 158 68 607 158 68 607 158 68 81 68 607 50 68 607 50 68 607 158 68 321 4
569 108 68 64 211 108
447 359
611 189
43 430 359 68 5 68 517 85 347 158 240 68 241 211 68 5
79 339
158 108 68 569 68 158 108 68 321 569 68 64 211 108 68 430 68 640 68 569 68 241 68 241 68 569 68 569 68 189 241 68 241 68 241 68 640
389 85 359 68 70 189
261 158 68 397
189 68 629 68 397 68 405 68 295 149 68 5 189 68 321 569 68 331 149 68 331
197 85 68 607 158 68 577 68 397 68 517 68 397
607 68 543 68 237 149
640 68 640 68 569 68 19
390 68 189 426 487
607 158 189 550 158
64 211 108 68 19 68 158 108 68 5
64 211 68 19 79 222 68 70 158 68 359 68 503 189 68 389 339
261 86 68 43 158 68 651 123 68 430 199 68 189 68 640
189 68 550 501 68 397 68 517 68 211 199 68 405 68 64 211 108
569 108 68 197 86 68 397 68 570 389 158 68 189
189 68 550 501 68 397 68 517 68 517 68 43 158 68 331 149
213 550
507 258
607 158
611 108 68 339 68 550 158 118 68 241 68 189 68 241 68 241 68 43 158 68 611 51 86
189 68 550 501 68 189 68 211 108 68 607 158 68 617 68 607 158 68 607 158 68 607 158 68 339
189 550 487 108
197 543 68 45 108 68 253
87 68 611 108 68 51 86 68 397 68 331 149
133 82 68 431 68 241
87 68 347 158 359
276 85 68 201 258 68 64 211
321 359 68 19 563 189 68 331 149
517 85
261 86 68 124 68 165 68 189 68 19 85 68 607 158 68 397 68 43 158 68 517 68 397 68 517
607 50 68 19 149 68 607 158 68 569 68 430 299
87 108 68 517 68 607 158 68 347 501 68 189 68 85 347 158 68 85 347 501 68 397 68 85 347 158 68 189 68 189 68 189 68 85 68 85 347 158 68 189 68 189 68 189 68 569 68 189 68 189 68 189 68 189 68 189 68 85 347 85 68 569 68 189 68 85 347 85 347 501 68 85 68 85 359 70 158 108 68 153 189 68 607 479 68 607 158 108 68 170 108 68 170 108 68 170 108 68
501 85 4 189 68 607 158 189 68 211 222
87 108 68 201 258 68 569 68 64 211 108 68 189 68 85
517
189 68 170 158 108 68 406 430 149
82
43 86 163 68 288 68 253 68 569 68 288 68 70 158 68 149
197 85
261 86 68 86 68 189 68 607 479
87 152 68 93 211 359
189 68 158 543 211 68 397 68 370 68 70 158
158 211 471 211
290 258 149
550 339 108
389 199 199
5 68 19 163 68 158 108 68 4 158 240 68 158
201 68 607 68 397 68 570 389 158
19 163 68 543 550 501 68 397 68 550 501 68 607 158 68 321 569
593 149 68 607 158 68 543 68 43 158 68 189 68 189 68 19 85 68 189 68 189 68 189 68 189 241 359
283 68 158 108 68 189 68 189 68 79 487 85 68 170 152
569 68 245 108 68 170 299 68 149 68 85 359 389 85 359
569 68 538 158 108
189 68 577 68 189 550 158 199 68 389 158 118 68 331 68 331 68 331 68 331
321 569 68 136 479
611 240
290 258
231 240
611 108 68 339 68 550 158 118 68 201 85 68 64 211 108 68 64 211 108 68 64 211 108
258 149 438 359
241 68 158 108 68 70 158
390 569 438 359
527 68 607 68 70 158 68 19 85 359
651 123 108 68 430 68 85 241 68 241 68 640 68 19 85
87 108 68 201 258 68 189
593 89 50 68 397 68 189
153 108 68 347 158 118
397 68 19 85 68 158 108
494 68 86 68 170
158 222
87 68 517 68 430 68 569 68 389 339 68 389 158 543 68 389 158 543 68 153 189
330 74
201 258 68 339 68 607 158 68 339 68 339 68 607 158 68 201 258
64 211 68 430 68 5 189 68 501 68 158 108 68 430 199
390 569 68 5 68 347 158 359
503 189 68 593 89 158 68 81 68 241 68 241 68 5 189 68 430 68 201 258 189
87 68 390 68 607 158 68 231 240
406 158 74 68 189 68 64 211 108
593 89 158 68 543 211 68 611 189 68 211 359
189 68 19 359 68 19 85
189 68 550 501 68 397 68 211 406 158 108 68 93 435 334 108
201 258 68 430 68 5 68 93 51 108
261 86 68 124
550 430 68 64 211 108
5 211 93 211
569 68 240 550 158 108 68 189 458
531 108
607 50 68 19 149 68 607 158 68 331 68 5 189
406 158 68 347 501 68 189 68 158 108 68 19 85 68 158 108
501 85 258 149
87 222 85
79 359 68 354
406 158 108
4 607 158 68 222 68 607 158 359
189 68 5 68 359
87 108 68 158 108 68 607 158 68 629
241 68 201 258 68 397 68 389 85 359 68 70 189 68 85 359
642 149 68 85 359 389 85 359
189 68 607 158 68 81 68 569 68 149 550 86
87 68 288 68 43 158 68 406 501 68 569 68 405 108 68 405 68 405 68 405 68 405 68 405 108
87 449
276 85 68 19 85 68 447 158 68 189 68 430 68 5 68 85 347 158 68 5 68 85 347 158
599 68 607 68 201 240 68 607 68 607 68 607 68 5 68 617 68 389 339 68 617 68 189 68 550 158 68 617 68 389 339
261 158 108
189 68 550 501 68 397 68 211 543 68 43 158 68 245 449 68 607 158 68 607 158 68 189
611 108 68 339 68 550 158 118 68 331 68 331 68 241 68 241 68 43 158 68 241
5 108
261 86 85 170 108
550 501
397 68 54 86
321 240
406 158 68 288 68 211 149 68 19 68 607 158 68 331 68 397 68 550 501 68 397 68 85 68 607 158 85 68 607 158 68 397 68 607 158 68 397 68 607 158 85 68 607 158 85 68 331 149 68 397 68 43 158 68 397 68 607 479 68 331 149 68 607 479 68 607 158 68 240 51 86 68 331 149 68 331 149 68 331 149 68 331 149 68 607 158 543 550 158 68 331 149 68 331 149 68 331 149
406 430
607 155 68 45 108 68 517 68 201 258 68 189 68 19 85 68 569 68 158 108
611 108 68 339 68 550 339 68 241 68 397 68 569 68 85 347 158 108 68 241 68 397 68 241 68 241 68 397 68 397 68 241 68 241 68 241 68 241 68 241 68 241 68 611 74
87 68 607 50 68 397 68 149 550 339
266 569 108
87 152 68 64 550 158 108
189 68 158 108 68 158 108 68 5 68 390 68 70 158
5 189 68 494
593 163 68 517 68 517 68 517
211 251 108
406 158 68 189 68 577 68 158 240 68 64 211 108
629 68 85 347 158 118 108
241 359
517 68 19 359 68 170 68 170
406 158 68 5 189
290 85 359 389 339
290 85 359 389 339
569 68 517 68 517 68 394 458 68 430 149 68 19 68 70 149
569 68 189 643 85 68 5 68 295 359 68 85 568 68 430 68 85
607 158 68 70 158 108 68 149 550 86
607 50 68 19 149 68 607 158 68 331 149
43 86 163 68 81 68 607 158 68 253 68 5 68 405 108 68 64 211 108
43 158 68 577 68 189 68 430 68 201 258 189 458
86 163 68 550 501 68 517 68 517 68 517
607 50 68 370 68 64 550 158 68 158 108 68 189 68 570 550 86
19 4 85 359 70 158 108
593 163 68 431 68 611 189 68 211
153 68 359 389 339 68 70 158
503 189
189 68 5 189 68 85 359 68 501 68 569 68 347 501
517 85 123 108
162
406 85 299 93 389 158 118
201 68 5 68 431 68 430 359
321 211 85
64 149 68 194 108
201 258 68 85 68 331 68 406 158 240 359 68 241 68 640 68 85 359
527 68 153 68 153 68 201 258 68 189
189 68 607 158 68 170 299 68 577
438
87 449
261 86 68 527 68 569 68 550 339
70 158 108
538 430 149 68 64 211 108
87 68 19 563 158 68 527 359 68 607 68 607 68 550 339 68 550 158 68 550 158 108 68 607 158 108
64 149 68 550 487 359
64 211 68 19 85 68 397 68 405 68 607 158 68 240 211 68 19 85 68 5 189 68 19 85 68 19 85 68 517
266 158 85
593 149 68 607 158 68 288 68 70 158 68 258 149 68 189 68 569 68 85 347 158 118 68 85
64 211 108 68 354 68 642 211
607 50 68 19 149 68 607 158 68 331 479 68 397 68 517 68 517
447 430
5 68 288 68 397 68 54 86 68 124 68 569 68 158 108
43 85 359
87 68 347 158 359 68 5 68 81 68 607 158 68 343 543 211 108
405 199
651 123 108 68 19 68 430 68 201 258 68 79 359
197 158 68 247 68 527 68 189 68 19 85 68 43 158 68 430 149 550 158 68 43 158 68 405 68 240 211 108
64 211 68 19 85 68 397 68 550 501 68 569 68 211 199 68 550 158 108
550 155
503 189
283 68 607 68 406 158 68 241 359 68 189 68 569 68 405 108 68 64 211 108
153 108
577 68 517 68 124 68 569 108
405 68 70 158 359
527 68 607 158 68 527 359 68 430 68 19 85 68 397 68 569 68 617 149 68 617 68 189 68 569 68 569 68 189 68 189 68 569 68 241 68 569 68 189 68 617 149
5 211 258 85 359
330 543 389 158 118
607 479 68 70 158
241 68 220 550 501 68 189
189 68 339 68 430 149 68 266 158 68 189 68 70 158 68 430 149 68 405 68 189 68 430
86 163 68 550 501 68 189 68 81 68 19 85 68 607 158 68 550 158 108 68 550 158 68 607 158 149 68 149 68 607 479 68 607 479 68 331 149 68 331 149 68 607 479 149 550 487 149 68 607 479 68 607 479 68 607 479 68 241 68 550 86 149 68 607 50 68 607 50 68 153 189 68 550 86 149 68 170 108 68 86 149 68 261 86 149 68 607 50 68 170 149 68 170 149 68 86 163 68
321 68 241 359
330 68 527 68 158 108 68 19 85
389 158 405 108
651 123 68 430 149 68 607 158 68 5 189 68 54 86 68 550 158 108
276 85 68 201 258 68 64 211
406 158 199
87 449 68 158 108 68 158 108 68 607 158 68 331 149
4 4 85
87 68 607 50 68 370 68 5 68 640 68 170 108
211 199 68 607 158 68 611 85 359
87 68 347 158 359 68 85 359 389 199 359
4 64 211 68 430 430
211 240 359 68 640 68 569 68 607 158
43 158 68 640
189 68 5 189 68 288 68 365 430
43 158 68 394 359
343 569 68 70 189
569 108 68 70 158
4 68 158 74
189 68 426 86 68 241 149 68 331 149 68 241 68 149 550 487 359 68 617 149
189 68 158 74 68 607 68 5 189 68 211
201 258 108 68 189 68 189 458 68 430 68 189 68 189 426 487
87 68 527 68 607 158 68 607 158 68 640
87 108 68 201 258 68 569 68 241 359 389 339 68 642 211
64 211
189 68 569 108 68 253 569 68 503 189 550 85 359
189 68 5 189 68 405 108
405 108 68 170 68 170 211 68 607 68 5 68 365 430 199
86 163 68 550 501 68 189 68 550 501 68 569 68 503 158 118 68 503 158 68 503 158
189 68 5 189 68 577 68 569 68 85 359 389 339 68 611 189
321 68 339 68 19 489 68 283 68 87 449 68 158 108 68 569
607 50 68 19 149 68 607 158 68 607 158 68 607 50
87 68 82 152
607 158 189 550 158
87 449 68 19 489 68 517 68 517 85
321 563 158
87 108 68 158 108 68 569 68 517 85 359
569 68 158 118 68 149 68 607 68 5 189 68 517
79 178
241 149 88 108
517 211
189 68 550 501 68 397 68 158 108 68 611 189 68 85 359
258 108 68 517 68 517 82
43 158 68 527 68 158 68 158 108 68 640
394 68 527 359 68 640
189 68 247 85 68 189 68 550 339 68 189 550 339
331 149 68 397
569 68 405 68 213 194 68 617 68 189 68 19 85 68 64 211 108
189 68 550 501 68 397 68 607 158 68 222 68 189 68 189 68 5 189 68 607 158 68 347 501 68 607 158 68 607 158 68 607 158 68 607 158 68 607 158 68 607 158 68 189 68 189 68 189 68 189 68 607 68 189 68 189 68 189 68 189 68 189 68 189 68 189 68 189 68 189 68 189 68 189 68 189 68 189 68 189 68 607 158 68 607 158 68 189 68 189 68 189 68 189 68 607 68 607
189 68 550 501 68 397 68 397 68 85 170 108 68 170 152
189 68 527 68 607 158 68 149 68 64 550 158 240
527 68 153 68 153 189 68 430 68 617 68 569 68 170 108 68 246 68 189 68 189 68 189 68 246 68 617 149
201 68 165 68 339
158 222 85 359
87 68 81 68 517 68 5 189 108
397 503 158 108
87 108 68 158 108 68 607 158 68 629
87 449
5 68 82 68 517 68 406 149 68 189 68 149 550 158 108 68 517 149
76 85 359
201 258 68 158 108 68 339 68 158 85 359
405 415
538 158 359
569 108 68 170 68 170 68 87 68 64 211 108 68 64 211 108
87 152 68 370 68 201 258 68 253
321 247 68 569 108
5 68 82 68 607 158 68 149 68 607 68 245 449
607 158 623
189 68 79 158 189 68 153 108 68 607 158 68 331 149
197 158 68 607 68 201 258 68 189 68 359 389 158 68 430 299
213 211 68 197 86 68 253 68 5 108
569 68 430
406 501 68 189 68 189
564 68 607 158 68 189 68 430 359 68 19
189 68 64 211 149 68 430 149
64 211 68 517 359 68 517 68 569 68 85 152 550 501 68 430 68 43 158 68 43 158 68 611 74
261 86 68 189 68 570 389 158 359 68 5 189 68 617 68 617
201 258 68 527 68 607 158 68 569
87 449 68 158 108 68 569 68 19 85 68 331 487 359 68 85 359 68 189 68 189 68 189 68 85 359
43 158 68 640
261 86 68 124 68 81 68 569 68 430 149 68 19 68 5 68 365 430 299
5 189
197 85
607 50 68 370 68 170 68 397 68 54 86 68 640 68 640
189 68 81 68 189 68 64 389 339 68 189 241 68 241
593 163 68 517 68 430 68 5 189 68 550 158 108 68 397 68 397 68 211 543 211
389 85 359 68 258 258 85 359
64 211 68 70 158 68 189 68 189 68 85 359
189 68 158 299 68 85 359 68 85 359 68 19 85 359
153 543 68 295 86
261 86 68 124
189 68 569 108 68 253 569 68 543 550 339 68 85 359 389 85 68 70 189
564 85 359
64 211 108 68 550 501 68 64 149 68 446 68 446 82
19 85 359
189 68 629 68 397 68 503 189 68 365 430 68 189 68 397 68 397 68 397 68 189 68 189 68 397 68 241 68 189 68 397 68 170 299
201 86 68 81 68 189 68 189 68 543 389 158 85 68 189 68 331
136 158 152
397 569 85
288
54 86 68 85 359 68 339 68 607 158
5 68 288 68 389 501 68 389 339 68 389 85 359 68 70 158 68 389 85 359 68 70 158
577 68 640
85 170
607 50 68 19 149 68 607 158 68 81 68 189 68 19 85
201 258 68 517 258 68 569 68 258 85 359
593 149 68 607 158 68 321 247 68 331 68 70 158 68 365 430 68 569 68 70 158 68 430 68 569 68 70 158 68 70 158
189 68 87 152 68 569 68 266 50 68 397 68 405 68 405 68 397 68 405 68 517
261 86 68 593 89 158 68 19 85
321 68 446 68 19 85 68 430 149 68 70 189 68 153 189
569 68 158 118 68 189 68 211 108
189 68 4 178 68 189 550 158 68 153 189 68 406 158 189
43 158 108
64 211 68 607 50 68 397 68 149
189 68 43 158 68 331 149 68 607 158 68 543 458 68 430 68 189 68 43 158 68 430
76 85 359
261 86 68 124
514 68 189 550 430 299
153 108 68 201 258 68 527 85 68 430 299 68 241 68 5 189 68 85 347 158 118
87 108 68 258 149 68 550 501 68 85 359 68 19 85 68 569 68 517
569 108 68 527 68 397 68 638 68 640 68 642 211 68 397 68 405 68 43 158 68 189
64 389 487 359 68 43 158 68 283 68 170 108
607 68 5 68 136 479 68 517 68 64 211 68 64 211
550 155 68 517
405 178
189 68 550 501 68 397 68 517 68 211 199 68 64 211
43 158 68 607 158 68 5 189 68 240 211 68 211 68 70 158 68 70 158 68 70 189 68 240 211 68 153 189 68 153 189 68 153 189 68 153 189 68 240 211
611 85 359
87 68 517 68 87 68 19 85 68 607 158 68 617 149 68 397 68 550 501
258 149
261 86 68 651 123
201 258 68 607 158 68 82 68 339
430 359 68 347 158 359
607 158 68 222
607 68 5 68 550 501 68 503 339 68 43 158 68 390 569 68 517
405 359
231 240
538 158 108 68 550 158 108 68 550 158
64 211 68 607 50 68 397 68 222 149
87 449
261 86 68 158 108 68 43 158 68 258 390
87 108 68 201 258 68 569 68 4 359 389 85 359 68 85 359
607 155 68 85 359
76 85 266 158
593 89 487 68 153 68 253
153 68 527 68 339 68 339 68 569 68 70 158
189 68 70 189 68 93 435 334 68 405 68 85
290 85 178 68 517
607 479
607 158 68 527 68 189 68 527 359 68 331 149
258 82
283 68 79 158 359 68 607 50 68 189 68 76 85 359
607 50
258 189 68 640 68 394
5 68 370 68 640 68 81 68 19 85 68 607 158 68 149
503 189 68 607 479 68 189 68 447 158 68 354
569 68 85 447 430 68 189 68 550 158 108 68 354
241 149 68 189 438 359 68 517 258 390
158 85 330
517 118
158 108 68 550 158 543 68 347 158 222
87 68 81 68 397 68 253 68 569 68 405 68 543 211 68 607
330 189 550 158 199 68 642 211
607 158 68 397 68 288 68 288 68 607 50 68 397 68 607 50
288 68 527 359 68 85 4 85 359
4 108
189 68 81 68 189 68 93 389 158 118
197 86 68 550 501 68 189 68 430 68 19 85 68 5 108
87 299 570 389 339
261 85 68 405 68 517 85
189 68 240 211 68 85 152
5 189 68 405 108 68 347 501 68 339
189 68 651 123 68 430 68 64 211 108
607 158 68 550 85 68 611 189 149 389 85 359
85 68 370
87 68 607 50 68 397 68 70 189 68 85 152 389 85 68 85 359 68 569 68 550 487 359
642 405 108
330 359 389 85 359 68 211 85 359
189 68 550 501 68 397 68 64 211 543 68 569 68 447 158 68 64 211
189 68 426 158 68 93 435 85 68 430 149
261 86 68 158 108 68 607 68 611 189 68 617 149 68 617 149
288 68 331 430 359 68 339
189 68 158 118 68 85 359 68 158 108 68 70 158 68 331
189 241 359
593 89 158 68 347 158
231 240
201 258 149 68 517 68 241 211
321 569 68 64 211
189 68 158 211 199 359
607 68 607 158 68 607 158 68 397 68 81 68 189 68 331
569 68 527 68 406 501 68 517 85
189 68 550 501 68 569 68 79 430 359 68 405 68 397 68 405 241
503 189 68 165 68 405 68 189 68 405 199 108
189 68 550 501 68 397 68 241 68 149 389 85 359 68 611 189 68 43 158 68 611 189 68 611 189
261 86 68 607 158 68 471 68 189 68 430 68 569 68 607 158 68 550 501 68 607 158 68 607 158 68 607 158 68 607 158 68 607 158 68 607 158 68 331
552 85 149 68 93 435 334 108
189 149
149 550 487 359
607 158 189 550 158
189 68 640 68 640 68 569 68 241 68 43 158 68 617
607 158 68 640
201 258
170 108 68 258 390 68 359 389 85 359
406 501 68 64 211 108
87 68 607 50 68 397 68 550 501 68 397 68 321 569 68 321 247 68 397 68 607 158 68 397 68 569 68 550 501 68 397 68 607 158 68 607 50 68 607 50
261 86 68 390 68 569 68 290 85 68 405 199 85 359 389 85 359
64 211 68 211 543 68 158 543 68 430 68 569 68 211 136 479
153 68 617 68 397 68 607 68 5 189 68 253
261 86 85 170 108
86 163 68 288 68 253 68 87 68 569 68 222 68 222 476 68 607 158 68 397 68 607 50
261 86 68 240 550 158 68 189 68 570 211 68 607 158 68 430 68 607 158 68 607 158 68 607 158 68 607 158 68 331
153 108 68 85 4 149
593 163 68 211 359 68 211 199 68 550 339 68 85 359
64 211 68 158 108 68 339 68 211 68 517 68 517
5 189 68 651 123
136 158 85
405 178
189 68 570 389 158 68 189 68 569 68 430 299 68 43 158 68 389 85 359 68 397 68 397 68 397 68 389 158 68 389 85 359
569 68 240 51 85 359 68 43 158 68 617 68 617
503 158 108
629 68 70 158 108 68 569 68 85 359
189 68 517 68 446 68 158 108 68 5 189 68 331 149
19 563 158 68 607 158
339 68 527 359 68 640
550 501 68 5 68 93 435 149 68 397
153 108 68 347 158 118
446 503 158
197 86
438 415
54 86 68 607 158 68 237
495
43 158 68 64 211
503 189 68 390 68 569 68 550 430 68 19 85 68 241 68 240 550 501 68 569 68 85
607 211 471 211
503 189 68 607 50 68 321 247 68 607 158 68 189 68 543
406 158 68 288 68 211 471 68 569 68 503 189 68 389 158 359 68 611 189 68 611 189 68 517
261 158 68 607 50 68 5
201 258 108 68 405 68 290 68 241 68 43 158 68 617
201 258 390
527 68 87 68 87 68 430 68 189 68 359
261 86 68 43 158 68 507 211 68 517 68 517
64 149 68 43 158 68 240
64 211 68 231 240 68 64 211
189 68 170 68 19 79 158 189 68 240 550 158
447 430 199
189 68 5 68 93 211 108 68 64 211 68 211 108
570 389 158 108
5 68 81 68 397 68 339 68 85 347 501 68 189 68 569 68 85 347 158 118
5 189 68 149
189 68 170 299 68 70 158 359
201 258 68 507 258 68 370
417 85 68 19 85 68 158 108
189 68 550 501 68 397 68 543 550 501 68 189 68 569 68 617 149
189 68 158 108 68 189 68 189 68 569 68 158 108
607 158 68 81 68 64 550 86 149
611 74 438 359
86 163 68 288 68 253 68 503 158 68 569 68 543 211 68 153 189
201 68 607 158 68 577 68 569 68 158 108 68 339
261 86 68 189 68 527 359
87 68 517 68 253 68 54 86 68 607 50 68 397 68 569 68 431
593 89 158 68 211 199 68 550 339 68 607 158 68 397 68 339
201 68 550 158 543 68 607 158 68 430 199
321 247
339 68 550 158
405 178
211 68 252 199 149
64 211 68 211 68 81 68 607 158 68 517 68 189 68 85 359
76 85 359 68 543 550 430 68 5 68 158 108
189 68 501 68 241 68 158 108 68 189 550 158 199
189 68 550 501 68 397 68 211 390 68 189 68 189 68 85 347 501 68 607 158 68 607 158 68 189 68 607 158 68 189 68 189 68 607 158 68 189 68 189 68 189 68 189 550 158 68 189 68 189 68 189 68 189 68 189 68 189 68 331
189 68 607 158 68 550 501 68 189 68 405 68 189 68 189 68 550 158 543 550 158 108
170
593 163 68 389 339 68 611 74 68 19 85 68 189 550 430 68 241 68 241
231 240
170 108
87 68 527 68 569 68 85 347 158 68 430 68 569 68 211 108
170 108 68 70 189 211 108
5 149
245 449
149 389 339 68 211
569 406 479
19 68 607 158 68 288 68 640 68 85 611 108 68 617 149
45 68 607 68 81 68 158 108 68 640 68 158 85 68 5
189 68 550 501 68 397 68 607 158 68 550 501 85 68 189 68 85 347 501
321 68 607 68 189 68 5 68 331 149 68 331 149 68 607 50 68 5 189 68 331
569 108 68 258 189 68 501 85 347 501 68 189 68 189 68 85 347 158 118 68 189 68 85 347 158 118 68 189 68 189 68 85 68 85 68 85 347 158 118 68 189 68 189 68 569 68 189 68 569 68 569 68 347 501 85 347 158 118 68 569 68 569 68 189 68 85 347 501 85 347 501 68 189 68 569 68 569 68 569 68 569 68 569 68 501 85 347 501 85 347 158 118 68 569 68 569 68 569
593 89 487 68 390 68 189 68 201 258 85 359
283 68 507 258 68 607 50 68 5 68 19 85 68 19 85 68 5
406 155 108
283 68 406 158 68 517 68 430
189 68 158 543 68 397 68 170 108
517 85 299 68 517 85
406 158 68 331 149 68 569 68 430 359 389 339 68 149 68 397
149
406 158 108
64 211 68 158 118 68 321 240 68 640 68 19 85 68 19 85
321 563 86
189 68 550 501 68 397 68 640 68 19 85 68 5 189 68 550 487 149
189
231 240
170 152
607 158 68 389 570 389 339 68 397 68 331 68 158 108 68 331
261 86 68 124 68 165 68 569 68 19 85 68 405 108 68 405 108
54 86
347 158
527
87 108 68 158 108 68 569 68 517 258 68 517
501 85 347 158 85
607 68 5 68 288 68 258 108 68 390 68 390 68 405 118
405 108 68 629 68 607 68 5 68 4 189 68 189 68 550 158 118 68 70 158 68 70 158 68
607 158 68 81 68 189 149
189 68 550 501 68 397 68 607 158 68 550 501 85 68 189 68 85 347 501
43 430 68 397 68 550 501 68 81
170 299 68 253
550 430 68 607 158 85
197 158 68 607 158 68 569 68 82 68 189 68 64 211
87 68 347 158 118 68 85 359 68 331 487 359 68 430 68 87 68 170
87 449
213 194 68 237 643
201 68 64 550 158 108 68 569 68 19 85 68 430 68 241 68 246 68 189 68 189 68 189 68 149
321 211 68 607 155
550 155 68 517
201 258 68 189 68 85 359 68 241 68 19 68 189 68 189 266 50 68 189 68 189 68 189 68 189
19 68 607 158 68 288 68 640 68 43 158 68 570 389 158
543 389 158 85
261 86 68 43 158 68 651 85 68 640 68 640 68 640 68 19 85
514
258 108 68 517 68 64 211
87 85
607 50
339 68 158 108 68 87 152
261 86 68 158 68 426 86
261 86 68 124 68 607 50 68 189 68 339 68 405 241 68 397
85 347 158 118 108
158 108 68 405 68 501 85 517 258 85
197 158 68 607 68 241 68 241
569 68 70 158 68 389 570 389 158 108 68 245 449 68 5 68 85 359 68 5
261 86 68 607 50 68 189 68 64 550 158
5 68 651 123 68 397 68 405 68 405 68 189 68 405 85
153 189 68 70 189 68 158 108 68 517 108
43 158 68 406 501 68 569 68 197 86 68 43 158 68 331 149 68 43 158 68 331 68 149 68 43 158 68 43 158 68 149 68 149 68 331 149 68 43 158 68 149 68 43 158 68 331 149 68 43 158 68 331 149 68 331 149 68 149 68 331 149 68 43 158 68 70 189 68 149 68 331 149 68 331 149 68 331 149 68 331 149 68 70 158 68 331 149 68 331 149 68 331 149 68 331 149 68 331
231 51 86 68 607 68 5 68 347 501 68 397 68 321 27
321 247 85
405 85 68 54 86
49 68 607 158 68 347 501 68 397 68 569 68 70 158 68 70 158 68 70 158
136 158 152
550 158 189
16 158 68 607 158 68 640 68 85 152 68 640 68 640 68 640
170 299 68 569 68 569
283 68 19 149 68 158 108 68 76 85 359
607 68 5 68 569 68 81 68 569 68 430 199 68 569 68 241 68 569 68 241 68 241 68 569 68 569 68 569 68 430 359
405 570 550 430
607 158 85 241 359
607 158
607 68 158 68 222 85 359 68 290
153 68 430 68 158 108 68 550 501 85
405 85 237 213
321 27 68 569 68 430 68 640 68 5 68 527 359 68 70 158 68 70 158 68 201 258 68 70 158 68 70 158 68 201 258
261 86 68 245 449 68 370 68 607 158 68 81
211 222
261 4 68 527 68 607 158 68 593 163 68 617 149
211 68 640 68 569 68 64 211
569 108 68 93 211 108
5 68 527 68 569 68 19 85
87 68 347 158 359
189 68 197 85 68 569 68 64 211 68 189 68 405 199 68 189 68 405 68 189 68 607 158 108
76 85
149 389 158 189
447 158 359
531 299 68 85 447 158
527 68 607 158 68 331 149 68 607 158 68 397 68 569 68 240 550 158 68 241 68 241 68 241 68 241 68 241 68 241 68 241 68 241 68 241 68 241
197 158 152
607 68 607 68 5 68 79 430 68 640 68 640 68 241 68 241 68 43 158 68 241 68 241 68 241 68 241 68 189 68 241 68 241
438 415 211 68 517 438 359
201 68 370 68 397
569 68 406 501 68 397 68 211 108 68 430 149
170 334
593 89 158 68 397 68 389 158 199 68 389 158 68 331 149 68 607 158 68 607 158 68 241 68 241 68 607 158 68 607 158 68 607 158 68 331 149 68 241 68 241 68 331 149 68 607 68 331 149 68 241 68 607 68 607 68 607 68 607 50 68 607 50 68 607 68 241 211 68 607 68 607 68 331 149 68 331 149 68 331 149 68 321 569 68 607 158 68 607 158 68 331 149 68 431 68 331 149
503 189 68 607 158 68 503 158 68 87 68 87 68 569
261 430 241 359
189 68 593 163 68 397 68 241 68 189 68 189 68 189 550 339 68 550 158 108
87 68 607 68 81 68 241 68 162 68 607 50 68 189 68 617 149
593 163 68 213
149 389 86 68 153 189
201 258 68 85 68 85 359 68 19 85 68 19 85
189 68 64 211 68 389 158 108 68 189 68 543 389 158 108
86 163 68 550 501 68 189 68 405 240 68 640 68 640 68 640
87 108 68 158 108 68 397 68 629 68 189 68 54 86 68 430 359
569 108 68 19 85
607 158 68 611 389 149
607 158 68 607 158 68 237
5 68 331 149 68 158 108 68 474 68 87 449 68 158 118
231 51 86
531 149
503 158 108
162 85 68 550 501
607 158 68 550 339 68 211 222
201 258 68 79 359 68 640
87 68 124
87 68 607 68 569 68 81 68 170 108 68 170 299 68 331 149 68 85
607 158 623
406 299 211 68 149 550 158 149
201 258 82
261 86 68 43 158 68 45 48 68 5 68 390 68 201 258 149
406 158 189 68 136 479 68 569 68 430 359
76 85 4 240 359
617 149
189 68 550 501 68 607 158 68 550 501 68 397 68 550 501
189 68 569 68 517 85
611 51 136 479
245 449
189 68 550 501 68 5 68 517 68 517 68 517 258 68 397 68 517
43 86 163 68 136 479 68 607 158 68 211 189 68 211
43 430 359 68 5 68 517 85 347 158 240 68 241 211 68 5
19 68 607 158 68 288 68 19 85 68 241 68 517 68 640 68 241 68 517
189 68 158 108 68 201 258 68 213 68 569 68 405 108
43 158 68 417 68 19 108 68 288 68 438 415
261 86 68 607 68 189 68 640 68 640 68 158 108
406 158 68 5 189
283 68 64 211 68 64 211 108 68 64 211 108 68 569 68 211 108 68 389 158 359 68 389 158 108
283
87 108 68 517 68 189 68 201 258 68 70 158
563 158 359
19 489 68 550 158 108 68 189 68 85 359
43 158 68 527 68 158 108 68 85 68 189 458
405 240
607 50 68 288 68 170 211 68 321 569 68 331 149 68 430 68 43 158 68 43 158 68 607 50 68 397 68 607 50
189 68 550 501 68 397 68 85 447 158 68 85 68 5 189 68 389 158 118 68 617 68 85
527 68 5 68 370 68 19 68 607 158 68 253 359
607 158 68 82 68 607 158 68 86
189
397 415 415 415
406 158 611 51 86
389 85 359 68 517 85
86 299
563 158 68 607 158 68 81
153 108 68 527 68 569 68 517 258 149 68 43 158 68 517 85 359 68 43 158 68 43 158 68 19 85
189 68 550 501 68 397 68 430 68 569 68 406 501 68 517
189 68 642 68 397 68 577 68 189 68 405 68 43 158 68 43 158 68 43 158 68 397 68 397 68 240
43 359
607 479 68 189 68 211 85 359 68 85 359
599 68 153 189 68 70 158 108
201 258 68 447 158 68 406 158 108 68 339
503 158
258 68 237 149 68 607 158 68 189 550 158 189
258 189 643 359
290 258 74
87 449 68 295 149 68 430 68 405 68 517 118
247 149
170 108
189 68 158 240 68 158 108 68 241 68 640 68 170 108
569 108 68 170 68 170 68 87 68 64 211 108 68 64 211 108
389 158 334 108
321 211
321 247 68 213 194
201 258 68 85 68 170 108 68 19 68 430 68 19 68 19 68 607 158 68 607 158 68 607 158 68 19 68 19 68 189 68 189 68 19 68 607 158 68 569 68 19 85 68 189 68 189 68 189 68 189 68 189 68 189 68 189 68 189 68 201 258 68 189 68 189 68 19 68 189 68 189 68 189 68 189 68 189 68 189 68 85 68 85 68 19 85 68 201 258 68 189 68 189 68 189 68 189 68
87 189 68 570 389 158 359
5 68 245 449 68 638 68 569 68 550 339 68 550 339 68 397 68 550 86 85 359 68 397 68 569 68 569 68 397 68 397 68 397 68 397 68 569 68 517
405 68 611 189 68 611 189
19 489 68 607 158 68 54 86 68 607 158
261 86 68 43 158 149
87 68 405 68 397 68 569 108
651 123
593 89 158 68 390 68 201 258 68 19 85 68 241 68 607 50 68 569 68 85
197 86 68 189 68 570 389 158
607 68 517 68 397 68 501 68 397 68 222 149 550 158 68 430 68 607 158 68 607 158 68 607 158 68 607 68 607 158 68 607 158 68 607 68 607 68 607 158 68 607 158 68 607 68 607 479 68 607 68 607 68 607 68 607 68 607 68 607 68 607 68 607 68 607 68 607 68 607 68 607 68 607 68 607 68 607 68 406 158 68 607 68 607 68 607 68 607 68 607 68 607 68 607 68 607 68
201 258 149 68 430 149
261 86 68 124 68 629 68 607 50 68 189 68 405
550 501 68 189 550 501 85
201 49 68 517 68 517 68 430 68 397
370 68 43 158 68 245 449
64 211 68 430 299 68 405 68 607 158 68 189 68 430 299 68 569 68 211 118
339 68 550 501
231 51 86 68 87 68 607 158 68 331 68 640 68 19 85 68 397 68 617 149
642 211 68 389 158 108 68 517 85
201 68 607 68 201 85 68 201 258 68 158 108
153 68 430 68 607 158 68 517
426 158 194
86 163 68 550 501 68 189 68 211 543 68 607 158 68 430 68 550 158 543
607 50 68 288 68 295 149 68 331 149 68 170 299 68 321 240
405 85 68 54 86
43 430
397 68 426 501 68 430 68 64 211
231 51 86 68 651 123 68 189 68 93 211 68 153 189 68 430 199
194 543
405 108 68 564 359
189 68 258 68 569 68 85 447 158 68 406 158 68 406 158 108 68 240 359 68 189 68 569 68 240
189 68 4 152 68 241 68 211 199
87 68 607 68 189 68 640 68 640 68 19 68 607 158 68 81 68 397 68 607 158 68 607 158 68 607 158 543 68 607 158 68 607 158 68 607 158 68 607 158 68 607 158 543 550 501 68 81 68 607 50 68 607 50 68 607 158 68 607 158 68 607 158 68 607 158 68 607 158 68 81 68 81 68 87 68 87 449 68 81 68 81 68 607 158 543 550 86 149 68 87 68 87 449 68 87 449 68
405 189
365 430 68 43 158 68 365 430
19 68 607 158 68 288 68 19 85 68 447 158 359 68 347 501 68 397
331 149
5 189 68 81
290 258 149 68 321 247 68 211 199
527 68 607 158 68 331 149
607 158 68 527 68 5 68 347 501
85 359 389 85
189 241 359
359 389 85 359 68 331
611 240
201 68 19 79 158 68 617 149 68 569 68 64 550 158
87 359
5 68 82 68 607 158 68 331 149 68 607 50 68 569 68 569 68 79 222
76 85 359 149
543 550 158 68 550 158 149 68 241
390 569 68 197 86 68 241 359
85 136 158 68 4 85 68 241
19 563 189 68 527 68 607 158 68 85 299
201 258 68 640 68 640 68 446 68 85
59 258 149
359 68 331
189 68 517 68 397 68 446 68 517 68 517 68 517 68 517
651 123 68 430 68 607 158 68 607 158 68 321
189 68 288
43 158 68 607 158 68 82 68 517
611 89
288 68 550 501 68 397 68 617 68 569 68 617 68 189 68 331 149 68 331 149 68 331
290 85 359
261 86 68 158 118 68 397 68 4 64 211 108 68 19 68 222 68 158 118
564 68 158 189 211
266 158 189 570
43 86 163 68 258 149 68 607 68 5 68 81 68 397 68 405 68 43 158 68 607 155
406 158 118
339 68 607 68 321 569 68 158 108 68 347 501 68 607 158 68 222 476
607 50 68 370 68 640 68 640 68 189 68 149 550 487 149 68 430 68 569 68 517
76 85 359
153 68 85 347 158 68 253 68 501 85 68 430 68 19 85 68 430 68 19 85
261 86 68 339 68 607 158 68 617 149
564 359
189 68 5 189 68 577 68 339 68 85 359 389 199
4 85 359
231 51 86 68 87 68 607 158 68 331 68 640 68 19 85 68 397 68 617 149
86 163 68 550 501 68 189 68 430 68 5 108
607 158 68 288 68 569 68 85 359 68 640 68 189
43 158 199 68 642 211 68 124
642 211
86 163 68 550 501 68 397 68 211 222 68 158 240 68 158 108 68 241 68 241 68 241
189 68 527 68 569 68 569 68 405 68 405 68 569 68 85 365 430 199 68 569 68 331
405 85 222
76 240 68 64 51 108
43 86 163 68 81 68 5 68 85 347 158 68 124
394 359
19 85 359
607 50 68 19 149 68 607 158 68 430 68 517
201 213 68 550 501 68 607 158 68 5 189 68 517 68 517
87 108 68 390 68 569 68 550 487 359 68 241 68 640
245 449
5 68 19 163 68 569 68 85 68 5 68 390 68 430 299 68 70 158 68 70 158 118
87 449
189 68 527 68 607 158 68 617 68 569 68 405 359
245 449
87 108 68 158 108 68 397 68 629 68 189 68 54 86 68 430 359
64 211 68 430 299 68 607 158 68 5 189 68 240 211 108 68 240 550 158 68 241 68 241 68 241 68 241 68 241 68 241
5 68 19 163 68 607 158 68 406 158 189 68 607 158 68 607 158
201 68 213 194 108 68 629 68 607 158 68 170 68 170 68 170
189 68 569 108 68 550 158 68 331 68 331 149 68 189 68 550 501 68 189 68 189 68 85
406 158 68 503 189 68 339 68 211 213
261 86 68 43 158 149
503 158 108
64 211 68 607 158 68 397 68 569 68 331 68 222 68 222 68 70 158 68 70 158 68 430 68 70 158 68 70 158 68 607 158 68 607 158 68 607 158 68 70 158 68 70 158 68 70 158 68 70 158 68 70 158 68 607
261 339
514
189 68 550 501 68 397 68 501 68 501 85 152 550 501 68 397 68 397 68 550 501 68 397 68 397 68 550 501 68 397 68 397 68 397 68 397 68 397 68 397 68 389 85 170 108
321 569 68 577 68 577
5 68 593 163 68 607 158 68 237 81 68 189 68 617 149
288 68 136 479 68 517
607 155 68 45 108 68 651 123 68 201 258 68 331 149 68 70 158
405 108 68 189 550 487 149
64 211 108 68 569 68 240 51 108 68 640 68 64 211 108
189 68 617 149 68 607 158 68 19 85 68 607 158 68 617 68 607 158 68 617 68 607 158 68 607 158 68 607 158 68 607 158 68 607 158 68 607 158 68 617 149 68 607 158 68 607 68 607 68 607 158 68 607 68 607 158 68 607 158 68 617 149 68 607 158 68 607 68 607 68 607 68 617 149 68 607 158 68 617 149 68 617 149 68 617 149 68 607 158 68 607 68 189 68 189 68 189 68
153 108 68 347 158 118
64 211 68 211 68 599 68 607 158 68 43 158 68 517
569 85 449
76 85 359
389 415
201 258 68 93 51 108 68 430 108
201 258 68 189 68 550 158 108
503 158 108
607 50 68 288 68 86 68 124 68 70 158
550 158 199
339 68 158 108 68 607 158 68 415 211
201 258 258 258 390
290 222 118
406 158 68 331 149 68 189 68 283 551
87 68 527 68 642 68 158 108 68 258 149 389 158 85 68 543 211 108
189 389 85 359
607 50
231 240
550 501
406 158 68 331 149
261 4 85
87 68 397 68 70 158 68 189 68 189 68 607 50
321 68 431 108 68 158 108 68 54 86 149
397 68 426 501 68 430 68 64 211
635 189 68 517
406 158 68 288 68 158 108 68 158 108 68 222 68 550 158 118 68 550 158 118
189 68 426 86 108 68 569 68 550 158 108 68 569 68 85 359 68 569 68 85 359
406 19 85
87 108 68 258 68 527 359 68 85 359
201 68 550 158 359
87 85
503 158 108
406 334 68 252 155
321 240 68 642 68 370 68 5 68 81
607 50 68 19 149 68 607 158 68 394 68 397 68 397 68 550 501 68 397 68 397 68 397 68 569 68 617 149 68 550 86
64 51 479
415 211 152 68 370
153 68 607 158 68 81 68 607 158 68 397 68 64 211 68 5 189 68 617
261 86 68 201 258 68 607 158 68 321 569 68 617 68 617 149 68 64 211 108
607 158 68 81 68 5 68 211 543 68 82 68 87 68 258 68 569 68 258 68 607 158 68 430 68 153 68 607 158 543 211 543 211 68 607 158 543 211 543 211 543 68 258 68 258 68 258 68 189 68 189 68 189 68 189 68 189 68 258 68 258 82 68 189 68 607 158 543 211 543 68 189 68 189 68 189 68 189 68 607 158 543 258 68 258 82 68 189 68 189 68 258 68 189 68 189 68 607
43 86 163 68 431 68 517 68 406 158 543 68 189 68 70 158 68 70 158 68 70 158
197 85
201 258 68 517 85 68 158 108 68 19 85 68 241 68 43 158 68 359
43 158 68 517 85 152 68 158 68 430 68 569 68 258 149 550 487 149 68 389 158 68 331
405 19 79 222 68 70 158
288 68 503 339 68 170 299
406 155 108
4 240 4 85
87 68 87 108 68 347 501 68 189 68 550 339 68 189 68 550 339 68 550 339 68 189 68 85 359
430 222 211 222
527 68 607 158 68 201 258 68 389 339
189 68 389 430 299 211
389 339 68 213 194 85
607 158 68 607 158 68 81 68 503 158 68 390 68 607 158 68 607 158 68 607 158 68 136 479 68 136 479 68 136 479
415 211
527 68 153 68 153 68 607 158 68 19 85
527 68 569 68 211 471 211 68 517 68 517 68 569 68 517 359
197 543 389 158 108
189 93 435 334
593 89 158 68 211 471 211 68 359
607 158 68 550 501 68 397 68 550 501 68 569 68 405 68 241 68 241 68 241 68 189 68 405 199
189 68 197 85 68 397 68 501 68 64 389 158 118 68 331 149
321 240
241 359
189 68 70 189 68 569 68 550 501 68 189 68 389 158 68 570 389 158
531 85 299
651 123 108 68 517 258 68 517 85 359
43 155 108
331 149 68 397
593 163 108 68 517 85 359
197 85
170 299 68 517 68 370 68 397
189 68 5 189
70 158 108
43 86 68 5 68 406 158 189
406 158 68 406 158 299 149 68 70 158 108 68 569 68 64 389 85 359
43 86 163 68 81 68 189 68 389 158 68 81 68 241 68 241 68 241 68 241 68 241 68 241 68 241 68 241 68 241 68 241 68 241 68 241 68 241 68 241 68 607 158 108
5 108 68 4 240 68 241 68 158 108 68 153 189 68 153 189 68 158 108
189 68 550 501 68 397 68 85 359 389 339 68 569 68 4 118
153 68 158 449 68 607 158 68 81 68 189 68 158 118 68 331 68 19 85 68 607 158 68 607 158 68 607 158 68 607 158 68 607 158 68 607 158 68 607 158 68 19 85 68 153 189 68 81 68 153 189 68 607 50 68 607 50 68 153 189 68 607 158 68 607 158 68 569 68 153 189 68 81 68 153 189 68 153 189 68 19 85 68 19 85 68 607 158 68 153 189 68 153 189 68 153 189 68
261 86 68 245 449 68 370 68 607 158 68 640 68 19 85 68 5
261 85
4 85 64 211 108
430 68 189 16 85
189 68 211 543 68 397 68 569 68 85 359 68 640 68 5 108
288 68 170 68 343 189 68 607 158 68 339
87 449 68 189 68 370 68 64 550 158 68 331 149 68 241 68 43 158 68 331
64 211 108 68 517 258 149 68 158 108
87 68 347 158 359
201 258 68 153 189 68 607 158 68 266 158
447 158
189 68 651 123 108 68 158 108 68 240
5 68 19 163 68 607 158 68 240 211 68 241 359 389 158 359 68 5 189 68 85 359
321 68 189 68 253 68 405 199
5 189 68 135 68 149
5 68 19 163 68 158 108 68 5 68 640 68 158 240
397 68 213 550 158 189
189 68 550 501 68 397 68 550 501 68 87 68 170 108
201 258 68 406 158 149 68 607 68 607 68 237 334 222 476
87 68 19 85 68 158 108 68 19 85 68 189 68 189 68 607 158 222 476
438 415
330 123 108
651 123 68 430 68 5 189 68 85 359 389 85 359 68 170 108 68 19 85 68 85 359
87 108 68 201 258 68 569 68 85 359 389 85 359 68 241 68 70 189 68 170 299
162
261 86 68 43 158 68 45 108 68 569 68 4 85
406 158 68 189 68 577 68 569 68 19 85 68 430 149 550 158 108
197 86
261 86 68 43 158 68 651 339 68 189 68 607 158 68 354
261 86 68 86
70 158
153 108 68 85 4 149
70 189 68 397 68 569 68 405 199 68 189
158 108 68 252 155 149 68 607 158 68 389 158 68 93 435 334 68 550 158 118 68 607 158 68 607 158 68 607 158 68 607 158 68 607 158 68 617 149 68 607 158 68 331 149 68 607 158 68 607 158 68 607 158 68 607 158 68 607 158 68 617 149 68 607 158 68 607 158 68 93 435 334 108 68 550 158 68 85 68 85 68 85 68 252 155 149 68 607 158 118 68 85 68 85 68 607 158 68
593 89 487 68 189 68 189
189 68 550 501 68 189 68 149 550 487 149 68 153 189
5 68 19 163 68 430 68 43 158 68 331 158 68 201 258 258 258 258 85 222
569 68 211 471 211 68 517 68 64 211
87 211
189 68 197 85 68 93 435 85 68 213 194 68 189 68 550 158 108 68 331
389 339 68 211 199 359
629 68 577 68 569 108
153 68 158 197 86 68 405 68 189 68 81 68 189 68 189 68 640
607 68 5 68 517 68 431 68 241 68 136 479 68 241 68 517 85 359
389 85 359 68 517 85
593 149 68 607 158 68 240 211 68 5 189 68 253 359 68 70 158 68 70 158 68 359
5 149
87 68 288 68 569 68 241 68 70 189 68 85 359 68 85 68 569 68 85 359
611 178
503 189
405 68 640 68 640 68 5 189
417 85 68 517 85 68 430 108
527 68 5 68 87 68 607
288 68 258 85 359
593 163 68 331 149
550 339 108
389 85 359 389 158 199
158 222 85 359
158 108 68 288 68 19 85 68 617 149 68 189 68 331 149 68 397 68 550 158 85 68 607 158 85 68 617 149
189 68 5 189 68 577 68 189
87 108 68 390 68 569 68 611 149 389 85 359
153 68 447 158 543 68 158 108 68 430 68 390
87 449
389 158 189
321 68 640 68 640
87 108 68 527 68 569 68 213 211 68 517 68 136 479
607 158 68 4 240 359 68 642 211 108
607 158 68 81 68 607 158 68 82
87 68 347 158 359
426 158 240
607 158 68 527 359 68 339 68 85 152 68 5 108
430 299 108 68 430 199 68 330
64 211 68 211 68 81 68 5 68 569 68 211 118
211 258
87 68 339 68 607 158 68 330 68 406 19 149 68 155 149 550 158 118
76 85
406 158 68 406 158 108 68 85 359 68 189 68 405 189 68 607 479
189 68 54 86 68 397 68 405 68 405 68 405
261 86 68 43 158 149
43 86 163 68 405 68 517 85 68 64 389 158 108 68 246 68 246 68 617
4
189 68 43 158 68 331 149 68 607 158 68 543 458 68 430 68 189 68 43 158 68 430
501 85 258 149 68 503 158 108 68 503 158 68 607 158 68 253
503 189 68 607 50 68 81 68 397 68 19 85 359 68 70 189 68 85 359
5 68 81 68 19 68 607 158 68 81 68 283 68 569 68 334 222 68 334 222 68 334 222
607 158 68 82 68 405 68 390
189 68 5 68 79 430 299 68 189 68 331 149
430
261 86 68 197 86 68 569 68 430 449 68 430
201 213 68 81 68 569 68 517 68 517 68 517 68 517 68 517
406 158 68 607 158 68 321 247 68 170 299 68 170 299
189 68 5 189 68 124 68 170 108 68 253 68 640
189 68 253 569 68 170 108 68 170 299 68 331 149
201 258 68 517 118 68 406 158 359
607 158 68 81 68 397 68 550 501 68 607 158 68 79 222 68 136 479
201 258 68 85 68 527 68 607 158 68 617 68 189 68 70 158 68 331 149 68 189 68 85
54 86 68 405 85 68 405 189 68 36 211
201 258 149 68 517 68 241 211
36 211 108
629
201 258 149
189 68 5 189 68 430
85 359 68 241
201 258 68 189 68 570 389 158 118 68 85 359
607 158 68 503 189 68 569 68 430 68 43 158 68 406 158 68 503 189 68 406 158 118
201 258 68 85 68 527 68 607 158 68 406 155 149
430 299 570 389 158 118 149
607 158 68 569 68 19 85 68 430 299
87 68 347 158 359 68 85 359 389 199 359
162
397 68 406 501
189 68 638 68 569 68 543 550 158 189 68 543 211 68 406 158 189 68 406 155
189 68 531 158 108 68 607 50 68 397 68 550 501 68 397 68 397 68 607 50
290 85
87 68 607 50 68 397 68 550 501 68 397 68 321 569 68 321 247 68 397 68 607 158 68 397 68 569 68 550 501 68 397 68 607 158 68 607 50 68 607 50
607 158 68 527 68 85 68 5
211 68 5 189 68 211
406 158 68 607 158 68 550 158 108 68 640 68 153 189
87 68 569 68 550 501 68 189 68 550 501
201 258 68 370 68 607 68 607 158 543
211 199 68 261 86 68 607 155
76 85 359 68 642 211
569 108 68 93 211 108
426 158 108
189 68 550 339 68 517 68 158 108 68 19 85 68 5 189 68 70 158 108
87 68 640 68 85 438 359 68 158 108 68 430 68 189
283 68 197 86 68 405
347 501
189 68 81 68 189 68 213 389 158 108
87 68 19 85 68 642 68 640 68 85 359 389 85 359 68 241 68 241 68 241 68 241 359
241 68 45 48 68 189 68 365 430 199 68 640
607 158 85 503 158
86 163 68 550 501 68 397 68 389 501 68 569 68 85 359 68 241 68 241 68 517
607 158 68 607 158 68 577 68 339 68 347 158
87 68 288 68 569 68 4 240 88 68 640 68 19 85 68 85 68 640
201 258 68 288 68 430 68 550 501 68 397 68 211 74
261 158 68 149
197 158 68 70 189 68 211
87 108 68 517 68 189 68 405 68 331 487 108
79 359 68 331 149 68 158 108 68 430 359
211 68 170 108
211 74 68 86 108
87 68 347 158 359 68 5 68 617 149 68 517
43 86 163 68 550 501 68 607 158 68 70 189 68 246 68 640
569 108 68 288 149
87 68 527 68 642 68 64 550 158 108 68 569 68 405 108
43 487 359
87 108 68 258 68 43 158 68 479 85
389 85 359 389 158 118 68 211 108 68 189 68 550 158 118
569 108 68 430 237
43 158 68 165 68 550 158 118 68 211 390
339 68 607 158 68 607 158 68 405 85 359
607 158 68 70 158 108 68 149 550 86
189 68 201 258 68 569 68 241 430 299 68 189 68 85 347 158 118
4 258 149
19 68 607 158 68 288 68 640 68 43 158 68 570 389 158
593 149 68 607 50 68 189 68 570 389 339
5 211 178 68 241 359
76 85 359 68 617 108
642 211 68 406 158 68 517
189 68 550 501 68 397 68 405 68 430 299 68 19 79 430 222
569 108 68 197 86 68 405 68 405 68 222 68 64 211
43 158 68 570 211 108
5 68 189 68 570 389 158 108
64 211 108 68 517 68 446 68 158 108 68 640
87 108 68 5 68 406 501 68 406 152
189 68 4 152
430 359 68 189 68 170 108
405 85 299 68 570 389 158 199
295 569 68 149 389 487 359
397 149 389 430 359 68 85 347 158 118
158 85 330
593 163 68 87 68 607 158 68 81 68 607 158
607 158 68 607 158 85 68 93 211 108
194 543
64 211 68 430 359 68 569 68 85
635 85
426 487 85
87 222 85
201 258 68 397
201 258 82 68 607 158 68 611 85
4 64
201 258 390
189 68 569 68 5 68 85 170 108
503 189 68 607 479 68 569 68 290 85 359 68 241 68 189 68 43 158 68 189 68 189 68 543 68 405 68 189 68 189 68 189 68 85 347 158 68 531 158 543 389 158 543 389 158 68 189 68 543 389 158 68 189 68 189 68 189 68 240 389 158 543 389 158 118
43 158 68 245 449 68 430 68 405 189 68 343 543 550 158 543 68 611 74
397 68 550 430
189 550 501 85 359 211 85 359
569 68 347 501 68 397 68 246 68 640 68 640 68 569 108
189 68 19 85 68 503 158 68 64 211 108 68 19 68 19
321
593 163 68 405 199 68 158 108 68 640 68 640 68 189 241 68 241
87 85 359
189 68 550 339 68 253 68 503 158 68 503 339
593 163 68 211 108 68 189 68 550 158 543 68 237 558
189 389 85 359
642 68 430 108 68 406 158 68 81 68 5 68 81 68 64 211 108
153 108 68 347 158 118
290 570 389 430 359
197 108 68 577 68 189 68 359
79 430 359
288 68 347 158 68 211 251 68 85 359 68 64 389 158 118 68 240 359
607 158 68 81 68 189 68 406 158 68 543 68 189 68 607 68 607 158 68 607 158 68 607 158 543
43 158 68 527 68 158 68 538 158 108 68 5 189 68 222 149 68 550 158 108
569 68 607 158 68 70 158 68 288 68 397 68 43 158
201 258 570 389 158
321 240 359 435 85 359
321 211 85
527 68 607 158 68 640 68 446 82
19 359
197 158 189 211
135 149
189 68 405 68 189 68 339
321 68 607 68 5 189 68 359
569 68 64 550 158 118 68 189 68 331 68 189 68 189 68 531 158 108 68 189 68 189 68 189 68 189 68 189 68 189 68 189 68 241 68 241 68 189 241 68 189 266 50
321 68 607 158 68 247 85
569 68 430 149 68 517 258 68 503 158
79 178
64 211 68 158 199 359 68 76 85 359
4 85 359
189 68 170 299 68 517 68 406 501 68 569 68 517 68 517 68 517
569 68 85 241 68 517 68 158 118 68 87 68 170 299 68 503 189 68 339 68 607 50 68 397 68 397 68 136 479 68 397 68 607 158 68 397 68 517
43 86 163 68 543 389 158 108 68 189 68 570 389 158 118
417
189 68 550 501 68 397 68 607 158 68 290 68 189 68 222 68 85 359 68 5 68 347 501 68 339
213 253
261 430 5
607 158 68 70 158
261 86 68 288
607 50 68 19 149 68 158 68 19 85 68 397 68 406 501 68 397
43 158 68 517 359 389 158 359
201 258 68 213 194 108
321 68 189 68 651 123 68 607 158 68 81 68 19 85 68 430
501 85 64 211 108
201 258 68 406 158 68 189 68 81 68 397
406 158 68 331 68 85 359 68 201 258 149 68 397 68 70 189
85 347 158
201 258 68 85 359 51 570 359
87 68 19 85 68 569 68 430 68 405 108 68 430 299
354 85
5 68 288 68 19 489 68 607 158 68 397 68 19 85 68 19 85 68 5
201 258 211 543 211 222
189 68 550 501 68 158 108 68 19 85 68 406 158 85
64 211 108 68 79 158 85 359
189 68 651 85 68 4
194 68 577 68 607 68 5 189 68 430
607 158 68 81 68 397 68 266 50 68 189 68 189 68 405 241
607 68 607 158 68 607 158 68 397 68 81 68 189 68 331
76 85 266 158
189 68 165 68 170 108 68 189 68 430 68 569 68 85 347 158 118 68 85 359
527 68 153 68 258 68 158 108 68 640
607 158 68 81 68 517 108 68 517 68 517 359
5 189 68 359 550 158 359
430 68 611 189
49 68 153 68 354 68 607 158 68 503 158 68 70 158
43 158 68 642 211 68 543 211 108
43 86 163 68 550 501 68 158 108 68 569 68 85 347 158 68 85 347 158 118 68 85 68 85 347 158 118 68 430 68 189 68 85 68 85 68 389 158 118 68 389 158 118 68 189 68 189 68 389 85 68 389 85 347 158 118 68 85 68 607 50 68 189 68 389 85 68 85 68 240 389 85 68 189 68 241 68 607 50 68 189 68 607 50 68 607 50 68 607 50 68 607 50 68 611 189 68 607
5 68 19 163 68 253 68 253 68 503 158 68 170 108 68 153 68 153 108
438 359
430 241 299
189 68 81 68 430 108 68 611 189 68 189 241 359
330 222 247
153 108 68 5 68 70 158
406 158 68 70 149 68 607 158 68 170 108 68 258 149 68 85 359
162 68 640
201 258 149 68 85 68 93 389 158 68 617 68 339
189 68 64 211 68 93 211 68 331 68 158 108 68 517
569 68 247 85 68 189 68 430 149 68 405 149
204 543 211 68 405 108 68 569 68 430 359
64 149 68 43 158 359 68 389 430 359
189 68 550 501 68 189 68 211 199 68 211 199
245 449
158 108 359 68 406 155 68 406 158 189 211 189 211 118
607 158 68 81 68 569 68 607 158 68 85 241 68 5 68 85 68 189 68 5 68 189 68 550 158 108
406 430 149
211 199
569 68 136 158 149 68 158 108 68 569 68 550 158 108 68 550 158 108
5 108
517 258 85
642 149 68 85 359 389 85 359
347 158

124 68 607 50 68 241 149
261 86 68 43 158 68 507 211 68 517 68 517
527 68 87 68 87 68 158 108
64 211 68 430 68 397 68 640 68 19 85 68 430 149
527 68 43 158 68 43 158 68 19 85 359
447 158 258
87 68 19 85 68 370 68 5 68 54 86 68 397 68 405 68 397 68 405
569 68 245 449 68 158 108 68 5 68 569 68 189 68 405 68 189 68 189 68 189 68 189 266 50 68 189 68 189 68 189 266 50 68 189 68 189 266 50
321 68 607 68 87 68 64 211 108 68 394 4 240
87 68 527 68 607 158 68 237 108
507 258
389 19 85 68 431
406 158 68 189 68 577 68 517 68 430 68 43 158 68 430
189 68 569 108 68 430 68 211 394 68 19 85 68 430 68 550 158 108 68 389 158 118 68 550 158 118
170 199
5 189 68 577
189 68 651 158 543 68 339 68 211 543 211 543
201 68 135 68 189 68 241 68 158 108 68 4 19 85
201 68 607 158 68 5 189 68 247 85
283 68 617 149 68 158 108 68 158 85 68 607 158
607 158 68 431 68 241 68 507 211 68 189
389 149 68 153 189 108
266 158 85
85 359
494 68 607 158 68 149
426
43 86 163 68 550 501 68 569 68 550 501 68 19 85 68 5 189 68 85 68 5
405 68 527 359
261 85 359
189 68 550 501 68 607 158 68 406 155
170 108
189 68 527 68 607 158 68 447 158 68 237 222 68 607 158 68 527 359
87 449 68 158 108 68 569 68 19 85 68 331 487 359 68 85 359 68 189 68 189 68 189 68 85 359
261 86 68 43 158 68 651 85 68 397 68 5
405 235
261 86 68 43 158 68 651 123 68 640
503 158 108
321 68 43 158 68 245 449 68 430 68 397 68 331 85 68 85
517 85 299 68 517 85
501 85 503 189 68 577 68 5 108 68 64 211 108
288 68 339 68 550 501 68 397 68 211 240 359 68 569 68 430 68 389 158 118 68 359 68 189 68 189 68 189 68 189 68 189 68 607 158 68 607 158 68 189 68 189 68 189 68 359 68 359 68 569 68 569 68 359 68 189 68 359 68 70 158 118
430 199 225
211 222 68 343 543 211 68 607
611 68 397 68 397 68 569 68 211
290 85 359
607 158 68 70 189 68 211
201 258 68 405 68 607 158 68 266 50 68 189 68 430 299
527 68 607 158 68 81 68 607 158 68 81 68 64 211 108
651 123 68 550 501 68 189 68 430 68 189 68 189 426 487 149
569 68 70 158 108 68 189 68 85 347 501 68 397 68 70 189 68 70 189 68 70 189 68 85 68 569 68 70 189 68 189 68 85 68 85 68 189 68 189 68 70 189 68 70 189 68 70 189 68 397 68 85 347 158 68 189 68 70 189 68 70 189 68 70 189 68 70 189 68 70 189 68 70 189 68 70 189 68 70 189 68 85 70 158 68 85 68 189 68 70 189 68 70 189 68 70 189 68
321 68 241 68 158 68 331 149
197 85
201 158 68 607 158 68 607 158
569 108 68 430 68 607 158 68 81 68 201 258 68 43 158 68 331 68 43 158 68 607 158 68 189 68 43 158 68 430 68 43 158 68 43 158 68 569 68 189 68 189 68 43 158 68 70 158 68 569 68 397 68 397 68 189 68 331 149 68 569 68 569 68 569 68 569 68 569 68 70 189 68 569 68 569 68 569 68 569 68 569 68 569 68 569 68 569 68 70 158 68 569 68 569 68 569 68
406 19 85
201 258 68 189 68 85 359 68 241 68 19 68 189 68 189 266 50 68 189 68 189 68 189 68 189
87 68 607 68 81 68 5 68 246 68 245 449 68 617 149
43 86 163 68 19 85 68 19 85 68 607 158 68 241 359 68 241 359
4 258
201 258 82
527 68 607 158 68 550 158 108 68 397 68 430 68 640 68 640 68 569 68 240 211 108
290 85
189 68 550 501 68 397 68 211 390 68 501 85 365 430 199 68 85 68 189 68 189 68 189 68 85 347 501 85 347 158 118 68 85 68 85 68 189 68 189 68 189 426 158 118 68 189 68 189 68 189 426 85 347 501 85 68 189 68 85 347 501 68 189 68 189 68 85 68 85 347 501 85 68 189 68 189 68 189 68 189 68 189 68 501 85 347 501 85 347 501 85 347 501 68 189 68 189 68
405 68 569 68 258 68 64 211
241 108
607 50 68 19 149 68 607 158 68 321 247 85 68 241 68 241
85 5 189 108 68 447 430
241 68 201 258 68 397 68 389 85 359 68 70 189 68 85 359
607 158 189 550 158
5 68 19 163 68 430 68 64 211 108 68 640 68 569 68 389 85 359
189 68 149 550 487 359 68 70 189 68 70 189 68 569 68 241
550 339
607 158 68 330 359 389 19 85 68 607 68 5 189 68 331
261 86 68 43 158 68 45 108 68 569 68 4 85
5 68 19 163 68 550 158 85 68 54 86 108 68 640
5 68 331 149 68 607 158 68 550 501 85 359 68 189 68 607 158 543 211
135 68 370 68 397 68 158 108 68 64 211 68 189 68 405 68 241 68 43 158 68 241
607 158 68 81 68 397 68 370 68 569 68 170 108
607 158 68 170 299 68 501 68 501 85 359 68 189 68 85 359 68 241 68 241 68 85 359
288 68 85 359 51 570
87 108 68 517 68 189 68 81 68 365 430 149
593 89 158 68 149 68 569 68 85 359 68 189 68 240 389 85 359 68 70 189 68 70 189 68 70 189 68 70 189 68 70 189 68 70 189 68 70 189 68 70 189 68 70 189 68 70 189 68 70 189 68 389 85 359 389 85 359 389 85 68 70 189 68 70 189 68 70 189 68 389 85 359 389 85 359 389 85 68 331 149 68 85 68 85 68 85 359 389 85 359 389 85 70 189 68 331 149 68
611 189 68 607
5 68 70 158 68 64 211
87 68 640 68 640 68 261 86 149 68 189 68 543 389 199
261 86 68 158 68 426 86
570 389 158 68 629 68 642 68 170
43 158 178 68 517 68 517 149
527 68 607 158 68 81 68 607 158 68 81 68 64 211 108
189 68 550 501 68 617 149
201 258 68 85 68 170 108 68 43 158 68 406 155 149
36 86
321 68 189 68 507 149 68 607 158 68 222 85 359 211 68 5
607 158 68 394 458 68 189 68 158 108 68 405 68 85 152 68 607 158 68 607 158 85 152
189 68 158 118 68 370 68 397 68 569 68 331 68 527 359 68 430 68 397 68 550 158 118
87 68 288 68 517 68 517 258 68 19 85 68 397 68 19 85 68 569 68 517
231 240
189 68 81 68 397 68 550 501 68 550 501 68 569 68 211 199
321 211
197 85
49 68 390 68 569 68 405 108 68 543 389 339 68 70 189 68 70 189
201 258 68 70 158 68 331 68 569 68 70 158
607 158 68 607 158 68 343 189 68 19 85
406 334 68 252 155
87 108 68 201 258 68 569 68 241 359 389 339 68 642 211
261 86 68 197 86 68 158 108 68 447 158
406 158 68 189 68 158 108
517 258 258 108
290 85 438 359
569 108 68 430 68 158 240 68 158 108
158 4 258 211 359
426 158 240
607 68 5 68 347 501 68 253 68 569 68 503 339
189 68 79 222 68 70 158
201 258 68 640 68 189
197 86 68 607 68 237 591 149 68 85 359
49 68 43 158 68 258 149 68 607 158 68 81 68 397 68 70 189 68 389 158 118
288 68 70 158 108 68 19 85 68 258 149
189 68 550 501 68 189 68 241 68 158 108 68 397 68 85 347 158 68 397 68 189 68 189 68 85 347 501 68 397 68 241 68 241 68 85 347 501 68 241 68 241 68 189 266 50
261 86 68 245 449 68 288 68 70 158
405 199
564 108 68 19 85 68 447 158 108 68 290 258 149
189 68 593 89 158 68 85 68 569 68 365 430 199 68 569 68 331 149 68 331 149 68 19 85
321 211 68 158 108 68 569 68 517 68 64 211 108
503 189 68 607 50 68 81 68 397 68 517 68 517 68 405
406 158 199
189 68 569 108 68 158 108 68 290 85 359 68 85 359 389 158 118 68 85 359 68 85
201 68 607 158 68 527 68 158 108 68 5
607 158 68 607 158 68 406 158 189 68 406 158 68 607 158 68 607 158 68 331
87 108 68 201 258 68 569 68 170 299 149 68 241 359 389 339
347 501 68 79 85 359
201 258 82 68 189 68 447 158 68 517 258 258
64 211 68 430 68 569 68 85 347 501 68 85 359
550 86 68 503 189
261 86 68 124
87 108 68 390 68 569 68 211 108 68 611 189 68 136 479 68 569 68 405 108
201 258 390
201 258 68 170 299
397 68 397 68 197 86 85 359
5 189 68 136 479 68 607 158 68 82 68 189 68 70 158
211 543
629 85
70 189 68 189 266 158 108 68 261 86 68 189 68 70 158
76 85 266 158
19 68 607 158 68 288 68 241 68 189 68 389 158 359
527 68 64 211 108
261 86 68 189 68 86 163 68 81 68 569 68 81
189 68 550 501 68 397 68 189 68 70 158 108 68 397 68 569 68 517 85 359
189 68 569 108 68 211 339 68 211 240 359
406 19 489
288 68 550 339 68 347 501 68 85 359 68 5 189 68 19 85 68 19 85 68 607 158 68 339
397 68 85 438 359
19 68 607 158 68 288 68 19 85 68 447 158 359 68 347 501 68 397
406 158 199
569 68 550 501 68 397 68 211 222
4 240 68 642 68 430 299
288 68 82
64 435 334 108 68 569 68 4
43 155 458
158 108 68 550 487 149 68 607 158 68 241
197 85 359
43 158 68 19 85 68 170 108 68 197 86 68 241 68 241 68 43 158 68 331
4 85 64 211
5 68 19 163 68 430 149 68 158 108 68 79 158 149
43 86 163 68 288 68 253 68 397 68 19 85 68 397 68 43 158 68 431
261 405 199
569 68 4 240 258 108 68 640 68 240 211
85 359 389 85
405 178
189 68 550 501 68 607 158 68 394 68 241 68 405 68 64 211 108
446 503 158
527 68 158 108 68 189 68 629 68 241 68 430 149
86 163 68 550 501 68 189 68 550 501 85 68 241 68 170 108 68 397 68 241 68 241
430 51 86 108
495
406 158 68 189 68 266 158 108 68 405 68 170 108 68 189 68 550 158 108 68 611 189 68 405 68 611 189 68 531 149
201 258 68 19 149 68 189 68 85 241
543 288
593 149 68 607 158 68 517 68 241 68 189 68 158 108 68 240 550 158 108 68 241 68 241 68 241 68 241 68 241 68 241 68 241 68 241 68 241 68 241 68 241 68 189 241 68 189 241 68 241 68 241 68 189 241 68 189 241 68 189 241 68 189 241 68 241 68 241 68 240 550 158 108
415 211 152 68 370
507 258
288 68 5 68 331 149 68 158 108 68 189 550 158 199 85 68 607 158 68 43 158 68 607 158 68 607 158 68 607 158
189 68 430 299 68 550 501 68 569 68 85 365 430 199 68 397 68 389 199 68 189 68 36 211 199
330 543 389 158 118
494 68 607 50 68 406 501
607 158 68 70 158 108 68 253 359
365 430
397 569 85
438 359
43 149
258 136 479
189 68 490 68 527 68 5 68 365 430 199 68 189 68 365 430 199
406 158 68 288 68 370 68 241 68 339 68 607 158 68 43 158 68 43 158 68 43 158 68 43 158 68 611 108
158 108 68 569 68 527 359 68 550 501 68 87 152
43 86 68 5 68 406 158 189
607 158 68 611 149
5 189 68 347 501 68 569 68 430 68 64 211 108
136 158 85
321 247 68 87 449 68 85 68 642 211 108
651 123 68 390 68 189 68 390
87 68 82 68 19 85 68 189 68 158 108 68 189 68 64 211 108
607 50 68 19 149 68 607 158 68 331 68 331 149
290 85 359 389 339
550 339
430 330 359
389 85 359 68 389 158 118 68 241 359
288 68 241 68 607 158 68 189 68 550 339 68 397 68 397 68 397 68 241 359
577 68 4 240
258 189 643 359
241 118 108
189 68 569 108 68 430 449
87 68 527 68 189 68 288 68 19 85 68 640 68 569 68 617 149
607 158 68 430 68 430 68 19 85 68 189 68 507 258 68 43 158 68 43 158 68 430
87 68 607 68 189 68 241 68 430 299 68 237 149 68 607 50
261 86 68 288 68 87 449 68 158 108 68 397 68 85 170 108
406 158 68 447 158 108 68 569 68 85
201 258 68 70 158 108 68 70 158 68 640 68 569 68 85
189 68 550 501 68 397 68 213 550 487 149 68 43 158 68 43 158
405 240
321 68 607 68 70 189 68 501 68 189 68 241 68 607 68 241 68 241 68 241 68 189 68 241 68 241 68 241 68 189 68 241 211 68 158 68 241 68 241 68 189 241 68 611 74
201 68 607 158 68 550 158 68 397 68 85 170 108
607 158 68 231 51 86 68 405 108
501 85 4 189 68 517 85 359 389 85 359
87 258
347 158 85
211 108 68 288 68 543 550 158 118 68 331
569 68 331 68 607 50 68 397 68 550 501 68 189 68 405 68 405 240
201 258 68 197 108 68 189 68 247 68 607 50 68 607 158 68 331
36 85 152 68 640 149 550 487 359
49 68 70 158
607 50 68 611 68 149 68 240 389 158 108 68 430 299
607 158 68 70 189 68 85 359
5 68 370 68 517 68 19 85 68 430 299 213
607 158 68 81 68 189 68 266 158 68 4 240 359 68 158 68 158 108
241 85 359 68 339 68 397
569 68 81
197 68 431 68 197 86
607 158
405 85 152 88 118
201 68 405 68 607 68 189 68 153 108
241 430 68 201 258 68 158 108
245 449
389 85 359 389 158 118 68 550 158 118
527 68 642 68 197 158 68 85 359
5 68 607 68 189 68 503 339 68 339 68 189 68 170 299
43 158 68 19 85 68 430 68 124
241 68 158 108 68 607 158 68 331 68 5 189 68 19 85 68 240 211 68 241 68 85 359
201 258 68 607 158 68 189 68 201 258 68 85 568 68 241
406 158 68 607 158 68 550 158 108 68 640 68 153 189
201 258 68 527 68 201 85 359 68 201 258 68 569 68 397
201 258
339 550 155
43 158 68 406 158 108 68 201 258 68 189 458
87 68 19 85 68 158 108 68 189 68 237 247 149 68 607 158 68 261 86
158 405 108
607 158 68 527 68 607 158 68 331 149 68 430 149 550 158 68 331 149
87 68 330 68 189 54 86 68 397 68 81 68 189 68 397 68 397 68 397 68 397
194 543
64 211 68 507 258
153 108 68 5 189
564 149
189 68 70 189 68 607 158 68 81 68 569 68 64 70 149
201 258 68 253 241
321 240 68 517 68 170 108
87 68 165 68 213 194 68 405 68 607 158 543 68 189
201 258 68 405 189 68 607 50
201 49 68 550 501 68 397 68 19 85 68 70 158 68 70 158
64 211 68 430 359 68 569 68 85
607 68 5 68 347 501 68 397 68 295 149 68 70 158
607 158 68 81 68 5 108 68 390 68 430 199 68 569 68 430 68 426 158 108
339 68 347 501 68 339 68 550 501 68 569 68 211 74 68 64 211 68 64 211
564 68 158 108 68 158 108 68 70 158 68 365 430 359
49 68 577 68 54 86
569 68 211 471 389 430 149 68 365 430 149
607 50 68 370 68 43 158 68 569 68 240 211 68 241 359
153 108 68 197 86 68 85 68 607 158 68 390 68 390 85 152
201 258 68 640
197 240 359
503 189 68 517 68 517 68 517
261 86 68 158 108 68 569 68 331 149
405 258 108 68 158 108 68 64 211 149
430 85 347 158 118
321 68 158 108
87 68 607 68 81 68 241 68 405 68 86 149 68 607 50 68 550 501 68 607 50
211 199
261 86 68 124
611 189 4 258
189 68 550 501 68 397 68 501 68 501 68 569 68 550 158 108 68 397 68 550 501 68 397 68 397 68 550 501 68 397 68 397 68 397 68 397 68 397 68 550 501 68 550 501 68 189 68 397 68 397 68 397 68 397 68 397 68 189 68 189 68 189 68 550 501 68 550 501 68 550 501 68 189 68 550 86 163 68 189 68 189 68 550 501 68 389 349 550 501 68 189 68 189 68 189 68 189 68
607 158 68 82 68 569 68 158 108 68 189
43 86 163 68 417 68 189 68 70 158
201 68 43 158 68 617 149 68 430 68 370 68 241 68 241 430 68 189 68 189
43 158 68 43 158 149 68 85 359 68 170 299
87 68 64 211 108 68 213 476
87 449
189 68 550 501 68 607 158 68 86 189 68 261 86
261 4 68 240 211 68 87 108
430 299 85 359
189 550 487
194 543
266 158 85 152
261 158 247
390 569 68 45 48 68 538 430 199
189 68 258 149 68 640 68 430 299 68 5 189 68 170 149 550 339 68 389 339 68 389 85 359
158 108 68 288 68 19 85 359
43 86 163 68 19 68 19 68 339 68 79 158 149 68 241 359
569 108 68 527 68 607 68 321 569 68 405 68 607 158 68 70 158 68 70 158 68 607 158
651 123 68 638 68 397 68 64 211 108 68 19 85 68 607 158 68 43 158 68 406 158 68 430
201 68 135 68 189 68 241 68 158 108 68 241 458 68 607 158 68 241
87 108 68 258 68 258 68 501 85 68 543 211 68 543 211 189
569 108 68 70 158
201 258 68 607 158 68 85 152 550 430 149
43 86 163 68 81 68 607 158 68 370 68 5 68 258 68 258 68 397 68 517 68 397 68 569 68 569 68 569 68 397 68 517
527 68 153 68 517 68 517 258 149 68 430 68 19 489 68 430 149
288 68 54 86 68 607 158 68 261 158
153 108 68 197 86 68 85 68 446 359
201 258 68 642 68 158 108 68 158 108
240 550 158 68 70 158 108
640 68 577 68 577
389 85 359 68 640
189 68 170 299 68 430 149 68 569 68 430 149
189 68 550 501 68 607 158 68 19 85 68 64 211 108
569 68 81 68 70 158 108 68 430 68 19 85 68 430 68 569 68 85 347 158 118 68 430 359
258 189
406 158 68 189 68 577 68 517 108 68 430 68 19
550 430 359 68 70 158
189 68 550 501 68 397 68 517 68 569 68 397
593 163 68 211 359 68 569 68 64 211 108 68 19 85 68 640 68 19 85 68 189 68 339
321 211
76 85 68 611 118
64 211 108 68 170 108 68 430 359
321 240 359 435 85 359
258 189 643 359 68 390
87 68 288 68 577 68 397 68 569 68 85 359 389 158 108 68 569 68 240 299
5 189 68 288 68 390
577 68 517 68 397 68 577 68 569 108 68 569 68 85 359 68 397 68 241 68 241 68 397 68 569 68 569 68 397 68 397 68 241 68 241 68 241 68 241 68 569 68 569 68 70 189 68 397 68 397 68 397 68 397 68 189 241 68 397 68 397 68 241 68 241 68 241 68 569 68 569 68 389 85 359 51 570 389 85 359 68 569 68 569 68 569 68 569 68 70 189 241 68 241 68 241 68 241
531 149 389 430 68 517 85 359
426 158 68 5 189 68 569 68 405 108 68 405 258
189 68 70 189 68 569 108 68 36 211 68 189 68 389 158 118 68 611 74 68 397 68 85
189 68 81 68 64 211 108 68 339 68 85 359
527 68 607 158 68 347 501 68 397 68 517 85 68 241 68 241 68 389 339
201 258 68 85 68 93 435 334 68 397 68 389 339 68 85 359 68 339 68 189 68 85 347 158 108
607 158 68 330
76 85 359
189 68 651 85 68 19 85 68 241 68 241 68 170 108 68 607 158 68 170 152 68 189 68 189 68 550 501 68 189 68 189 68 607 158 68 607 158 68 189 68 189 68 189 68 189 68 189 68 189 68 189 68 189 68 189 68 189 68 389 158 68 189 68 189 550 158 543 389 85 347 501 68 189 68 189 68 189 68 189 68 189 68 569 68 19 85 359 389 158 118 68 189 68 189 68 189 68 189
390 68 189 426 487
339 68 607 68 321 569 68 158 108 68 347 501 68 607 158 68 222 476
87 68 347 158 359
426 85 359 569
359 389
231 240 240
87 68 607 50 68 189 68 19 85 68 5 189 68 170 299
5 68 19 163 68 430 68 64 211 108 68 640 68 569 68 389 85 359
70 149
261 158 543 68 70 158
288
321 68 640 68 640
607 158 68 81 68 397 68 266 50 68 189 68 189 68 405 241
189 68 149 550 487 359 68 64 211
611 152
189 68 87 68 81 85 359
406 158 68 651 123 68 517 68 517
501 85 503 189 68 405 68 397
447 359
87 68 339 68 607 158 68 70 158 68 64 211
87 108 68 517 68 607 68 189 68 405 199 108 68 158 108
405 240 359 70 149
503 189 68 390 68 189 68 405 199
406 158 68 347 158 118 68 569 68 321 247 68 64 211 68 64 211 108
607 158 68 81 68 64 550 86 149
189 68 607 158 68 397 68 253 68 517 85 359
43 158 68 288 68 405 68 158 108 68 189 68 405 68 237 211 68 70 158
261 86 68 569 68 501 85 447 189 68 237 108 68 607 50 68 569 68 607 50
397 68 569 68 135 68 569 68 211 471 68 64 211 68 64 211 68 517
261 86 68 253 68 569 68 85 359
330 149 68 189 68 517 258 149
261 86 68 189 68 577 68 397 68 569 68 430 199 108
64 550 158 68 124
283
158 349 85
261 86 68 158 108 68 569 68 617 68 241 68 640 68 85 347 158 68 70 158
321 240 68 611 108 68 189 68 607 158 68 593 163 68 222 68 79 158 68 240 550 501 85 359
153 68 288 68 359 68 170 108 68 170 149 68 5 189 68 331 149
405 155
189 68 550 501 68 397 68 517 68 389 158 237 643 359
531 299
261 86 68 245 449 68 189 68 607 68 87 449
569 108 68 430 237
611 108
189 68 430 68 5 68 211 108 68 430 68 640 68 19 85 68 43 158 68 43 158 68 430 68 241 68 43 158 68 189 68 43 158 68 43 158 68 189 68 189 68 189 68 189 68 189 68 189 68 189 68 189 68 189 68 189 68 189 68 189 68 189 68 189 68 189 68 79 158 68 189 68 189 68 189 68 189 68 189 68 189 68 189 68 189 68 189 68 189 68 189 68 189 68 189 68 189 68
330 505
593 163 68 550 339 68 550 501 68 189 68 189 68 241 68 241 68 241 68 189 241 68 189 241 68 241 68 241 68 189 241
85 359 359
189 68 640 68 517 118 68 617 68 617 149
330 458
607 50 68 501 68 397 68 550 158 199 108
397 68 527 359
4 64 211
43 359
64 211 68 19 85 68 397 68 19 85 68 517 68 397 68 19 85 68 189 68 189 241 68 569 68 240 550 487 359
406 155
201 258 85 359
503 189 68 390 68 397 68 19 85 68 64 550 158 108
577 68 640
288 68 331 149 68 607 158 68 331 68 85 68 189 68 70 189 68 70 189 68 70 189 68 85 359 68 189 68 397 68 241 68 241 68 389 85 68 241 68 241 68 241 68 189 68 189 68 70 189 68 241 68 331 68 189 68 189 68 70 189 68 70 189 68 241 68 389 85 359 389 85 359 68 189 68 70 189 68 70 189 68 331 149 68 331 149 68 189 68 189 68 70 189 68 70 189 68 189
54 86
527 68 5 189
189 68 70 189 68 397 68 397
153 108 68 430 68 607 158 68 347 501 68 397 68 70 189 68 569 68 617 149
426 430
389 237 643
390 569 108
593 163 68 397 68 607 50 68 189 68 607 158 68 397 68 19 85 359
87 68 64 51 108 68 607 158 68 330 68 629 68 189 68 397
189 211 108
261 86 68 43 158 149
261 86 68 189 68 593 149 68 569 108 68 19 85
426 158 240 643 85 68 64 389 430
503 158 108
189 68 149 550 86 68 359
19 68 607 158 68 288 68 640 68 43 158 68 570 389 158
607 50 68 19 149 68 607 158 68 543 68 189 266 158 68 543
611 189 570 389 158 118 68 331 149 68 331 149 68 607 158 85
158 330 152
64 149
431 68 163 68 54 86 68 85
189 68 81 68 430 68 158 108 68 430 299 68 389 199 68 389 158 108
16 158 68 607 158 68 394 68 394 68 339 68 241 68 430
189 68 213 550 501
201 108 68 240 211 199 359
607 68 550 501 68 189 68 405 68 189 68 501 68 189 68 569 68 405 241 68 189 68 189 68 158 108
629 68 397 68 569 68 211 199 68 211 108
397 68 642 211 68 503 189
189 68 331 68 288 68 149 550 487 359 68 397 68 397 68 149
607 158 68 70 158
43 86 163 68 81 68 397 68 607 158 68 397 68 405 299
19 563 158 68 406 158 189 68 607 158 68 222 68 222 68 222
87
189 68 5 189 68 81 68 211 471 211 68 430 68 19 85 68 64 211 108
