607 158 68 550 501 68 607 158 68 397 68 397 68 189 68 241 68 241 68 241
261 86 68 124
43 158 68 397
607 158 68 397 68 397 68 397 68 397 68 397 68 397 68 397 68 241
370 68 5 68 81 68 189 68 189 68 189 68 189 68 430
527
501 85 359 68 569 108
438 359
85 359
283 68 370 68 5 68 569 68 397 68 569 68 569 68 397
607 158 68 81 68 189 68 189 68 170 108
339 551 68 607 158 68 503 158 68 503 158
406 155 108
607 68 5 68 397
607 158 68 5 68 5 68 5
406 158 543
607 158 68 607 158 68 5 68 397 68 397
158 108 68 85 359 68 5 85
283 68 607 158 68 607 158 68 607 158 68 189 68 189 68 397 68 607 158 68 607 158 68 189 68 43 158 68 189 68 189 68 43 158 68 43 158 68 43 158 68 43 158 68 189 68 189 68 189 68 43 158 68 43 158 68 43 158 68 43 158 68 43 158 68 43 158 68 43 158 68 189 68 189 68 283 68 283 68 283 68 283 68 283 68 283 68 283 68 283 68 283 68 261 86 68 607 158
503 189
607 158 68 81 68 189 68 5 189 68 640 68 189 68 241
607 158 68 81 68 189 68 640 68 640
607 158 189
261 86 68 607 158 68 607 158 68 397 68 397 68 397 68 397 68 397 68 607 158 68 607 158 68 85
283 68 5 68 640
569 68 19 85 68 19 85 68 19 85 68 19 85 359 68 397 68 19 85 359
611 51 86
607 158 68 550 501 68 397 68 397 68 397
406 158 108
240 389 158 149
607 158 68 124 68 253 68 397 68 397
89 487 149 68 124
85 359
19 85 68 19 85 68 19 85 68 397 68 569 68 569 68 430
607 158 68 527 68 430 199 68 430 199 108
430
607 158 68 81 68 189 68 189 68 64 211 108 68 397 68 397 68 64 211 108
283 68 158 118 68 430
607 158 68 550 501 68 607 158 68 64 211 108 68 189 68 64 211 108 68 153 189 68 189 68 153 189 68 64 211 108
276 85 68 64 211
569 68 527 68 430 68 430 68 85 359 68 640 68 430
85 389 339 68 19 85
617 149
397 68 149
607 158 68 81 68 189 68 19 85 359 68 19 85 359 68 19 85 68 19 85 359
43 158 108 68 569 68 517
503 189 68 397 68 397 68 430 359
283 68 607 158 68 607 158 68 607 158 68 81
64 211 108 68 5
64
607 479 68 149
283 68 607 158 68 81 68 189 68 640 68 640 68 189 68 640
261 86 68 370 68 5 68 370 68 5 68 19 85 68 397 68 397 68 19 85
503 189 68 189 68 189 68 569 68 569
607 158 68 85 359 68 569 68 85 359 68 85 359 68 569 68 85 359
607 158 68 607 158 68 607 158 68 430 68 430 68 430
607 158 68 288 68 189 68 550 501 68 189 68 189 68 397 68 550 487 149
261 86 68 370 68 5 68 607 158 68 397 68 397 68 397 68 550 501
430 199 68 241
283 68 5 68 607 158 68 5 68 397 68 397 68 397 68 397 68 397 68 5 68 189 68 189 68 241 68 517
607 158 68 5 68 189 68 397
64 211 108 68 640
651 123 68 607 158 68 5 189 68 241 68 241
370 68 5 68 81 68 189 68 189 68 241 68 189 68 241 68 241
607 158 68 550 501 68 19 85 68 19 85 68 19 85 68 397 68 19 85 68 607 158 108
261 86 108
261 86 68 607 158 68 607 158 68 397 68 189 68 397 68 397 68 397
607 158 68 550 501 68 607 158 68 550 501 68 607 158 68 550 501 68 607 158 68 607 158 68 607 158 68 607 158 108
607 479 68 241 359
211 359
5 68 397 68 397 68 397 68 241 68 241 68 241 68 241
64 211 68 517
64 211 108 68 569 68 569 68 569 68 85 359 68 569 68 397 68 85 359
64 211 108
283 68 607 158 68 607 158 68 607 158 68 397 68 397 68 397 68 189
370 68 5 68 370 68 370 68 5 68 397 68 397 68 397
501 68 607 158 68 81 68 64 211 108 68 64 211 108
607 155 68 617 68 617
339 551 68 550 158 68 430
19 85 359 68 85 359
5
370 68 5 68 397 68 397 68 5 68 397 68 397 68 397
607 158 68 550 158 68 430
261 86 68 158 108 68 569 68 569 68 64 211 108
503 158 108
607 158 68 527 68 607 68 5 68 43 158 68 43 158 68 43 158 68 43 158 68 5
339 551 68 550 158 108
283 68 370 68 5 68 19 85 68 19 85 68 19 85 68 19 85 68 19 85 359
283 68 607 158 68 370 68 5 68 5 68 397 68 397 68 397
607 158 68 550 501 68 607 158 68 397 68 397 68 430 68 430 68 397 68 607 158 68 430 68 430 68 241 68 241 68 241 68 241 68 43 158 68 43 158 68 43 158 68 43 158 68 189 68 43 158 68 43 158 68 43 158 68 43 158 68 43 158 68 607 158 68 43 158 68 43 158 68 43 158 68 607 158 68 607 158 68 607 158 68 607 158 68 607 158 68 607 158 68 607 158 68 607 158
527 68 607 158 68 397 68 5 189 68 241 68 241
276 85
430 85 359
607 479 68 397 68 397 68 397 68 397
241 359
607 158 68 81 68 189 68 241 68 241 68 241
406 158
607 158 68 81 68 189 68 189 68 607 158 68 5 189 68 397 68 607 158 68 5 68 5 68 241 68 517
261 86
503 158 108
503 189 68 85 359
85 347 501 85 359
64 211 108
64 211 108 68 640
503 189 68 81 68 189 68 189
240 211
85 347 158 108
607 158 68 577 68 569 68 569 68 85 359
261 86 68 170 108
64 211 68 607 158 68 607 158 68 430 68 430 68 430 68 430 68 430 68 607 158 68 430
438
64 211 149
503 189
359
617
283 68 397 68 397
5 68 189 68 189 68 189 68 397 68 397 68 397 68 397 68 397
607 158 68 550 501 68 430 85 359
550 155 68 550 155
607 158 68 81 68 189 68 189 68 430 68 189 68 241 68 430 68 241 68 241 68 241 68 241 68 241 68 241 68 241 68 241 68 241 68 241 68 241 68 241 68 430 199 108
607 158 68 81 68 19 85 68 5 68 19 85 68 19 85 68 19 85
607 158 68 5 68 5 189 68 5 189
283
211 211
19 85 68 607 158 68 397 68 397 68 397 68 569 68 397 68 397 68 397
607 158 68 81 68 189 68 189 68 5 189 68 189 68 189 68 64 211 108
527 68 607 158 68 81 68 189 68 517 68 517
503 189
607 158 68 81 68 189 68 430 108 68 19 85 68 430
261 86 68 124 68 170 108 68 5 68 64 211 108 68 64 211 108
64 211 108 68 569 68 569 68 85 68 569 68 569 68 85 359
261 86 68 124 68 607 158 68 19 85
593 163 68 85 359 68 189 68 5
261 86 68 124 68 607 158 68 43 158 68 640 68 189 68 640
503 158 108
5 68 19 85 68 19 85 68 19 85
607 158 68 81 68 5
569 68 527 68 517 68 430 199
607 158 68 81 68 81 68 189 68 64 211 108
607 158 68 527 68 607 158 68 397 68 189 68 189 68 397 68 397 68 189
370 68 5 68 81 68 430 68 430 68 640 68 640
283 68 397 68 397 68 397
283 68 19 85 68 19 85 68 5 189 68 85
607 158 68 5 68 607 68 5 68 397 68 397 68 397
607 158 68 550 501 68 211 108 68 211 68 211 108
527 68 607 158 68 569 68 430 68 446 68 640 68 569 68 430 68 640 68 241 68 241 68 517
550 501 68 397 68 397
370 68 607 68 550 501 68 607 158 68 397
261 86 68 370 68 5 68 370 68 5 68 640
617 149
397 68 64 211 68 430
261 86 68 245 449 68 430 149
365 430
64 211 108 68 189 68 189 68 241 68 241 68 189 68 430 68 430
85 347 158 118
283 68 19 85 68 19 85 68 19 85 68 19 85 68 19 85
527 68 607 158 68 527 68 5 68 430
438 359
607 158 68 81 68 158 68 5 68 430
370 68 5 68 81 68 430 108 68 19 85 68 19 85
283 68 158 108 68 158 108 68 43 158 108
607 158 68 81 68 189 68 189 68 241 68 241
397 68 397 68 397 68 397 68 397 68 397 68 397 68 397 68 397 68 397
607 158 68 81 68 189 68 189 68 189 68 19 85 68 397 68 607 158 68 5 68 607 158 68 517
158 108
261 85 68 85 359
617 68 550 158
430 359
607 339 68 550 501 68 569 68 85 359 68 397
607 158 68 550 501 68 339 68 339
283 68 607 158 68 81 68 569 68 569 68 569 68 569 68 397 68 397 68 569 68 85
359 51 86
288 68 19 85 68 85
651 123 68 430 108 68 430 68 430 68 430
501 85 64 211
241 108
569 68 85 359
276 85 68 5 108 68 5 189
569 68 517 68 81 68 189 68 430 149 68 189 68 189
617 68 245 449
283 68 5 189 68 189 68 189
550 86
607 158 68 577 68 397
397
211 213 194
527 68 607 158 68 5 68 397 68 397 68 397 68 397 68 397 68 397 68 241 359
261 86 68 124 68 607 158 68 397 68 397
261 86 68 245 449 68 5 189 68 569 68 19 85
607 158 68 81 68 189 68 189 68 5 189 68 189 68 189 68 640
569 68 85 359 68 189 68 5 189 68 189 68 189
607 158 68 550 501 68 430 85
406 155
607 158 68 503 158 68 430 68 430 68 430
503 189 68 5 68 189 68 5 68 5 189 68 189
607 158 68 550 501 68 189 68 5 189 68 189 68 189 68 64 211 108
283 68 158 359
261 86 68 124 68 607 158 68 397 68 397 68 397
607 158 68 81 68 550 501 68 607 158 68 397
538 430 85 359
5 189 108
85
43 158 68 81 68 189 68 189 68 241 68 241 68 241 68 430
430 85 359
607 158 68 81 68 189 68 5 68 64 211 108 68 64 211 108
607 158 68 81 68 64 211 108 68 640 68 640
64 211
607 158 68 607 158 68 607 158 68 397 68 607 158 68 136 479
370 68 5 68 550 501 68 331 149
347 158
617 149 68 550 501
370 68 5 68 397 68 397 68 397 68 397 68 397 68 397
85 299 118
607 158 68 359 68 569 68 85 359
607 158 68 81 68 189 68 430 68 430 68 64 211 108
365 430
607 158 68 607 158 68 339
607 158 68 550 501 68 211 359
261 86 68 245 449 68 5 68 189 68 640
261 86 68 370 68 370 68 5 68 370 68 370 68 5 68 397 68 397 68 397
283 68 607 158 68 607 158 68 569 68 85 359 68 569 68 85 68 85 359 68 85 359 68 85 359
283 68 607 158 68 19 85 359 68 19 85 359
607 158 68 640 68 640
339 551 68 397
85 347 158 108
370 68 5 68 81 68 569 68 64 211 108 68 569 68 397 68 64 211 108
397
339 551 68 550 158 108 68 339
211 199
607 158 68 19 85 68 158 108 68 569 68 569 68 569 68 19 85
370 68 5 68 550 501 68 397 68 397 68 397 68 397 68 397 68 397 68 397 68 397 68 397
607 158 68 569 68 569 68 397 68 397 68 397
85 347 158 118
430
85 359
261 86 68 370 68 5 68 5 68 5 189 68 19 85
607 158 68 550 501 68 397 68 241 68 241
283 68 158 108 68 607 158 68 5 68 189 68 189 68 189 68 430
64 211 108 68 430 199 68 64 211 108
527 68 607 158 68 527 68 5 189 68 241
64 211
261 86 68 245 449 68 158 108 68 5 189 68 569 68 569 68 85
43 158 68 85 359 68 85 359
283 68 158 108 68 569 68 19 85 359 68 569 68 569 68 19 85 359
607 158 68 81 68 5 68 5 68 640 68 189 68 241 68 640
607 158 68 550 501 68 189 68 5 189 68 189 68 189 68 64 211 108
593 163 68 550 501 68 430 68 241 68 241 68 430
288
607 158 68 527 68 5 68 85 359 68 397 68 569 68 397 68 397 68 43 158 108
607 158 68 124 68 170
389 158 108
64 211 108 68 370 68 5 68 5 68 640
283 68 5 68 189 68 569 68 339 68 339 68 397 68 397
397 68 397
64 211 108 68 617
503 189 68 158
607 158 68 81 68 640 68 5 68 640 68 640
261 86 68 158 108 68 189 68 189 68 189
283 68 607 158 68 81 68 189 68 550 501 68 189
607 158 68 397 68 569 68 85 359 68 640
607 158 68 81 68 81 68 189 68 64 211 108 68 5 68 640 68 640
389 158 108 68 189 68 241 68 241
617
370 68 5 68 81 68 189 68 189 68 189 68 189 68 189 68 19 85
211 222
607 158 68 81 68 189 68 189 68 241 68 241 68 241 68 241 68 241 68 241 68 241 68 241 68 517
430 199 108
261 86 68 158 108 68 607 158 68 607 158 68 607 158 68 607 158 68 607 158 68 607 158 68 607 158 68 607 158 68 607 158 68 607 158 68 607 158 68 607 158 68 607 158 68 607 158 68 607 479 68 607 158 68 607 479 68 607 158 68 607 158 68 607 158 68 607 158 68 607 479 68 607 158 68 261 86 68 261 86 68 261 86 68 607 158 68 261 86 68 261 86 68 261 86 68 261 86
430 199 68 85 359
607 158 68 430 199
339 551 68 550 501 68 607 158 68 550 501 68 607 158 68 607 158 68 607 158 68 607 158 68 19 85 359 68 607 158 68 607 158 68 550 501 68 607 158 68 607 158 68 607 158 68 607 158 68 607 158 68 607 158 68 607 158 68 85 68 550 501 68 607 158 68 607 158 68 85 68 550 501 68 19 85 68 85 68 19 85 68 19 85 359 68 19 85 359 68 607 158 68 607 158 68 607 158
370 68 607 158 68 550 501 68 397
593 163 68 189 68 241 68 241
43 158 359
5
607 158 68 527 68 607 158 68 397 68 397 68 397 68 397 68 397 68 607 158 68 430
339 551 68 550 501 68 607 158 68 550 501 68 550 501 68 550 501
569 68 550 501 68 397 68 397 68 397 68 397 68 397 68 397 68 397
359
607 158 68 527 359 68 397 68 397 68 397 68 397
370 68 5 68 81 68 430 68 430 299 68 640 68 430
389 85
607 158 68 397 68 397 68 397 68 397 68 397 68 397 68 397 68 397 68 189 68 241 68 241 68 241 68 241 68 241 68 241 68 241 68 241 68 241 68 241 68 397 68 189 68 397 68 397 68 397 68 397 68 397 68 397 68 397 68 397 68 397 68 397 68 397 68 397 68 397 68 397 68 397 68 189 68 397 68 397 68 397 68 397 68 397 68 397 68 397 68 397 68 397 68 607 158 118
607 158 68 81 68 189 68 189 68 241 68 241 68 241 68 241
85 359
283 68 158 108 68 189 68 189 68 517
607 158 68 550 501 68 397 68 397 68 569 68 569 68 397
607 158 68 607 158 68 607 158 68 607 158 68 607 158 68 607 158 68 5
64 211 108
189 68 5 149 68 19 85
370 68 5 68 550 501 68 85 359 68 64 211 108 68 430 68 430
211
64 211 149 68 550 501
389 149
430 85 359
5 189 108
19 85 68 19 85
261 86 68 245 449 68 5 189 68 5 189 68 5 189
503 158 108
397 68 397
389 149
321 240 211 68 550 158 149
370 68 5 68 81 68 189 68 189 68 189 68 189 68 189
283 68 607 158 68 189 68 397 68 397 68 189
370 68 5 68 81 68 189 68 517
370 68 5 68 550 501 68 569 68 85 359 68 569 68 569 68 19 85 359
189
85 359 68 158 108
211 543 211
283 68 158 108 68 569 68 569 68 569 68 19 85 359
415
370 68 5 68 550 501 68 189 68 189 68 189 68 189 68 397
607 158 68 607 158 68 64 211 108
74
607 158 68 81 68 189 68 189 68 64 211 108 68 640 68 640 68 64 211 108
607 158 68 550 501 68 607 68 397 68 397 68 397 68 397 68 397
261 86 68 245 449 68 5 189 68 85 68 5 189
569 68 397 68 569 68 569 68 517
397 68 170 108 68 170 108
651 123 359 68 241 149
261 86 68 245 449 68 245 449
64 211 108 68 430 199 68 64 211 108
283
64 211 68 550 158 68 550 158 68 64 211 68 64 211
397 68 149
430 199
607 155 68 550 501 68 339
607 158 68 5 68 5 189 68 5
283 68 158 359
538 158 108 68 5
19 85
241
85 359
261 86 68 158 108 68 607 158 68 607 158 68 189 68 607 158 68 607 158 68 607 158
550 501 68 617 149 68 617
569 68 19 85 68 19 85
607 158 68 81 68 189 68 189 68 64 211 108 68 189 68 5 189
283
283 68 19 85 68 569 68 19 85 359 68 569 68 569 68 397 68 19 85 359 68 85 359
607 158 68 5 68 339 68 339 68 339
550 487 149
389 158 118
365 430
503 189 68 158 108 68 569 68 339 68 569 68 569 68 397 68 85 359
607 158 68 397 68 5 189 68 241
503 158 108
370 68 5 68 81 68 189 68 5 189 68 640
370 68 5 68 81 68 189 68 189 68 241 68 189 68 241 68 241 68 241
607 158 68 81 68 64 211 108 68 640 68 640
5 68 5 68 81 68 189 68 189 68 189 68 5 189 68 640
211 359
43 158 68 517 68 81 68 241 68 241
503 189 68 170 108 68 5 68 5 68 5 189
261 86 68 370 68 5 68 370 68 5 68 5 68 5
607 158 68 283 68 397 68 5 68 397 68 397
261 86 68 245 449 68 189 68 19 85 68 19 85 68 397 68 607 158 108
446 299
569 68 19 85 68 85 68 19 85 68 19 85
503 189 68 607 158 68 503 158 68 339 68 607 158 68 339
607 158 68 81 68 189 68 241 68 241 68 241 68 241 68 430
607 158 68 81 68 189 68 189 68 189 68 189 68 189 68 189
283 68 158 108 68 158 108 68 430
43 158 68 5 189
245 258 149
64 211
607 158 68 81 68 189 68 397 68 397 68 397 68 397 68 397 68 43 158 68 43 158 108
607 158 68 81 68 640 68 241
607 158 68 550 158 68 189 68 241 68 241 68 189
64 211 108 68 550 501
527 68 607 158 68 81 68 189
607 158 68 19 149 68 19 85
503 189
283 68 607 158 68 81 68 189 68 640 68 640 68 640 68 640
276 85
527 68 5 189
64 211 108
527 68 607 158 68 430 68 430 199
503 189 68 158
283 68 5 68 189 68 189 68 5 189 68 569 68 397 68 397 68 331 149
64 211 108 68 607 158 68 158 68 158 108 68 19 85 68 19 85
365 430
607 158 68 503 189 68 503 158 68 189
527 68 607 158 68 397 68 241 68 241 68 241 68 241 68 241
261 86 68 124
149
158 108 68 19 85 68 430 85 68 430
261 86 68 370 68 5 68 81 68 189 68 189 68 189 68 430
339 551 68 550 501 68 607 158 68 397 68 397 68 397 68 397
607 158 68 81 68 81 68 189 68 397 68 397
276 85 68 158 108 68 189
607 158 68 5 68 189 68 189 68 5 189 68 189 68 189 68 211 108
607 158 68 5 68 5 189 68 5 189
283 68 158 108 68 569 68 569 68 85 359 68 569 68 569
607 158 68 81 68 189 68 569 68 241 68 640
607 158 68 550 501 68 430
607 158 68 81 68 189 68 241 68 241 68 241 68 241 68 430
64 211 108 68 550 158 108
569 68 85 68 158 108 68 397 68 64 211 108
527 68 607 158 68 550 501 68 64 211 108 68 64 211 108
607 158 68 81 68 5 189 68 85 359
261 86 68 124
283 68 158 108 68 81 68 430 149
5 189 299 118
607 158 68 81 68 607 158 68 5 68 64 211 108
64 389 85 359
370 68 19 85 68 19 85 68 19 85 68 19 85 68 19 85 68 19 85
43 158 68 397 68 397 68 430 149
64 211 108
283 68 5
370 68 607 158 68 607 158 68 397 68 397 68 397 68 397 68 397 68 397
607 158 68 550 501 68 189 68 189 68 64 211 108 68 189 68 211 108
430
19 85 68 19 85 68 569 68 85 68 397 68 569 68 397 68 397 68 397 68 397 68 397 68 85 359
607 158 68 550 501 68 397 68 397 68 397 68 569 68 397 68 397 68 397 68 397
397 68 397 68 397
276 85
64 211 108
43 158
64 211 108
261 86 68 124
261 86 68 124 68 607 158 68 607 158 68 397 68 397 68 397 68 397 68 607 158 68 397 68 397 68 397 68 397 68 607 158 68 64 211 68 64 211 68 397 68 397 68 607 158 68 397 68 397 68 397 68 397 68 397 68 397 68 397 68 397 68 607 158 68 607 158 68 240 211 68 397 68 607 158 68 607 158 68 607 158 68 607 158 68 607 158 68 607 158 68 607 158 68 607 158 68 607
283 551
283 68 607 158 68 81 68 189 68 446 68 640
607 158 68 81 68 189 68 189 68 397 68 397 68 397
85 359 389 85 359
261 86 68 5 189
283 68 158 359
5 189 68 85 359 68 189 68 339
538 85
607 158 68 81 68 189 68 189 68 397 68 569 68 397 68 397 68 397 68 241 359
85 503 189
569 68 430 149 68 430
370 68 5 68 397 68 397 68 397 68 397 68 569 68 397 68 397 68 397 68 397 68 397 68 569 68 569 68 397 68 397 68 397 68 569 68 569 68 569 68 569 68 569 68 569 68 397 68 397 68 397 68 397 68 397 68 397 68 397 68 397 68 397 68 397 68 397 68 569 68 569 68 397 68 569 68 569 68 569 68 569 68 569 68 397 68 569 68 397 68 397 68 397 68 397 68 397 68
370 68 5 68 81 68 241 68 241 68 241 68 241 68 241
569 68 397 68 569 68 569 68 397 68 397 68 397
261 86 68 124 68 124 68 397 68 397 68 397 68 397 68 397 68 397
64 211 108 68 617 149
64 211
339 551 68 19 85 359
283
276 85
617
261 86 149
607 158 68 5 68 189 68 189 68 5 189 68 189
569 68 19 85 68 19 85 68 397 68 397 68 569 68 397 68 397 68 397 68 397 68 397
607 158 68 19 85 68 19 85 68 19 85 68 19 85 68 19 85
170
607 155 68 550 501 68 607 158 68 5 68 397 68 397 68 397 68 607 158 68 5 68 607 158 68 5 68 517
211 85 359 211 108 68 211
430 299
617 149 68 617 149
406 158 68 5 189
607 158 68 81 68 19 85 68 19 85 68 19 85 68 19 85 68 19 85 68 19 85 359
43 158 68 43 158 68 5 68 5 68 397
651 123 359 68 241 359
617 68 617 68 550 158 108
64 211
64 211 108
607 68 5 68 81 68 430 149
370 68 5 68 550 501 68 430 149
569 68 85
253 359
389 158 108
430 199 68 430 149
261 86 68 158 108 68 607 158 68 607 158 68 189 68 607 158 68 158 68 158 68 158 68 240
607 158 68 81 68 189 68 430 299 68 189 68 189 68 430
85 389 158 118
261 86 68 245 449 68 81 68 189 68 640 68 189 68 640
85 347 158 108
569 68 19 85 68 569 68 85 359 68 640 68 569
261 86
261 86 85
607 158 68 503 158 68 569 68 85 359 68 397 68 397 68 397 68 397
607 158 68 81 68 189 68 189 68 5 189
607 158 68 5 68 158 108 68 5 189 68 339
211
64
430
430 85 359
85 359 68 389 430 199
607 158 68 81 68 189 68 189 68 85 359 68 569 68 430 68 430 68 607 158 108
406 149
283 68 607 158 68 370 68 5 68 397 68 397 68 397 68 397 68 397 68 397 68 397 68 397 68 397 68 397 68 397 68 241 359
503 189 68 85 359
64 211 68 158 108 68 607 158 68 397 68 397 68 397
339 551 68 430 149
569 68 19 85 68 569 68 85 359 68 640 68 569
64
607 158 68 577 68 569 68 85 359 68 85 359
283 68 607 158 68 607 158 68 5 68 189 68 397 68 397 68 550 501 68 607 158 68 189 68 85
651 123 68 430 68 430 68 430
261 86 68 158 108 68 189 68 189 68 189
430 199 68 118
503 189 68 607 158 68 5
64 211 108
607 158 68 527 68 430 68 430 68 430 68 430 68 430 68 430 68 430 68 430 199
370 68 5 68 81 68 397 68 397 68 397 68 397 68 397 68 397 68 397
283 68 158 108 68 569 68 430 359 68 189 68 189 68 430
607 479 68 397 68 397 68 397 68 397 68 397 68 397 68 397 68 397 68 397
288 68 288
406 158
406 487 149
430
607 158 68 81 68 158 68 158 108 68 43 158 68 85
607 158 68 607 158 68 170
149 389 149
397 68 149
569 68 397 68 5 68 569 68 397 68 397 68 397 68 397 68 397 68 241 68 5 68 241 68 241 68 241 68 241 68 241 68 241 68 241 68 5 68 5 68 5 189 68 240 359
607 158 68 550 501 68 189 68 241 68 189
430 199
85 5 108
64 211 108 68 607 158 68 5 189 68 240 68 189 68 64 211 108
283 68 5 68 5 68 607 158 68 5 189
607 158 68 81 68 430 68 430 68 430
430 199
389 85 359
261 86 68 124 68 607 158 68 607 158 68 607 158 68 5 68 550 501
261 86 68 124 68 550 501 68 607 158 68 607 158 68 607 158 68 607 158 68 607 158
538 158
607 158 68 550 501 68 19 85 68 339 68 19 85 359 68 19 85 68 19 85 359
397 68 241 68 241 68 241
569 68 527 68 550 501 68 430 68 430 68 430 68 430
85 347 158 108
283 68 158 108 68 19 85 68 19 85 68 19 85 68 19 85
261 86 68 124
85 347 158 85 359
64 211 108
593 163 68 85 68 85
261 86 68 245 449 68 5 68 5
607 158 68 607 158 68 607 158 68 397 68 136 479
339 551 68 550 158 108 68 397 68 397
617 68 5 68 617 68 397
240 211
211
370 68 5 68 397 68 397 68 5 68 397 68 397 68 397 68 397 68 397
261 86 68 245 449 68 5 189 68 189
527 68 607 158 68 81 68 430
64 211 68 158 108 68 64 211
283 68 607 158 68 81 68 5 68 5 68 189 68 241 68 241
283 68 158 108 68 43 158 68 43 158 68 19 85
370 68 5 68 81 68 189 68 189 68 64 211 108
503 158 108
607 158 68 81 68 189 68 5 189 68 240 211 108 68 397 68 241 68 241
607 158 68 5 68 527 68 5 68 397
607 158 68 550 501 68 607 158 68 397 68 397 68 397 68 397 68 5 68 5 189 68 241 68 241 68 241 68 241 68 241 68 241 68 241 68 5 68 5 68 241 68 241 68 241 68 241 68 241 68 241 68 241 68 241 68 241 68 241 68 43 158 68 241 68 241 68 241 68 241 68 241 68 189 68 189 68 607 158 68 607 158 68 607 158 68 607 158 68 607 158 68 607 158 68 607 158 68
569 68 19 85 68 430 68 430 68 430 299 68 430 299 68 430 85 359
64 211 68 158 108 68 397 68 397 68 397
607 155 68 550 501 68 607 158 68 5 68 397 68 397 68 397 68 607 158 68 5 68 607 158 68 5 68 517
261 86 68 124
347 501 359
607 158 68 81 68 607 158 68 5 68 397 68 189 68 189 68 397 68 5 189 68 189 68 189 68 241 68 241 68 189 68 189 68 64 211 68 64 211 68 189 68 189 68 189 68 189 68 189 68 189 68 43 158 68 241 68 241 68 43 158 68 607 158 68 607 158 68 241 68 43 158 68 607 158 68 607 158 68 607 158 68 607 158 68 607 158 68 607 158 68 607 158 68 607 158 68 607 158
43 158 108
85 359 389 85 359
607 68 5 68 569 68 569 68 339
389 85 359
569 68 158 108 68 569 68 569 68 85 359 68 569 68 397
288 68 288
569 68 85 359 68 569 68 569 68 446 68 569 68 397 68 397 68 397
527 68 607 158 68 607 158 68 430
569 68 19 85 68 607 158 68 397 68 189 68 569 68 397
607 158 68 81 68 607 158 68 5 189 68 5 189 68 430 68 5 189 68 5 189
405
339 68 607 158 68 607 158 68 5 68 397 68 397 68 397 68 397
607 158 68 569 68 569 68 85 359 68 397 68 569 68 397 68 397
211
43 158 68 550 501
64 211
64
5 68 189 68 81 68 189 68 5 189 68 64 211 108 68 640 68 640
569 68 81 68 640 68 241 68 241
607 158 68 81 68 189 68 189 68 189 68 189 68 189 68 241 68 189 68 189 68 241 68 241 68 517
503 158 108
607 158 68 81 68 189 68 189 68 446 68 446 68 446 68 617
64 211 108 68 430 68 430 68 430 68 430 68 430
651 123 68 245 449
85 359
397 68 370 68 5 68 370 68 5 68 5 68 397 68 149
5 189 68 397 68 397
607 158 68 70 158
607 158 68 81 68 241 68 241 68 241
283 68 5 68 397 68 397 68 5 68 397
283 68 5 68 245 449 68 5 68 5 68 397 68 397
189 68 527 68 189 68 189 68 430 199 68 430 199
607 158 68 5 68 189 68 5 189 68 5 189
253 359 389 359
607 158 68 81 68 189 68 189 68 430
430 85 359
261 86 68 124 68 189 68 5 189 68 430
607 479 68 19 85 359 68 19 85 68 19 85 359 68 19 85
43 158 68 397 68 5 189 68 241 68 241
607 158 68 550 501 68 607 158 68 607 158 68 189 68 189 68 550 501 68 607 158 68 607 158 68 517
629
5 189 68 241 68 241
607 158 68 81 68 189 68 430 68 430 149
43 158 68 517
85 359
607 158 68 550 501 68 211
607 158 68 527 68 607 158 68 430 68 430
241 108
430 85 359
607 158 68 70 158
283 68 158 108 68 569 68 607 158 68 397
189
370 68 5 68 81 68 189 68 430 149
607 158 68 5 68 189 68 189 68 5 189 68 397 68 397 68 189
430
5 68 5 68 397 68 397 68 5 189 68 397 68 397
339 68 158 108 68 5
19 85 68 158 108 68 5 189 68 5 189 68 189 68 430
253
607 158 68 607 158 68 607 158 68 5 189 68 153 189 68 158 108
211 194 149
211 108
607 158 68 81 68 189 68 5 189 68 640
607 158 68 81 68 607 158 68 43 158 68 640
607 158 68 283 68 569 68 569 68 85 359 68 569 68 397 68 397 68 397
607 158 68 81 68 189 68 430
607 158 68 550 501 68 189 68 211 68 211
283 68 158 108 68 569 68 569 68 85 359
85 5 189 68 642 211
85 359 389 85
607 158 68 81 68 569 68 397 68 397 68 397 68 397
211 108 68 550 501 68 189
607 158 68 397 68 569 68 397 68 397
397 68 189 68 607 158 68 397 68 241 68 397
607 158 68 550 501 68 397 68 397 68 397 68 397 68 397 68 397 68 397 68 241 68 397
389 85 359 68 389 158 118
569 68 527 68 189 68 430
19 85 359 68 550 501 85 359
283 68 607 158 68 550 501 68 607 158 68 397 68 397 68 397 68 607 158 68 607 158 68 397
569 68 158 108 68 607 158 68 397 68 397
527 68 607 158 68 81 68 189 68 64 211 108
339
607 158 68 81 68 189 68 189 68 64 211 108
283
283 68 607 158 68 19 85 68 19 85 68 19 85
85 389 339 68 550 501 85
283 68 5 68 19 85 68 430 149 68 607 158 68 430 149
607 158 68 81 68 189 68 241 68 241 68 241 68 241
397
64 211 108 68 607 158 68 158 68 158 108 68 19 85 68 19 85
607 158 68 81 68 189 68 189 68 64 211 108 68 64 211 108 68 64 211 68 5 68 517
503 189
283 68 607 158 68 550 501 68 19 85 68 19 85
607 158 68 81 68 158 68 5 189 68 405 108
397 68 550 158
211 85 359
607 158 68 550 501 68 607 158 68 85 68 19 85
85 359 389 85
569 68 19 85 68 19 85 68 397 68 5 189
370 68 5 68 81 68 189 68 241 68 5 189 68 241 68 430 68 241 68 5 189
569 68 19 85 68 19 85 68 397 68 5 189
503 189 68 170 108 68 5
607 158 68 5 68 5 68 189 68 397 68 189 68 397
331 149
538 158 68 64 211
288
527 68 5 68 550 501 68 430 68 430 68 430 68 430
43 158 68 517 68 430
64 211 68 550 501 68 397 68 397 68 397 68 569 68 397 68 397
607 479 68 430 68 430 118
64 211 108 68 569 68 19 85 68 19 85 68 19 85 68 430 68 19 85
503 158 108
446 359
607 155
19 85 359
261 86 68 124
211 543 211
527 68 5 189 68 430
241 149
607 158 68 81 68 189 68 397 68 397 68 397 68 397 68 397 68 397 68 5 189 68 241 68 241 68 517
5 189
607 158 68 189
479 85 543
43 158 68 124 68 170
321 86
569 68 517 68 517 68 517 68 5 189 68 640
651 123
527 68 607 158 68 158 68 158 68 158 108
64 211
43 158 68 81 68 397
283 68 158 108 68 569 68 569 68 85 359 68 569 68 569 68 85 359
617
365 430
19 149
617 149
389 359 389 359
430
430 199
527 68 64 211 108
430 199 68 517 108 68 430
339 551 68 85 359
397 551
85 359 68 158 118
283 68 158 359
283 68 158 108 68 607 158 68 397 68 397 68 397 68 397 68 397 68 397
261 86 68 245 449
607 158 68 430
607 158 68 550 501 68 607 158 68 397 68 397 68 397 68 397 68 397 68 5 189 68 241 68 241 68 517
261 86 68 370 68 5 68 5 68 81 68 5 189
370 68 5 68 550 501 68 569 68 85 359 68 569 68 397 68 85
261 86 68 245 449 68 189 68 5 68 397 68 397 68 397
389 158 108 68 189 68 430 359 68 430 359
5 189 68 430 149
64 211 108 68 569 68 19 85 68 64 211 108 68 430 68 430
607 158 68 124 68 503 158 108 68 569 68 85 359 68 430 68 430 68 430 85 359
607 158 68 81 68 189 68 189 68 85 359
347 85 359
617
607 158 68 81 68 569 68 397 68 397 68 397
607 158 68 550 501 68 607 158 68 607 158 68 189 68 64 211 108
261 86 68 124 68 5 68 5 189 68 397 68 397 68 397
389 430 359
607 158 68 85 68 158 108 68 153 189 68 153 189
406 155
607 158 68 5 68 189 68 189 68 397 68 397 68 397
283 68 5 189 68 81 68 189 68 189 68 189 68 430 68 430
85 347 158 118
607 158 68 81 68 64 211 108 68 64 211 108 68 64 211 108 68 64 211 108
339
607 158 68 81 68 189 68 430 199 85 359
85
569 68 85 359 68 569 85 359
283 68 607 158 68 607 158 68 430 68 430 108
370 68 5 68 283 68 397 68 397
543
261 86 68 124
365 430
607 158 68 81 68 189 68 430 68 430 68 430 68 430 68 430 68 430 68 64 211 108
617
607 158 68 81 68 397 68 430 68 430 68 430 68 430
607 158 68 81 68 81 68 397 68 331
538 158 108 68 640 68 85
85 550 501 68 85
569 68 19 85 68 397 68 397 68 397 68 397
85 359
241 359
283 68 607 68 81 68 189 68 430 68 430 68 430 68 430 68 430 68 43 158 108
43 158 359
211
5 189 68 189 68 189 68 241 68 5 189 68 640 68 241 68 241 68 241
85 359
19 85 359 551
406 158 543
43 158
43 158 68 527 68 569 68 397 68 397 68 569 68 397 68 397 68 397 68 241 68 241 68 241 68 241 68 241 68 241 68 241 68 241 68 43 158 68 241 68 43 158 118
321 240
607 158 68 527 68 430 68 430 199 68 85
389 430
607 158 68 81 68 189 68 189 68 189 68 189 68 189 68 189 68 241 68 241 68 241 68 241 68 241 68 517
64 211 108 68 607 158 68 5 189 68 640
211
607 158 68 81 68 189 643 359
64 211 108
607 158 68 81 68 569 68 85 359
569 68 136 479
339 68 550 158 108 68 569 68 569 68 569 68 569 68 397 68 397
283 68 158 108 68 569 68 158 108
43 158 68 517 108
43 158 68 517 551 68 5 189 68 85 359
651 123
607 158 68 81 68 5 68 85 359 68 19 85 68 5 189 68 19 85
607 158 68 81 68 189 68 430 149
430 108
85 389 158 108 68 189 68 241 359
5 85
607 158 68 527 68 569 68 430 108 68 19 85 68 430 68 430
607 158 68 577 68 397 68 64 211 108 68 43 158 68 397 68 43 158 68 43 158 108
430 68 430
288 68 19 85 359 68 430
607 68 5 68 5 68 397
607 158 68 550 501 68 430
607 158 68 81 68 189 68 189 68 241 68 189 68 241 68 241 68 241 68 241 68 241 68 241 68 241 68 241 68 241 68 241 68 241 68 241 68 241 68 241 68 241 68 241 68 241 68 241 68 241 68 241 68 241 68 241 68 241 68 241 68 241 68 241 68 241 68 241 68 241 68 241 68 241 68 607 158 108 68 607 158 68 607 158 68 607 158 118 68 607 158 68 607 158 68 607 158 118
430 359
577 68 577 68 85 359 68 85 359
85 359
538 158 108 68 5
261 86 68 550 501 68 607 158 68 85
430
283 68 607 158 68 5 68 5 68 397 68 397 68 189 68 397 68 5 189 68 5 68 241 68 241 68 241 68 241 68 241 68 241 68 5 68 5 68 5 189 68 241 68 189 68 189 68 241 68 241 68 241 68 241 68 241 68 241 68 397 68 607 158 68 607 158 68 241 68 241 68 397 68 189 68 607 158 68 607 158 68 607 158 68 607 158 68 607 479 68 607 479 68 607 479 68 607 479
64 211 108
406 158 118
430 149
569 68 19 85 68 5 189 68 5 189 68 640
607 158 68 550 158 68 607 158 68 5 189 68 64 211 108
339 551 68 158 108 68 397
85 5 189
339 551 68 550 501 68 607 158 68 397 68 397 68 397 68 211 68 211 68 211
430 199 108
406 487 149
261 86 68 607 158 68 607 158 68 397 68 189 68 189 68 397 68 43 158 68 607 158 68 189
389 85 359
607 158 68 550 501 68 397 68 397 68 189 68 189 68 189 68 397
261 86 68 124
64 211 108
283 68 158 108 68 607 158 68 397 68 397 68 397 68 397 68 397 68 397
261 86 68 245 449 68 19 85 68 19 85 68 19 85 68 607 158 108
569 68 19 85 68 19 85 68 569 68 19 85 68 569 68 430 68 430 68 43 158 108
430
43 158 149
64 211 108
607 158 68 81 68 81 68 189 68 64 211
607 158 68 569 68 607 158 68 397 68 397 68 397
503 158 108
607 158 68 550 501 68 189 68 241 68 189 68 189 68 241 68 241 68 241 68 241 68 241 68 241 68 241 68 241 68 241 68 241 68 241 68 241 68 241 68 241 68 241 68 189 68 241 68 241 68 241 68 241 68 241 68 241 68 241 68 241 68 241 68 241 68 241 68 241 68 241 68 241 68 189 68 607 158 108 68 607 158 118 68 517 118 68 607 158 118 68 607 158 118 68 607 158 118
64 211 108 68 158 108 68 569 68 240 359
19 85 359 68 19 85
245 85
261 86 68 124
261 86 68 124 68 607 158 68 397 68 397 68 397 68 397 68 397
607 158 68 81 68 189 68 189 68 189 68 189 68 189
19 85 68 517
438 359
430 85 359
607 158 68 81 68 189 68 64 211 108
339 551 68 5 68 189 68 5
261 86 68 124
607 158 68 189 68 189 68 517
607 158 68 124 68 189 68 189 68 446 359
43 158
85 359 68 569 68 85 359
607 158 68 81 68 189 68 430 68 5 189
288 68 288
569 68 158 108 68 189 68 5 189 68 64 211 108
370 68 5 68 81 68 189 68 5 189 68 189 68 189
607 158 68 81 68 189 68 189 68 241 68 189 68 189 68 241 68 241 68 241 359
607 158 68 81 68 189 68 397 68 5 189 68 189 68 397 68 397 68 5 189
85 359
211 85 359
64 211
607 158 68 81 68 607 158 68 5 68 5 68 189 68 5 68 5 68 5 68 5 68 5 68 240
607 158 68 81 68 189 68 158 108 68 5 189 68 640 68 640 68 5 189
64 211 108 68 550 501 68 189 68 85
261 86 68 245 449 68 5 189 68 5 189 68 189 68 640
503 158 108
569 68 85 359 68 569 68 397 68 397 68 397
501 85 68 517
85 550 501 68 64 211 108
538 158 108
370 68 5 68 81 68 607 158 68 5
569 68 85 359 68 569 68 569 68 397 68 569 68 397 68 397 68 397 68 397 68 397 68 397
607 158 68 81 68 189 68 430 199 108 68 430 68 430
607 158 68 81 68 189 68 430 68 430 68 430 68 430 68 430 108
607 158 68 81 68 607 158 68 607 158 68 5 68 5 68 607 158 68 5 189
283
5 189 68 149
19 85 359 68 19 85 359
370 68 5 68 397 68 569 68 569 68 569 68 569 68 397
607 158 68 19 85 359 68 19 85 359
189 68 81 68 189 68 430
430 299
64 211 68 397 68 397 68 397 68 397 68 397 68 397 68 397 68 397
389 339 68 550 501
43 158 68 81 68 189 68 5 189 68 640
607 158 68 527 68 241 68 241 68 430 68 430 68 430 299
503 189 359
607 158 68 550 501 68 607 158 68 43 158 68 617
527 68 607 158 68 527 68 397 68 569 68 569 68 397 68 397 68 43 158
430 85
64 211 108 68 81 68 64 211 108
276 85 68 607 158 68 43 158 68 446 68 446
569 68 85 359 68 158 108 68 64 211 108
617 68 550 501
527 68 607 158 68 397 68 550 501 68 397 68 397
43 158 68 517 149
607 158 68 550 501 68 397 68 397 68 397 68 397 68 397 68 397
261 86 68 124 68 607 158 68 607 158 68 607 158 68 170 108 68 607 158 68 607 158 68 170 108
607 158 68 81 68 189 68 189 68 397 68 397 68 397 68 397 68 397 68 397 68 397 68 397 68 241 68 241 68 241 68 241 68 241 68 241 68 241 68 241 68 241 68 189 68 397 68 397 68 397 68 397 68 241 68 397 68 397 68 397 68 397 68 241 68 241 68 241 68 397 68 397 68 189 68 189 68 607 158 118 68 397 68 607 158 68 607 158 118 68 397 68 397 68 607 68 607 158
607 158 68 527 68 607 158 68 5 68 397 68 189 68 64 211 108
19 85 68 85 359 211 108
19 85 359 68 19 85 359 68 19 85 359
569 68 397 68 397 68 397 68 241 68 241
593 163 68 85 359 68 85 359
283 68 158 108 68 569 68 569 68 397 68 569 68 397
261 86 68 245 449 68 81 68 189 68 640
503 189 68 397 68 397
607 158 68 170 108 68 5 68 569 68 397 68 569 68 397
607 158 68 550 501 68 189 68 241 68 241
85 389 85 359
550 86 68 124
43 158 68 5 189
543
365 430
64 211 108 68 607 158 68 397 68 397 68 569
43 158 68 5 189
607 158 68 550 501 68 550 158
64 211 108 68 331 149
339 551
538 158 108 68 640 68 85
569 68 397 68 189 68 569 68 397 68 397 68 397 68 397 68 397 68 397
607 158 68 607 158 68 607 158 68 607 158 68 339
64 211 108 68 5 189
607 158 68 370 68 5 68 5 68 397 68 569 68 397 68 397 68 397
5 68 85 68 85 359 68 5 189 68 85
64 211
283 68 607 158 68 81 68 569 68 397 68 569 68 397 68 397 68 397 68 241 68 241 68 517
607 158 68 81 68 189 68 5 189 68 64 211 108
607 158 68 81
651 123
607 158 68 81 68 189 68 85 68 397 68 397 68 397 68 397 68 43 158 68 43 158 108
503 189
607 158 68 81 68 189 68 5 189 68 5 189 68 189 68 64 211
359
607 158 68 241 68 241 68 241
339 551
85 550 158 108
370 68 550 501 68 550 501 68 397 68 397 68 397 68 397 68 397
283 68 158 108 68 569 68 569 68 85 359 68 569 68 19 85
607 339 68 550 501 68 397
19 85 359 68 19 85 359
430 199 359
406 158 108
64 211 108
430 85 359
607 158 68 550 501 68 569 68 85 359 68 569 68 569 68 19 85
64 211 108
283 68 19 85 68 569 68 19 85 359 68 569 68 569 68 397 68 19 85 359 68 85 359
607 158 68 550 158 68 397 68 397 68 397 68 397 68 397 68 397
527 68 607 158 68 5 68 397 68 397 68 397 68 397 68 397 68 397 68 189
607 68 370 68 550 501 68 397 68 397 68 397 68 397 68 397 68 397 68 397 68 397 68 397 68 397 68 397 68 397 68 397 68 241 68 43 158 68 43 158 68 43 158 68 189 68 397 68 397 68 397 68 43 158 68 397 68 397 68 397 68 43 158 68 397 68 397 68 43 158 68 397 68 397 68 189 68 607 158 68 397 68 397 68 397 68 397 68 397 68 397 68 397 68 607 479 68 607
261 86 68 81
617 68 550 158 68 211
538 85
64 211 108
43 158 68 517
501 85 68 430 149
290 85
397
569 68 550 501 68 397
5 68 5 68 189 68 189 68 85 68 64 211 108
283 68 607 158 68 81 68 569 68 397 68 569 68 569 68 430 68 241 68 241 68 241 68 517
261 86 68 124 68 5 68 189
283 68 430 68 430 199
430 199
370 68 607 158 68 81 68 19 85 68 19 85
607 158 68 550 501 68 189 68 64 211 108 68 189 68 64 211 108 68 64 211 108
370 68 5 68 550 501 68 19 85 68 19 85 68 19 85
43 158 68 577 68 397
503 158 68 607 158 68 503 158
430 85
276 85 68 158 108 68 189
85 359 389 85 359
261 86 68 158 108 68 607 158 68 397 68 397 68 397 68 397 68 397 68 397 68 397 68 397 68 397 68 397 68 397 68 397 68 397 68 43 158 68 43 158 68 43 158 68 397 68 397 68 397 68 397 68 397 68 397 68 397 68 397 68 43 158 68 397 68 397 68 397 68 397 68 397 68 397 68 397 68 607 158 68 569 68 397 68 397 68 397 68 397 68 397 68 397 68 607 158 68 397
569 68 189 68 5 189 68 397 68 5 189 68 397 68 397 68 397
607 158 68 81 68 397 68 397 68 397 68 397 68 397 68 397 68 397 68 397 68 397 68 397 68 241 68 241 68 241 68 241 68 241 68 43 158 68 241 68 397 68 43 158 118 68 397 68 397 68 397 68 43 158 68 397 68 397 68 43 158 68 43 158 68 397 68 211 68 397 68 397 68 211 108 68 607 158 68 397 68 569 68 397 68 397 68 607 158 118 68 397 68 607 158 68 607 158
607 158 68 359 68 569 68 85 359
64 211 108
64
569 68 158 108 68 430 68 430 68 430 199 108 68 430
85 299 118
527 68 607 158 68 81 68 189 68 430 68 189 68 430
370 68 5 68 550 501 68 397 68 397 68 397 68 397
607 158 68 527 68 607 158 68 397 68 397 68 189
593 163 68 617 68 189
64 211 68 550 158
607 158 68 81 68 569 68 517 68 517 68 640 68 640 68 640
415
261 86
43 158 68 19 68 19 85 68 19 85 68 397 68 569 68 397 68 19 85 68 43 158 68 19 85 68 43 158 68 19 85 68 19 85 68 43 158 68 43 158 68 43 158 68 43 158 68 397 68 43 158 68 43 158 68 43 158 68 43 158 68 43 158 68 569 68 19 85 68 569 68 569 68 19 85 68 19 85 68 19 85 68 19 85 68 19 85 68 19 85 68 19 85 68 43 158 68 43
617 149 68 550 158 118
607 158 68 527 68 607 158 68 607 158 68 397 68 189 68 397 68 607 158 68 5 189 68 189 68 241 68 241 68 189 68 189 68 241 68 43 158 68 43 158 68 43 158 68 189 68 189 68 189 68 43 158 68 43 158 68 241 68 43 158 68 43 158 68 607 158 68 43 158 68 43 158 68 189 68 189 68 607 158 68 189 68 607 158 68 607 158 68 607 158 68 607 158 68 607 158 68 607
607 158 68 550 501 68 607 158 68 607 158 68 189 68 189 68 397 68 607 158 68 607 158 68 189 68 241 68 607 158 68 189 68 241 68 43 158 68 189 68 607 158 68 189 68 189 68 397 68 397 68 397 68 43 158 68 397 68 397 68 43 158 68 607 158 68 607 68 43 158 68 607 158 68 189 68 607 158 68 607 158 68 607 158 68 607 158 68 607 158 68 607 158 68 607 158 68 607
64 211 108 68 607 158 68 158 68 64 211 108
85 550 158 118
651 123 68 189 68 189 68 241 68 241 68 397
283 68 607 158 68 81 68 569 68 397 68 569 68 569 68 397 68 397 68 43 158 68 189 68 517
189
430
527 68 607 158 68 189 68 158 108
607 158 68 85 359 68 158 108 68 397 68 569 68 397 68 397
607 158 68 527 68 5 189 68 189 68 241 68 189
85 550 501 68 550 501 85 359
283
261 86 68 158 108 68 607 158 68 397 68 569 68 397
527 68 607 158 68 527 68 430 68 430
276 85 68 158 108 68 569 68 569 68 85 359 68 189 68 430 108
607 158 68 81 68 607 158 68 607 158 68 607 158 68 607 158 68 607 158 68 607 158 68 607 158 68 607 158 68 607 158 68 607 158 68 607 158 68 607 158 68 607 158 68 607 158 68 607 158 68 607
283 68 607 158 68 81 68 189 68 64 211 108 68 430 68 430 68 241 68 241 68 241 68 241 68 241 68 241 68 241 68 241
607 158 68 81 68 189 68 517
5 189 68 85 359
85 359
617 149
189
283
607 158 68 81 68 189 68 189 68 5 68 397 68 397 68 397 68 43 158 68 5 68 517
617 68 617 149
261 86 68 5 189
370 68 5 68 81 68 189 68 241 68 241 68 241 68 241
85 359
607 158 68 527 68 607 158 68 397 68 241 68 241 68 241
607 158 68 19 85 68 189 68 5 189 68 189
438 359
607 158 68 81 68 607 158 68 5 68 397 68 397
607 158 68 19 85 359
607 158 68 81 68 189 68 430 149 68 397 68 189 68 430
538 158 108 68 5
283 68 607 158 68 397 68 5 189 68 240
397 68 397 68 397 68 397 68 397 68 397 68 397 68 397 68 397 68 397
503 189
5 68 5 68 640
447 158 118
64 211
607 158 68 550 501 68 607 158 68 64 211 108 68 430 68 430 68 64 211 108
607 158 68 81 68 189 68 430 68 241 68 241 68 430 68 430 108
607 158 68 81 68 189 68 189 68 189 68 189
43 158 68 241
245 449
261 86 149
283 68 158 108 68 569 68 569 68 569 68 569 68 569 68 19 85 359
607 158 68 550 501 68 85 68 64 211 108 68 64 211 108 68 64 211 108 68 64 211 108 68 85
503 158 108
607 158 68 81 68 189 68 189 68 189 68 189 68 189 68 241
569 68 19 85 68 397 68 569 68 397 68 569 68 397
607 158 68 283 68 397 68 397 68 397 68 397
370 68 5 68 170 108 68 5 189 68 397 68 397 68 397
607 158 68 577 68 569 68 397 68 397 68 397 68 397 68 397 68 397 68 43 158 68 397 68 569 68 43 158 108
607 158 68 81 68 64 211 108 68 64 211 108
406 158 543
283 68 158 359
283 68 5 68 81 68 189 68 64 211 108
261 86 68 158 108 68 607 158 68 607 158 68 189 68 153 189 68 64 211 108
607 158 68 550 158 68 397 68 397 68 397
607 158 68 81 68 430 68 430
550 155
569 68 397 68 189 68 569 68 397 68 397 68 397 68 397 68 397 68 397
240
85 347 501 85 359 68 85 359
607 158 68 81 68 81 68 189 68 64 211 68 640
607 158 68 81 68 158 68 158 108 68 43 158 68 85
527 68 607 158 68 81 68 189 68 189 68 189 68 189
569
607 158 68 527 68 607 158 68 430 68 430 68 430 68 430 68 430 68 430 299
19 85 68 607 158 68 5 68 5
569 68 85 68 607 158 68 569 68 397 68 569 68 569 68 397 68 43 158 68 241
607 158 68 81 68 189 68 189 68 189 68 189 68 189 68 397 68 189 68 5 189 68 189 68 517
607 158 68 81 68 189 68 189 68 5 189 68 569 68 640
5 189 68 359 68 85 359
569 68 19 85 359 68 569 68 430 68 397 68 397
347 501
85 359 389 85 359
607 158 68 5 68 189 68 189 68 189 68 189 68 189 68 241 68 607 158 108
283 551 68 19 85 359
5 189 68 569 68 569 68 569 68 517 68 569 68 569 68 397
43 158 68 527 68 607 158 68 430 68 430
607 158 68 81 68 189 68 397 68 397 68 397 68 397 68 397 68 397 68 241 68 241 68 241 68 241 68 241 68 241 68 241 68 241 68 241 68 241 68 241 68 241 68 43 158 118
593 163 68 85 68 339 68 607 158 68 339 68 397 68 397
607 158 68 550 501 68 607 158 68 397 68 397 68 189 68 397 68 241 68 241 68 241 68 241 68 241 68 241 68 241 68 241 68 241 68 43 158 68 241 68 241 68 241 68 241 68 241 68 241 68 241 68 241 68 241 68 241 68 241 68 43 158 118
261 86 68 370 68 5 68 370 68 397 68 397
406 158 118
261 86 68 370 68 5 68 5 68 397 68 397 68 397 68 397 68 397 68 5 189
607 158 68 527 359 68 5 68 85 359 68 569 68 241 68 430
64 211 108
370 68 5 68 81 68 397 68 5 68 397 68 397 68 397 68 397 68 397
64 211 108 68 550 501 68 19 85
607 479 68 5
550 155
283
370 68 5 68 81 68 607 158 68 5 68 189 68 189
283 68 607 158 68 19 85 68 607 158 68 189
607 68 5 68 397 68 397 68 397
569 68 517
607 158 68 550 158 68 64 211 108
240 359
85 389 85
211 68 550 155
347 501 68 136 479
43 158 68 397 68 397 68 397
261 86 68 370 68 5 68 5 68 397 68 397 68 397 68 397 68 397
406 158 108 68 5 189 68 430
370 68 5 68 550 501 68 607 158 68 397 68 397 68 397 68 397 68 5 189 68 397 68 397 68 241 68 397 68 189 68 189 68 241 68 241 68 241 68 5 189 68 189 68 189 68 397 68 397 68 397 68 397 68 397 68 397 68 397 68 397 68 397 68 5 68 241 68 241 68 397 68 397 68 189 68 607 158 68 607 158 68 607 158 68 607 158 118 68 607 158 68 607 479 68 607 158 68
607 158 68 5 68 607 158 68 5 68 397 68 5 189 68 397 68 5 189 68 5 68 241 68 241 68 241 68 241 68 241 68 241 68 5 68 5 68 241 68 5 189 68 5 189 68 241 68 241 68 241 68 241 68 241 68 241 68 241 68 607 158 68 607 158 68 241 68 240 211 68 607 158 68 189 68 607 158 68 607 158 68 607 158 68 607 158 68 607 158 68 607 158 68 607 158 68 607
607 158 68 81 68 189 68 430 68 430 149
64 211 108 68 607 158 68 607 158 68 81 68 189 68 189 68 189 68 189 68 189 68 189 68 189 68 517
607 158 68 81 68 189 68 189 68 640
85 276 85 68 158 108
389 85 359 68 617
550 339
607 158 68 19 85 68 607 158 68 569 68 85 68 430 68 430 68 64 211 108
617 149
211 68 5 189
503 189 108
19 85 68 85
283 68 158 108 68 569 68 569 68 397 68 569 68 397
607 158 68 85 347 501 68 85 359
430 199
162
569 68 85 359
569 68 85 359 68 569 68 85 359 68 569 68 569 68 569 68 430
503 158
283 68 158 108 68 607 158 68 569 68 85 359 68 640 68 640
283 68 5 68 607 158 68 5 189 68 5 189 68 569 68 397
370 68 5 68 81 68 189 68 517
527 68 5 68 124
240 211
607 158 68 81 68 189 68 189 68 430 68 189 68 430 68 430
261 86 68 124 68 158 108 68 5 189 68 331
617
569 68 517 68 517 68 189 68 85
64 211 108 68 640 68 189 68 517
617
397 68 397 68 397
607 158 68 397 68 397 68 397 68 397
607 158 68 81 68 81 68 189 68 64 211 108 68 5 189 68 64 211 108
283 68 607 158 68 397 68 397 68 397 68 397 68 397 68 397 68 397 68 241 359
283 68 158 108 68 569 68 569 68 85 359 68 569 68 569
261 86 68 124
261 86 68 245 449 68 19 85 68 339
569 68 85 359 68 64 211 108 68 153 189 68 85
51 86
607 158 68 550 501 68 607 158 68 397 68 397 68 397 68 64 211
158 108 68 81 68 430 85
261 86 68 124 68 607 158 68 81 68 64 211 108 68 430 68 64 211 108 68 5 68 640 68 517
5 189
261 86 68 245 449 68 189 68 189 68 397
527 68 607 158 68 550 501 68 397 68 397 68 397
607 479 68 397 68 397 68 397 68 397 68 397 68 397 68 397
5 108
397 68 19 85
430
370 68 5 68 81 68 189 68 5 189 68 85
503 189 68 339 68 569 68 85 359 68 569 68 569 68 397
370 68 5 68 5 68 189 68 189 68 397 68 397 68 397 68 397 68 5 68 5 68 241 68 241 68 241 68 241 68 189
370 68 5 68 81 68 430 68 430 299 68 640 68 430
611 149
85 347 158 118
503 158 108
651 123 85 68 430
607 158 68 5 68 607 158 68 5 189 68 189
283 68 607 158 68 19 85 68 19 85 68 19 85 359
261 86 68 124 68 607 158 68 550 501
438 359
64 211 108
607 158 68 81 68 158 68 158 108 68 5 68 64 211 68 64 211 108
370 68 5 68 81 68 189 68 189 68 5 189
406 155 108
261 86 68 550 501 68 189 68 64 211 108 68 64 211 108 68 64 211 108
617 149 68 550 501 68 550 158 108
527 68 607 158 68 569 68 397 68 397 68 569 68 397 68 397 68 397
64 211 108 68 569 68 19 85 68 85 68 19 85 68 19 85 68 19 85 359
607 158 68 550 501 68 607 158 68 397 68 397 68 189 68 607 158 68 607 158 68 607 158 68 240
607 158 68 550 501 68 550 501 68 211 68 211
261 86 68 158 108 68 19 85 68 64 211 108 68 85 68 64 211 108
339 551 68 397
261 86 68 124
607 158 68 81 68 189 68 241 68 640
607 158 68 158 68 158 108 68 339 68 339
607 158 68 550 501 68 241 68 241
43 158 68 550 501
261 86
617 149 68 550 501
430 68 430 199
64 211
43 158 118
607 158 68 550 501 68 607 158 68 64 211 108 68 397 68 397
607 158 68 158 68 339 68 339
607 158 68 81 68 607 158 68 5 68 397 68 397 68 397 68 241 68 241
370 68 5 68 124 68 5 189 68 397 68 5 189
276 85
607 158 68 397 68 397 68 397 68 397 68 397 68 397 68 397 68 397
19 85
85 359 68 607 158 68 550 158 68 550 158
607 158 68 550 501 68 397 68 397 68 397
569 68 85 359 68 397 68 397 68 397 68 397 68 397 68 397 68 43 158 68 43 158 108
503 158 108
85 359 389 85 359 68 85 359
607 158 68 81 68 189 68 189 68 64 211 108
261 86 85
64 211 108
370 68 5 68 81 68 189 68 189 68 5 189
617
149 389 339 68 550 86
43 158 359
397 359
261 86 68 124
5 189 68 550 86
261 86 68 370 68 5 68 569 68 569 68 569 68 569 68 19 85
283 68 607 158 68 5 68 5 189 68 5 189 68 640
607 158 68 339
389 501 68 64 211 108
405
617
339 68 607 158 68 517 68 158 108
607 158 68 577 68 430 85 359
607 158 68 5 189 68 405 108 68 5 189 68 640
85 211 108
607 158 68 81 68 189 68 189 68 189 68 640
503 158 108
283 68 5 68 81 68 189 68 640
339 68 607 158 68 569 68 158 68 339 68 397 68 397 68 397
85 550 158 108
211 211
64 211 108 68 397 68 397 68 5
339 68 607 158 68 64 211 108
607 158 68 81 68 189 68 189 68 5 189 68 189 68 189 68 331
503 189 68 5 189 68 5
283 68 607 68 607 68 397 68 397 68 397
569 68 527 68 5 68 430 68 430 68 430 68 430 68 430 68 430 68 241 68 241 68 241 68 430 108
607 158 68 5 68 397 68 5 189 68 241 68 397 68 397
261 86 68 124 68 124 68 5 68 397 68 397
370 68 5 68 81 68 607 158 68 397 68 397
607 158 68 81 68 189 68 64 211 108
397 68 527 359 68 397 68 397 68 397 68 397 68 397 68 397 68 397
240 359
64 211 108
550 339
503 189
64 211 68 607 158 68 5 68 397 68 397 68 397 68 397 68 397 68 5 68 5 68 189 68 397 68 517
370 68 5 68 370 68 370 68 5 68 397 68 397 68 397 68 149
503 189
607 158 68 527 68 607 158 68 607 158 68 569 68 569 68 397 68 397 68 607 158 68 397 68 569 68 569 68 607 158 68 607 158 68 43 158 68 43 158 68 43 158 68 569 68 189 68 607 158 68 43 158 68 43 158 68 569 68 43 158 68 607 158 68 607 158 68 569 68 569 68 569 68 569 68 607 158 68 607 158 68 569 68 569 68 607 158 68 607 158 68 607 158 68 607 158 68 607
527 68 607 158 68 527 68 5 68 430 68 189 68 430 68 430 68 43 158 68 241 68 241 68 241 68 241 68 241 68 241 68 241 68 64 211 108
430 85 359
607 158 68 550 501 68 607 158 68 550 501 68 607 158 68 607 158 68 607 158 68 607 158 68 607 158 68 607 158 68 607 158 68 607 158 68 607 158 68 607 158 68 607 158 68 607 158 68 607 68 607 68 607 68 607 68 607 158 68 550 501 68 607 158 68 607 68 607 68 607 158 68 550 501 68 607 158 68 607 158 68 607 158 68 607 158 68 607 158 68 607 158 68 607 158 68 607 158
607 158 68 607 158 68 85 68 607 158 68 189 68 5 189 68 85
283 68 158 108 68 569 68 569 68 569 68 569 68 569 68 19 85 359
339 68 550 339
283
607 158 68 81 68 81 68 189 68 430 68 19 85 68 430 68 430
527 68 607 158 68 189 68 430
283 68 607 158 68 245 449
85 359
261 86 68 158 108 68 607 158 68 397 68 569 68 397
607 158 68 81 68 81 68 189 68 64 211
607 158 68 170 108 68 5 189 68 85 359
607 158 68 81 68 81 68 189 68 189 68 189 68 189
347 85 359
430 199
593 163 68 85 68 19 85 68 85 359 68 569 68 430
283 68 370 68 5 68 5 189
189 643
607 158 68 81 68 189 68 189 68 5 189 68 189 68 241 68 241 68 241
370 68 5 68 81 68 569 68 569 68 19 85 68 397 68 397 68 397 68 397 68 397 68 517
241 211
43 158 68 85 359
503 189 68 189 68 19 85 68 19 85 68 19 85 68 19 85
527 68 5 68 85 359 68 85 359 68 85 359
607 158 68 81 68 189 68 189 68 81 68 189 68 189 68 430 68 189 68 5 189 68 189 68 517
651 123 68 430
607 158 68 81
607 158 68 550 501 68 607 158 68 339
430
261 86 85
430 149
430 299
607 158 68 550 501 68 64 211 108
607 158 68 550 501 68 607 158 68 397 68 397 68 189 68 397 68 64 211 108
607 158 68 550 501 68 189 68 189 68 189 68 189 68 241 68 241 68 241 68 241 68 241 68 241 68 241 68 241 68 241 68 241 68 241 68 241 68 241 68 241 68 189 68 189 68 189 68 241 68 241 68 241 68 241 68 241 68 241 68 241 68 607 158 118 68 241 68 241 68 241 68 189 68 189 68 607 158 108 68 607 158 68 607 158 108 68 607 158 118 68 607 158 68 607 158 68 607
19 85
607 158 68 550 501 68 19 85 68 607 158 68 19 85 68 19 85 68 607 158 68 607 158 68 85 359 68 607 158 108
261 86 68 124 68 5 68 5 68 397 68 397 68 397
527 68 607 158 68 527 359 68 430
288 68 397 68 81 68 189 68 397 68 189 68 189 68 397 68 397
430 299
43 158 108
43 158
607 158 68 607 158 68 339 68 339 68 339
85 359
607 158 68 5 68 189 68 189 68 5 189 68 189 68 189 68 211 108
607 479 68 81 68 189 68 189 68 189 68 189 68 189 68 189 68 331 149
370 68 5 68 81 68 397 68 397 68 397 68 397 68 397 68 397 68 5 68 5 68 241 68 241 68 241 68 241 68 241 68 241 68 43 158 68 43 158 68 43 158 108
19 85 359 68 85 359
607 158 68 5 68 397 68 5 189 68 397 68 189 68 241 68 241 68 241 68 241 359
261 86 68 124 68 607 158 68 5 68 397 68 397 68 397 68 241
607 158 68 550 501 68 397 68 397 68 397 68 397 68 397 68 397
43 158 68 569 68 85 359
607 158 68 81 68 189 68 189 68 241 68 241
370 68 5 68 81 68 189 68 189 68 189 68 189 68 430
283 68 5 68 189 68 189 68 5 189 68 640
569 68 19 85 68 569 68 397 68 5 189 68 569 68 397
607 158 68 189 68 189 68 5 189
370 68 5 68 397 68 397 68 397 68 397
607 158 68 5 68 5 68 189 68 397 68 189 68 397
617
283 68 607 158 68 569 68 397 68 397 68 569 68 569 68 397
64 389 487 359 68 550 487 359
261 86 68 550 501 68 64 211 108
607 158 68 81 68 607 158 68 5 68 189 68 189 68 189 68 607 158 68 5 189 68 607 158 68 517
607 155 68 85 359
527 68 607 158 68 569 68 397 68 397 68 397 68 397 68 397 68 397
283 68 607 158 68 81 68 189 68 241
430
430 299
503 189 68 189 68 189
607 158 68 81 68 189 68 241 68 241 68 397 68 5 189 68 241 68 241 68 241 68 241 68 241 68 241 68 241 68 241 68 241 68 85 359
261 86
189 68 517 68 517
569 68 158 108 68 569 68 569 68 569 68 569 68 569 68 397 68 569 68 241 359
370 68 5 68 81 68 430 149 68 397 68 397 68 617 149
607 158 68 19 85 359 68 189 68 189 68 189
607 158 68 81 68 397 68 5 68 397 68 397 68 397
607 158 68 81 68 189 68 189 68 189
253 359
607 155
607 158 68 550 501 68 607 158 68 550 501 68 189
283 68 607 158 68 288 68 430 359 68 397 68 397
397 68 136 479
607 158 68 550 501 68 430 149
651 123 68 430 68 430
607 158 68 283 68 397 68 397 68 397
569 68 85 68 607 158 68 397 68 397 68 397 68 397 68 397 68 241 68 241
19 85 359
64 211
607 158 68 81 68 607 158 68 5 68 64 211 108 68 430 68 607 158 68 5 68 5 68 5 68 430 68 607 158 68 607 158 68 5 68 64 211 108 68 5 68 607 158 68 607 158 68 607 158 68 607 158 68 607 158 68 607 158 68 607 158 68 607 158 68 607 158 68 607 158 68 607 158 68 607 158 68 607 158 68 607 158 68 607 158 68 607 158 68 607 158 68 607 158 68 607 158 68
607 158 68 527 68 607 158 68 5 68 189 68 189 68 189 68 430
607 158 68 81 68 81 68 189 68 64 211 108 68 189 68 64 211 108 68 241 68 241 68 241 68 517
19 85 68 85 359
241
607 158 68 550 501 68 607 158 68 607 158 68 189 68 211 68 211 68 64 211 108
64 211 108 68 64 211 108
261 86 68 245 449 68 5 68 5 68 640 68 569 68 640 68 640
85 5
607 158 68 85 359 68 158 108 68 85 359
5
607 479 68 5 189
261 86 68 245 449 68 5 68 149 68 19 85
607 158 68 64 211 108 68 64 211 108
406 158 108
397 68 85 359 68 85 359
527 68 607 158 68 397 68 397 68 397 68 397 68 397 68 397
43 158 68 397
607 158 68 550 501 68 189 68 430
283 68 607 158 68 81 68 189 68 550 501 68 397 68 397 68 550 501
211 68 397 68 397
607 158 68 81 68 189 68 189 68 85 359 68 189 68 189 68 397 68 189 68 5 189 68 85 359
503 189 68 503 158
85 359 389 85 359
527 68 5 68 241 68 241
593 163 68 19 85 68 397 68 397 68 397 68 569 68 397 68 397
189
85 359 68 5
370 68 607 158 68 397 68 397 68 640
85 550 158 68 430
430 199 359
261 86 68 245 449 68 5 68 5 68 397 68 397
607 158 68 607 158 68 607 158 68 607 158 68 607 158 68 607 158 68 607 158 68 607 158
359
503 189
430 85 359
550 501
569 68 158 108 68 607 158 68 5 68 397 68 5 68 397 68 397 68 5 68 5 68 189 68 189 68 43 158 68 189 68 189 68 43 158 68 43 158 68 43 158 68 43 158 68 189 68 189 68 397 68 43 158 68 43 158 68 43 158 68 43 158 68 607 158 68 43 158 68 43 158 68 569 68 569 68 569 68 607 158 68 569 68 607 158 68 607 158 68 607 158 68 607 158 68 43 158 68
261 86 68 124
283 68 158 108 68 19 85 68 19 85 359
19 85
370 68 5 68 81 68 5 189 68 241 68 241
253
85 347 158 108 68 85 68 85
607 158 68 527 68 607 158 68 430 68 430 68 430
607 158 68 550 501 68 397 68 397 68 397 68 397 68 397 68 550 501
527 68 607 158 68 527 68 607 158 68 397 68 430 68 430 68 430 68 397 68 241 68 430 68 430 68 430 68 430 68 241 68 241 68 43 158 68 43 158 68 43 158 118 68 43 158 118 68 397 68 43 158 68 43 158 68 43 158 68 43 158 68 43 158 68 43 158 68 43 158 68 43 158 68 189 68 85 68 19 85 68 569 68 397 68 43 158 118 68 397 68 397 68 43 158 68 607 158
85 123 108 68 5 108
283 68 607 158 68 81 68 189 68 5 189 68 569 68 640
430 149 68 430 149
550 155
43 158 68 64 211
339 551 68 397 68 397
397 68 527 68 81 68 189 68 517
607 158 68 158 68 158
261 86 68 124 68 5 68 241 68 85 359 68 640 68 241 68 241 68 241
538 158
607 158 68 550 501 68 211 222
211 108 68 569 68 85 359
503 158 108
211 108 68 189 68 189 68 5 189 68 85
261 86 68 124
5 68 550 158 68 550 158
538 430
607 158 68 81 68 607 158 68 5
85 347 158 85 359
261 86 68 124 68 607 158 68 5 68 397 68 397 68 397 68 397 68 397
339 551 68 5
430 85
607 158 68 527 68 607 158 68 397 68 397 68 397
64 211 108
569 68 85 359 68 569 68 85 359 68 569 68 19 85 359
607 68 5 68 397 68 397 68 397 68 397 68 397 68 397
370 68 550 501 68 607 158 68 397 68 5 68 5 68 397 68 64 211
607 158 189
124
527 68 607 158 68 430 68 430 359 68 430 359
607 158 68 527 68 607 158 68 397 68 397 68 397
527 68 607 158 68 569 68 569 68 640 68 640 68 241 359
527 68 607 158 68 397 68 189 68 359
370 68 5 68 189 68 189 68 397 68 189
261 86 68 124
85 359 68 5
370 68 5 68 81 68 397 68 5 68 331 149
283 68 607 158 68 550 501 68 189 68 64 211 108 68 189 68 64 211 108
276 85 68 607 158 68 5
607 158 68 569 68 397 68 569 68 397 68 397
397 68 430 199 68 430
593 163 68 617 68 617 149
406 487
607 158 68 136 479 68 158 108
550 501 68 517
339 551
321 240
261 86 108
607 158 68 81 68 189 68 397 68 397 68 241 68 397 68 397 68 241 68 241 68 241 68 241
607 158 68 339
5 189
261 86 149
276 85 68 158 108 68 5 189
283 68 607 158 68 5 68 5 68 397
283 68 607 158 68 288 68 397 68 397 68 569
283 551 68 569 68 85 359 68 85 359
607 158 68 81 68 607 158 68 64 211 108 68 64 211 108
347 158 359 68 397 68 397
607 158 68 19 85 68 430 199
593 163 68 85 68 189 68 189 68 64 211 108
85 247 199
64 211
607 158 68 577 68 189 68 64 211 108 68 64 211 108
85 365 430 199 108 68 430
550 501 85 68 550 501
569 68 158 108 68 5 189 68 569 68 85 359
211 68 550 501 68 607 68 550 501 68 189 68 189 68 397 68 211 108
593 163 68 85 359 68 189
370 68 5 68 81 68 397 68 397 68 397 68 397 68 397
607 68 5 68 189 68 189 68 430
261 86 68 124 68 124
261 86 68 245 449
5 189 68 64 211 108
64
370 68 5 68 550 501 68 397 68 397 68 397 68 397 68 397 68 397 68 397 68 397 68 397 68 397 68 397 68 397 68 189 68 397 68 43 158 68 5 68 397 68 397 68 397 68 397 68 397 68 397 68 397 68 397 68 397 68 397 68 397 68 397 68 5 68 397 68 397 68 397 68 397 68 189 68 607 158 68 607 158 68 607 158 68 607 158 68 607 339 68 397 68 607 158 68 370 68
261 86 68 124
283 68 607 158 68 607 158 68 397 68 397 68 397 68 397 68 397
283 68 158 108 68 569 68 85 359
261 86 68 124 68 607 158 68 607 158 68 607 158 68 5 68 550 501
607 158 68 569 68 569 68 397 68 397
607 158 68 550 501 68 607 158 68 64 211 108 68 241 68 241 68 241 68 241 68 241 68 241 68 241 68 241 68 241 68 241 68 241 68 64 211 108
607 158 68 527 68 607 158 68 617
389 155
569 68 81 68 189 68 189 68 64 211 108 68 640
430 199
85 359
85 389 158 108 68 569 68 430
64 211 108
64 211 108 68 64 211 108
607 158 68 517 68 397
85 389 85 359
64 211
607 158 68 397 68 569 68 397 68 241 359
85 643 85
607 158 68 550 501 68 607 158 68 339 68 339 68 339
527 68 607 158 68 81 68 430 199 68 430
397 68 397 68 397
370 68 5 68 189 68 189 68 241 68 241 68 430 299
261 86
261 86 68 370 68 5 68 370 68 397 68 397 68 397 68 397 68 397 68 397 68 397 68 397
261 86 68 124
370 68 5 68 81 68 189 68 189 68 5 189
43 158 68 569 68 85 359 68 397 68 569 68 569 68 397 68 397
64 211 108 68 550 501 68 64 211 108 68 64 211 108
370 68 5 68 81 68 189 68 189 68 189 68 189
607 158 68 550 158 68 158 108 68 607 158 68 64 211 108
503 189 359
527 68 607 158 68 189 68 241 68 241 68 430
569 68 550 501 68 189 68 189 68 211 108 68 189 68 189 68 211 108 68 189 68 241 68 240
261 86
85 550 158 108
276 85 68 158 108 68 189 68 189 68 189 68 189 68 189 68 211 108
64 211 108 68 607 158 68 158 68 19 85
85 611 149
607 158 68 158 108
607 68 5 68 517
550 501 68 607 158 68 81 68 189 68 331 149
406 155 108
261 86 68 370 68 5 68 5 68 370 68 5 68 5
283 68 5 189 68 85 359
607 158 68 158 68 158
170 108
64 211 108 68 397 68 241 68 241 68 241 68 430 68 430 68 430
640
347 501 68 136 479
607 68 5 68 397 68 5 68 397 68 397 68 397 68 397
370 68 5 68 81 68 189 68 241 68 241 68 241 68 241
607 68 5 68 81 68 189 68 569 68 397 68 569 68 397 68 397 68 241 68 241 68 517
503 189
19 85 68 19 85 68 85 359 68 85 359
261 86
569 68 85 359 68 189 68 5 189 68 189 68 189
527 68 607 158 68 550 501 68 397 68 397 68 189 68 397 68 397 68 241 68 241 68 241 68 241 68 241 68 241 68 241 68 241 68 241 68 241 68 241 68 241 68 189 68 189 68 189 68 241 68 241 68 241 68 241 68 241 68 241 68 241 68 607 158 118 68 241 68 241 68 241 68 241 68 189 68 607 158 108 68 607 158 118 68 607 158 118 68 607 158 118 68 607 158 68 607 158 118
283
607 158 68 81 68 158 108 68 5 189 68 430
261 86
527 68 607 158 68 81 68 189 68 189 68 189 68 189 68 617
261 86 68 245 449 68 5 68 5 68 64 211 108 68 617 149
607 158 68 81 68 189 68 189 68 241 68 241 68 241 68 241
607 158 68 550 501 68 397 68 397 68 397 68 397 68 397 68 397
85 359 68 158 108
283
607 158 68 81 68 189 68 189 68 189 68 189 68 189 68 241 68 241 68 241
339 551
607 158 68 527 68 241 68 241 68 241 68 241 68 430 68 430
283 68 158 108 68 569 68 569 68 85 359
607 158 68 527 68 607 158 68 397 68 569 68 569 68 397 68 397 68 241 68 241 68 85
370 68 5 68 607 158 68 5 68 397 68 640 68 397 68 397 68 5 68 5
607 158 68 19 85 359 68 430 359
370 68 5 68 81 68 189 68 189 68 189
438 359
607 158 68 550 501 68 607 158 68 550 501 68 189 68 189 68 64 211 108
607 158 68 81 68 189 68 241 68 241 68 241 68 241 68 241 68 241 68 5 189 68 241 68 241 68 241 68 241 68 241 68 241 68 241 68 241 68 241 68 241 68 241 68 241 359
64 211 108
370 68 5 68 81 68 430 149 68 430 149 68 430 149
607 158 68 85 359 68 158 108
607 479 68 81 68 189 68 5 189 68 189 68 189 68 5 189
607 158 68 19 85 68 19 85
43 158 68 527 68 607 158 68 430 68 430
64 211 108
527 68 607 158 68 81 68 189 68 517 68 517
503 189
5 68 397 68 397 68 5 189 68 517
261 86 68 158 108 68 607 158 68 64 211 108 68 64 211 108 68 64 211 108 68 64 211 108
276 85 68 158 108 68 189
339 551 68 550 158 108 68 397 68 397
261 86 68 245 449 68 245 449 68 158 108
607 158 68 607 158 68 607 158 68 607 158 68 607 158 68 607 158 68 607 158 68 607 158 68 158 68 607 158 68 607 158 68 607 158 68 607 158 68 607 158 68 607 158 68 607 158 68 607 158 68 43 158 68 43 158 68 607 158 68 607 158 68 607 158 68 607 158 68 43 158 68 607 158 68 607 158 68 607 158 68 607 158 68 607 158 68 607 158 68 607 158 68 607 158 68 607 158 68
64 211 108 68 19 85 68 339 68 19 85 359 68 85 359
569 68 19 85 68 19 85 68 397 68 5 189
607 158 68 81 68 81 68 189 68 64 211 68 640
64 211 108 68 550 501
527 68 5 189 68 430 199
261 86 68 370 68 5 68 397 68 397 68 397 68 397
607 68 5 68 397 68 189 68 397 68 397
538 86
283 68 607 158 68 569 68 85 68 569 68 569 68 85 359 68 19 85
607 68 5 68 397 68 569 68 397 68 397 68 397 68 397
370 68 5 68 81 68 397 68 397 68 397 68 397 68 397 68 397 68 397
406 158 108 68 81 68 430 85 359
607 158 68 81 68 189 68 5 68 64 211 108 68 5 68 64 211 108 68 5 68 5 68 240
85 389 339 68 19 85
569 68 527 68 607 158 68 430 68 430 68 430 68 430
607 158 68 70 158
607 68 550 501 68 331 149
261 86 68 158 108 68 569 68 397
283
527 68 5 68 81 68 189 68 189 68 640
365 430
430 85
253 359
607 158 68 550 501 68 64 211 108 68 64 211 108 68 64 211 108 68 64 211 108
283
607 158 68 19 85 68 569 68 397 68 569 68 569 68 397 68 397
607 158 68 85 359
607 479 68 81 68 189 68 5 189
569 68 85 68 569 68 569 68 85 68 397 68 569 68 397 68 397 68 43 158 108
283 68 607 158 68 370 68 5 68 397 68 397 68 397 68 397 68 397 68 397 68 397 68 397 68 397 68 397 68 397 68 241 359
321 240 211
607 158 68 550 501 68 189 68 158 108 68 189 68 189
276 85 68 64 211
607 158 68 81 68 189 68 189 68 5 189 68 189 68 5 189 68 640 68 5 189
211 108 68 550 501 68 211
283 68 370 68 5 68 5 68 5 68 5 68 397 68 397
136 479
569 68 527 68 189 68 5 189 68 397 68 397 68 397 68 397 68 241 68 241 68 241 68 85
607 158 68 550 501 68 189 68 189 68 64 211 108 68 189 68 211 108 68 64 211 108
607 158 68 81 68 189 68 189 68 158 108 68 189 68 189
607 158 68 550 501 68 85 68 64 211 108 68 64 211 108 68 64 211 108 68 64 211 108 68 85
241 359
370 68 5 68 81 68 189 68 397 68 5 68 569 68 397 68 397 68 5 189
283 68 370 68 5 68 5 68 397 68 397 68 569 68 397
503 189 68 607 158 68 569 68 397 68 397 68 397
241 359
607 158 68 81 68 569 68 85 359 68 85 359 68 569 68 85 359
607 158 68 81 68 189 68 189 68 397 68 397 68 397 68 397 68 397 68 5 189 68 241 68 241 68 241 68 241 68 241 68 241 68 241 68 241 68 241 68 241 68 241 68 189 68 397 68 397 68 241 68 241 68 241 68 241 68 397 68 397 68 397 68 241 68 241 68 397 68 397 68 397 68 189 68 607 158 68 607 158 68 607 158 68 607 158 68 607 158 68 397 68 607 158 68 607 158
330 299 68 158 108
607 158 68 81 68 189 68 430 68 430 68 430 68 430 199
607 158 68 81 68 189 68 241 68 241 68 241 68 241
607 158 68 81 68 5 189 68 5 189 68 189 68 189 68 241 68 241 68 5 189 68 241 68 241 68 517
607 158 68 527 68 569 68 430 108 68 19 85 68 430 68 430
261 86 85
607 68 5 68 189 68 189 68 5 68 189 68 189 68 397
607 479 68 397 68 569 68 430 68 517 68 19 85 68 430 68 430
283 68 5 68 81 68 189 68 430 108 68 640 68 640
85 359
430 68 430 199 108 68 430 199 108
569 68 430 199 108 68 430 68 430 199
339 68 607 158 68 569 68 158 68 339 68 397 68 397 68 397
276 85 68 158 108 68 189
339 68 607 158 68 503 158 68 158 68 64 211 108
261 86 68 158 108
43 158 68 19 85 359 68 5 189 68 85 359
430 199 68 430 85 359
370 68 5 68 81 68 397 68 397 68 397 68 397 68 397 68 397
617 149
347 501 85 359
550 155
607 158 68 81 68 189 68 189 68 64 211 108 68 640
607 158 68 550 501 68 43 158
569 68 81 68 189 68 189 68 430 68 189 68 189
261 86 68 124
283 68 158 118 68 397 68 397 68 397
430 299 118
283 68 158 118
503 189 68 85 359 68 211 108
370 68 5 68 81 68 569 68 397 68 397 68 569 68 397 68 397
617
189 643 359 68 189
607 158 68 81 68 189 68 430 68 430 68 430 68 430 68 430 68 430 68 5 189 68 241 68 241 68 430 108
283 68 607 158 68 19 85 68 607 158 68 19 85
607 68 5 68 397 68 5
593 163
283 68 607 158 68 189 68 189 68 446 68 446 68 5 189 68 446
241 359
64 211 68 550 501 68 189 68 430 68 189 68 189 68 430
64 211 108 68 397 68 397 68 397 68 397 68 397
43 158 68 397 68 397 68 397 68 397
85 389 158 108
607 158 68 607 158 68 607 158 68 158 68 405 68 405 68 158 68 158 68 158 68 158 68 240
607 158 68 550 158 68 517
283 68 158 108 68 607 158 68 607 158 68 607 158 68 607 158 68 158 68 158 68 158 68 158 68 158 68 158 68 607 158 68 158 68 158 68 607 158 68 607 158 108
430 199 68 405 108
607 158 68 5 68 189 68 189 68 397 68 189 68 397 68 397
211
283 68 158 108 68 569 68 430 68 430 68 430 68 430 199 68 430 68 430 199
607 158 68 550 501 68 607 158 68 397 68 397 68 397 68 397 68 550 501 85 359
261 86 68 124
64 211 108 68 158 108 68 430
339 551 68 158 108
64 211 68 430 68 430 68 430 68 430 199 68 430 199
527 68 5 68 430 68 430 199
64 211 108 68 569 68 569 68 85 359 68 569 68 397 68 397 68 397 68 397 68 85 359
158 108 68 569 68 85 359 68 85 359 68 569 68 569 68 19 85
19 85 68 19 85 68 19 85 359
370 68 5 68 81 68 189 68 189 68 189 68 189 68 189 68 241 68 241
569
5 68 19 85 68 19 85 68 19 85 68 19 85 68 19 85
43 158 68 81 68 189
607 158 68 81 68 189 68 5 189
406 158
158 158 158
607 158 68 577 68 397 68 569 68 85 359 68 569 68 397
430
170 299
607 158 68 550 501 68 607 158 68 607 158 68 339 68 607 158 68 607 158 68 607 158 68 607 158 68 607 158 68 607 158 68 607 158 68 607 158 68 607 158 68 607 158 68 607 158 68 607 158 68 607 158 68 607 158 68 607 158 68 607 158 68 607 158 68 607 158 68 607 158 68 607 158 68 607 158 68 607 158 68 607 158 68 607 158 68 607 158 68 607 158 68 607 158 68 607 158 68
43 158 68 517 551 68 5 189 68 85 359
430 85
64 211 108
211 108 68 550 501 68 211 85
283 68 607 158 68 569 68 569 68 85 359
527 68 5 68 85
261 86 68 124 68 607 158 68 5
607 158 68 283 68 397 68 397 68 397 68 397 68 397 68 397 68 397 68 43 158 68 397
607 158 68 550 501 68 397 68 43 158 68 43 158 68 430 68 43 158 68 43 158 68 85
607 158 68 81 68 189 68 5 189 68 64 211
370 68 607 158 68 607 158 68 397 68 397 68 397 68 397 68 397 68 397
359
607 158 68 19 85 68 19 85
430 85 359
85 359
430 199 108
5 68 607 158 68 81 68 5 68 5 68 640 68 5 68 640
569 68 517 68 170 108 68 569 68 397 68 569 68 397
283 68 607 158 68 81 68 5 189 68 189 68 189 68 5 189
527 68 607 158 68 81 68 189
85 5 68 85 359 68 430 359
283 68 607 158 68 81 68 189 68 430 359
527 68 5 189 68 390 68 85 359
479
607 158 68 81 68 189 68 189 68 397 68 397 68 397 68 397
283 68 607 158 68 397 68 569 68 640 68 640 68 640
43 158 68 19 85 359
370 68 5 68 81 68 189 68 189 68 189 68 189 68 397 68 397 68 397 68 5 189 68 189 68 241 68 241 68 189 68 189 68 241 68 43 158 68 241 68 189 68 189 68 189 68 189 68 397 68 397 68 43 158 68 241 68 241 68 43 158 68 43 158 68 241 68 43 158 68 43 158 68 189 68 189 68 189 68 189 68 569 68 397 68 43 158 118 68 397 68 397 68 43 158 68 607 158
607 158 68 550 501 68 607 158 68 5 189 68 5 189 68 5 189 68 5 189
85 5 68 85 359 68 430 68 430
405
339 551 68 136 479
211
607 158 68 503 158 68 339 68 607 158 68 397
607 158 68 81 68 189 68 158 108 68 640
607 158 68 81 68 607 158 68 5 68 339 68 607 158 68 5
538 85
607 158 68 430 359 68 430 359
261 86
607 158 68 81 68 607 158 68 81 68 430 68 430 68 430 68 430
607 158 189
550 158 68 550 158
651 123
430
479
607 158 68 527 68 607 158 68 430 68 430 68 430 68 430 68 430 68 43 158 68 241 68 430
64 211 68 607 158 68 81 68 189 68 397 68 189 68 241
283 68 158 108 68 569 68 85 359 68 19 85 359
430 85
261 86 68 124
397 68 550 501
261 86 68 124 68 189 68 5 68 81 68 189
397 68 397 68 397 68 149
607 158 68 81 68 189 68 189 68 211 108 68 189 68 189 68 211 108 68 5 189 68 189 68 189 68 517
607 158 68 158 68 158 108 68 5 189 68 153 189
5 189 68 517
283 68 158 108 68 569 68 189 68 397 68 189 68 189
607 158 68 81 68 149
189 68 19 85 68 5
607 158 68 19 85 359
503 189
5 189 108
389 501 68 64 211 108
64
607 158 68 370 68 370
607 158 68 550 501 68 607 158 68 397 68 397 68 397 68 397 68 607 158 68 607 158 68 397 68 397 68 397 68 607 158 68 607 158 68 43 158 68 607 158 68 607 158 68 607 158 68 607 158 68 397 68 43 158 68 397 68 397 68 607 158 68 607 158 68 607 158 68 240 211 68 607 158 68 607 158 68 607 158 68 607 158 68 607 158 68 607 158 68 607 158 68 607 479 68 607 479 68
503 158 108
370 68 5 68 550 501 68 189 68 85 359 68 19 85
397 68 397 68 397 68 397
283 68 607 158 68 5 68 397 68 397 68 397
365 359
339 551
607 158 68 81 68 430 68 430 68 446 68 430 68 430
261 86 68 370 68 5 68 370 68 5 68 397 68 397 68 397
85 550 158 108
607 158 68 81 68 189 68 189 68 189 68 189
5 189 68 241 359
607 158 68 81 68 64 211 108
607 68 550 501 68 550 501
5 68 81 68 64 211
607 158 68 81 68 5 68 5 189 68 85 68 64 211 108
64 211 108 68 64 211 108
607 158 68 81 68 189 68 189 68 81 68 189 68 189
397 68 397
261 86 68 124
283 68 607 158 68 81 68 189 68 85 359
64 211
261 86 68 158 108 68 43 158 68 43 158 68 43 158 68 43 158
5 189
569 68 85 359 68 397 68 397 68 397 68 397
5 189
261 86 68 124 68 607 158 68 397 68 397 68 569 68 397 68 397 68 397 68 397 68 85 359
607 158 68 81 68 189 68 189 68 5 189 68 189
527 68 5 68 81 68 189 68 189 68 640 68 189
389 359
607 158 68 550 501 68 397 68 569 68 397 68 569 68 397 68 397
261 86 68 124 68 607 158 68 5 68 397 68 397 68 397 68 397 68 5 68 5 68 517
283 68 158 108 68 569 68 569 68 19 85
607 158 68 5 68 158 108 68 5 189 68 64 211
501 68 607 158 68 569 68 569 68 397 68 569 68 569 68 397 68 19 85 359
283 68 370 68 5 68 5 68 397 68 640
261 86 68 19 85 68 19 85 68 19 85 68 19 85
607 158 68 124 68 189 68 241 68 241 68 241
538 430 68 85 359
5 189 68 397
288 68 19 85 68 85
607 158 68 503 158 68 430 68 430 68 430 108
261 86
607 158 68 81 68 189 68 189 68 189
503 189 68 85 359
283 68 607 158 68 19 85 68 339
503 158
64 211 108
607 158 68 370 68 5 68 5 68 397 68 397 68 397 68 397
397 68 397 68 397
261 86 68 245 449 68 5 189 68 189
85 5 68 19 85 359
64 211 108
607 158 68 550 501 68 397 68 241 68 241 68 189 68 241 68 241 68 241
607 158 68 81 68 5 68 5 68 64 211 108
607 158 68 5 68 189 68 189 68 5 189 68 189 68 241 68 241 68 241 68 241 68 241 68 241 68 241 68 241 68 241 68 241 68 241 68 241 68 241 68 241 68 241 68 189 68 241 68 241 68 241 68 241 68 241 68 241 68 241 68 241 68 241 68 241 68 241 68 241 68 241 68 241 68 189 68 189 68 607 158 108 68 517 85 359 68 607 158 118 68 607 158 118 68 607 158 118 68
64 211 108 68 430
241 359
607 158 68 189
261 86 68 607 158 68 5 68 5 189 68 189 68 189
550 501 68 430 299
261 86 68 550 501
503 189 68 158 108 68 189 68 189 68 153 189
607 158 68 81 68 189 68 397 68 397
276 85 68 607 158 68 5 68 5 68 64 211 68 5 68 64 211 108 68 5 68 5 68 240
503 189 68 607 68 81 68 189 68 241 68 189 68 241 68 241 68 241 68 241
607 158 68 550 501 68 607 158 68 397 68 397 68 189 68 241 68 241
607 158 68 550 501 68 241 359
479
607 158 68 81 68 189 68 85 68 446 68 607 158 68 607 158 68 607 158 68 607 158 108
503 158 68 607 158 68 607 158 68 397 68 189 68 189
607 158 68 527 68 189 68 430 199 68 85
607 158 68 81 68 607 158 68 569 68 569 68 569 68 397 68 397 68 43 158 68 158 68 569 68 569 68 43 158 68 189 68 189 68 43 158 68 569 68 43 158 108 68 569 68 569 68 569 68 569 68 43 158 68 43 158 68 569 68 43 158 68 607 158 68 607 158 68 569 68 569 68 569 68 569 68 569 68 19 85 68 569 68 569 68 569 68 569 68 607 158 68 607 158 68 607 158 68
339 551
607 158 68 81 68 81 68 189 68 397 68 397
85 347 158 85
370 68 5 68 19 85 68 397 68 397 68 569 68 397 68 430 149 68 430 149
607 158 68 81 68 397 68 397 68 397 68 397 68 397
85 347 158 108 68 569 68 85
607 158 68 81 68 64 211 108 68 64 211 108
261 86 68 245 449 68 370 68 5 68 397 68 397
64 211 68 5
288 68 397 68 397 68 397
64 211
240
283 68 430 68 430 199
607 158 68 85 359 68 5 68 189
607 158 68 81 68 189 68 189 68 430 108
501 85 359 68 569 68 85 359
607 158 68 503 189 68 158 68 158 108
261 86 68 245 449
85 359
607 158 68 81 68 189 68 241 68 241 68 241 68 241
607 158 68 64 211
370 68 5 68 81 68 149
527 68 607 158 68 527 68 607 158 68 397
339 551 68 550 501 68 397 68 397 68 397 68 397 68 397
607 158 68 81 68 189 68 189 68 430 359
85 359 389 19 85
370 68 5 68 81 68 397 68 5 68 397 68 397
503 189 68 517 68 517
370 68 5 68 19 85 68 19 85 68 19 85 359 68 19 85
85 359 68 85 359
64 211 108 68 430 68 430 68 430 359
283
607 158 68 81 68 189 68 189 68 158 108
479
19 85 68 85
211 149
430
607 158 68 81 68 253 68 397 68 397
339 68 5 68 189 68 430 199 68 64 211 108
617 68 550 158 68 550 158
64 211 108
550 158 68 550 158 108
261 86 68 370 68 5 68 397 68 397 68 397 68 397 68 397 68 397
607 158 68 81 68 430 68 430 199 68 64 211 108
607 158 68 124 68 503 158 108 68 569 68 85 359 68 430 68 430 68 430 85 359
611 189
389 158 108 68 189 68 241 68 241
261 86 68 124
527
607 158 68 81 68 607 158 68 5 68 397 68 189 68 397
370 68 5 68 81 68 189 68 430 68 640 68 189 68 640
607 158 68 5 68 170 108 68 5 189 68 64 211 108
19 85 68 158 108 68 19 85
5 68 288 68 550 501 68 640
64 211 108 68 640
197 86 68 430 108
607 158 68 81 68 430 68 430 199 108
276 85 68 397 68 569 68 397 68 397 68 569 68 397 68 397 68 397
283
261 86 68 245 449 68 5 189 68 189
43 158 68 527 68 607 158 68 430 68 430
607 158 68 550 501 68 397 68 640
607 158 68 550 501 68 550 501 68 550 501 68 189 68 189 68 550 501 68 189 68 189 68 189 68 617 149 68 550 501 68 189 68 211 108 68 211 68 617 68 617 149 68 189 68 189 68 550 487 149 68 211 68 550 501 68 189 68 617 68 617 68 211 68 211 68 211 68 211 68 211 68 550 501 68 85 68 85 68 550 501 68 607 158 68 607 158 118 68 607 158 68 607 158 68 607 158 68
64
283 68 607 158 68 5 68 397 68 397
261 86
283 68 158 108 68 19 85
370 68 5 68 81 68 569 68 569 68 517 118
607 158 68 81 68 19 85 68 397 68 397 68 569 68 397 68 397 68 19 85 359
283 68 158 108 68 607 158 68 569 68 136 479
283 68 607 158 68 81 68 569 68 397 68 569 68 569 68 397 68 43 158 68 43 158 108
607 158 68 81 68 189 68 397 68 241 68 397 68 397 68 397 68 241 68 241 68 241 68 241 68 241 68 241 68 241 68 241 68 241 68 241 68 241 68 241 68 241 68 241 68 241 359
503 189 68 108 68 189
607 158 68 397 68 607 158 68 640
64
607 158 68 81 68 189 68 5 68 241 68 189 68 189 68 640
527 68 607 158 68 64 211 108 68 430 68 430 68 430 68 430 68 64 211 108
19 85 359 68 397
607 158 68 81 68 569 68 569 68 397 68 569 68 569 68 397 68 397 68 397
370 68 5 68 81 68 5 189 68 640
43 158 68 19 85 68 430 68 43 158 68 43 158 68 430
527 68 430 199 85
19 85 68 85
85 240 643 85
261 86 68 245 449 68 370 68 5 68 397
527 68 607 158 68 430
283 68 607 158 68 261 86 68 607 158 68 397 68 397
276 85 68 397 68 569 68 397 68 397 68 569 68 397 68 397 68 397
607 158 68 5 68 189 68 189 68 397 68 189 68 189
607 158 68 550 501 68 607 158 68 5 189 68 64 211 68 64 211
607 158 68 430 68 430 199 108
283 68 158 359
527 68 607 158 68 527 68 397 68 397 68 397 68 397 68 397
617 149
283 68 158 108 68 607 158 68 397 68 397 68 397 68 397
607 68 5 68 397 68 397 68 397 68 397 68 397 68 397 68 397 68 397 68 397 68 397
19 85 68 136 479
503 158
339 551 68 339
503 189
607 479 68 81 68 189 68 189 68 241
607 158 68 81 68 569 68 569 68 397 68 569 68 569 68 397
538 158
607 158 68 81 68 189 68 607 158 68 397 68 189 68 397 68 397 68 607 158 68 517
569 68 19 85 68 397 68 569 68 640 68 640
64 211 108 68 550 501 68 64 211 108
503 189
430
550 339
607 158 68 430 68 430 199 68 430 199
607 158 68 5
569 68 85 359 68 19 85 68 19 85 68 19 85 68 19 85 68 19 85 68 607 158 108
85 359
607 158 68 607 158 68 569 68 85 359 68 19 85 68 19 85
5 68 81 68 607 158 68 5 68 640 68 640
607 158 68 81 68 189 68 189 68 189 68 189 68 189 68 430 108
607 158 68 550 501 68 430 68 430 68 430 68 430 68 430 68 430
607 158 68 85 359 68 189 68 189
85 347 158 108 68 569 68 85 359
607 158 68 550 501 68 607 158 68 550 501 68 189 68 189
370 68 5 68 550 501 68 5 189 68 64 211 108
607 158 68 5 68 189 68 607 158 68 550 501 68 397 68 607 158 68 607 158 68 607 158 68 607 158 68 607 158 68 607 158 68 607 158 68 607 158 68 607 158 68 607 158 68 607 158 68 607 158 68 607 158 68 607 158 68 607 158 68 607 158 68 607 158 68 607 158 68 607 158 68 607 158 68 607 158 68 607 158 68 607 158 68 607 158 68 607 158 68 607 158 68 607 158 68 607 158
339 68 607 158 68 503 158 68 158 68 64 211 108
607 158 189
241 359
569 68 19 85 68 19 85 68 339 68 19 85 68 19 85
607 68 5 68 124 68 5 68 397 68 640 68 640
607 158 68 81 68 158 68 158 108 68 153 189 68 153 189
607 158 68 5 68 640
283 68 607 158 68 5 68 5 189 68 397 68 397
527 68 607 158 68 430 359
607 158 68 81 68 189 68 569 68 517 68 640 68 397 68 397
607 158 68 81 68 189 68 189 68 241 68 241 68 241 68 241
617 68 550 158
283 68 5 68 81 68 5 68 5 68 19 85 68 5 68 517
405
276 85 68 189 68 19 85 68 5 68 569 68 569 68 85 359
85 347 158 359
607 158 68 5 68 158 68 5 189 68 397
527 68 607 158 68 81 68 430 199 68 430
430 85
43 158 68 85 359 68 569 68 397
370 68 5 68 81
261 86 68 124 68 124
85 611 149
290 85
85 359 389 85 359
64 211 108 68 430 68 430
261 86 68 124
607 158 68 569 68 397 68 397 68 397 68 397
593 163 68 550 487
607 158 68 550 501 68 397
70 149
607 158 68 81 68 189 68 5 189 68 189
64 211 108 68 607 158 68 569 68 397 68 569 68 397 68 397
64 211 108 68 189 68 189 68 241 68 241 68 241 68 241 68 241 68 241
64
64 389 85 359
527 68 5 189
245 449
211 199
503 189
64 211
276 85 68 5 189 68 241 68 241
389 85 359 389 158 108
19 85 68 85 359 68 85 359 68 64 211 108
503 158
607 158 68 607 158 68 607 158 68 5 189 68 153 189 68 158 108
569 68 85 68 158 108 68 5 189 68 64 211 108
85 359 68 550 158 118 68 211 189 211
607 158 68 642 551 68 5 68 85 359
283 68 607 158 68 370 68 397 68 397 68 397
607 158 68 550 501 68 189 68 241 68 189 68 189 68 241 68 241 68 241
85 389 85 359
85 365 430 149 68 19 85
607 158 68 81 68 189 68 397 68 397 68 397 68 397 68 397 68 397
261 86 68 124
370 68 5 68 81 68 189 68 430 149 68 189 68 430 149
85 359
607 158 68 607 158 68 607 158 68 517
527 68 5 68 124
283 68 158 108 68 569 68 569 68 19 85 68 19 85
651 123 68 430
261 86
261 86 68 124
276 85
607 158 68 5 68 81 68 430 199 108
438 359
85 4
607 479 68 397 68 569 68 397 68 569 68 569 68 397
370 68 5 68 550 501 68 569 68 85 359 68 569 68 397 68 397 68 397
189
370 68 5 68 81 68 189 68 189 68 517 68 189 68 607 158 68 607 158
85 359 68 85 359
64 211 149 68 617 149
446 149
569 68 517
617 68 550 501
617
288 68 550 501 68 189 68 5
261 86 68 124 68 607 158 68 5 68 397 68 397 68 397 68 397
607 158 68 81 68 189 68 189 68 241 68 189 68 241 68 430 68 241 68 241
569 68 158
261 86 68 370 68 5 68 397 68 397 68 397 68 397 68 397 68 397
19 85 68 158 108 68 158 108
593 149
617 68 617
261 86 68 245 449 68 5
569 68 527 68 607 158 68 81 68 64 211 108 68 430 68 430
550 158 543
261 86
189 68 81 68 189 68 430
607 158 68 5 68 189 68 189 68 430
607 158 68 19 85 68 397 68 397 68 397 68 569 68 397 68 397 68 397 68 241 68 241 68 241 68 241 68 241 68 241 68 241 68 43 158 108 68 43 158 108
527 68 607 158 68 81 68 189 68 189 68 189 68 189 68 430 68 64 211 108
569 68 85 359 68 189 68 189 68 430 149
607 158 68 527 68 5 68 430 68 430 68 430 68 430 68 430 68 430 199 85 359
397 68 397 68 397 68 397 68 397
397 68 607 158 68 81 68 189 68 241 68 397
5
253 359
607 158 68 81 68 189 68 189 68 241 68 241 68 241 68 241 68 241 68 5 189
607 158 68 5 68 397 68 5 189 68 397 68 189 68 397 68 241 68 241 68 241 68 241 68 241 68 241 68 241 68 241 68 241 68 241 68 241 68 241 68 241 68 241 68 241 359
607 158 68 170 108 68 189 68 64 211 108
430 199 108 68 136 479
283 68 158 108 68 569 68 569 68 19 85 68 19 85 68 19 85
5 189 68 124
64 211 68 607 158 68 5 68 5 68 397 68 189 68 397 68 607 158 68 5 189 68 189 68 241 68 517
