87 68 527 68 607 50 68 397 68 397 68 397 68 397 68 241 68 397
64 211 68 189 68 81 68 189 68 211
607 158 68 5 68 189 68 189 68 241 68 241 430 68 241 68 241 68 189 68 241 68 241 359 389 158 118 68 241 68 189 68 241 68 241 359
245 449
19 85 68 158 108 68 240 389 158 240
607 158 68 527 68 607 158 68 607 158 68 189 68 189 68 617
19 85 68 158 108 68 430
85 123 68 517
189 68 211 68 607 158 68 189
611 189 149
87 68 19 85 68 19 85 68 19 85 68 19 85 68 189
527 68 607 158 68 81 68 5 68 81 68 189 68 189 68 189 68 189
430 68 405 189 68 64 211
430 299
607 158 68 527 68 607 158 68 527 359 68 607 158 68 189 68 189 68 189 68 607 158 68 331 149
321 189
527 68 607 158 68 321 240 68 5 68 241 68 189 68 241 68 241 68 189 68 241
564 108
543 85
43 158 68 593 163 68 189 68 189 68 430
189 149 389 158 108
564 108
501 85 123 68 158 108 68 19 68 503 158
339 551
51 86 68 607 50 68 189 68 241
253 68 607 158 68 569 68 189 68 405 68 405 68 405 85
406 85 359
152
87 449 68 158 108 68 569 68 405 68 405 189
569 68 158 108 68 158 108 68 43 158 68 19 85
189 68 527 68 569 68 569 68 569 68 85 347 501 68 85 68 85 359
19 149 68 397 68 339
405 68 54 86
189 68 81 68 189 68 5 68 527 359 68 365 430
197 86
189 149 211 108 68 43 158 68 43 158 68 43 158
87 68 170 299
19 85
607 158 68 5 68 288 68 189
447 158 85 359
503 189 68 245 449 68 607 158 68 241
397 68 642 211 68 397 68 397 68 397 68 397 68 5 189 68 241 68 397
19 85 68 158 108 68 5 68 241 68 241 68 189 68 241 68 430
87 68 124 68 607 158 68 569 68 389 158 68 189 68 211 68 211 68 189
651 123 68 640 68 189 68 64 211 108
189 68 158 108 68 158 108 68 5 68 430
261 86 68 370 68 5 68 81 68 81
189 68 158 108 68 19 85
241
197 85
87 68 170 108 68 321 240 68 5 68 81 68 189 68 189
479 189
503 158 108 68 5 68 189 68 189 68 640 68 640 68 5 68 640 68 640
43 85 359
194 178
19 85 68 189 68 189
5 189
153 68 569 68 339 68 569 68 158 68 607 158 68 503 158 68 607 158 68 503 189 68 170 68 170
261 86 68 124 68 19 68 19 85 68 19 68 569 68 5 68 370 68 569 68 5 68 241
503 189 68 607 158 68 569 68 85 347 501 68 189 68 85 379 68 64 211 108
611 85 359
321 247 68 5
240 85 359 68 339 68 397
85 19 85 68 19 85 68 19 85
517 359
85 389 158 118
321 189
64 211 68 19 85 68 397 68 19 85 68 19 85 68 19 85 68 19 85 68 569 68 64 211 108 68 569 68 569 68 569 68 85 68 64 550 158 108 68 64 550 158 108 68 569 68 240 359 68 569 68 569 68 569 68 569 68 64 550 158 108 68 569 68 85 359 68 569 68 85 359 68 85 359 68 569 68 85 359 68 569 68 189 68 359 68 569 68 569 68 64 389 158 108 68 189 68 64
397 68 85 359 389 158 118
85 359
81 68 5 68 81 68 189 68 19 85 68 430 68 5 68 607 158 68 5 68 5 68 81
517 68 5 68 5
569 68 611 258 149 68 569 68 569 68 569 68 569 68 405 149
527 68 607 158 68 527 359 68 607 158 68 397 68 189 68 189 68 64 211 108
405 189 68 258 149 68 517 85
406 85
261 86 68 640
339
397 68 642 211 68 19 85
527 68 5 68 85 68 81 68 189 68 189 68 189 68 189 68 64 211 108
527 68 607 158 68 527 359 68 19 85 68 19 85
64 211 108 68 189 68 189 68 211 108 68 43 158 68 430 68 607 158 68 189 68 241
543 85
87 68 245 449 68 607 158 68 397 68 339
261 86 68 370 68 5
85 389 158 118
158 240
189 68 607 158 68 607 158 68 170
577 68 19 85
607 158 68 359 68 397 68 189 68 640 68 241
607 158 68 607 158 68 5 189 68 158 108
79 359
211
189
370 68 5 68 640
189 68 81 68 569 68 85 347 501 68 85 359 68 189 68 85 347 501 68 189 68 85 347 501 68 189 68 85 347 501 68 189 68 85 359 68 189 68 189 68 85 359 68 189 68 189 68 569 68 189 68 189 68 85 359 68 189 68 189 68 189 68 189 68 569 68 569 68 85 359 68 85 359 68 85 359 68 85 359 68 189 68 189 68 189 68 189 68 189 68 189 68 189 68 189 68 189 68
158 108 68 64 550 501 68 640 68 640
87 68 81 68 569 68 64 211 108 68 405 108 68 405 108 68 64 211 108
389 85 359 68 430 359
87 68 19 85 68 19 85
283 68 85 359
283 68 64 211 68 640 68 640 68 640
189 68 81 68 569 68 569 68 365 430
593 163 68 607 158 68 397 68 19 85 68 19 85 68 607 158 108
507 211 68 5
51 86 68 550 501 68 189
261 86 68 607 158 68 81 68 81 68 569 68 189 68 64 211 108
87 68 253 68 397 68 19 85 68 19 85 68 19 85 68 19 85 68 569 68 85 68 85 68 569 68 85 68 85 68 569 68 85 68 85 68 569 68 85 68 85 68 569 68 569 68 569 68 569 68 569 68 85 68 569 68 569 68 569 68 85 68 569 68 569 68 85 359
261 86 68 607 158 68 397 68 5
79 359 68 85 359
503 189 68 503 189 68 245 449
321 290 68 241 68 158 108 68 569 68 4 149 68 241 68 241
607 158
64 211 68 430 68 241 68 189 68 64 211 108 68 189 68 64 211 108
79 430
503 158 108 68 158 108 68 607 158 68 397 68 189 68 85 68 85 359
607 479 68 152 68 149 550 501 68 43 158 68 43 158 68 43 158 68 43 158 68 43 158 68 43 158 68 43 158 68 43 158 68 43 158 68 43 158 68 43 158 68 149
405
189 68 64 211 68 607 50 68 189 68 189 68 189 68 189 68 170 68 170 68 170 68 170
607 479 68 189 68 430 68 430 68 430 68 85 379 85
503 189 68 124 68 245 85 68 245 449
54 86 68 241 68 241 68 5 189
607 158 68 85 347 158 108 68 397 68 389 85 359
593 163 68 550 158 108 68 517
527 68 607 158 68 158 68 158 108
261 86 68 370 68 5 68 81 68 189 68 189 68 189 68 189
283 68 85 359
607 479 68 431 68 569 68 85 347 158 68 64 211 108 68 64 211 108
79 430 359
197 86 108 68 81 68 19 85 68 19 85
194 543
51 86 85 68 158 108 68 405
85 43 158
607 158 68 299
283 68 607 158 68 211
531 359
503 158 108
170 108 68 240 389 339
54 86
564 68 158 108 68 189 68 405 68 640
19 85 68 430 199
651 123 68 569 68 569 68 213
5 543 258
642 211 68 158 108 68 43 158 108
339
43 158 68 5 68 81 68 569 68 569 68 430 68 211
538 430 199 85
43 158 68 405 68 19 85 68 19 85 68 43 158 68 43 158 68 19
189 68 405 149 68 405 149
189 68 569 68 85 152 68 85 152 68 5 68 189 68 85 359 68 189 68 189 68 85 359 389 158 108
43 158 108 68 19 85
189 68 5 68 189 68 85 359 68 189 68 241 430 68 189 68 85 359
153 108 68 201 258 68 158 108 68 5 189 68 189 68 189 68 85 359
19 85 68 640 68 640 68 640 68 640 68 640
79 430
607 155 68 85 359 68 569 68 569 68 569 68 569 68 569 68 64 211
593 163 68 149 68 189 68 405 68 19 85 68 189 550 158 108
189 389 158 240 68 241
189 68 240 550 501 68 189 68 189 68 189
211 543
607 158 68 81 68 569 68 569 68 569 68 569 68 569
405 149
189 68 211 211 118
189 68 158 108 68 189 68 607 479 68 189 68 189 68 189 68 189 68 189
86 163 68 527 68 607 158 68 5 68 569 68 569 68 569 68 569 68 569 68 569 68 569 68 569 68 569 68 569 68 569 68 569 68 569 68 569 68 569 68 253 359
189 68 527 68 607 50 68 569 68 569 68 569 68 569 68 569 68 569 68 569 68 569 68 569 68 569 68 569 68 569 68 569 68 569 68 569 68 569 68 569 68 569 68 569 68 247 149
51 86 68 607 50 68 397
405 68 81 68 189 68 189 68 607 158 68 503 189 68 503 189
479 85 266 158 108
651 123 68 607 158 68 189 68 79 158 68 85 359 68 189 211 108
339 359 389 339
288 68 550 501 68 189 68 430 68 430 68 430 68 189 211 108
64 211 68 5 68 370 68 5 68 331 149 68 189 68 5 68 607 158 68 5 68 5 68 607 158 68 189 68 5 68 189 68 189 68 189 68 189 68 189 68 189 68 189 68 81 68 81 68 70 158 68 189 68 70 158 68 70 158 68 81 68 189 68 5 189 68 5 189 68 5 189 68 5 68 5 68 5 68 5 68 81 68 189 68 5 68 331
527 68 607 158 68 527 359 68 607 158 68 189
5 68 370 68 81 68 43 158 68 5 68 5 189 68 5 189 68 189 68 5 189
283
189 68 240 211 68 189 68 79 430
503 158 68 158 108 68 43 158 68 43 158
5 85
607 479 68 189 68 158 108 68 19 85
430 299 68 189 266 50
527 68 607 158 68 19 85 68 19 85
189
87 68 569 68 240 51 85 68 189 68 241 68 189
87 68 158 108 68 569 68 569 68 405 68 430 68 430 68 430 68 430
258 430
49
5 68 81 68 189 68 189 68 405 68 64 211 108
261 86 68 569 68 19 85 68 19 85 68 569 68 569 68 19 85
503 189 68 158 108 68 569 68 19 85 68 19 85 68 189
397 68 607 158 68 569 68 81 68 569 68 569 68 85 68 85 68 569 68 569 68 85 379
189 68 5 68 64 51 86 68 321 290 68 241 68 241 68 241 68 241
79 430
189 68 339 68 339 68 339 68 85 359 68 569 68 85 359
405 68 430 199
258 430
19 85 68 240 299
4
87 68 189 68 170 299
593 163 68 607 158 68 189 68 543 550 158 68 5
79 158 85
19 68 19 85 68 19 85 68 19 85 68 19 85 68 19 85 68 19 85
245 449 68 607
642 158 108
211 68 19 85 68 19 85 68 19 85 68 19 85 68 19 85
253 149
189 108 68 211 108 68 189 211 543 68 189 68 211 543 211 108
607 155 68 81 68 397 68 43 158 68 189 68 43 158 68 85
339 551 68 347 158 359

593 163 68 430 68 430 85
607 170 68 5 68 54 86 85
85 136 479 68 85 359 211 108
607 479 68 331 149 68 189 68 189 68 189 68 189 68 85 359
283 85 359 68 501 85 359
397 85 415
261 86 68 124
5 68 81 68 569 68 189 68 405 68 64 211 543
258 149 68 43 158 68 43 158
261 86 68 569 68 569 68 569 68 85 359
5 68 607 158 68 5 68 189 68 607 158 68 189 68 170 68 170 68 170
19 85 68 189 68 189
189 68 54 86 68 54 86 68 189 68 241 68 189 68 189 68 241
4
64 211 68 640
607 479 68 189 68 607 158 68 240 389 158 68 189 68 64 211
189 68 19 85 68 158 108 68 19 85 68 430 68 430 68 430 68 430 68 430 68 241 68 430 68 430 68 430 199
283 68 517 68 517 68 43 158 68 431
347
43 158 68 430
194 611
359 51 86
503 158 108
152 68 397 68 397
19 85
569 68 550 501 68 397 68 397 68 397 68 85 359
447 158 85
569 68 517 68 517 68 430 68 397 68 569 68 569 68 569 68 85
51 86 68 124
87 68 607 68 397 68 64 211 68 64 211 149 68 397 68 64 211 149
607 86 68 550 501 68 189 68 550 501 68 397 68 397
430 299
261 86 68 607 158 68 569
189 68 81 68 5 68 43 158 68 5 68 81
405 85 359
189 68 81 68 189 68 189 68 607 50 68 189 68 189 68 189
430 149
189 68 81 68 189 68 189 68 5 189
283 68 158 108 68 189 68 64 211 108
87 68 19 85 68 19 85 68 19 85 68 397 68 189 68 85 359
397 68 54 86
397 68 550 158
64 211 149
607 158 108 68 569 68 85 359
85 359 68 85 359 389 158 85 359
611 479
85 359 68 5
19 68 339 68 339
430 359 68 85 359
430 68 5 68 607 158 68 607 158 68 607 158 68 389 158
189 68 550 501 68 189 68 607 50 68 607 50
85 359 389 158
43 158
503 158 108
152 68 81 68 569 68 189 68 430 68 85 152
339 551 68 339 68 189
87 449 68 569 68 569 68 85 4 149 68 85 359 68 85 359
651 123 68 607 158 68 5 68 5 68 253
189 68 607 158 68 81 68 189 68 189 68 189 68 189 68 79 430
19 85 68 640 68 640 68 397 68 85 152
593 163 68 93 51 149 68 43 158 68 517
446 415
261 86 68 370 68 81 68 189 68 189 68 189 68 189 68 189
70 189 68 211
189 68 527 68 607 158 68 64 211 108 68 64 211 68 64 211
607 479 68 593 163 68 19 85 68 19 85 68 19 85 68 5 68 189 68 189 68 85 68 607 158 68 85 68 85 68 19 85 68 569 68 85 68 189 68 81 68 81 68 81 68 81 68 81 68 569 68 569 68 569 68 569 68 607 158 68 397 68 397 68 5 68 5 68 569 68 81 68 85 68 397 68 5 68 5 68 397 68 189 68 81 68 19 85 68 81 68 607 158 68 189 68 607 158
370 68 5 68 331 68 189 68 189 68 640 68 189 68 640 68 241 68 189 68 241
19 85 68 189 68 189 68 189 68 5 68 569 68 158 108 68 189 68 189 68 389 158 108
290 85
231 359 68 19 85 68 43 158 68 43 158 68 430
261 86 68 607 158 68 81 68 607 158 68 5 189 68 189 68 607 158
405 68 81 68 569 68 569
153 68 593 68 54 86 68 189 68 189 68 189
19 85
87 68 527 68 607 158 68 5 68 569 68 569 68 569 68 64 211 68 189 68 241 68 4
607 158 68 5 189 68 189 68 447 158 68 640 68 241
607 158 68 70 158
479 189
149 211
276 85
503 158 68 170 108 68 189 68 189
87 449 68 569 68 569 68 569 68 569 68 430 199 68 85 4 85 359
527 68 607 158 68 81 68 430 68 430
211 149
79 359
19 85 68 19 85 68 19 85 68 19 85 68 19 85 68 19 85 68 19 85 68 19 85 68 19 85 68 19 85 68 19 85 68 19 85 68 19 85 68 19 85 68 19 85 68 19 108 68 19 85 68 19 85 68 19 85 68 19 85 68 19 85 68 569 68 19 85 68 19 85 68 569 68 569 68 569 68 19 85 68 19 85 68 569 68 569 68 569 68 19 85 68 19 85 68 19 85 68
79 359
607 158 68 85 359 68 5 189 68 241
49 68 245 449
5 68 569 68 64 211 108 68 64 211 108
607 155 68 85 359
607 479 68 81 68 189 68 543 550 158 108 68 5 68 189 68 189 68 189 68 543 550 158 108
87 68 517
87 68 527 359 68 5
339 551
197 86 68 81 68 189 68 81
283 68 527 68 607 158 68 5
405 240
85 347 501
87 68 158 108 68 607 158 68 19 85 68 19 85
276 85
607 68 5 68 397 68 397
430 258 149
607 479 68 189 68 85 347 501 68 569 68 85 379 85
405 543 211 149
189 68 607 158 68 189 68 430 68 430 68 189 68 189 68 64 211
79 430
607 479 68 607 158 68 189 68 158 68 158 68 158 68 189 68 79 158 108
261 86 68 240 51 86 68 607 158 68 241
51 86 68 124
189 68 81 68 607 158 68 5 68 5 68 5 68 189 68 241 68 241 68 189 68 5 189 68 241
70 158 108
253 85 359
406 19 149
261 86 68 170 68 170 68 5 68 81 68 189 68 189 68 189 68 189
503 189 68 527 68 607 158 68 607 158 68 64 211 68 640 68 64 211
288 68 152 68 397 68 607 158 68 85 359 68 189 68 189 68 85 359 68 189 68 241 359 389 158 68 189 68 397 68 397 68 189 68 85 359 68 189 68 189 68 189 68 189 68 189 68 189 68 189 68 189 68 241 359 68 189 68 189 68 397 68 397 68 397 68 397 68 397 68 397 68 397 68 397 68 189 68 189 68 189 68 189 68 189 68 189 68 189 68 241 359 389 158 68 189 68 189
607 158 68 245 449
240 211 68 405 108
593 163 68 569 68 569 68 550 501 68 569 68 85 359 68 85 359 68 569 68 64 211 108
49 551
261 86 68 245 449 68 189 68 189 68 189
503 158 108
189 68 81 68 569 68 569 68 365 430 359
405 240
197 85
189 68 607 158 68 152 68 43 158 68 85 347 501 68 189 68 430 149
189 68 213 211 68 607 158 68 5 68 54 86 68 189 68 189 68 607
189 68 81 68 569 68 569 68 569 68 569 68 389 501 85 359
189 68 5 68 170 108 68 5
64 211 68 241 68 569 68 569 108
321 247
339 85 359
503 158 108 68 158 108 68 569 68 158 108 68 430
261 86 68 607 158 68 503 158
607 158 68 607 158 68 158 68 85 152
253 359
213
607 479 68 189 68 607 158 68 607 158 68 170 108 68 170 108
593 163 68 19 85 68 370 68 5 68 81 68 397 68 397 68 569 68 397
290 85 68 189 68 85 359 68 189 68 189 68 189 68 85 359 389 158 108
189 68 64 211 68 331 68 158 108 68 569 68 517
19 85 68 607 158 68 397 68 241 68 640 68 241 68 241 68 640 68 397 68 241
321 290 68 241 359
397 68 19 85 68 158 108 68 569 68 430 199 68 189 68 85 4
503 158 108 68 569 68 213 68 405 68 405 68 517 68 405
19
189 68 607 158 68 253 68 397 68 397 68 321 240 51 86 68 241 68 397 68 241
347 501 68 85 347 158 108
564 68 158 108 68 189 68 405 68 640
527 68 569 68 569 68 569 68 569 68 569 68 569 68 211 108
64 211 68 64 211 108
189 68 607 68 5 68 152 68 370 68 5 68 189 68 189 68 189
240
261 86 68 245 449 68 19 85 68 569 68 85
611 85 359 389 85 359
253 359 550 487 359 68 397
85 347 158 118
283 68 158 108 68 189 68 550 158 108 68 517
189 68 124 68 86 108 68 158 108 68 569 68 430 68 85 359 68 430 68 430 68 85 359
261 86 68 370 68 370 68 5 68 19 85
85 611 85 359
261 86 68 370 68 5
245 449 68 517 68 517 359
87 149 68 550 501 68 517
189 68 81 68 5 68 158 108 68 430 68 430 68 430 68 430 68 430 68 5 189 68 430 68 430 68 189 68 405 543 211 543 211 543 211 543 503 158 108 68 189 68 81 68 81 68 81 68 189 68 189 68 189 68 607 158 68 81 68 81 68 81 68 81 68 81 68 81 68 81 68 81 68 81 68 81 68 81 68 81 68 81 68 189 68 189 68 81 68 81 68 607 158 68 189 68 81 68
607 479
593 163 68 158 108 68 607 158 68 5 68 189 68 189 68 189 68 79 158 118
261 86 68 370 68 283 68 569 68 70 158
64 211 68 430 68 430 68 430 68 430 68 430 68 430 68 430
339
261 86 68 189 68 54 86 85 68 397 68 241 68 85 359
651 123 68 5 68 253
503 189 68 253 68 569 68 569 68 405 68 405 85 68 405 68 569 68 405 108
19 68 158 68 158 189 68 158 108 68 430
189 266 158
321 240 68 5 68 370 68 81 68 569 68 5
283 68 550 158 108 68 5 68 334
389 339
405 68 54 86
197 86 68 550 501 68 189 108 68 79 85 359
43 158 108
64 211 68 64 211
261 86 68 370 68 5 68 81 68 569 68 569 68 85
321 334
194 543
241
593 163 68 19 68 19 85 68 19 85 68 189 68 189 68 64 211 149
253 68 339 68 85 347 501 68 189
87 68 245 449 68 397 68 397 68 397 68 569
611 86
651 123 68 607 50 68 189 68 617 149
19 68 19 85 68 607 158 68 397 68 430
43 158 108
43 158 118
607 68 5 68 81 68 189 68 81
153 68 607 158 68 253 68 607 158 68 517
189 68 607 158 68 607 158 68 5 189 68 158 68 158 68 158
607 479 68 81 68 5 189 68 81 68 5 189 68 5 189
607 158 68 607 158 68 569 68 405 68 405 68 569 68 405 68 405 68 430
261 86
611 240
290 85 68 85 359
607 158 68 81 68 5 189 68 240 211
189 68 152 550 501 68 189 68 189 68 189 68 189
79 430 359
611 189 68 136 479 68 136 479
607 158
261 86 68 607 158 68 397 68 5 68 253 68 397 68 569 68 569 68 569 68 5
406 158 68 517 359 68 43 158 118
189 68 607 158 68 158 68 158 68 158 68 158 68 189 68 607 158 68 189 68 189 68 607 158
397 68 19 85 68 19 85 68 19 85 68 19 85 68 19 85 68 19 85
283 68 64 211 108 68 397 68 19 85 68 19 85 68 19 85 68 19 85
405 85 359 389 339
261 86 68 370 68 5
153 189 68 81
43 158 258 158
347 158
290 85
70 339
197 86
79 222 149
189 68 550 158 108 68 158 108 68 158 108
152 68 5 68 189 68 189 68 189 68 189
19 449 68 149
79 430 68 430 199
189 68 158 108 68 19 85 68 158 108 68 189 68 189 68 64 211
503 189 68 124 68 5 68 5 68 5 68 253 68 189 68 569 68 569 68 5 68 5 68 170 108
211 68 19 163 68 19 85 68 43 158 68 19 85 68 189 68 70 158
189 149
339 551
611 240
430 543 211 68 611 74
43 158 68 5 68 189 68 240 211 68 240 211 68 189 68 64 211 68 189 68 240 211 240 211 108
365 152
607 158 85
550 86 149
347 501
283 68 158 68 201 258 149 68 189 68 85 359
76 85 359
64 211 68 607 158 68 397 68 569 68 569 68 64 211 108
479 68 642 211 68 5 189
87 68 253 68 397 68 19 85 68 19 85 68 430 68 569 68 85
189 68 607 158 68 339 68 397 68 339
283 68 19 85 68 149 68 5 68 331
19 85 68 4 85 68 158 108
543 211 108
87 68 170 68 165 68 5 68 81
321 247 68 430 68 430 359
447 158 68 405 85 68 430
5 189 108 68 170 108 68 5 189
43 158 68 5
85 564 149
152 68 397 68 397
79 158 189
593 163 68 189 68 189 68 189 68 389 158 118 68 189 68 189 68 189 68 189 68 241 359 389 158 118
211 449
417
87 68 245 449 68 569 68 64 211 68 64 211
51 86 68 370 68 397 68 19 85 68 19 85 68 189 68 64 211 149
607 170 68 447 158 68 81 68 5 68 640 68 5
261 86 68 607 158 68 5 68 431 68 397 68 607 158 68 607 158 68 397
527 68 607 158 68 85 359 68 397 68 19 85 68 189 68 85
564 68 607 68 5 68 397 68 569 68 569
607 158 68 607 158 68 43 158 68 85 347 501 68 189 68 189 68 189 68 189 68 543 389 158 68 189 68 543 389 158 68 43 158 68 189 68 189 68 189 68 189 68 189 68 189 68 189 68 189 68 189 68 43 158 68 189 68 189 68 189 68 189 68 43 158 68 43 158 68 43 158 68 189 68 189 68 43 158 68 189 68 189 68 43 158 68 43 158 68 43 158 68 189 68 189 68 189 68
607 158 68 415 68 569 68 158 108
64 211 108 68 405 85
321 68 569 68 211
49 551 68 136 479
87 68 19 85 68 158 108 68 607 158 68 19 85 68 19 85
43 158 68 258 189 68 43 158 68 507 258
201 642 211 68 339
189 68 189 68 189 68 189 68 389 158 118
607 170 68 81 68 189 68 607 158 68 5 189 68 5 189
158 108 68 569 68 85 152 68 85 68 85 379 68 430 68 85 68 241 68 189 68 241 68 241 68 189 68 241 68 241 68 241 68 241 68 569 68 189 68 189 68 569 68 189 68 189 68 241 68 189 68 241 68 241 68 241 68 189 68 569 68 189 68 189 68 569 68 569 68 85 68 85 68 85 68 85 68 85 68 85 68 189 68 189 68 241 68 241 68 241 68 241 68 189 68 189 68 189
87 359
87 68 569 68 569 68 569 68 85 379 68 430 68 569 68 85
479 189
611 51 86 68 550 501 68 189 68 405
87 68 527 68 607 158 68 607 158 68 241 68 5 68 640 68 640 68 241 68 241
283 68 607 158 68 527 359 68 607 158 68 397 68 189 68 607 158 68 189
189 68 5 68 397 68 569 68 569 68 569 68 389 158 68 85 359
517
197 86
283 68 607 158 68 397 68 501 68 569 68 569 68 85 347 501 68 85 359 68 397 68 569 68 569 68 569 68 85 379 85 359 68 569 68 85 359
43 158 68 593 163 68 189 68 189 68 430
19 68 430 68 430
288 68 550 501 68 189 68 189 68 64 211 108 68 189 68 64 211 108 68 189 68 64 211 108
607 158 68 5 68 81 68 189 68 189 68 189 68 189 68 189 68 189 68 189 68 241 68 189 68 189 68 189 68 189 68 189 68 241 68 85 359 68 189 68 189 68 189 68 189 68 189 68 189 68 189 68 241 68 241 359 389 158 68 189 68 189 68 189 68 189 550 501 85 359 389 85 359 68 189 68 189 68 189 68 189 68 189 68 189 68 189 68 189 68 189 68 189 68 189 68 189 68
283 68 5 68 81
189 68 64 211 108 68 569 68 569 68 550 501 68 189 68 64 211 108 68 189 68 64 211 108
261 86 68 607 158 68 503 158
503 189 68 5 68 245 449 68 569 68 405 68 245 449
607 479 68 189 68 85 359
86 163 68 550 501 68 189 68 5 68 189 68 189 68 64 211 108 68 189 68 64 211 108
283 68 5
5 68 81 68 189
5 189
261 86 68 253 68 397 68 19 85
569 68 550 501 68 189 68 189 68 211
283 68 158 68 81 68 5 68 158 108 68 5 68 189 68 189
211 108 68 5 189
607 479 68 607 158 68 397 68 569 68 64 211 68 64 211
503 189 68 158 108 68 405 68 405 68 405 68 189
531 85 359
501 85 123 108 68 430 199
85 51 86
189 68 158 108 68 607 158 68 569 68 569 68 569 68 85 359
189 74
261 86 68 370 68 5
87 449 68 569 68 569 68 569 68 569 68 430
87 68 19 85 68 19 85 68 19 85 68 397 68 189 68 85 359
194 543
503 189 68 158 108 68 569 68 85 359 68 189 68 189
261 86 359
261 86 85
189 68 81 68 569 68 569 68 85
197 85
283 551 68 189 68 85 152 68 5 68 189 68 189 68 189 68 85 359 68 189 68 189 68 189 68 189 68 85 359 68 85 347 158 108 68 85 359 68 85 359 68 85 359 68 189 68 189 68 189 68 189 68 189 68 241 359 389 85 359 389 85 359 389 85 359 68 397 68 397 68 397 68 397 68 397 68 189 68 5 189 68 189 68 189 68 189 68 189 68 189 68 189 68 189 68 189 68 189
19 68 607 158 68 527 68 607 158 68 347 501 68 189 68 189 68 189
253 68 397 68 359
211 85 359 68 430 149 68 430 359
211 543 149
43 158
43 158 68 64 211
569 68 527 68 617 68 397 68 64 211 108 68 189 68 64 211 108
531 158 108
607 158 68 569 68 85 359
564 68 569 68 85 359 68 5 68 189 68 189 68 5
261 86 68 607 158 68 569 68 569 68 430
339 551
405 189
339
79 359
64 211 149 68 397
201 258 149
527 68 607 158 68 397 68 85 347 501 68 189 68 189 68 64 211 108
261 86 68 607 158 68 527 359
283 551 68 19 85 68 189 68 85
617 149
607 479 68 189 68 85 152 68 43 158 68 189 68 85 359
43 158 68 158 68 158 108 68 158 108 68 189 68 430
430 149 68 86 149
503 158 68 158 108 68 569 68 85 359
283 68 607 158 68 397 68 81 68 189 68 189 68 189 68 617
253 68 607 158 68 43 158 68 569
642 68 5 68 81 68 81 68 5 68 81 68 189 68 189 68 189 68 189 68 5
261 86 68 158 108 68 607 158 68 5 68 5 189
54 86 68 607 158 68 81 68 189 68 607 158 68 5 68 189 68 607 158 68 405
288 68 550 501 68 189 68 19 85 68 19 85 68 19 85 68 19 85 68 43 158 68 5 68 189 68 189 68 19 85 68 19 85 68 85 68 19 85 68 149 68 149 68 81 68 81 68 81 68 81 68 81 68 81 68 43 158 68 43 158 68 189 68 43 158 68 5 68 81 68 5 68 81 68 189 68 5 68 5 68 189 68 189 68 189 68 81 68 81 68 5 68 189 68 189 68 43 158
189 68 607 158 68 397 68 569 68 517 68 517 68 189 68 64 211 68 189 68 64 550 158 68 517
430 68 81 68 430 68 430 199
283 68 607 158 68 347 158 68 347 158 68 354
503 189 68 607 158 68 5 68 81 68 503 189 68 503 189 68 503 189
261 86 68 158 108 68 607 158 68 5 68 5 189
406 211
189 68 64 211 108 68 189 68 64 211 108 68 405 68 189 68 64 211 108
64 211 108 68 405 68 640
64 211 68 5 68 370 68 5 68 569 68 19
211 68 607 158 68 397 68 397 68 19 85 68 19 85 68 607 158 68 397 68 5 68 70 158 68 70 158 68 397 68 397 68 397 68 70 158 68 397 68 397 68 359 68 359 68 359 68 359 68 397 68 397 68 397 68 397 68 70 158 68 607 158 68 397 68 397 68 397 68 397 68 397 68 397 68 397 68 359 68 359 68 359 68 359 68 359 68 359
87 85
19 85 68 158 108 68 430
283 68 64 211 68 607 158 68 397 68 397 68 397 68 241 68 607 50 68 189 68 607 50
189 68 405 68 517 68 158 108 68 569 68 64 211 108
607 479 68 85 359 68 19 85 68 569 68 189 68 189 68 640
87 68 253 359
397 68 430 68 430 68 430 68 430
430 199
283 68 64 211 68 64 211 68 64 211 108 68 189 68 64 211 68 64 211 108
283 68 5 68 152 68 397 68 569 68 569 68 569 68 640
405 68 430 149 68 64 211 108
397 68 507 258 68 517 68 430 68 430 68 430
189 68 389 158 240 68 189 68 240 194 68 241 68 189 68 64 211 85
5 68 81 68 569 68 189 68 405 68 64 211 543
19 85 68 19 85 68 19 85 68 19 85 68 569 68 569 68 64 211 108 68 569 68 569 68 569 68 569 68 569 68 569 68 569 68 569 68 569 68 569 68 569 68 569 68 569 68 4 149
5 189 68 158 108 68 370 68 5 68 85 359
607 86 68 550 501 68 397 68 397 68 19 85 359 68 397 68 397 68 569 68 517
19 85 68 569 68 405 68 405 68 569 68 211
49 68 211 68 64 211 68 189 68 64 211 108 68 189 68 64 211 108
189 389 430
261 86 68 158 108 68 607 158 68 19 85 68 241 68 5 68 241 68 189 68 241 359
283 68 550 501 68 189 68 617 149 68 607 158 68 189 68 617 149
276 85 68 81 68 189 68 405 85
189 68 339 68 339 68 397 68 569 68 389 339 68 389 158 359
321 247
64 211 68 430 68 640 68 640 68 640 68 640 68 640
607 158 68 64 211 108 68 189 68 5 68 640 68 640 68 640 68 640 68 189 68 64 211 108
211 543
261 86 68 607 158 68 397 68 397 68 550 158 68 397 68 607 158 68 397
397 68 607 158 68 87 68 87 152
365 430
283 68 158 108 68 569 68 158 108
87 68 170 299
430
64 211 108 68 569 68 569 68 19 85 68 19 85 68 19 85 68 19 85 68 569 68 64 211 108
253 359 551
339 551 68 19 85 68 19 85
87 68 170 299
253 68 430 199 85
479 189
570 458
261 86 68 5 68 447 158 68 241 68 241 68 640
152 68 640
85 607 158 68 5 189 68 5
397 68 19 85 68 19 85
49 68 19 85 68 158 108 68 607 158 68 430 68 85
503 189
447 158 68 331 158 359
397 68 430 68 430 68 430 68 430
87 68 170 299
85 149 550 158 108 68 158 189 68 158 108
189 68 5 68 85 359 68 19 85 68 19 85 68 19 85 68 158 108
189 68 347 501 68 189 68 189 68 64 211
527 68 517 68 517 68 569 68 517 68 569
593 163 68 430 68 430 68 85 359 68 19 85 68 5 189 68 85
430 222 85 222 85
261 86 68 370 68 5
261 86 68 158 108 68 19 68 19 85 68 19 85 68 430 68 430 68 430
5 68 550 158 189
397 85 359
153 189 68 81
283 68 430 68 527
240 51 85
405 68 213 211 108
538 430
85 19 85 359
153 68 158 68 158 543 68 569 68 405 68 405 189
85 241 68 85 359 389 158 240
406 501
527 68 607 158 68 64 211 108
189 68 550 501 68 189 68 64 211 108 68 64 211 108
189 68 158 108 68 158 108 68 569 68 405 543
54 86 68 397 68 85 359
397 68 370 68 5 68 81 68 5 68 170
64 211 68 430 68 569 68 85 379
189 68 5 68 640 68 189 68 640 68 640
503 189 68 158 108 68 569 68 569 68 569 68 430 68 569 68 211 108
651 123 68 241 68 189 68 158 108 68 241 68 241 68 241 68 640
86 85
87 85
261 86 68 607 158 68 569 68 64 211 108
447 158 68 201 258 189
607 158 68 527 68 397 68 189 68 5 68 331 149 68 189 68 189
569 68 170 108 68 607 158 68 5 68 79 158 68 189 68 64 211 108
339 68 397 68 19
607 479 68 5 68 189 68 607 158 68 5 68 5 189 68 5 189 68 607 158 68 170
43 158 108
283 68 136 479
397 68 245 449 68 569 68 569 68 569 68 569 68 569 68 569 68 569
527 68 607 158 68 5 68 81 68 81 68 5 189 68 189
261 86 68 158 108 68 19 85 68 19 85 68 19 85 68 5 68 189 68 189 68 241 68 19 85 68 189 68 19 85 68 19 85 68 19 85 68 19 85 68 19 85 68 19 85 68 81 68 19 85 68 189 68 241 359 68 241 68 5 189 68 19 85 68 5 68 19 85 359 68 19 85 68 19 85 68 5 68 5 68 189 68 189 68 189 68 189 68 189 68 241 68 241 68 189 68 81 68
170 299
87 68 189 68 189 68 189 68 170 68 170
79 359
85 4 258 108
430 299
321 569 68 19 85 68 149
79 158 108 68 64 211 108
5 68 607 158 68 170 108
593 163 68 81 68 5 68 81 68 5 68 430 68 189 68 405 68 158 108
189 211
501 85 123 68 607 158 68 189 68 64 211 108 68 64 211 108
245 449 68 405 68 237 213
607 158 68 607 158 68 370 68 189 68 79 430
283 68 607 158 68 397 68 339 68 19 85
152 550 501 68 397 68 189 68 607 158 68 85 359 68 5 68 85 359 68 189 68 189 68 189 68 189 68 189 68 85 359 389 85 359 389 85 359 68 189 68 189 68 189 68 189 68 189 68 189 68 189 68 189 68 189 68 189 68 5 189 68 189 68 189 68 5 189 68 5 189 68 5 68 85 359 389 85 359 389 158 359 389 158 68 189 68 189 68 189 68 5 68 189 68 189 68 189 68
607 158 68 158 68 158 108
405
569 68 389 158 118 68 189 68 5 68 85 68 430 68 189 68 85 68 189 68 64 211 108
405 359
283 68 64 211
397 68 64 211 108
283 68 158 108 68 85 152 68 43 158 68 189 68 5 68 85 359
189 68 158 108 68 569 68 405 68 430
430 68 5 189 68 189
550 158 85
64 211 68 158 108
607 158 68 550 501 68 397 68 19 85 68 19 85 68 607 158 68 211 149
261 86 68 124 68 569 68 213 51 86 68 397
611 359
240 550 158 108
189 266 158 359
189 108 68 5 68 640 68 640 68 640 68 241 68 640 68 640
87 68 607 68 607 158 68 5 68 5 68 321 247 68 241 68 241 68 241 68 241 68 241 68 607 158 68 5 68 241 68 241 68 241 68 241 68 189 68 189 68 189 68 189 68 241 68 241 68 241 68 241 68 241 359
347 158 359
189 68 550 501 68 189 68 64 211
430 108 68 81 68 517
397 68 241 68 640
5 189 241 359 389 339
189 68 527 68 607 158 68 405 85
85 149 550 158 108 68 64 211 108
321 240 68 640 68 640
290 85 359
321 27
607 158 68 607 158 68 5 189 68 189 68 189 68 189 68 389 158
527 68 607 158 68 81 68 5 68 81 68 189 68 189 68 189 68 189
283 68 158 108 68 517 68 158 108
405 85 4 258
607 158 108 68 569 68 85 359
19 85 68 81 68 189 68 43 158 68 430 68 430 68 5 189 68 189 68 189 68 85 359
85 389 158 118
283 68 347 501 68 397
651 123 68 607 158 68 397 68 347 501 68 189 68 189 68 189 68 189
288 68 569 68 569 68 405 108 68 405 68 405 68 405 68 64 211 108
189 68 211 543 68 607 158 68 189 68 405 68 189 68 405 68 189 68 189 68 405 543
19 68 607 158 68 397 68 189 68 240 389 158 118 68 189 68 64 211
64 211 85
87 68 170 108 68 607 158 68 397 68 550 158 68 189 68 64 211 108 68 189 68 64 211 108
503 158 108
611 51 86 68 136 479
430 299 211
283 68 550 501 68 397 68 569 68 19 85 68 569 68 85
261 86
417 85 68 158 108 68 158 85 359
19 68 158 108 68 189 68 189 68 5 68 189 68 85 379 68 640 68 640 68 5 189
430 85 68 405 85 68 189
430
253 68 397 68 397
261 86 68 124
261 86 68 607 158 68 81 68 569 68 569 68 569 68 503 158 108
261 86 68 607 158 68 527 359
153 68 607 158 68 81 68 5 68 189 68 607 158 68 5 68 607 158 68 5
503 189 68 170 108 68 569 68 569 68 170 108
430
283 68 617 68 397 68 517 68 517
564
593 163 68 569 68 569 68 569 68 569 68 569 68 569 68 569 68 569
5 189 85 359
4 85 359
607 158 68 569 68 85 359
258 149 68 430 299
607 158 68 550 501 68 189 68 81 68 569 68 569 68 64 211 108
43 158 68 607 158 68 527 359 68 607 158 68 253
5 85
503 189 68 245 449 68 607 68 189 68 189 68 189 68 189
261 86 85 359
189 68 189 68 85 359 68 189 68 85 347 501 68 189 68 85 359
87 68 527 68 607 50 68 189 68 5 68 189 68 189 68 189 68 617 149
607 479 68 640 68 640 68 189 68 85 359
158 108 68 550 501 68 189 68 607 158 68 85 68 85 347 158 68 189 68 64 211 108
531 359
87 68 19 85 68 5 68 81 68 5 68 189 68 189 68 189
189 68 54 86 68 405 68 405 68 405 68 569
86 163 68 550 501 68 189 68 189 550 501 68 189 68 211 108 68 189 68 189 550 501
593 163 68 550 501 68 85 68 397 68 569 68 85 347 501 68 85 359 68 189 68 85 359 68 189 68 189 68 85 359 389 85 359 68 85 359 68 85 359 68 189 68 569 68 189 68 569 68 569 68 569 68 569 68 569 68 569 68 85 359 550 85 359 389 85 359 389 85 359 389 85 359 389 85 359 68 85 359 389 85 359 68 189 68 189 68 189 68 189 68 389 85 359 68 189 68 397 68
253 85
87 359
19 85 68 158 108 68 158 108 68 158 108
189 68 507 211 68 189 68 189 68 389 158 543
241 359 85 359
85 389 158 543 211
538 430 68 430 68 85 149
406 158
543 51 570
79 158 189
253 68 607 158 68 5 68 81 68 189 68 189 68 189
197 85
347 158 85 359
201 258 189
527 68 607 50 68 189 68 5 68 517 68 517
501 85 123 108 68 397 68 569
189 68 108 68 81 68 189 68 5 189 68 81 68 189 68 189 68 189
607 479 68 550 158 108 68 405 108
577 68 397 68 569 68 85 379
397 68 607 158 68 397 68 241 68 241 68 397 68 241 68 241 68 241
261 86 68 607 158 68 569 68 405 108 68 430 68 430 68 430 149
593 163 68 5 68 397 68 569 68 569 68 569 68 211 108
607 158 68 527 68 5 68 81 68 189 68 189 68 189 68 189 68 189 68 189 68 5 189 68 189 68 81
189 68 550 501 68 189 68 213
85 359
517 68 5 68 5
240 211 108 68 607 158 68 5 189 68 241 359 389 339
569 68 550 501 68 189 68 213 68 213 68 397 68 397
430 108 68 405 68 64 211
5 85
370 68 5 68 81 68 5 68 5 68 5 68 5
283 68 5 68 431
87 507 211
261 86 68 189 68 607 158 68 5 68 189 68 189 68 189 68 170 68 607 158 68 170 68 170
64 211 108 68 64 211 108
593 149 68 517 68 397 68 569 68 430 68 430 149 68 189 68 569 68 569 68 569 68 569 68 430 149
87 68 189 68 170 299
197 86 68 189 68 170 108 68 189 68 170
79 339 359
283 68 607 158 68 170
607 479 68 5 189 68 189 68 189 550 487 149
189 108 68 640 68 640 68 640 68 640 68 640
240 389 339
261 86 68 5 68 569 68 339
569 68 569 68 241 68 189 68 189 68 290 85
261 86
607 158 68 5 68 64 211 108 68 241 68 640
43 158 68 81 68 5 189 68 569
283 68 189 68 240 389 158 108 68 241 68 640
503 158 68 158 108 68 607 158 68 81 68 189 68 189 68 189
189 68 124 68 86 108 68 158 108 68 569 68 430 68 85 359 68 430 68 430 68 85 359
261 86 68 245 449 68 569 68 569 68 569 68 569 68 569
70 189
321 68 607 158 68 81 68 189 68 79 430 68 189 68 241 68 241
51 86 68 189 68 5 189 68 189
189 108 68 81 68 189 68 405 68 405 68 64 211 108
189 68 607 158 68 253 68 397 68 397 68 430 68 397
397 68 241 68 640
569 68 527 68 527 68 607 158 68 517
87 68 19 163 68 43 158 68 397 68 617 149
197 86
397
569 68 85 359 550 501 68 189 68 189 68 189 68 189 68 64 211 108
197 86 85 68 158 108 68 19 85
79 158 199
331 68 245 449
201 258 85 359
87 68 170 299
211 570 389 479 68 339
5 543
261 86 68 370 68 5 68 81 68 19
79 430 68 241
194 543 211 108
283 68 158 108 68 617 68 569 68 64 550 158 108
43 158 85 359
5 68 370 68 19 85 68 5 68 241 68 241 68 241 68 241 68 241
607 158 68 527 68 5
617 68 331
261 86 68 607 158 68 5 68 81 68 5 189
651 123 68 517 68 430 68 430
405 189 68 64 211 108
79 430 359
365 430
569 68 569 68 569 68 569 68 569 68 569 68 85 359
283 68 607 158 68 397 68 550 501 68 5 68 189 68 189 68 617
607 479 68 81 68 81 68 189 68 405 68 503 158 68 503 158
405 189 68 64 211 108
189 68 85 359
261 86 68 607 68 397 68 397 68 170 68 170
607 170 68 158 68 5 189 68 5
170
406 158
283 68 158 108 68 19 85 68 19 85 68 19 85 68 19 85
189 68 158 607 158 68 569 68 211 68 430 68 430 68 189 68 607 158 68 189 68 607 158 68 607 158 68 607 158 68 607 158 68 503 158 68 189 68 189 68 189 68 359
170 108
261 86
189 68 81 68 430 68 430 68 405 199
405 85 290 85
611 85 359 68 550 158 108 68 189 68 64 211 108 68 64 211 108
276 85 359
527 68 607 158 68 527 68 397 68 607 158 68 189 68 527 359 68 397 68 569 68 64 211 108
64 550 158 68 64
189 68 136 479 68 158 108
607 479 68 81 68 397 68 397 68 397 68 397 68 397 68 397 68 397
79 430 359
607 479 68 189 68 527 359 68 153 189
503 189 68 189 68 569 68 45 108
85 359
189 68 43 158 68 43 158 68 43 158 68 43 158 68 43 158 68 149
87 68 81 68 569 68 569 68 569 68 569 68 405
527 68 607 158 68 81 68 189 68 189 68 189 68 64 211 108 68 189 68 64 211 108
283
5 68 189 68 527 359 68 569 68 64 211 108
64 211 149 68 64 211 240
629
507 211
231 51 86 68 261 86 68 5 68 81 68 569 68 569 68 569 68 569
370 68 5 68 81 68 189 68 5 68 158 108 68 5 68 5
189 68 527 68 607 158 68 527 68 607 158 68 189 68 189 68 527 68 189 68 5 68 189 68 527 359 68 189 68 189 68 365 430 199 68 189 68 189 68 189 68 527 359 68 189 68 527 359 68 527 359 68 189 68 189 68 189 68 527 359 68 527 359 68 189 68 527 359 68 189 68 189 68 189 68 189 68 189 68 189 68 189 68 189 68 607 50 68 189 68 189 68 189 68 189 68 189 68
64 211 68 79 158 118 68 189 68 64 211 108
607 479 68 189 68 85 347 501 68 569 68 85 379 85
283
197 86 68 5 68 569 68 569 68 64 211
87 68 170 299 68 5 68 611 68 607 158 68 5 189 68 170
607 158 68 550 501 68 189 68 189 68 189 68 189 68 389 158 68 189 68 389 158 118 68 189 68 189 68 189 68 189 68 189 68 389 158 68 189 68 189 68 189 68 189 68 189 68 189 68 189 68 189 68 189 68 389 158 359 389 158 359 389 158 359 389 158 359 389 158 359 389 158 359 389 158 359 389 158 359 389 158 359 389 158 359 68 189 68 189 68 189 68 189 68 189 68 189 68 189
54 86 68 607 158 68 189 68 189 68 517
87 108 68 569 68 211 543 68 405 68 64 211 108
194 543
261 86 68 5 68 527 68 397 68 569 68 569 68 64 211
85 197 86
240 4 85
87 68 170 299
261 86 68 245 449 68 158 108 68 5
321 247 68 85
447 158 240 359
19 85
283 68 569 68 569 68 213 211 108 68 569 68 189 68 64 211
430 299
283 68 5 68 54 86 68 85 68 241 68 189 68 241 68 241 68 189 68 241
261 86 68 607 158 68 569 68 405 68 405 68 569 68 405
189 68 607 158 68 189 68 189 68 5 68 189 68 189 68 189 68 189 68 189 68 607 158 68 189 68 189 68 607 158 68 189 68 5 68 527 359 68 189 68 189 68 189 68 189 68 527 359 68 189 68 189 68 607 158 68 189 68 189 68 189 68 189 68 189 68 607 158 68 189 68 189 68 189 68 189 68 5 68 189 68 189 68 189 68 189 68 607 158 68 607 158 68 189 68 189 68 607
397 68 569 68 569 68 550 501 68 569 68 569 68 550 501 68 550 501
501 85 359 389 339 68 189 68 339
158 108 68 85 347 158 189 68 211
79 430
189 68 405 68 158 108 68 189 68 240 389 158 108 68 189 68 158 108
152 68 5 68 152 68 189 68 237 85
43 158 68 152
86 163 68 617 68 640 68 405 68 64 211 108
503 158 68 158 108 68 607 158 68 405 68 5 68 85 68 81
517
64 211 68 430 68 569 68 569 108
158 85 359 68 158 240 389 158 118
19 85 68 70 158
405 149 211 149
607 158 68 43 158 68 430 68 5 68 569 68 430
430 68 189 68 170 108 68 170 108 68 170 108
503 189 68 607 158 68 189 68 81 68 397 68 569 68 85 359
5 189 108
189 85 359 550 158 149
189 68 158 607 158 68 527 359 68 19 85
283 68 550 501 68 189 68 607 158 68 550 158 68 189 68 550 158
153 189 68 240 51 149
607 86 68 550 501 68 397 68 189 68 241 68 189 68 241 68 607 158 68 189 68 241
64 211 68 517 68 517 68 569 68 430 68 430 68 430 68 430 68 430 68 430
189 68 5 68 54 86 68 397 68 397 68 569 68 241 68 339
258 149 68 189 68 158 108 68 397 68 64 211 108
201 642 211 68 339
607 479 68 189 68 189 68 189 68 389 339 68 70 158 359
406 158 68 607 158 68 81 68 569 68 517 68 430
87 68 5 68 81 68 189 68 5 68 189 68 189 68 5 68 189 68 189 68 5 189 68 253
321 247
607 158 68 527 68 607 50 68 189 68 64 211 68 189 68 64 211
569 68 85 347 501 68 189 68 501 85 365 430 199 68 430 149 68 430 149
153 68 70 158
189 68 5 68 569 68 569 68 569 68 569 68 569 68 64 211 108
87 68 81 68 517 68 153 189
503 189
405 68 85 359
365 430
85 389 158 108 68 189 68 5 189 68 241 359 389 158 118
189 68 607 158 68 607 158 68 607 158 68 5 68 607 158 68 607 158 68 607 158 68 170 68 170 68 170 68 607 158 68 170 68 170 68 170 68 170 68 607 158 68 607 158 68 170 68 170 299
189 68 81 68 405 68 405 108 68 405
64 211 68 86
607 158 68 5 68 607 158 68 5 68 331 149 68 5 68 607 158 68 607 158 68 5 68 189 68 189 68 607 158 68 607 158 68 189 68 189 68 189 68 189 68 189 68 189 68 189 68 331 149 68 607 158 68 607 50 68 189 68 189 68 5 68 5 68 5 68 5 68 5 68 5 68 5 68 5 68 5 68 359 68 359 68 189 68 331 149 68 331 149 68 331 149
503 158 108 68 158 108 68 569 68 430 68 430
261 86 68 19 68 19 85
538 430 68 85 359 68 158 108 68 569 68 430
189 68 158 108 68 158 108 68 569
370 68 5 68 43 158 68 189 68 607 158 68 5 68 189 68 607 158 68 331 149
527 68 607 158 68 283 68 283 68 283 68 283
5 189 85 359
253 68 517 68 517
64 211 108 68 569 68 240 550 501 68 241 68 241 68 241 68 64 211 108
240 479
276
64 211 108
19 85
19 149 68 430 68 43 158
189 149 211 108 68 43 158 68 43 158 68 43 158
430 85 222 85
64 211 108 68 607 158 68 81 68 19 85 68 189 68 189 68 19 85 68 189 68 64 211 149
261 86 68 607 158 68 640 68 5 68 405 149
189 68 569 68 569 68 569 68 569 68 389 501 85 359
87 68 170 68 5 68 370 68 5 68 5 68 5
245 85 68 550 158 108 68 397 68 19 85 68 189 68 85
158 108 68 569 68 569 68 569 68 85 4 405 85
19 68 331 149 68 189 68 189 68 85 359
197 85
261 86 68 607 158 68 81 68 81 68 189 68 189 68 5 68 189
593 163 68 405 68 517 68 517
189 68 617 149 68 617 149
211 199 68 5
607 158 68 5 68 397 68 189 68 189 68 189 68 189 68 189 68 189 68 389 158 118 68 189 68 189 68 189 68 189 68 189 68 189 68 189 68 189 68 189 68 189 68 189 68 189 68 189 68 189 68 189 68 241 359 389 237 299 68 189 68 189 68 189 68 397 68 397 68 189 68 189 68 397 68 189 68 189 68 189 68 189 68 189 68 189 68 189 68 189 68 189 68 189 68 189 68 189
64 211 108 68 64 211 108 68 189 68 158 108
49 68 607 158 68 5
503 158 68 158 108 68 607 158 68 397 68 85 359 68 85 359 68 397 68 189 68 85 359 389 158 108 68 85 359 68 19 85 359 68 85 359 68 19 85 359 68 19 85 359 68 19 85 359 68 189 68 189 68 397 68 397 68 189 68 85 359 68 189 68 607 158 359 68 397 68 397 68 85 359 68 397 68 85 359 68 189 68 189 68 189 68 189 68 189 68 389 158 68 189 68 189 68 389
405
527 68 607 158 68 85 347 158 68 397 68 430 68 189 68 550 158
49 68 19 85 68 158 108 68 607 158 68 430 68 85
189 68 527 68 5 68 617 68 189 68 189 68 189 68 617
406 158 68 93 389 158
430 68 211 543 68 405 68 189 68 405 543
531 149 68 569
189 68 152 68 152
607 158 68 5 68 85 152 68 189 68 430 68 189 68 85 359
258 149 68 607 158 68 81
405 68 405 85
189 68 70 158 68 81 68 569 68 64 211 108
51 86 68 527 68 607 158 68 397 68 569 68 569 68 85 347 501 68 189
87 449
397 68 64 211 108
283 68 405 68 189 68 405 68 640 68 640 68 640 68 640
87 68 569 68 569 68 430 68 430 199
642
197 86 68 5 189
607 158 68 189
283 68 213 389 158 108
240 389 339
569 68 430 149 68 430 68 430
189 68 19 85 68 19 85 68 43 158 68 19 85 68 189 68 19 85 68 189 211 108
43 158 68 19 85 68 253 68 189 68 430
527 68 607 158 68 527 68 607 158 68 5
5 189 108
283 68 85 527 68 607 158 68 5 68 85 347 158 68 189 68 85 68 189 68 85 347 158 68 189 68 189 68 85 347 501 68 85 359
189 211 85 359 68 607 158 68 5 189
607 158 68 189 68 550 158 118
569 68 79 158 240 68 79 158 108 68 241
87 68 124 68 397 68 569 68 569 68 569 68 85 379
170 68 170 108
19 85 68 430 199
283 68 550 501 68 43 158 68 543 550 501 68 397
405 85 4 258
43 158 68 85 359 68 331 149 68 189 68 331
87 68 86 54 86 68 397 68 397 68 397 68 607 50
503 189 68 253 68 607 158 68 85 379 68 64 211 108
569 68 81 68 81 68 189 68 189 68 64 211 108
261 86 68 124
189 68 527 68 607 158 68 331 68 85 359
607 158 68 189 68 189 68 189 68 189 68 189 68 85 359
321 68 527 68 607 158 68 5 68 189 68 189 68 189 68 241 68 64 211 108
261 86 68 245 449 68 569 68 19 85
64 211 68 430 68 189 68 405 68 64 211 68 64 211 108
197 86
201 642 211 68 607 158 68 5 189 68 43 158 118
87 68 527 68 607 158 68 189 68 79 158 108
189 211 85 359 68 607 479 68 211
607 170 68 5 68 170 68 170 68 170 68 170 68 170 68 170 68 170
339 68 550 339
189 643
19 68 158 68 158 189 68 158 543 68 189 68 85 347 158 108
607 479
261 86 68 607 158 68 81 68 81 68 189 68 189 68 405 85
527 68 607 158 68 81 68 189 68 64 211 68 430 68 64 211 108
189 68 85 347 501 68 397 68 397
43 158 68 5 189
86 163 68 550 501 68 5 68 189 68 81
651 123 68 607 158 68 253 68 397 68 569 68 569 68 85 359
79 158 240
569 68 19 85 68 158 108 68 5 189
405 108 68 81 68 189 68 5
158 108 68 569 68 527 359 68 607 158 68 527 359
87 449 68 158 108 68 19 85 68 19 85 68 19 85
85 359
19 85
527 68 607 158 68 607 158 68 5 68 189 68 189 68 189 68 189 68 189 68 5 68 607 158 68 189 68 189 68 607 158 68 189 68 5 68 189 68 189 68 347 158 68 347 158 68 347 158 68 189 68 189 68 347 501 68 189 68 347 501 68 397 68 5 68 5 68 5 68 5 68 5 68 397 68 397 68 5 68 347 158 68 189 68 347 158 68 359 68 347 158 68 189 68 189 68 607 158
607 170 68 5
593 163 68 85 359 68 640 68 640 68 640
276 85
430 199 68 189
261 86 68 607 158 68 81 68 5 68 81 68 189 68 405 85
607 86 68 527 68 607 158 68 5 68 81 68 189 68 189 68 189 68 189 68 189 68 189 68 189 68 189 68 405 68 189 68 405 68 189 68 189 68 189 68 189 68 189 68 347 501 68 347 501 68 189 68 405 68 347 501
189 68 211 108
503 189 68 245 68 245 449 68 517
189 68 211 108 68 607 158 68 5 68 607 158 68 389 158 68 550 158 68 389 158 68 389 158 118
189 68 550 501 68 189 68 430 68 550 501 68 189 68 405 68 430 68 189
87 359
651 123 68 158 68 430 68 569 68 405 108 68 569 68 64 211 108
479 85
64 211 108 68 19 85 68 19 85 68 19 85
189 68 211 108 68 607 158 68 550 158 68 607 158 68 211 68 211 68 211 68 189 68 607 158 68 43 158 108
19 85
370 68 5 68 81 68 85
189 68 4 4
189 85 359 550 158 149
231 51 86 68 569 68 569 68 607 158 68 397 68 5 68 85 359 68 397 68 241
261 86 68 124
149 550 501 68 189
503 189 68 189 68 189 68 240
261 86 68 370 68 81 68 569 68 569 68 569 68 189
607 158 68 347 501 68 339 68 211
564 359
258 189 68 158 108 68 189 389 158 118
189 68 569 68 569 68 85 347 501 68 85 359 389 158 108
19 85 68 189 68 189 68 189 68 64 211 108
430 68 189 68 85 152
617
611 152 68 64 211
79 158 108 68 85 359
503 158 108
261 86
253 68 5 68 81
503 189 108 68 569 68 85 359 389 158 118 68 189 68 85 359 68 189 68 85 359
607 158 118
43 158 68 642 211 68 43 158 108
189 68 550 501 68 189 68 43 158 68 189 68 189 68 189 211
19 64 211 108 68 405 108
85 70 158 108 68 430 149
43 158 68 527 68 607 158 68 189 68 5 189
283 68 607 158 68 527 359 68 607 158 68 397 68 189 68 607 158 68 189
321 247 68 81 68 189 68 405 68 569 68 405 108
651 123
64 211 68 607 158 68 253 68 517 68 517 68 517
231 51 86 68 607 68 189 68 550 501 68 189 68 189 68 189 68 64 211
611 51 86
283 68 617
397 68 607 158 68 152 68 5 189 68 331
261 86 68 124 68 607 158 68 397 68 569 68 211 68 85 68 64 211 108 68 189 68 607 158 68 189 68 189 68 189 68 569 68 569 68 569 68 189 68 189 68 64 211 108 68 569 68 569 68 569 68 569 68 569 68 170 108 68 170 108 68 397 68 397 68 170 108 68 170 108 68 397 68 397 68 397 68 397 68 194 108 68 189 68 189 68 607 158 68 170 299 68 607 50 68 607 158 68
607 158 68 527 68 607 158 68 607 158 68 170 68 283 68 170 68 170 68 170 299
611 85 359 68 550 158 108 68 189 68 64 211 108 68 64 211 108
189 68 527 68 607 158 68 331 68 85 359
321 68 607 158 68 81 68 189 68 189 68 189 68 189 68 64 211 108
517 68 64 211
253
153 189 68 245 449
607 86 68 527 68 607 158 68 397 68 397 68 189 68 64 211 108 68 189 68 64 211 108
87 68 245 449 68 370 68 370 68 5 68 640 68 397
261 86 68 607 158 68 527 68 607 158 68 5 68 189 68 189 68 189 68 607 158 68 241 68 189 68 189 68 64 211 68 189 68 5 68 241 68 189 68 189 68 64 211 68 189 68 241 68 189 68 189 68 189 68 241 68 189 68 5 68 607 158 68 607 50 68 5 68 189 68 189 68 189 68 189 68 5 68 5 68 189 68 189 68 64 211 68 64 211 68 64 211 68 607 158 68 607 158
405
390 85
507 211 68 5
49 551 68 339 68 397
430 551
370 68 5 68 81 68 189 68 189 68 189 68 189 68 5 68 189
569 68 389 501 68 258 149
87 68 527 68 607 158 68 527 359 68 607 158 68 170 68 170 68 170 108
261 86 85
283 68 5 68 397 68 397 68 569 68 569 68 569 68 64 211 108
503 189 68 158 108 68 569 68 85 359 68 189 68 189
189 108 68 85 359 68 397 68 397 68 569 68 189 68 85 347 501 68 189 68 241
258 85 4 85 359 68 430 85 359
527 68 607 50 68 189 68 43 158 68 81
189 68 405 68 405 68 569 68 569 68 569 68 569
49 551 68 136 479
19 85 222 149
503 189 108 68 569 68 569 68 85 347 501 68 85 68 85 68 85 149
79 85 359
211 570 389 158
149 68 347 501 68 189
397 68 501 85 123 108 68 569 68 569 68 430 149
397 68 370 68 607 158 68 5 68 5 68 370 68 5 68 370 68 370 68 5 68 5 68 253 68 607 158 68 397 68 397 68 397 68 253 359 68 253 68 253 68 253 359 68 253 359 68 253 359 68 253 68 397 68 253 359 68 253 359 68 5 68 397 68 5 68 5 68 5 68 5 68 397 68 397 68 5 68 5 68 5 68 5 68 5 68 359 68 607 50 68 607 50 68 607 158 68 5
607 479 68 550 501 68 189 68 5 68 64 211 68 64 211
283 68 5
152
170 108 68 5 189 68 543
447 158
149 550 158 68 283
87 68 19 85 68 81 68 189 68 569 68 569 68 85 347 501 85 68 189 68 85 359 68 569 68 569 68 85 379 85 68 569 68 569 68 85 359
261 86 68 124 68 124
189 68 149 550 501 68 5 68 85 359 68 189 68 189 68 189 68 189 68 189 68 405
405 85
397 68 569 108
261 86 68 370 68 5 68 81 68 189 68 189 68 189
430 299 68 85 365 430 199
339 68 158 108 68 158 108 68 158
347 501
430 551
261 86 68 607 50 68 397 68 569
261 86 68 370 68 5 68 81 68 569 68 569 68 19 85
189 68 607 158 68 607 158 68 43 158 68 43 158 68 607 158 68 43 158 68 43 158 68 43 158 68 43 158
43 158 68 158 68 158 108 68 189 68 19 85 68 430 68 430 68 189 68 241 68 241
501 85 4 189 68 189 68 405 85
405 149 68 64 211 149
197 85 68 64 51 85
189 68 19 85 68 19 85
417
607 158 68 5 68 189 68 189 68 79 430 68 189
85 359
607 158 68 397 68 569 68 158 108 68 569 68 430 68 430 68 430 68 189
253 68 397 68 397
397 68 370 68 158 108 68 189 68 241 68 430 68 241 68 241 68 430
370
231 240
253 68 85 359
253 68 569 68 19 85 68 189 68 19 85 68 189 68 64 211
607 158 68 19 85 68 64 211 108
447 158 68 640
261 86 68 607 158 68 81 68 189 68 640 68 640 68 241 68 241 68 640
261 86 68 370 68 5 68 569 68 64 211 68 64 211
607 158 68 527 68 607 158 68 607 158 68 81
397 68 527 359
503 158 108
283 68 430 68 430 85 347 158 118 68 569 68 430
211 240 68 640 68 569 68 640
87 245 449 68 158 108 68 19 85 68 607 158 68 5 68 321 240 68 397 68 321 247
79 359
261 86 68 607 158 68 81 68 405 68 405 68 405
283 68 85 68 527 68 607 158 68 189 68 189 68 85 68 85 68 189 68 189 68 85 347 158 68 189 68 85 68 85 347 501 68 527 359
261 86 68 370 68 5
85 43 158
503 158 108 68 569 68 569 68 64 211 108 68 64 211 108
189 68 607 158 68 397 68 569 68 569 68 85 359 68 85 359 68 85 359 389 158 108
189 68 85 347 501 68 189 68 189 68 189 68 189 68 189 68 85 347 501
283 68 607 158 68 550 501 68 5 68 189 68 189 68 189 68 189 68 189 68 389 158 68 389 158 118
253 68 5 189 68 64 211
19 85 68 158 108 68 5 68 81 68 189 68 189 68 5 68 189 68 189 68 5 68 43 158 68 43 158 68 43 158 68 43 158 68 81 68 81 68 81 68 81 68 189 68 43 158 68 81 68 189 68 43 158 68 81 68 81 68 81 68 81 68 189 68 43 158 68 5 68 43 158 68 5 68 189 68 43 158 68 81 68 189 68 43 158 68 43 158 68 43 158 68 189 68 189 68 189 68
593 163 68 527 68 607 158 68 5
64 211 108 68 158 108 68 569 68 4
79 158
5 68 81 68 64 211
283 68 607 68 397 68 617 68 397 68 517
415
158 517 68 43 158 68 430
543 51 85
564 68 158 108 68 158 108 68 19 85
5 68 81 68 64 211
197 86 68 607 68 189 68 241 68 241 68 397 68 241 68 241 68 241 68 189
261 86 68 87 68 81 68 517 68 517
283 68 245 449 68 607 158 68 5 68 81 68 189 68 5 68 640 68 640
189 68 81 68 607 158 68 189 68 617
527 68 607 158 68 189 68 550 158 68 85 68 5 68 85 347 158 108 68 189 68 189 68 189 68 189 68 189 68 85 359 68 189 68 189 68 189 68 189 68 189 68 189 68 189 68 189 68 189 68 189 68 241 152 550 158 68 189 68 189 68 189 68 189 68 5 189 68 5 189 68 5 68 85 359 68 5 68 5 68 189 68 189 68 5 68 331 430 68 5 68 5 68 189 68 189 68 189
189 68 607 158 68 607 158 68 81 68 569 68 405 68 405 68 405
87 68 569 68 158 108 68 569 68 85 379 68 189
607 158 68 240 68 640 68 241 68 64 211 108
607 158 68 569 68 5 189 68 189 68 189
43 158 68 81 68 81 68 189 68 405 68 405 189 68 405 68 405 189
501 85 123 68 569 68 569 68 569 68 569 68 569 68 64 211 108
430 211 68 5 68 569 68 569 68 405 199
87 68 253 68 397 68 430
19 68 152 68 397 68 569 68 569 68 569 68 569 68 569 68 569
569 108 68 85 359 68 189 68 189 68 189 68 189 68 389 158 108
607 158 68 189
43 158 108
607 68 5 68 397 68 397
261 86 68 124 68 397 68 607 50 68 569 68 640 68 640 68 397 68 397
406 430 68 430 149 550 158 543 68 43 158
87 68 569 68 569 68 569 68 569 68 4 240 68 79 430
261 86 68 527 68 607 158 68 569 68 19 85
189 68 617 68 569 68 569 68 569 68 569 68 241 359
245 449
43 158 68 288 68 430 68 43 158 68 85 359
607 158 68 331
85
503 189 68 569 68 569 68 569 68 569 108
527 68 5 68 527 68 397 68 85 359 68 189 68 189 68 85 359
253 359
189 68 607 158 68 397 68 397 68 550 501 68 569 68 550 501 68 569 68 569 68 64 211 108
288 68 550 501 68 569 68 569 68 64 211 108
36 85 359 68 241 430 149
240 149
189 68 81 68 79 430
86 163 68 550 501 68 397 68 397 68 397 68 397 68 397 68 397 68 397
261 86 68 607 158 68 261 86 68 261 86 68 607 158 68 261 86 149 68 397 68 607 158 68 607 50
593 163 68 607 158 68 5 68 81 68 189
503 158 108 68 158 108 68 607 158 68 321 247 68 640 68 640 68 640 68 241 68 241 68 640 68 640 68 241 68 241 68 241 68 241
189 68 213 550 501 68 5 68 81 68 189
593 163 68 85 359 68 43 158 68 43 158 68 189 68 189 68 85 359 389 158 68 189 68 189 68 189 68 43 158 108
261 86 68 370 68 5
593 163 68 550 501 68 5 68 189 68 569 68 189 68 189 68 211
49 68 43 158 68 43 158 68 149
213 211 68 245 449 68 607 68 430 68 430
283 68 211 108 68 397 68 43 158 68 19
406 158 240
240 211 108
283 68 189 68 240 550 501 68 397 68 241 68 189 68 189 68 64 211
19 64 211 108 68 405 108
240 389 501
607 158 68 5 68 240 68 64 211
527 68 569 68 569 68 569 68 240 389 158 108 68 189 68 64 211 108
283 68 550 501 68 397 68 607 158 68 5 68 5 189 68 397 68 607 158 68 43 158 68 617 149
607 158 68 158 108 68 5 189 68 640
189 68 405 68 405 108 68 405 68 158 543
607 68 5 68 607 68 607 158 68 170 68 170 68 170 68 170 68 170 68 170 299
189 68 607 158 68 527 68 397 68 397 68 607 158 68 527 359 68 397 68 189 68 607 158 68 189 68 189 68 397 68 397 68 397 68 85 359 68 189 68 189 68 607 158 68 189 68 527 359 68 397 68 397 68 397 68 569 68 189 68 607 158 68 397 68 397 68 397 68 397 68 397 68 397 68 397 68 397 68 347 501 68 189 68 189 68 397 68 397 68 347 501 68 607 158 68 189 68 607
87 449 68 527 359 68 607 158
283 68 517 68 19 85 68 19 85 68 19 85 68 19 85 68 19 85
447 158
607 155 68 81 68 189 68 5 189
19 68 607 158 68 397 68 617 68 64 211 108 68 189 68 64 211 108
607 479 68 152 68 397 68 569 68 347 501 68 189 68 189 68 189 68 189
19 68 339 68 158 108
87 68 370 68 607 68 397 68 64 211 68 640 68 397 68 64 211 108
261 86
283
261 86 68 124
43 158 68 5 68 19 85 68 189 68 640
321 68 569 68 569
607 158 68 81 68 569 68 405
577 68 241 68 640
406 158 68 93 389 158
321 68 607 158 68 642 211
569 68 569 68 569 68 85 347 501 68 5 68 5 68 189 68 85 359 68 189 68 5 68 189 68 189 68 189 68 397 68 397 68 569 68 569 68 189 68 189 68 569 68 189 68 189 68 569 68 569 68 189 68 397 68 569 68 189 68 397 68 397 68 397 68 397 68 397 68 397 68 397 68 397 68 397 68 5 68 5 189 68 189 68 397 68 397 68 5 68 5 68 189 68 189 68 397 68
370 68 5 68 81 68 339
261 86 68 245 449 68 397 68 397 68 569 68 569 68 211 108 68 569 68 569 68 550 501 68 569 68 569 68 397 68 397 68 569 68 569 68 569 68 569 68 569 68 569 68 569 68 569 68 569 68 569 68 569 68 569 68 569 68 569 68 569 68 397 68 397 68 569 68 397 68 397 68 397 68 397 68 397 68 569 68 569 68 397 68 550 501 68 397 68 170 299 68 569 68 397 68 550 501
397 68 527 68 569 68 569 68 64 211 68 64 211 108 68 64 211 68 189 68 64 211 108
51 86
5 68 189 68 189 68 189 68 607 158 68 397 68 5 189 68 607 158 68 5 189 68 5 68 189 68 397 68 397 68 397 68 397 68 397 68 397 68 189 68 189 68 359 68 359 68 359 68 359 389 152 389 152 389 158 359 389 158 359 68 397 68 397 68 397 68 397 68 397 68 397 68 397 68 397 68 397 68 359 389 158 359 389 158 359 68 359 389 158 359 68 397 68 189 68 189 68 189
283 68 85 68 607 158 68 397 68 397 68 397 68 189 68 54 86 68 397 68 607 158 68 607 50
607 158 68 527 68 607 158 68 397 68 359 68 397 68 189 68 189 68 189 68 189
64 211 108 68 85
54 86 68 405 68 405 85
503 189 68 527 68 607 158 68 85 365 430 199
283 551 68 607 158 68 189 68 189 68 189 68 189 68 550 501 68 189 68 189 68 211 108
503 158 108
253 68 569 68 569 68 517 68 517 68 517
543
607 158 68 527 68 607 158 68 5 68 189 68 189 68 189 68 85 347 501 85 347 501 68 189 68 189 68 189 68 189 68 189 68 189 68 189
43 158 68 642 68 5 68 397 68 397 68 397
261 86 68 253 68 569 68 19 85
503 189 108 68 569 68 569 68 85 347 158 118 68 85 359
569 68 64 211 108 68 189 68 64 211 108 68 189 68 64 211 108 68 189 68 64 211 108 68 189 68 189 68 64 211 108 68 64 211 108 68 64 211 108 68 64 211 108 68 189 68 189 68 189 68 189 68 189 68 64 211 108 68 64 211 108 68 189 68 397 68 397 68 397 68 189 68 189 68 189 68 389 158 108 68 64 211 108 68 189 68 189 68 189 68 64 211 108 68 189 68 64 211
607 86 68 550 501 68 397 68 189 68 85 359 68 189 68 85 347 501 68 189 68 64 211 108
189 211 359
370 68 5 68 569 68 397 68 339 68 5 68 339 68 5 68 339
152 68 640
607 158 68 70 158
86 163 68 550 501 68 189 68 189 68 550 501 68 189 550 501 68 189 68 550 501
261 86 68 5 68 370 68 5 68 85 359 68 189 68 5 68 189 68 189
189 68 527 68 607 50 68 397 68 397 68 397 68 397
189 68 607 158 68 81 68 189 68 189 68 189 68 189 68 189 68 189 68 189 68 64 211 68 189 68 189 68 64 211 108 68 189 68 64 211 68 189 68 189 68 189 68 189 68 347 501 68 189 68 189 68 189 68 189 68 189 68 189 68 189 68 189 68 189 68 189 68 189 68 189 68 189 68 189 68 189 68 347 501 68 189 68 189 68 189 68 189 68 189 68 189 68 189 68 189 68 189
283 68 81 68 70 158 68 19 85
397 68 85 359 389 158 118
538 430
261 86 68 124 68 569 68 550 501 68 569 68 85 379 85
19 68 5 68 370 68 397 68 397 68 19
19 68 152 68 640 68 5 68 43 158 68 43 158
261 86 68 245 449 68 569 68 569 68 569 68 19 85 68 19 85
189 68 158 108 68 607 158 68 64 211 68 640 68 640
86 163 68 550 501 68 189 68 85 152 68 19 85 68 43 158 68 19 85 68 43 158 68 19 85 68 43 158 108 68 19 85 68 43 158 68 19 85 68 81 68 81 68 81 68 81 68 81 68 19 108 68 43 158 68 81 68 5 68 5 68 189 68 43 158 68 5 68 81 68 43 158 68 81 68 189 68 5 68 81 68 189 68 189 68 81 68 43 158 68 81 68 189 68 189 68 189 68
85 347 158 118
87 68 245 449 68 158 108 68 5 189
321 27 68 245 449 68 158 108
607 158 68 70 158
564
240 51 85 359 68 430 68 430 299
253 68 397 68 54 86
290 85 359 68 430 68 430 68 430
611 152
593 149 68 430 68 79 430 68 241 68 430
189 68 211 108 68 607 158 68 430 68 430 68 430 68 430 68 430 68 430 68 5 189 68 189 68 189 68 189 68 430 199
189 68 405 68 19 85 68 430 68 430
569 68 85 359 68 640 68 397 68 640 68 640
527 68 607 158 68 253
347 501 68 81
64 211 108
261 86 68 5 189
5 85
189 68 64 211 108 68 607 158 68 550 501 68 189 68 5 68 64 211 68 189 68 64 211 108
19 68 607 158 68 253 68 5 68 607 158 68 189
607 158 68 252 155 149 68 640 68 640
43 158 68 607 158 68 5 68 43 158 68 81 68 43 158 68 189 68 43 158 68 43 158 68 43 158 68 43 158 68 43 158 68 43 158 68 43 158 68 43 158 68 43 158 68 43 158 68 81
189 68 158 108 68 189 68 79 430
43 158 68 81 68 189 68 19 85 68 19 85 68 607 158 68 189 68 189 68 5 68 189 68 189 68 189 68 64 211 68 189 68 81
87 68 19 85
189 68 607 158 68 170 108 68 339 68 19 85 68 189 68 85 68 158 68 189
283 68 211 108 68 607 158 68 81 68 607 158 68 5 68 189 68 189 68 405
5 68 527 68 149 68 158 108 68 607 158 68 189 68 5 189 68 189
189 68 607 158 68 607 158 68 5 68 607 158 68 5 68 607 158 68 607 158 68 607 158 68 189 68 607 158 68 607 158 68 5 189 68 607 158 68 607 158 68 607 158 68 607 158 68 607 158 68 607 158 68 607 158 68 389 158 68 607 158 68 607 158 68 607 158 68 389 158 68 607 158 68 607 158 68 389 158 68 389 158 68 607 158 68 607 158 68 5 68 389 158 68 607 158 68 607
85 70 189 108
405
283 68 5 68 577 68 189 68 189 68 189 68 189 68 189 68 189 68 189 68 170 299
152 68 19 85 68 19 85 68 569 68 85 68 85 68 85 68 85 68 569 68 85
283 68 43 158 68 43 158 68 397 68 222 108 68 211 108
245 449
258 430 199
261 86 68 607 158 68 261 149 68 5 68 153 189 68 405
54 86 68 189 68 189
569 68 81 68 81 68 189 68 85 68 569 68 569 68 85 68 85 68 569 68 85 359 68 569 68 569 68 85 68 569 68 569 68 569 68 569 68 569 68 85 68 569 68 569 68 569 68 569 68 569 68 569 68 569 68 569 68 569 68 569 68 569 68 81 68 81 68 569 68 85 359 68 85 359 68 85 359 68 85 359 68 569 68 81 68 569 68 569 68 569 68 569 68 569 68 81 68 81
170 68 170 108
290 85 4
79 359
43 158 108
607 158 68 397 68 569 68 158 108 68 569 68 430 68 430 68 430 68 189
253 149 258 149
339 551
197 86 68 5 68 81 68 569 68 19 85 68 211 108 68 211 108 68 211 108
43 158 68 527 359 68 569 68 85 359
170 449
607 479 68 189 68 189 68 189
79 430
283 68 405 68 189 68 405 108
593 163 68 365 430 149 68 397 68 569 68 569
189 68 607 158 68 397 68 339 68 241 68 339 68 397 68 241 359
211 108
593 163 68 607 158 68 607 158 68 550 158 68 397 68 607 158 68 397 68 607 158 68 611
503 158 108 68 569 68 569 68 81 68 430 68 430 68 569 68 430
87 449 68 527 68 607 158 68 397 68 431 68 517
213
607 68 5 68 397 68 347 501 68 359
213 51 86 68 550 501 68 430
64 211
261 86
397 68 43 158 68 19 85 68 5 68 240 211 68 189 68 241 68 241 68 189 68 241 359
607 158 68 5 68 339 68 339
64 550 158 68 64
64 211 108 68 64 211 108 68 397 68 569 68 405 108
569 68 170 108 68 607 158 68 5 68 79 158 68 189 68 64 211 108
261 86 68 124
5 68 527 68 607 158 68 5 68 81 68 189 68 189 68 189 68 189
241 359 85 359
43 158 68 158 68 158 108 68 158 108 68 430
240 389 339
64 211 108 68 517 68 517
593 163 68 397 68 189 68 189
258 149 68 43 158 68 85 152
189 68 124 68 124 68 607 50 68 397 68 170 108
430 299 149 68 79 158 118
86 163 68 550 501 68 43 158 68 43 158 68 43 158 68 43 158 68 517
290 85 359
253 68 607 50 68 569 68 569 68 569 68 569 68 64 211
283 68 5 68 64 211 68 189 68 64 211 68 64 211 68 64 211
397 68 85 4 85
261 86 68 124 68 124 68 569 68 241 68 430 68 241 68 241 68 241
261 86 68 607 158 68 81 68 430 68 430 68 430
607 158 68 87 68 503 158 68 158 68 158 68 503 158
339 68 550 501 68 189 68 550 501 68 189 68 189 68 64 211 108
170
5 189
479 189 68 570 389 158
86 163 68 550 501 68 397 68 189 68 569 68 189 68 189 68 550 501
288 68 550 501 68 5 189 68 43 158 68 43 158 68 43 158 68 258 149
527 68 5 68 81 68 189 68 189 68 405 68 189 68 5 68 189 68 189 68 543 211 108
607 479 68 607 158 68 189 68 19 85 68 19 85 68 19 85 68 19 85
503 189 68 607 158 68 569 68 607 158 68 527 359 68 607 158 68 397
51 189
261 86 68 124 68 569 68 64 211 108 68 569 68 64 211 108 68 64 211 108
321 247 68 569 68 64 211 108 68 64 211 68 189 68 189 68 64 211 108
19 68 19 68 607 158 68 397 68 64 211 68 189 68 189 68 64 211 68 189 68 64 211
397 68 81 68 81
447 189 68 81 68 189 68 189 68 640 68 189 68 189
43 158 68 158 68 158 108 68 81 68 5 68 5 68 5 68 189 68 189 68 5 68 607 158 68 261 86 199 68 365 430 199
607 158 68 189
189 389 158 118
406 158 68 607 158 68 569 68 503 189
503 189 108 68 569 68 569 68 85 347 158 118 68 85 359
370 68 5 68 81 68 19 85 68 19 85
189 68 405 68 64 211 108 68 339
339 68 70 158 108 68 19 85
503 189 108
124
189 266 50
503 158 108 68 64 51 85
347 158 359
87 68 607 158 68 253 68 5 68 5 68 189
290 85 68 189 68 85 359 68 189 68 189 68 189 68 85 359 389 158 108
87 68 19 85 68 19 85 68 19 85 68 19 85 68 19 85 68 19 85
593 163 68 152 68 152
651 123 68 241
240 550 501 68 189 68 189 68 240
197 86 68 81 68 189 68 405
607 158 68 170 68 170 68 170 108 68 607 158 68 170 68 5
370 68 5 68 81 68 158 108 68 158 108 68 189 68 5
153 68 569 68 240 389 158 108 68 189 68 189 68 189 68 64 211
447 158
503 189
261 86 68 607 68 64 211 108
593 163 68 85 359 68 19 85 68 19 85 68 19 85 68 189 68 64 211
430 299 85 359
43 158 258 158
607 158 68 569 68 85 359
417 85 68 430 68 430
430
339 68 19 85 68 19 85
593 163 68 85 68 339 68 397 68 339 68 339 68 397 68 339
189 68 550 501 68 189 68 64 211 108 68 569 68 64 211 108
321 68 607 158 68 81 68 189 68 5 189 68 241 68 241
253 85 359
87 68 170 108 68 158 108 68 158 108 68 189 68 189 68 64 211 108
607 158
607 158 68 527 68 607 158 68 397 68 85 347 501 68 189 68 64 211 108 68 189 68 64 211 108
531 85 359
211 68 617 149
503 189 68 124 68 93 51 86 68 405 68 405 68 405 108
197 86 68 189 68 189
569 108 68 158 108 68 569 68 569 68 85 347 501 68 85 347 158 108 68 189 68 189 68 189 68 189 68 85 359 68 85 359 68 85 359 68 85 359 68 569 68 569 68 569 68 569 68 569 68 569 68 569 68 569 68 569 68 569 68 85 359 68 189 68 569 68 569 68 569 68 85 359 68 85 359 68 85 359 68 85 359 68 189 68 189 68 189 68 189 68 189 68 189 68 189 68 189 68
503 189 68 550 501 68 85 359 68 19 85
240 389 158 108 68 79 430 359 68 517 359
607 479 68 81 68 189 68 405 68 405
611 85 359 68 397 68 189 68 550 158 108 68 397 68 189 68 85 359 68 189 68 241 68 241 68 397 68 241 68 397 68 397 68 241 359 550 158 108
283 68 85 123 108 68 569 68 569 68 569 68 569 68 85 359
211 85 359
197 86 68 5 68 189 68 189 68 189 68 189 68 189 68 189 68 189
43 158 85 359
607 158 68 550 501 68 189 68 5 68 85 359 68 189 68 189 68 189 68 189 68 389 158 108
87 449 68 158 108 68 430 68 430 199
283 68 527 68 397 68 569 68 569 68 64 211 108
607 158 68 5 68 258 149 68 189 68 189 68 189 68 5 68 189
389 339
51 86
651 123
231 240
189 68 64 211 149 68 430 149
503 158 108 68 569 68 81 68 81
5 68 81 68 569 68 5 68 5 68 607 158 68 5
438 359
189 68 158 108 68 19 85 68 158 108 68 19 85 68 158 108 68 158 108
438 359
321 68 569 68 64 211
79 158 240 68 64 51 85
564 68 527 68 5 68 253
49 68 397 68 569 68 569 68 569 68 569 68 569 68 211 108
87 543 68 5 68 253 68 397 68 397 68 397 68 397
19 85 68 189 68 189
152 68 640 68 517 68 517
503 158 108
564 149
155 550 158 199
189 68 189 68 189 68 240 389 158 118 68 189 68 189 68 241
19 68 152 68 640 68 5 68 43 158 68 43 158
397 68 527 68 607 158 68 189 68 64 211 108
283 68 158 108 68 397 68 189 68 64 211 108 68 64 211 108
261 86 68 370 68 5 68 81 68 189 68 189 68 189
283 68 189 68 240 550 501 68 397 68 241 68 189 68 189 68 64 211
397 68 43 158 68 43 158 68 81 68 569 68 241
607 479 68 189 68 189 68 158 108 68 189 68 189 68 189 68 189 68 189
43 158 68 81 68 189 68 405 68 405 68 189 68 5 189 68 405
189 68 527 68 607 158 68 85 152 68 19 85 68 569 68 85 68 85 68 569 68 85 68 85 68 569 68 85 68 85 365 430 149
189 68 158 108 68 430 68 5
283 68 81 68 397 68 569 68 19 68 64 211 149
527 68 517 68 517 68 569 68 517 68 569
86 163 68 550 501 68 397 68 397 68 569 68 569 68 85 359
87 68 569 68 569 68 19 85 68 85 68 19 85 68 19 85 68 19 85 68 19 85 68 19 85 68 19 85 68 569 68 19 85 68 19 85 68 19 85 68 569 68 19 85 68 19 85 68 19 85 68 19 85 68 19 85 359
564
231 51 86 68 569 68 189 68 64 211 68 64 211 68 64 211 68 64 211
577 68 241 68 640
189 68 607 158 68 54 86 85 68 397 68 430
19 85 68 19 85
64 211 68 569 68 569 68 85 379 68 85 68 85 68 85 68 85 68 569 68 85 379
607 479 68 189 68 189 68 158 68 550 158 68 189 68 189 68 430
19 68 152 68 640 68 5 68 43 158 68 43 158
283
189 68 81 68 569 68 430 68 64 211 108
231 51 86 68 569 68 569 68 607 158 68 397 68 5 68 85 359 68 397 68 241
321 68 607 50 68 321 247 68 5 68 64 211
607 158 68 189
19 163 68 81
261 86 68 124 68 64 211 108
283 68 211 543 68 430 68 430
276 359
189 68 607 158 68 241 68 241 68 241 68 430 68 241 68 241 68 430 68 241
85 415
405 85 365 152
5 68 607 158 68 5 68 189 68 607 158 68 189 68 170 68 170 68 170
397 68 158 108 68 158 108
85 359
447 158
19 85 68 397
417 85
321 68 189 68 170 108 68 405 68 189
405 74
211 149
593 163 68 85 68 607 158 68 85 68 189 68 189 68 85 68 85 68 19 85 68 607 158 68 189 68 43 158 108 68 397 68 43 158 68 85 68 85 68 85 68 149 68 189 68 189 68 189 68 189 68 189 68 241 68 550 158 68 5 68 397 68 189 68 5 68 5 68 189 68 85 68 85 359 68 189 68 5 68 642 211 108 68 189 68 189 68 189 68 607 158 68 389 158 68 189 68 550
527 68 607 50 68 517 68 397 68 517 68 517
406 64 211 68 64 211
283 68 258
283 68 517 68 569 68 211 108
261 86 68 569 68 19 85 68 19 85 68 569 68 569 68 19 85
19 449 68 149
87 68 158 108 68 19 85 68 19 85 68 19 85
43 158 68 85 359
321 247
283 68 158 108 68 5 68 43 158 68 43 158 68 507 258 149
5 189
189 68 607 158 68 189 68 240 389 158 68 189 68 189
607 158 68 5 68 81 68 5 68 5 68 5 189 68 5 68 149 68 149
231 240
194 611
189 68 447 158 68 158 68 201 258 68 331
593 163 68 93 211 108 68 517 68 19 85 68 189 68 64 211 108
290 85 359
85 290 85
503 189 68 607 158 68 189 68 240 299 68 189 68 189
517
189 68 158 108 68 158 108 68 5 68 607 158 68 607 158 68 607 158 68 607 158 68 607 158
527 68 607 158 68 79 158 118 68 640
79 430
503 158 108
405
569 68 550 501 68 397 68 569 68 85 359 68 85 359 68 85 359 68 397 68 397 68 569 68 397 68 397 68 397 68 397 68 397 68 85 359
607 479 68 607 158 68 189 68 158 68 158 68 158 68 189 68 79 158 108
201 258 222 68 430 299 211 108
283 68 245 449
607 158 68 81 68 397 68 569 68 85 359 68 569 68 85 359 68 85 359
283 68 158 108 68 189 68 85 359 68 85 359
370 68 5 68 81 68 5 68 5
261 86 68 245 449 68 517 68 569 68 430
87 68 527 68 607 158 68 370 68 5 68 569 68 640 68 640 68 640
85
43 158 68 152 68 430 149
231 240
170 5
240 211
189 68 607 158 68 527 68 607 158 68 607 158 68 170 108 68 5 68 189 68 189 68 405 68 189 68 405 199 68 640 68 640 68 241 68 253 359
245 449 68 611
503 189 68 158 108 68 569 68 569 68 569 68 241 68 241 68 241
517
64 211 68 19 85 68 19 85 68 19 85 68 569 68 64 211 108 68 64 211 108
253 85 438 359
189 68 64 211 108 68 189 68 64 211 108 68 405 68 189 68 64 211 108
397 68 211 611
19 85 68 569 68 85 347 501 68 569 68 430
321 290
19 85 68 19 85 68 19 85
261 86 68 569 68 79 487 149
283 68 64 51 86 68 189
87 68 397 68 397 68 607 158 68 397 68 569 68 5 68 607 158 68 397 68 607 158 68 607 158 68 397 68 397 68 397 68 569 68 569 68 569 68 569 68 397 68 569 68 321 247 149
354 85 359
607 158 68 331
593 163 68 550 158 108
283 68 158 108 68 5 68 54 86 68 397 68 189 68 5 68 64 211 108
611 85 359 68 189 68 189 550 158 189 68 189 68 5 189 68 189 68 189 68 241 194 108
527 68 607 158 68 85 359 68 397 68 397
283 68 527 68 607 158 68 397 68 397 68 397 68 397 68 397 68 397 68 397 68 347 501
240 389 501
253 68 397 68 241 359
189 68 81 68 189 68 189 68 405 240 550 158 543 68 189
593 163 68 517 68 43 158 68 5 68 81 68 569 68 5 68 569 68 569 68 5 68 550 158 68 5 68 5 68 397 68 397 68 569 68 569 68 569 68 81 68 81
406 501
503 158 108
607 158 68 5 68 240 51 85
51 86 149
189 68 158 108 68 158 108 68 241 68 241 68 241 68 241
479 189
564 68 237 108 68 397 68 569 68 85 379
527 68 607 158 68 85 152 68 5 68 19 85 68 189 68 158 68 158 68 253 68 607 158 68 253 68 189 68 569 68 569 68 569 68 253 359 68 253 68 253 68 253 68 253 68 253 68 253 359 68 569 68 253 68 253 359 68 253 359 68 253 359 68 253 359 68 5 68 81 68 5 68 569 68 569 68 5 68 253 359 68 253 359 68 5 68 70 158 68 70 158 68 253 68 189 68 253 68
261 86
405 189 211
447 158 85
503 189 68 158 108 68 569 68 569 68 430
87 359
89 158 359
64 211 68 158 108 68 241 68 640 68 640 68 640 68 640
370 68 5 68 527 68 607 158 68 5 68 81 68 189 68 189 68 189 68 5 189 68 5 189 68 189
593 163 68 54 86 68 640 68 640
527 68 607 158 68 550 501 68 5 68 189 68 189 68 64 211 108
64 51 149
108 68 189 68 189 68 189 68 189 68 189 68 189 68 389 501 85 359
339 551 68 189 211 189 68 189 211 189 211 189
283 551 68 189 68 189 68 430 359
527 68 607 158 68 527 68 5 68 397 68 189 68 189 68 189 68 189 68 189 68 331 149 68 189 68 189 68 5 68 189 68 189 68 189 68 189 68 189 68 189 68 189 68 189 68 189 68 189 68 189 68 189 68 189 68 189 68 189 68 81 68 189 68 5 68 5 68 5 68 5 68 5 68 189 68 5 68 331 68 189 68 189 68 331 68 331
87 68 158 108 68 158 108 68 19 85 68 19 85 68 607 158 68 158 68 43 158 68 70 158
64 211 68 405
43 158 68 5 68 5 68 5 68 359
86 163 68 550 501 68 397 68 397 68 569 68 70 158
607 158 68 252 155 149 68 640 68 640
231 240
447 158 68 405 85 68 430
527 68 607 158 68 81 68 189 68 189 68 189
245 449
43 158 68 527 359 68 19 85 68 19 85
64 211 68 550 158 68 189 68 211 543 68 189 68 211
231 51 86
607 158 68 550 501 68 189 68 43 158 68 43 158 68 85 359 389 158 68 189 68 189 68 189 68 189 68 43 158 68 43 158 68 189 68 189 68 189 68 189 68 189 68 189 68 189 68 43 158 68 43 158 68 43 158 68 389 85 359
87 449
79 359
503 189 68 405 68 607 158 68 81
54 86 68 397 68 569 68 85 68 405 68 189 68 405 108
5 85
611 85 359 68 339 68 397 68 550 158 108 68 5 189 68 189 68 189 68 241 68 241
283 68 158 108 68 158 108
64 211 68 569 68 569 68 64 211 108 68 64 211 108
189 68 550 158 189 68 607 158 68 211 68 211 189 68 211
189 68 85 527 68 607 158 68 397 68 331 149 68 189 68 189 68 397
231 240
79 158 108 68 189 68 81 68 189 68 189 68 170 108
501 85 123 149 68 517
189 68 527 68 607 158 68 365 430 68 64 211
211 222
607 158 68 607 479 68 397 68 54 86
64 211
503 158 108 68 158 108 68 607 158 68 397 68 189 68 85 68 85 359
321 189
87 68 5 68 81 68 189 68 397 68 347 158 118
283 68 158 108 68 19 85 68 569 68 85 68 85 68 85 68 85 347 501 68 5 189 68 189 68 189 68 85 68 397 68 397 68 85 347 158 108
321 68 607 158 68 370 68 5 68 19 85 68 5 68 85 68 19 85
189 68 5 68 253
43 158 68 288 68 430 68 43 158 68 85 359
189 68 611 74
43 158 68 85 359
189 68 64 211 68 607 158 68 81 68 189 68 405 68 189
503 189 68 253 68 189 68 189 68 405
503 189 68 85 68 189 68 569 68 569 68 85 379
19 85
43 158 68 158 108 68 158 108 68 43 158 68 43 158 68 430 149
253 149
70 158
189 68 158 108 68 339 68 158 108 68 339
79 430
189 68 550 501 68 189 68 607 158 68 607 158 68 189 68 617 68 607 158 68 189 68 617 68 189 68 607 50 68 607 50 68 189 68 617 68 189 68 189 68 347 158 68 347 158 68 347 158 68 347 158 68 347 158 68 347 501 68 347 501 68 347 501 68 347 501 68 347 501 68 189 68 347 501 68 189 68 347 501 68 347 501 68 347 158 68 347 158 68 347 501 68 189 68 189 68 189 68
359 85 359
189 68 81 68 5 189 68 81 68 5 68 170 108
527 68 607 158 68 397 68 397 68 397 68 397 68 397 68 607 50 68 397 68 397 68 607 50
283 68 550 501 68 189 68 5 189 68 189 68 189 68 189 68 64 211 108
607 158 68 81 68 569 68 241 68 241 68 430
389 158 118 68 241 68 189
569 68 85 359
54 86 68 607 158 68 245 449
607 86 68 527 68 607 158 68 397 68 397 68 189 68 64 211 108 68 189 68 64 211 108
43 158
189 68 240 550 158 189 68 189
527 68 607 158 68 640 68 640
19 85 68 607 158 68 189 68 430 68 430 68 430 299 68 85 359 68 430 68 430 299 68 430 299 68 430 68 430 299 68 430 299 68 85 359 68 85 359 68 85 359 68 430 359 68 430 299 149
79 430
19 85 68 19 85
430 299 211
503 189 68 158 108 68 517 68 405 68 430 68 430
611 258 240
503 189
189 68 149 550 501 68 5 68 85 359 68 189 68 189 68 189 68 189 68 189 68 405
283 68 19 85 68 19 85 68 189 68 85 359
43 158 68 527 68 607 158 68 550 501 68 397 68 430 68 85 359
19 85 68 70 158
19 85 68 189 68 189 68 189 68 64 211 108 68 241 68 640 68 640 68 241
87 68 253 359
283 68 607 158 68 550 158 68 85 359 68 43 158 68 5
87 68 527 68 607 50 68 189 68 640 68 397 68 640 68 640 68 397
19 68 607 158 68 397 68 189 68 240 389 158 118 68 189 68 64 211
87 359
503 158 85 359
64 211
64 211 68 211 108 68 607 158 68 211 68 430 68 211 68 211 68 430 68 211 543
261 86 68 5 68 189 68 189 68 569 68 569 68 85 379 68 85 68 569 68 389 158 108
64 211 68 5 68 370 68 5 68 5 68 430 68 189 68 607 158 68 607 158 68 5 68 607 158 68 5 68 331 149 68 189 68 5 68 607 158 68 189 68 189 68 189 68 331 149 68 331 149 68 189 68 5 68 607 158 68 70 158 68 5 68 5 68 5 68 5 68 5 68 5 68 5 68 5 68 5 68 5 68 5 68 189 68 5 68 331 149 68 607 158 68 607 158 68 189 68 607
87 68 569 68 81 68 189 68 19 85 68 241 68 241 68 241
288 68 70 189 68 189 68 189
189 68 211 178
87 68 527 68 607 158 68 607 158 68 397 68 569 68 607 158 68 607 158 68 607 158 68 607 158 68 569 68 85 359 68 569 68 569 68 569 68 569 68 85 359 68 189 68 189 68 607 158 68 189 68 189 68 607 158 68 569 68 607 158 68 607 158 68 607 158 68 569 68 569 68 85 359 68 85 359 68 397 68 389 158 68 189 68 389 158 68 389 158 68 607 158 68 189 68 189 68 607
593 163 68 43 158 68 43 158 68 43 158 68 189 68 43 158 68 149
81 68 189 68 158 108 68 5 68 81 68 189 68 189 68 189 68 158 108
189 68 550 501 68 397 68 569 68 501 85 347 501 68 397 68 397 68 397 68 607 50
527 68 607 158 68 253
415
503 158 108 68 19 85 68 19 85 68 19 85 68 19 85 68 19 85
237 149 68 189 68 189 68 405 85 68 64 211 108
527 68 607 50 68 527
82
607 158 68 85 299 68 158 108 68 189 68 189 211 85 359
527 68 607 158 68 81 68 189 68 5 68 189 68 189 68 189
79 359
397
253 68 5 68 81
189 68 240 389 158 118 68 189 68 607 158 68 189 68 189
261 86
19 85 68 189 68 189
197 86 85
527 68 607 158 68 430 68 5 189 68 430 68 430
189 68 607 158 68 527 359 68 607 158 68 5 189 68 189 68 189
607 158 68 5 68 189 68 189 68 79 430 68 189
64 211 108
405 199
611 74
569 68 550 501 68 189 68 213 51 487 359
189 68 607 158 68 569 68 240 211 240 211 68 241
261 86 68 124
503 189
241 359 51 189
19 449 68 149
189 68 108 68 170 108 68 5 68 81
79 359
564 68 527 68 607 158 68 5 68 189 68 430 68 189 68 241
430 68 527 68 607 158 68 5 189 68 189 68 189
245 449
64 211 108 68 517 68 5 68 158 108
189 108 68 158 108 68 19 85 68 19 85 68 241 68 241 68 158 108
538 430
87 415
430 543 211
503 189 68 370 68 5 68 81 68 189 68 189 68 189 68 189 68 189 68 241 68 241 194 543 389 158 543 389 158 543 389 158 543
527 68 607 158 68 152 68 43 158 68 43 158
189 68 527 68 607 158 68 189 68 189 68 189 68 85 347 501 85 347 501 68 189 68 189 68 189 68 189 68 189 68 189 68 85 347 501 85 359 68 189 68 189 68 189 68 189 68 189 68 189 68 189 68 189 68 189 68 189 68 189 68 189 68 189 68 189 68 189 68 189 68 189 68 85 347 501 85 347 501 85 359 68 189 68 189 68 189 68 189 68 189 68 189 68 189 68 189 68 189
189 68 607 68 5 68 124
43 158 108
607 479 68 527 68 5 68 569 68 569 68 569 68 253 68 430 68 430
5 68 527 68 527 68 607 158 68 569 68 569 68 569 68 85
64 211 108 68 19 85 68 19 85 68 19 85 68 19 85 68 19 85 68 19 85 68 19 85 68 19 85 68 19 85 68 19 85 68 19 85 68 19 85 68 19 85 68 19 85 68 19 85 68 19 85 68 19 85 68 19 85 68 19 85 68 19 85 68 19 85 68 19 85 68 19 85 68 19 85 68 19 85 68 19 85 68 189 68 19 85 68 19 85 68 241 68 19 85 68 19 85 68
158 108 68 85 152 68 397 68 19 85 68 19 85 68 85 68 607 158 68 85 68 85 68 85 68 607 158 68 85 68 85 68 85 68 85 68 85 68 85 68 85 68 19 149 68 19 85 68 19 149 68 85 68 85 68 607 158 68 85 68 85 68 397 68 397 68 85 68 85 68 85 68 85 68 85 68 85 68 85 68 85 68 85 68 397 68 397 68 607 158 68 607 158 68 607 158 68 550
64 211 68 189 68 569 68 64 211 108
189 68 527 68 607 158 68 397 68 241 68 189 68 189 68 64 211 108
189 68 405 68 405 68 85 68 64 211 108 68 241 68 241 68 241 68 189 68 241 68 241
87 68 607 158 68 70 158 68 189 68 70 158
607 158 68 54 86 68 397 68 5 68 321 189 68 5 68 397 68 370 68 397 68 5 68 189 68 189 68 54 86 68 397 68 321 240 51 86 68 397 68 54 86 68 397 68 321 240 299 68 397 68 397 68 241 68 241 359
211 543 51 86
87 449 68 158 108 68 19 85 68 19 85 68 19 85 68 19 85
189 108 68 5 68 642 68 5 68 331 149
86 163 68 550 501 68 5 68 81 68 569 68 569 68 569 68 569 68 569
397 68 397 68 569 68 569
64 211
189 68 5 68 81 68 430 68 430 199 68 430 68 430 68 430 68 430
607 158 68 507 211 68 430 68 5 189 68 430
211 543
503 189 68 253 68 569 68 569 68 19 85 68 569 68 64 211 108
503 189
283 68 550 501 68 189 68 19 85 68 19 85 68 189 68 64 211 108
87 68 283 68 81 68 189
189 68 240 550 501 68 5 189 68 81 68 189 68 189 68 189 68 189
479 189
290 85
64 211 68 79 158 68 397 68 189 68 64 211 68 189 68 64 211
43 158 68 64 211 149
54 86
253 85 359
189 389 158 118
552 85
288 68 607 158 68 189 68 85 347 158 68 85 359 68 85 359 68 85 359 68 189 68 189 68 189 68 189 68 85 347 158 108 68 85 359 68 85 359 68 189 68 189 68 189 68 189 68 189 68 189 68 189 68 189 68 189 68 43 158 108 68 189 68 189 550 158 359 389 158 359 389 158 108 68 85 359 68 189 68 189 68 189 68 189 68 189 68 189 68 189 68 189 68 189 68 189 68 189
5 68 81 68 189 68 189 68 241 68 241 68 241 68 241 68 241 68 189 68 241 359
607 158 68 331
19 85 68 136 479
607 158 68 5 68 54 86 68 241 68 241 68 241 68 241
503 189 85 359
211 85 359
19 68 136 479 68 607 158 68 70 158 68 5 189 68 607 158 68 607 158
607 158 68 288 68 5 149
253 68 211 390 68 64 211
189 68 527 68 607 50 68 397 68 397
569 68 405 68 64 211 108 68 617 68 640 68 640 68 640
347 158
194 543 68 517 68 430
43 158 68 237 108 68 5 68 5 68 5 189 68 5 189 68 5 189
527 68 607 158 68 550 158 108 68 5 68 430 68 189 68 85 4
85 288 359
86 68 245 449 68 517 68 397
527 68 607 158 68 527 359
87
85 359 389 339
213 211 68 245 449
564
607 479 68 245 68 124 68 339 68 136 479
283 68 158 108 68 189 68 240 389 158 199 68 5 189
189 85 389 85 359
564
501 85 64 211
4 85
261 86 68 370 68 5 68 81 68 569 68 569 68 19 85
240
5 68 527 68 527 68 607 158 68 397 68 569 68 85 347 501 68 569 68 241 68 241 359
261 86 68 370 68 5 68 81 68 397 68 370 68 370 68 5 68 370
642 211 68 43 158 68 43 158 68 43 158
189 68 5 68 85 359
611 359
197 85
503 158 108 68 158 108 68 5 68 5 68 189
189 68 19 85 68 19 85 68 43 158 68 607 158 68 85 68 607 158 68 189 68 85 68 189 68 189 68 43 158 68 43 158 68 85 347 158 68 85 68 81 68 81 68 189 68 81 68 189 68 189 68 189 68 607 158 68 189 68 81 68 189 68 189 68 43 158 68 43 158 68 43 158 68 85 359 389 158 68 389 158 68 189 68 189 68 43 158 68 43 158 68 389 158 68 189 68 389 158
64 211 108 68 397 68 347 501
189 68 5 68 397 68 397 68 397 68 397 68 189 68 189 68 189 68 189 68 347 501
607 158 68 640
240 550 158 108 68 5 68 5 68 241 68 241 68 189 68 241 68 241 68 189 68 241 359 389 158 189 68 241 68 241 68 241 68 241 359 68 569 68 189 68 241 359 68 189 68 241 359 68 241 359 68 241 359 68 241 359 68 241 359 68 241 359 68 5 189 68 5 189 68 5 189 68 5 189 68 241 359 68 241 359 68 189 68 241 359 68 241 359 68 241 359 68 241 68 189 68 189 68
253 68 569 68 19 85 68 19 85
607 158 68 527 359 68 189 68 189 68 527 359
43 158 68 158 108 68 19 85 68 5 68 241 68 640 68 640 68 640
405 68 611 189 68 611 189
283 68 158 108 68 617 68 569 68 64 550 158 108
189 68 607 158 68 5 68 331 68 331 149 68 607 158 68 607 158 68 607 158 68 5 68 607 158 68 5 68 331 149 68 189 68 189 68 607 158 68 189 68 189 68 189 68 189 68 331 149 68 607 158 68 607 158 68 607 68 607 68 607 158 68 5 68 5 68 5 68 5 68 5 68 5 68 5 68 5 68 5 68 347 158 68 331 149 68 331 149 68 331
276 85 68 64 211 108
153 68 370 68 397 68 19 68 19 68 19
19 68 19 68 569 68 158 189 68 607 158
370 68 5 68 81
607 86 68 527 68 607 158 68 397 68 43 158 68 43 158 68 347 501 68 43 158 68 347 501 68 43 158 68 43 158 68 43 158 68 347 501 68 347 501 68 347 501 68 347 501 68 347 501 68 359
607 158 68 527 68 607 50 68 640
283 68 64 211 108
593 163 68 43 158 68 43 158 68 405 68 517
189 68 211 543 68 189 68 543 211 108 68 5 189 68 189 68 189 68 189
607 158 68 331
247
86 163 68 550 501 68 397 68 85 359 68 569 68 85 379 68 85
153 189
189 68 158 607 158 68 19 85 68 19 85 68 19 85 68 19 85 68 19 85 68 19 85
288 68 550 501 68 397 68 397 68 397 68 397 68 397
593 163 68 81 68 5 68 81 68 5
283 68 569
261 86 68 5 68 81 68 397 68 19 85 68 19 85 68 19 85 68 241
321 563 158
261 86 68 253 68 607 158 68 607 158 68 283 68 189
79 359
189 68 81 68 607 158 68 64 211 68 241 68 241 68 241 68 640
261 86 68 593 163 68 85 152
49 68 70 158 68 189 68 607 158 68 170 68 189 68 70 158
85 211
19 85 68 339 68 339 68 85 359 68 85 359 68 85 347 158 108 68 189 68 85 359 68 85 359
607 158 68 527 68 607 158 68 607 158 68 70 158
189 68 607 158 68 397 68 550 158 108 68 19 85 68 189 68 211 68 189 68 389 158 118
189 85 389 85 359
49 68 43 158 68 43 158 68 149 68 5 68 331 149
79 158 68 85 152 68 617
87 68 569 68 550 501 68 189 68 617
503 158 108 68 158 108 68 5 68 5 68 189
503 158 85 359
152 68 5 68 189 68 240 550 158 108 68 241 68 241 68 241 68 241 68 189 68 241 68 241 430 68 241 68 241 68 241 68 241 68 241 359
79 430
607 158 68 5 68 54 86 68 189 68 241 68 189 68 241 68 241
503 189 68 158 108 68 607 158 68 405 68 43 158 68 405 68 43 158 68 43 158 68 405
290 85 359
213 211 359
283 68 550 501 68 189 68 64 211 108
87 68 577 68 397 68 607 158 68 321 240 68 397 68 241 68 241 68 241
4
87 68 607 68 607 158 68 5 68 170
607 158 68 527 359 68 158 108 68 430
607 158 118
611 85
517
43 158 108
283 68 607 158 68 5 189 68 642 211 108
5 68 81 68 81 68 189 68 5 68 81 68 189 68 189 68 189 68 189 68 5 189 68 5 189 68 81
189 68 81 68 430 68 43 158 68 43 158
87 68 19 163 68 370 68 5 68 397 68 569 68 569 68 70 158
79 158 149
43 158 68 527 68 607 158 68 5 68 19 85 68 19 85 68 19 85 68 19 85 68 19 85 68 19 85 68 19 85 68 19 85 68 19 85 68 19 85 68 19 108 68 19 108 68 19 108 68 19 85 68 19 85 68 19 85 68 607 158 68 158 68 158 68 5 68 19 85 68 5 68 19 85 68 19 85 68 5 68 19 85 68 70 158 68 19 68 70 158 68 19 85 68 19 85 68 19
321 189 68 405 68 189
527 68 607 158 68 81 68 189 68 189 68 640
64 211 108
189 68 85 347 158 108 68 189 68 189 68 189
593 163 68 64 211 108 68 569 68 64 211 108 68 64 211 108
406 430
447 158 68 81 68 640
397 85 359
261 86 68 170 68 170
79 158 240 68 64 51 85
339 68 607 158 68 569 68 405 108 68 569 68 158 108
85 290 213
189 68 607 158 68 397 68 517 68 517 68 517
5 68 189 68 189 68 189 68 240 389 158 108 68 5 189 68 64 211 108 68 189 68 241
261 86 85
276 85
87 359
501 85 123 85 68 339 68 158 108
64 211 108 68 64 211 108
321 247 68 430 68 430 149
43 158 108 68 189 68 397 68 54 86
189 68 54 86 68 397 68 569 68 569 68 569 68 241
397 68 86 149
593 163 68 81 68 5 68 81 68 5
87 415
19 85 68 19 85 68 19 85
189 68 5 68 81 68 189 68 189 68 640 68 189 266 158 68 640
261 86 68 124 68 158 108 68 607 158 68 189 68 189 68 85 359 68 607 158 68 170 108
258 430
607 155 68 81 68 189 68 81 68 189 68 189 68 43 158 68 189
87 68 397 68 397 68 607 158 68 397 68 569 68 5 68 607 158 68 397 68 607 158 68 607 158 68 397 68 397 68 397 68 569 68 569 68 569 68 569 68 397 68 569 68 321 247 149
503 158 108
321 247 68 569 68 85 68 430 68 85 68 569 68 85
288 68 569 68 569 68 19 85 68 85 68 19 85 68 569 68 85 68 569 68 85 68 85 68 569 68 85 68 85 68 569 68 569 68 569 68 569 68 569 68 81 68 569 68 569 68 81 68 569 68 569 68 569 68 569 68 569 68 245 449 68 569 68 569 68 569 68 569 68 569 68 569 68 569 68 569 68 569 68 569 68 569 68 85 68 85 68 569 68 569 68 569 68 569 68 569 68 569
406 85
406 85 359
87 68 253 68 607 158 68 43 158 68 430 68 430 68 43 158 68 19 85
607 158 68 81 68 189 68 405
283 68 211 108 68 569 68 569 68 405 68 517
261 86 68 607 158 68 261 86 68 261 86 68 261 86 68 261 86 149
253 359
321 189
5 189 108
503 158 68 85 365 430 85 359 68 85 359
405 68 640 68 5 68 640
607 158 68 245 449
19 68 339 68 550 158 108 68 569 68 85 359
158 108 68 527 359 68 5 68 81
189 68 527 68 607 158 68 365 430 68 569 68 569 68 213
253 359
283
152 68 607 158 68 189 68 241 68 241 68 430
607 158 68 607 158 68 189 68 331
189 68 405 68 158 543 68 405 108 68 405 68 405 68 430
283 68 5 68 189 68 189 68 85 347 501 68 189 68 189 68 189 68 189 68 389 85 359
245 449
405 68 158 108 68 19 85 68 5 68 189 68 189 68 640 68 640 68 189 68 5 68 241
593 163 68 550 158 108 68 397 68 241 68 189 68 5 189 68 64 211 108 68 189 68 241
43 158 68 527 68 64 211 108 68 158 108
43 158 68 5 68 253
85 359 389 158
87 68 527 68 607 158 68 527 68 397 68 569 68 64 211 108
347 501 68 213
503 189 68 607 158 68 607 158 68 607 158 68 503 189 68 607 158 68 607
85 359 68 85 359 389 158 85 359
607 158 68 527 359
189 68 607 158 68 253 149
321 68 607 158 68 19 85 68 19
231 240
87 68 501 85 347 158 108 68 189 68 189 68 640 68 640 68 640
321 68 607 158 68 81 68 189 68 79 430 68 189 68 241 68 241
64 211 68 430 68 569 68 569 108
261 86 68 124 68 397 68 569 68 253 68 397 68 189 68 241 68 189
189 68 19 85 68 158 108 68 607 158 68 189 68 189 68 389 158 68 189 68 389 158 118 68 189 68 189 68 189 68 189 68 189 68 64 211 108 68 189 68 189 68 189 68 189 68 189 68 189 68 189 68 189 68 189 68 189 68 389 158 359 389 158 359 389 158 359 389 158 359 389 158 359 389 158 359 68 189 68 189 68 189 68 189 68 189 68 189 68 189 68 389 158 118 68 189 68 189
611 85
339 551 68 158 108 68 19 85
253 149 550 158
240 550 158 108 68 189 68 5 189
43 158 68 152 68 19 85 68 19 85 68 19 85 68 43 158 68 19 85 68 43 158 68 43 158 68 43 158 68 19 85 68 19 85 68 19 85 68 70 158 68 19 68 70 158 68 70 158 68 569 68 70 158 68 70 158 68 70 158 68 70 158 68 43 158 68 569 68 569 68 81 68 397 68 397 68 569 68 70 158 68 70 158 68 43 158 68 569 68 70 158 68 70 158 68 70 158 68
189 68 527 68 607 158 68 607 158 68 85 359
194 213 68 93 51 487 149 68 397
87 68 158 108 68 19 85 68 5 68 241 359 68 241 68 241 68 241 68 241 222 4 240 359
189 68 5 68 19 85 68 19 85 68 64 211 108 68 189 68 64 211 108
261 86 68 87 68 81 68 517 68 517
611 51 86 68 136 479
19 85 68 569 68 158 108 68 5 68 253 68 569 68 5 68 430 68 189 68 253
607 158 68 527 68 607 158 68 397 68 85 359
189 266 479 68 607 479 68 607 158
64 211 108 68 397 68 5 189 68 5
49 68 607 158 68 70 158 68 347 501 68 189 68 339 68 211
397 85 359 68 430 359 389 339
354 551
283 68 5 68 527 68 43 158 68 43 158 68 43 158 68 85
189 68 405 68 64 211 68 189 68 64 211
87 449 68 527 68 607 158 68 85 359 68 189 68 189
87 68 158 108 68 19 85 68 19 85 68 19 85
240 211 108 68 431 108
405 85 290 85
189 68 607 158 68 607 158 68 607 158 68 607 158 68 5
283 68 158 108 68 5 189 68 85
4 85 359
447 158
211 240 211 149
321 247
283 359 68 347 501
397 68 550 501 68 517 85 359 68 517
607 479 68 397 68 550 501 68 569 68 569 68 211 108 68 211 68 211 68 189 68 189 68 189 68 189 68 189 68 569 68 569 68 569 68 569 68 189 68 189 68 569 68 569 68 569 68 569 68 569 68 569 68 569 68 569 68 189 68 389 158 108
651 123 68 607 158 68 189 68 5 68 189 68 189 68 189 68 189 68 189
189 68 240 389 158 108 68 189 68 241
189 68 607 158 68 253 68 397 68 397 68 170
189 68 81 68 189 68 189 68 405 189
258 240
231 240 68 64 211 108
569 68 81 68 81 68 189 68 81 68 189 68 189
397 68 550 487 149 68 241
19 85
527 68 607 158 68 397 68 517 68 517 68 43 158 68 347 501 68 397
617 149
