87 108 68 607 158 68 237 149 68 629 68 397 68 339 68 426 339
49 68 5 68 54 86
194 543
87 68 339 68 4 85 222 149 68 246 68 189 68 397 68 331 487
517 85 343 189 68 54 86
339 551 68 158 108 68 5 189
607 158 68 607 68 607 158 68 189 68 397 68 79 430 149 68 19 85
394 51 86 163 68 642 211
479 406 158 299
517 68 189 68 577 68 569 68 552 85 4 235 108 68 430 108
76 85 359
640
397 70 158 118 68 339 551 68 397 611 118
189 68 245 449 68 201 258 82 68 607 158
405 237
517
85 68 149 51 359
611 118 108
405 237
397 68 525 68 430
189 68 593 163 68 158 108 68 430 68 531 158 118
405 108 68 503 189 68 607 158 68 503 189 68 365 152
283 68 245 449 68 86 68 189 68 593 89 158 108 68 19 85 68 19 85
273 68 97 68 389 85 359 389 339
189 68 490 68 124 68 607 50 68 550 501 68 397 68 397 68 370 68 593 89 487
189 68 350
503 85
405 178
611 51 86 68 295 149 68 5 189 68 397 68 5 68 405 68 417
189 68 170 68 331
153 108 68 189 68 569 68 507 258 149 68 5 68 211 471 211 68 241 194 108
503 189
241 68 201 258 68 501 85 359 68 607 68 389 158 68 70 189 68 570 389 349
389 85 359 68 517 85
527 68 607 50 68 237 149 68 607 158 68 638 211 82
503 85 68 189 68 189
197 359
290 85 299
607 158 68 593 89 158 68 543 211 68 617 108
189 68 651 123 68 189 68 162 85
288 68 211 68 211 251 68 85 68 64 211 108
607 50 68 370 68 19 68 607 158 68 331 149 68 241 68 446 82 152
611 89 487 68 370 68 5 68 87 68 295 149 68 397 611 152
283 551 68 19 68 4 85 438 359
569 68 347 501 68 430 68 158 108 68 638 68 5 189 68 288 359
611 152 68 64 211 430
19 163 68 85 68 241 68 43 158 68 570 389 158
211 330 359 68 246 68 87 449 68 430 299
87 68 527 68 431 108 68 258 247 85 68 397 68 70 158 108
231 240 68 431 108
321 240 68 446 68 189 68 189 68 370 68 5 68 550 501 68 241 68 79 222
651 123 68 430 68 607 158 68 5 189
607 158 68 330 85
503 108 68 527 68 365 430 199 85 359
189 68 494 68 397 68 501 85 299 68 550 501 68 85 68 397 68 550 487 149 68 5 189 68 135 149
330 123 108 517 623
4
607 158 68 593 89 158 68 405 68 189 68 389 85 359 68 189 241 406 155 194 213
189 68 4 152 68 550 487 68 390 68 607 158 68 153 189
503 85 68 189 68 569 68 290 85 359 211 222 85 359 68 397
4 85 68 93 225 68 5
611 51 86 68 607 479
339 68 189 68 133
87 108 68 517 68 607 158 68 347 501 68 607 158 68 189 68 85 347 158 118 68 397 68 569 68 85 347 158 108
517 68 331 149 68 79 430 68 354 68 331 149 68 406 501 85
189 68 494 68 397 68 321 189 68 607 158 68 36 211 85 347 158 118 68 43 158 118 68 246 68 246 68 507 258 149
261 359
189 85 299 149
87 68 347 158 359
189 68 564 68 569 68 569 68 490 68 321 247 85 68 19 85 68 331 487 359 68 365 430 199
607 158 68 197 108 68 527 68 607 158 68 607 158 68 347 501 68 365 430 199 68 170 108
19 163 68 85 68 640 68 85 347 501 68 517 68 446 68 173
501 85 438 70 158 68 153 108 68 607 158 68 607 158
531 149 389 430 68 517 299 108
76 85 359
189 68 354 68 569 68 550 86 85 359 68 64 211
59 430 149
43 85 359
607 158 68 19 489 68 607 158 68 5 189
45 108 68 266 158 68 517 85
213 51 86 68 36 211 390
49 68 5 68 222 476 68 397 68 569 68 70 158 68 389 339 68 642 211 68 642 211
517 68 189 68 258 68 405 85 359 16 569
550 158 85 543 108
59 158 149 68 635 149 68 517 258 149
64 550 158 68 245 449
87 68 640 68 638 68 261 86 149 68 189 68 247 85
64 211 258 108 68 430 68 36 85 68 261 86 68 607 158 68 19 68 19 68 241 68 19 79 158 543 68 70 189
194 543
87 68 347 501 68 640 68 438 359 68 607 50 68 89 487 359 68 170
153 68 79 359 70 189 68 170 108 68 390 68 331 430 68 70 158
527 68 261 86 68 87 68 527 68 607 158 68 64 68 593 89 487
397 415 531 149
261 86 68 124 68 253 68 569 68 4 85 4 478 68 158 108 68 430 299
189 68 494 68 397 68 211 390 68 354 68 405 85 68 501 85 68 59 67 68 189 68 430 68 59 67
87 68 527 68 431 108 68 331 487 359 68 4
87 68 339 68 330 152 68 19 212 158 543
241 108 68 390 569 68 517 258 390 68 253
494 68 643 449
76 261
569 68 258 611 189 68 394 68 430 68 19 489 68 405 199
503 339
133 551 68 93 51 27
593 89 487 149 68 211 85 359 68 85 359 68 247 68 70 189 68 70 189 68 170 108
189 68 211 543 68 638 68 569 68 569 68 76 85 4 64 211 108
64 211 258 68 81 68 5 68 569 68 211 390
261 86 68 43 158 68 245 449 68 370 68 640 68 640 68 397 68 19 85
607 158 68 593 89 158 68 517 85 359 68 211 543 108 68 258 149
5 68 527 68 5
569 108 68 390 68 321 189 68 405 68 266 158 68 19 68 19 85 68 153 189
430 70 158 68 339 68 459 543
189 68 261 86 68 397
321 68 569 68 405 65 155
503 85
531 158 258 68 517 85 359 438 359
45 108 68 607 158 68 153 108 68 241 68 5 68 527
527 68 153 68 153 68 394 458 68 430 68 430 149
417
607 158 68 447 189 68 550 339
19 163 68 85 68 241 68 43 158 68 570 389 158
19 85 68 607 158 189 149 68 430 359
321 189 68 607 68 397
611 570 211 108 149 550 339 68 638 68 36 85 68 43 158 68 43 158 68 240 51 570 389 339
158 48
550 430 68 607 158 85
197 85
569 68 76 85 68 115 479 68 64 211 108
158 85 359 435 240 406 155 68 201 258 189 211 607 158 189
405 222
607 158 68 593 89 158 68 258 68 394 458 68 241 359 68 359 389 339
240 149
495
651 123 68 258 68 607 158 68 54 86 68 607 158 68 189 68 570 389 349
438 551
503 189 68 527 68 370 68 241 68 607 158 68 339 68 339 68 64 550 339
607 170 299
222 476
607 158 68 593 89 158 68 543 550 158 543 68 514 199 68 517 68 245 449
189 68 54 86 108 68 629 68 87 68 19 85 68 569 68 569 68 19 85
349
43 158 68 607 68 607
607 158 68 64 211 189 68 570 389 339 68 397 68 170 108 68 365 430 199 68 5 68 617 68 617
261 158 108
87 449 85
64 211 258 68 501 68 189 68 354 551
79 158 222 108
4 85
397 68 45 514
607 155 68 45 108
5 68 397 68 189 68 54 86 68 397 68 54 86 68 266 158 68 19 85 68 241 359 70 158 118
49 68 430 68 550 501 68 189 68 85 359 68 525 68 70 158
85 152
550 339 551
36 149 68 36 86 68 87 68 607 158 68 607 158 189
43 152
261 85 4 116 550 158 247
87 68 194 108 68 87 68 503 189 68 87 543 68 517
76 85 241
189 68 564 68 370 68 607 155 68 4 189 4 258 390
189 68 494 68 397 68 85 68 158 108 68 136 479
162 85
43 158 199 570 389 199
189 68 569 108 68 430 237 552
189 68 503 189 68 253 68 607 158 68 607 50 68 446 551
569 68 64 550 158 149 68 189 68 607 68 507 211 68 189 68 531 158 108 68 241 68 569 68 569 68 531 211 543 389 339
611 85 359
261 86 68 43 158 68 245 449 68 189 68 86 149 68 86 149
607 158 68 85 152 258 149 550 158 189 68 85 359 389 158 189
43 158 240 222 108
189 68 87 108 68 607 158 68 5 68 201 258 68 115 479
503 189 68 253 68 85 370 68 64 435 213 68 19 79 158 543
261 86 68 607 158 68 617 68 638 68 189 68 81 68 569 68 397 68 339 68 607 158 152
87 68 189 68 570 389 158 68 189 68 189 68 170
330 359 438 359
321 51 86 68 607
170 68 607 158 68 607 158 68 5 108
133 569 68 474 68 611 51 359
36 85 152 68 640 68 446 82
231 240
5 471 211 108
189 68 494 68 397 68 211 543 68 43 158 68 617 68 153 108
283
517 85 4 149
607 158 68 197 85 68 397 68 347 501 68 640 68 331 149 68 503 189
189 68 503 189 68 124 68 503 158 359
189 68 405 68 321 27 68 189 68 331
189 68 569 108 68 607 158 68 394 85 359 211 68 359 389 158 118 108 68 405 85
517 85 123 517 85
87 68 288 68 81 68 370 68 640 68 19 85 68 405 108 68 405 68 405 241 68 405 241 68 405 241
527 68 87 68 87 108
189 68 346 152 68 43 158 68 266 158 68 405
405 199
64 211 517
517 68 331 149 68 564 68 87 68 19 68 607 158 68 569 68 472 420
607 158 68 211 68 607 50 68 569 68 158 108 68 19 85
258 611 189 68 237 591 359 68 247 85
321 189 68 607 68 397
607 158 68 82 152 389 158 240 68 640 68 87 152
19 331 68 331 149
503 189 68 593 89 158 68 81 68 241 194 222 85 68 430 299 180 282 568 68 430
189 68 70 158 68 5 68 220 51 86
19 68 503 158 85
593 89 158 68 253 68 389 339 68 550 158 85 68 36 85 68 397 68 19 68 405 237 108 68 405 85 68 405 108 68 405
43 158 68 5 189
397 68 54 86
330 5 189 68 642 211
569 68 430 149 68 517 68 253 359
189 68 494 68 397 68 43 158 68 503 189 68 64 389 339
321 240 68 237 108 68 370 68 283 68 607 50
321 68 607 158 68 197 108
211 543 51 488
607 158 68 494 68 189 68 241 68 538 430 68 5 189 68 43 158 68 389 158 74
86 149 68 593 89 501 68 397 68 54 86 68 397 68 70 158
447 158 543 68 384 108
405 85 299 570 389 158
241 85 359
86 149 68 593 89 501 68 36 211 108 68 607 158 68 170 108 68 397 68 241 194 543
607 158 68 36 149 68 51 86 189 68 36 149 68 237 591 149 68 397 68 607 50 68 569 68 569 68 79 553
607 158 68 5 189 68 503 189 68 354 68 158 189 16 158 199
189 68 405 68 158 543 211 68 405 108 68 640 68 517
261 86 68 86
43 158 68 258 68 153 189 68 339
59 295 149
87 152 68 19 79 155
406 158 118
87 108 68 189 68 593 89 487 68 240 68 237 108 68 261 86 68 261 86
261 86 68 189 68 189 68 54 86 68 397 68 16 158 68 430 68 87 449
87 68 339 68 330 68 569 68 85 347 158 118 68 339 551 68 189 68 331 487 359 68 246 68 246 68 189 426 339
359
503 85 68 390 68 501 85 359 70 189 68 405 189
211 517 85 299 438
503 85 68 189 68 569 68 611 189 149
517 68 189 68 417 68 446 68 170 108 68 87 68 124 68 406 155
70 189 68 599 68 158
651 123 68 241 68 64 211 108 68 607 158 68 389 158 189 68 158 108
283 68 245 449 68 158 108
201 158 199 85 299 389 158 189
189 68 503 189 68 517 68 280 68 354 68 64 389 158 240 68 64 550 339
197 86
607 158 68 135 68 211 251
642 211 68 115 479 68 517 68 261 86 68 331 68 607 158 68 617 149
276 85 359
321 240 51 85 359 389 85 359
607 158 68 577 68 189 68 54 86 68 640 68 569 108
64 211
5 68 54 86 189 643
189 68 642 514 68 397 68 577 68 189 68 266 158 68 43 158 68 4 64 211 108
19 163 68 85 68 241 68 43 158 68 570 389 158
4 258 85 438 359
276 85
607 50 68 189 68 569 68 569 108
389 85 359 68 517 85
189
607 155 68 45 108 68 569 68 70 189 68 331 149 68 331 149
158 108 68 569 68 527 359 68 135 68 607 155
4 85
211 607 158 189 68 514 199 85 359
64 211 258 68 501 85 517 68 430
611 163 68 550 501 68 158 108 68 258 247 85 68 189 68 240 51 85 68 19 85 68 430 359 68 430 299 68 211 68 19 85 68 152 389 158 178 68 607 158 118 68 607 158 118 68 607 170 108 68 70 158 108 68 70 189 68 70 158 362 222 68 607 158 543 211 543 389 158 543 389 158 543 389 158 245 258 149 68 159 152 68 607 158 543 68 607 158 189 68 607 479 68 43 158 438 70 189
517 68 189 68 577 68 607 158 68 79 430 68 430 199
197 503 158 68 607 68 241
43 158 68 36 149 68 49 68 5 68 87 108 68 569 68 240 389 158 68 241 68 189 68 507 258 611 189
517 68 331 149 68 397 68 640 68 64 211 108 68 397 68 19 85 68 153 189 108
503 189 68 405 68 517 250
49 68 5 68 222 476 551 68 19 85 68 4 85 4 85
70 158 108
5 68 642 211 68 70 158 108
87 152 68 563 158 68 389 339
552 85 4 258 68 4 85 359
213 211 68 331 68 253 68 638 68 261 86 108
87 108
261 86 68 124
494 68 607 170
517 68 189 68 417 68 347 501 68 397 68 85 379 68 397 611 51 86
189 68 389 430 299 211 474
550 339
593 89 487 68 19 85 68 122 572 149 68 607 158 68 19 85 68 218
87 359 68 397 68 258
651
189 68 213 194 199 68 237 149 68 607 158 68 170
189 68 550 158 543 68 189 68 397 68 607 68 405 85 68 331 487
240 68 43 158 68 438 359
517 68 607 158 68 607 158 68 607 158 68 447 158 108
86 149 68 593 89 501 68 397 68 211 543 68 158 543 211 82 68 430
611 74
87 68 339 68 330 68 237 4 85 359 70 189 68 201 258 551 68 241 68 241 359
321 68 19 563 158 152 68 36 149
87 68 347 158 359
19 85 68 607 158 85
501 85 252 199 68 162 359
76 85 359 68 93 532 430 108
170 108 68 570 211 247 85
189 68 503 189 68 397 68 354
261 86 68 43 158 68 501 85 447 189 68 517 68 431 68 19 212 450
189 68 607 68 240 51 85 359 68 241 68 19 68 283 68 417 68 189 550 86
153 108 68 189 68 189 426
85 149 550 86 68 85 447 158 85
79 178
153 68 607 158 68 158 108 68 261 86 85
405 240
153 68 527 68 397 68 339 68 569 68 5 211 222
189 68 5 189 68 158 211 68 397 68 222 476 68 331 149 68 331
153 158 108 68 261 86
64 550 339
189 266 50 68 517 499
246
189 68 487 68 635 489
339 551 68 158 108 68 87 152
87 108 68 607 158 68 237 149 68 629 68 397 68 339 68 426 339
87 68 501 85 447 189 68 517 68 431 68 593 89 158 543 68 19 79
189 68 651 123 68 189 68 550 501 68 550 501 68 550 501
36 85
607 158 68 36 149 68 170 68 87 108 68 170 299 68 170 299
503 339
261 86 68 607 50 68 189 68 19 85 359
569 108 68 170 68 607 158 68 137 158 68 642 68 64 211 108
211 240 68 490
87 68 397 68 415 68 189 68 189 68 397
569 68 531 158 543 211 68 430 68 330 570 389 158 108 68 430 299 68 569 68 569 68 569 68 552 85 347 158 118
189 68 331 487 68 607 158 68 570 389 158 118 68 569 68 397
503 85 68 517 68 189 68 417 68 45 4
213 194
258 85 288
64 211 258 68 339 68 405 189 68 189 68 569 68 430 299 449
189 68 339 68 430 68 64 211 607 158 68 593 163 359
321 189 68 607 158 68 607 158 68 569 68 321 189
64 211 258 68 339 68 321 240 68 640 68 569 68 569 108
607 158 68 607 158 68 70 158 68 4 85 379
162 68 607 50 68 640
261 86 68 124
149 389 339 68 503 189
347 158 85
607 68 347 501
430 211 68 258 247 85 68 570 389 430
607 158 68 593 89 487 68 87 68 330 570 389 189
543 458
599 211 543 389 158 199
611 189
189 68 607 68 397 68 261 86 68 189 68 54 86 68 569 68 16 479 68 517
607 155 68 45 108 68 354 68 201 258 68 331 149 68 266 158 68 405 108
321 189 68 527 359 68 135 68 19 68 569 68 158 108
189 68 494 68 569 68 241 430 397 68 638 68 569 68 405 241 430 359
5 581
189 68 405 349 85 68 189 68 339 68 389 339
64 211 258 68 133 68 153 108
397 68 85 64 211 517
170 85
261 158 108 258 390 108
514 199 68 577 68 405
607 68 517 68 258 68 5 189 68 550 430
503 85 68 189 68 569 68 213 307 68 406 501 68 213 307 68 213
607 158 68 607 68 321 240 68 406 158 68 446
503 85 68 189 68 569 68 503 339 551 68 241 359 389 339
273 68 97 68 389 85 359 389 339
241 68 70 189 211 108
446 86
607 158 68 593 89 158 68 405 108 68 19 85 359 68 347 501
593 89 487 68 569 68 64 211 517
85 359
189 68 501 68 240 550 487 68 211 199
49 68 5 68 365 152 68 607 158 68 607 158 68 189
54 86 68 397 68 19 85 68 569 108
290 85 68 288 68 211 199
64 550 487 359 68 4 240
607 158 68 331 222
431
189 68 85 347 189 389 199 68 517 623 68 5 189 68 124
527 68 607 158 68 211 108 68 133 82 68 158 108 68 330 68 4 478 68 517 85
339 68 607 158 68 607 158 68 405 108 68 19 85
261 86 68 124 68 158 108 68 87 68 253 359 389 339 68 19 85 68 189 241 551
189 68 494 68 397 68 543 68 331 149 68 64 389 339 68 569 68 85 379
607 158 68 607 158 68 87 543 68 531 85
19 85 136 158 359
503 189 68 607 158 68 81 68 397 68 85 359 68 85 359 70 189
517 68 211 68 607 158 68 222 68 563 189 68 569 68 231 240
189 68 570 211 68 503 339
189 68 43 158 68 321 240 68 642 68 93 51 86 85
197 86
447 158 543 68 330 68 638 68 5
261 86 68 43 158 68 45 68 97 68 569 68 415
79 359 68 36 149 68 446 68 339
19 163 68 85 68 241 68 189 531 158 543 211 68 389 158 199
569
231 51 86 68 189 68 494 68 397 68 430 68 4 152 68 158 108 68 430
64 211 258 68 211 543 68 607 158 68 430 68 577 68 19 68 211 607 155 194 213
276 85
517 68 503 189 68 339 68 339 551
651 85
503 189 68 86 68 87 543 68 607 50 68 607 50 68 417
321 189 68 170 108 68 64 211 108 68 430 359 4 240
222 476 68 158 108
189 68 503 189 68 405 108 68 569 68 552 359
197 85
651 123 68 87 68 87 108 68 321 240 68 640 68 447 158 108
261 158 85 4
70 158 68 70 189 68 189 68 115 479 68 505 68 640 68 85 379 85
43 158 68 607 68 607 158 68 501 68 36 85 24 68 430 68 569 68 5
569 68 389 199 162 85 68 189 68 189 68 246 68 389 339
189 68 213 68 517 68 397 68 339 68 4 211 108
406 501 162
531 149 136 479 149
321 189 68 241 359
51 359 68 347 501 85
70 158 68 81
347 158
4 85 4 85
87 68 347 158 359 68 5 68 431 68 617
189 68 19 85 68 19 85
87 189 16 199 68 76 85 359
76 261
426 86 85 68 430 359 389 158 359
607 158 68 607 158 68 201 258 68 19 85 359
607 68 607 158 68 211 199
189 550 158 108 68 517 68 43 158 68 240 550 158 85
153 405 68 295
503 339
494 68 158 108 68 149 550 86 189
321 189 68 569 68 16
189 68 405 68 430 68 64 389 339 68 189 68 240 550 158 189
283 68 607 158 68 577
261 359
607 158 68 258 108 68 617 149 68 550 501 68 347 501
438 70 158 68 390 68 211 85 347 158 118 68 241
189 68 354 68 569 68 430 68 64 211 108
258 189 643 359 68 253
569 68 397 68 211 390 68 189 68 397 68 640 68 85 379 85
569 68 85 36 211 68 339 68 5 189
189 68 494 68 397 68 189 68 397 68 569 68 569 68 19 85 68 517 85
76 85 359 68 54 86 85
607 158 68 550 501 68 593 89 501 68 189 68 97
607 158 85 365 430 199
651 123 68 253 68 253 68 189 550 487 149
607 68 189 68 5 68 397 68 350 68 640 68 321 27 68 397 68 201 258 551 68 607 170 108
19 79 430 68 550 158 108 68 354 68 405 68 405 68 405 108 68 19 85 68 64 211 108 68 569 68 19 85 68 64 211 108
527 68 405 68 517 258 149 68 569 68 431 187 299
126 442
607 158 68 494 68 189 68 241 68 158 108 68 158 189 68 19 85 68 397 68 503 158 68 405 241 68 405
611 51 86 68 36 108 68 43 158 68 5 189 68 258 82 152 258 551
607 158 68 4 108 68 64 211 258
607 158 68 197 108 68 85 152 68 87 68 406 155 49 551
570 211 68 607 158 68 394 149 68 550 501 68 241 68 430
607 68 189 68 81 68 397 68 158 85 350 68 569 68 552 85 359
607 68 189 68 81 68 397 68 405 68 638 211 315 359
5 68 569 68 4 563 189 68 359 389 158 299 149 68 569 68 640 68 79 487 359
607 158 68 607 68 321 27 68 201 258 68 97 68 85 611 118
389 299 389 299
527 68 339 68 85 347 158 68 397
611 51 86 68 517 623
261 86 68 43 158 68 45 108 68 569 68 4 85
607 158 68 211 251
607 158 68 153 108 68 321 247 68 136 479
611 51 86 68 607 479
283 68 406 158 68 64 211 108
527 68 87 68 86
134 85 359
87 85 359
87 68 607 50 68 237 591 359 68 397 68 638 211 68 5 189 68 569 68 19 85 68 64 550 339
119
19 163 68 331 149 68 607 158 240 68 447 158 359 68 136 479
607 158 68 494 68 189 68 240 51 85 68 4 478 68 19
290 258 118
438 415
211 359
5 415
261 86 68 87 68 569 68 552 359
231 85 68 5 189 68 162
607 68 5 68 43 158 68 261 86 68 124 68 359 68 70 189
503 85
339
189 68 273 68 527 68 64 211 108
43 85
5 68 527 68 231 240 68 431
389 189
64 51 86 68 405 108
87 68 87 108 68 550 501 68 189 68 212 450 68 550 339 68 397 68 19 85 68 19 85 68 339
158 108 68 569 68 501 85 447 158 85 68 189 68 517 250 551
87 68 339 68 266 19 85 68 642 222 85
189 68 540 149 643 449
189 211 85 359 389 158 118 68 346 211
607 158 68 550 339 68 5 189 68 85 152 389 85 359
197 158 222 68 153 189 68 124
564 85 359
87 68 347 158 359
527 68 261 86 68 87 68 527 68 607 158 68 64 68 593 89 487
527 68 87 68 87 68 189 68 347 158 359
189 68 494 68 397 68 550 501 68 607 158 68 283 68 503 158 108
607 158 68 607 158 68 189 68 642 68 642 68 346
426 569 438 359
197 5 189 68 390 68 201 258 359 68 189 68 331 430 68 430 299
593 89 158 68 642 68 607 155 68 87 68 397 68 543 301 290 85 68 189 68 189 68 189
503 189 68 126 68 89 487 68 189 68 245 258 199
503 85
569 68 85 240 299 149 68 246 68 394 68 607 158 68 503 189 68 397 68 577 68 339 68 339
189 68 494 68 397 68 405 68 295 499 211 258
197 158 405 237 108 68 390 68 19 85 68 211 251 211 68 405 68 394 458 68 64 211 108
405 199 68 629 68 189 68 5 68 79 359 68 607 158 68 19 85 68 70 189 68 569 68 569 68 85
86 149 68 593 89 158 68 87 68 569 68 213 68 213 194 149
43 158 68 237 149 68 49 68 158 543 68 19 68 19 85 68 397 68 617 68 617 149 68 397 68 397 68 397 68 397 68 136 479 85 152
197 108 68 189 68 135 68 577 68 397 68 397 68 397
76 346 258
189 68 64 211 68 471 68 347 501 68 253 68 405 108
5 68 19 85 68 189 68 253 253
438 415 211 108 68 45 108 68 70 158 108
607 158 68 593 89 158 68 394 68 189 68 354 68 397 68 85 152 51 86 68 617 149 68 397 68 617 149
241 149 458 85
189 389 85 359 389 570
503 85 68 158 108 68 237 149 68 629
241 359
59 295 19 85 299
126 68 51 86
339 68 550 155
5 68 64 211 108 68 517 68 4 240
607 158 68 593 89 158 68 81 68 5 108 68 5 258 68 253 68 201 258 551 68 339
197 86
189 68 550 501 68 397 68 158 152 68 607 158 68 607 158 68 240 51 86 68 43 158 68 397 68 397 68 550 501 68 550 501 68 189 68 607 158 68 397 68 397 68 397 68 507 211 543 68 406 158 68 43 158 68 124 68 246 68 607 158 68 607 158 68 607 158 68 607 158 68 607 158 68 347 158 68 189 68 189 68 189 68 607 158 68 607 158 68 607 158 68 607 68 607 158 68 607 158
261 158 390 68 19 79 158 189 68 5 543 68 405 85 347 85 359
607 158 68 593 89 158 68 81 68 241 68 405 237 162
607 68 211 607 50 68 397 68 607 158 68 321 240 359 68 19 85 68 640
258 247 299 211
607 158 68 36 149 68 550 86 85 68 607 158 189
64 211 258 68 339 68 321 240 68 640 68 19 85
629 85
79 430 359
290 85
5 68 517 85 68 201 258 68 390
349 85
76 85 68 64 51 108
19 527 68 607 158 68 54 86 68 607 50
153 68 359 68 5 189 68 651 123
64 211 258 149 68 397 68 5 189 68 569 68 503 189 68 503 189 68 389 339
611 570 211 108 149 550 158 118 68 397 68 189 68 570 389 158 68 43 158 68 237 4
189 68 494 68 397 68 550 501 68 158 240 68 158 108 68 397 68 64 211 108 68 64 211 108 68 397 68 550 158 108
153 68 85 347 158 68 397 68 501 85 119 211 334 68 430 68 430 108
550 501
201 258
189 68 503 189 68 158 108 68 211 450 68 438
261 86 68 124 68 253 68 569 68 430 68 54 86 68 640
593 89 158 68 158 68 197 86 68 241 68 570
607 68 211 607 68 397 68 211 471 211 68 136 479
64 211 258 68 390 68 5 68 339 68 501 85 623 68 430
397 211 85
531 258 68 76 85
261 86 68 438 415 68 569 68 258 390 68 430
607 158 85 162 68 330 85
569 68 158 149 550 158 359 68 189 68 397 68 43 158 68 70 158
189 68 550 158 543 68 550 158 85 359 68 331 149 68 629 68 343 543 389 158 543
607 158 68 115 479 68 5 68 397 68 19
189 68 19 68 158 543 211 258 85 68 390 68 211 199 68 406 158 118 68 517 85 438 359
517 68 189 68 158 108 68 153 108
87 543 68 390 68 189 68 231 51 86
397 68 426 339 68 430 68 64 211 258
222 476 68 76 85 438 415
503 189 68 593 89 487
607 158 85 365 430 199
189 68 569 68 354 68 5 68 343 543 389 158 189 68 501 85 152
261 86 68 43 158 68 45 68 189 68 339 68 16 339
87 68 611 74 68 607 158 68 354 68 607 68 70 189 68 343 543 389 349
599 389 240 194 68 70 158 108
241 85 359 70 158 68 261 86
241 68 85 68 201 240 389 158 118
261 86 68 507 258
593 89 158 68 321 247 68 607 68 607 158 68 222 476 68 569 68 70 158 68 70 158 68 201 258 68 201 258
607 158 68 494 68 189 68 241 68 158 108 68 241 68 517
405 19 79 553 68 261 158
261 86 68 43 158 68 45 108 68 569 68 430 68 570 389 158 108
607 158 68 258 85 347 189 68 339 68 339 68 569 68 211
153 108 68 430 68 189 68 347 158 359 68 638 211 68 569 68 85 632
359 503 189 68 331
349 85
201 258
5 68 527 68 607 158 68 295 149 68 607 158 68 288 359
64 211 258 149 68 397 68 93 435 334 149 68 607 158 68 577 68 517 68 517
643 211 240 389 199 68 64 389 430
87 449 68 189 68 36 86
349 85
170 299 68 43 158 68 370 68 397
339 68 347 158 68 339 68 550 487 149 68 397 68 211 68 577 68 64 211 108
607 68 211 607 158 68 431 68 241 68 64 211 108 68 397 68 517 68 517 250 551
59 290 258 108
189 68 240 299 68 642 211
517 68 189 68 577 68 607 158 68 394
85 359 68 640
261 86 68 607 158 68 295 359 68 4 258 68 64 211 108 68 19 79 222
231 240
405 68 611 152 68 158 68 607 158 189
5 68 288 68 543 389 199 68 201 258 68 569 68 237 643 449
64 211 258 68 158 108 68 158 108 68 397
607 158 68 607 158 68 593
397 68 54 86 68 64 211 108
87 68 347 501 68 640 68 162 68 189 68 593 89 487
261 86 68 43 158 68 45 108 68 607 155 68 479 68 211 394
45 108
76 85 222
189 68 494 68 397 68 321 27 68 189 68 19 85 68 5 189 68 93 51 86 108
153 108 68 189 68 189 68 189 68 201 258 68 397 68 247 213 194
85 64 211
189 68 607 68 569 68 173 68 189 241 359 68 389 85 359 438 359
321 68 569 68 64 211 189
136 155
64 435 213 68 241
531 149 68 569
397 68 85 359 564
5 68 152 68 19 85 68 638 68 43 158 68 19 68 19 68 19 68 43 158 68 331 149 68 19 85 68 70 158 68 152
261 158 85 68 417 85 359 68 19 85 68 397
527 68 153 68 153 68 527 68 447 189
85 581 194
5 68 569 68 76 85 68 406 155 149 68 505 68 64 211 108
162
87 85
405 155 149 550 430
5 189 85 359
503 339
79 158 189 389 570 326
550 339 211 199 68 397 68 81
43 158 108 258 258
321 189
406 334 68 155
189 68 494 68 607 158 68 70 158 108 68 397 68 64 211 108
87 68 339 68 607 158 68 70 158 68 64 211 108
607 158 68 593 89 158 68 543 211 68 36 211
611 89 487 68 189 68 162 68 607 158 189
170 299
201 258 189 458
189 68 19 212 149 643 85
240 550 158
503 85 68 517 68 189 68 417 68 640 68 538 158 108
85 4 258 197 108
19 85 299
607 158 68 253 68 643 359
397 68 85 347 158 222
569 68 240 51 570 68 158 108 68 570 389 199
611 89 487 68 593 89 487 68 569 68 550 158 85 68 85 152 68 5
417
517 68 189 68 611 189 68 70 189 68 19 85 359
607 68 211 607 50 68 288 68 59 67 68 197 86
189 68 5 189 68 330 503 158 108 68 569 68 4 258 85 4 258 85 4 551
87 68 81 68 245 449 189 108
247 19 489
321 569 68 550 501 68 36 149
347 501
607 158 68 397 68 288 68 295 68 397 68 19 68 339 68 593 89 158 118
189 68 607 68 577 68 569 68 569 68 16 479 68 517
4 563 158 68 299 68 339
86 149 68 593 89 501 68 405 68 405 241 68 189 241
76 85 359
4 258
406 155 68 321 240
189 68 607 158 68 607 68 570 389 158 108
607 68 189 68 5 68 503 339 68 85 359 389 339 68 189 68 54 86
189 68 405 68 189 550 501 68 331
261 86 68 43 158 68 45 108 68 569 68 173
189 68 629 68 354 68 330
503 85 68 517 68 189 68 417 68 517 68 550 339 68 517
569 68 570 211 108
189 68 607 158 68 19 79 359 68 189 68 417
593 89 158 68 405 237 108 68 339 68 79 158 240 68 189 68 64 550 158 213
389 339
355 611 51 86 68 196 68 158 108 68 36 149 68 51 86 189 68 241 68 85
54 86 68 85 347 158 623 68 607 158
241 149
85 4 85 359
153 108 68 5 68 397
189 68 389 85 359 68 397 68 569 68 158 222 68 430 299 180 282
503 85
607 50 85 4 85 68 173
550 501
406 211 251 68 70 158
593 89 158 68 81 68 189 68 397 68 607 158 68 222 68 19 85 68 196
389 158 68 397 68 211 68 397 68 19 163 68 334 68 430 68 607 158 68 5 189
115 479
133 4 240
153 108 68 189 68 189 426
302 149
64 211 258 68 397 68 211 68 397 149
593 89
593 89 158 68 197 158 68 158 108
339
258 247 85 68 64 211 189
19 85 359
189 68 158 108 68 197 86 68 569 68 552 85 359
19 85 68 347 158 118
189 438 415
507 34 85
64 211 258 149 68 397 68 85 89 158 68 189 68 70 158 68 19 85 68 43 158 68 4 116
397 68 85 240 51 570 211 108
36 85 211 68 330 359 258 149 550 158 118
189 68 494 68 397 68 211 390 68 354 68 417 68 334 189 68 389 158 118 68 550 158 118
4 64 211 68 503 158 108 68 241 68 183 67
189 68 339 68 538 158 108 68 339 68 85 350
76 85 359 70 158 108
550 149
261 158 390
162 85
487 149 550 158 85
43 158 189 68 136 479 68 517 359 68 354
189 68 550 501 68 321 247
170
321 563 158 85
189 68 538 430 68 430 68 430 68 550 501 68 397
629 68 570 68 640 68 170 108
5 258 189
87 68 189 68 189 68 295 19 85 68 19 68 607 158 68 19 79 553 68 64 211 68 607 158
189 149
189 68 593 89 487 149 68 446 68 258 68 331 487 149 68 569 68 19 85 68 240 643 85
43 158 68 152 68 246 68 158 108
189 68 638 211 82 68 170 108 68 170 334 199 68 629
261 86 68 124
261 86 68 593 89 158 108 68 19
189 68 550 158 543 68 569 68 280 68 136 479 68 136 479 68 64 211 108
494 68 397 68 85 68 5 68 201 108 68 266 158 68 543 389 501 68 240
438 415
189 68 494 68 607 158 68 261 86 68 426 158
577 68 19 79
211 543
70 158 359
607 158 68 642 68 5 68 330
607 155 68 45 108 68 43 158 68 638 68 201 258 68 569 68 569 108
211 607 158 68 321 240 68 569 68 64 211
241 68 569 108 68 5 68 365 430 199 68 43 158 68 245 449 68 397 68 607 158 68 189 68 607 50
149 389 85 359 389 158 189 68 79 158 189 85 359
607 68 397 68 149
64 211 258 68 607 158 68 347 158 68 49 68 517
321 189 68 87 449 68 642 68 642 211 85 359
189 68 5 68 527 68 490
261 86 68 43 158 149
503 85 68 173 68 189 68 59 299 149 68 19 85 68 136 479
607 158 68 607 68 321 27 68 201 258 68 97 68 85 611 118
133 68 503 189 68 570 211 68 339
261 86 68 43 158 68 45 108 68 569 68 4 85
517 68 237 591 149 68 5 68 642 68 170 299
517 85 4 149
189 68 564 68 370 68 607 155 68 569 68 490
321 240 68 446 68 246 68 246 68 570 389 158 108
213 211
189 68 503 189 68 133 82 68 70 158 68 334 222 68 334
531 299 211 258 68 330 68 19 85 359 70 189
517 85
133 68 640 68 331 68 550 339 68 607 50 68 397 68 569 68 240 51 359
189 68 158 108 68 189 68 397 68 569 68 503 569 68 19 85
189 211 543
64 550 158 85 68 79 158 108
76 85
593 89 487 149 68 54 86 68 640
87 68 607 50 68 237 591 359 68 397 68 638 211 68 5 189 68 569 68 19 85 68 64 550 339
503 85 68 189 68 569 68 124 68 607 50 68 241 194 149
607 158 68 593 89 158 68 81 68 45 108 68 261 158 68 45 108
5 108
426 86 149 68 189 68 158 108 68 240 302 108
19 163 68 85 68 640 68 85 611 149 68 517
503 85 68 158 108 68 237 149 68 629
503 108 68 527 68 43 158 68 158 108
607 158 68 273 68 607 158 68 607 158 68 501 85
5 68 330 68 158 108 68 330 68 570 389 199
79 430 85 379 85 359
607 158 68 593 89 158 68 543 211 68 241 359 389 158 359 68 397 68 85 359 51 86 85
43 158 258 136 479 68 115 479
196
321 189
4 85 4 85
503 85 68 517 68 189 68 258 68 354 68 201 258 247
550 501 68 354
87 108 68 607 50 68 189 68 280 68 189
607 158 189 569 68 85 36 149
283 68 638 211 543
189 68 213 307
189 68 527 68 447 158 108 68 359 68 201 258 68 569 68 397
87 108 68 211 251 68 19 85 68 85 4 149 68 64 211 108
501 85 447 189 68 517 189 68 517 85 359
527 68 607 68 569 68 211 450 68 19 570 389 339 68 405 68 42 247
397 415 211 108
189 211 85 359 389 158 189 68 550 158 211 471
569 68 211 607 155 68 507 258 68 64 211
607 68 49 68 347 85 359
153 108 68 189 68 189 426
189 550 487 108
170 108 68 258 68 389 85 359 389 85 359
189 68 494 68 430 68 517 250
389 189 68 384 108
5 68 82 68 189 68 346 211 68 431 68 438 415
87 68 527 68 569 68 5 68 133 68 64 51 108
503 85
527 68 405 68 517 258 149 68 569 68 431 187 299
261 86 68 189 68 593 89 501 68 569 68 321 247
76 85 359
517 85
593 89 158 68 19 68 246 68 531 158 543 68 517 68 246 68 397 68 397 68 85 379
283 68 19 85 68 607 68 189 68 241 68 85 152 51 86 85
611 89 487 68 295 149 68 189 68 570 389 158 68 240 302 149
288 68 570 389 339 68 569 68 158 108 68 189 85 379 85 359
321 189 68 642 68 406 158 149 68 517 68 64 211
607 158 68 593 163 68 189 68 447 158 68 136 479 68 640 68 640 68 354
569 68 136 158 68 19 85 68 5 68 19 68 158 108 68 550 158 149
5 68 642 211 68 430 299 68 405 68 211 471 211 68 607 158 68 237 211
189 68 651 123 68 569 68 64 211 108
43 149
43 158 199
611 189 85 68 85 152 68 189 68 607 170 299
611 152
538 430 68 36 85 68 158 108 68 430 199
607 158 68 258 85 347 189 68 339 68 339 68 569 68 211
87 68 347 158 359
321 247 334 543
64 211 108 68 397
593 89 487
569 68 527 68 527 68 517 68 158 108
43 158 199
79 430 199
531 258 68 643 85
189 68 273 68 638 68 240 550 68 331 149 68 397 68 550 487 149 68 640 68 279 194 108
189 68 651 85 68 258 68 638 68 5 189 68 389 85 359 389 85
85 162 85
321 247 108
607 170 68 570 389 158 118
607 479 85 299 180 282
49 68 158 68 330 152 550 158 189 68 36 108 68 330 258 85
261 158 85 4 189 68 87 449 85
261 86 68 124 68 261 86 149 68 189 68 347 158 359
569 68 135 68 189 68 490
87 68 64 51 108 68 158 108 68 36 149 68 629 68 397
87 449 85
577
189 68 85 471 211 68 617
321 189 68 607 158 68 397 68 503 339 68 607 50 68 247 85
261 86 68 607 50 68 189 68 64 550 85
43 158 199
189 68 405 68 607 158 68 213 191 551
5 189
189 68 258 68 472 68 330 543 68 85 365 430 199 68 570 389 349 531 158 108 68 569 68 569 68 472 420
501 85 438 415
607 68 211 68 607 158 68 503 240 68 64 389 479 68 569 68 231 240
479 406 158 299 68 85 359 68 85 379 85
197 86 68 87 68 237 108 68 201 199 68 158 108 68 136 479
211 607 158 189
189 68 494 68 397 68 43 158 68 570 211 68 527 220 88
153 607 158 245 449
49 68 5 68 365 152 68 237 149
607 158 74
406 158 118
54 86
611 189 85 359 70 158 118 68 638 68 638 68 569 68 85 347 158 68 54 86 68 405 68 405 241 68 405 199
231 240
189 68 503 189 68 85 379 85 68 339 68 19 85 359
593 89 487 68 36 149
607 158 68 503 339 68 189 68 241 68 158 108 68 346
189 68 494 68 397 68 517 211 68 93 211 108 68 330 213 194 334 222
194 543
503 85 68 189 68 569 68 405 553
593 89 158 68 211 68 607 158 68 577 68 19 85
189 68 607 158 68 607 158 68 517 68 406 158 359
189 68 494 68 397 68 201 258 189 68 331 149 68 5
406 155 68 569 68 170 299
389 349 531 149
189 211 251 211
503 85 68 189 68 569 68 4 85 359
189 68 607 68 406 155 68 189 68 321 247 68 97
564 68 607 158 68 158
87 68 347 501 68 640 68 43 158 68 430 68 5 68 19 68 19 68 19 68 430 397 68 607 158 118
261 158 68 87 68 564
222 4 85
651 123 108 68 390 68 201 258 68 79 359
607 158 68 593 89 158 68 253 68 253 68 170 108 68 569 68 472 420
19 359
189 68 405 68 397 68 43 158 68 370 68 261 86 85 152
261 86 68 527 68 431 108 68 19 489
405 85 123 93
64 435 213 68 397 68 211 390
593 89 487 359
607 158 189 149 207
189 68 607 68 19 68 405 189 68 93 211 68 430 68 240 389 158 108 68 279 194 108
133 68 79 487
261 158 68 570 149
85 137 158 240
54 86 68 397 68 189 68 406 158 240 299
189 68 527 68 253
607 158 85 241 359
86 149 68 593 89 501 68 397 68 5 68 339 68 290 85 68 5 189 68 79 158 189
339 68 550 158 149 68 266 158 68 405 189 68 170 299 68 617 149 68 93 211 108 68 93 211 108
607 68 347 501 68 397 68 569 68 430 68 64 211 108
85 211 543 389 158 118
64 211 258 68 133 68 153 108
5 68 245 449 68 430 68 405 189 68 261 158 543 68 570 389 158 118
43 158 68 607 68 390
43 430 438 70 158 68 246
611 438 415
136 479 68 331
87 68 430 68 569 68 241 68 70 158 108 68 405 85 68 397 68 85 347 158 108 68 43 158 68 59 67
189 68 494 68 397 68 501 85 299 570 389 85 68 85 68 124 68 86 149 68 86 163 68 279 194 108
189 68 405 68 607 158 68 394 68 85 359
503 189 68 253 68 569 68 430 68 426 569 68 85 68 85 36 85
397 415 211 108
189 68 54 86 68 189 68 397 68 133 68 85 447 189 451
87 68 70 158 108
261 86 68 124 68 253 68 189 68 347 501 68 405 68 640
189 68 494 68 397 68 517 68 45 564 68 438 415
611 74 85 359 438 359
189 68 569 108 68 607 158 68 339 68 79 359
64 211 68 607 50 68 397 189 149
189 68 124 68 331 149 68 430 149 68 607 68 607 158 68 406 211 199
607 158 68 153 68 350 68 189 68 505 149 68 64 211
4 108 149 389 526
607 68 136 479 68 211 68 211
261 86 68 43 158 68 45 108 68 569 68 5 258 390 68 321 240
189 68 133 68 635 489 68 638 68 241 68 43 158 68 43 158 68 43 158 68 43 158 68 430 68 430 68 279 194 108 68 189 68 189 68 42 247 108 68 42 247 108 68 607 158 68 5 108 68 79 158 68 43 158 68 64 211 108 68 155 68 5 68 189 68 189 68 189 68 43 158 68 430 68 43 158 68 189 68 189 68 189 68 189 426 86 199 68 430 68 189 68 189 68 211 108 68 189
54 86
258 85 4 116
189 68 607 158 68 550 487 359 68 85 379 85
607 158 68 197 108 68 93 435 213 68 213 68 189 68 331 149 68 87 68 87 189
607 158 68 54 86 68 397 68 577 68 189 68 283 68 170 299 68 331 487 359 68 359 68 246 68 397 68 397 68 397 68 189 68 331 487 359
241 68 334 152 68 550 501
517 68 189 68 258 149 68 607 158 68 253 68 638 68 569 108
607 158 68 211 543 389 158 68 99 68 85 170 108
158 108 531 155 68 347 158 359
397
517 450 68 170 108
49 68 5 68 258 68 36 149 68 607 158 543 68 611 189 149 389 158 118
153 68 87 68 430 266 158 543 68 189 68 283 68 158 240 550 501
527 68 153 68 231 240 68 430 68 406 211 68 617 68 569 68 246 68 85 632 68 85
201 158 199 85 299 389 158 189
607 158 68 197 108 68 19 85 68 354 68 611 51 86 68 397 68 93 51 86 108 68 617 149
87 68 339 68 430 68 158 108 68 153 189 68 343 543 211 82
354 68 397
607 158 68 197 108 68 85 68 189 68 406 158 68 189 68 240 302 359
607 158 68 550 155 108 68 406 339 68 397 68 517 258
36 211 349 85 359
405 108
503 189
261 86 68 43 158 68 45 108 68 569 68 4 478 68 640 68 635 189 108
189 68 79 158 543 68 70 158 359
4
197 149 389 158 108 68 173
189 68 569 68 517 85
339 258 68 189 68 347 158 359
19 85
607 158 68 593 89 158 543 68 531 158 108 68 19 85 68 430 551
503 189 68 607 158 68 569 68 5 68 87 68 503 158 359
4 85 189
503 85
189 68 43 158 68 405 68 266 158 68 638
5 68 252 155 68 158 108 68 517 68 4
211 199
189 68 607 158 68 607 158 68 577 68 339
126 68 189 68 64 211 108 68 64 211 108 68 339 68 550 501 68 5 189 68 70 158
276 85 359
261 86 68 607 50 68 152 51 86 68 397 68 569 68 426 339
503 339
189 68 64 51 189 550 487
607 68 517 68 397 68 54 86
79 339
189 68 577 68 339 68 397 68 258 68 36 211 315 68 389 158 199
158 240 222 85 359
607 158 68 331 222
231 51 86 68 354 68 189 68 211 450 68 19 199 68 64 211 68 64 211 108
261 158 543 68 431 68 19 85 68 189 68 246 68 430 68 43 158 68 153 189
87 68 430 68 569 68 607 50 68 397
76 85 359
346 211 607
607 158 68 405 108 258 623 68 189 68 43 158 68 252 155
503 85
607 158 68 253 68 133
36 149 68 211 607 158 68 607 479 68 240 211 68 607 158 68 79 553 68 241 68 19 85 68 569 68 19 85
517 68 189 68 577 68 158 108 68 517 359
276 211 199 68 241 359
197 5 189
569 68 405 237 162 68 189 68 617 149 68 85 68 170 108
153 68 79 158 543 68 330 68 430 635 189
189 68 607 158 68 531 299 68 543 211 68 331 487 149 68 397 68 279 194 108 68 93 51 108
76 85 68 64 51 108
607 158 68 593 89 158 68 607 158 68 390 68 258 390 68 607 479
79 430 189 550 158 359
405 85 68 19 79 158 85 68 201 258 68 54 654 68 397 68 5 108 68 5 189
430 299 211 359
170 108
276 85 68 514 199 68 201 258 68 201 258 189 451
261 158 68 87 68 564
607 68 211 607 68 189 68 241 68 538 158 68 405 241 68 406 158 118
87 68 527 68 527 68 370 68 638 68 640 68 569 68 19 79 553
607 158 68 593 89 487 68 81 68 569 68 389 158 118 108
149 550 158 543
517 68 607 158 68 607 158 68 607 158 68 447 158 108
538 487 359 68 196 68 189 68 550 339
430 85 359
569 108 68 430 68 79 158 108
517 68 36 149 68 577 68 354 68 430 359 68 607 339
406 155 68 431 68 405 68 158 108 68 64 211 108 68 246 68 617
64 389 339 68 45 149 68 640 68 283 68 70 189 108
607 158 68 593 89 158 68 85 359 68 447 158 68 370 68 54 86 108
87 68 189 68 593 89 158 240 68 64 51 86 68 397 68 43 158 68 331 4
115 479
5 68 4 68 640 68 240 550 158 85 68 153 189 68 19 85
241 201 258 68 430
231 51 86 68 261 86 68 370 68 5 68 593 89 487 359
153 68 636 68 158 68 607 158 68 397 68 64 550 158 68 331
87 68 283 68 93 51 86 68 405 68 81
211 85 359
261 86 68 170 108
4 517 68 430
611 51 108
189 68 593 89 158 68 343 543 68 189 68 283 68 283 68 334 222 476 551
54 86 68 397 415 211 108
531 299
189 68 165 68 85 68 85 447 158 108 68 430 68 569 68 85 347 158 118
189 68 607 68 240 51 85 359 68 241 68 19 68 283 68 417 68 189 550 86
531 85 68 54 86
79 155 194
19 85 68 85 149
43 158 199
405 68 405 108
51 359 68 133
569 68 158 108 68 158 189 68 85 299 68 431 68 552 118
5 68 295 222 68 19 85
503 85 68 158 108 68 569 68 430 438 359
87 108 68 607 68 569 68 170 108 68 124
607 158 68 70 158 359
247 339
321 240 68 517 68 85 152
607 158 199
189 68 494 68 189 68 607 158 68 211 330 68 607 158 68 593 163 68 617
517 68 189 68 406 334 85 68 189 68 397 68 247 85
503 339
19 79 430 68 4 85 359 68 85 4 68 189 68 246 68 246 68 64 550 158 240 68 569 68 64 389 158 108 68 569 68 569 68 89 487 149
607 68 211 607 68 397 68 253 68 503 339
36 85 152 68 158 108 68 607 68 189 68 183 67 68 593 89 487
343 339 415 211
569 68 430
527 68 640 68 431 108
64 211 258 149 68 397 68 85 89 158 68 543 389 85 68 569 68 430 299
87 339 551 68 19 489 68 211 247 213 194 213
189 68 64 51 85 68 370 68 569 68 538 430 68 430 68 430 68 569 68 64 211 108 68 64 389 158 118 68 64 389 158 189 68 189 68 189
438 415
158 85 64 51 108
569 108 68 170 68 607 158 68 137 158 68 642 68 64 211 108
648
5 68 258 68 330 68 43 158 68 159 68 240 550 158 68 339 68 85
189 68 552 85 68 635 489 68 430 108
503 85 68 517 68 189 68 417 68 430 108
189 438 415 211
543 389 155 194 149 68 5 189
222 4 85 4 85
247 85
87 68 170 68 162 68 397 68 397 68 607 170
517
607 68 211 607 158 68 607 68 201 258 222 68 607 158 68 237 108
607 158 68 607 158 68 197 86 68 241 68 640 68 86 85 197 86
85 347 158
569 68 447 158 68 430 108 68 4 85 241
87 68 607 50 68 593 89 487 68 640 68 170 152
153 68 501 68 85 4 258 189 68 570 389 158 68 430 68 240 550 158 359
85 241 438 359 68 158 108 68 550 430 68 430
397 68 569 68 218 68 397 68 569 68 64 211 68 64 211 68 283 68 261 86 68 283 68 283
321 189
87 68 347 501 68 640 68 339 68 213 194 149 68 86 163 68 617 149
321 189 68 213 194
253 503 158 68 397 68 569
607 68 5 68 19 68 321 247 149 68 370 68 5 189 68 237 108 68 241 68 237 108 68 640 68 321 247 85
4 64 211
569 108 68 638 68 415 211 68 189 68 517 68 607 50
607 158 189 569 68 471 211
241 108
64 211 258 149 68 397 68 85 89 158 68 430 68 266 158 68 569 68 569 68 85 347 158 118
569 68 245 449 68 85 68 5 68 5 68 19 68 19 68 321 247 68 397 68 405 68 189 68 569 68 79 553
87 68 527 68 431 108 68 64 389 339 68 266 158 108
330 359
49 68 158 68 330 152 550 158 189 68 36 108 68 330 258 85
189 68 19 68 158 108 68 149 550 68 36 211 390
76 85 359
607 158 68 607 68 152 68 447 158 85 359 68 330
43 158 68 331 149
607 158 68 607 158 68 593
321 189 68 135 211
189 68 170 68 569 68 4 240 211 68 607 158 189
85 379
417 334 222 68 237 334
607 158 68 447 158 118 68 201 258 68 93 225
261 86 68 607 50 68 569 68 569 68 390
507 34 85
87 68 527 68 569 68 330 68 397 68 430 68 19 85 68 153 189 108
397 68 406 158 68 517 258 68 430 68 64 211 108
5 108
74
503 85
153 108 68 189 68 189 426
495 68 607 68 189 68 136 479 68 97 68 569 68 85 4 258 68 64 211 108 68 569 68 569 68 569 68 569 68 64 389 339
321 68 189 68 64 211 108 68 417
231 51 86
86 149 68 593 89 158 68 211 68 405 68 405
514 199
517 68 189 68 347 501 68 354 68 321 569 68 64 211 108
501 85 252 199 68 158 108 68 339
494 68 617 68 36 85 68 89 158 68 517 68 354 68 430
87 68 162 68 19 79 158 68 261 86 68 607 158 68 54 86
430 170 108
607 158 68 237 149 68 607 158 68 607 158 68 431 211 82 68 201 258 82
87 68 347 158 359
189 68 494 68 638 211 68 241 68 158 108 68 19 85 68 212 450 68 397 68 569 68 64 211 450
149 389 85 68 295 138
607 68 397 68 405 85 68 347 501
76 85 68 607 50
552 85
133 4 240
261 86 68 43 158 68 245 449 68 370 68 607 158
607 68 189 68 81 68 397 68 405 68 638 211 315 359
79 430 68 45 206 68 354 68 201 258 85
158 108 68 593 89 158 543 389 158 189 68 538 158 118 68 339 68 527 220 68 503 158
5 189 211 607
189 68 593 89 158 68 607 158 68 252 155 68 617 359
538 158 189 68 266 158 108 68 19 68 569 68 552 118
189 68 607 68 397 68 365 430 199 68 253
552 85 68 5 68 347 158 359
290 85 299
611 51 570 211 108 68 397 189 68 201 258 68 158 108 68 64 550 158 85 4 85 152 68 640 68 85
43 158
87 68 170 471 211 108 68 189 68 531 158 68 339 68 447 158
5 471 211 68 85 517 85 359
261 86 68 124 68 503 155 68 607 158 68 81 68 397 68 503 158 68 85 359 68 43 158 68 136 479 85 359
321 68 189 68 611 51 86 68 339 68 339 68 331 155 211 108
629 68 5 108 258 85 359
79 359 68 189 68 397
261 86 68 43 158 68 19 85 68 36 149 68 331 487 359 68 241 68 158 108 68 241 68 430 68 158 85 359
607 158 68 36 149 68 258 68 36 85 68 550 487 359 68 472 420
405 68 70 158 359
76 85 359
607 158 68 5 68 607 158 68 201 258 222
189 68 165 68 85 68 85 447 158 108 68 430 68 569 68 85 347 158 118
276 85
189 68 247 85 471 211 222
189 68 158 543 68 5 108 68 390 68 45 108 68 569 68 430 299 655
4 108 68 258 85 65 86
607 50 68 89 158 68 397 68 54 86 68 640 68 76 85
569 108 68 189 68 124 68 241 68 642 68 201 108 68 70 158 68 405 237 558
599 389 240 194 68 70 158 108
189 68 569 108 68 638 211 82 68 170 108 68 170 299
397 68 87 68 87 93 211 189
550 155 194 85
231 240
189 68 552 85 68 241 68 158 108 68 189 451
276 85 359
19 163 68 152 68 501 68 569 68 517 623 68 517
295 149 68 569 68 390 68 189 68 552 85 359
189 68 494 68 237 569 68 397 68 222 68 334 85 68 447 158 68 201 258 68 527 68 43 158 68 201 258 68 189 68 218
19 331 68 331 149
527 68 153 68 153 108 68 189 68 201 258
189 68 211 607 158 68 222 476
43 152
501 85 64 211
611 178
189 68 85 471 211 68 617
197 85 379
261 86 68 607 158 68 607 158 68 354
611 51 86 68 87 543 68 321 569 68 446 82 68 430 68 569 68 43 158 68 569 68 569 68 569 68 569 68 569 68 569 68 397 68 136 479
354 551
607 158 68 607 158 68 93 211 85
503 189
607 158 68 36 149 68 331 68 135 68 211 199 68 389 339 68 552 85 359 68 430 551
503 189 68 213 68 87 68 237 643 359 68 569 68 405 108 68 189 68 189 68 189
87 68 347 158 359
87 68 430 68 569 68 85 4 85 4 68 640 68 397 68 85 4 85 4 85
343 543
611 89 158 68 81 68 5 68 446 68 124
162 85
54 86 68 607 50
261 158 543 68 397 68 607 50
611 86 149 68 87 68 405 68 638 211 68 5 108 68 405 68 405 241 68 64 211 108
79 158 222 108
189 68 79 602 194 68 93 51 108
87 449
261 86 68 527 68 85 4 64 211 108
550 430 68 330 85 68 430 240 302 108
36 149 68 211 607 50 68 607 158 68 136 479 85 68 204 543 389 158 68 70 189 68 189 68 201 240 299
550 86 68 87 152 550 86
517 68 607 158 68 81 68 638 211 68 153 189 505
321 68 431 108 68 158 108 68 629 68 19 85
189 68 494 68 607 158 68 607 158 189 149 389 85
136 479 189 507 211
607 158 68 36 149 68 550 339 68 397 68 638 211 68 569 68 472 420
189 68 607 158 68 607 158 68 406 158 299 68 607 50 68 503 189
197 85 359 68 426 86 85
19 79 178 68 354 68 135 68 54 86 68 607
503 85 68 189 68 569 68 211 85 359 389 479
258 189 68 607 158 68 607 158 68 211 471 211
82 152
607 158 199
507 34 85
321 189 68 189 68 5 189 68 611 51 359 68 158 189 68 331 68 331 149 68 5 189 68 36 211 85
607 158 68 593 89 158 68 258 68 394 458 68 241 359 68 359 389 339
607 68 5 189 68 330 211 543
569 68 240 51 85 68 640 68 406 334 222 68 155
503 85 68 158 108 68 569 68 517 85 611 118
162 85
197 158 222
607 158 68 321 68 359 389 85 359 68 390 569 68 201 258 551
189 68 64 211 68 152 68 152 68 607 68 569 68 517 85
64 211 108 68 51 86 68 64 68 85 632 68 569 68 426 569
43 189 643
611 51 570 211 108 68 397 189 68 201 258 68 158 108 68 64 550 158 85 4 85 152 68 640 68 85
85 136 479 68 447 158 108
389 85 359 68 133
79 430 68 321 189
189 68 54 86 68 397 68 397 68 222 476 68 389 430 68 43 158 118 68 189 68 79 430 359 68 79 430 299 180 282 568 68 189 68 359
87 68 607 68 19 68 405 68 170 108 68 189 68 331 487 149 68 85 299
607 158 68 593 163 68 189 68 447 158 68 197 86 68 153 108
153 108 68 197 86 68 189 68 189 68 607 158 68 430 68 472 420
86 149 68 593 89 158 68 87 68 569 68 87 449 68 339 68 426 339 68 426 86 85 347 158 118
569 68 115 479 68 170 299 68 359 68 85 359 68 51 189
517 68 189 68 321 247 68 607 158 68 607 50 68 253 359
330 570 550 158 108 68 64 211 108
447 158 543 68 330 68 638 68 5
189 68 273 101 86 68 189 451 149
593 89 487 68 189 68 189 550 501
321 569 68 5
201 258 68 406 501 68 640 68 431 149
189 68 642 68 405 85 359
76 85 359
593 89 158 68 543 68 266 158 68 189 68 406 158 359 68 569 68 85 347 158 118 68 76 85 359
339 68 36 211 68 569 108 68 347 158 68 430 68 430 68 237 4
607 158 68 70 158 108 68 189 211 390
607 158 68 370 68 397
593 108 68 45 108 68 354 68 640 68 446 82
607 158 68 197 108 68 527 359 68 189 68 133 68 330 152 68 330 152
330 406 158 543 68 330 359 211 222
430 85 347 158 118
577 68 640
189 266 50
64 211 258 68 599 68 45 68 397 68 517 68 211
189 68 494 68 158 108 68 642 211 68 607 158 68 43 158 68 405 237 558
64 211 258 68 76 85 359 68 137 158 240 359
64 211 68 607 50 68 397 68 569 108 68 237 108 68 406 158 623 68 397 68 339 551
87 108 68 189 68 569 68 211 85 359 389 339 68 397 68 569 68 426 86 85
517 258 85
76 85 359 70 189
87 68 569 68 494 68 253
405
189 68 577 68 189 330 68 430 93 225
321 397 68 638 68 569 108
74
607 158 68 321 68 64 211 189 68 629 68 54 86 68 397 68 5
189 68 507 149 68 264 117 359
201 258
19 163 68 617 149 68 189 68 54 85 68 359 68 569 68 415
569 108 68 197 86 68 405 68 569 68 550 158 68 550 155
64 51 517
607 158 68 197 108 68 85 68 569 68 64 389 158 68 246 68 405 199 68 5 189
503 85 68 189 68 569 68 273 101 86 68 222 476
607 158 68 430 68 430 68 570 550 86 68 189 68 246 68 207
189 68 19 212 158 108 68 330 68 339 68 253 68 261 86 68 153 68 430 68 5 258 68 153 189 68 430
611 240
87 68 607 50 68 237 569 68 331 108 68 158 85 152 68 19 85 359 68 426 86 85
189 68 569 108 68 550 158 85 68 5 189 68 397 68 331 149 68 405 85 68 211 543 389 501 85 347 158 213
87 68 339 68 527 68 189 68 397 68 569 68 550 501 85 299 68 550 158 118 68 5 189
517 155
49 68 640 68 569 68 5 68 237 552
651 123 68 354 68 617 68 617 68 339
607 68 389 85
261 86 68 43 158 68 569 68 390 68 397 68 507 211
532 178 68 643 449 68 241 359
87 68 240 51 86 85 359 68 430 68 446 68 430
189 68 494 68 158 240 68 240 389 158 108 68 153 189 149
189 68 494 68 397 68 211 543 68 64 389 158 68 45 4
527 68 153 68 153 108 68 370 68 607 158 108
261 86 68 86 68 189 68 153 189
43 430
607 158 68 54 86 68 397 68 99 68 295 19 68 241 68 640 68 331 487 149 68 331 487 359
552 85 359 16 569
211 258
330 570 211 108 68 607 155
189 68 152 68 431 68 569 68 36 149 68 87 89 487 359 68 397 68 64 211 108
153 108 68 201 258 68 330 68 59 67 68 189 68 241 194 222
347 158
87 68 527 68 431 108 68 5 258 551
258 85 68 431 68 149 550 158 85 359 68 397 68 189 68 70 189 68 241 68 359 51 570 389 339
87 68 347 501 68 640 68 43 158 68 246 68 593 89 487
261 86 68 43 158 149
189 68 240 51 159 68 70 158 68 189 68 570 389 339 68 246 68 640
189 68 531 158 199 68 339 68 339
258 189
517 68 189 68 189 68 607 158
261 86 68 43 158 149
189 68 494 68 550 501 68 607 158 68 550 158 199
162
607 158 68 70 158 359
261 86 68 124 68 503 339 68 569 68 4 85 4 85 68 405 199 68 405 237 108
194 149
446 82
607 158 117 359
86 149 68 593 89 158 68 253 68 5 68 5 108
87 68 527 68 431 108 68 490 68 397 611 152
390 68 189 426 487
87 152 68 19 79 152 68 446 68 189 68 397 68 405 68 405 68 211
97
570 389 339
611 89 487 68 405 68 189 68 406 501
189 68 261 158 108
569 68 70 158 108 68 201 258 68 189 68 354 68 247 68 70 158 68 85 68 85 379 68 397 68 569 68 569 68 85 359
153 108 68 527 68 446 68 517 85 359
153 49 68 70 189 108 68 149 550 158 108 68 517
189 68 494 68 397 68 321 27 68 189 68 19 85 68 5 189 68 93 51 86 108
245 19 211 474
87 68 527 68 607 158 68 607 158 68 607 50
321 563 158
607 158 68 197 108 68 85 152 68 87 68 430 68 19 68 430 68 569 68 43 158 68 64 211 108 68 569 68 136 479 68 136 479 68 136 479 68 136 479 68 397 68 136 479 68 136 479 68 321 27 68 70 158 68 64 211 108 68 70 158 68 64 211 108 68 607 158 68 607 158 68 430 68 189 68 189 68 189 68 527 68 201 108 68 253 359 68 70 158 68 607 158 68 607 158 68 70 158
5 68 642 211 68 397 68 611 51 86
189 68 354 68 4 108
5 68 165 68 87 68 430 299 180 282
552 85 68 431 68 517 68 397 68 550 501 68 569 68 85 4 189 68 241 68 241 68 158 118
85 379 51 570 389 339
5 68 245 449 68 430 68 158 108 68 149 389 237 643 359 68 607 158 68 70 158 68 70 158
261 86 68 158 189 68 617
503 189 68 253 68 189 68 531 299
261 86 68 170 108
607 158 68 593 89 158 68 258 149 68 4 479 68 607 155
258 247 85
189 68 527 68 370 68 189 68 194 543
527 68 64 211 108
189 642 211
517 68 237 149 68 577 68 331 149 68 430 446 68 43 158 68 43 158 68 331
87 68 19 79 158 240 211 68 189 68 87 68 197 86 85
607 50 68 569 68 501 85 299 68 211 240 359 68 517 85 359 68 640
501 85 447 158 118 68 607 158 359
4 64 108
389 85 359 68 430 299 258 85
397 68 19 108 68 258 149
64 211 258 149 68 85 241 68 640 68 93 435 334 68 64 211 108
189 68 550 501 68 347 158 68 354 68 430 68 189 68 501 85 359 68 240 211 68 517 68 569 68 517 85 359 68 517 68 517 85 359 68 136 479 68 136 479 68 136 479 68 79 487 149 68 64 211 68 64 211 108 68 64 211 108 68 70 158 68 517 68 607 158 543 68 607 158 543 68 189 68 517 68 517 68 189 68 189 68 189 68 347 158 543 389 339 68 189 68 607 68 607 68 189 68
611 240
4 85
550 158 189
4 258 189 643
406 501 68 189
189 68 552 85 359 51 570
607 158 68 197 108 68 85 152 68 201 258 68 406 155 49
189 68 494 68 397 68 550 501 68 607 158 68 240 550 158 68 359 68 222 68 5 189 68 503 158 118
607 158 68 607 68 152 68 447 158 85 359 68 330
430 199 85 68 390 68 330 570 211 108
611 51 85 359
651 123 68 36 359 68 397 68 569 85 170 108 68 196 68 426 339
611 89 487 68 370 68 253 68 569 68 569 68 89 487
189 68 490 68 124 68 5
607 68 5 189 68 577 68 189 68 339
19 85 68 330 152 258 108
321 189
447 189
189 68 43 158 68 397 68 446 68 406 158 543 68 517 68 19 79 152
261 158 543 68 347 158
222 476
189 426 339 68 640
607 158 68 607 158 68 5 189
503 339
531 199 85 299 389 158 189
593 89 158 68 611 74 68 5 189 68 54 86 68 397 68 19 108 68 503 158 68 503 158 68 569
552 85 68 54 86 68 607 158 68 607 158
79 155 149
158 108 149 550 487 68 543 211 68 240 211
607 158 68 593 89 158 189 68 240 550 85 68 446 82
607 158 68 593 163 68 153 108 68 321 240 359
607 158 199
503 339
607 68 189 68 607 158 68 607 158 68 115 479 85 359 68 189 68 5 189 68 5 189 68 5 189
189 68 405 68 258 247 108 68 611 74 359
170 108
5 68 85 68 330 152 68 430 68 343 158 189 68 570 389 158 118 68 331 149
76 570 389 158
593 89 487 68 189 68 189
115 479
149 389 339 68 359
347 501
87 68 189 68 87 68 85 347 85 359 68 331 430 68 426 86
189 149 550 158 406 158 517
406 334 68 155
201 85 321 247 211 359
607 158 68 593 89 487 149 68 189 68 279 194
321 27 68 569 68 4 258 68 189 68 189 68 354 68 246 68 334 222 68 334 108
133 82 68 158 240 68 158 85 359 211 359
321 569 68 570 389 158 68 638 68 397 68 569 68 70 158
261 86 68 189 68 124 68 201 258 68 607 50 68 189 68 550 339
189 68 240 51 86 68 97
430 222 4
197 4 563 158
577 68 611 74 68 397 68 569 108
5 68 417 68 19 85 68 638 68 43 158 68 70 158
189 68 651 123 149 68 194 515 359 68 607 50 68 189 68 397
593 89 158 68 211 390 68 359
503 85
189 68 494 68 397 68 189 266 19 68 507 258 149
593 89 158 68 197 108 68 241 68 64 211 108
430 222 68 85 611 189
189 68 527 68 638
607 158
189 438 415
19 85 68 607 158 68 527
189 68 494 68 397 68 517 68 280
87 68 330 152 68 158 108 68 330 68 331 149
321 563
115 258 85
76 85 359 68 640 68 394
76 85 390
397 68 321 240 68 5 108
189 68 183 158 543 68 397 68 85 152
350
189 68 79 158 240 302 359 68 189 68 406 158 543 68 189 68 347 158 359
86 149 68 593 89 501 68 397 68 517 623 68 426 339 68 426 339 68 503 158
85 359
349 149
189 68 64 51 85 68 370 68 569 85 99 68 82 152 68 430
222 476
611 86 149 68 87 68 321 247 68 569 68 339 68 405
517 85 359 389 158 85
607 158 68 253 68 136 479
5 543
5 108 68 201 258 4
189 68 569 108 68 430 68 447 158 438 359 68 5 189 68 430 68 240 389 158 118 68 85 359 68 389 158 118 68 389 158 118 68 389 339
87 68 347 158 359 68 5 68 237 149 68 607 158 189 68 607 170 108
607 158 149 68 189 68 408 158 189
197 85
189 68 550 501 68 158 108 68 261 158 68 19 85
5 415
43 158 199
189 550 158 108 68 517 68 43 158 68 240 550 158 85
503 339
607 158 68 517 68 349 85 68 543 68 405 68 430 68 189 68 201 240 299 180 282 568
197 86 68 611 152
611 51 85
570 211 68 321 240 68 85 379 68 5 68 430 68 54 654
4 240 68 642 68 64 211 108
577 68 640
43 158 68 5 189
276 85
36 86
45 68 189 68 494 68 397 68 517 68 280 68 189
503 189 68 593 89 158 189 68 607 50 68 247
517 68 189 68 577 68 569 68 552 85 4 235 108 68 430 108
5 68 70 158 68 64 211 108
405 85 350 322
593 89 158 68 211 394
19 163 68 331 149 68 607 158 240 68 447 158 359 68 136 479
189 68 86 163 68 347 501 68 446 68 170 108
276 258
517 85 123 517 85
517 68 189 68 85 359 68 365 430 241 68 569 68 397
607 68 36 149 68 51 86 68 261 86 68 201 258
417 334 222 68 350 85
189 68 494 68 430 68 82 68 241 68 76 85 68 64 211 108
321 68 19 489 68 87 68 365 152 68 87 108 68 87 68 339
494
532 611 51 86 68 155
54 654 68 389 158 118
149 43 158 524 240 118
170 299
607 158 68 197 108 68 397 68 569 68 158 108 68 19 85
607 158 68 517 68 569 68 503 158 543 68 517 68 81 68 19 68 397 68 569 68 569 68 569
261 86 68 189 68 97
158 108 68 237 86 68 283 68 638 211 543
569 108 68 430 68 261 86 68 607 68 189 68 331 68 43 158 68 331 68 5 68 607 50 68 607 158 68 5 68 19
115 479
593 89 158 68 189 68 397 68 570 389 339 551 68 389 158 118 68 241 68 240 302 359
189 68 503 189 68 397 68 569 68 36 85 347 158 118 68 246 68 64 211 108 68 93 211 108
607 158 189 569 68 570 389 339
4 258 189
149 389 243 359
607 158 68 517 68 569 68 158 108 68 36 149 68 64 211 108 68 4 152
211 68 170 108
397 68 321 240 68 5 108
599 68 45 68 397 68 503 339 68 158 68 70 158
569 68 397 68 211 115 479 68 213 307 68 42
85 64 211
87 68 87 68 82 68 397 68 189 16 155 108 68 64 211 108
197 85
153 108
527 68 607 158 68 431 68 149
321 189 68 201 258 68 70 189 68 629 68 43 158 68 570 389 158 68 240 51 570 211 68 657 299 68 85 68 657 299 68 59 67 68 657 299 68 657 299 68 321 247 68 321 247 68 246 68 552 85 68 59 295 149 68 64 211 68 70 158 68 70 158 68 430 68 153 189 68 430 68 258 68 258 68 258 68 258 68 258 68 258 68 258 82 68 153 189 68 153 189 68 258 68 258 68 258 68
189 68 64 211 68 494 68 189 68 552 85 68 569 68 122 572 149
321 189 68 247 85
569 108 68 430 68 158 189 68 501 85 347 189 68 397 68 290 85 359 68 85 359 68 569 68 347 158 85 347 158 543 389 158 85 359
552 85 149 68 93 225 108
189 68 4 85 68 158 108 68 569 68 321 247 68 158 108 68 19 79 222
197 85
651 123 68 517 68 517 85 359
87 68 133 82 189
261 86 68 43 158 68 45 108 68 569 68 642 211
115 479 149
189 68 569 108 68 638 211 82 68 266 569 68 19 85 68 331 149
503 189 68 390 68 569 68 389 349 531 158 359
189 68 651 123 108 68 189 68 570 389 158 68 638 211 68 43 158 68 569 68 85 359 70 158 118 108
189 68 99 68 570 389 339 68 405 68 405
64 211 258 68 415 68 189 68 397 68 405 108
607 50
189 68 222 476 68 266 158 68 370 68 43 158 68 246 68 331 430 108 68 446 82 152
189 68 354 68 569 68 158 108 68 189 68 241 68 85 347 501 68 295 405 237 64 211 108 68 189 68 430 199
85 170
86 149 68 593 89 501 68 397 68 253 68 569 68 85 359 68 640 68 569 108
527 68 607 68 97 68 540 68 211 68 430 68 517 85 68 569 68 617 149 68 569 68 569 68 64 389 85 347 501 85
261 86 68 607 158 68 93 225 430
4 189 149
611 359
64 211 258 68 397 68 211 68 397 68 19 163 68 158 189 68 430 68 5 189 68 607 158 68 5 189
321 189 68 87 449
241 68 261 86 68 158 85 152 68 5 189 68 295 149 68 240 299 68 85 4 211 85 359 68 64 211 108 68 211 108
189 68 503 189 68 517 68 158 108 68 19 85 68 70 158 118 68 390 569 643 359
527 68 607 158 68 471 211 390 569
501 85 438 70 158 68 64 211 108 68 4 240 359 68 397 68 569 68 19 85 68 405 237 64 211 108
607 158 68 490 68 5 68 93 225 68 283 68 283
45 108 68 158 108 68 593 89 487 68 189 68 241 68 201 258 82
258 68 36 149 68 638
189 68 494 68 89 487
397 211 85 68 170 543 211 247
642 211 607 158 68 406 158 68 5 189
593 89 487 68 211 68 607 50 68 64 389 339 68 569 68 19 85 68 19 85 68 19 85 68 4 85
197 86 149 68 135 68 607 158 68 430 299 68 4 64 211 108
261 86 68 124 68 607 158 68 501 68 19 68 19 68 430 68 365 430 199
431 290
247 85
517 211 471 211
189 68 64 211 68 347 501 68 189 68 124 68 607 50 68 189 68 5
261 86 68 607 50 68 189 68 640 68 85 379
115 479
593 89 158 68 405 189 68 611 189 299
349 85 359 68 569 68 607 158 68 331
153 68 153 68 607 158 68 346
406 501 68 570 389 479 149 207
197 86
261 158 189 507 34
426 569 68 241 194 543
197 158 68 321 240
651 123 68 158 108 68 240 302 359 68 241 68 85
607 158 68 197 158 68 152 550 501 85 149
607 158 68 593 89 158 68 343 543 211 68 406 158
86 149 68 593 89 158 68 81 68 36 108 68 19 85 68 19 79 430 68 517 85
153 108 68 430 68 430 68 570 389 158 74 68 607 50 68 397 189 85 359
321 240 68 446 68 135 68 405 68 569 68 85
189 68 261 158 108 68 136 479 406 155 68 617 68 354
532 611 51 86 68 155
231 51 86 68 87 449 68 517 68 189 68 640 68 397 68 85 370 68 593 89 487
552 85 68 189 68 347 501 68 87 108 68 446 68 241 194 222
593 89 158 68 240 211 68 607 158 68 607 158 68 253 68 170 108 68 70 158 118
45 68 430 68 538 158 68 607 158 68 261 86 68 330 68 569 68 64 211 108
321 68 189 68 577 68 189 68 170 299
607 68 189 68 570 389 158 108
593 89 158 68 258 68 201 258 68 240 299 68 85 359 389 85 68 19 85
430 70 158 68 397 68 85 70 158 108
276 85 266 158 68 45 4 108
49 68 607 50 68 370 68 446 68 359 389 339 68 389 339 68 5 189
189 68 490 68 543 550 339 68 397 68 87 449
134 85 359
503 189 68 253 68 569 68 85 359 70 189 68 64 211 108
43 158 68 431 187
517 68 70 189 68 405 68 43 158 68 261 158 118
64 211 258 68 231 240 68 5
76 85 359
503 85 68 189 68 569 68 79 359 68 359 389 339
321 68 331 68 87 449 68 430 68 295 499 68 569 68 85 347 85
611 189 290 85
390 68 189 426 487
76 570
552 85
330 359 438 359
59 295 19 85 68 158 189 68 405 85
321 189
43 85 68 640
276 85 68 394 149
43 158 199
87 108 68 64 550 501 68 162
607 68 211 607 50 68 430 68 295 149 68 638 211 68 70 158
189 68 494 68 607 158 68 339 68 550 501 68 51 86 152
258 189 68 45 108 68 330 570 550 487
189 68 354 68 405 108 68 158 108 68 4
189
607 158 68 237 4 85 359 68 642 211
397 68 321 240 68 5 189
158 108 68 135 68 241 430 68 593 89 158
189 68 607 158 68 339 68 397 68 370 68 43 158 68 261 149
211 199 68 261 86 163
642 211
36 211 390
531 85 68 54 86
389 339 68 213 211 85
5 68 527 68 231 240 68 431
330 258 189 550 158 213
635 108
115 479
189 68 19 212 158 68 158 152 68 607 158 68 550 339 68 211 471 211
197 85 379
607 158 189 149 389 158 299
447 158 524 240
76 85 359 68 162 68 638 211 68 87 68 339 551
503 339
5 68 331 487 359 68 19 85 359
82 68 339 68 607 158 68 189 68 389 339 68 640 68 569 68 472 420
189 68 194 543 68 397 68 397 68 569 68 501 85 359 68 397 68 76 346 85
189 68 527 68 70 158 68 19 85 68 241 68 153 108
5 108 68 201 258 4
158 405 149 550 158 517
87 68 339 68 330 68 569 68 85 347 158 118 68 339 551 68 189 68 331 487 359 68 246 68 246 68 189 426 339
231 51 86 68 87 449 68 517 68 189 68 640 68 397 68 85 370 68 593 89 487
607 158 68 593 89 158 68 543 550 158 543 68 417
189 68 494 68 397 68 517 499 211 68 43 158 68 611 51 149
189 240 389 479
19 489 68 550 158 108 68 45 108
85 149 550 86 68 85 447 158 85
261 86 68 158 108 68 593 89 487
607 158 68 607 158 68 447 501 68 222 85 359
611 51 359
517 68 607 158 68 81 68 607 158 68 405 199
64 211 258 68 81 68 158 189 68 607 158 68 406 158 118 68 85 359
607 158 108 68 389 149 68 611 189 85 359
189 68 503 189 68 501 85 517 82 68 189 68 241 68 85 359 68 569 68 85 379
64 211 68 153 108 68 79
189 68 211 543 68 607 158 68 430 68 430 199
607 158 68 593 89 158 68 19 68 211 390
629
611 89 487 68 577 68 517 68 211 607
503 189 68 517 68 390 68 253 359
607 158 288 68 321 569 68 45 108 68 640 68 189 68 97
607 158 68 593 89 487 68 189 68 507 258 149 68 397 68 611 74
611 51 623
607 158 68 64 550 86
607 50
261 86 68 124
607 158 68 85 379 68 189 68 507 258 68 570 389 158
607 68 211 607 68 54 86 68 397 68 569 68 552 85 359 68 397
79 178
330 359
5 68 651 123 68 397 68 405 68 405 85
503 189 68 517 68 569 68 290 85 359 68 438 359 68 64 211 108 68 5 68 189 68 405 68 405 68 211 543 211 543
87 517 250
607 68 397 68 494 149 68 640
5 68 438 415 68 638 68 577 68 550 339 68 170 299 68 569 68 569 68 261 86 85
503 339
611 89 487 68 569 68 158 108 68 19 68 70 158 189 68 241 359
564 68 607 158 68 607 158 68 189 68 19 79 339
19 85 68 607 158 68 527
87 68 339 68 330 68 405 68 258 253 68 211 108 68 258 82 68 390
87 68 339 68 330 152 68 85 359 389 85 359
550 339
189 68 295 152
531 299
85 359
149 211 543
261 86 68 170
642 211 68 570 389 158 108
43 158 68 397 68 211 68 222
5 68 158 108 68 430 68 158 189 68 531 158 247
321 189 68 607 158 68 397 68 503 339 68 607 50 68 247 85
189 68 607 68 397 68 170 68 261 86 68 397 68 85 379
49 68 550 430 68 517 623
611 152 136 479
85 89 123 108 68 64 211 108
87 68 607 50 68 237 149 68 339
607 158 74
64 211 258 68 390 68 359 68 397 68 569 68 16 430 149
611 189 108 149 550 339 68 397 68 295 149 68 569 68 45 108
87 108 68 54 86 68 189 68 397 68 81 68 501 68 569 68 397 68 397
189 68 258 85 68 640 68 43 158 68 430 68 503 569 68 550 158 118 108 68 211 474 85
607 158 68 237 4
189 68 494 68 397 68 85 241 359 68 569 68 173 68 173
189 68 124 68 370 68 370 68 5
611 51 570 326 118 359
189 68 607 68 349 531 85 359 68 570 389 339 68 85 359
87 68 527 68 527 68 93 51 149 68 43 158 68 115 479
607 158 68 36 149 68 211 390 85 359 68 607 158 68 503 158 68 331 430
607 158 199
261 86 68 43 158 68 45 108 68 607 155 68 479 68 211 394
607 158 68 593 89 158 68 405 241 68 189 68 85 347 158 118
5
87 108 68 607 158 68 431 68 629 68 397 68 64 51 86 68 64 211 108 68 64 211 108
505
283 68 640 68 635 108
406 155 149
64 211 258 68 430 299 68 189 68 70 189 68 64 211 108 68 240 51 108
36 85
87 68 136 158 359 68 4 85 70 158 108
397 68 525 68 430
261 86 68 189 68 189 68 577 68 397 68 390 68 430 635 189 426 487
517 450
189 68 642 211 68 135 68 213 68 569 68 19 108
189 68 405 68 607 158 68 189 68 397 68 4 211 85 4
607 158 68 347 501 68 570 389 158 543 68 517 258 390
19 85 68 330 152 258 108
397 68 527 68 607 158 68 64 211 108 68 638 68 430 68 93 51 527
231 240
397 68 213 194
59 67 343 543 389 158 189 68 241 222 85 359
59 295 359 68 642 211
607 158 189 299 389 158 68 194 515 551
79 222 68 569 108 68 629
201 240 638 258 390
87 68 430 68 569 68 517 450 68 640 68 569 68 76 85
503 85 68 189 68 569 68 64 211 108 68 354 68 43 158 68 642 211
126 68 569 108 68 405 68 607 158 68 189 68 629 68 354
339
213 211 152
430 199 68 570 389 199
517 85 266 50 371 158 118
321 189
189 68 569 108 68 430 68 394 458 85 68 430 68 430 299 180 282 568 68 189 550 487 149 68 153 189 108
607 158 68 370 68 640 68 431 4 240 68 64 211 108
158 108 68 237 108 68 550 158 93 68 617 149 68 189 68 331 149 68 397 68 550 501 85 359 68 85 347 85 347 158 85 359
611 89 487 68 370 68 43 158 68 266 158 68 189 68 447 158 118 68 70 158 118
607 158 334 108
607 158 68 593 89 158 68 81 68 397 68 5
85 347 158
258 517 359
5 471 211 68 162 85
503 189
607 68 211 607 68 81 68 569 68 599 68 124 68 569 68 569 68 472 420
273
189 68 494 68 638 211 394 68 517 68 517 68 397 68 258 611 74
87 449 68 607 170
162 85
189 68 517 415 211 68 19 85 68 241 68 446 82 68 359 70 158 118 108
162 85
261 86 68 43 158 149
5
261 86 68 527 68 635 189 16 430 359
70 158 68 339 68 189 68 390 569 108
258 247 85 68 517 82
495 68 79 158 189 68 569 68 651 85 359 68 19 85
607 158 68 79 68 607 68 261 86 68 158 108 68 237 108
189 68 494 68 397 68 550 501 68 158 108 68 430 68 531 158 118
189 68 527 68 417 68 19 85 68 350 85
321 189 68 87 449
70 189 68 397 68 569 68 405 199 68 390 68 390
593 89 487 359
607 68 359
288
115 479
194 543
85 136 158 68 4 108 68 240 51 487
64 211 258 68 446 68 642 68 5
54 86 68 607 68 354
4 85 517
397 68 607 158 68 527
189 68 85 370 68 503 158 68 231 240 68 64 68 19 79 158
577 68 611 74 68 569 68 569 108 68 36 85 359 68 85 359 68 241 68 189 68 359 68 359 389 339 68 389 339
43 158 199 68 570 389 240 550 158 85
611 89 487 68 569 68 19 68 189 68 19 79 158 199
607 158 68 70 158 359
570 435 334 189 211
64 51 86 68 87
189 68 5 189 68 79 359 68 447 158 68 266 50
438 149 68 593 89 487 68 569 68 390
64 211 258 68 611 359 68 136 479 68 36 211 108 68 430 68 430 68 472 420
607 158 189 569 68 85 36 149
189 68 607 68 474
503 189 68 527 68 370 68 531 85 359 68 204 222
611 182 149
189 68 405 68 397 68 550 501 68 607 158 68 201 85 299 68 211 251 211
189 68 607 158 68 19 68 5 68 501 68 501 85 68 640 68 5 189 68 550 339
196
611 89 487 68 431 68 607 158 68 354 68 246 68 79 487 149
430 199 108
86 149 68 189 68 246 68 607 158 68 211 471 211 68 85 299 180 282 568 68 279 194 108
430 211 5 68 397 68 569 68 405 108
430 247 570 389 158 68 611 118
607 158 68 5 68 93 211 68 240 211 68 64 211 68 447 158 359 389 339
261 86 68 43 158 149
189 68 87 68 405 85 359 435 570 389 339
5 68 4 85 68 170 108 68 197 86 68 241 68 43 158 68 237 4
261 359 68 288
607 158 68 197 108 68 85 152 68 531 299 68 607 50 68 19 68 607 158 68 152
189 68 503 189 68 577 68 339 68 211 199 68 517 68 517 149 68 64 211 108
87 64 211 68 49 68 330 68 85
611 51 86 68 593 89 158 68 343 543 68 569 68 240 389 158 68 19 85 68 240 51 85 68 85 68 85 68 406 334 199 68 152 51 570 389 158 543 68 611 152 68 331 487 149 68 611 152 68 43 158 108 68 43 158 149 68 43 158 362 222 149 68 397 68 86 149 68 43 158 543 68 43 158 68 43 158 149 68 86 149 68 370 68 370 68 370 68 70 189 43 158 438 70 158 152 68 70
87 68 339 68 5 68 237 558 68 569 68 79 339
64 211 258 68 85 68 79 430
189 68 165 68 222 476 68 430 68 261 86 68 405 108 68 241 68 54 86 68 189 68 189 213
527 68 87 68 86
189 68 607 158 68 237 247 85
607 158 68 531 149 389 158 68 570 389 85 359 68 569
189 68 651 123 68 397
5 68 527 68 339 68 36 85 152 68 446 551
197 85
64 211 258 68 397 68 211 68 397 68 19 163 68 334 68 430 68 153 189 68 70 158
276 85 359
5 68 517 68 82 152 68 405 189 68 607 170 68 397 68 503 189 68 261 86
189 211 85 347 158 118 68 194 543 68 183 67 68 115 479
261 86 68 43 158 149
569 68 405 108 68 189 68 638 68 405 68 19 79 553
290 85 299
59 155 64 211
330 123 211
87 68 288 68 577 68 397 68 577 68 19 85 68 5 189 68 85 359
241 68 201 258 68 501 85 359 68 607 68 389 158 68 70 189 68 570 389 349
569 68 331 487 359 68 397 68 494 68 347 501 68 189 68 531 158 108
5 68 384 211 68 607 158 68 240 299 68 64 211 68 543 211 68 70 158 108 68 70 189
495 68 390 68 569 68 19 85
126 68 617 149 68 158 108 68 330
189 68 494 68 550 158 74 68 241 68 405 108 68 405 108
503 189
607 158 68 389 430 359 68 54 86 68 397 68 5 189 68 330
538 158 19 489
552 85
607 158 68 321 68 397 68 550 501
87 68 189 68 189 68 370 68 5 68 642 211
153 85 68 550 86 68 359 68 189 68 5 189 68 258
245 85 359
19 331 68 331 149
503 339 68 503 189 68 5 68 397 68 43 158 68 170
189 68 577 68 430 299 389 199 68 430 68 430 299 68 331 68 331 68 43 158 68 252 199 68 70 158 68 70 158 68 70 158 68 331 149 68 70 158 68 331 149 68 331 487 359 68 153 189 68 153 189 68 153 189 68 70 158 68 70 158 68 70 158 68 70 158 68 70 158 68 70 158 68 70 158 68 331 149 68 570 389 339 68 570 389 339 68 570 389 158 68 331 70 158 68 70 158 68
189 68 593 89 487 68 593 89 158 68 640 68 569 68 501 85 347 158 108
503 85
5 189
189 68 43 158 68 397 68 446 247 211 543 68 158 108 68 136 158 359
51 86 108 68 76 85 438 359
189 240 389 479
339 299 389 158 189
607 158 68 593 89 158 68 642 211
211 543
550 339 68 347 158 68 253 68 253
162 68 550 158 74
503 339
124 68 607 158 68 321 240 68 194 149
189 68 405 68 430 68 397 43 158 68 517
189 68 569 68 490 68 85 447 158 108 68 189 68 406 158 240 68 640 68 85 152
540 68 517 499 211 85 359
406 158 68 136 479
349 85 4 240 68 397
85 64 211
430 222 4
405 199
211 68 36 149
189 68 494 68 397 68 43 158 68 503 189 68 222 476 551 68 543 550 501 68 241
43 158 211 390
197 149 389 349 85
607 158 68 593 89 158 68 405 68 237 108 68 640 68 54 654
43 158 68 331 149 68 189 68 76 85 359
507 505
189 68 607 50
76 85 438
189 68 405 68 607 155 68 115 479 68 247 68 607 50 68 189 68 349 531 85
651 123 68 189 68 189 68 505
607 158 68 593 89 158 68 642 68 642 68 5
438 415
87 68 81 68 397 68 133 68 569 68 405 68 211 199
54 86 68 405 85 68 607 158 68 81 68 607 158 68 607 158 68 237 558
276 85 68 394
87 449
261 86 68 43 158 68 45 108 68 569 68 64 211 517 359 68 79 158 240
607 68 70 158 68 81
607 68 397 68 494
43 158 199
43 85 68 640
276 85 68 514 199 68 201 258 68 201 258 189 451
189 68 494 68 397 68 321 189 68 607 158 68 19 85 68 85 299 149 68 611 51 86 149
611 51 86 68 517 623
321 240 51 85 359 389 85 359
197 5 189 68 339 68 569 68 173 68 64 550 158 359
261 86 68 607 158 68 189 68 611 51 86 85 359 68 431 108
517 68 189 68 347 501 68 607 158 68 76 85 222 149 68 19 85
503 85
43 158 258 136 479
189 68 503 189 68 430 68 430 68 5 189 68 406 158 118 68 430 68 426 569
321 569
189 68 64 211 108 68 430 149
189 68 211 543 68 607 158 68 266 158 68 189 68 629
258 108 68 86 163 68 617 149 68 397 68 321 240 68 607 158 68 64 211 108 68 64 211 108 68 64 211 108
607 158 288 68 19 85 68 5 258 390
19 68 136 479 68 607 158 68 339 68 222 68 237 211 152
4 85 517
517 68 189 68 577 68 607 158 68 158 108 68 87 89 487
36 149 68 607 68 397 68 189 68 570 389 158 118
54 86 68 397 68 569 68 330 68 211 115 479 108 68 158 108
158 108 68 569 68 158 108 68 237 552 85 68 64 211 108 68 54 654 68 189 68 569 68 189 426 86 85
189 68 43 158 68 252 158 68 607 68 607 68 543 51 570 568 68 430
59 67 343 543 389 158 189
607 19
189 68 194 543 68 397 68 405 68 70 158 68 189 68 354
153 68 503 189 68 19 85 68 87 68 87 68 503 158 68 54 86
321 189 68 170 68 426 86 85
397 68 426 339 68 430 68 64 211 258
70 158 68 339 68 189 68 390 569 108
517 68 607 155 68 194 543 108
321 68 19 489 68 87 68 365 152 68 87 108 68 87 68 339
231
86 149 68 593 89 501 68 397 68 5 68 222
607 158 68 36 85 68 258 85 379
170 108
126 68 617 149 68 5 68 607 158 189 68 607
158 211 471
397 68 347 501 68 253 359
359 503 189 85 347 158 118
87 68 339 68 330 68 365 152 68 607 309
517 68 331 149 68 430 68 158 108 68 359 68 503 189 68 93 51 86
189 68 64 51 570 326 68 642 68 266 158 68 405 85 68 158 85 347 158 118
503 85 68 189 68 569 68 397 70 158 118 68 241 359 389 158 108 68 43 158 68 389 85 359
538 430 68 339 68 389 339 68 85 359 68 5 189 68 19 85 68 19 85
189 68 494 68 397 68 550 501 68 158 108 68 430 68 531 158 118
85 359 70 189
189 68 135 68 431 68 370 68 5 68 607 158 543 68 406 158
501 85 359
189 68 550 501 68 339 68 266 19 85 68 569 68 122 572
153 68 79 158 543 68 330 68 430 635 189
599 68 607 158 68 189 68 237 149 68 607 68 607 158 68 252 199 68 279 194 108 68 189 68 189 68 135 68 389 339
261 405 189 426 487
495
87 68 124
43 158 199 68 642 68 638 211
261 158 543 68 347 158
405 258 68 158 108 68 394 149
258 68 237 149 68 607 158 68 189 68 321 189
607 68 152 68 237 149
276 85 68 569 68 405
87 68 43 158 68 197 86 68 54 86 68 397 68 253 68 569
87 68 607 50 68 158 68 158 108 68 406 430 149 68 550 339
330 123 211
405 85 350 322
5 68 527 68 189 68 347 501 85 359
258 253 68 189 68 170 108 68 170 108
189 68 490 68 405 68 569 85 359 68 19 68 347 501 68 494
494 51 570 389 158 108 68 149
405 240
189 68 517 68 550 501 68 370 68 430 68 638 68 241 430 68 253 253
189 68 165 68 339
201 199 199 85 359 68 607 479 68 5 108
288 68 133 68 43 158
162 85 189 68 629
59 295 499 211
261 86 68 43 158 149
59 67 343 543 389 158 189
349 85 68 517 211 607
569 68 390 189 643 68 241 68 237 108 68 397 68 430 108 68 211 472 420
593 108 68 330 68 93 51 86 68 607 50 68 19 85 359
153 68 607 158 68 19 68 81 68 158 108 68 430 68 426 86 68 569 68 331 149 68 569 68 569 68 19 85 68 19 85 68 607 158 152
607 68 211 607 68 397 68 517 211 68 64 211 68 64 389 339
569 68 136 158 68 201 258 68 517 570 389 199 68 64 211 108
93 51 86
197 108 68 577 68 189 68 189
189 68 122 572
339 68 36 211 68 569 108 68 347 158 68 430 68 430 68 237 4
189 68 339 68 430 68 543 211 68 170 299
87 152 68 19 79 359 68 189 68 321 247 85
222 476 68 397
355
405 237
54 86 68 405 237 108 68 36 189 108
607 158 68 197 108 68 93 435 213 68 638 68 397 68 189 68 503 158 68 503 158 85 359
162 85
258 247
241 359
607 158 68 213 211 189 68 570 389 158 108
607 158 68 642 68 330 152 68 638 68 5
197 4 152
503 189 68 517 68 189 68 447 158 68 97 68 79 359
611 89 158 68 81 68 5 68 446 68 124
19 79 178 68 189 68 158 108 68 389 237 558
430 85 365 152
87 68 339 68 5 68 253 68 569 68 76 85 68 246 68 405 68 405 241 68 85 68 405 241 68 405 85
550 501 68 405 438 359
397 68 430 211 471
276 85
231 240
550 430 359 68 201 258
607 158 68 593 89 158 68 543 211 68 517 250
321 247 438 359
611 74 68 607 158 68 550 158 543 68 438 415
87 68 430 68 569 68 517 250 68 426 339 68 397 68 85 347 158 543 68 19 85
503 85 68 189 68 569 68 79 359 68 359 389 339
87 68 339 68 330 152 68 446 82 68 19 85 68 64 211 108
258 611 189 68 394
569 108 68 158 108 68 197 86 68 5 189 68 64 211 108 68 350 580
4 258 149
43 85 359
189 68 431 68 550 158 543 68 85 370 68 5 68 211 471 211 68 397 68 617 68 617 68 64 211 68 617 149 68 218
115 479 68 189 68 261 86 68 279 194 108 68 569 68 158 85 331
607 158 68 54 654 68 189 68 569 68 430 68 5 189 68 525 68 397 68 397 68 389 339 68 54 86 85 347 158 108
261 86 68 189 68 593 89 487 108 68 397 68 93 435 213
19 85 68 85 149
501 85 252 199 68 635 489 68 394 68 64 211 108
261 86 68 124
321 247 68 569 108
607 68 577 68 577
189 68 593 89 487 359 68 241 68 189 68 283 68 213 194 213 68 405 199
189 68 640 68 640 68 370 68 397 68 438 415
87 68 189 68 651 123
261 86 68 158 108 68 593 89 487
5 189 550 85 359 442
158 108 68 237 149 68 19 85 359
261 86 68 569 68 503 158 108 68 569 68 85 65 86 85
189 68 494 68 397 68 85 68 5 108 68 5 189 68 527 220 68 64 211 108
527
4 85 152 68 570 654
405 68 611 189 611 189 438 359
593 89 158 68 405 237 558
607 158 68 593 89 158 68 405 68 158 108 68 158 240 211 68 4
607 158 543 68 569 68 564 68 64 211
405 553
231 240
189 85 299 149
189 68 85 68 635 93 51 108
87 85
438 70 158 68 390 68 211 85 347 158 118 68 241
607 158 68 189 68 79 158 240 299 68 607 50 68 189 68 331 149
4 406 155 68 430 458
189 68 43 158 68 252 158 68 607 68 607 68 543 51 570 568 68 430
211 258 68 446
417 334 222
189 68 354 68 430 68 339 68 550 158 213
503 85 68 189 68 569 68 290 85 359 211 222 85 359 68 397
87 68 607 50 68 237 149 68 607 158 68 321 27
87 68 611 51 86 68 642 68 152 68 607 339
5 68 43 158 68 19 85 68 189 68 170
87 64 68 87 68 607 158 68 527 68 189 68 97 68 397
405 237 552 359
