607 158 68 607 158 68 189 68 189 68 189 68 189 68 189
607 158 68 607 158 68 607 158 68 607 158 68 189 68 189 68 189 68 189
607 158 68 5 68 189
607 158 68 607 158 68 5 68 5 68 5
607 158 68 5 68 189
607 158 68 607 158 68 189 68 5 68 5 68 189
607 158
607 158 68 607 158 68 607 158 68 607 158 68 607 158 68 189 68 189 68 5 68 5 68 189 68 189 68 397 68 397 68 397 68 607 158 149
85
261
607 158 68 607 158 68 5 68 5 68 5 68 189 68 189
607 158 68 607 158 68 607 158 68 607 158 68 607 158 68 5 68 5 68 5 68 5 68 607 158 68 397 68 397 68 397 68 397 68 5
607 158 68 607 158 68 189 68 189 68 189
607
607 158 108
607 158
261
607 158 68 607 158 68 607 158 68 607 158 68 189 68 189 68 189 68 189 68 5 68 5 68 189 68 189 68 189
607 158 68 607 158 68 607 158 68 607 158 68 189 68 189 68 189 68 189 68 189
607 158 68 607 158 68 607 158 68 607 158 68 189 68 189 68 189 68 189
85
607 158 68 607 158 68 607 158 68 607 158 68 189 68 189 68 189 68 189 68 5 68 5 68 189 68 397 68 397 68 189 68 189 68 607 158 108 68 189 68 5 189 68 607 158 108 68 607 158 108 68 5 189 359
607 158 68 607 158 68 607 158 68 607 158 68 189 68 189 68 189
607 158 68 607 158 68 607 158 68 607 158 68 189 68 189 68 189
607 158 68 607 158 68 607 158 68 607 158 68 189 68 189 68 189 68 189 68 5 68 5 68 189 68 189 68 189 68 189 68 189 68 189
607 158 68 607 158 68 607 158 68 607 158 68 189 68 189 68 189 68 189 68 5
607 158 68 607 158 68 607 158 68 607 158 68 607 158 68 5 68 5 68 5 68 5 68 607 158 68 397 68 397 68 397 68 607 158 108 68 189 68 397 68 5 189 68 607 158 149
607 158 68 607 158 68 607 158 68 607 158 68 189 68 189 68 189 68 189
607 158 68 607 158 68 607 158 68 607 158 68 607 158 68 5 68 5 68 5 68 5 68 607 158 68 397 68 397 68 607 158
607 158 108
607 158 68 607 158 68 607 158 68 607 158 68 189 68 189
607 158 108
607 158 68 607 158 68 607 158 68 607 158 68 189 68 189 68 189
607 158 68 607 158 68 189 68 5 68 189 68 189
607 158 68 189 68 189 68 189
607 158 68 607 158 68 5 68 5 68 5
607 158 68 607 158 68 607 158 68 607 158 68 189 68 189 68 189
607 158
607 158 68 607 158 68 189 68 5 68 189 68 189
607 158 68 607 158 68 607 158 68 607 158 68 189 68 189 68 189 68 189 68 5 68 5 68 189 68 189 68 5 68 189 68 189 68 607 158 149
607 158 108
607 158 68 607 158 68 189 68 607 158 68 189 68 189 68 189 68 189
607 158 68 607 158 68 5 68 5
607 158 68 607 158 68 607 158 68 5 68 189 68 189
607 158 68 189 68 189
607 158 68 607 158 68 607 158 68 5 68 5 68 189 68 5
607 158 68 607 158 68 5 68 5 68 5 68 5 68 5
607 158 68 607 158 68 607 158 68 607 158 68 607 158 68 5 68 5 68 5 68 5 68 607 158 68 397 68 397 68 397 68 607 158 68 607 158
607 158 68 607 158 68 607 158 68 607 158 68 189 68 189 68 189 68 189 68 189 68 189 68 189 68 189 68 189
607 158 68 189 68 189
607 158 68 189 68 189
607 158 108 68 189 68 189 85
607 158 68 607 158 68 607 158 68 607 158 68 189 68 189 68 189
607 158 68 189 68 189
607 158 68 607 158 68 607 158 68 607 158 68 607 158 68 5 68 5 68 5 68 5 68 607 158 68 397 68 397 68 397 68 397 68 607 158 68 397 68 397 68 607 158 149 68 607 158 68 607 158 108 68 607 158 108 68 607 158 68 607 158 108 68 607 158 108 68 607 158 68 607 158 108 68 607 158 359 68 607 158 68 607 158 68 607 158 68 607 158 68 607 158 68 607
607 158 68 607 158 68 607 158 68 607 158 68 607 158 68 189 68 189 68 5 68 5 68 607 158 68 397 68 397 68 607 158 149
607 158 68 607 158 68 607 158 68 607 158 68 189 68 189 68 189 68 189 68 189 68 189 68 189 68 189 68 189
607 158 68 607 158 68 607 158 68 607 158 68 189 68 189 68 189 68 189 68 5 68 5 68 189 68 189 68 189
85
607 158 68 607 158 68 607 158 68 607 158 68 189 68 189 68 189 68 189 68 5 68 5 68 189 68 189
607 158 68 189 68 189
85
607 158 68 607 158 68 607 158 68 607 158 68 189 68 189 68 189
607 158 68 607 158 68 189 68 5 68 189
607 158 68 189 68 189
607 158 68 607 158 68 607 158 68 607 158 68 189 68 189
607 158 68 189 68 189 68 189 68 189
607 158 68 189 68 189
607 158 108
607 158 68 607 158 68 607 158 68 607 158 68 189 68 189 68 5
607 158 68 189 68 189
85
607 158 68 607 158 68 607 158 68 607 158 68 189 68 189 68 5
607 158 68 607 158 68 607 158 68 5 68 189 68 189 68 189
607 158 68 607 158 68 607 158 68 607 158 68 189 68 189 68 5 68 189 68 5
607 158 68 607 158 68 607 158 68 607 158 68 189 68 189 68 189 68 189 68 5 68 5 68 189 68 189 68 189
607 158 68 189 68 189 68 5
607 158 68 189 68 189
607
85
607 158 68 607 158 68 189 68 189
607 158
607 158 68 607 158 68 607 158 68 607 158 68 189 68 189 68 189 68 189 68 5 68 189 68 189 68 189 68 189
607 158 68 189 68 189
607 158 108
607 158 68 607 158 68 189 68 607 158 68 189 68 189 68 189 68 189 68 189
607 158 108
607 158 68 607 158 68 189 68 5
261
607 158 68 607 158 68 189 68 5
607 158 68 607 158 68 607 158 68 5 68 5 68 189
607 158 68 189 68 189
607 158 68 189 68 189
607 158
261
607 158
85
607 158
607 158 108
607 158 68 607 158 68 607 158 68 607 158 68 189 68 189 68 5
607 158 68 607 158 68 607 158 68 5 68 5 68 397 68 5
607 158 68 607 158 68 607 158 68 607 158 68 189 68 189 68 5 68 189 68 5 68 5 68 189 68 397 68 397 68 397 68 397 68 5
607 158
607 158 68 189 68 189 68 189
607 158 68 607 158 68 607 158 68 607 158 68 189 68 189 68 189 68 189 68 5 68 5 68 189 68 189
607 158 68 189 68 189
607 158 68 189 68 189 68 189 68 189
607 158 68 189 68 189
607 158 68 607 158 68 607 158 68 607 158 68 189 68 189 68 5 68 189
607 158 68 189 68 189 68 189
607 158 68 189 68 189 68 189
607 158 68 189
607 158
607 158 68 5
607 158
607 158 68 189
607 158 68 607 158 68 607 158 68 5 68 189 68 189 68 189
85
607 158 68 607 158 68 607 158 68 607 158 68 607 158 68 189 68 189 68 189 68 5 68 189 68 189 68 397 68 189 68 189 68 189 68 189 68 189 68 189 68 607 158 149
607 158
85
607 158 68 189 68 189
607 158
607 158 68 607 158 68 5 68 5 68 5 68 189 68 189
607 158 68 607 158 68 607 158 68 607 158 68 189 68 189 68 189 68 189
607 158
607 158
607 158 68 607 158 68 5 68 5 68 5
607 158 68 189 68 189
607 158 68 607 158 68 607 158 68 607 158 68 189 68 189 68 189
607 158 108
607 158 68 607 158 68 189 68 189 68 189
607 158 68 607 158 68 607 158 68 607 158 68 189 68 189
607 158 68 189 68 189
607 158
607 158 108
607 158 68 189 68 189
607 158 108
85
607 158 68 607 158 68 189 68 5
607 158 68 607 158 68 607 158 68 607 158 68 189 68 189 68 189
607 158 68 607 158 68 607 158 68 607 158 68 189 68 189 68 189 68 189 68 189
607 158 68 607 158 68 189 68 5 68 5 68 189
607 158 68 607 158 68 607 158 68 607 158 68 189 68 189 68 189 68 189 68 5
607 158 68 607 158 68 607 158 68 607 158 68 189 68 189 68 189 68 189 68 189 68 189 68 189 68 189 68 189 68 189 68 189 68 189 68 189 68 189 68 607 158 149
607 158 68 607 158 68 607 158 68 5 68 189 68 189 68 189
607 158 68 607 158 68 607 158 68 607 158 68 189 68 189 68 189 68 189
607 158 68 607 158 68 189 68 5
607 158
607 158 68 607 158 68 607 158 68 607 158 68 397 68 397 68 5 68 5 68 5 68 5 68 189 68 397 68 397 68 397 68 397 68 5 68 189
607 158 68 607 158 68 607 158 68 5 68 189 68 189 68 189
607 158 68 607 158 68 607 158 68 5 68 189 68 189 68 189
607 158
607 158 108
607 158 108
607 158 68 189 68 189
607 158 108
607 158 108
607 158 68 607 158 68 189 68 5 68 189
607 158 68 607 158 68 5 68 5 68 5 68 189 68 189
607 158 68 607 158 68 607 158 68 607 158 68 189 68 189 68 189 68 189 68 5 68 189 68 189 68 189 68 189 68 189 68 189 68 189
607 158 68 607 158 68 607 158 68 607 158 68 189 68 189 68 189 68 189 68 189 68 189 68 189 68 189 68 189 68 189 68 189 68 189
607 158 68 607 158 68 189 68 5 68 5 68 189
607 158 68 5 68 5
607 158 68 607 158 68 189 68 607 158 68 189 68 189 68 189
607 158 68 607 158 68 607 158 68 607 158 68 189 68 189 68 189 68 189 68 189 68 189 68 189 68 189 68 189 68 189 149
607 158 68 607 158 68 607 158 68 607 158 68 189 68 189 68 189 68 189 68 5
607 158 68 607 158 68 607 158 68 5 68 189 68 189 68 189
607 158 108
607 158 68 607 158 68 607 158 68 607 158 68 189 68 189 68 189 68 189 68 189 68 189 68 189 68 189 68 189 68 189 68 189
607 158 68 607 158 68 607 158 68 607 158 68 189 68 189 68 189 68 189 68 5 68 5 68 189 68 397 68 5 68 397 68 607 158 149
607 158 68 189 68 189
607 158 68 607 158 68 189 68 5
607 158 68 189 68 189 68 189
607
607 158
607 158 68 607 158 68 607 158 68 5 68 189 68 189 68 189
607 158 68 607 158 68 189 68 5 68 189
607 158 68 5 68 5
607 158 108
607 158 68 189 68 189
607 158 68 607 158 68 189 68 5 68 189 68 189
607 158 68 607 158 68 607 158 68 607 158 68 189 68 189 68 189
607 158 68 607 158 68 189 68 5
607 158 68 189 68 189
261
607 158 68 189 68 189
607 158 108
607 158 68 189 68 189
607 158 68 607 158 68 607 158 68 607 158 68 189 68 189 68 189
607 158 68 607 158 68 607 158 68 607 158 68 607 158 68 5 68 5 68 5 68 5 68 607 158 68 397 68 397 68 607 158 68 607 158 68 607 158 108 68 607 158 149
607 158 68 607 158 68 5 68 5 68 5 68 189 68 189
261
85
607 158 68 189 68 189
607 158 68 189 68 189 68 189
607 158 68 189 68 189
607 158 68 607 158 68 607 158 68 607 158 68 189 68 189 68 189 68 189 68 189
607 158 68 607 158 68 607 158 68 607 158 68 189 68 189 68 189 68 189 68 189
607 158 68 607 158 68 607 158 68 607 158 68 189 68 189 68 189
607 158 68 607 158 68 607 158 68 607 158 68 607 158 68 5 68 5 68 5 68 5 68 607 158 68 397 68 607 158 68 607 158 68 607 158 68 607 158 108
607 158 68 607 158 68 607 158 68 5 68 189 68 189 68 189
607 158
607 158 108
607 158 68 607 158 68 607 158 68 607 158 68 189 68 189 68 189
607 158 108
607 158
607 158
607
607 158 68 607 158 68 607 158 68 607 158 68 189 68 189 68 189 68 189 68 5 68 189 68 189 68 189 68 189 68 189 68 189 68 189
607 158 68 189 68 189
607 158 68 607 158 68 607 158 68 5 68 189 68 189
607 158 68 607 158 68 607 158 68 607 158 68 189 68 189
85
607 158 68 607 158 68 607 158 68 607 158 68 189 68 189 68 189 68 189
607 158 68 607 158 68 607 158 68 607 158 68 189 68 189 68 189 68 189 68 189 68 189 68 189 68 189
607 158 68 607 158 68 607 158 68 607 158 68 189 68 189 68 189 68 189 68 5 68 5 68 189 68 189 68 189 68 189 68 189
607 158 68 189 68 189
607 158 68 189 68 189
607 158
607 158 68 607 158 68 189 68 5 68 189 68 189
607 158 68 189 68 189
607 158
607 158 68 607 158 68 607 158 68 607 158 68 189 68 189 68 189
607 158 108
607 158 108
261
607 158 108
607 158 68 607 158 68 189 68 5 68 189 68 189 68 189
607 158 68 189
607 158 68 607 158 68 5 68 5 68 5
607 158
607 158 68 607 158 68 607 158 68 607 158 68 189 68 189 68 189 68 189
607 158 108
85
607 158 68 607 158 68 607 158 68 607 158 68 189 68 189 68 189
607 158 68 189 68 189
607 158 68 607 158 68 607 158 68 607 158 68 607 158 68 189 68 189 68 5 68 5 68 5 68 397 68 397 68 397 68 397 68 5
607 158 68 607 158 68 607 158 68 607 158 68 189 68 189 68 189 68 189 68 5 68 5 68 189 68 189 68 5 189 68 189 68 189
85
607 158
607 158 68 607 158 68 189 68 5
85
607 158 68 607 158 68 189 68 5
607 158 68 607 158 68 607 158 68 607 158 68 607 158 68 189 68 189 68 5 68 5 68 189 68 189 68 397 68 189 68 189 68 189 68 189
607 158 68 607 158 68 189 68 5 68 5
607 158 68 607 158 68 189 68 607 158 68 189 68 189 68 189 68 189
607 158 68 607 158 68 607 158 68 607 158 68 607 158 68 5 68 189 68 5 68 5 68 607 158 68 397 68 397 68 397 68 607 158 68 607 158 149
607 158 68 607 158 68 607 158 68 607 158 68 189 68 189 68 189
607 158 68 607 158 68 607 158 68 607 158 68 189 68 189 68 189 68 189 68 5
607 158
607 158 68 607 158 68 189 68 5 68 189
607 158 68 607 158 68 607 158 68 607 158 68 607 158 68 189 68 189 68 5 68 5 68 607 158 68 397 68 607 158 68 607 158 68 607 158
607 158 68 189
607 158
607 158 68 607 158
607 158 68 607 158 68 607 158 68 607 158 68 607 158 68 189 68 189 68 189 68 5 68 189 68 189 68 397 68 607 158 68 607 158 68 189 68 189 68 607 158 149
607 158 68 607 158 68 5 68 5 68 5 68 5 68 5
607 158 68 5
607 158 68 607 158 68 607 158 68 607 158 68 189 68 189 68 189
607 158 68 189 68 189
607 158
607 158 68 189 68 189
607 158 68 189 68 189
607 158 68 607 158 68 189 68 5 68 189 68 189 68 189
607 158 68 607 158 68 5 68 5 68 5 68 189
607 158
607 158 68 5 68 5
607 158 68 607 158 68 607 158 68 607 158 68 607 158 68 189 68 189 68 189 68 5 68 189 68 189 68 397 68 607 158 68 607 158 68 607 158 108 68 607 158 149 68 607 158 68 607 158 68 607 158 108 68 607 158 149 68 607 158 68 607 158 108 68 607 158 68 607 158 108 68 607 158 108 68 607 158 359 68 607 158 68 607 158 68 607 158 68 607 158 68 607 158 68 607
607 158 68 189
607 158 68 607 158 68 189 68 189 68 189 68 189 68 189
607 158 68 607 158 68 607 158 68 5 68 189 68 189 68 189
607 158 68 607 158 68 607 158 68 5 68 5 68 5 68 5
607 158
261
607 158 68 607 158 68 607 158 68 607 158 68 189 68 189 68 189 68 189 68 5 68 5 68 189 68 189 68 5
607 158 68 607 158 68 5 68 5 68 5 68 189
607 158
607 158 68 607 158 68 607 158 68 607 158 68 189 68 189 68 189
607 158 68 607 158 68 189 68 5 68 189
607 158 68 607 158 68 607 158 68 607 158 68 189 68 189 68 189
607 158 68 607 158 68 5 68 5 68 5 68 189
607 158 68 189 68 189
607 158 68 189 68 189
607 158 68 607 158 68 607 158 68 607 158 68 189 68 189 68 5
607 158 68 189 68 189 68 189
85
607 158
607 158 68 607 158 68 607 158 68 607 158 68 189 68 189 68 189
607 158
607 158 68 607 158 68 607 158 68 607 158 68 189 68 189 68 189 68 189 68 189 68 189 68 189 68 189 68 189
607 158 68 607 158 68 607 158 68 5 68 5 68 189 68 5
607 158 68 607 158 68 607 158 68 607 158 68 607 158 68 189 68 189 68 5 68 5 68 607 158 68 397 68 607 158 68 607 158 68 607 158 68 189 68 607 158 108 68 607 158 68 607 158 68 607 158 108 68 607 158 149 68 607 158 68 607 158 108 68 607 158 68 607 158 68 607 158 108 68 607 158 108 68 607 158 68 607 158 68 607 158 68 607 158 68 607 158 68 607
85
607 158 68 189 68 189
607 158 68 607 158 68 607 158 68 607 158 68 189 68 5 68 5 68 5 68 5
607 158 68 5 68 5
607 158 68 607 68 607 158 68 5 68 607 158 68 189 68 5 68 189
607 158 68 189 68 189
607 158 68 5
607 158 68 189 68 189
607 158 68 607 158 68 607 158 68 607 158 68 607 158 68 189 68 189 68 5 68 5 68 607 158 68 397 68 5 68 607 158 68 607 158 68 189 68 189
607
607 158 68 607 158 68 607 158 68 607 158 68 607 158 68 5 68 5 68 5 68 5 68 607 158 68 397 68 607 158 68 607 158 68 607 158 149
607 158 68 5 68 5
607 158 68 189 68 189
607 158 68 607 158 68 607 158 68 607 158 68 607 158 68 5 68 189 68 5 68 5 68 607 158 68 397 68 397 68 397 68 397 68 607 158 68 189 68 397 68 607 158 149 68 607 158 68 607 158 108 68 607 158 108 68 607 158 108 68 607 158 108 68 607 158 108 68 607 158 108 68 607 158 108 68 607 158 359 68 607 158 68 607 158 68 607 158 68 607 158 68 607
607 158 68 607 158 68 189 68 189 68 189
607 158
607 158 68 607 158 68 607 158 68 607 158 68 607 158 68 189 68 189 68 5 68 5 68 607 158 68 397 68 607 158 68 607 158 68 607 158 108 68 189 68 607 158 149 68 607 158 108 68 607 158 108 68 607 158 149
607 158 68 607 158 68 607 158 68 5 68 5 68 397 68 5
607 158 68 607 158 68 607 158 68 607 158 68 189 68 189 68 189 68 189 68 5 68 5 68 189 68 189 68 5
607 158 68 607 158 68 607 158 68 607 158 68 607 158 68 189 68 189 68 5 68 5 68 189 68 189 68 397 68 397 68 397 68 5 68 189 68 189 68 5 189 68 607 158 149
607 158 68 607 158 68 607 158 68 5 68 607 158 68 189 68 5
607 158 68 607 158 68 607 158 68 607 158 68 189 68 189 68 189
607 158 68 607 158 68 607 158 68 607 158 68 189 68 189 68 189 68 189 68 5 68 5 68 189 68 397 68 397 68 189
607 158 68 607 158 68 607 158 68 607 158 68 189 68 189 68 189 68 189 68 5 68 189
607 158 68 189
85
607 158 68 189 68 189 68 189
607 158 68 607 158 68 189 68 5 68 189 68 189 68 189
607 158 68 189 68 189
607 158 108
607 158 68 607 158 68 5 68 5 68 5 68 5
607 158
607 158
607 158 68 607 158 68 607 158 68 607 158 68 189 68 5 68 5 68 5 68 5 68 5 68 189 68 397 68 397 68 397 68 397 68 5 189
607 158 68 607 158 68 189 68 189 68 189 68 189
607 158 68 607 158 68 189 68 5 68 5
607 158 68 607 158 68 607 158 68 607 158 68 189 68 189 68 189 68 189 68 189
607 158 68 607 158 68 189 68 5 68 189 68 189 68 189
607 158 68 607 158 68 607 158 68 607 158 68 189 68 189 68 189 68 189
607 158 68 607 158 68 607 158 68 607 158 68 607 158 68 5 68 5 68 5 68 5 68 607 158 68 397 68 397 68 607 158 68 607 158 108 68 397 68 607 158 149
607 158 68 607 158 68 189 68 5 68 189 68 189 68 189
607 158 68 189 68 189 68 189
607 158 68 607 158 68 607 158 68 607 158 68 607 158 68 189 68 189 68 189 68 5 68 189 68 189 68 397 68 189 68 189 68 189 68 189 85 359
607 158 68 607 158 68 607 158 68 5 68 5 68 189 68 5
607 158 68 607 158 68 607 158 68 607 158 68 189 68 189 68 189 68 189 68 189
85
607 158 68 607 158 68 607 158 68 607 158 68 189 68 189 68 189 68 189
607 158
607 158 68 607 158 68 607 158 68 607 158 68 189 68 189 68 189
85
85
607 158 68 189 68 189
607 158
607 158 68 607 158 68 607 158 68 607 158 68 607 158 68 189 68 189 68 189 68 5 68 189 68 189 68 189 68 189 68 189 68 607 158 149
85
85
607 158 68 607 158 68 607 158 68 607 158 68 189 68 189 68 189
607 158 108
607 158 68 607 158 68 607 158 68 5 68 5 68 397 68 5
607 158 68 607 158 68 607 158 68 607 158 68 189 68 189 68 189 68 189 68 5
85
607 158 68 607 158 68 189 68 5 68 189 68 189 68 189
607 158 68 189 68 189 68 189
607 158 68 189 68 189
607 158 68 607 158 68 5 68 5 68 5 68 189
607 158 68 607 68 607 158 68 607 158 68 607 158 68 189 68 189 68 189 68 5 68 5 68 189 68 189 68 5 68 607 158 68 607 158 68 189 68 189
607 158 68 607 158 68 607 158 68 607 158 68 189 68 189 68 189 68 189 68 189
607 158 68 189 68 189 68 5
607 158 68 607 158 68 607 158 68 5 68 189 68 189 68 189
261
607 158 68 607 158 68 607 158 68 607 158 68 189 68 189 68 189
607 158 68 607 158 68 607 158 68 607 158 68 189 68 189 68 189 68 189 68 5 68 5 68 189 68 189 68 189
607 158 68 607 158 68 607 158 68 607 158 68 189 68 189 68 189 68 189 68 189 68 189 68 189 68 189 68 189 68 189 68 189
607 158 68 607 158 68 607 158 68 5 68 189 68 189 68 189
607 158 68 607 158 68 607 158 68 5 68 189 68 189
607 158 68 607 158 68 189 68 5 68 189 68 189 68 189
607 158
607 158 68 607 158 68 189 68 5 68 189 68 189
261
189
607 158 68 189 68 189 68 189
607 158 68 607 158 68 5 68 5 68 5 68 189 68 189
607 158 68 607 158 68 607 158 68 607 158 68 189 68 189 68 5
607 158
607 158 68 5 68 189
607 158
607 158 68 189 68 189
607 158 68 607 158 68 607 158 68 607 158 68 189 68 189 68 189 68 189 68 189 68 189 68 189 68 189 68 189 68 189 68 189 68 189 68 189 68 189 68 607 158 149
607 158 68 607 158 68 607 158 68 607 158 68 189 68 189
607 158 68 607 158 68 607 158 68 607 158 68 607 158 68 189 68 189 68 5 68 5 68 607 158 68 397 68 397 68 397 68 397 68 189
607 158 68 607 158 68 189 68 5 68 5 68 189
607 158 68 607 158 68 189 68 5
607 158 68 189 68 189
607 158 108
607 158 68 607 158 68 189 68 189 68 189
85
607 158 68 607 158 68 5 68 5 68 5 68 189
607 158
607 158 68 607 158 68 189 68 5 68 189 68 189
607 158 68 607 158 68 189 68 607 158 68 189 68 189 68 189
607 158 68 189 68 189
607 158 68 607 158 68 607 158 68 607 158 68 189 68 189 68 189
607 158
607 158 68 607 158 68 607 158 68 607 158 68 189 68 189 68 189 68 189 68 189 68 189 68 189 68 189 68 189
607 158 68 607 158 68 189 68 5 68 5
607 158 68 607 158 68 607 158 68 607 158 68 189 68 189 68 189
607 158 68 189 68 189
607 158 68 189
607 158 68 607 158 68 5 68 5 68 5
607 158 68 607 158 68 607 158 68 607 158 68 607 158 68 189 68 189 68 5
607 158 68 607 158 68 607 158 68 607 158 68 189 68 189 68 189 68 189 68 5 68 5 68 189 68 189 68 5 189 68 189 149
85
607 158 68 607 158 68 5 68 5 68 5 68 189
607 158 68 607 158 68 5 68 5 68 5 68 189
261
607 158 68 607 158 68 189 68 5
607 158 68 189
607 158 68 607 158 68 189 68 5 68 5
85
607 158 108
607 158 68 5 68 189
607 158
261
607 158
607 158 68 607 158 68 607 158 68 607 158 68 189 68 189 68 189 68 189 68 189
607 158
607 158 68 607 158 68 607 158 68 607 158 68 189 68 189 68 189 68 189 68 5 68 189 68 189 68 189 68 189 68 189 68 189 68 189 68 189 85 359
607 158 68 607 158 68 5 68 5
607 158
607 158 68 607 158 68 5 68 5 68 5
607 158 68 607 158 68 189 68 5 68 5 68 189
607 158 68 607 158 68 5 68 5 68 5 68 5 68 5
607 158 68 5 68 5 68 5
607 158 68 607 158 68 5 68 5
607 158 68 607 158 68 607 158 68 5 68 189 68 189 68 189
85
607 158 68 189
261
85
607 158 108
189
607 158 68 607 158 68 607 158 68 5 68 5 68 397 68 5
607 158 68 607 158 68 607 158 68 5 68 5 68 5 68 5
607 158 68 189 68 189 68 5
607 158 68 607 158 68 607 158 68 607 158 68 189 68 189 68 189
607 158 68 607 158 68 607 158 68 607 158 68 189 68 189 68 189 68 189 68 189 68 189 68 189 68 189 68 189 68 189 68 189
261
607 158 68 607 158 68 607 158 68 607 158 68 189 68 189 68 189
607 158 68 607 158 68 189 68 5 68 5
189
189
607 158 68 607 158 68 607 158 68 607 158 68 189 68 189 68 189 68 189 68 5 68 5 68 189 68 397 68 5 68 397 68 5 189
607 158 68 189 68 189
607 158 108
607 158 68 607 158 68 607 158 68 607 158 68 189 68 189 68 189 68 189 68 5
607 158 68 5 68 5
607 158 108
607 158 68 189 68 189
607 158 68 607 158 68 607 158 68 607 158 68 189 68 189 68 189 68 189 68 189 68 189 68 189 68 189 68 189 68 189 68 189 68 189 68 189 68 189 68 607 158 149
607 158 68 607 158 68 189 68 5 68 189 68 189
607 158 68 607 158 68 607 158 68 607 158 68 189 68 189 68 189
607 158 108
607 158
607 158 68 607 158 68 189 68 5 68 189 68 189
607 158 68 607 158 68 607 158 68 607 158 68 189 68 189 68 189 68 189 68 5 68 189 68 189 68 189 68 189 68 189 68 189
607 158 68 607 158 68 5 68 5 68 5 68 397 68 397
607 158 68 189 68 189
261
607 158 68 607 158 68 607 158 68 607 158 68 189 68 189 68 189
607 158 68 607 158 68 5 68 5
607 158
607 158 68 607 158 68 607 158 68 607 158 68 189 68 189 68 189 68 189 68 5 68 5 68 189 68 189 68 5 68 189 68 189 68 607 158 149
607 158 68 607 158 68 607 158 68 5 68 189 68 189 68 189
607 158 68 607 158 68 189 68 607 158 68 189 68 189 68 189
607 158 108
607 158 68 607 158 68 607 158 68 607 158 68 189 68 189 68 189
607 158 68 607 158 68 5 68 5 68 5
607 158 68 5 68 189
607 158 68 607 158 68 5 68 5 68 5 68 189 68 189
607 158 68 607 158 68 607 158 68 607 158 68 189 68 189 68 189 68 189 68 189
607 158 68 607 158 68 607 158 68 607 158 68 189 68 189 68 5 68 189
607 158 68 607 158 108
607 158 68 607 158 108 68 189 68 189
607 158 68 607 158 68 189 68 189 68 189
607 158 68 607 158 68 189 68 189 68 189
607 158 68 189 68 189
607 158 68 5 68 189
607 158
607 158 68 607 158 68 607 158 68 607 158 68 189 68 189 68 189 68 189
607 158 108
607 158 68 607 158 68 189 68 5 68 5 68 189
607 158
607 158 68 189 68 189
607 158
607 158 68 5 68 5 68 5
607 158 68 607 158 68 607 158 68 607 158 68 607 158 68 5 68 5 68 5 68 5 68 607 158 68 397 68 397 68 607 158 68 607 158 68 607 158 108 68 607 158 149 68 607 158 68 607 158 108 68 607 158 108 68 607 158 108 68 607 158 108 68 607 158 108 68 607 158 108 68 607 158 108 68 607 158 359 68 607 158 68 607 158 68 607 158 68 607 158 68 607 158 68 607
85
607 158 68 607 158 68 607 158 68 5 68 5 68 189 68 5
607 158 68 607 158 68 189 68 5 68 189 68 189
607 158 68 607 158 68 189 68 5 68 189
607 158 108
607 158 68 607 158 68 189 68 5 68 5 68 189
607 158 68 607 158 68 607 158 68 607 158 68 607 158 68 5 68 5 68 5
607 158
85
607 158 68 189 68 189 68 189
607 158 68 189 68 189
189
607 158 68 607 158 68 189 68 5 68 5
607 158 68 607 158 68 607 158 68 607 158 68 189 68 189 68 189
607 158 68 189 68 189
607 158 108
607 158 68 607 158 68 607 158 68 607 158 68 189 68 189 68 189 68 189 68 189
607 158 68 607 158 68 607 158 68 5 68 5 68 189 68 5
607 158 68 607 158 68 607 158 68 5 68 607 158 68 189 68 189 68 189
607 158 68 189 68 189
607 158 68 189 68 189
607 158 68 189 68 189
607 158
607 158 68 607 158 68 189 68 5 68 189
607 158 68 189 68 189
607 158
607 158 68 607 158 68 607 158 68 607 158 68 189 68 189 68 189 68 189 68 189
607 158 68 607 158 68 607 158 68 5 68 189 68 189 68 189
607 158
607 158 68 607 158 68 607 158 68 607 158 68 189 68 189 68 189 68 189 68 5 68 189 68 189 68 189 68 189 68 189 68 189
607 158 68 607 158 68 607 158 68 5 68 189 68 189
607 158 68 607 158 68 189 68 5 68 189 68 189 68 189
607 158 68 607 158 68 607 158 68 607 158 68 189 68 189 68 189 68 189 68 5 68 5 68 189 68 189 68 189 68 189 149
607 158 68 607 158 68 5 68 5
85
607 158 68 607 158 68 607 158 68 607 158 68 189 68 189 68 189 68 189
607 158 68 607 158 68 607 158 68 607 158 68 189 68 189 68 189 68 189
607 158 68 5
607 158 68 189 68 189
85
607 158 68 607 158 68 189 68 189 68 189
607 158 108
607 158 68 607 158 68 607 158 68 607 158 68 607 158 68 189 68 189 68 189 68 5 68 189 68 189 68 189 68 189 68 189 68 607 158 68 189 68 189 68 607 158 149 68 607 158 68 607 158 108 68 607 158 108 68 607 158 108 68 607 158 108 68 607 158 108 68 607 158 108 68 607 158 108 68 607 158 108 68 607 158 68 607 158 68 607 158 68 607 158 68 607 158 68 607
607 158 68 189
607 158 68 607 158 68 607 158 68 607 158 68 189 68 189 68 189 68 189 68 5 68 5 68 189 68 189 68 189 68 189 68 189
607 158 108
607 158 68 607 158 68 607 158 68 607 158 68 189 68 189 68 189 68 189 68 5 68 189 68 189 68 189 68 189 68 189 68 189 68 189 68 189 85 359
607 158 108
261
607 158 68 189 68 189
607 158 68 607 158 68 607 158 68 607 158 68 607 158 68 189 68 189 68 5 68 5 68 189 68 189 68 397 68 189 68 397 68 5
607 158 68 607 158 68 607 158 68 607 158 68 189 68 189 68 189 68 189 68 5 68 189 68 189 68 189
607 158 68 607 158 68 607 158 68 5 68 189 68 189 68 5 68 189
189
607 158 68 607 158 68 607 158 68 607 158 68 189 68 189 68 189
607 158
607 158 68 607 158 68 5 68 5 68 5 68 5 68 5
85
607 158 108
607 158 68 189 68 189
85
607
607 158 68 189 68 189
607 158
607 158 68 607 158 68 607 158 68 607 158 68 189 68 189 68 189 68 189
607 158 68 607 158 68 607 158 68 607 158 68 189 68 189 68 189 68 189 68 5
85
607 158 108
607 158 68 189
607 158 68 607 158 68 189 68 5 68 189
607 158 68 607 158 68 5 68 5 68 5 68 189
607 158 108
607 158 68 607 158 68 607 158 68 5 68 5 68 189 68 5
607 158 68 607 158 68 607 158 68 607 158 68 607 158 68 5 68 5 68 5 68 5 68 607 158 68 397 68 397 68 607 158 68 607 158 68 607 158 68 607 158
607 158 108
607 158 68 607 158 68 5 68 5 68 5 68 189
607 158 68 607 158 68 607 158 68 607 158 68 607 158 68 189 68 189 68 5 68 5 68 607 158 68 397 68 607 158 68 607 158 68 607 158 68 607 158 108 68 607 158 149 68 607 158 68 607 158 108 68 607 158 149
607 158
85 359
607 158 68 607 158 68 189 68 5 68 189 68 189
607 158 68 189 68 189
607 158 68 607 158 68 607 158 68 607 158 68 397 68 5 68 5 68 5 68 5 68 5 68 397 68 397 68 397 68 397 68 397 68 5
85
607 158 68 607 158 68 607 158 68 607 158 68 189 68 189 68 189 68 189 68 189 68 189 68 189 68 189 68 189 68 189 68 189
607 158 68 607 158 68 607 158 68 607 158 68 189 68 189 68 189 68 189 68 5 68 5 68 189 68 189 68 189 68 189 68 189
607
607 158 68 189 68 189
607 158 68 607 158 68 5 68 5 68 5 68 189 68 189
607 158 68 189 68 189 68 189
85
85
607 158 68 607 158 68 607 158 68 607 158 68 189 68 189 68 189
607 158 68 607 158 68 607 158 68 5 68 607 158 68 5 68 5 68 189
261
607 158 68 189 68 189
607 158 68 607 158 68 189 68 189
261
607 158 68 5 68 189 68 5
607 158 68 189 68 189
607 158 68 607 158 68 607 158 68 607 158 68 189 68 189 68 5 68 189
607 158 68 189 68 189
607 158 68 607 158 68 607 158 68 5 68 189 68 189 68 189
607 158 68 607 158 68 607 158 68 607 158 68 189 68 189 68 189
607 158
607 158 108
607 158 68 189
607 158 68 189 68 189
261 158
607 158 68 189 68 189
607 158 68 607 158 68 607 158 68 5 68 189 68 189
607 158 68 607 158 68 607 158 68 607 158 68 189 68 189 68 189 68 189 68 5 189 68 189 68 189 68 397 68 189
607 158 68 607 158 68 607 158 68 607 158 68 397 68 397 68 5 68 5 68 5 68 5 68 397 68 397 68 397 68 397 68 397 68 5
607 158 68 607 158 68 189 68 5 68 5
607 158 68 5
607
607 158 68 607 158 68 189 68 5 68 189 68 189
607 158 68 607 158 68 607 158 68 5 68 189 68 189
607 158 68 607 158 68 189 68 5 68 5 68 189
607 158 68 189 68 189 68 189
607 158 68 607 158 68 607 158 68 607 158 68 189 68 189 68 189
607 158 68 607 158 68 607 158 68 607 158 68 189 68 189 68 189 68 189
607 158 68 189 68 189
607 158 68 607 158 68 189 68 5
607 158 68 607 158 68 607 158 68 607 158 68 189 68 189 68 189 68 189 68 5 68 189 68 189 68 189 68 189 68 189 68 189
607 158 68 607 158 68 189 68 5
607 158 68 607 158 68 189 68 5 68 189 68 189
607
607 158 68 189 68 189 68 189
607 158 68 189 68 189
607 158 68 607 158 68 607 158 68 607 158 68 189 68 189 68 189 68 189 68 5 68 5 68 189 68 189 68 397 68 189 68 189 68 189
607 158 68 607 158 68 189 68 5 68 189 68 189
607 158 68 607 158 68 607 158 68 607 158 68 189 68 189 68 189 68 189 68 189 68 189 68 189 68 189 68 189 68 189 68 189 68 189
607 158 108
607 158 68 607 158 68 607 158 68 607 158 68 189 68 189 68 189 68 189 68 5 68 5 68 189 68 189 68 5 68 607 158 149
607 158 68 5 68 189 68 5
607 158 68 607 158 68 607 158 68 5 68 5 68 189 68 5 68 5
607 158
607 158 68 607 158 68 607 158 68 607 158 68 189 68 189 68 189 68 189 68 5
607 158 68 607 158 68 607 158 68 607 158 68 189 68 189
85
607 158 68 607 158 68 607 158 68 607 158 68 189 68 189 68 189
607 158 68 189 68 189
607 158 68 607 158 68 607 158 68 607 158 68 189 68 189 68 189
607 158 68 607 158 68 607 158 68 607 158 68 189 68 189 68 189
607 158 68 607 158 68 189 68 5 68 189 68 189 68 189
607 158 68 607 158 68 5 68 5 68 5 68 5 68 5
607 158 68 607 158 68 607 158 68 607 158 68 189 68 189 68 189
607 158 68 189 68 189
607 158 108
607 158 68 607 158 68 189 68 5 68 189
607 158 68 607 158 68 189 68 607 158 68 189 68 189 68 189 68 189 68 189 68 189
607 158 68 189
607 158 68 607 158 68 189 68 5 68 189 68 189
607 158
607 158 68 189 68 189
607 158 68 607 158 68 607 158 68 607 158 108 68 189 68 189
607 158 68 607 158 68 607 158 68 607 158 68 189 68 189 68 189 68 189
607 158 68 189 68 189 68 189
607 158 68 607 158 68 607 158 68 607 158 68 189 68 189 68 189
607 158
607 158 108
607 158 68 189 68 189
607 158 68 607 158 68 607 158 68 607 158 68 189 68 189 68 189 68 189 68 189 68 189 68 189 68 189 68 189 68 189 68 189 68 189 68 189 68 189 68 5 189 85 359
607 158 68 607 158 68 607 158 68 607 158 68 607 158 68 5 68 5 68 5 68 5 68 607 158 68 397 68 607 158 68 607 158 68 607 158 68 607 158 108
607 158 68 607 158 68 607 158 68 5 68 5 68 5 68 5
607 158 68 189 68 189 68 5
607 158 68 607 158 68 189 68 5 68 189
607 158 68 607 158 68 607 158 68 5 68 5 68 189 68 5
607 158 68 189 68 189
607 158 68 607 158 68 607 158 68 607 158 68 189 68 189 68 189
85
607 158 108
607 158 68 607 158 68 189 68 5 68 189 68 189
607 158 68 189 68 189
607 158
607 158 68 607 158 68 607 158 68 607 158 68 189 68 189 68 189 68 189 68 5 68 5 68 189 68 189 68 189 68 189 68 189
607 158 68 189 68 189
607 158 68 189 68 189
607 158 68 607 158 68 607 158 68 607 158 68 189 68 189 68 189 68 189
607 158 68 607 158 68 607 158 68 607 158 68 189 68 189 68 189 68 189
607 158 68 189
607 158 68 607 158 68 607 158 68 607 158 68 189 68 189 68 189
607 158 68 607 158 68 607 158 68 607 158 68 189 68 189 68 189 68 189 68 5 68 189 68 189 68 189 68 189 68 189 68 189 68 189 68 189 68 189 68 5 189 68 607 158 149
607 158 108
85
607 158 68 189 68 189
607 158 68 607 158 68 607 158 68 607 158 68 189 68 189 68 189 68 189 68 5 68 5 68 189 68 189 68 5 189 68 189 68 189
607 158 68 607 158 108
607 158 68 189
607 158 68 607 158 68 607 158 68 607 158 68 607 158 68 189 68 189 68 5 68 5 68 607 158 68 397 68 607 158 68 607 158 68 607 158 68 189 68 607 158 108 68 607 158 68 607 158 68 607 158 108 68 607 158 149 68 607 158 68 607 158 108 68 607 158 108 68 607 158 108 68 607 158 108 68 607 158 68 607 158 68 607 158 68 607 158 68 607 158 68 607 158 68 607
607 158 68 5 68 5 68 5
607 158 68 607 158 68 189 68 5
607 158 68 189 68 189 68 5
607 158 68 189 68 189
607 158 68 607 158 68 607 158 68 607 158 68 189 68 189 68 189
607 158 68 607 158 68 607 158 68 607 158 68 607 158 68 189 68 189 68 5 68 5 68 607 158 68 397 68 397 68 607 158 68 607 158 108 68 189 68 607 158 108 68 607 158 108 68 607 158 108 68 607 158 108 68 607 158 108 68 607 158 108 68 607 158 108 68 607 158 108 68 607 158 108 68 607 158 359 68 607 158 68 607 158 68 607 158 68 607 158 68 607 158 68 607
607 158 68 5 68 5
607 158
189
607 158 68 607 158 68 189 68 5 68 5 68 189 68 189
607 158 108
607 158 68 607 158 68 607 158 68 607 158 68 189 68 189 68 189 68 189 68 189 68 189 68 189 68 189 68 189 68 189 68 189 68 189 68 189 68 189
607 158 68 607 158 68 189 68 189 68 189 68 189 68 189
607 158 68 607 158 68 607 158 68 607 158 68 189 68 189 68 189
85 359
607 158 68 607 158 68 607 158 68 607 158 68 607 158 68 5 68 5 68 5 68 5 68 607 158 68 397 68 607 158 108
607 158
607 158 68 607 158 68 189 68 5 68 5
607 158
607 158
607 158 68 607 158 68 607 158 68 607 158 68 189 68 189 68 189 68 189 68 189 68 189 68 189 68 189 68 189
607 158
607 158 68 607 158 68 5 68 5
607 158 68 607 158 68 607 158 68 5 68 189 68 189 68 189
607 158 68 5 68 189
607 158 68 189 68 189 85
607 158 68 607 158 68 607 158 68 607 158 68 607 158 68 5 68 189 68 5 68 5 68 607 158 68 397 68 397 68 607 158 68 607 158 108 68 607 158 108 68 607 158 149 68 607 158 108 68 607 158 108 68 607 158 149
607 158 68 189 68 189
607 158 68 607 158 68 5 68 5 68 5
607 158 108
607 158 68 189 68 189
607 158 68 607 158 68 607 158 68 607 158 68 607 158 68 5 68 189 68 5 68 5 68 607 158 68 397 68 607 158 68 607 158 68 607 158 68 189 68 5 189 68 607 158 149
607 158 68 607 158 68 5 68 5 68 5 68 189 68 189
607 158 68 5
607 158 108
607 158 68 189 68 189
607 158 68 189 68 189 68 189
607 158 68 607 158 68 607 158 68 607 158 68 189 68 189 68 189
607 158 108
607 158 68 607 158 68 189 68 5 68 189 68 189
607 158 68 189
607 158 108
607 158 68 607 158 68 607 158 68 607 158 68 189 68 189 68 189
607 158 68 607 158 68 607 158 68 607 158 68 189 68 189 68 189 68 189
607 158
607 158
607 158 68 607 158 68 607 158 68 607 158 68 189 68 189 68 189
607 158 68 607 158 68 189 68 5 68 189
607 158 68 607 158 68 607 158 68 607 158 68 189 68 189 68 189
261
607 158 68 607 158 68 189 68 5
261
607 158
85
607 158 68 607 158 68 607 158 68 607 158 68 189 68 189 68 189 68 189 68 5 68 189 68 189 68 189 68 189 68 189 68 189 68 189 68 189 68 189
607 158 68 607 158 68 607 158 68 5 68 189 68 189 68 189
607 158 68 607 158 68 189 68 5 68 189
607 158 68 607 158 68 189 68 5 68 189 68 189 68 189
607 158 68 189 68 189
607 158 68 189 68 189 68 189
607 158 68 607 158 68 5 68 5 68 5 68 189
607 158 68 5 68 5
607 158 68 607 158 68 607 158 68 607 158 68 189 68 189 68 189 68 189 68 5 68 5 68 189 68 189
85
607 158 68 607 158 68 607 158 68 607 158 68 189 68 189 68 189 68 189 68 5 68 189 68 189 68 189 68 189
607 158 108
607 158 68 607 158 68 189 68 5 68 189 68 189 68 189
607 158 68 607 158 68 189 68 5 68 189
607 158 68 189 68 189
607 158 68 607 158 68 189 68 5
261
85
607 158 68 607 158 68 189 68 5
85
607 158 68 607 158 68 5 68 5 68 5 68 189 68 189
607 158 68 607 158 68 5 68 5 68 5 68 5 68 5
85
607 158 68 189 68 189 68 189
607 158 68 607 158 68 607 158 68 607 158 68 189 68 189 68 189
607 158 68 607 158 68 5 68 5 68 5 68 189 68 189
607 158 68 5 68 5 68 5
607 158 68 607 68 607 158 68 607 158 68 607 158 68 189 68 189 68 189 68 189 68 189 68 189 68 189 68 189 68 189 68 189 68 189 68 189 68 189 68 607 158 149 68 607 158 68 607 158 108 68 189 68 607 158 149 68 607 158 68 607 158 108 68 607 158 68 607 158 108 68 607 158 108 68 607 158 68 607 158 68 607 158 68 607 158 68 607 158 68 607 158 68 607
607 158
607 158 68 607 158 68 5 68 5 68 5 68 5
607 158 68 607 158 68 607 158 68 607 158 68 607 158 68 5 68 189 68 5 68 5 68 607 158 68 397 68 5 68 607 158 149
607 158 68 189 68 189
607 158 68 607 158 68 607 158 68 607 158 68 189 68 189 68 189 68 189 68 5
607 158
607 158 68 607 158 68 607 158 68 607 158 68 189 68 189 68 189 68 189 68 5 68 189 68 189 68 189 68 189 68 189 68 189 68 607 158 149
607 158 68 189
607 158 68 607 158 68 189 68 5
607 158 68 607 158 68 607 158 68 607 158 68 189 68 189 68 189 68 189
607 158 68 607 158 68 5 68 5 68 5 68 5 68 5
85
607 158 68 189 68 189
261
607 158 68 607 158 68 5 68 5 68 5 68 189 68 189
607 158 68 189 68 189
607 158 68 607 158 68 607 158 68 5 68 189 68 189 68 189
607 158 68 607 158 68 5 68 5 68 5 68 189 68 189
607 158 68 5 68 5
607 158 68 607 158 68 607 158 68 607 158 68 607 158 68 189 68 189 68 189 68 5 68 189 68 189 68 397 68 189 68 189 68 189 68 189 68 189 68 189
607 158
607 158 68 607 158 68 607 158 68 5 68 607 158 68 189 68 5 68 189
607 158 68 607 158 68 189 68 189 68 189
607 158
607 158 68 607 158 68 189 68 5 68 5 68 189
607 158
607 158 68 189 68 189
607
607 158 68 607 158 68 607 158 68 5 68 5 68 5 68 5
607 158 68 607 158 68 189 68 5 68 189 68 189 68 189
607 158 68 189
607 158 68 189 68 189
607 158 68 607 158 68 607 158 68 607 158 68 189 68 189
607 158 68 189 68 189
607 158 68 607 158 68 189 68 607 158 68 189 68 189 68 189
607 158 68 607 158 68 607 158 68 607 158 68 607 158 68 189 68 189 68 189 68 5 68 189 68 189 68 397 68 189 68 189 68 189
607 158
607 158 68 189 68 189
607 158
607 158 108
607 158 68 607 158 68 607 158 68 5 68 5 68 189 68 5
607 158
607 158
607 158 68 607 158 68 607 158 68 607 158 68 189 68 189 68 189 68 189 68 5 68 189 68 189 68 189 68 5 68 189 68 189 68 607 158 108 68 189 68 5 189 68 607 158 149
607 158 108
607 158 68 607 158 68 5 68 5 68 5 68 397 68 5
607 158 68 607 158 68 5 68 5 68 5
607 158 68 607 158 68 607 158 68 607 158 68 189 68 189 68 189 68 189 68 189
607 158 68 607 158 68 607 158 68 607 158 68 189 68 189 68 189 68 189 68 189
607 158 68 607 158 68 607 158 68 607 158 68 607 158 68 5 68 5 68 5 68 5 68 607 158 68 397 68 397 68 397 68 397 68 607 158 68 397 68 5 68 607 158 149
85
607 158
607 158 68 607 158 68 189 68 5 68 5
607 158 68 5 68 5
607 158 68 607 158 68 189 68 189 68 189 68 189 68 189
607 158 68 189 68 189
261
607 158
85
261
607 158 68 607 158 68 607 158 68 607 158 68 189 68 189 68 189 68 189 68 5 68 189 68 189 68 189 68 189
607 158 68 607 158 68 189 68 5
607 158 68 607 158 68 607 158 68 607 158 68 189 68 189 68 189
607 158
261
607 158 68 607 158 68 607 158 68 607 158 68 607 158 68 189 68 189 68 5 68 5 68 607 158 68 397 68 607 158 68 607 158 149
607 158 68 607 158 68 607 158 68 5 68 189 68 189 68 189
607 158 68 607 158 68 607 158 68 607 158 68 607 158 68 189 68 189 68 5 68 5 68 607 158 68 397 68 397 68 607 158 149
607 158 68 189
607 158 68 607 158 68 607 158 68 607 158 68 189 68 189 68 189 68 189
607 158 68 607 158 68 607 158 68 607 158 68 189 68 189 68 189 68 189 68 5 68 5 68 189 68 397 68 397 68 189
607 158 68 607 158 68 607 158 68 607 158 68 189 68 189
607 158 68 189 68 189 68 189
607 158 108
607 158 68 607 158 68 607 158 68 607 158 68 189 68 189 68 189 68 189
607 158
607 158 68 607 158 68 189 68 5 68 189 68 189 68 189
607 158 68 607 158 68 607 158 68 5 68 5 68 397 68 5
607 158 68 607 158 68 5 68 5
607 158 108
607 158 68 189 68 189
607 158 68 189 68 189
607 158 108
607 158
189 85
607 158 68 607 158 68 607 158 68 607 158 68 189 68 189 68 189 68 189 68 5 68 5 68 189 68 189 68 5 68 189 68 5
607 158 108
607 158 68 607 158 68 607 158 68 607 158 68 189 68 189 68 189
607 158 68 607 158 68 607 158 68 5 68 607 158 68 397 68 5
189
607 158 68 607 158 68 607 158 68 607 158 68 189 68 189 68 5
607 158
607 158 68 607 158 68 607 158 68 607 158 68 189 68 189 68 189 68 189 68 189 68 189 68 189 68 189 68 189 68 189 68 189 68 189
607 158 68 607 158 68 607 158 68 607 158 68 189 68 189 68 189 68 189 68 189 68 189 68 189 68 189 68 189 68 189 68 189 68 189 68 189 85
607 158 68 607 158 68 607 158 68 607 158 68 189 68 189 68 189
607 158 68 607 158 68 5 68 5 68 5 68 189
85
607 158 68 607 158 68 607 158 68 607 158 68 189 68 189 68 189
607 158
607 158
607 158
607 158 68 607 158 68 607 158 68 607 158 68 189 68 189 68 189 68 189 68 189
607 158 68 607 158 68 189 68 5 68 607 158 68 189 68 189
607 158 108
607 158
189
607 158
607 158
607 158 68 607 158 68 5 68 5
607 158 68 607 158 68 189 68 5 68 189
607 158 68 607 158 68 189 68 5 68 189 68 189 68 189
607 158 68 607 158 68 607 158 68 5 68 607 158 68 189 68 189
607 158 68 607 158 68 607 158 68 607 158 68 189 68 189 68 189 68 189 68 189 68 189 68 189 68 189 68 189 68 189 68 189
607 158 68 189 68 189
607 158 68 607 158 68 607 158 68 607 158 68 189 68 189 68 189 68 189 68 5 68 5 68 189 68 397 68 397 68 397 68 397 68 5 68 189
85
85
607 158 68 607 158 68 607 158 68 607 158 68 607 158 68 189 68 189 68 189 68 5 68 189 68 189 68 189 68 189
607 158 68 607 158 68 607 158 68 607 158 68 189 68 189 68 189 68 189 68 189 68 189 68 189 68 189
607 158 68 189 68 189 68 189
607 158 68 189 68 189
607 158 68 5 68 189
607 158 68 607 158 68 607 158 68 607 158 68 189 68 189 68 5 68 189
261 86
607 158 68 189 68 189
607 158
607 158 68 607 158 68 607 158 68 607 158 68 189 68 189 68 189
607 158 68 189 68 189
607 158
607 158 68 607 158 68 607 158 68 5 68 189 68 189
607 158 68 607 158 68 189 68 189 68 189 68 189 68 189
189
607 158 68 607 158 68 607 158 68 607 158 68 189 68 189
607 158 68 607 158 68 607 158 68 607 158 68 189 68 189 68 189
607 158
607 158 68 607 158 68 607 158 68 607 158 68 189 68 189
607 158 68 5 68 5
607 158 68 607 158 68 189 68 189 68 189 68 189 68 189
189
607 158 68 189 68 189
607 158 68 189 68 189
85
607 158 68 607 158 68 5 68 5 68 5 68 189
85
607 158 68 189 68 189
607 158 108
607 158 68 189 68 189
607 158 68 5 68 189
607 158 68 607 158 68 607 158 68 607 158 68 189 68 189 68 189 68 189 68 5
607 158 68 607 158 68 607 158 68 607 158 68 189 68 189 68 189 68 189
607 158 68 607 158 68 607 158 68 607 158 68 189 68 189 68 189 68 189 68 5 68 189 68 189 68 189 68 189 68 189 68 189 68 189
607 158 68 607 158 68 607 158 68 607 158 68 189 68 189 68 189 68 189 68 5 68 5 68 189 68 189 68 189 68 189 68 189 68 189
607 158
607 158 68 607 158 68 607 158 68 607 158 68 189 68 189 68 189 68 189 68 5 68 5 68 189 68 189
607 158 68 189 68 189
607 158 68 607 158 68 607 158 68 607 158 68 189 68 189 68 189 68 189 68 5 68 5 68 189 68 189 68 5
607 158 68 607 158 68 5 68 5 68 5 68 5
607 158
607 158 68 607 158 68 607 158 68 607 158 68 189 68 189 68 189 68 189 68 5 68 5 68 189 68 397 68 397 68 397 68 397 68 5
607 158 68 607 158 68 607 158 68 607 158 68 607 158 68 189 68 189 68 5 68 5 68 5 68 397 68 397 68 397 68 397 68 5 85
607 158 68 189
607 158 68 607 158 68 607 158 68 5 68 189 68 189 68 189
607 158
607 158 68 607 158 68 607 158 68 607 158 68 189 68 5 68 5 68 5 68 5 68 5 68 189 68 397 68 397 68 397 68 397 68 5
85
607 158
85 359
607 158 68 607 158 68 607 158 68 5 68 189 68 189 68 189
607 158 68 5
607 158
607 158
607 158 68 607 158 68 607 158 68 5 68 189 68 189 68 189
607 158 68 189 68 189
607 158 68 189 68 189 68 189
607 158 68 607 158 68 607 158 68 607 158 68 607 158 68 189 68 189 68 5 68 5 68 607 158 68 397 68 607 158 68 607 158 149
607 158 68 189
607 158 68 607 158 68 607 158 68 5 68 189 68 189 68 189
607 158 68 607 158 68 607 158 68 607 158 68 189 68 189 68 5
607 158 68 607 158 68 5
607 158 68 607 158 68 607 158 68 5 68 189 68 189 68 189
607 158 68 189 68 189
607 158 68 189 68 189 68 189 68 189 68 189
607 158 68 189 68 189
607 158 68 5 68 5
607 158 68 607 158 68 607 158 68 607 158 68 607 158 68 189 68 189 68 5
607 158 68 607 158 68 607 158 68 5 68 607 158 68 189 68 5
607 158 68 5 68 5
607 158 68 607 158 68 5 68 5 68 5
261
607 158 68 607 158 68 189 68 5 68 189
607 158 68 607 158 68 607 158 68 607 158 68 607 158 68 5 68 189 68 5 68 5 68 607 158 68 397 68 607 158 68 607 158 68 607 158 68 607 158 108 68 607 158 149 68 607 158 68 607 158 108 68 607 158 149
607 158 68 607 158 68 607 158 68 607 158 68 607 158 68 5 68 5 68 5 68 5 68 607 158 68 397 68 397 68 397 68 397 68 607 158
607 158 68 607 158 68 189 68 607 158 68 189 68 189 68 189 68 189 68 189 68 189 68 189 68 189 68 189 68 189 68 189 149
607 158 68 5 68 5 68 5
607 158 68 607 158 68 607 158 68 607 158 68 189 68 189 68 189 68 189 68 5
607 158 68 607 158 68 5 68 5
607 158 68 607 158 68 607 158 68 607 158 68 189 68 189 68 189
607 158
607 158 68 607 158 68 607 158 68 607 158 68 189 68 189 68 189
607 158 68 607 158 68 607 158 68 607 158 68 189 68 189 68 189 68 189 68 5 68 5 68 189 68 189 68 5 68 189 68 189 68 5 68 189 68 189
607 158 68 607 158 68 607 158 68 607 158 68 189 68 189 68 189 68 189 68 5
607 158 68 189 68 189
607 158 68 607 158 68 607 158 68 607 158 68 607 158 68 5 68 189 68 5 68 5 68 607 158 68 397 68 397 68 397 68 607 158 68 607 158 68 397 68 5 189 68 607 158 68 607 158 68 607 158 108 68 607 158 149
85
607 158 68 5 68 397 68 397
607 158 68 607 158 68 607 158 68 607 158 68 189 68 189 68 189
607 158 68 607 158 68 607 158 68 607 158 68 189 68 189 68 189 68 189
607 158 108
607 158 68 607 158 68 607 158 68 5 68 189 68 189
607 158 68 607 158 68 189 68 189 68 189
607 158 68 189 68 189
607 158 68 607 158 68 607 158 68 607 158 68 607 158 68 5 68 5 68 5 68 5
607 158 68 607 158 68 607 158 68 607 158 68 189 68 189 68 189 68 189 68 5 68 5 68 189 68 397 68 397 68 189 68 189 68 607 158 149
607 158 68 189 68 189
85
607 158 68 189 68 189
607 158 68 189 68 189 68 189
607 158 68 189 68 189
607 158 68 607 158 68 189 68 5 68 189 68 189 68 189
607 158 68 5 68 397 68 5
607 158 108
607 158 68 189 68 189 68 189
607 158 108
607 158 68 607 158 68 189 68 5
261
607 158 68 607 158 68 607 158 68 607 158 68 607 158 68 5 68 5 68 5 68 5 68 607 158 68 397 68 607 158 68 607 158 68 607 158 68 607 158 108
607 158 68 607 158 68 607 158 68 5 68 5 68 189
85
607 158 68 607 158 68 189 68 189 68 189 68 189 68 189
261
607 158 68 607 158 68 607 158 68 607 158 68 189 68 189 68 189 68 189 68 189
85
607 158
607 158 68 607 158 68 607 158 68 607 158 68 189 68 189 68 189 68 189 68 5 68 189 68 189 68 189 68 189 68 189 68 189 68 189
85
607 158 68 5 68 5 68 5
607 158 68 189 68 189
261
607 158 68 607 158 68 607 158 68 607 158 68 189 68 189 68 189
607 158 68 607 158 68 607 158 68 607 158 68 189 68 189 68 189 68 189 68 5 68 5 68 189 68 397 68 5 68 607 158 149
607 158 68 607 158 68 607 158 68 5 68 189 68 189
607 158 68 607 158 68 607 158 68 607 158 68 189 68 189 68 189 68 189 68 5 68 5 68 189 68 189 68 189
607 158 68 607 158 68 607 158 68 5 68 607 158 68 397 68 5 68 5 68 5 68 5 68 397 68 397 68 397 68 397 68 397 68 5
607 158 68 5 68 5
607 158 68 607 158 68 607 158 68 607 158 68 607 158 68 5 68 5 68 5 68 5 68 5 68 397 68 397 68 397 68 397 68 5
607 158 68 189 68 189
607 158
85
607 158 68 607 158 68 607 158 68 607 158 68 607 158 68 189 68 189 68 5 68 5 68 189 68 189 68 397 68 189 68 397 68 189 68 189 68 189
607 158 68 607 158 68 607 158 68 607 158 68 189 68 189 68 189
607 158 68 607 158 68 189 68 189 68 189
607 158 68 607 158 68 189 68 5 68 5 68 189
607 158 68 189
607 158 68 5 68 5
607 158 68 607 158 68 189 68 5 68 189 68 189
607 158 68 607 158 68 189 68 5 68 189 68 189
85
607 158 68 607 158 68 5 68 5
607 158 68 5 68 189
607 158 68 607 158 68 607 158 68 607 158 68 189 68 189 68 189 68 189 68 5 68 189 68 189 68 189 68 189 68 189 68 189
607 158 108
607 158 108
261 86
607 158 68 607 158 68 189 68 5 68 189
607 158 68 189 68 189 68 189
607 158 68 607 158 68 607 158 68 607 158 68 189 68 189 68 189
607 158 68 607 158 68 607 158 68 607 158 68 189 68 189 68 189 68 189 68 5
607 158 68 189 68 189 68 189
85
607 158 68 607 158 68 607 158 68 5 68 189 68 189 68 189
607 158
607 158 68 607 158 68 607 158 68 5 68 5 68 189 68 5
85
607 158 108
607 158 68 5 68 5
85
607 158 68 5 68 189
607 158 68 189 68 189
607 158 68 607 158 68 607 158 68 607 158 68 189 68 189 68 189
607 158 68 607 158 68 607 158 68 607 158 68 189 68 189 68 189
607 158 68 607 158 68 607 158 68 607 158 68 189 68 189 68 189
607 158 68 607 158 68 607 158 68 607 158 68 189 68 189 68 189 68 189 68 189
607 158 68 189 68 189
607 158 68 607 158 68 5 68 5 68 5
607 158
607 158 68 189 68 189 68 5
607 158 68 607 158 68 607 158 68 607 158 68 189 68 189 68 189 68 189 68 5 68 189 68 189 68 189 68 189
607 158 68 607 158 68 607 158 68 607 158 68 189 68 189 68 189
85
607 158 68 189
607 158 68 607 158 68 607 158 68 607 158 68 189 68 189 68 189 68 189
607 158 68 607 158 68 189 68 5
607 158 68 607 158 68 5 68 5 68 5
607 158 68 189 68 189 68 189 68 189
607 158 68 607 158 68 607 158 68 607 158 68 607 158 68 5 68 5 68 5 68 5 68 607 158 68 397 68 397 68 397 68 397 68 607 158 108 68 397 68 5 189 68 607 158 149
607 158 68 607 158 68 189 68 189 68 189
607 158 68 607 158 68 5 68 5 68 5
607 158 68 607 158 68 607 158 68 607 158 68 189 68 189 68 189 68 189 68 5 68 5 68 189 68 397 68 5 68 189 68 5 189
607 158 68 607 158 108 68 189 68 5
607
607 158 68 607 158 68 189 68 5 68 189 68 189
607 158 68 607 158 68 189 68 189 68 189 68 189 68 189
607 158 68 189 68 189
607 158 68 607 158 68 5 68 5 68 5 68 189 68 189
607 158 68 607 158 68 607 158 68 607 158 68 189 68 189 68 5 68 189 68 5 68 5 68 189 68 189 68 5
607 158 68 189 68 189
607 158 68 607 158 68 607 158 68 5 68 189 68 189 68 189
607 158 108
607 158 108
607 158 68 607 158 68 607 158 68 607 158 68 189 68 189 68 189
607 158 68 607 158 108 68 189 68 5 85
607 158 108
607 158
85
607 158 68 5 68 189
607 158 68 607 158 68 607 158 68 607 158 68 189 68 189 68 189
607 158
607 158 108
607 158 68 607 158 68 607 158 68 607 158 68 189 68 189 68 189 68 189 68 5 68 5 68 189 68 189 68 5
85
607 158
85
607 158 68 607 158 68 607 158 68 607 158 68 189 68 189 68 189 68 189 68 5 68 189 68 189 68 189 68 189 68 189 68 189 68 189 68 189 68 189 68 569 68 607 158 149
607 158 68 607 158 68 607 158 68 607 158 68 189 68 189 68 189 68 189
607 158 68 607 158 68 607 158 68 607 158 68 189 68 189 68 189 68 189 68 5 68 5 68 189 68 397 68 397 68 397 68 397 68 5 68 189
607 158 68 189 68 189 68 189
607 158 68 607 158 68 607 158 68 607 158 68 189 68 189 68 189
607 158 108
607 158 68 189
607 158 68 607 158 68 607 158 68 5 68 607 158 68 5 68 5 68 5
607 158 108
607 158 68 607 158 68 189 68 5 68 5
607 158 68 607 158 68 5 68 5
607 158 68 189
607 158 68 189 68 189
607 158 108
607 158 68 607 158 68 189 68 5 68 5
607
607 158 68 607 158 68 189 68 5 68 189 68 189
607 158 68 607 158 68 607 158 68 607 158 68 189 68 189 68 189 68 189 68 5
607 158 68 607 158 68 607 158 68 607 158 68 189 68 189 68 189 68 189
607 158 68 5 68 189
607 158 68 607 158 68 607 158 68 607 158 68 189 68 189 68 189
607 158 68 607 158 68 5 68 5 68 5
607 158 68 607 158 68 189 68 5 68 5
607 158 68 607 158 68 5 68 5
607 158 108
607 158 68 607 158 68 607 158 68 607 158 68 189 68 189 68 189 68 189 68 189 68 189 68 189 68 189 68 189 68 189 149
607 158 68 607 158 68 607 158 68 607 158 68 189 68 189 68 189
85
607 158 68 607 158 68 189 68 5 68 189 68 189
607 158 68 189 68 189 85
607 158
189
607 158 68 607 158 68 607 158 68 607 158 68 189 68 189 68 189
607 158
261
607 158 68 607 158 68 189 68 5
607 158 68 189 68 189 68 189
607 158 68 607 158 68 607 158 68 607 158 68 189 68 189 68 189 68 189 68 189 68 189 68 189 68 189 68 189 68 189 68 189
607 158 68 607 158 68 607 158 68 607 158 68 607 158 68 189 68 189 68 5 68 5 68 189 68 189 68 397 68 189 68 189 68 189 68 189 68 189 68 5 189 68 607 158 149
607 158 68 607 158 68 5 68 5 68 5 68 5
85
607 158 68 607 158 68 607 158 68 5 68 189 68 189 68 189
607 158 68 607 158 68 607 158 68 607 158 68 189 68 189 68 189 68 189
607 158 68 607 158 68 607 158 68 607 158 68 189 68 189 68 189
607 158 108
607 158
607 158 68 607 158 68 607 158 68 607 158 68 5 68 5 68 5 68 5 68 5 68 5 68 5 68 397 68 397 68 397 68 397 68 5
607 158 68 607 158 68 189 68 5 68 189
607 158
607 158 68 607 158 68 607 158 68 5 68 189 68 189 68 189
607 158 68 607 158 68 189 68 5 68 5 68 189
607 158
607 158 68 189 68 189
607 158 68 607 158 68 607 158 68 607 158 68 607 158 68 189 68 189 68 5 68 5 68 607 158 68 189 68 607 158 68 607 158 149
607 158 68 607 158 68 607 158 68 607 158 68 189 68 189 68 189
189
607 158 68 607 158 68 189 68 189 68 189 68 189 68 189
607 158 68 607 158 68 5 68 5
607 158 68 607 158 68 607 158 68 607 158 68 607 158 68 5 68 189 68 5 68 5 68 189 68 189 68 397 68 397 68 397 68 5 68 5 68 189
607 158 68 607 158 68 607 158 68 5 68 607 158 68 189 68 189
607 158 68 607 158 68 607 158 68 607 158 68 189 68 189 68 189 68 189 68 5 68 5 68 189 68 397 68 397 68 397 68 5 189
607 158 68 5 68 189
607 158 68 607 158 68 607 158 68 607 158 68 189 68 189 68 189 68 189
607 158 68 607 158 68 189 68 5 68 189 68 189 68 189
607 158 68 189 68 189
607 158 68 607 158 68 397 68 5
607
607 158
607 158 68 189 68 189
607 158 68 5 68 5 68 5
607 158 68 607 158 68 607 158 68 607 158 68 189 68 189 68 189 68 189 68 5 68 5 68 189 68 397 68 5 189 68 397 68 5 189
607 158 68 189 68 189
607 158 68 607 158 68 607 158 68 607 158 68 189 68 189 68 189 68 189
607 158 68 607 158 68 607 158 68 607 158 68 189 68 189 68 189 68 189 68 189 68 189 68 189 68 189 68 189 68 189 68 189 68 189 85 359
85
607 158 68 607 158 68 189 68 5 68 189 68 189 68 189
607 158 68 607 158 68 189 68 5 68 189 68 189 68 189
607 158 68 607 158 68 5 68 5 68 5 68 5 68 5
607 158 68 607 158 108
261 158
607 158 68 607 158 68 607 158 68 607 158 68 189 68 189 68 189
607 158 68 607 158 68 189 68 5 68 189 68 189
607 158 68 189 68 189
607 158 68 607 158 68 607 158 68 607 158 68 607 158 68 189 68 189 68 189 68 5 68 189 68 189 68 397 68 607 158 68 607 158 68 607 158 108 68 607 158 108 68 607 158 108 68 607 158 108 68 607 158 108 68 607 158 108 68 607 158 108 68 607 158 108 68 607 158 108 68 607 158 108 68 607 158 108 68 607 158 68 607 158 68 607 158 68 607 158 68 607 158 68 607
607 158 68 189
607 158 68 607 158 68 189 68 5 68 189 68 189
607 158 68 607 158 68 607 158 68 607 158 68 607 158 68 189 68 189 68 189 68 5 68 189 68 189 68 397 68 189 68 189 68 189 68 189 85 359
607 158 68 607 158 68 607 158 68 607 158 68 189 68 189 68 189 68 189
607 158 68 5 68 5
607 158 68 607 158 68 5 68 5 68 5 68 189
607 158
607 158 108
607 158 68 189 68 189
607 158 68 607 158 68 607 158 68 607 158 68 189 68 189 68 189
607 158 68 607 158 68 607 158 68 607 158 68 607 158 68 189 68 189 68 5 68 5 68 607 158 68 397 68 607 158 68 607 158 68 607 158 108 68 607 158 108 68 607 158 149 68 607 158 68 607 158 108 68 607 158 149 68 607 158 108 68 607 158 108 68 607 158 68 607 158 108 68 607 158 108 68 607 158 359 68 607 158 68 607 158 68 607 158 68 607 158 68 607 158 68 607 158 68
607 158 108
85
607 158 68 607 158 68 607 158 68 607 158 68 189 68 189 68 189
607 158 68 189 68 189
607 158 68 607 158 68 5 68 5 68 5 68 189 68 189
607 158 68 5 68 5
607 158 68 607 158 68 607 158 68 607 158 68 607 158 68 189 68 189 68 5 68 5 68 607 158 68 397 68 607 158 108
607 158 68 189
85
607 158 68 607 158 68 189 68 5 68 5 68 189
607 158
607 158 68 5 68 5 68 5
85
607 158 68 607 158 68 607 158 68 5 68 5 68 5 68 5
607 158 68 607 158 68 607 158 68 607 158 68 189 68 189
189
607 158 68 189 68 189 68 189
607 158 68 189
607 158 68 607 158 68 607 158 68 607 158 68 607 158 68 5 68 189 68 5 68 5 68 607 158 68 397 68 397 68 397 68 607 158
607 158 68 607 158 68 607 158 68 5 68 189 68 189 68 189
607 158 68 607 158 68 189 68 189 68 189
607 158 68 607 158 68 607 158 68 607 158 68 189 68 189 68 189 68 189 68 189
607 158 68 607 158 68 607 158 68 607 158 68 189 68 189 68 189
607 158 68 607 158 68 189 68 5 68 189
607 158 68 607 158 68 607 158 68 607 158 68 189 68 189 68 189 68 189 68 5 68 5 68 189 68 189 68 5 189 68 189 68 5 189
607 158 68 607 158 68 607 158 68 5 68 189 68 189 68 189
607 158 108
261
607 158 68 607 158 68 607 158 68 607 158 68 189 68 189 68 5 68 189
607 158 68 607 158 68 189 68 189
607 158 68 607 158 68 607 158 68 607 158 68 189 68 189 68 189 68 189 68 189
607 158 68 189 68 189
607 158 68 189 68 189
607 158 68 607 158 68 607 158 68 607 158 68 189 68 189 68 189 68 189 68 5 68 5 68 189 68 189 68 5 68 189 68 189
607 158 68 189 68 189
607 158 68 607 158 68 607 158 68 607 158 68 189 68 189 68 189
607 158 108
607 158 68 5 68 189
607 158 68 189 68 189
607 158 68 607 158 68 607 158 68 5 68 189 68 189
607 158 68 607 158 68 607 158 68 607 158 68 189 68 189 68 189
85
607 158 68 607 158 68 189 68 5 68 189 68 189
607 158 68 607 158 68 607 158 68 607 158 68 189 68 189 68 5 68 5 68 5 68 5 68 189 68 397 68 397 68 397 68 397 68 5
261
261
607 158
607 158 68 607 158 68 189 68 189
607 158 68 607 158 68 607 158 68 607 158 68 189 68 189 68 189 68 189 68 189 68 189 68 189 68 189 68 189
607 158 108
607 158 108
607 158 68 189 68 189
607 158 68 607 158 68 607 158 68 607 158 68 607 158 68 189 68 189 68 5 68 5 68 607 158 68 397 68 607 158 68 607 158 68 607 158 108 68 189 68 607 158 149
261 86
607 158 68 607 158 68 607 158 68 5 68 189 68 189
607
607 158 68 189 68 189
607 158 68 607 68 607 158 68 607 158 68 607 158 68 189 68 5 68 5 68 5 68 5 68 189 68 397 68 397 68 607 158 68 607 158 68 607 158 68 607 158 68 607 158 68 607 158 68 607 158 68 607 158 108 68 607 158 68 607 158 68 607 158 108 68 607 158 68 607 158 68 607 158 108 68 607 158 359 68 607 158 68 607 158 68 607 158 68 607 158 68 607
607 158 68 607 158 68 189 68 189
261
607 158 68 607 158 68 607 158 68 607 158 68 607 158 68 5 68 189 68 5 68 5 68 607 158 68 397 68 607 158 68 607 158 149
607 158 68 607 158 68 607 158 68 607 158 68 189 68 189 68 189 68 189 68 189
607 158 68 607 158 68 607 158 68 607 158 68 189 68 189 68 189
607 158 68 607 158 68 607 158 68 607 158 68 189 68 189 68 189 68 189 68 5 68 5 68 189 68 397 68 5 68 397 68 5 68 607 158 149
607 158 68 607 158 68 189 68 5 68 189
607 158 68 607 158 68 607 158 68 607 158 68 189 68 189 68 189 68 189 68 189
607 158 108
607 158 108
85
607 158 68 607 158 68 607 158 68 5 68 189 68 189 68 189
607 158 68 607 158 68 189 68 5 68 607 158 68 189 68 189
607 158 68 189 68 189
607 158 68 189 68 189
607 158 68 607 158 68 607 158 68 607 158 68 189 68 189 68 189 68 189 68 5 68 189 68 189 68 189 68 189
607 158 68 189 68 189 68 189
607 158 68 607 158 68 189 68 5 68 189
607 158 68 607 158 68 607 158 68 607 158 68 189 68 189 68 189
607 158 68 189 68 189
607 158
85
607 158 108
607 158 68 5 68 189
607 158 68 607 158 68 189 68 5
607 158
607 158 68 607 158 68 607 158 68 607 158 68 189 68 189 68 189
607 158 68 189 68 189
261
607 158 68 189 68 189
607 158 108
607 158
607 158 68 189
607 158 68 607 158 68 607 158 68 607 158 68 189 68 189 68 189 68 189
607 158 68 189 68 189
607 158 68 607 158 68 607 158 68 5 68 189 68 189
607 158 68 607 158 68 607 158 68 607 158 68 189 68 189 68 189
607 158 68 607 158 68 607 158 68 607 158 68 189 68 189 68 189 68 189 68 189
607 158 68 607 158 68 189 68 5
85
607 158 68 607 158 68 189 68 5 68 189 68 189
607 158 68 189 68 189
607 158 68 189 68 189 68 5
85
607 158 68 189
261
607 158 68 607 158 68 607 158 68 607 158 68 607 158 68 189 68 189 68 189 68 5 68 189 68 189 68 397 68 189 68 607 158 68 607 158 68 189 68 607 158 108 68 607 158 68 607 158 68 607 158 108 68 607 158 149 68 607 158 68 607 158 108 68 607 158 68 607 158 68 607 158 108 68 607 158 108 68 607 158 68 607 158 68 607 158 68 607 158 68 607
607 158 68 189 68 189
607 158 68 607 158 68 607 158 68 607 158 68 607 158 68 5 68 189 68 5 68 5 68 5 68 189 68 397 68 397 68 397 68 5 189
607 158 68 607 158 68 189 68 5 68 189 68 189 68 189
607 158
607 158 68 607 158 68 607 158 68 607 158 108 68 189 68 189 68 189 68 189
607 158 68 607 158 68 5 68 5 68 5 68 189 68 189
607 158 68 189 68 189
607 158 108
607 158 68 607 158 68 607 158 68 607 158 68 189 68 189 68 189 68 189 68 189
607 158
607 158 68 607 158 108 68 189 68 189
607 158 68 607 158 68 607 158 68 607 158 68 189 68 189 68 189 68 189 68 189
607 158 68 607 158 68 607 158 68 607 158 68 189 68 189 68 189 68 189
85
607 158 68 607 158 68 5 68 5 68 5
607 158 108
607 158 68 607 158 68 189 68 5 68 189 68 189 68 189
607 158 68 607 158 68 607 158 68 607 158 68 189 68 189 68 189 68 189 68 189
607 158 68 607 158 68 607 158 68 607 158 68 397 68 5 68 5 68 5 68 5 68 5 68 397 68 397 68 397 68 397 68 397 68 5
607 158 108
607 158 68 189 68 189 68 189
607 158 108
607 158 68 607 158 68 607 158 68 607 158 68 189 68 189 68 189
607 158 68 607 158 68 607 158 68 607 158 68 189 68 189 68 189 68 189 68 189 68 189 68 189 68 189 68 189 68 189 68 189 68 189
607 158 68 607 158 68 607 158 68 607 158 68 189 68 189 68 189 68 189 68 189 68 189 68 189 68 189 68 189 68 189 68 189 68 189 68 189 85 359
607 158 68 189 68 189 68 189
607 158
607 158 68 607 158 68 607 158 68 607 158 68 189 68 189 68 189 68 189 68 189 68 189 68 189 68 189 68 189 68 189 68 189 68 189 68 189 85 359
607 158 68 189
607 158 68 607 158 68 189 68 189 68 189
607 158 108
607 158 68 607 158 68 607 158 68 607 158 68 607 158 68 189 68 189 68 5 68 5 68 607 158 68 397 68 5 68 607 158 68 607 158 149
607 158 68 189 68 189
607 158 68 607 158 68 189 68 5 68 189
607 158 68 607 158 68 5 68 5 68 5
607 158 68 607 158 68 189 68 5 68 189 68 189 68 189
85
607 158 68 607 158 68 607 158 68 5 68 189 68 189 68 189
607 158 68 607 158 68 607 158 68 5 68 189 68 189 68 189
607 158 68 607 158 68 189 68 5 68 189
607 158 68 607 158 68 607 158 68 607 158 68 5 68 5 68 5 68 5 68 5 68 5 68 397 68 397 68 397 68 397 68 397 68 5
607 158 68 607 158 68 607 158 68 607 158 68 189 68 189 68 189 68 189
607 158 68 607 158 68 607 158 68 607 158 68 189 68 189 68 189
607 158 68 607 158 68 607 158 68 607 158 68 189 68 189 68 189 68 189 68 5 68 5 68 189 68 189 68 397 68 189
607 158 68 607 158 68 189 68 5 68 189 68 189 68 189
189
607 158
607 158
607 158 108
607 158 68 607 158 68 607 158 68 607 158 68 189 68 189 68 189 68 189
607 158 68 607 158 68 607 158 68 607 158 68 607 158 68 5 68 5 68 5
607 158 68 607 158 68 607 158 68 607 158 68 189 68 189 68 189
607 158 68 189 68 189 68 189
607 158 68 607 158 68 189 68 5
607 158 68 607 158 68 607 158 68 607 158 68 607 158 68 5 68 5 68 5 68 5 68 5 68 397 68 397 68 397 68 397 68 5
607 158 68 607 158 68 5 68 5 68 5
607 158 68 607 158 68 607 158 68 607 158 68 189 68 189 68 189 68 189 68 5 68 5 68 189 68 189 68 5
607 158 68 607 158 68 607 158 68 5 68 5 68 189 68 5 68 189
607 158 68 189 68 189
607 158
607 158
607 158 68 189 68 189
607 158 68 607 158 68 607 158 68 607 158 68 189 68 189 68 189 68 189 68 189 68 189 68 189 68 189 68 189 68 189 149
607 158 68 607 158 68 607 158 68 607 158 68 607 158 68 5 68 5 68 5 68 5 68 607 158 68 397 68 397 68 607 158 68 607 158 108 68 397 68 607 158 149
607 158 68 607 158 68 607 158 68 607 158 68 189 68 189 68 189
607 158 68 607 158 68 607 158 68 607 158 68 189 68 189 68 189 68 189
607 158
607 158 68 607 158 68 5 68 5 68 5 68 189
607 158 68 5 68 189 68 5
607 158 68 607 158 68 607 158 68 607 158 68 607 158 68 5 68 5 68 5 68 5 68 607 158 68 397 68 397 68 397 68 397 68 607 158 68 397 68 397 68 607 158 149 68 607 158 68 607 158 108 68 607 158 149
607 158 68 607 158 68 189 68 5 68 5 68 189
607 158 108
607 158
189
607 158 108
607 158 108
607 158
607 158 68 607 158 68 607 158 68 607 158 68 189 68 189 68 189 68 189
607 158 68 5 68 189
607 158 108
607 158 68 607 158 68 607 158 68 607 158 68 189 68 189 68 189 68 189 68 5 68 189 68 189 68 189 68 189 68 189 68 189 68 189 68 189 68 189
607 158 68 607 158 68 607 158 68 607 158 68 189 68 189 68 189
607 158 68 607 158 68 607 158 68 607 158 68 189 68 189 68 189
607 158 68 607 158 68 189 68 189
607 158
607 158 68 5 68 189
607 158 68 189 68 189
607 158 108
607 158 68 189 68 189
607 158 68 607 158 68 607 158 68 607 158 68 189 68 189 68 189
607 158 68 189 68 189
85
607 158 68 607 158 68 607 158 68 607 158 68 189 68 189 68 189 68 189 68 5 68 5 68 189 68 189 68 5
607 158 108
607 158 68 607 158 68 607 158 68 607 158 68 189 68 189 68 189 68 189 68 5 68 5 68 189 68 189 68 397 68 189 68 189
607 158 68 607 158 68 189 68 5 68 189
607 158
607 158 68 607 158 68 607 158 68 607 158 68 189 68 189 68 189 68 189 68 189
607 158
607 158 108
607 158 108
607 158 68 189 68 189
607 158 68 607 158 68 189 68 5 68 5
607 158 68 607 158 68 607 158 68 607 158 68 189 68 189 68 189 68 189
607
607 158 68 189 68 189
261
607 158 68 607 158 68 189 68 5 68 189 68 189 68 189
607 158 68 607 158 68 607 158 68 5 68 189 68 189 68 189
607 158 68 607 158 68 607 158 68 607 158 68 189 68 189 68 189 68 189
607 158 68 189 68 189
607 158 108
607 158 68 607 158 68 607 158 68 607 158 68 189 68 189
607 158 68 189 68 189
85
607 158 68 189 68 189 68 5
607 158 68 189 68 189
607 158 68 607 158 68 607 158 68 607 158 68 189 68 189 68 189 68 189 68 5 68 5 68 189 68 189 68 5
607 158 68 607 158 68 189 68 5 189
607 158 108
607 158 68 607 158 68 607 158 68 5 68 189 68 189
607 158 68 189
607 158 68 607 158 68 189 68 5 68 189
607 158 68 189 68 189
607 158 68 189 68 189 68 189
607 158 108
607 158 68 189 68 189
607 158 68 607 158 68 607 158 68 607 158 68 189 68 189 68 189 68 189 68 5 68 5 68 189 68 397 68 397 68 397 68 607 158 149
85
607 158 68 607 158 68 189 68 5 68 5
607 158 68 607 158 68 607 158 68 607 158 68 607 158 68 189 68 189 68 5 68 5 68 189 68 189 68 397 68 397 68 397 68 5 68 189 68 189 68 5 189 68 607 158 149
607 158
85
607 158 68 607 158 68 189 68 5 68 5 68 189
607 158 68 607 158 68 607 158 68 607 158 68 607 158 68 189 68 189 68 5 68 5 68 5 68 189 68 397 68 5 68 397 68 5 68 5 68 189
607 158 68 607 158 68 189 68 5 68 5
607 158 108
607 158 68 607 158 68 607 158 68 607 158 68 189 68 189 68 189 68 189
607 158
607 158 68 189 68 189
607 158 68 607 158 68 607 158 68 607 158 68 189 68 189 68 189
85
607 158 68 607 158 68 607 158 68 607 158 68 189 68 189 68 189 68 189 68 5 68 5 68 189 68 397 68 5 68 5 189 68 5 68 607 158 149
607 158 68 607 158 68 189 68 5 68 189 68 189 68 189 68 189
607 158 68 607 158 68 5 68 5
607 158 68 189 68 189 68 189
607 158 68 607 158 68 607 158 68 607 158 68 189 68 189 68 189 68 189 68 5 68 5 68 189 68 189 68 189 68 189 68 189 149
607 158 68 607 158 68 607 158 68 607 158 68 189 68 189 68 189 68 189 68 5 68 5 68 189 68 189 68 5 189
607 158 68 189
607 158 68 607 158 68 189 68 5 68 5 68 189
607 158 68 607 158 68 607 158 68 607 158 68 607 158 68 189 68 189 68 189 68 5 68 189 68 189 68 607 158 68 607 158 68 607 158 68 189 68 189 68 607 158 149
607 158 108
607 158 68 607 158 68 607 158 68 607 158 68 189 68 189 68 189
607 158 68 607 158 68 607 158 68 607 158 68 189 68 189 68 189
607 158 108
607 158 108
607 158 68 189 68 189 68 189
261
607 158 68 607 158 68 607 158 68 607 158 68 189 68 189 68 189 68 189
607 158 68 607 158 68 189 68 5 68 189 68 189 68 189
607 158 108
607 158 68 607 158 68 607 158 68 607 158 68 189 68 189 68 189 68 189 68 189
607 158 68 607 158 108
607 158
261
607 158 68 607 158 68 189 68 189 68 189 68 189
607 158 68 607 158 68 607 158 68 607 158 68 189 68 189 68 189
607 158 68 607 158 68 607 158 68 607 158 68 189 68 189 68 189 68 189 68 5 68 5 68 189 68 189 68 5 189 68 189 68 5 189
607 158 68 607 158 68 607 158 68 607 158 68 607 158 68 189 68 189 68 5 68 5 68 189 68 189 68 397 68 397 68 397 68 607 158 149
607 158 108
85
607 158 68 607 158 68 5 68 5 68 5 68 397 68 397
607 158 68 607 158 68 607 158 68 607 158 68 189 68 189
607 158 68 607 158 68 5
607 158 68 5
607 158
85
607 158
607 158 68 607 158 68 189 68 5 68 189 68 189
85
607 158 68 607 158 68 607 158 68 607 158 68 189 68 5 68 5 68 5 68 5 68 5 68 189 68 397 68 397 68 397 68 397 68 5
85
607 158 68 607 158 68 607 158 68 607 158 68 189 68 189 68 189
607 158 68 607 158 68 607 158 68 607 158 68 189 68 189 68 189 68 189 68 5 68 5 68 189 68 189 68 189
607 158 68 189
607 158 68 189 68 189
607 158 68 607 158 68 5 68 5
85
607 158 68 607 158 68 607 158 68 607 158 68 189 68 189 68 189
607 158 68 189
607 158 108
607 158 68 607 158 68 607 158 68 607 158 68 189 68 189 68 189 68 189
607 158 68 189 68 189
607 158 68 607 158 68 607 158 68 607 158 68 189 68 189 68 5 68 5
607 158 68 189
607 158
607 158 68 607 158 68 607 158 68 607 158 68 189 68 189 68 189
607 158
607 158 68 5 68 189
607 158 68 607 158 68 607 158 68 607 158 68 189 68 189 68 189
607 158 68 607 158 68 607 158 68 607 158 68 607 158 68 5 68 5 68 5 68 5 68 607 158 68 397 68 397 68 397 68 607 158
607 158 68 189 68 189
607 158 68 607 158 68 189 68 189 68 189 68 189 68 189
607 158 68 607 158 68 189 68 607 158 68 189 68 189 68 189
607 158 68 189 68 189
607 158 108
607 158 108
607 158 68 607 158 68 607 158 68 607 158 68 189 68 189
607 158 68 189
607 158 68 189 68 189 68 189
607 158 68 607 158 68 189 68 189 68 189
607 158 68 189 68 189
607 158 68 607 158 68 607 158 68 607 158 68 189 68 189 68 189 68 189 68 189 68 189 68 189 68 189 68 189
607 158
607 158 68 607 158 68 607 158 68 5 68 189 68 189 68 189
607 158 68 607 158 68 189 68 5 68 5
607 158
607 158 68 607 158 68 607 158 68 607 158 68 607 158 68 5 68 189 68 5 68 5 68 607 158 68 397 68 607 158 68 607 158 68 607 158 108 68 607 158 108 68 607 158 149 68 607 158 68 607 158 108 68 607 158 149
607 158 68 607 158 68 607 158 68 607 158 68 607 158 68 5 68 5 68 5 68 5 68 607 158 68 397 68 397 68 397 68 607 158 68 607 158
607 158 68 189 68 189
261
607 158
607 158 68 607 158 68 5 68 5 68 5 68 397 68 397 68 5
607 158 68 607 158 68 607 158 68 607 158 68 607 158 68 189 68 189 68 189 68 5 68 189 68 189 68 189 68 189 68 189
607 158 68 607 158 68 607 158 68 607 158 68 189 68 189 68 189 68 189 68 189
607 158 68 607 158 68 607 158 68 5 68 607 158 68 5 68 5 68 189
607 158 68 189 68 189 68 189
607 158 68 607 158 68 607 158 68 607 158 68 189 68 189 68 189 68 189 68 189
607 158 68 189 68 189
607 158 68 607 158 68 607 158 68 607 158 68 189 68 189
607 158 68 607 158 68 607 158 68 607 158 68 5 68 5 68 5 68 5 68 5
607 158 68 607 158 68 607 158 68 607 158 68 189 68 189 68 189
607 158 68 607 158 68 607 158 68 607 158 68 189 68 189 68 5 68 189
85
607 158 108
607 158 68 189 68 189
607 158 68 189
607 158 68 5 68 189 68 5
607 158 108
607 158 68 607 158 68 607 158 68 607 158 68 189 68 189 68 189
85
607 158 68 607 158 68 607 158 68 607 158 68 607 158 68 5 68 5 68 5 68 5 68 607 158 68 397 68 397 68 397 68 607 158 68 607 158 108 68 5 189 68 607 158 149
607 158 68 607 158 68 5 68 5 68 5 68 5 68 5
607 158 68 607 158 68 189 68 5 68 189 68 189 68 189
607 158 68 607 158 68 607 158 68 5 68 189 68 189 68 189
607 158 68 607 158 68 189 68 5 68 189
607 158 68 607 158 68 189 68 5 68 189 68 189 68 189
607 158 68 607 158 68 607 158 68 607 158 68 189 68 189 68 189 68 189 68 5 68 189 68 189 68 189 68 189 68 189 68 189 68 189 68 189 68 189 68 5 189 68 607 158 149
607 158
607 158 68 189 68 189
607 158 68 607 158 68 607 158 68 607 158 68 189 68 189 68 189 68 189 68 5
607 158
607 158 68 607 158 68 607 158 68 5 68 5 68 189 68 5
607 158 68 607 158 68 607 158 68 5 68 189 68 189 68 189
607 158
607 158 68 607 158 68 189 68 5 68 189
85
607
607 158 68 607 158 68 189 68 5 68 5 68 189
607 158 68 607 158 68 607 158 68 607 158 68 607 158 68 189 68 189 68 5 68 5 68 607 158 68 397 68 607 158 68 607 158 68 607 158 68 189 68 607 158 108 68 607 158 108 68 607 158 108 68 607 158 108 68 607 158 108 68 607 158 108 68 607 158 108 68 607 158 108 68 607 158 108 68 607 158 359 68 607 158 68 607 158 68 607 158 68 607 158 68 607 158 68 607
607 158
607 158 108
607 158 68 189 68 189
607 158 68 607 158 68 607 158 68 607 158 68 189 68 189 68 189 68 189
607 158 68 607 158 68 607 158 68 5 68 189 68 189 68 189
607 158 68 607 158 68 607 158 68 607 158 68 607 158 68 189 68 189 68 189 68 5 68 189 68 189 68 189 68 189 68 189 68 607 158 108 68 189 68 189 68 607 158 149 68 607 158 108 68 189 68 607 158 108 68 607 158 149 68 607 158 108 68 607 158 108 68 607 158 108 68 607 158 108 68 607 158 359 68 607 158 68 607 158 68 607 158 68 607 158 68 607 158 68 607
85
607 158 68 607 158 68 189 68 5 68 5 68 189
607 158 68 607 158 68 607 158 68 607 158 68 607 158 68 189 68 189 68 189 68 5 68 189 68 189 68 189 68 607 158
607 158 68 189 68 189
607 158 68 607 158 68 607 158 68 5 68 607 158 68 5 68 5 68 5 68 5 68 5 68 189 68 397 68 397 68 397 68 397 68 5
607 158 108
607 158 68 189 68 189
607 158
607 158
607 158 68 607 158 68 607 158 68 5 68 189 68 189 68 189
85
607 158 68 189
607 158 68 607 158 68 189 68 607 158 68 189 68 189 68 189
607 158 68 607 158 68 607 158 68 607 158 68 189 68 189 68 189
607 158 68 607 158 68 607 158 68 607 158 68 607 158 68 5 68 5 68 5 68 5 68 607 158 68 397 68 397 68 397 68 397 68 5 68 189
607 158 68 607 158 68 607 158 68 5 68 189 68 189
189
607 158 68 607 158 68 607 158 68 607 158 68 607 158 68 5 68 5 68 5 68 5 68 607 158 68 397 68 397 68 397 68 607 158 68 607 158 68 397 68 5 189 68 607 158 149
607 158 68 607 158 68 607 158 68 607 158 68 189 68 189
607 158 68 607 158 68 607 158 68 5 68 5 68 189 68 5 68 5
607 158 68 607 158 68 189 68 189 68 189 68 189
607 158 68 5
607 158 68 607 158 68 607 158 68 607 158 68 189 68 189
607 158 68 607 158 68 607 158 68 607 158 68 189 68 189 68 189
607 158 68 607 158 68 607 158 68 607 158 68 607 158 68 189 68 189 68 5 68 5 68 189 68 189 68 397 68 607 158 68 607 158 68 607 158
607 158 68 607 158 68 607 158 68 607 158 68 189 68 189 68 189 68 189 68 5
607 158
607 158 68 189 68 189 68 189 68 189
85 359
607 158 68 607 158 68 607 158 68 607 158 68 607 158 68 5 68 189 68 5 68 5 68 607 158 68 397 68 397 68 397 68 397 68 607 158
607 158 68 607 158 68 189 68 5 68 189
607 158
607 158
607 158 68 607 158 68 189 68 5 68 189
189
607 158 68 607 158 68 607 158 68 607 158 68 189 68 189 68 189
607 158 68 607 158 68 607 158 68 607 158 68 189 68 189 68 189
607 158 68 607 158 68 607 158 68 607 158 68 5 68 5 68 5
607 158 68 189 68 189
261
607 158 68 607 158 68 5
607 158 68 607 158 68 607 158 68 607 158 68 189 68 189 68 189
607 158 68 607 158 68 189 68 189 68 189 68 189 68 189
261
607 158 68 189 68 189
607 158
607 158 68 607 158 68 189 68 5 68 5 68 189
607 158
85
607 158 68 607 158 68 607 158 68 607 158 68 189 68 189 68 189
607 158 68 607 158 68 607 158 68 607 158 68 189 68 189 68 189 68 189
85
607 158 68 607 158 68 607 158 68 607 158 68 189 68 189 68 189 68 189 68 5 68 189 68 189 68 189 68 5 68 189 68 189 68 607 158 108 68 189 68 5 189 68 607 158 149
607 158 68 607 158 68 607 158 68 607 158 68 189 68 189 68 189 68 189
607 158 68 607 158 68 5 68 5 68 5 68 189
607 158 68 189 68 189 68 189
607 158 68 189 68 189
607
607 158 68 607 158 68 607 158 68 5 68 5 68 397 68 5
607 158
607 158 68 607 158 68 189 68 5 68 5 68 189
85
607 158 68 607 158 68 607 158 68 607 158 68 607 158 68 189 68 189 68 5 68 5 68 189 68 189 68 397 68 607 158 68 607 158 68 607 158 108 68 607 158 108 68 607 158 68 607 158 68 189 68 607 158 108 68 607 158 108 68 607 158 108 68 607 158 108 68 607 158 108 68 607 158 108 68 607 158 359 68 607 158 68 607 158 68 607 158 68 607 158 68 607 158 68 607
607 158 68 189 68 189
607 158 68 607 158 68 607 158 68 607 158 68 189 68 189 68 189
607 158 68 607 158 68 607 158 68 607 158 68 189 68 189 68 189 68 189 68 5 68 5 68 189 68 189 68 5 68 5 189 68 5 68 189 68 189 68 5 189 68 607 158 149
607 158 68 189
607 158 68 607 158 68 607 158 68 607 158 68 189 68 189 68 189 68 189 68 5 68 5 68 189 68 189 68 189
607 158 68 607 158 68 607 158 68 5 68 5 68 189 68 5 68 5
607 158 68 607 158 68 607 158 68 607 158 68 607 158 68 5 68 5 68 5 68 5 68 607 158 68 397 68 397 68 397 68 607 158 68 607 158 108 68 607 158 108 68 607 158 68 607 158 68 607 158 108 68 607 158 149 68 607 158 68 607 158 108 68 607 158 68 607 158 108 68 607 158 108 68 607 158 108 68 607 158 68 607 158 68 607 158 68 607 158 68 607 158 68 607
607 158 68 607 158 68 607 158 68 607 158 68 189 68 189
607 158 68 189
607 158 68 607 158 68 607 158 68 5 68 189 68 189 68 189
607 158 68 189 68 189 68 189
85
607 158 68 189 68 189
607 158 68 607 158 68 189 68 5 68 189
607 158 68 607 158 68 189 68 5 68 189 68 189
607 158 68 189 68 189
607 158 68 607 158 68 607 158 68 607 158 68 189 68 189 68 189 68 189 68 5
607 158
607 158 68 607 158 68 189 68 5 68 189
607 158 68 607 158 68 189 68 5 68 189 68 189 68 189
607 158 68 607 158 68 5 68 5 68 5 68 5
607 158
607 158
607 158 68 607 158 68 607 158 68 607 158 68 607 158 68 5 68 5 68 5 68 5 68 607 158 68 397 68 397 68 397 68 397 68 5
607 158 68 607 158 68 189
607 158 68 5 68 5
607 158 68 607 158 68 189 68 5 68 189 68 189 68 189
607 158 68 607 158 68 607 158 68 607 158 68 607 158 68 189 68 189 68 5 68 5 68 189 68 189 68 397 68 397 68 397 68 607 158 108 68 189 68 5 189 68 607 158 149 68 607 158 108 68 607 158 108 68 607 158 149
607 158 68 607 158 68 607 158 68 607 158 68 189 68 189 68 189 68 189 68 5 68 5 68 189 68 189 68 189 68 189 68 189
607 158
607 158 68 607 158 68 607 158 68 607 158 68 607 158 68 5 68 189 68 5 68 5 68 607 158 68 397 68 607 158 68 607 158 68 607 158 68 189 68 607 158 108 68 607 158 68 607 158 68 607 158 108 68 607 158 149 68 607 158 68 607 158 108 68 607 158 68 607 158 68 607 158 108 68 607 158 108 68 607 158 68 607 158 68 607 158 68 607 158 68 607 158 68 607
607 158 68 189 68 189
607 158
607 158 68 189 68 189
607 158 68 5 68 5
607 158 68 607 158 68 607 158 68 607 158 68 189 68 189 68 189
607 158 68 607 158 68 5 68 5 68 5
607 158 68 5 68 189 68 5
607 158
607 158
607 158 68 607 158 68 607 158 68 607 158 68 189 68 189 68 189
85
607 158 68 607 158 68 607 158 68 607 158 68 607 158 68 5 68 5 68 5 68 5 68 607 158 68 397 68 607 158 68 607 158 68 607 158 68 607 158 68 607 158 149 68 607 158 68 607 158 68 607 158 108 68 607 158 149 68 607 158 68 607 158 108 68 607 158 68 607 158 68 607 158 108 68 607 158 68 607 158 68 607 158 68 607 158 68 607 158 68 607
607 158 108
607 158 68 5 68 5
607 158 68 607 158 68 607 158 68 607 158 68 189 68 189 68 189 68 189 68 5 68 5 68 189 68 189
189
607 158 68 189 68 189
607 158 68 607 158 68 189 68 607 158 68 189 68 189 68 189 68 189
607 158 68 607 158 68 607 158 68 5 68 189 68 189 68 189
607 158 68 607 158 68 607 158 68 607 158 68 189 68 189 68 189
607 158 68 607 158 68 607 158 68 607 158 68 189 68 189 68 189 68 189 68 5 68 189 68 189 68 189 68 189 68 189 68 189 149
607 158 68 607 158 68 607 158 68 607 158 68 189 68 189 68 189 68 189 68 5
607 158 68 607 158 68 607 158 68 5 68 189 68 189 68 189
607 158 68 189 68 189
607 158 68 189 68 189 68 189
607 158 68 607 158 68 189 68 5
261
607 158 68 607 158 68 5 68 5 68 5 68 189 68 189
607 158 68 607 158 68 607 158 68 607 158 68 189 68 189 68 189 68 189 68 5
607 158
607 158 68 189 68 189
607 158 68 607 158 68 189 68 607 158 68 189 68 189 68 189
607 158 68 607 158 68 5 68 5 68 5 68 189
261
607 158 68 189 68 189 68 189
607 158 68 607 158 68 607 158 68 607 158 68 607 158 68 5 68 5 68 5 68 5 68 607 158 68 397 68 5
607 158 68 607 158 68 189 68 189 68 189 68 189 68 189
607 158 68 607 158 68 189 68 5 68 5 68 189
607 158 68 189 68 189 68 189
607 158
607 158 68 607 158 68 607 158 68 607 158 68 607 158 68 189 68 189 68 189 68 5 68 189 68 189 68 397 68 189 68 189 68 607 158 108
607 158 68 607 158 68 607 158 68 607 158 68 189 68 189 68 189 68 189 68 189
607 158 68 607 158 68 189 68 5
607 158 68 189 68 189
607 158 68 607 158 68 607 158 68 607 158 68 189 68 189 68 189
607 158 68 607 158 68 189 68 189 68 189 68 189
607 158 68 607 158 68 607 158 68 607 158 68 189 68 189 68 189
607 158 68 607 158 68 607 158 68 607 158 68 189 68 189 68 189
607 158
85
607 158
607 158 68 607 158 68 5 68 5 68 5
607 158 68 607 158 68 189 68 189 68 189
607 158 68 607 158 68 607 158 68 607 158 68 189 68 189 68 189 68 189 68 5 68 189 68 189 68 189 68 189 68 189 68 189 68 189
85
607 158 68 189 68 189
607 158 68 189 68 189 68 189
85
607 158 68 607 158 68 189 68 5 68 5 68 189
85
607 158 108
607 158 68 607 158 68 189 68 5 68 189 68 189 68 189
607 158 68 607 158 68 189 68 5 68 189 68 189 68 189
607 158 68 607 158 68 5 68 5 68 5 68 189
607 158 68 607 158 68 5 68 5
85
607 158 68 607 158 68 607 158 68 5 68 189 68 189
85
607 158 108
607 158 68 607 158 68 189 68 5 68 5
607 158 68 607 158 68 607 158 68 607 158 68 189 68 189 68 189 68 189 68 5 68 607 158 68 189 68 189 68 189 68 189 68 607 158 149
607 158 68 607 158 68 607 158 68 5 68 5 68 397 68 5 68 189
607 158 68 189 68 189
607 158 68 607 158 68 607 158 68 607 158 68 189 68 189 68 189
607 158 68 607 158 68 189 68 5 68 189
607 158 68 607 158 68 607 158 68 5 68 5 68 5 68 5
607 158 68 607 158 68 5 68 5 68 5 68 5 68 5
607 158 68 5
607 158 68 189 68 189
607 158
607 158 68 607 158 68 607 158 68 607 158 68 5 68 5 68 5 68 5
607 158 68 189 68 189
607 158 68 607 158 68 607 158 68 607 158 68 189 68 189 68 189 68 189 68 5 68 5 68 189 68 189 68 5 189
607 158 68 189 68 189
607 158 68 607 158 68 607 158 68 607 158 68 189 68 189 68 189 68 189
607 158 68 189 68 189
607 158 68 189 68 189 85
607 158 68 607 158 68 5 68 5 68 5 68 189 68 189
607 158 68 189 68 189
607 158
607 158 68 607 158 68 607 158 68 607 158 68 189 68 189 68 189 68 189 68 189
607 158 68 607 158 68 5 68 5 68 5
607 158 68 607 158 68 607 158 68 607 158 68 189 68 189 68 189 68 189
607 158
607 158 68 607 158 68 5 68 5 68 5
607 158 68 607 158 68 607 158 68 607 158 68 189 68 189 68 189 68 189 68 5 68 189 68 189 68 189 68 189 68 189 68 189
607 158 68 607 158 68 607 158 68 607 158 68 189 68 189
607 158 68 607 158 68 607 158 68 607 158 68 189 68 189 68 189
607 158 68 607 158 68 607 158 68 5 68 607 158 68 189 68 189
607 158 68 189 68 189 68 189
607 158 68 607 158 68 5 68 5
607 158 68 189 68 189
607 158 68 189
607 158 68 189 68 189
607 158 68 607 158 68 5 68 5 68 5 68 189
607 158 68 607 158 68 607 158 68 607 158 68 607 158 68 5 68 5 68 5 68 5 68 607 158 68 397 68 397 68 397 68 397 68 5 68 607 158 108
189
607 158 68 189 68 189
607 158
607 158 68 607 158 68 189 68 5 68 5 68 189
85
607 158 68 607 158 68 189 68 5 68 189 68 189 68 189
607 158
607 158 68 607 158 68 607 158 68 607 158 68 189 68 189 68 5
607 158 68 607 158 68 607 158 68 607 158 68 189 68 189 68 189 68 189
607 158 108
607 158 108
607 158 68 607 158 68 607 158 68 607 158 68 189 68 189 68 189 68 189 68 5 68 5 68 189 68 189 68 397 68 189 149
607 158 68 607 158 68 607 158 68 607 158 68 189 68 189 68 189 68 189 68 189
607 158 68 189 68 189 68 189 68 189
607 158 68 607 158 68 189 68 5 68 5
607 158 68 607 158 68 607 158 68 607 158 68 189 68 189 68 189 68 189 68 5
607 158 68 607 158 68 189 68 189 68 189 68 189 68 189
607
607 158 68 607 158 68 607 158 68 607 158 68 189 68 189 68 5 68 189
607 158 68 607 158 68 607 158 68 607 158 68 607 158 68 5 68 189 68 5 68 5 68 607 158 68 397 68 397 68 607 158 149
607 158 68 607 158 68 189 68 5 68 5
607 158 68 607 158 68 189 68 5 68 189
607 158 68 607 158 68 607 158 68 607 158 68 189 68 189 68 189
607 158 68 607 158 68 607 158 68 607 158 68 189 68 189 68 189 68 189 68 5 68 5 68 189 68 189 68 5
607 158 68 607 158 68 189 68 5
607 158 68 607 158 68 607 158 68 607 158 68 189 68 189 68 189 68 189 68 5 68 189 68 189 68 189 68 189 68 189 68 189
607 158 68 607 158 68 5 68 5 68 5
607 158 68 607 158 68 607 158 68 607 158 68 189 68 189 68 189 68 189 68 5 68 189 68 189 68 189 68 189 68 189 68 189 68 189
607 158 68 607 158 68 189 68 189
607 158 68 189 68 189 68 189
607 158 68 607 158 68 607 158 68 607 158 68 189 68 189 68 189 68 189 68 5 68 5 68 189 68 397 68 397 68 397 68 397 68 5 85
607 158 68 607 158 68 607 158 68 607 158 68 607 158 68 189 68 189 68 5 68 5 68 607 158 68 397 68 397 68 607 158 68 607 158 108 68 189 68 5 189 68 607 158 149
607 158 68 607 158 68 5 68 5 68 5
607 158 68 607 158 68 607 158 68 607 158 68 607 158 68 189 68 189 68 5 68 5 68 607 158 68 397 68 607 158
607 158 68 607 158 68 607 158 68 607 158 68 607 158 68 189 68 189 68 5 68 5 68 607 158 68 397 68 397 68 397 68 397 68 607 158 108
607 158 68 607 158 68 5 68 5 68 5 68 5 68 5
607 158 68 607 158 68 189 68 5 68 189
607 158 68 607 158 68 607 158 68 607 158 68 189 68 189
607 158 108
607 158 68 5 68 5
607 158 68 607 158 68 607 158 68 607 158 68 189 68 189 68 189 68 189 68 5 68 5 68 189 68 397 68 397 68 397 68 397 68 5 189
607 158 68 607 158 68 189 68 5 68 189 68 189 68 189
607 158 68 189 68 189
607 158 68 607 158 68 607 158 68 607 158 68 189 68 189 68 189 68 189 68 5 68 5 68 189 68 189
607 158 108
607 158 68 189 68 189
607 158 68 607 158 68 607 158 68 5 68 189 68 189
607 158 68 607 158 68 189 68 5
607 158 68 607 158 68 607 158 68 607 158 68 189 68 189 68 189 68 189 68 5 68 189 68 189 68 189 68 189 68 189 68 189 68 189 68 189 68 189
189
607 158 68 607 158 68 607 158 68 607 158 68 607 158 68 189 68 189 68 5 68 5 68 5 68 397 68 397 68 397 68 397 68 5 68 607 158 108
607 158 68 607 158 68 607 158 68 5 68 189 68 189 68 189
607 158 68 607 158 68 607 158 68 607 158 68 189 68 189 68 189
607 158 68 189 68 189
607 158 68 189 68 189
607 158 68 5 68 5
607 158 68 607 158 68 189 68 5 68 189
607 158 68 607 158 68 189 68 5 68 189
607 158 68 5
607 158 68 607 158 68 607 158 68 607 158 68 189 68 189 68 189 68 189 68 189
607 158 68 607 158 68 607 158 68 607 158 68 189 68 189 68 189
607 158
607 158 108
607 158 68 607 158 68 189 68 5
607 158 68 189
607 158 68 189 68 189
607 158 68 607 158 68 189 68 5 68 5 68 189 68 189
607
607 158
607 158 68 189
607 158 68 607 158 68 189 68 189 68 189
607 158 68 189 68 189
607 158 68 189 68 189
261
607 158 68 607 68 607 158 68 5 68 607 158 68 189 68 189
607 158 68 607 158 68 607 158 68 607 158 68 607 158 68 189 68 189 68 189 68 5 68 189 68 189 68 189 68 189 68 189 68 189 68 189 68 189 68 189 68 607 158 149
607 158 68 607 158 68 607 158 68 607 158 68 189 68 189 68 189 68 189 68 189
607 158
607 158
607 158
607 158 68 607 158 68 607 158 68 607 158 68 189 68 189 68 189 68 189 68 5 68 189 68 189 68 189 68 189 68 189 68 189 68 189
607 158 68 189 68 189
607 158 68 607 158 68 607 158 68 607 158 68 189 68 189 68 189 68 189 68 189 68 189 68 189 68 189 68 189 68 189 68 189 68 189
607 158 68 189 68 189 68 5
607 158 68 607 158 68 5 68 5
607 158 68 607 158 68 607 158 68 607 158 68 189 68 189 68 189 68 189 68 189 68 189 68 189 68 189 68 189 68 189 68 189 68 189
607 158 68 189 68 189
607 158 68 607 158 68 607 158 68 607 158 68 189 68 189 68 189 68 189 68 5 68 5 68 189 68 189 68 5
607 158 68 607 158 68 607 158 68 607 158 68 189 68 189 68 5
607 158 68 189 68 189 68 189
607 158
607 158 68 607 158 68 189 68 5 68 5
607 158
607 158 108
261
607 158 108
607 158 68 189 68 189
607 158 68 607 158 68 607 158 68 607 158 68 189 68 189 68 189 68 189 68 5 68 189 68 189 68 189 68 189 68 189 68 189 68 189
607 158 68 607 158 68 5 68 5 68 5 68 189
607 158
607 158 68 607 158 68 189 68 5 68 189 68 189
607 158 68 607 158 68 5 68 5 68 5 68 5 68 5
607 158 68 189 68 189
607 158 68 189 68 189 68 189 68 189
607 158
607 158 68 607 158 68 189 68 5
607 158 108
607 158 68 607 158 68 607 158 68 5 68 189 68 189 68 189
607 158 68 189 68 189
607 158 68 607 158 68 5 68 5 68 5 68 189 68 189
607 158 68 5 68 189
607 158 68 607 158 68 5 68 5 68 5 68 189
607 158 68 607 158 68 607 158 68 607 158 68 189 68 5 68 5 68 5 68 5 68 5 68 189 68 397 68 5
607 158
607 158 68 607 158 68 189 68 5 68 189 68 189 68 189
607 158 68 189 68 189
607 158 68 607 158 68 607 158 68 607 158 68 189 68 189 68 189
607 158 68 607 158 68 607 158 68 607 158 68 189 68 189 68 189 68 189
607 158 68 189 68 189 68 189
85
607 158 108
607 158 68 189 68 189
607 158 68 189 68 189
607 158 68 607 158 68 607 158 68 5 68 607 158 68 189
607 158 68 189 68 189
607 158 68 607 158 68 607 158 68 607 158 68 189 68 189 68 5
607 158 68 607 158 68 5 68 5 68 5 68 5
607 158 68 607 158 68 607 158 68 607 158 68 189 68 189 68 189 68 189 68 5 68 5 68 189 68 189 68 5
607 158 68 189 68 189
607 158 68 189 68 189 68 189
607 158 68 607 158 68 607 158 68 607 158 68 189 68 189 68 5 68 189
607 158
607 158 68 607 158 68 607 158 68 607 158 68 189 68 189 68 189 68 189
607 158 108
607 158 68 607 158 68 189 68 5 68 189
607 158 68 189
607
607 158 68 607 158 68 189 68 5 68 607 158 108 68 189 68 189
607 158 68 189 68 189
607 158 68 607 158 68 607 158 68 607 158 68 189 68 189 68 189
607 158 68 607 158 68 607 158 68 5 68 189 68 189 68 189
607 158 68 607 158 68 607 158 68 607 158 68 189 68 189 68 189
607 158 108
607 158 108
607 158 68 607 158 68 5 68 5 68 5
607 158 68 607 158 68 607 158 68 607 158 68 189 68 189 68 189
607
607 158 68 607 158 68 5 68 5 68 5
607 158 68 607 158 68 189 68 189 68 189
607 158 68 189 68 189
607 158 68 607 158 68 189 68 5 68 189 68 189
607 158 68 607 158 68 607 158 68 607 158 68 189 68 189 68 189
607 158 108
607 158 68 189 68 189
85
607 158 68 607 158 68 5 68 5
607 158
607 158 68 607 158 68 607 158 68 607 158 68 189 68 189 68 189
85
607 158 68 607 158 108 68 189 68 189
607 158 68 189 68 189
607 158 68 607 158 68 607 158 68 607 158 68 189 68 189 68 189
607 158 68 189 68 189
607 158 68 189
607 158 68 189 68 189
607 158 68 189 68 189
607 158 68 607 158 68 607 158 68 607 158 68 189 68 189
607 158 68 607 158 68 607 158 68 607 158 68 189 68 189 68 189 68 189 68 5 68 5 68 189 68 397 68 5 68 189 68 5 68 5
261
607 158
607 158 108
261
607 158 68 607 158 68 189 68 189 68 189
607 158 68 607 158 68 189 68 5 68 189 68 189
607 158 68 607 158 68 607 158 68 5 68 189 68 189
607 158 68 607 158 68 607 158 68 5 68 5 68 189 68 5
607 158 68 607 158 68 607 158 68 607 158 68 607 158 68 189 68 189 68 5 68 5 68 607 158 68 397 68 397 68 607 158 149
261
607 158 68 607 158 68 607 158 68 607 158 68 189 68 189 68 189 68 189
607 158 108
607 158 68 607 158 68 607 158 68 607 158 68 189 68 189 68 189
607 158 68 607 158 68 607 158 68 607 158 68 189 68 189 68 189 68 189
607 158 68 607 158 68 607 158 68 607 158 68 189 68 189 68 189 68 189 68 5 68 607 158 68 189 68 189 68 189 68 189 68 189
607 158 68 607 158 68 189 68 5 68 5 68 189
607 158
607 158
85 359
607 158 68 607 158 68 607 158 68 607 158 68 189 68 189 68 189 68 189
607 158 108
607 158 68 607 158 68 189 68 5
607 158 68 5 68 189
607 158 68 607 158 68 607 158 68 607 158 68 607 158 68 189 68 189 68 189 68 189 68 189 68 189 68 189 68 189 68 189 68 189 68 189 68 189 68 189 68 607 158 149
607 158 68 607 158 68 607 158 68 607 158 68 189 68 189 68 189
607 158 68 607 158 68 607 158 68 607 158 68 189 68 189 68 189 68 189
607 158 68 607 158 68 189 68 5 68 189 68 189 68 189
85
607 158 68 607 158 68 5 68 5 68 5 68 5 68 5
607 158
607 158 68 607 158 68 607 158 68 607 158 68 189 68 189
607 158
607 158 68 189 68 189
607 158 68 607 158 68 607 158 68 607 158 68 189 68 189 68 189 68 189 68 189
607 158 68 607 158 68 607 158 68 607 158 68 607 158 68 189 68 189 68 5 68 5 68 189 68 189 68 397 68 397 68 397 68 5 68 189 68 189 68 5 189 68 607 158 149
607 158 68 189 68 189
607 158 68 5 68 5
607 158 68 607 158 68 607 158 68 5 68 189 68 189 68 189
607 158 108
261
607 158 68 607 158 68 189 68 5 68 5
607 158 68 607 158 68 189 68 5
261
607 158 68 607 158 68 189 68 189 68 189 68 189 68 189
607 158 68 607 158 68 607 158 68 607 158 68 189 68 189 68 189 68 189 68 5 68 5 68 189 68 397 68 5 68 397 68 5 189
607 158
607 158 68 607 158 68 607 158 68 607 158 68 189 68 189 68 189
261
607 158 68 5 68 189
607 158 68 607 158 68 607 158 68 607 158 68 189 68 189 68 189
607 158 68 607 158 68 189 68 189 68 189 68 189
607 158 68 607 158 68 607 158 68 607 158 68 189 68 189 68 189 68 189
607 158 68 607 158 68 607 158 68 607 158 68 607 158 68 189 68 189 68 5 68 5 68 189 68 189 68 397 68 189 68 397 68 607 158 149
607 158 68 607 158 68 607 158 68 607 158 68 189 68 189 68 189
261
607 158 68 607 158 68 607 158 68 607 158 68 189 68 189 68 189 68 189
607 158
607 158 68 607 158 68 189 68 5
607 158 68 607 158 68 607 158 68 607 158 68 607 158 68 189 68 189 68 5 68 5 68 5 68 189 68 397 68 5 68 397 68 5 68 5 68 189
607 158 68 607 158 68 607 158 68 607 158 68 189 68 189
607 158 68 189
607 158 108
607 158 68 189
607 158 68 607 158 68 607 158 68 607 158 68 607 158 68 5 68 189 68 5 68 5 68 607 158 68 397 68 397 68 397 68 397 68 607 158 149
607 158 68 5 68 189
607 158 68 5 68 5
607 158 68 607 158 68 397 68 5 68 5 68 189 68 189
607 158 68 607 158 68 607 158 68 607 158 68 189 68 189 68 189 68 189 68 189 68 189 68 189 68 189 68 189 68 189 68 189 68 189 68 189 68 189
607 158 108
607 158 68 607 158 68 607 158 68 607 158 68 189 68 189 68 189
607 158 68 607 158 68 607 158 68 607 158 68 189 68 189 68 189 68 189
607 158 68 189 68 189 68 189 68 189 68 189
607
607 158 68 607 158 68 607 158 68 5 68 189 68 189
607 158 68 607 158 68 607 158 68 607 158 68 189 68 189 68 189 68 189 68 5
607 158 68 5
607 158 68 607 158 68 607 158 68 607 158 68 189 68 189 68 189 68 189 68 5
85
607 158 68 607 158 68 607 158 68 607 158 68 189 68 189 68 189 68 189
607 158 68 607 158 68 5
607 158 68 607 158 68 5 68 5 68 5
607 158 68 607 158 68 607 158 68 607 158 68 189 68 189 68 189
607 158 68 607 158 68 607 158 68 607 158 68 189 68 189 68 189 68 189 68 189 68 189 68 189 68 189 68 189
