527 68 405 68 517 68 19 85 68 354
607 158 68 577 68 81 68 124
64 211
283
5 189 68 51 86
258 68 607 158 68 607 158 68 211 68 211 471 211
189 68 347 501 68 189 68 331 487 359
5 189 68 19 85
261 86 68 517
569 108 68 170 68 607 158 68 79 158 68 241 68 64 211 108
503 158 108 68 189 68 503 189 68 170 108 68 550 158
43 158 68 288 68 446 68 240 68 64 211 108 68 607 158 68 64 211 108
339 68 339 68 397
389 339 68 347 501
43 158 199
651 123 68 253 68 241 68 241 68 79 158 108 68 189 68 158 108
503 158 68 607 158 68 81 68 135 211
405 85 68 550 487 359
189 68 5 68 54 86 68 607 158 68 211 189 211 189
447 158 85 359 149
197 149 389 158 108 68 397 68 64
197 85 359
85 359 359 359
189 68 394 68 189 266 158 108 68 241 68 19 85 68 405 85 68 85 68 158 118
564 68 19 68 136 479 68 517 68 241 68 569 68 19 85
405 85
43 158 68 189 68 577 68 19 85 68 430 199 68 405 85 359 68 405 85
607 158 68 405 85 359 389 158 189 68 447 158 68 64 211 68 64 211
64 211 68 607 158 68 397 68 607 158 68 527 68 607 158 68 81 68 607 158 68 397 68 397 68 397 68 397 68 397 68 397 68 64 211 68 389 158 118
607 158 68 240 68 158 108 68 295 178
4 64 211
283 68 5 68 158 108 68 406 158 118 68 430 149 68 550 158 118
607 158 68 415 211 68 389 85
283 68 19 85 359 68 158 108
261 86 68 81 68 397 68 550 158 108 68 339 68 5 189
43 158 68 81 68 189 68 70 158 359 68 19 85 68 64 211 108
607 155 68 43 158 68 43 158 68 611 74
503 158 108 68 189 68 347 158 359
405 68 629 68 640
642 211 108 68 85 359 68 64 211
607 158 68 197 86 85 68 617 68 189 68 405 68 189 68 189 68 189 68 617 149
503 158 108 68 158 108 68 370 68 189 68 629
276 85 68 5 68 607 158 68 19 85 68 550 501 68 397 68 550 501 68 550 158
158 108 68 569 68 85 4 240 211 108 68 43 158 68 19 85 359
43 155 68 5 189 68 189
550 158 108 68 81 68 569 68 19 85 68 19 85 68 331
189 68 64 211 68 617 68 189 68 430 68 405 68 405 108
283 68 261 86 68 124 68 617
5
339 551
569
405 149
321 189 68 87 449 68 635 149 68 85 359
552 85 359 68 136 479 85 359
43 86 68 81 68 405 68 405 68 607 158 68 405
607 155 68 5 68 431 68 295 623
261 86 68 517
197 85
5 68 258 68 85 4 189 68 517 68 517 149 68 43 158 108 68 19 85
607 158 68 43 158 68 201 258 68 189 451
197 85
261 86 68 124 68 5 68 397 68 240 550 158 108 68 241 68 241 68 241 68 241 430
19 163 68 347 501 68 79 158 108 68 79 158 118
189 68 607 158 68 607 158 68 81
607 158 68 85 359 389 158 108 68 339 68 189 68 189
527
359 389 240 211 68 569 108
189 389 158 299 68 430 108 68 158 108
607 158 68 550 501 68 593 163 68 189 68 347 501
85 4 189 108 68 517 299 68 517 85 359
276 85 68 64 211 108 68 517 82
607 158 189 211 543 211 189
43 158 68 81 68 517 85
189 68 241 68 189 68 417 68 213
5 189
503 189 68 527 68 607 158 68 70 189
611 51 85 359 389 158 118 68 189 68 64 211 108 68 64 211 108 68 64 211 108
446 85
79 158 108
85 577 108 68 240 550 158 108
64 211 68 430 68 339 68 211 68 517 68 517
197 86
189 68 607 158 68 397 68 124 68 503 189
43 86 163 68 405 68 543 68 517
569 68 252 155 149
339 68 339 68 79 222 149
607 158
607 158 68 197 86 85 68 87 68 406 158 118 68 43 158 68 64 211 108
153 189
54 86 68 5 189
321 247 85
64 211 68 550 430 68 397 68 397 68 569 68 70 158
611 74 551
86 163 68 617 68 189 68 189 68 5 68 241 68 241 68 241 68 241 68 241 68 241 68 241
261 86 68 253 68 569 68 19 85 68 397 68 241
43 158 68 347 501 68 339 68 79 158 108 68 569 68 19 85
240 299 68 19 85 68 261 149
321 189 68 611 189 68 611 189 68 397 68 569 68 569 68 70 158 108
283 68 607 158 68 607 158 68 389 339
43 158 118
43 158 68 501 68 577 68 189 68 331 430 199 68 43 158 68 4 189 68 158 108
405 415
5 189 68 405 199
607 158 68 189 68 527 68 527 359 68 85 359
569 108 68 170 68 607 158 68 79 158 68 241 68 64 211 108
569 68 240 211 108 68 189 68 189 211 199
189 406 158 108 68 189 211 189
651 123 68 430 68 517 85 359
85 359 389 158 108 68 158 108 68 19 85 359
240 211 108
189 68 607 158 68 577 68 405 68 64 211 108 68 189 68 405 85 359 68 617 149
283 68 245 449 68 5 68 370 68 339
241 359
607 158 68 81 68 397 68 607 158 68 550 501 68 189 68 389 158 108
321 68 607 158 68 253 68 189 68 405 199
189 68 607 158 68 397 68 261 86 68 261 86 85
607 158 68 617 68 397 68 397 68 189 68 19 85 68 85 68 85 68 85 68 189 68 85 359
261 86 68 197 86 68 569 68 359
430 85 359
405 85 359
5 189
503 158 108 68 158 108 68 370 68 397 68 397 68 397 68 331 487 359
359 51 118 359
189 68 153 189 68 5 189 68 170 108
189 68 64 211 68 189 68 170 152 68 253 68 189 68 189 68 189
85 359 70 158
276 85 68 189 68 19 85 359
70 158 108
261 86 68 158 108 68 370 68 5 189 68 189
607 158 68 64 550 158 108
276 85 359
397 68 19 85 359
570 389 85 4 189
64 211 68 430 68 241 68 569 108
347 158 108 68 430 68 397 68 397 68 527 359 68 607 158 68 189
607 158 68 5 68 564
261 86 68 43 158 68 81 68 189 68 70 158
405 85
593 163 68 397 68 569 68 446 68 446 82
550 430 68 527 359
261 86 68 607 158 68 189 68 347 501 68 189 68 85 359
283 68 158 108 68 397 68 397 68 642 211
87 449 68 43 158 68 87 68 19 85 68 593 89 487 359 68 5 189 68 241
189 68 124 68 365 430 149 68 607 158 68 607 158 68 189 68 389 158 189
607 158 68 51 86 68 189 68 241 68 158 108 68 397 68 19 85 359 68 241 68 241 68 397 68 397 68 397 68 569 68 241 430 199
607 158 68 550 158 68 339
527 68 5 68 253
471 211 68 42 247
149 389 85 68 245 449
550 158 213 194 108
51 570 389 158
283 68 5 68 331 149 68 158 108 68 189 68 189
611 189 108 68 339 551 68 189 68 638 68 397 68 397 68 19 85 68 189 68 241 68 241 68 189 68 397 68 397 68 405 85 359
607 158 68 607 158 68 607 158 68 81 68 189 68 19 68 19 85 68 569 68 87
642 68 507 258 108 68 43 158 68 81 68 5 68 331 149 68 640 68 5 68 617
607 158 68 607 158 68 79 158 68 447 158 85 359
43 158 68 81 68 189
64 211 108 68 517 85 68 517
417
405 68 43 158 68 431 68 607 158
43 158 68 347 501 68 397 68 81 68 397 68 64 211 108
503 189 68 607 158 68 87 68 503 189 68 5 68 70 189
5 68 288 68 607 158 68 550 501 68 241 68 241 430 199
607 158 68 607 158 68 189 68 189 68 189 68 213
564
64 211 68 417 68 189
283 68 158 108 68 501 85 359 68 397 68 19 85 359
261 86 68 86 163
405 199
258 85 359 68 389 158 68 347 158
564 68 607 158 68 607 158 68 189 68 347 158 359
43 158 68 593 163 68 19 85 68 19 85 68 607 158 68 70 189 68 189
189 85 4 189 68 517 68 241 194 108
19 85 359
417
642 211
347 501
241 68 189 68 397 68 397 68 397 68 70 189 68 19 85
79 430
64 550 86 68 370 68 397
54 86
607 158 68 527 359 68 607 158 68 339 68 550 501
240 359 68 397 68 397
564 68 339 68 569 68 339 68 339
607 158 68 347 501 68 339
5 68 288 68 339 68 397 68 54 86 68 5 189 68 64 211 108
5 189 266 158 359
527 68 569 68 569 68 389 430 299 68 517 623 68 517
153 108 68 189 68 347 158 359
189 68 240 550 501 68 189 68 189 211 189
194 86 68 617 149
607 158 68 158 68 607 158 68 189 68 569 68 19 85
607 158 68 258 149 68 593 163 68 550 501 68 339
430 85 359
447 158 359 389 569
607 158 359 389 339
5 68 288 68 607 158 68 607 158 68 81 68 43 158 68 430 199 68 241 430 199
321 189 68 158 108
240 430 68 197
189 68 611 189 68 569 68 501 68 607 158 68 607 158 68 189 68 389 158 189 68 241 68 189 68 189
258 149 68 430 359 389 158 118
258 85 68 135 68 617 68 517 68 397 68 397
241 68 617 68 189
261 86 68 43 158 68 370 68 5 68 81
64 211 108 68 19 85 68 241 68 640 68 640 68 64 211 108
170 108 68 389 430 68 189 211 85 359
527 68 5 68 253
85 359 550 158 85
189 149
86 163 68 617 149 68 189 68 405 68 640 68 640 68 640
43 430 299 68 431 68 517 118 68 241 68 241
240 211 211 359
43 158 68 5 189
211 85 359 68 430 149 550 158 118 68 339
607 158 68 449 68 321 189 68 189 68 611 189
564
283 68 19 85 68 189 68 189 68 241 68 640 68 640
197 86 163
261 86 68 43 158 68 81 68 569 68 430 68 189 68 430
651 123 68 253 68 189 68 124
189 68 617 68 158 108 68 158 108 68 43 158 68 331
607 158 68 617 68 397 68 397 68 19 85 68 19 85 68 397 68 397 68 397 68 550 86
261 86 68 43 158 68 245 449 68 253 68 397 68 607 158 68 550 158 68 550 158
607 158 68 617 68 397 68 397 68 607 158 68 527 68 607 158 68 189 68 189 68 189 68 189 68 189 68 397 68 397 68 397 68 397 68 85
64 211 68 517 623 68 517 68 569 68 430 68 430 68 430 199 68 241 430
503 189
189 68 607 158 68 241 68 189 266 50
189 68 124 68 87 449 68 85 68 85 136 479 68 397 68 430 68 430
43 158 85 123 108 68 295 623
527 68 607 158 68 569 68 290 85 68 64 211 108
321 189 68 213 194
397 68 85 4 108
611 85 359
211 79 152
19 85 359 68 550 158 108 68 135 68 19 85 68 19 85 68 19 85 68 19 85 68 19 85 68 64 211 108
54 86 68 397 68 569 68 531 158 108 68 406 158 108
5 85 68 527 359
359 389 240 211 68 569 108
527 68 370 68 87 68 64 211 108 68 64 211 68 607 158 68 64 211 108
569 68 431 108 68 397 68 5 68 19 85 68 19 68 397 68 19 85 68 397 68 43 158 68 397 68 397 68 569 68 569 68 397 68 426 86
347 158 68 505
258 189 531 299
43 158 68 189 68 189 643
43 158 68 189 68 405 85 68 405 68 405 68 189 68 430 199 68 158 118
86 163 68 213 194 68 517 68 517 68 517
261 86 68 124
189 68 5 68 43 158 68 431 68 241 68 241 68 19 85 359 68 517 85 68 241 68 517
43 158 68 593 163 68 339 68 339 68 189 68 79 430 199
503 189 68 5 68 189 68 189 68 531 158 189
503 158 108
503 189 68 527 68 607 158 68 64 211 108 68 607 158 68 64 211 108
569 68 240 299 149 68 170 108 68 5 68 189 68 331 149
64 211 68 430 68 189 68 607 158 68 43 158 68 43 158 68 85 359 389 158 108
607 158 68 241 68 569 68 64 211
276 85 359
593 89 487
201 258 74
283 68 635 149 68 405 68 158 108 68 189 68 189 68 189 68 246 68 189
593 163
5 68 288 68 81 68 397 68 569 68 550 158 118 68 347 158 118 68 189 68 189 68 189 426 86
170 299
405 240
321 152
593 163 68 85 359 68 85 359 68 19 85 68 189 68 189 68 389 158 108 68 189 68 189 68 189 68 189
189 68 339 68 397 68 43 158 108 68 19 85 68 189 68 389 158 118 68 189
607 158 68 389 430
64 211 68 550 158 108 68 607 158 68 430 68 43 158 68 389 158 68 211 199
43 158 118
276 85 43 158 108 68 43 158 68 447 158 108
607 158 68 81 68 64 211 68 640
158 108 68 569 68 527 359 68 550 501
283 68 158 108 68 5 68 241 68 85 359 389 85 359 68 241 359 68 241 68 241 359
347 158 108 68 446 85 359
276 85 68 339 551 68 253 68 124
64 211 68 430 68 5 68 397 68 501
417 85 359
153 189 68 240 550 85
283 68 158 108 68 569 68 252 199
283 68 158 108 68 569 68 397 68 347 158 118 68 19 85 359 68 430 68 189 68 189 426 339 68 189 426 339
241 85
607 158 68 288 68 5
405
607 158 68 347 158 189
503 189 68 517 68 569 68 241 68 640 68 430 68 189 68 85 359 68 189 68 189 68 517 499 389 158 108
170 108
189 68 158 108 68 607 158 68 607 158 68 189 68 189 68 189
607 158 68 617 68 397 68 397 68 607 158 68 189 68 389 158 118 68 389 158 118 68 211 199
405 68 54 86 68 397 68 397 68 19 85 359
189 68 607 158 68 617 68 617
64 211 108 68 162 68 640 68 640 68 569 68 446 82
347 158 68 430 68 438 359 68 569 68 85 359
85 577 68 158 108 68 211 471 211
153 189 68 19 85 68 158 108 68 517 85
170 299
503 189 68 5 68 370 68 607 158 68 81 68 189 68 517
389 85 359 68 241 359
189 68 389 430 299 211 471 211
153 189 406 158 118
283 68 640 68 5 68 629 68 189 266 158 189 68 417
611 152
85 359
527 68 370 68 5 68 550 501 68 397 68 19 85 68 19 85 68 241 68 241 68 241 68 241 68 241
577 68 240 359
170 152
240 68 158 108 68 124 68 5
283 68 611 74
283 551 68 19 85 68 79 553
85 43 158 245 449 68 158 118
607 158 68 617 68 397 68 397 68 158 108 68 43 158 68 158 108
189 68 339 68 430 149 68 405 68 19 85 68 19 85 68 19 85 68 158 108
153 108 68 258 68 189 68 189 68 389 339 68 397 68 64 211 108
503 189 68 158 108 68 189 68 405 68 155 458 68 607 158 68 43 158 108
607 155 68 550 158 543 68 640
397 68 19 85 359
397 68 339 68 165 68 189
258 85 68 593 89 158 68 19 85 68 347 501 68 397 68 189 68 189 68 189 68 189 68 189 68 397 68 397 68 569 68 397
189 68 430 68 430 299 68 5 189 68 5 189
550 339
283 68 607 158 68 253 68 397 68 241 68 241 430 149
85 4 240 211 406 158 118
241 85 359 68 339 68 397
5 68 431 68 19 85 68 638 68 569 68 19 85 68 19 85 68 19 85 68 19 85 68 19 85 68 569 68 569 68 569 68 19 85 359
405 85 68 79 158 108
651 123 68 79 430 68 240 68 241 68 241 68 241
189 68 531 158 118 68 339 68 339
321 240
276 85 68 158 108 68 638 68 397 68 5 189 68 397 68 261 86 68 261 86
288 68 607 158 68 406 158 68 517
405 415
405 240
347 158 68 85 359 68 430 68 550 339 68 550 501
447 158
569 68 81
86 163 68 617 68 189 68 397 68 241 68 640 68 640 68 640 68 241 68 241 68 640
405 68 430 68 430 359
607 158 68 527 359 68 607 158 68 241 68 241 68 170
607 158 68 617 68 397 68 241 68 241 68 19 85 359 68 19 85 359 68 19 85
339 551
189 68 339 68 158 108 68 19 85 68 569
527 68 569 108 68 397 68 397 68 170 299
258 85 359
397 415 569 108
258 108 68 54 86 68 607 158 68 5
51 86 68 550 501 85
189 68 651 123 108 68 405 108 68 79 158 108
261 86 68 253 68 397 68 189 68 607 50 68 5 189 68 617
527 68 569 108 68 607 158 68 607 158 68 389 349 531 158 68 389 158 118 68 189 68 189 68 189 68 189 68 531 158 118
550 158 108 68 81 68 354 68 189 68 430 68 331 149
43 158 68 397 68 607 158 68 136 479
79 158 108
153 85
189 68 370 68 81 68 5 68 189 68 189 68 501 85 359 68 331
189 68 430 359
593 163
158 108 68 569 68 158 108 68 19 85 68 241 68 241 68 241 430 68 241 68 241 430 199
189 68 607 158 68 607 158 68 64 211 390 68 189
189 108 68 240 68 158 108 68 569 68 430 68 19 85 68 19 85 68 79 158 108
607 158 68 54 86 68 189 68 189 68 19 85 68 43 158 68 397 68 389 158 68 397 68 397 68 397 68 397 68 397 68 397 68 397 68 426 339
283 68 607 158 68 5 68 527 359 68 19 68 19 68 19 68 640 68 241 68 241 68 607 158 68 241 68 569 68 569 68 64 211
611 85 359
49 68 245 258 108
258 85
503 158 108 68 189 68 189 68 447 158 118 68 241 68 241
527 68 5 68 640 68 446 82
64 211 108
527 68 5 68 87 68 607 158 68 347 501 68 64 211 108
5 189 426 339
49 68 158 108 68 158 108 68 189 68 501 85 331 149
261 86 68 607 158 68 64 211
405 85 68 629
607 158 68 527
240 550 149
201 258 68 527 68 189 68 85 359 68 569 68 569 68 64 211 108
43 155 68 5 189 68 189
87 449 68 550 501 68 569 68 501 85 359
607 158 68 197 86 85 68 617 68 607 158 68 397 68 607 158 68 189 68 189 68 331
430 299 211
527 68 569 108 68 430 68 79 430 68 607 158 68 189 68 189 68 430 68 241 194 108 68 189 68 189 68 241 430 299
85 359 70 158
189 85 359 389 158 118 68 211 199
389 349 531 149
240 194 108 68 430 68 158 108 68 550 158 189
241 68 446 82 68 430 149 68 246 68 189 68 153 189
5 68 253 68 569 68 569 108
417 68 517
406 430
447 189 68 651 123 68 85 68 85 68 447 158 118
51 86 68 397 68 640 68 5 68 43 158 68 43 158 68 64 211 108
607 158 68 446 82 68 189 68 365 430 359
189 68 607 158 68 607 158 68 64 211 108
51 86 85 68 76 85
607 158 68 617 68 5 68 517 68 43 158 68 431 68 397 68 611 74
569 108 68 253 68 397 68 81 68 189 68 43 158 68 5
43 158 68 81 68 517 85
527 68 569 108 68 550 158 68 211 68 79 222
86 163 68 617 68 189 68 397 68 569 68 569
503 158 108 68 64 211 68 213 194 543
447 158 118
321 68 87 68 85 4 240 68 64 211 108
43 158 108 68 189 68 54 86
607 155 68 550 158 68 607 158 68 252 199 68 19 85 68 405 199
607 158 68 240 211 68 5 68 170 108 68 5 189
43 86 163 68 405 68 517 68 517 82 152 68 607 50 68 189 68 331
189 68 607 158 68 5 68 258 82 152 68 19 85 68 19 85 68 430
261 86 68 5 68 397 68 397 68 607 158 68 527 359 68 430 199
283 68 527 68 370 68 370 68 241 68 241 68 569 68 640
397 68 430 359 550 501 68 241 430
189 68 5 68 189 68 79 158 108 68 241 68 64 211 108
607 158 68 607 158 68 241 68 447 158 68 85
124
261 86 68 527 359 68 158 108 68 5 189
283 68 158 108 68 19 85 68 446 82 68 19 85 68 85 68 85
197 86 68 70 189 68 389 158
503 189
153 189 68 527 68 527 68 330 222 108 68 189 68 189 68 189 211 85 359
241 68 446 68 189 68 213 194 108 68 569 68 85
19 85 68 607 158 68 152
276 85 68 517
503 189 68 611 68 611 189 149
253
261 86 68 124 68 5 68 397 68 339 68 405 68 405 68 64 211 108
607 158 68 617 68 397 68 607 158 68 607 158 68 5 68 85 68 607 158 68 607 158 68 5 189 68 189 68 397 68 241 68 241 68 241 68 241 68 158 68 550 158 118 68 43 158 68 43 158 68 43 158 68 43 158 68 607 158 68 5 189 68 607 158 68 607 158 68 607 158 68 607 158 68 607 158 527 359 68 607 158 68 607 158 68 607 158 68 607 479 68 607 479 68 607 158 68 607
49 68 245 449 68 295 149 68 640
5 68 527 68 288 68 550 501 68 397 68 19 85 68 19 85 68 19 85
64 211 108 68 19 85 68 240
43 158 68 593 163 68 397 68 339 68 339 68 19 489 359
283 68 607 158 68 189 68 241 68 5 68 19 85 68 19 68 430 68 397 68 607 158 68 607 158 68 397 68 397 68 397 68 397 68 426 339
550 430 68 527 359 68 4 240 68 240
426 339
189 68 197 86 85 359
19 163 68 85 68 85 379 68 446 68 517
405
593 163 68 397 68 189 550 501
339 68 550 339
261 86 68 593 89 158 108 68 19 85
43 430 199 68 406 158 68 406 158 118
593 89 158 68 81 68 189 68 189 68 331 149 68 19 85 68 569 68 569 68 331 149
158 108 68 397 68 397
43 158 68 189 68 339 68 158 108 68 43 158 68 43 158 68 158 68 158
5 68 446 68 430 299 68 405 68 405 68 43 158 68 64 211 108
593 163 68 503 158 68 503 158 68 607 158 68 607
569 68 430 68 607 158
4 240 68 430
261 86 68 43 158 68 81 68 569 68 430 199 68 64 211 108
43 158 68 577 68 577 68 397 68 347 158 118 68 607 158 68 70 158
189 643 85
261 86 68 370 68 19 85 68 370 68 339
607 158 68 550 501 68 607 158 68 607 158 68 189 68 189 68 389 158
189 68 629 68 70 158 108 68 569
43 158 68 501 68 397 68 211 471 211 68 569 68 85 359 68 43 158 118 68 189 68 189 68 189 68 397 68 397 68 569 68 531 158 118
86 163 68 288 68 261 86 68 569 68 405 68 405 68 405
201 258 68 517 85 359 68 158 108 68 569 68 446 82 152
570 389 158 189 68 405 118
359 389 85 359 389 339
339
405 85 359
607 158 68 81 68 638 68 211 108 68 189 68 430 68 43 158 68 430 68 607 158 68 607 158 68 189 68 189 68 189 68 426 339 68 426 158 68 258 82
283 68 430 68 82 68 569 68 189 266 158 118 68 64 211 108
635 189 68 640 68 397
607 158 68 81 68 189 68 189
43 158 68 81 68 607 158 68 638 68 5 189 68 241 194
593 163 68 253 68 189 68 253 359
321 189 108
43 158
43 158 438 359
283 68 607 158 68 253 359
189 68 19 163 68 550 158 543 68 405 68 405 68 397 68 430 199
607 155 68 197 86 68 370 68 370
261 86 68 43 158 68 507 258 68 607 158 68 43 158 68 81
283 68 593 163 68 158 108 68 158 108
607 158 68 550 501 68 397 68 607 158 68 241 68 241 68 241 68 241 68 241 430 199
86 163 68 347 158 359 68 339 68 550 501 68 397 68 19 85 359 68 550 158 108
517 85
406 501 68 252 155
189 85 4 189 68 517 68 241 194 108
354 68 607 68 397 68 81 68 189 266 50 68 189
49 68 211 68 447 158 68 240 550 501 68 5 189 68 617 68 331 149 68 617 68 617 68 189
503 158 108 68 158 108 68 370 68 189 68 629
593 163
43 158 68 593 89 487 68 370 68 5 68 81 68 607 158 68 389 158 68 617 68 607 158 68 189
607 158 68 617 68 607 158 68 607 158 68 321 240 68 241 68 241 68 241
517 149
189 68 158 108 68 79 158 118 68 211 251 211
406 155 108
607 158 68 431 68 19 85 68 158 108 68 607 158 68 19 68 81
283 68 136 479
158 108 68 370 68 321 247 68 241 68 241
339 68 339 68 607 158 68 240 211 108
189 68 339 68 397 68 85 4 85 359 68 569 68 569
85 64 211
258 189
43 158 68 640
201 258 68 517 85 359 68 430 68 430 359
43 19
231 240
527 68 405 68 517 68 19 85 68 354
607 158 68 197 86 85 68 397 68 501 68 189 68 189 68 331 487 359
347 501 68 339 68 339 68 397 68 19 85 359 68 569 68 569 68 569
85 4 189 108 68 189 211 189 68 79 158 118
64 211 68 430 68 607 158 68 189 68 19 85 68 64 211 108 68 64 211 108
19 68 607 158 68 189
5 68 288 68 189 68 189 68 447 158 68 321 247 85 68 640
607 158 68 240 68 241 68 642 211
189 68 607 158 68 288 68 85 447 158 118 68 405 68 405
283 68 158 108 68 607 68 5 68 43 158 68 5 189
321 247 108
503 158 108 68 158 108 68 593 89 487 68 241 68 241 68 241 68 241 68 64 211 108
569 108 68 258 68 189 68 629 68 19 85 68 19 85 68 19 85 68 158 108
607 158 68 54 86 68 397 68 397 68 5 68 321 247 68 5 68 241 68 5 68 5 189 68 397 68 397 68 241 68 241 68 241 68 295 149
405 68 552 85 359
607 158 68 527
503 158 108
339 551 68 347 158 359
501 85 136 479 68 405 397
189 68 430 68 405 299 68 569 68 19 85 359 68 550 501
642 211 68 85 359
447 158 118
189 68 64 211 68 617 68 189 68 430 68 405 68 405 108
43 158
201 258 68 54 86 108 68 397 68 19 85 68 19 85 68 569 68 19 85 68 397 68 19 85
5 68 258 68 611 51 86 68 397 68 339 68 397 68 354 68 569 68 569 68 64 211 108
607 155 68 189 68 189 68 295 149 68 607 158 68 189
241 85 359 389 85 359
503 158 108 68 5 68 81 68 517 68 189
607 158 359 389 339
189 68 339 68 569 68 430 68 607 158 68 406 158 68 189 68 189 68 189
5 189 68 494 149 68 640
607 155 68 550 158 68 81 68 189 68 405 85 68 331 487 359
283 68 5 68 593 163 68 241 68 640
5 68 370 68 81 68 158 108 68 241 68 405 241
570 299
607 158 68 197 86 85 68 19 85 68 607 158 68 397 68 85 359 68 550 158 108 68 550 158 118 68 64 211 108
189 85 299 149
189 550 501 85 359 389 158 108
611 51 415
43 158
197 86
617 68 331 487
406 158
85 299
49 68 607 158 68 19 85 68 501 85 359 68 19 85 359
64 211 108 68 81 68 189 68 446
197 86 68 85 359 389 339 68 5 68 397 68 397 68 397 68 64 211 108
503 189 68 5 68 607 158 68 81 68 397 68 19 85 359
241 85 359 389 85 359
607 158 68 617 68 158 68 158 108 68 189 68 261 86 149
607 158 68 81 68 64 211 68 640
321 189 68 152
85 406 158 118
153 108 68 607 158 68 370
503 158 108 68 550 501 68 19 85 68 19 85 68 64 211 108
231 51 86 68 283 68 158 108 68 607 68 5 68 241 68 241 68 241 68 5 189
593 163 68 431 68 431 68 431
189
19 85 68 85 152
261 86 68 517
283 68 527 68 370 68 370 68 517 68 517 623 68 43 158
5 189 85
85 359 68 240 211 108 68 240 211 108
607 158 68 397 68 64 211 68 64 211 68 5 189 68 5 189 68 36 211
430 199 68 79 158 108 68 447 158
240
347 158 68 299 68 397 68 397 68 569 68 430 299
405 299 211 108
197 86 149 68 607 158 68 189 68 79 430 199
365 152
189 68 288 68 149 550 158 149 68 405 68 405 199
447 158 85 68 64 51 108
430 199 68 611 74
550 430
64 211 68 430 68 5 68 158 108 68 339 68 501 85 359
43 158 68 593 163 68 158 108 68 19 85 68 19 85 68 19 85 68 85 68 158 108 68 189 68 189 68 241 359
405 85 4 189
43 158 359
607 158 68 189 68 189 266 50 68 611 74
79 158 406 158 68 406 158 118
43 158 68 81 68 607 158 68 607 158 68 405 68 405
51 86
43 86 163 68 517 68 517 499 68 339 68 189 68 640
43 158
283 68 5 68 577 68 339 68 397 68 397 68 569 68 397 68 136 479 68 241 68 241 68 569 68 397
43 158 211 199
5 68 288 68 19 85 68 405 241 68 517 623 68 517
447 158 118
79 430 359
197 85 359 68 430 68 87 449
503 189 68 5 68 295 149 68 64 211 108 68 153 189
347 158 68 527 359
405 570 389 430
607 158 68 617 68 397 68 189 68 189 68 365 430 68 5
527 68 527 68 331 68 189 68 397
569 68 85 4 68 406 158 108 68 189 68 354
153 108 68 189 68 347 158 359
607 158 68 607 158 68 339 68 397 68 261 149
64 211 108 68 158 108 68 79 430 359
503 189
189 68 607 158 68 389 158 189
593 89 158 68 253 68 189 68 430 68 241 68 19 85 359 68 640 68 241 194 108
5 189
5 68 81 68 81 68 405 68 405 189 68 189 266 50 68 405
43 158 68 197 86 68 607 158 68 211
651 123
64 211 108 68 339 68 241 68 241 68 640 68 569 68 640
447 158 68 81 68 635 189
405 85 68 629
79 158 108
339 551 68 253
54 86 68 397 68 569 108
43 19
258 82
405 359
607 158 68 5 68 564
5 68 288 68 527 68 331 149 68 170 152 68 430 299
253 68 5 189 68 64 51 86
550 158 85 359
85 359 51 118
64 211 108
5 189 550 158 189
283 68 339 68 430 68 158 108 68 19 68 607 158 68 43 158 68 136 479
577 68 240 68 240
149 550 158 68 503 189
593 89 158 68 577 68 189 68 189 451
607 158 68 397 68 569 108 68 295 450
54 86 68 543 68 158 108 68 607 158 68 43 158 68 405 68 607 158 68 5
569 108 68 197 86 68 405 68 365 430 68 155
79 430 199
189 85 299 211 471 211 68 189 108 68 405 189 68 417
240 51 85 4
607 158 68 507 258 68 431 68 640
642 211 68 85 359
19 163 68 241 68 189 68 189 68 189 211 189
550 339
503 189 68 5 68 19 68 19 85 68 189 68 430 199 118 68 430 199
607 158 68 54 86 68 397 68 397 68 354 68 347 501 68 397 68 397 68 397 68 331
201 258 68 405 68 54 86
189 68 19 163 68 550 158 543 68 405 68 405 68 397 68 430 199
189 43 158 118 68 211 359
189 68 339 68 397 68 397 68 397 68 347 501 85 359 68 347 158 118 68 397 68 617 68 189 68 397 68 397 68 397 68 617
447 158 85 359 68 550 158 118
430 299
197 86
321 240 211 108 68 158 108 68 19 85 359
550 86
86 163 68 288 68 569 68 569 68 19 85 68 19 85 68 19 85 68 397 68 397 68 426 86
607 68 5 189 68 397 68 261 86 68 397 68 241 68 241
51 86 163 68 550 158 543 149
5 68 527 68 607 158 68 607 158 68 81 68 19 85 68 19 85 68 331 487 359
43 158 68 593 163 68 19 85 68 569 68 19 85 68 19 85 68 569 68 241 68 241 68 569 68 397 68 569 68 569 68 569 68 531 158 118
607 158 68 51 86 68 189 68 241 68 241 430 199 68 189 68 430 199
607 158 68 397 68 577 68 347 158 359
79 155
283 68 430 359 389 158 118
261 86 68 124
507 211 199
593 89 158 68 85 359 68 19 85 68 569 68 19 85 68 19 85
43 158 68 593 163 68 430 68 638 68 5 68 241 68 64 211 108
87 449 68 517 68 517
430 68 339 68 550 501 68 397 68 339 68 19 85 68 19 85 68 19 85
321 189
85 359 389 158 108
64 211 108 68 79 158 108
43 86 68 593 163 68 189 68 365 430 68 390 569
569 108 68 253 68 397 68 241 68 241 68 241 68 189 68 517
43 158 68 189 68 339 68 158 240 550 158 68 64 211 108
261 86 68 43 158 68 507 258 68 607 158 68 43 158 68 81
569 68 430 108 68 158 108 68 431 68 431
607 158 68 194 543 68 397 68 397 68 81 68 607 158 68 70 158
43 158 68 607 158 68 607 158 68 81 68 295 149 68 430 199 68 569 68 241
503 158 108
43 158 68 81 68 607 158 68 81 68 397 68 397
651 123 68 54 86 68 124 68 189 68 507 258 149
552 85 359 68 339 68 550 339 68 397 68 241 68 241 68 430 68 241 68 241 68 253 359
389 85 359 68 430 299
527 68 607 158 68 258 108 68 240 550 158
261 86 68 517
64 211 108 68 339 68 241 68 241 68 640 68 19 85
261 86 68 124 68 165 68 607 158 68 81 68 19 85 68 43 158 68 43 158 68 43 158 68 43 158 68 397 68 64 211 543 68 43 158 68 517 85 438 359 68 43 158 68 43 158 68 43 158 68 43 158 68 43 158 68 43 158
85 136 479 68 607 158 68 503 158 68 19 68 607 158 68 189
189 68 158 108 68 79 430 199
321 27
359 389 349 531 155
370 68 261 86 68 5
64 211
397
405 85
43 158 68 593 89 158 68 543 68 189 68 19 85 68 241 68 569 68 241 68 241 68 241 68 241 68 241 68 569 68 569 68 241 68 405 85
49 68 430 68 607 158 68 347 501 68 397 68 19 85 359
189 68 189 68 189 68 158 108 68 405 189 68 629
607 158 68 81 68 158 68 158 108 68 430 68 189 68 405 85 359 389 158 189 68 189
321 189
43 158 108
288 68 189 68 501 85 379 68 19 85
153 189 68 51 86 68 397 68 189 68 253
261 86 68 124 68 245 449 68 397 68 430 68 527
19 85 359 68 85 359 68 85 359 68 430 68 241 68 397 68 241 68 397 68 397 68 397 68 397 68 397 68 397 68 397 68 397 68 426 86
611 247 149
49 68 158 108 68 405 68 593 163 68 189 68 331
49 68 607 158 68 339 68 339 68 397 68 569 68 569 68 389 85 359 68 397
593 163 68 517 68 517 68 517
607 158 68 81 68 569 68 64 211
569 68 158 108 68 189 68 390 569 68 446 82
43 4 240
651 85
569 43 158 438 359
189 68 19 85 359 68 19 85
569 68 389 158 68 189 68 417
85 4 189 108 68 189 550 158 299
607 158 68 347 158 189
430 199 108
564 68 607 158 68 607 158
261 86 68 607 158 68 253 85
197 85
321 189 68 152
170 108 68 149 550 158 108
86 163 68 617 68 189 68 189 68 550 158 543 68 607 158 68 430 199
607 158 68 5 68 607 158 68 189 68 430 359
261 86 68 43 158 68 81 68 5 68 331 149
189 266 158 68 517 85 359 389 158 118
5 68 258 68 527 359 68 189 68 405 68 405 68 93 435 334 222
43 158 68 288 68 370 68 5 68 339 68 569 68 430 68 426 339
261 86 68 124 68 607 158 68 370 68 5 68 19 85 68 430 68 241 68 241
153 189 43 158
397 68 405 199
607 158 68 288 68 81 68 189 68 189 68 189 68 85
5 189 68 359
201 258 68 197 86
397 611 85 359
43 158 68 447 158 108 68 19 85 68 569
87 68 170 108 68 85 68 189 68 158 108 68 79 222
5 68 288 68 607 158 68 550 501 68 397 68 19 85 68 397 68 85 68 397 68 617 149 68 397 68 397 68 569 68 397 68 397 68 93 51 86 85 359
607 68 5 68 397 68 81 68 397 68 81 68 569 68 19 85 359
552 85 359 389 339
283 68 607 158 68 397 68 189 68 347 158 118
5 68 370 68 81 68 607 158 68 406 211 68 607 158
447 158 118
189 68 339 68 397 68 397 68 347 158 359
276 85 359
503 189 68 85 359 68 550 501 68 189 266 158 68 19 85 359 68 339 68 339 551 68 339 551
607 155 149
241 68 390 68 189 426 158 118 68 430
569 68 19 85 68 19 85 68 569 68 19 85 68 607 158 108
43 155 68 153 189
189 211 85 359 389 158 189 68 550 158 189
241 68 569 108 68 607 158 68 295 149 68 5 68 43 158 68 430 68 638 68 607 158 68 397 68 397 68 397 68 569 68 397 68 426 86
64 211 68 136 479 68 64 211
503 158 108 68 189 68 569 68 446 82
261 86 68 124 68 158 108 68 158 108 68 339 68 189 68 85 359 68 189 68 158 118
79 158 118 68 79 430
611 189
406 155 108 68 124 68 124
261 86 68 43 158 68 45 149 68 569 68 79 158 108 68 64 211 108 68 64 211 108
607 158 68 70 158
643 211 68 5 68 397 68 19 85
635 189 68 517 499
283 68 136 479
642 211 68 189 68 405 199
64 550 86 68 87 68 503 158
607 155 68 51 86 68 370 68 5 68 43 158 68 43 158 68 577 68 405
189 68 124 68 617 68 607 158 68 550 501
158 108 68 211 406 158 189 68 211
87 68 288 68 577 68 397 68 397 68 569 68 569 68 64 211 108
447 158 85
49 68 124 68 370 68 405 68 149 68 569 68 389 339
503 158 359
85 4 258 85 359
189 68 197 86 68 189 68 79 359 68 431 290 213
347 158 85
550 158
85 211
240 51 85 359
569 108 68 70 158
201 258 74
5 68 370 68 81 68 607 158 68 550 501 85 68 241 68 241 430
170 240
189 68 651 123 68 430 199 68 211 247
607 158 68 607 158 68 189 68 347 158 359
43 158
503 158 108 68 189 68 569 68 19 85 359 68 19 85 68 19 85 68 397 68 426 86
240 211 211 359
607 479 149 550 158 543
503 158
607 158 68 81 68 607 158 68 43 158 68 81 68 189 68 405 68 189 68 189
153 108 68 430 68 389 339 68 397 68 397 68 64 211 108
607 158 68 339 68 397 68 43 158 68 81 68 43 158 68 577 68 64 211 108
170 211 199
564
611 51 86
64 211
5 68 642 211 68 405 108
527 68 5 68 370 68 370 68 5 189 68 81
87 68 19 85 68 189 68 253 68 397
550 501 68 189 68 189 68 253
283 68 19 85
288 68 245 449
503 189 68 158 68 607 158 68 189 68 527 359
359 51 86
405 108 68 170 211 68 607 158 68 170 152
19 85 68 405 85 68 19 85 68 237 591 149
611 51 86 108 68 189 108 68 85 359 389 158 118
5 68 370 68 81 68 189 68 339 68 339
261 86 68 607 158 68 527 68 43 158 68 431 68 93 435 334
321 569 68 64 211 108
231 240
283 68 5 68 370 68 339
189 68 607 158 68 405 68 213 435 334 108
189 68 70 158 68 569 68 135 68 189 68 550 158 118
64 211 108 68 43 158 68 446 68 640 68 640
189 68 617 68 405
49
607 158 68 617 68 397 68 405 68 417
258 85 4 334 222
503 189 68 165 68 617 149 68 405 68 517
397 68 397 68 197 86 85 359
607 158 359
321 569 68 577 68 550 158
43 158 68 81 68 85 359 68 85 359
503 158 108 68 527 359 68 517 68 517 82 152 68 517
607 158 68 158 108
240 302 118
527 68 245 449 68 43 158 68 394 458 152 68 430 68 430
261 86 85 359 389 158 118
189 68 5 189 108 68 158 108 68 405 85
527 68 569 68 19 85 68 158 108 68 19 85
19 85 68 550 158 108 68 135 68 354
197 86
64 211 68 430 68 430 299 68 247 68 607 158 68 19 85 68 64 211 108
213 51 85
569 108 68 295 178
283 68 5 68 577 68 339 68 397 68 397 68 569 68 397 68 136 479 68 241 68 241 68 569 68 397
283 68 158 108 68 240 211 68 5 189 68 170 108
607 155 68 550 158 68 569 68 446 68 43 158 68 64 211 108 68 43 158
607 158 68 241 68 640
49 68 607 158 68 258 68 295 149 68 19 85 68 43 158 68 81
607 158 68 197 86 85 68 87 68 87 68 19 68 19 68 19 85 68 189 68 607 158 68 607 158 68 397 68 569 68 569 68 397 68 19 85 68 85 68 85 68 19 85 68 19 85 68 136 479 68 389 158 240 299 68 331 430 68 607 158 68 347 501 68 607 158 607 158 68 607 158 68 347 501 85 347 158 607 158 527 359 68 527 359 68 447 158 68 607 158 68 607 479 68 607 158 68 607
85 43 158 68 5 189
607 158 68 5 68 189 68 503 158 118 68 189
85 194 543
64 550 86 68 405 108
189 68 339 68 397 68 124 68 503 189
607 158 68 617 68 397 68 43 158 68 43 158 68 64 211 68 64 211
189 68 430 68 79 430 359 68 406 158 68 189 68 189
593 89 487
276 85 68 158 108 68 240 550 501 68 189 68 569 68 331 487 359 68 241 68 241
189 68 170 152 68 158 108 68 240 550 158 189
550 155 68 158 118
607 155 68 517 68 517 68 431 68 155
570 458
43 158 68 651 123 68 158 543 68 43 158 68 430
85 4 189 108
240 389 339
607 158 68 527 359 68 607 158 68 501 85 152 68 5 108
258 85
607 155 149 458
503 189 68 517 68 189 68 189 68 447 158 68 64 211 108
607 158 68 617 68 397 68 241 68 640 68 5 68 85 359 68 64 211 108
189 68 153 189 108
406 155
283 68 124
607 158 68 5 189 68 577 68 569 68 354 68 43 158 68 136 479
5 68 431 68 517 68 240 550 158 108 68 446 82
611 189 108 68 339 551 68 189 68 189 68 189 266 50 68 64 211 108
43 158 68 189 68 189 68 189
283 68 607 158 68 189 68 607 158 68 5
189
153 68 607 158 68 82 68 124
611 74
85 276 85 68 517 68 517
241 68 321 569 68 569 68 170 152
397 68 85 359 68 517
503 158 108 68 43 158 68 189 68 405 68 85 68 241 430 199
5 68 607 158 68 607 158 68 397 68 81 68 617
607 158 68 5 68 527 68 607 158 68 64 211 68 64 211 108
43 158 199 149
569 68 365 152 68 397 68 494 68 64 211 108 68 189 68 64 211 108
607 158 68 135 68 607 158 68 607 158 68 81
43 158 68 189 68 430 149 68 170 108 68 246 68 246 68 246 68 85 359
552 85 359 68 283 68 607 158 68 339
43 158 68 527 68 189 68 405 85 359
283 68 607 158 68 607 158 68 5 68 81 68 189 68 70 158 108
550 158 108 68 354
347 158
283 68 607 158 68 607 158 68 321 240 68 569 68 85 68 85 359 68 241 68 241 68 241 68 241 430 199
197 85
607 158 68 617 68 397 68 241 68 241 68 430 199 68 430 199 68 430 199 68 607 158 118
607 158 189 426 430
347 158 108 68 155 68 155
611 51 86
405 68 19 85 359
261 86 68 43 158 68 81 68 397 68 5
527 68 607 158 68 87 68 158 108
321 189
261 86 68 607 68 189 68 347 501
189
153 68 607 158 68 607 158 68 550 501 68 241 68 5 189 68 64 211
607 479 68 43 158 68 43 158 68 81 68 43 158 68 43 158 68 43 158 68 64 211
503 158 108 68 43 158 68 189 68 405 68 430 199
283 68 607 158 68 527 68 189 68 189 68 19 85 68 19 85 68 550 158 108
241 68 261 86 68 607 158 68 607 158 68 321 240 68 569 68 85 359 68 241 68 241 68 241 68 241 359
288 68 607 158 68 550 501 68 397 68 79 222 476 551 68 397 68 64 211 108
170 68 607 158 68 607 158 68 170 108
283 68 607 158 68 189
503 158 108
123 19 85 68 640 68 640
347 158 68 527 68 240 68 397 68 569 68 19 85 359 68 189 68 389 158 108
64 550 487 359 68 4 240
503 158 108
651 123 68 430 68 430 68 158 189 68 5 189
231 240
64 211 68 245 449
607 158 68 339 68 189 68 79 430 68 406 430 199
189
406 430
189 68 430 68 617 68 189 68 93 435 334 68 397 68 246 68 246 68 189 68 189 426 86 189 68 189 266 50
607 158 68 258 68 611 189 68 397 68 607 158 68 331
49 68 240 68 569 68 19 85
607 155 68 85 359 68 397 68 569 68 288 68 430 68 430 68 430 68 426 339 68 426 86
564
240 211 149
570 389 158 68 607 158 68 394 68 550 501 68 241 68 241 68 241 430
569 68 79 430 68 240 211 108 68 241
607 158 68 617 68 397 68 397 68 397 68 19 85 68 19 85 359 68 19 85
258 85
593 163 68 550 501 68 593 163 68 339 68 339
189 406 158 108 68 189 211 189
240 211 108 68 85 4 623 68 406 430
607 158 569 68 642 211 108
43 158 68 593 163 68 19 85 68 19 85 68 19 85 68 19 85 68 550 501 68 607 158 68 397 68 397 68 64 211 543 550 158 68 19 85 359 68 517 85 359 68 19 85 68 43 158 118 68 431 290 213 435 334 222 476 551 68 43 158 240 211 447 158 240 299 68 607 479 64 211 365 430 359 68 607 479 64 550 430 68 365 430 68 365 430 359 68 607 479 68 365 430 359 70 158 359 70
5 68 607 158 68 258 108 68 517 82
85 4 189 108
593 89 158 68 397 68 397 68 389 158 108 68 5 68 85 68 85 68 241 68 241 68 241 68 241 68 241 68 569 68 64 211 108
189 68 266 50 68 577 68 64 211
347 158 68 82
5 189 68 347 501 68 569 68 430 359 68 240 550 158 240
283 68 158 108 68 158 108 68 19 85 68 189 68 331 487 359
189 68 339 68 339 551 68 211 108 68 517 82
54 86 85 359
64 211 108 68 4 149 68 19 85 68 19 85 68 607 158 108 68 569 68 43 158 108 68 241 68 241 68 569 68 569 68 531 158 118
5 68 288 68 19 85 68 19 85 359 68 19 85 359
283 68 165 68 617 149 68 149 68 405 68 607 158
189 266 50
261 86 68 43 158 68 19 85 68 405 68 405 68 5 68 64 211 108
611 189 108
607 158 68 370
503 158 108 68 189 68 569 68 64 211 108 68 43 158 68 64 211 108
405
197 86
189 68 527 68 370 68 569 68 405 68 19 85 68 19 85 68 19 85 68 189 68 331 487 359
5 68 607 158 68 607 158 68 397 68 81 68 617
241
321 68 607 158 68 81 68 189 68 189 68 241 68 43 158 68 241 68 241 68 241 68 241 68 241 68 397 68 241 68 241 430 199
607 158 68 288 68 19 85 68 5 189
503 189 68 527 68 405 108 68 189 266 158 118
283 68 607 68 5 68 321 27 68 397 68 5 68 617 149
213 68 165 68 390 68 638 68 569 68 170 108
611 85
607 158 68 397 68 397 68 189 550 501
258 85 136 479
86 163 68 577 68 189 68 189 68 19 85 68 19 85 68 19 85 68 19 85 68 158 108
197 86 68 527 68 607 158 68 527 359 68 607 158 68 241 359
593 163 68 85 4 85 359
5 68 527 68 5 68 607 158 68 252 199 68 331 487 359
261 86 68 124 68 165 68 5 68 640 68 19 85 68 19 85 68 64 211 108
43 158 149 68 165 68 85
405 85 68 607 158 543 68 629
189 68 240 299 68 189 68 331
503 158 108 68 527 68 43 158 68 43 158 68 19
503 158 108
19 85 68 240 68 87 449 68 158 108
607 158 68 550 501 68 397 68 569 68 19 85 359
321 68 607 68 189 68 397 68 638 211 189 68 158 189 68 19 85 68 241 68 241 68 5 189 68 241 68 241 359
397 68 527 68 607 158 68 64 211 108 68 241 68 640
430 299 149 68 189 266 50
43 158 108 149
283 68 607 68 5 68 241 68 295 152 68 5 68 331 487 359
5 68 288 68 607 158 68 607 158 68 389 349 531 158 118 68 64 211 108
64 211 108 68 158 108 68 189 68 19 85 68 607 158 68 189 68 607 158 68 241 68 241 68 189 68 241 430 149
201 258 68 124 68 165 68 85
607 158 569 68 642 211 108
240 211 68 149 550 158 108
189 426 487 68 405 108 68 162 85
288 68 640 68 640
189 241 430 199
527 68 607 158 68 651 85 68 189 68 79 158 68 189 68 85 68 85 68 550 158 108 68 189 68 189 68 64 211 85 359
43 158 68 607 158 68 189
261 86 68 607 158 68 64 211 68 64 550 158 68 607 158 68 607 158 68 607 158 68 5 189 68 5 189 68 321 27
405
153 108 68 189 68 189 68 189 68 189 68 629 68 405
189 68 5 189 68 417 68 50
611 74
43 158 543 211
189 68 527 68 593 89 158 68 550 501 68 397
43 158 68 406 158 108 68 85 359 68 189 68 405 199
5 68 527 68 607 158 68 607 158 68 501 85 347 158 189 68 389 158 118
569 68 577 68 397 68 54 86 68 124
43 155 68 517 68 517
5 68 288 68 189 68 189 68 447 158 68 79 430 68 640 68 241 68 241 68 241 68 640
347 158 108 68 189 68 189 68 406 158 118 68 5 189
79 479
5 68 81 68 397 68 241 68 79 359 68 19 85 359 68 569 68 70 158
43 158 68 189 68 339 68 158 108 68 43 158 68 43 158 68 430 199
43 158 108
189 68 70 158 68 569 68 258 85 359 68 241 68 64 211 108
607 155 68 43 158 68 93 51 86 68 638 68 638 68 430 68 430 199
189 68 241 359 68 397 68 397 68 406 158 108 68 43 158 68 19 85 68 43 158 68 64 211 108
569 68 252 155 149
569 108 68 430 68 79 158 108
607 68 617 68 569 68 241 359 68 241 430 359 68 241 430
241 68 642 211 68 189 149
347 158 68 253 359
231 51 86
87 68 607 158 68 82 152 68 397 68 64 211 543 211 108
447 158 118 68 394 68 550 158
607 158 68 617 68 189 68 189 68 241 430 299 68 397 68 397 68 389 158 118 68 397 68 397 68 397 68 397
607 158 68 527 68 5 68 550 501
397 68 19 85
261 86 68 5 68 253 359 68 569 108
189 194 543
87 449 68 165 68 607 158 68 527 359 68 607 158 68 397 68 550 158 118
43 158 68 5 189
5 68 43 158 68 85 359 68 189 68 253
389 237
569 68 405 68 213 194 213 68 617 68 331 149 68 640 68 640
607 158 68 54 86 68 397 68 397 68 607 158 68 189 68 389 158 118 68 189 68 189 68 189 426 86 189 68 397 68 189 426 339
194 543
5 68 370 68 81 68 158 108 68 158 108 68 79 158 108
642 211 108
149 389 85 359 389 158 189 68 79 158 118
569 68 607 158 68 397 68 189 68 253 68 611
201 258 68 527 359 68 158 108 68 19 85 359
607 158 68 617 68 397 68 43 158 68 43 158 68 43 158 68 577 68 43 158
607 158 68 288 68 43 158 68 19 85 359
189 68 517 68 43 158 68 550 501 68 339 68 79 430 199
607 158 68 51 86 68 189 68 241 68 241 68 241 68 640
276 85 68 607 158 189
258 85 4 85 68 85 359
189 68 635 189 68 189 68 347 158 118 68 354
64 211 68 607 158 68 189 68 607 158 68 389 158 68 64 211 108
503 189 68 165 68 5 189 68 5
87 68 288 68 64 550 158 108 68 640 68 405 68 405 85 68 85 68 405 108
611 74 68 507 258 68 517 359
158 108 68 593 163 68 189 68 550 158 108 68 607 158 68 331 430 68 607 158 68 550 158 118
607 158 68 607 158 68 607 158 68 189 68 79 430
447 158 118
43 86 68 593 89 487 68 370 68 5 68 365 430 68 354
503 158 108 68 189 68 569 68 79 222 68 19 85 359 68 430 359
231 240
5 189 68 85 359 68 189 68 347 501
321 240 68 569 68 552 85 68 64 211 108 68 189 68 347 158 108 68 189 68 189 68 331
607 158 68 370 68 569 68 19 68 370 68 5 189 68 431 68 19 85 68 241 68 241 68 241 68 241 68 241 68 569 68 405 241 68 85
405 19 85 68 64 211 108
197 86 68 607 158 68 569 68 397 68 64 211 108
5 68 370 68 81 68 158 108 68 19 85 68 43 158 68 43 158
283
5 68 288 68 81 68 517 68 431 68 431 68 517
397 68 550 430
501 85 136 479 68 405 68 54 86 68 64 211 108
261 86
189 68 5 189 68 158 108 68 339 68 339 68 550 501 68 241 68 550 501 85
607 158 68 527 68 155 108
593 163 68 241 68 241 68 241 68 241 430 68 241 68 241 68 241 68 158 108
5 189 68 430 359 68 136 479
569 68 81 68 158 118 68 158 108 68 430 299 68 19 85 359 68 430 68 19 85 359 68 19 85 359 68 569 68 569 68 19 85 359
503 158 108
527 68 607 158 68 81 68 607 158 68 365 430 199 68 331 487 359
288 68 241 68 5 189
261 86 68 339 68 82 152 68 87 449 68 87 449 68 64 211 108
189 68 607 158 68 550 158 189 68 339 68 569 68 70 189
5 68 288 68 170 108 68 170 108 68 569 68 261 86
240 211
194 543
197 86 68 405 68 527 359 68 19 85 68 43 158 68 43 158 68 211 199 68 211 199
189 68 430 68 527 68 64 211 108
43 158 68 288 68 43 158 68 5 189 68 5 189 68 331 487 149
197 149 389 158 108
87 68 253 68 189 211 85 359 389 339
64 211 68 430 68 241 68 569 108
607 479 68 43 158 68 43 158 68 81 68 569 68 19 85 359
593 89 158 68 81 68 397 68 397 68 339 68 339 551 68 569 68 339
405 85 4 189
527 68 607 158 68 651 123 68 64 211 108 68 43 158
607 158 68 197 86 85 68 607 158 68 347 501 68 397 68 85 359 68 189 68 617 149
607 158 68 197 86 68 189 68 189 266 158
447 158 118
550 158 108 149
593 89 487 149 68 253 68 253 68 241 359
503 158
43 158 68 607 158 68 607 158 68 607 158 68 43 158 68 406 158 68 447 158
261 86 68 253 68 569 68 19 85
564
85 43 158 68 5 189
607 479 68 43 158 68 43 158 68 241 68 155 149
5 68 517 68 19 85 68 638 68 446 82
569 68 550 501 68 617 68 135 68 64 211 108 68 64 211 108
5 189 68 611 68 43 158 68 261 86 68 339 68 397
19 68 607 158 68 189
283 68 607 158 68 607 158 68 5 68 431 68 638
283 68 158 108 68 79 247 68 5 68 5 189 68 19 85
158 108 68 501 68 189 68 283 68 405 237 558
607 158 68 197 86 85 68 85 359 68 189 68 5 189 68 389 158 108
261 86
43 4 240
189 68 288 68 405 68 538 430 68 241 68 158 108 68 43 158 68 158 108 68 5 68 607 158 68 189 68 241 68 241 68 241 68 158 68 43 158 68 517 258 85 68 158 68 43 158 68 43 158 68 43 158 68 43 158 68 607 158 68 189 68 189 68 607 158 68 607 158 68 189 68 253 359 389 430 199 447 158 527 220 88 623 68 447 158 68 447 158 68 607 479 68 527 68 607 158 68 607
397 68 85 379 68 517
49 68 231 68 607 158 68 397 68 339 68 607 158 68 70 158
430 68 550 158 108 68 189 266 158 189 68 115 479
607 158 68 405 68 189 68 527 68 64 211 108 68 64 211 108
170 108
261 86 68 124
607 158 68 170 152 68 189 68 241 68 43 158 68 64 211 108
153 68 607 158 68 252 199 68 81 68 253 68 397 68 19 85 68 607 158 68 5 68 19 85 68 569 68 569 68 569 68 397 68 19 85
283 68 640 68 517 82 68 158 108 68 430 68 607 158 68 550 158
550 158 543 68 189 68 446 82
261 86 68 124
503 189 68 124 68 397 68 397 68 397
19 85 359
276 85 68 607 158 189
503 189
240 211 108 68 258 85 359
64 211 68 607 158 68 370 68 397
79 430 199
569 68 211 152 68 211
261 86 68 86 85
607 158 68 607 158 68 189 68 189 68 405 68 189 68 405 199 108
607 158 118 68 430 199 68 405 108
189 68 339 68 397 68 397 68 339 551 68 569 68 331 4
261 86 68 124 68 5 68 397 68 430 68 550 158 108 68 241 68 241 68 241
253 359
87 68 124 68 607 158 68 339 68 70 189 68 70 189 68 70 189
569 68 397 68 347 501 68 189 68 253 68 241 68 640
607 158 68 397 68 569 68 197 118
85 359 389 339
189 68 189 266 50 68 397 68 170 108
503 158 108 68 189 68 569 68 503 158 108 68 241 359 389 339
189 43 158 118 68 189 68 158 108
261 86 68 189 68 189 68 189 68 54 86 68 607 158 68 339 68 607 158 68 607
241 68 446 82 68 5 68 189 68 607 158 68 607 158 68 64 211 108
503 189
43 158 68 81 68 607 158 68 81 68 397 68 397
211 68 331 149
43 430
5 68 189 68 607 158 68 503 189 68 354 68 189 68 189 550 158 118
43 158
347 158 68 507 258 68 189 68 135 68 189 68 347 158
397 68 430 359 550 501 68 241 430
64 211 68 607 158 68 397 68 569 108 68 19 85 68 85 359 68 85 359 68 19 85 359
503 158 108 68 43 158 68 189 68 417
201 258 189
153 189 108 68 527 68 607 158 68 189 68 241 430 199
258 189 643 359 68 189 68 189
245 449 85
261 86 68 607 68 64 211 68 617
607 158 68 617 68 397 68 405 68 295 623 68 430 68 430
593 89 158 68 240 211 68 241 68 607 158 68 189 68 189 68 85 359 389 158 118
189 68 550 158 543 68 397 68 569 68 64 211 108 68 64 211 108
240 211
87 68 5 189 68 19 85 68 5 189 68 85 68 331 149 68 85 359 68 189
446 82
283 68 136 479
64 211 108 68 4 152 68 19 85 68 19 85 68 19 85 68 19 85 68 241 68 19 85 68 397 68 397 68 569 68 569 68 64 211 85 359
283 68 158 108 68 19 68 370 68 81
189 68 430 68 417
85 123 68 189 68 54 86
87 68 405 85 68 240 68 607 158 68 503 158 68 54 86
607 158 68 197 86 85 68 189 68 406 158 118
19 85
158 85 4 85 359
261 86 68 43 158 68 245 449 68 370 68 5 68 85 68 64 211 108
261 86 68 43 158 68 45 149 68 189 68 354
405 189 149 68 258 189 68 85 359
240
564 68 19 68 569 68 240 68 241 68 241 68 640 68 640 68 640
5 189 643 85 359 389 158 118
607 155 68 550 158 68 607 158 68 550 158 68 389 158
607 158 68 5 189 68 330 68 19 85 68 19 85 68 241 68 19 85
241 68 189 68 397 68 397 68 397 68 70 189 68 19 85
347 158 68 527 68 569 68 241 68 447 158 118 68 189
527
447 158 359 68 397 68 642 211
607 155 68 165
577 68 611 85 359 68 397 68 569 68 569 68 85 359 68 85 359 68 397 68 397 68 397 68 397 68 397 68 397 68 397 68 397 68 64 211 85 359
550 430 68 347 158 359
51 86 68 5 189
593 89 158 68 136 479 68 189 68 405 68 430 68 19 85 68 430 149 68 241 68 241 68 241 68 397 68 397 68 397 68 397 68 19 85
85 4 240 68 517 68 158 108
321 189
347 158 68 550 430 68 397 68 295 85 359
153 68 240 299 68 85 4 189 68 189 68 607 158 68 64 211 108
261 86 68 607 158 68 431 68 430
569 68 240 68 241 68 431 68 64 211 108
276 85 68 165 68 253 68 397 68 550 430
607 158 68 197 86 85 68 527 359 68 397 68 607 158 68 331 4
170 108
347 158
87 449 68 635 108 68 503 158 108 68 5 189 68 43 158 68 5 189
347 158 108 68 213 211 471 211
261 86 68 607 158 68 527 359 68 241 68 339 68 339 68 339 68 550 158 108
43 155 458
118
321 189 68 471 211
569 108 68 501 85 4
51 570 389 158 68 640 68 5 189
569 68 258 108 68 642 211 68 397 68 397 68 397
607 158 68 607 158 68 241 359 68 189 68 447 158 118
397 68 642 85
261 86
170 108
49 68 158 108 68 158 108 68 189 68 501 85 331 149
240 550 430 149
43 158
607 158 68 550 501 68 397 68 607 158 68 607 158 68 189 68 389 158 118 68 241 68 64 211 108
283 68 430 68 501 85 152 68 331 487 359
5 68 370 68 81 68 158 108 68 241 430 199 68 397
607 158 189
607 158 68 550 501 68 397 68 607 158 68 189 68 430 199 85 359 389 158 189
593 163 68 213
577 68 517 68 397 68 397 68 569 108
261 86 68 288
170 108
19 79 602 194 108
5 68 527 149 68 405 85 68 19 85 68 19 85 68 19 85 68 19 85 68 640 68 19 85 68 189 68 569 68 85
170 299
607 158 68 617 68 607 158 68 339 68 550 501 68 397
527 68 607 158 68 471 211 68 503 189 68 64 211 108
607 68 189 68 189 68 189 68 531 158 68 19 85 68 330 68 189 68 158 108 68 158 108 68 189 68 189 68 189 68 189 68 531 158 68 158 108 68 158 108 68 158 240 389 158 189 68 517 499 389 158 240 299 68 531 158 68 607 158 68 189 68 189 68 607 158 607 158 607 158 68 189 68 389 158 607 158 607 158 607 158 527 68 447 158 240 389 158 68 447 158 68 447 158 68 447 158 68
447 158 85 359
49 68 43 158 68 64 211 390 569
261 86 68 5 68 64 211 108
447 158 118
261 86 68 569 68 550 501
189 531 299
295 152
258 85 68 86 163 68 617 68 189 68 331 149 68 607 158 68 331 149 68 607 158 68 550 158 68 189 68 397 68 397 68 397 68 550 158 118 68 389 158 118 68 389 158 118 68 617 68 331 149 389 158 118 68 331 149 389 158 118 68 331 430 359 389 158 240 550 501 68 331 430 359 347 501 68 331 430 359 347 501 68 331 430 68 331 4 152 389 237 222 476 359 68 331 4 389 158 359 389
569 108 68 70 158 359 389 339
607 158 68 550 158 189 68 189 68 397
471 211 68 347 158 359
389 501 68 213 194 108
611 51 86 108 68 339 551 68 397 68 64 211 108
607 158 68 189 68 527 68 527 359 68 85 359
531 149
593 89 50
5 85 359
211 543
430 611 74
153 68 503 189 68 339 68 339 68 339 68 283 68 5
569 68 158 108 68 347 158 359 68 189
85 359 51 85
607 158 68 527 68 607 158 68 288 68 288 68 189 68 189
19 85 68 240 51 85
64 211 68 607 158 68 397 68 607 158 68 607 158 68 241 68 389 158 68 607 158 68 241 68 241 68 241 68 241 68 397 68 241 68 241 430
231 51 86 68 261 86 68 261 86 68 5 68 607 50 68 339
503 189 68 397 68 430
261 86 68 5 68 288 68 19
569 68 430 149 68 405 68 135 68 550 339
607 158 68 607 158 68 5 68 189 68 85
189 68 607 158 68 397 68 397 68 397 68 569 68 85 359
163 189 68 19 163
197 86 68 503 189 68 607 158 68 339
189 68 593 163 68 19 85 68 19 85 68 607 158 68 550 501 68 397 68 550 158 68 550 501 68 397 68 211 68 211 68 550 158 68 550 158 118
283 68 136 479
85 359 68 642 211
189 43 158 118
569 68 531 158 108
85 155 389 158 118
550 158 108 68 81 68 397 68 43 158 68 81 68 397 68 19 85
494
149 550 501 68 359
43 158 68 288
447 158 359
19 85 359
85 136 479 68 158 108 68 158 108
283 68 607 158 68 607 68 5 68 577 68 240 550 158 149
240 389 339
85 64 211
231 240
43 158 189 266 158 68 64 211 108
5 68 189 68 397 68 241 68 241 68 241 68 241 68 241 68 430 68 241 68 241 430 199
569 68 430 68 189 68 406 158 108 68 93 435 334
569 68 64 211 108 68 189 68 189 68 189 68 189 68 405 85 68 189 68 189 68 241 68 189 68 189
611 85
86 163 68 617 68 189 68 189 68 538 430 68 241 68 241 68 241 68 241 68 241
189 68 5 189 68 417 68 569 68 569 68 501 85 359
261 86 68 527 68 245 449 68 430 68 430 68 569 68 64 211 108
569 108 68 430 68 607 158 68 189 68 501 85 347 501 68 397 68 85 359 68 189 68 85 359 68 189 68 397 68 85 359
85 359
43 158 68 593 163 68 517 68 5 189 68 295 149 68 246 68 430 199
261 158 108
503 189 68 197 86 68 569 68 19 85 68 19 85 68 64 211 108
158 108 68 501 85 152 68 550 158 108 68 501 68 397 68 397 68 389 85 359 68 331 149 68 189 68 397 68 397 68 389 85 359
503 158 108 68 189 68 569 68 211 108 68 517
283 108
261 86 68 527 68 370 68 19 85
5 68 288 68 81 68 189 266 158 118 68 158 118
85 359 389 430 359
170 86 163
501 85 136 479 68 607 158 68 240 550 501 68 397 68 19 85 359 68 19 85 68 19 85 68 569 68 569 68 569 68 64 211 108
197 86 68 241 68 611 189
170 211
389 299 359 389 339
5 189 51 86
189 241 299
5 85 359
189 194 85
85 5 189 68 642 211
87 189 68 189 68 79 359
170 211 199
189 68 339 68 397 68 430 68 607 158 68 446 82
240 51 118 108
189 68 70 189 68 569 68 431 108 68 189 68 405 68 446 82 152 68 397 68 397 68 189 266 158 118
569 85 359
158 108 642 211 68 406 85 68 405 85
417
593 247 68 405 68 611 189 68 517 299
5 68 258 68 79 359 68 189 68 397 68 397 68 85 359 68 569 68 64 211 108
607 158 68 240 68 241 68 241 68 240 550 158 108
607 158 68 397 68 288 68 295 149 68 397 68 19 85 359
447 189
5 68 288 68 85 152 389 158 108
149 550 158 118
283 68 607 158 68 253 68 85 359 68 430 68 430 68 430 68 430
5 68 288 68 81 68 189 68 617 68 339 68 347 501 85 359 68 397 68 389 158 108
261 86 68 5 68 617 68 607 68 153 189 68 607 158 68 81
611 189 108 68 339 551 68 189 68 638 68 5 189 68 241 68 241 68 241 194 108
527 68 5 68 5
527 68 607 158 68 527 359 68 347 501 68 397 68 43 158 68 397 68 397 68 64 211 108 68 397 68 397 68 397 68 64 211 108
564
569 108
550 86 68 170 152
240 430 438 359
64 211 108 68 4 149 68 149 68 149 550 158 108 68 397 68 550 158 108
189 68 640 68 370 68 397 68 397 68 64 211 108 68 189 68 64 211 108
607 158 68 550 158 108 68 189 68 406 158 118
611 85 359
64 51 86
339 68 19 85 359
43 158 68 136 479
19 85 68 430 68 5 68 5 189
43 50
607 158 68 607 158 68 569 68 607 158 68 321 247 68 189 68 64 211 108 68 5 189 68 241 68 241 68 241 68 64 211 108
607 158 68 19 68 79 602 194 68 261 86
651 123 68 253 68 607 158 68 321 247 68 5 189 68 189
503 85 68 370 68 5 68 85 359 68 19 85 68 19 85 68 19 85
189 68 405 68 405 68 54 86 68 397 68 607 50 68 331 487 359 68 5 189
607 158 68 51 86 68 189 68 241 68 240 550 158 108
64 211 68 339 68 81 68 189 68 397
19 85
189 426 158 118 68 640
85 43 158 118
85 43 158 118
430 149 68 607 158 118 85 359 389 339
417 85 359
397 68 569 68 81 68 397 68 261 86 68 64 211 108 68 43 158 68 43 158 68 607 158 68 397 68 397 68 397 68 569 68 426 339
240 211 108
405 85 359
397 68 43 158 68 43 158 68 43 158 68 240 550 158
527 68 5 68 5
51 86 68 617 68 607 158 68 19 85 68 517 68 517 68 430
4 623
569 68 397 68 347 501 68 417
258 85 406 158 108 68 64 211
607 158 68 617 68 397 68 517 68 136 479 68 517
564
64 211 108 68 4 149 68 19 85 68 19 85 68 19 85 68 19 85 68 19 85
397 68 81
261 86 68 158 108 68 370 68 5 189 68 189
447 158 118
189 68 569 68 517 85
189 68 5 189 68 430
593 163 68 189 68 611 189 266 158 118 68 430 299 68 430 199 68 430
570 389 158 68 241 68 93 435 334 68 640 68 241 68 430
79 158 108
405 189
261 86 68 124 68 370 68 370 68 81 68 189 68 405
240 211 68 189 68 607 158 189
503 158 108
321 68 5 68 85 359 68 43 158 68 64 211 108
43 158 68 503 189 68 339 68 339 68 550 339
339 551 68 347 501 68 550 501 68 397 68 550 501 68 397 68 64 211 108
339 68 339 68 550 158 108 68 405 68 607 158 68 389 85 359 68 550 158 108 68 550 158 118 68 550 501 68 550 158 543 211 543
550 158 213 68 81 68 617
43 158 118 68 5 68 501 85 359 68 331 487 359
19 85 359
43 158 68 189 68 339 68 158 108 68 43 158 68 43 158 68 136 479
397 611 85 359
85 43 158 68 81 68 158 108 68 339
543 149
283 68 430 68 501 85 379 68 64 211 108 68 405 108
531 158 118
607 158 68 617 68 397 68 446 68 19 85 68 397 68 5 68 550 501 68 397 68 550 501 68 397 68 397 68 397 68 397 68 397
261 86 68 43 158 68 19 85 68 19 85 68 607 68 189 68 331 68 241 68 241 68 640 68 241 68 241 359
5 68 370 68 81 68 607 158 68 19 68 389 158 189
64 211
261 86 68 5 68 240 68 640 68 241 430 199
43 158 108 149
405 189
240 389 158 543 68 405 189 211 189
283 68 517 68 517 68 64 211
43 158 68 81 68 517 499 211
607 158 68 240 211 108 389 339
49 551
283 68 430 68 501 85 379 68 158 108
593 89 158 68 397 68 550 158 68 607 158 68 19 85 359
405 349 531 299
5 85
347 158 68 19 85
153 68 258 68 447 158 108 68 295 149
607 158
607 158 68 81 68 189 68 189 68 79 158 108 68 241 68 240
189 68 240 211 68 241 68 189
503 158 108 68 189 68 569 68 19 85
64 211 108 68 19 108 68 158 108 68 397
64 211 108 68 79 430 68 79 158 108 68 85 359
607 158 68 197 86 85 68 189 68 406 158 68 79 430 68 640 68 241 68 241
189 43 158 118 108
189 68 240 550 501 68 189 68 124 68 607 158 68 43 158 68 81
607 158 68 617 68 607 158 68 607 158 68 321 240 68 5 68 64 211 108
85 359 70 158 108
405 19 85 359
189 68 569 108 68 158 108 68 79 158 118 68 19 85 359 68 19 85 359 68 241 68 241 359
19 85 68 136 479 68 607 158 68 339 68 5 189 68 331
607 158 68 70 158
611 189 266 50 118
5 68 81 68 397 68 397 68 405 68 189 426 86 199
5 68 370 68 81 68 607 158 68 550 501 68 331
261 86 68 124
405 68 611 189 68 611 189
261 86 68 339 68 82 152 68 87 449 68 87 449 68 64 211 108
153 108 68 189 68 347 158 359
86 163 68 617 68 397 68 397 68 397 68 397 68 607 50 68 70 158
651 123 68 365 430 149 68 189 68 85 359
43 158 68 607 158 68 607 158 68 607 158 68 43 158 68 406 158 68 447 158
19 85 359 68 82
189 68 607 158 68 607 158 68 64 211 68 64 211 108
189 68 339 68 397 68 446 82 68 19 85 68 19 85 68 64 211 108 68 241 68 241 68 64 211 108
43 158
19 85 68 85 152
189 85 4 570 211
201 258 68 19 489
607 158 68 397
569 68 430 149 68 406 430 68 253 359
531 158 108 149
158 85 359 68 158 108 68 569
258 68 527 68 370 68 54 86
153 68 85 359 68 189 68 397 68 155 458 152 68 158 108
607 158 68 288 68 19 85 68 5 189 68 19 85 359 68 85 359 389 158 108
288 68 640 68 640
569 68 406 501 68 430 68 430 68 397 68 397 68 397
261 86 68 5 68 607 158 68 347 158 359
240 51 108
240 211 82
43 158 68 640
564 222 85
569 68 389 349 531 158 108 68 261 86 68 189 68 189
503 158 108 68 158 108 68 370 68 397 68 397 68 397 68 331 487 359
405 85 359
64 211 108 68 4 68 569 68 503 189 68 339 68 347 158 118 68 347 158 118
417 85 359 68 158 108 68 517 85
197 149
607 158 68 607 158 68 19 85 68 19 85 68 241 68 640 68 640 68 241 430
189 68 64 211 149 458 149
189 266 569
607 158 68 5 68 158 108 68 339 68 339
43 158 68 64 211 108
87 68 19 85 68 501 68 89 158 68 397 68 405 68 405 68 389 339
258 19 85 359
405
417
5 68 81 68 607 158 68 569 68 370
552 85 359 68 155 68 158 118
389 339
189 68 607 158 68 19 85 68 149 68 36 211 390
417 85 359 68 158 108 68 85 359
258 85 406 158 108 68 517 85
405
43 158 199
261 86 68 517
447 158 118 68 405 68 189 68 124 68 339
527
389 158 189
201 258 68 197 86 68 86 163 85
569 68 19 85 68 405 68 189 68 85 359 68 397 68 397 68 19 85 68 397 68 397 68 397 68 397 68 397 68 569 68 397 68 397 68 569 68 85
5 68 288 68 253 68 397 68 283 68 354
43 430 299 68 431 68 517 118 68 241 68 241
283 68 607 68 5 68 241 68 390 68 189 68 417
283 68 136 479 68 136 479 68 405 199
276 85 68 607 158 189
189 211 213 211 359
607 158 68 527 359 68 607 158 68 339 68 550 501
189 68 405 68 405 68 405 68 397 68 430 68 295 450
283 68 607 158 68 189 68 189 68 253 68 253
283 68 158 108 68 158 108 68 158 108 68 189 68 189
5 189 68 64 211 108
607 155 68 85 359 68 397 68 569 68 397 68 19 85 359
258 611 189 68 231 240
552 85 359
527 68 569 108 68 397 68 81 68 189 266 50 68 189 68 405 85 359
79 158 108
611 189
194 543
283 68 5 68 288 68 19 85 68 19 85 68 19 85 68 19 85 68 85
321 569 68 136 479
405 85 359
607 158 68 617 68 397 68 189 68 85 359 68 569 68 640
431 68 158 108 68 79 158 68 447 158 68 5 68 189 68 85 68 158 108
651 123 68 354 68 517 68 607 158 68 347 158 118
189 68 607 158 68 19 85 359 68 189 426 430
189 68 339 68 397 68 577 68 607 158 68 19 85 68 64 211 108
43 158 68 527 359 68 158 108 68 158 68 19 85 68 550 501 68 397 68 617 149
189 68 158 607 158 68 258 68 607 158 68 389 158 68 189
86 163 68 617 68 189 68 397 68 517 82 68 607 158 68 607 158 68 607 158 68 607 50
550 339
79 158 108 222
607 158 68 617 68 607 158 68 607 158 68 241 68 241 68 241 68 241 68 241
197 85 359
471 211 68 258 82
189 266 50 68 517 359
54 86 68 397 68 19 85 68 569 108
564 68 158 108 68 501 85 379 85 359 68 189 68 189 266 158 108
503 158 108 68 189 68 569 68 430 149 458 152 68 339
593 163 68 162 85 68 640
49 68 607 158 68 54 86
430 199
405 359
261 86 68 527 359 68 607 50 68 189 266 50
189 68 86 163 68 213 68 397 68 19 85 68 405 68 405 68 517
405 189 68 527 68 607 158 68 189 68 241 68 241 359 68 569 68 569 68 241 68 241 68 569 68 569 68 64 211 85 359
503 158 108
430 85 359
197 86 68 240 51 189
283 68 136 479
321 240 211
321 68 5 68 397 68 397
43 158 68 527 359 68 240 550 158 108
569 108 68 501 85 4
607 158 68 240 211 68 64 211 108
347 158 68 430 68 158 108 68 158 85 359 68 85 359
189 68 527 68 370 68 607 158 68 64 211 108
405 258 68 85 4 149
5 189 68 397 68 124
64 211 108
503 158 108 68 189 68 569 68 397 68 189 68 85 359 389 158 108 68 189 68 241 359
570 389 158 149 68 640 68 5 189 68 170 152
189 241 299
197 158 359
283 68 245 449
189 68 640 68 638 211 68 189 68 70 158 68 569 68 569 68 64 211
276 85 68 405 189 68 405 189 68 19 85 68 569 68 153 189
283 68 5 68 617 68 517 68 517 68 517
564
607 158 68 5 68 19 68 19 85 68 79 430 68 189 68 64 211 108
19 163 68 640 68 241 68 446 68 189
43 158 68 339 68 503 189 68 170
503 158 108 68 158 108 68 569 68 446 82
283 68 640 68 158 108 68 158 108 68 397 68 189 68 189
213 211 359
5 68 288 68 640 68 640 68 638 68 430 68 430 68 638 211 108
397 68 19 85 359
629 68 405 68 405 85
231 240
261 86 68 517
189 68 607 158 68 397 68 607 158 68 569 68 321 247 68 397 68 569 68 241 68 241 68 241 68 241
503 189 68 417 68 165 68 5 68 397 68 569 68 85 359 68 389 158 108
79 430 299
607 479
651 123 68 430 68 118 68 446 68 64 211 108
43 158 85 359 70 158 108
5 189 108
189 68 569 108 68 430 68 240 550 158 118 68 430 68 430 199 68 430 68 189 68 19 85 359 389 158 108
430 299
240 299 68 370 68 501 85 359 68 19 85 359
213 68 165 68 390 68 253
43 158 68 347 85 68 365 430 68 189 68 321 569 68 397
19 85
43 158 118
321 240 68 189 68 189
85 359
347 430 68 54 86 68 397 68 397 68 79 430 199
593 163 68 617 149
5 108
194 543
87 68 253 68 189 211 85 359 389 339
85 136 479 68 607 158 68 19
406 501 68 252 155
321 247 85 68 569 108
570 458
607 158 68 153 189 68 642 211 68 406 158 189
189 68 607 158 68 430 68 82 136 479
611 189 108
577 68 240 68 240
189 68 81 68 617 68 189 68 417 68 405 85
283 68 158 108 68 569 68 405 68 430 68 295 149 68 430 199 68 430 68 331
201 258 68 82 152
564
261 86
43 158 68 81 68 417 68 517 68 397 68 640 68 397 68 64 211 108
593 89 158 68 577 68 189 68 189 451
5 189 68 253 359 68 241
189 68 81 68 397 68 593 89 487 359 68 397 68 397 68 70 158
189 68 569 108 68 295 178
5 68 288 68 607 158 68 19 163 68 417
405 85
5 189 68 552 85 359 68 64 211
85 4 240
347 158 68 527 68 240 68 397 68 569 68 19 85 359 68 189 68 389 158 108
283 68 136 479
189 68 607 158 68 397 68 339 68 339 551 68 85 359 68 241 359
64 211 108
189 68 430 68 431 85 359
503 189 68 197 86 68 569 68 430 68 405 68 85 68 85 68 85 359 68 241 68 64 211 108
339 551
607 158 68 82 68 607 158 68 607 158 68 501 85
43 158 189 550 158 189
283 68 5 68 331 149 68 640 68 241 68 241 68 640 68 640
503 158 108 68 189 68 189 68 189 68 405 189 68 405
19 163 68 347 501 68 79 158 108 68 79 158 118
49 68 19 68 405 68 93 51 149
503 158 108
261 86 68 253 359
85 359 389 85 359
158 593 163 68 19 85 359 68 430 359
517 623
241
64 211 68 550 158 108 68 135 68 5 68 43 158 68 64 211
607 158 68 397 68 397 68 389 85 359 68 430 299
406 158 189
569 68 85 4 152 68 517 68 64 211 108 68 607 158 68 397 68 339 68 339 68 339 68 189 68 189 68 397 68 569 68 19 85
503 158 108
321 569 68 550 501 68 501
283 68 430 68 501 85 379 68 446 82 68 517 623
258 189 531 299
189 68 607 158 68 397 68 430 68 295 149 68 5 189
241 68 245 449 68 85
607 158 68 158 85 359 68 397 68 642 211 85
189 85 359 389 85 359
552 85 359 68 93 51 86
258 82 152
197 85
43 158 438 359
389 85 359 68 158 108
189 68 607 158 68 288 149 550 85
283 68 245 449 68 5 68 617 149 68 5 68 19 85 68 19 85
607 158 68 617 68 397 68 43 158 68 43 158 68 331
261 86 68 5 68 81 68 397 68 19 85 68 19 85 68 19 85 68 64 211 108 68 569 68 569 68 64 211 108
339 551 389 339
211 163 68 85
240 389 158 118
189 68 430 68 197 86 68 240 550 501 68 189 68 405 68 64 211 108
593 89 158 68 550 501
430 299 68 189 68 170 108 68 170 108
347 158 108 68 155 68 155
261 86 68 124
201 258 68 569 68 405 85 68 79 222 68 43 158 68 640 68 640 68 241 68 241
86 163 68 617 68 189 68 189 68 638 68 5 189
5 189 68 19
593 163 68 550 501
607 158 68 5 68 43 158 68 43 158 68 406 158 68 45 108
5 68 370 68 81 68 642 211
19 163 68 241 68 85 359 68 158 118 68 43 158 68 241 68 241 68 241
447 158 85 68 64 51 108
405 68 405 85 359
607 68 617 68 189 68 607 158 68 607 158 68 607 158 68 189 68 550 501 68 607 158 68 189 68 189 68 189 68 64 211
153 68 258 68 397 68 339 68 569 68 569 68 70 189
607 158 68 430 68 430 68 189 68 189 266 50 68 611 51 86
339 68 550 501 68 569 68 569 68 430 68 430 68 331 430
503 158 359
189 68 640 68 640 68 397 68 446 68 611 74
5 68 288 68 81 68 253 68 253 68 397 68 261 86
5 85 68 527 359
64 211 108 68 517
397 68 54 86
607 155 68 550 158 543 68 189 426 430
607 158 68 527 359 68 241 194 543 68 189 68 331
564 68 19 68 569 68 241 68 405 68 19 85 68 19 85 68 85 68 85 68 158 108
503 189 68 5 68 607 158 68 81 68 5 68 189 68 417
258 68 370 68 607 158 68 189 68 189 550 487
503 158 108 68 189 68 569 68 85 359
43 158 68 189 68 577 68 19 85 68 430 199 68 405 85 359 68 405 85
170 299 68 607 158 68 569
642 211 68 406 158 68 43 158 68 81
5 68 295 149 68 189 266 158 68 19 85 68 19 85 68 19 85
607 158 68 197 86 85 68 397 68 19 85 359 68 19 85
231 240 68 640
283 68 64 211 68 64 211 108 68 64 211 108 68 339 68 339 68 211 108
240 211 390 569
517
607 158 189
569 68 70 189 68 189 68 390 68 42 247 85 68 5 68 640 68 241 68 241
51 86 68 189 68 189
283 68 607 158 68 430 68 158 68 19 85 68 607 158 68 64 211 108
321 68 527 68 607 155 68 550 158 68 19 85 68 19 85
283 68 158 108 68 517 68 158 108
197 86 68 640
43 158 86 163
5 189 68 347 501 85 359
261 86 68 86 85
607 158 68 577 68 397 68 241 68 240 211 85
283 68 430 68 569 68 569 68 430 68 430 149 68 19 85 68 19 85
201 258 68 240 359 68 64 211 108
5 68 288 68 550 501 68 5 189 68 295 149 68 19 85 68 430 68 19 68 607 158 68 607 158 68 397 68 569 68 569 68 241 68 19 85
189 68 607 158 68 607 158 68 43 158 68 81 68 76 85
43 487 68 5 68 550 158 68 213 194 543
593 89 50
258 189
43 155
569 68 397 68 158 108 68 339 68 339
283 68 607 68 5 68 241 194 543 68 397 68 617 149 68 5 68 617 149
64 211 68 651 123 68 85 68 503 158 108 68 70 158 108
607 158 85
607 158 68 5 68 607 158 68 81
189 68 124 68 87 449 68 85 68 85 136 479 68 397 68 430 68 430
283 68 607 68 81 68 108 68 241 68 5 68 64 211 108
87 449 68 43 158 68 197 86 68 397 68 397 68 295 149
643 359 68 79 178
258 189 68 593 89 487 359 68 397 68 569 85
189 68 240 550 85 68 446 82 68 607 158 68 189 68 189 68 85 359 389 158 108
189 85 299 149
607 158 68 617 68 397 68 43 158 68 43 158 68 331 487 359 68 607 158 118 68 241 68 241 68 241 359
405
629 68 5 68 331
276 85 68 158 108 68 87 449 68 241 68 241 68 241 68 241 430
593 89 158 68 397 68 397 68 5 68 64 211 108 68 64 211 108 68 64 211 108
570 389 430 68 550 158 118
607 158 68 550 501 68 397 68 607 158 68 607 158 68 189 68 550 501 85
276 85 68 158 108 68 158 108 68 189 68 189
503 158 108 68 189 68 569 68 550 487 359 68 5 189 68 640
5 68 288 68 158 108 68 330 68 330 68 189 68 85 359
593 89 487 68 405 68 158 108 68 158 118 68 79 430 199
189 68 339 68 430 299 389 158 189 68 430 68 189 68 331 430 68 158 108 68 607 158 68 607 158 68 189 68 397 68 189 68 397 68 19 85 359 389 158 118 68 158 118 68 389 158 118 68 389 158 118 68 531 158 118 68 43 158 68 607 158 189 68 607 158 607 158 607 158 527 359 389 430 359 389 430 359 389 430 68 527 359 389 158 390 68 389 237 643 359 68 607 158 68 389 248 194 81
503 189 68 430 68 607 155
153 108 68 189 68 347 158 359
503 189 68 158 108 68 189 68 339 68 339 68 189 68 85 359 68 19 85 68 241 68 19 85 359 68 397 68 397 68 569 68 85 359
189 550 487 359
503 158 108 68 43 158 68 189 68 430 68 81 68 189 68 189
607 158 189
5 68 81 68 397 68 397 68 405 68 189 426 86 199
5 68 288 68 607 158 68 550 501 68 241 359 389 85 359 68 241 359
43 158 118 551
5 68 36 211 390
5 189 85 359
607 158 68 617 68 397 68 5 68 64 211 108 68 64 211 68 64 211
430 199 68 81 68 189 68 158 108
85 430 68 527 149 68 158 108 68 158 108
607 158 68 64 211 189 68 189 68 397 68 397 68 397 68 331 68 397 68 617 68 617 68 617 68 397 68 397 68 397 68 397 68 617
261 86 68 86 68 607 50 68 153 189
261 86 68 43 158 68 81 68 397 68 640
607 158 189
189 68 405 199
607 158 68 550 501 68 189 68 406 155
45 108
607 158 68 607 158 68 189 68 189 68 189 68 538 430 68 85
447 158
527 68 607 158 68 81 68 189 68 347 158
607 158 68 617 68 397 68 607 158 68 43 158 68 81 68 64 211 108
503 158 108
189 68 5 68 54 86 68 517 68 43 158 68 64 211 108
651 123 68 430 68 295 149 68 397 68 19 85 68 19 85
607 158 68 158 68 158 189 68 54 86
43 158 68 501 68 501 85 347 501 68 189 68 331
5 68 288 68 607 158 68 607 158 68 577 68 405 68 405 68 517
189 68 430 68 430 68 64 211 108 68 607 158 68 331 487 359
607 158 68 165 68 527 359 68 607 158 68 321 247 68 397 68 642 211 108 68 189 68 189 68 189 68 397 68 241 430 199
5 68 431 68 43 158 68 569 68 569 68 240 389 158
406 155 108
569 108 68 158 108 68 638 68 5 189 68 241 68 64 211 108
240 211 211 359
607 158 68 527 68 189 68 189 68 331 149
607 155 68 405 68 189 68 331 149 68 5 189 68 170
5 68 288 68 19 85 68 158 108 68 339 68 607 158 68 189 68 389 158 189
607 158 68 617 68 397 68 241 68 241 68 607 158 68 5 189 68 64 211 108
85 359
211 543
569 68 252 155 149
158 108 68 569 68 19 85 359
339 551
5 68 370 68 81 68 5 68 241 68 241 68 241
339 551
397 85 359 68 339 551 68 430 299 180 282
5 68 253 68 189 68 153 189
607 158 189 68 189 68 247 85 359
5 68 240 68 241 68 158 108 68 87 449 68 19 85 68 19 85
607 155 68 550 158 68 339 68 347 501
43 158 189 68 136 479 68 517 359 68 354
527 68 607 158 68 81 68 189 68 501 85 152 389 158 118
201 258 68 607 158 68 189 68 330 359 68 569 68 19 85
607 158 68 617 68 397 68 241 68 241 68 607 158 68 5 189 68 64 211 108
607 158 68 158 68 240 68 241 68 241 68 241 68 640
406 430
5 68 370 68 81 68 158 108 68 430 68 43 158 68 611 74
189 68 607 158 68 607 158 68 189 68 430 68 607 158 68 389 85 359 68 241 68 241 68 241 68 189
197 85
189 68 81 68 607 158 68 81 68 569 68 64 211 108
189 68 607 158 68 258 108 68 446 82 152 258 189
417
503 189 68 5 68 36 149
593 89 158 68 397 68 550 86 68 5 189 68 189 68 417 68 241 68 189 68 189
447 158 68 527 68 430 199 68 5
54 86 68 430 551 68 607 158 68 81
527 68 607 158 68 651 123 68 93 435 334
153 189 551 68 550 501 68 213 68 189 68 550 158 118
5 68 189 68 607 158 68 79 158 108 68 189 68 189 68 64 211 108 68 64 211 108
43 158
503 158 108 68 189 68 189 68 447 158 118 68 241 68 241
261 405 199
79 158 108
189 43 158 118 108
261 158 108 68 81
153 85 68 258 149 68 85 4 108 68 517 85
550 339 68 81 68 81
607 158 68 70 158
527 68 607 158 68 283 68 347 158 359
607 158 68 197 86 85 68 569 68 64 211 108 68 189 68 389 158 118 68 617
189 68 240 211 543 211 149
430 68 527 359 68 54 86
531 158 85 359
5 68 189 68 397
165
527 68 607 158 68 449 68 64 211 108 68 431 68 189 68 85 68 85 359 68 189 68 85 359 68 189 68 397 68 85 359
321 240 211 108 68 241 359
527 68 5 68 87 68 607 158 68 347 501 68 64 211 108
607 158 189 550 158 149
629
607 158 68 240 68 258 85 68 189 68 430 199
43 158 68 527 149 68 189 68 189 68 331 149 68 331 149
607 158 68 607 158 68 241 359 68 189 68 447 158 118
43 86 163 68 405 68 405 68 390 68 430 149 68 241 430 149
240 51 86 68 87 68 189 68 79 158 108 68 189
503 158 359
283 68 517
389 85 359 68 158 108
231 51 86 68 607 68 189 68 617 68 430 68 241 68 430 68 430
569 108 68 430 68 5 68 135 68 5 68 431 68 431 68 241 68 241 68 241 68 241 68 241 68 241 68 241 68 241 68 241 68 517
550 158
261 86 68 43 158 68 45 149 68 569 68 158 108
397 68 507 258 359
189 68 640 68 189 68 189
607 155 68 5 68 397 68 397 68 569 68 19 85 359 68 64 211 108
5 68 288 68 607 158 68 19 85 68 189 266 50 68 241 430 199 85
261 86 68 5 68 397 68 370 68 261 86 68 397
359 389 339
593 89 158 68 253 68 430 85 359
79 430 118 85
241
189 68 158 240 550 487 108 68 569 68 19 85
593 89 158 68 577 68 543 68 607 158 68 189 68 85 359 68 189 68 85 359 68 79 158 118
261 86 68 43 158 68 45 149 68 569 68 158 108
153 108 68 258 68 569 68 446 82 68 241 68 43 158 108 68 241 430 199
339 68 550 501 68 569 68 569 68 430 68 430 68 331 430
527 68 527 68 370 68 517
503 158 108 68 158 108 68 569 68 517 623
447 158 118
43 86 68 593 163 68 640 68 19 85 68 5 189 68 64 211 108
417 85 359
5 68 288 68 64 211 108 68 405 68 517
153 68 258 68 447 158 108 68 295 149
283 68 158 108 68 569 68 397 68 347 158 118 68 19 85 359 68 430 68 189 68 189 426 339 68 189 426 339
5 68 527 68 158 108 68 330 68 5 68 640 68 241 68 640 68 158 108
347 501
43 158 68 5 68 577 68 397 68 607 158 68 607 158 68 253 359
283 68 158 108 68 593 89 501 68 397 68 321 247 85 68 241 68 241 68 241
569 68 607 158 68 550 158 68 406 501 68 64 211
607 158 68 213 194 543 68 189 68 153 189
611 51 82
276 85 68 19
607 68 64 211 68 501 68 331 68 365 430 68 43 158 68 158 108
276 85 68 158 108 68 158 108 68 405 189
54 86 68 370 68 430 299 149 550 158 118
261 86 68 43 158 68 81 68 569 68 64 211 108 68 64 211 108
64 550 158 68 517
189 68 86 163 68 397 68 397 68 170 108 68 170 108
593 163 68 189 68 189
43 155
447 158 68 527 68 430 199 68 5
503 158 108 68 189 68 569 68 79 222 68 19 85 359 68 430 359
5 68 370 68 81 68 569 68 550 158 543
153 68 258 68 430 199 68 405 68 189 68 19 85 68 64 211 108
406 155 108
607 158 68 550 501 68 397 68 607 158 68 430 199 68 189 68 430 199
253 359
569 68 339 68 430 68 406 158 118 68 43 158 118 68 64 211 108
397 68 54 86 68 64 211
64 211 108
503 158 108 68 527 68 527 359 68 354
19 85 68 339
651 123
503 158 108
189 68 607 68 253 68 397 68 397
569 68 527 68 527 68 43 158 68 64 211 108
569 108 68 295 178
503 158 108 68 5 68 527 68 640 68 5 189 68 431 68 640
607 158 189 426 430
5 68 370 68 81 68 607 158 68 81 68 43 158 68 45 108
5 189 68 136 479 68 211
564 68 19 68 569 68 517 82 152 68 339 68 339 68 569 68 64 211 108
43 158 108 258 85 359
503 158 108
240 68 517 85 359
240 211 68 339 68 339
550 158 189 550 158 189
70 158
5 68 607 158 68 527 68 607 158 68 240 211 68 389 158 68 70 189 68 189 68 189 68 189 68 189
527 68 607 158 68 189 68 389 158 189
231 240
43 158 68 593 163 68 405 68 405 68 189 68 189 68 331 149 68 158 149
593 89 158 68 430 68 253 68 241 68 189
85 430 199 211 543
43 158 108 68 550 158 108 68 19
211 543 211 390
503 158 108 68 189 68 189 68 397 68 397 68 397 68 397 68 397 68 397
54 86 68 397 68 447 158 118
503 158 108
564
607 158 68 617 68 397 68 517 68 517 359
447 158 85 359
43 158 68 577 68 197 86
607 158 68 617 68 397 68 43 158 68 43 158 68 331 149 68 158 118 68 158
87 68 124
43 158 68 165 68 405 68 405
197 86 68 640
261 86 68 517
569 68 258 68 611 74 68 158 108 68 19 85 68 430 149
258 68 64 211 68 189
231 51 86 68 651 123 68 189 68 331 149 68 331 487 149
247 85 123 199
607 158 68 550 501 68 397 68 54 86
607 158
64 550 158 68 517
283 68 5 68 370 68 370 68 5 68 241 68 430 199
158 85 359 389 158 189 68 189 211 189 211 189
607 158 569 68 70 189 68 354
43 155 68 607 158 68 607 158 68 527 68 5 68 64 211 108
5 68 593 163 68 550 158 108 68 189 68 189 550 158 189
569 68 531 158 108 68 189 68 390 68 405 85 359
593 89 158 68 611 189 68 611 189 68 397 68 261 86 68 569 68 569 68 397 68 64 211 108
189 68 617 149 68 149
197 86 68 189 68 527 359 68 189 68 189 68 331 430 68 331 430
19 68 189 68 189
611 51 85 359 389 158 118 68 189 68 64 211 108 68 64 211 108 68 64 211 108
527 68 607 158 68 550 501 68 85 359 68 241 68 241 68 241 68 241 68 241 430
261 86 68 397
19 163 68 640 68 241 68 446 68 189
43 158 68 81 68 339 68 211 68 211 543 211 68 607
607 158 68 81 68 397 68 607 158 68 607 158 68 189 68 389 158 118 68 64 211 108
261 86 68 5 68 19 85 68 19 85 68 85 68 64 211 108
211 79 152
611 189 108
258 85 4
283 68 593 89 158 68 607 158 68 389 158 189
253
347 158 68 527 149 68 5 68 213
389 339
189 68 331 149 68 331 149
607 158 68 617 68 397 68 405 68 331 149 68 640 68 640 68 640 68 241 68 241 68 640
405 189 108
5 189
5 68 642 68 253 68 397 68 611 51 86
607 479
397 68 527
283 68 245 449 68 158 108
5 68 258 68 19 85 68 211 251 68 43 158 68 431 68 64 211 108
19 85 359 211 108
611 51 86
569 68 527 68 189 68 241 68 241 68 430 199 68 85 359 68 430 199 68 64 211 108
397 68 642 211 68 405 189
261 86
158 85 359 68 158 108 68 87
564
19 163 68 640 68 241 68 446 68 189
201 258 74
231 51 86 68 283 68 158 108 68 607 68 5 68 241 68 241 68 241 68 5 189
43 155 68 517 68 517
240 4 240
197 86 68 5 68 85 68 189 68 189 68 158 118 108
87 449 68 211 222
5 68 288 68 339 68 397 68 241 68 241 68 241 68 640
153 68 430 68 607 158 68 370 68 569 108
43 86 68 593 89 487 149 68 370 68 569 68 261 86 68 370 68 253
5 68 288 68 607 158 68 550 501 68 241 68 241 430 199
527 68 607 158 68 81 68 170
593 163 68 189 68 189 68 189 266 50 68 36 86
607 158 68 258 108 68 43 158 68 397 68 569
593 89 158 68 79 430 68 241 359 68 241
5 68 431 68 517 82 68 19 85 68 19 85 68 517
64 550 339
64 211 68 430 68 79 359 68 397 68 569 108
247 85 359
607 158 68 607 158 68 43 158 68 81 68 43 158 68 81 68 397 68 43 158 68 43 158 68 81
651 123
405 85
5 68 370 68 81 68 607 158 68 252 199 68 617 149
85 430 199 149
43 50
607 158 68 550 158 68 397 68 5 189 68 501 85 359
607 158
569 68 550 501 68 501 68 240 299 68 569 68 517
593 89 158 68 397 68 397 68 158 108 68 19 85 68 19 85 68 19 85 68 189 68 189 68 189 68 189
79 158 108 68 241 68 5 189 68 295 623
43 158
527 68 64 211 108
85 447 189 643
405 118
153 189 68 295 178
