321 189 503 158
417
153 68 607 158 68 365 430 68 201 258 68 253 68 397 68 19 85 68 607 158 68 569 68 331 149 68 607 158 68 370 68 370 68 370 68 607 158 68 607 158 68 607 158 68 5 189 68 569 68 607 158 68 569 68 569 68 607 158 68 607 158 68 607 158 68 607 158 68 607 158 68 261 86 149 68 569 68 153 189 68 607 158 68 607 158 68 81 68 81 68 261 86 68 261 86 189 68 153
527 68 607 158 68 430 68 189 68 64 211 108 68 607 50 68 331
517 85
189 85 359 194 108
59 158 108 68 19 85 68 211 85
365 430 68 86 68 86
607 68 550 501 68 397 68 5 189 68 240 550 501 68 397 68 189 68 397 68 240 211 68 43 158 68 550 158 68 397 68 43 158 189 68 189 68 607 158 68 189 68 43 158 68 5 189 68 189 68 189 68 607 158 68 607 158 68 607 158 68 607 158 68 607 158 68 607 158 68 607 158 68 607 158 68 607 158 68 607 158 68 607 158 68 550 501 68 5 68 5 189 68 607 158 68 607 68
126 68 617 149 68 158 108 68 158 108 68 158 108
283 68 231 240 68 494 68 189 68 617
635 108
115 479
405 118
507 258
430 85 359
86 85 197
76 85 447 158 68 258
607 158 68 81 68 569 68 5 68 85 447 158 68 189 68 64 211 108 68 640 68 241 68 5 189 68 64 211 108
607 158 68 321 240 68 569 68 64 211
527 68 607 158 68 283 68 189 68 354
283 68 517 68 642 68 370 68 5 68 397 68 339
607 158 68 550 339 359
447 430 438
359 5
5 68 370 68 397 68 339 68 54 86 68 640 68 189 68 640
569 68 543 503 158
49 68 5 68 258 68 431 68 569 68 43 158 68 189 68 79 222 149
197 85
397 108 68 170 108 68 5 189
607 158 68 197 86 85 68 87 68 258 149 68 19 68 201 258 68 19 85 68 397 68 70 158 68 189 68 19 85 68 397 68 189 68 607 158 68 569 68 569 68 569 68 569 68 569 68 569 68 189 68 569 68 569 68 569 68 607 158 108 68 607 158 108 68 201 258 108 68 607 158 108 68 19 68 569 68 607 158 68 607 158 68 201 258 68 201 258 68 201 258 68 607 158 68 607 158 68
153 68 405 68 607 158 68 5 68 394 68 189 68 64 211 108
45 108 68 43 158 68 430 68 569 68 170 108 68 321 240 68 64 211 108
330 359
527 68 607 68 288 68 189 68 211 450 68 397 68 189 68 19 85 68 397 68 569 68 64 211 108
607 155 68 81 68 189 68 397 68 290 85 68 405 85
611 85
189 68 550 501 68 331 149
430 543 389 158 623 68 611 189
564 68 635 149 68 189 68 64 211 108 68 569 68 405 108 68 405 68 405 108
258 149
569 68 611 74 68 607 158 68 505 68 430 149 68 569 68 405 68 149
79 430
86 163 68 136 479
43 158 68 570 211
527 68 607 68 550 501 68 87 68 397 68 85 447 189 68 64 211 108
86 163 68 617 149 68 397 68 54 86 68 397 68 569 68 283 68 397 68 70 158
86 68 593 89 158 68 19 85 68 517 85 68 517 258 149 68 19 85
189 68 405 68 397 68 43 158 68 370 68 5 68 503 158
43 158 68 640
36 108 68 158 108 68 430 68 397 68 79 430
607 155 68 503 158 359
607 68 5 68 347 501 68 189 550 158
405 199 68 54 86
503 189 68 54 86 68 189 68 397 68 54 86 68 569 68 370 68 397 68 569 68 569 68 397 68 397 68 397 68 397 68 397 68 397 68 569
503 189 68 158 108 68 189 68 417 68 430 68 158 108
59 479
339 68 550 155
212 149
607 158 68 569 108 68 642 211
189 68 19 85 68 158 85 68 430
503 189 68 158 108 68 569 68 170 299 68 550 158 189
283 68 607 50 68 237 68 640 68 640 68 170 108
189 68 405 68 405 68 189 531 85 359
5 108
607 68 550 501 68 397 68 517 85 68 517 68 397 68 550 501 68 397 68 550 501 68 550 86 68 397 68 397 68 397 68 397 68 550 501 68 607 158 189 68 569 68 397 68 397 68 189 68 189 68 397 68 569 68 607 569 68 607 158 189 68 550 501 68 550 501 68 550 501 68 550 501 68 607 158 108 68 607 158 68 607 50 68 607 158 68 607 50 68 5 189 68 550 501 68 607 68 607
446 245 449
43 158 68 331 149 68 201 258 68 45 149 68 189 68 43 158 68 331 149
330 359
283 68 430 68 569 68 19 240 68 79 430 68 569 68 64 211 108
189 68 550 501 68 189 68 607 158 68 550 501 68 607 158 68 550 501 68 397 68 550 501
569 68 85 447 158 68 406 155 68 64 211 108
550 158 68 85 347 158 68 43 158 68 253 68 397 68 153 108
607 158 68 5 68 527 68 607 158 68 394 68 64 211 68 64 211 108
189 68 384 68 607 158 68 81 68 569 68 64 211 108
569 68 240 51 85 68 640 68 406 158 68 617
607 68 607 68 607
527 68 607 158 68 81 68 607 158 68 365 152 68 607 158 68 617 149
189 68 43 158 68 252 199 68 5 189 68 405 199 68 124
43 158 68 331 149 68 158 108 68 158 108 68 5 189 68 550 487 359
189 68 543 550 501 68 617 68 331
5 189 389 85 359 389 158 118
19 163 68 570
550 501 68 651 123
231 51 86
607 68 607 68 577 68 577 68 569 68 517 85 359 68 517
527 68 607 158 68 54 86 68 397 68 85 152
607 158 68 527 359 68 201 258 68 370
87 68 397 68 253
283 68 607 50 68 397 68 569 68 397 68 569 68 569 68 569 68 569 68 569 68 240 51 86 550 158 118
607 158 68 197 86 85 68 189 68 406 158 118 68 79 359
503 85
514 199
19 85 68 331 430
4 178
189 68 370 68 607 50 68 5 68 189 68 501 85 347 501 68 397 68 550 501
261 86 68 43 158 68 517 85 68 85 611 189 68 607 158 68 261 86 149 68 153 189 68 153 189
389 158 199 68 240 299 68 241 430
189 68 136 479 68 19 85 68 241 68 430 149 68 430 68 430 68 19 149
5 68 370 68 81 68 430 68 64 211 108 68 241 68 430 359
19 85 68 70 158
283 68 607 50 68 189 68 370 68 607 158 68 258 68 569 68 503 158 68 640 68 240 550 158 68 640 68 640 68 640 68 640 68 569 68 569 68 607 158 240
79 155 149
503 189 68 607 68 370 68 607 50
390 569 68 347 501 68 390
211 394 68 607 158 68 617
189 211 85 359 389 158 189 68 550 158 189
397 68 525
527 68 607 158 68 81 68 189 68 389 570 389 158
611 74
19 85 68 158 85 68 527
258 189
85 359
261 86 68 124 68 607 50 68 189 68 347 501 68 397 68 640 68 640
550 158 359 68 70 158
406 158 85 68 252 155
593 89 158 68 527 68 607 158 68 158 68 79 430 199 68 189 68 79 430
253 503 158 68 189 68 241
607 68 607 158 68 189 68 189 68 212 158 108 68 19 85
503 158
569 68 405 108 68 405 68 189 68 189 68 19 85 68 189 68 189 68 569 68 569 68 240 51 85 347 158 108
211 471 550 158 68 517 85 359
283 68 527 68 607 158 68 135 149 68 43 158 68 64 211 108
607 158 68 384 68 390 68 607 158 68 240 211 68 569 68 405 68 189 68 158 189 68 405 68 531 211 108
64 211 108 68 503 158 108 68 19 85
261 86 68 607 158 68 245 449 68 430 68 397 68 19 85 68 331
5 68 570 389 158 199 108 68 153 189
503 85
189 68 543 68 607 158 68 189 68 447 158 68 64 211 108
527 68 5 68 370 68 370 68 5 68 81 68 569 68 343 543 389 158 543
569 68 543 211 68 430 68 201 258 85 359 68 430 68 569 68 430 68 430 68 569 68 430 199 85 359 389 158 118 68 397 68 397 68 430 199 68 569 68 569 68 569 68 569 68 569 68 569 68 569 68 430 199 108 68 569 68 430 199 108 68 569 68 569 68 430 415 211 108 68 430 68 569 68 569 68 569 68 569 68 569 68 569 68 430 68 569 68 569 68 430 68 430 68 430 68 569 68
43 158 68 331 149 68 577 68 354 68 430 68 189 68 397 68 19 149
194 543
240 302 68 207
189 68 607 158 68 43 158 68 517 85 359 68 517
87 85
593 89 152 68 629
354 68 638
64 211 108 68 79 158 85
550 430 68 339
162
43 155 68 331 149 68 405 68 430 149 68 430 68 43 158 68 19 149
189 266 158 68 4 85 68 397 68 85 379 68 85 68 430 68 640
611 118 108 438 359
19 85 359
43 158 68 42 247 68 607 155 68 81
517 85 4 149
189 149 389 158 118 68 43 158 68 240 194 222
607 68 550 501 68 397 68 638 68 397 68 569 68 569 68 85 136 479
611 189 85
45 108
59 67
5 68 149 68 258 149 68 189 68 89 487 359 68 503 189 68 241
170 108 68 389 349 211 85 359
607 158 68 43 158 68 43 158 68 446 68 517 68 517 68 517
503 158 68 339 68 189 68 70 158 68 79 430
607 68 593 89 487 359 68 430 68 5 189 68 283 68 331 430 68 331
607 158 68 607 158 68 5 108 68 189 68 183 158
635 149 68 640
43 158 68 43 158 68 19 85 68 253
283 68 158 108 68 330 68 446 82 68 19 85 68 201 258 85 68 19 85
189 68 527 68 607 158 68 550 501 68 569 68 405
189 68 550 501 68 569 68 241 430 359 68 397 68 405 68 405 149
397 68 19 85 68 158 108
43 158 68 165
321 189
5 108
241 68 201 258 68 397 68 569 68 189 68 70 189 68 85
517 108
5 68 240 211 68 241 68 158 108 68 569 68 158 108 68 5 189 68 19 85
365 430
607 68 607 68 577 68 189 68 347 158 359
261 86 68 43 158 68 245 449 68 370 68 5 68 19 85 68 64 211 108
430 299 149 68 390 569 68 611 118
194 543
19 85 68 85 4 149
158 189 85 359
231 240
276 85 68 4 240 68 201 258 68 5 68 189 68 538 158 108 68 550 158 543 68 85
370 68 5 68 153
189 68 607 68 569 68 247 68 569 68 550 430 68 569 68 430 68 569 68 569 68 240 51 86
430 222 4
501 85 517 68 70 158
261 86 85 36 85
495 68 79 158 359 68 607 50 68 354 68 189 68 85 359
430 194 211
607 158 68 189 68 570 389 85 359
59 290 258 68 19 211 623
189 68 593 89 158 68 81 68 189 68 79 339 68 283 68 503 158 85 68 158 68 158 108
607 158 68 258 108 68 593 163 68 550 501 68 70 158
197 86 68 607 158 68 569 68 82 68 189 4
170 299
49 68 577 68 54 86
543 211 85 359 389 158 118
607 158 68 158 108 68 158 108 68 211 108
189 68 405 68 158 108 68 405 68 45 108 68 517
64 211 108 68 153 68 158 108 68 5
611 51 359
261 86 68 189 68 331 149 68 19 85 68 19 85
406 158 543
261 86 68 124
79 158 189 643
162 85
501 85 517 68 70 158 68 64 211 108 68 569 68 397 68 569 68 85 347 501 68 569 68 569 68 550 501 68 569 68 397 68 569 68 569 68 569 68 569 68 569 68 569 68 569 68 569 68 569 68 569 68 569 68 569 68 569 68 569 68 569 68 569 68 569 68 569 68 569 68 569 68 569 68 569 68 569 68 569 68 569 68 569 68 569 68 569 68 569 68 569 68 501 85 347 501 68 569
197 85
194 68 430 68 640 68 640
569 68 405 68 162 68 638 68 189 68 617 149 68 170 108
261 86 68 5 68 189 68 85 4 85
54 86 68 397 68 405 108 68 569 68 569
54 86 68 405 68 93 211 543 194 108
64 435 334 108 68 19 85
405 85 178
149 550 86
189 68 153 189 149
197 86 189
607 155 68 258 68 370 68 5 68 153
135 149
611 189
153 68 611 152
231 85 68 354 68 158 108 68 517 85
213 211 68 331 68 197 86 68 261 86 85
201 258 189
607 68 607 68 82 152 68 189 68 397 68 569 68 85 347 501 68 517
503 158 108 68 527 68 158 68 158 108
5 258 85
5 68 370 68 607 158 68 397 68 54 86 68 503 158 68 503 158 108
43 155 68 163 68 258 543 68 5 68 405 68 405 108 68 64 211 108
389 240 68 543 438 359
527 68 607 158 68 431 68 241 68 397 68 569 68 201 85 68 430 68 241 68 241 68 241 68 430
390 569 149 611 189
43 158 51 570 389 158
197 85
64 211 108 68 430 68 569 68 59 240
87 68 517 68 253 68 54 86 68 397 68 397 68 569 68 569
276 85 359
64 211 108 68 507 258
447 158 543 68 93 435 85 68 194
607 68 607 68 43 158 68 43 158 68 81 68 430 359 389 339
569 68 390 68 390 68 241 430 68 189 68 430 68 189 68 430 68 85 347 158 108
261 86 68 43 158 68 45 149 68 430 68 64 211 108 68 241 68 189
642 211 68 85 359
189 68 339 68 397 68 517 68 517 68 354 68 189 68 64 211 108
607 155 68 211 222 68 331
115 479 149
607 155 194
261 86 68 124
261 86 68 527 68 607 158 68 577 68 189
593 89 158 68 258 149 68 189 68 189 68 430 68 569 68 246 68 189 68 569 68 569 68 79 487 149
593 89 158 68 211 108
397 85 321 85
240 211 108
365 430 68 405 68 517 359 68 569 68 431 68 607 50
283 68 149 550 158 108
607 68 5 68 347 85 359 68 430 68 189 68 189 241 359
261 86 68 43 158 68 45 149 68 569 68 79 487 359
607 158 68 550 339 68 211 359
261 86
607 68 550 501 68 397 68 189 68 417 68 64 211 108 68 640 68 640 68 640 68 640
158 108 68 5 189
64 211 108 68 354 68 43 158 68 642
607 68 550 501 68 397 68 241 68 430 68 189 68 189 68 430 68 189 550 158 543 211 543 211 235 68 517
189 68 64 550 158 199 68 640 68 334 68 405 108 68 189 68 158 108
189 68 276 85 68 394 68 339 68 550 501 68 241 68 430
527 68 70 68 607 158 68 258 68 64 211 108
283
170 108
189 68 607 68 5 68 642 68 54 86 68 189 68 189 68 64 211 108
283 68 136 479 68 158 108 68 158 543 211 68 607 158 68 19 68 136 479
569 68 222 68 158 108 68 569 68 550 158 108 68 5 189 68 550 158 149
261 86 68 189 68 577 68 189 68 397
5 68 370 68 81 68 397 68 569 68 638 211 108 68 201 258 68 201 258 68 638 68 638
189 68 158 108 68 607 68 397 68 569 68 503 158 108
390 149 550 158 85
5 189 68 85 359
182 149
397 415
607 158 68 564 68 607 158 68 158 68 165 68 86
241 359 389 85 359
213 194
283 68 430 19 85 68 19 85 68 241 68 640 68 85 4 85 359 68 85 359
503 108 68 189 68 569 68 64 211 108 68 397 68 81 68 43 158 68 43 158 68 85
85 290 85 359
283 68 266 158 68 397 68 85 397 68 85 359
607 158 68 607 158 68 70 158 118 68 642 211
43 155 68 617 149 68 43 158 68 5 189 68 490 68 490 68 405 108
642 211 68 136 479 68 5
405 570 225
501 85 4 189 108 68 611 189 68 85 359
212 85 563 189 85
87 68 49 68 211 68 339 68 85 359
5 68 550 158 450 68 201 258 68 201 258
607 68 569 68 16 158 199
273
503 158
4 85
158 108 68 593 89 158 68 189 550 158 543 68 158 108 68 158 108 68 550 158 108 68 550 158 108 68 607 158 68 550 501 68 607 158 199
503 189 68 503 189 68 42 247
79 158 189 68 45 108 68 417 68 189 68 79 158 118
527 68 607 158 68 635
607 68 569 68 405 68 405
283 68 70 158
43 158 68 564 68 231 240 68 607 158
607 158 68 365 430 199 68 397 68 430 359
607 158 68 54 86 68 397 68 577 68 189 68 189 68 430 68 189 68 430 68 240 211 543 389 158 118 68 189 68 189 68 189 68 189 68 189 68 189 68 189 68 189 68 189 68 189 68 189 266 158 189 68 189 68 189 241 430 241 430 241 430 189 68 189 68 189 68 430 68 430 68 189 266 50 68 189 68 607 479 68 607 50 68 189 68 189 68 189 68 189 68 189 68 189 68 607 479 68
599 211 199
365 430 68 153 68 201 108 68 347 158 118
503 189 68 201 258 68 569 68 290 85 359 68 430 359
503 85
611 51 86 85
321 68 607 158 68 5 189 68 283 68 331
283
501 85 359 68 258 85 359
276 158 74
339 68 607 158 68 5 68 405 85 4
134 415 158 108 68 245 449 68 430
54 86 68 607 68 569 68 330 68 517 68 517
611 189 149
517 85 359 68 517 85
19 79 430 68 397
347 501
607 158 149 194 149
405 194 149 550 158
43 155 68 81 68 607 158 68 5 68 124 68 397
283 68 158 108 68 569 68 569 68 85 347 158 118 68 189 68 430 359 389 85 359 68 189 68 189 68 189 68 397 68 397 68 189 68 189 68 189 68 189 68 189 68 189 68 189 68 189 68 189 426 339 68 569 68 189 68 189 389 158 118 68 430 359 389 158 108 68 430 359 389 339 68 19 85 359 68 569 68 569 68 569 68 569 68 569 68 19 85 347 158 118 68 430 68 339 68 158 108
283 68 136 158 108 222 85 4 85 359
550 158 68 85 347 501 68 569 68 550 501 68 397 68 149
189 68 543 211 68 241 68 189 643
503 108 68 158 108 68 569 68 430 68 517
5 68 370 68 81 68 607 158 68 430 68 446 68 5 68 517
19 85 68 170 68 607 158 68 321 240 68 503 158 68 64 211 108
503 189 68 158 108 68 189 68 45 149 68 417
43 158 68 640
201 258 68 651 123 68 189 68 158 108 68 397 68 85 68 189 68 550 158 543 68 85 68 189 68 189 68 550 158 543 68 189 68 189 68 189 68 189 68 189 68 189 68 189 68 189 68 189 68 189 68 189 68 158 108 68 189 68 189 68 189 68 189 68 189 68 189 68 189 68 189 68 189 68 189 68 527 68 527 359 68 201 258 82 152 550 158 108 68 201 258 68 426 339 68 426 339 68
158 108 68 5 189 68 211 543 211 68 240 211
212 85 68 189 550 487 149
261 86 68 124 68 135 68 569 68 64 211 108 68 405 108 68 405 68 405 108
569 108 68 158 108 68 197 86 68 5 189 68 64 211 108
189 68 76 85 68 507 258 68 405 68 569 68 405 108
430 241 359
261 86 68 86 68 189 68 81
43 158 68 607 158 68 577 68 339 68 64 211 108
64 211 108 68 607 68 397 68 85 359
5
527 68 370 68 5 68 81 68 64 211 108 68 569 68 569 68 70 158
51 86 68 517
607 158 68 405 108 68 79 430 68 640 68 245 449
607 158 118 68 189 550 487 149 68 390 68 397
189 68 394 149 458 149
189 68 607 158 68 607 158 68 447 158 108
79 149
153 189 68 527
197 86 68 494 68 430 68 430 68 19 85 68 64 211 108
258 85 359 211 85
19 152 68 331 149
288 68 135 68 550 501 68 397 68 611 152 68 397 68 397
347 158 85
569 68 430 149 68 517 68 253 359
503 189 68 201 258 68 569 68 85 359 389 85 359 68 189 68 241 359 389 158 118 68 85
241 359 389 85 359
189 68 81 68 189 68 405 108 68 189 266 158 68 81 68 390 68 189
231 449
153 68 430 68 405 68 247 68 607 158 68 81 68 189 68 79 158
213 194 68 5 68 197 86
406 158 149 68 5 68 446 82
211 225
517 68 570 389 158 118 149
43 158 68 252 155 68 158 108 68 19 68 149 68 189 68 70 158 68 550 158 68 70 158 68 550 158 68 607 158 68 397 68 189 68 607 158 68 607 158 68 607 158 68 43 158 68 189 68 189 68 189 68 569 68 569 68 607 158 68 607 158 68 607 158 68 607 158 189 68 607 158 68 70 158 68 43 158 68 607 158 68 43 158 68 81 68 81 68 189 68 607 158 68 43 158 68 43 158
607 158 68 527 68 5 68 288 68 189 68 81 68 607 158 68 19 68 331
261 86 68 43 158 68 517 85 68 370 68 607 68 189 68 5 68 19 85 68 241 68 447 158 68 331
261 86 68 253 68 354 68 19 85
607 158 68 527 68 431 68 640 68 640
501 85 64 211 108
43 158 68 87 68 577 68 339 68 405
197 86 189 68 390 569
19 85 68 331 149 68 640 68 85 152 68 43 158 68 155
19 85 68 158 85 68 527
283 68 158 108 68 85 152 68 85 152 51 85 359
240 211 68 149 550 158 108
5 68 81 68 397 68 569 68 173 68 189 266 50
189 550 501 85 359
405 108 68 569
43 158 68 607 158 68 577 68 79 158 68 430 68 43 158 68 430
503 189 68 5 68 406 501 68 43 158 68 607 479
153 68 93 211 68 189 68 343 189 68 253
503 189 68 201 258 68 569 68 158 108 68 517 85
503 108 68 158 108 68 36 85 152 68 607 68 54 86
611 152
651 123 68 201 258 68 241 68 189 4 149 68 158 108 68 43 158 68 430
49 68 211 68 607 158 68 5 189 68 19 85 68 430 108
201 258 68 59 479 68 189 79 479
158 108 68 5 189 68 531 158 118 68 430 359
19 85 68 331 149 68 640 68 43 158 68 331
438
607 68 70 158 68 5 68 93 51 86 85
197 86 189
288 68 211 68 339 68 85 347 501 68 241 68 189 241 359
339 551 68 158 108 68 397 68 415 211
43 155 68 87 68 503 158 68 370 68 5 68 258 68 19 85 68 19 85 68 397 68 569 68 43 158 68 569 68 397 68 517
283
189 68 19 85 68 640 68 43 158 68 430 68 569 68 158 108 68 550 158 108 68 389 158 118 68 189 550 158 108
607 68 550 501 68 607 158 68 5 189 68 564
87 68 501 85 4 189 68 43 158 68 593 89 487 149 68 261 86
501 85 611 189 68 330 359
569 68 550 158 68 430 68 43 158 68 64 211
283 68 527 68 607 158 68 81 68 397 68 64 550 339 68 85
527 68 607 158 68 564 68 201 258 85
276 85 68 5 189 68 405 108
283 68 607 158 68 5 68 431 68 89 487 149 68 397
503 108 68 189 68 569 68 79 359 68 339 68 397 68 5
70 189 108 68 189 68 638 68 607 68 569 68 158 68 158 108 68 70 158 68 70 158
64 211 108 68 339 68 241 68 640 68 19 85
87 189 68 570 389 339
261 86 68 43 158 68 517
211 247
36 108 68 19 149 68 390 68 189 68 85 347 158 118
5 68 370 68 640 68 189 68 64 211 108
197 86 68 640
607 158 68 389 349 68 397 68 189 68 189 68 85 359
283 68 527 68 569 68 330 68 430 68 569 68 19 85 68 5 189 68 19 85
569 68 64 211 108 68 189 68 189 68 189 68 189 68 290 85 68 189 68 240 211 543 211 543 389 158 543 194 68 189 68 189 68 189 68 189 68 189 68 189 68 189 68 189 68 569 68 189 68 189 68 189 68 189 68 189 68 189 68 189 68 189 68 189 68 189 68 189 68 569 68 569 68 64 211 543 68 569 68 569 68 569 68 569 68 189 68 189 68 189 68 79 602 194 543 211 543 211
54 86 68 607 158 68 237
607 68 550 501 68 397 68 211 543 68 43 158 68 252 155 68 153 68 153 68 153 108
43 158 68 607 158 68 577 68 517 85 359 68 136 479
607 158 68 527 68 607 158 68 288 68 149 68 189 68 607 158 68 331
527 68 607 158 68 79 430 359 68 189 68 189 68 189 68 70 158
607 158 68 527 359 68 189 68 607 158 68 397 68 211
347 158 68 564 68 93 211 68 64 211 108
189 68 231 240 68 607 158 68 397 68 394 85 68 211 68 430
5 68 370 68 607 158 68 569 68 550 430 68 405
258 189 68 237 591 149 68 405 551 68 569 68 85 359
577 68 19 149
64 211 108 68 19 68 397 68 405 108 68 19 85 68 569 68 430 68 19 85 68 569 68 240 211 108
258 108
54 86 68 570 389 85 68 86 86 189
43 158 68 85 152 68 430 68 447 158 68 430 68 569 68 240 550 430 68 240 211 68 240 550 430 68 331
397 68 370 68 397
405 189
405 199
607 158 68 153 189 68 642 211 68 607 479
283 68 607 50 68 593 89 158 68 569 68 290 85 359
503 189 68 253 68 569 68 158 543 389 158 543
261 86 68 593 89 158 68 577 68 397 68 19 85
397 68 54 86 68 64 211
430 241 211 241
87 68 550 501 68 339 68 607 158 68 527 359 68 607 50 68 607 50
189 68 640 68 189 68 359
607 158 68 640 68 240 68 240 4 240 68 4
261 86 68 43 158 68 288 68 638 68 189 68 189 68 550 339
607 68 550 501 68 397 68 5 189 68 240 550 158 68 79 222 68 397 68 158 189 68 240 550 158 68 550 158 68 397 68 640 68 170 152 550 158 189 68 347 158 189 68 569 68 569 68 189 68 189 68 339 68 569 68 569 68 189 68 70 158 189 68 607 158 108 68 189 68 607 158 240 299 68 607 158 68 607 158 68 607 158 68 607 158 68 347 501 68 189 68 607 158 68 607 158 68 607
503 108 68 158 108 68 36 85 152 68 607 68 54 86
321 51 570 643 359
54 86 68 577 68 569 85
85 299
390 68 390 68 390
5 68 189 68 247 68 397 68 290 85 68 189 68 189 68 430 68 397 68 85 68 5 189 68 189 68 85 347 158 118 68 189 68 189 68 189 68 189 68 189 68 189 68 189 68 189 68 189 68 189 68 189 68 189 68 189 68 189 68 189 68 189 68 189 68 189 68 189 68 189 68 189 68 189 68 5 189 68 5 189 68 5 189 68 189 68 189 68 189 68 5 189 68 5 189 68 5 189
569 68 370 68 5 68 390 68 397 68 43 158 68 19
19 68 331 152 68 189 68 19 85 68 447 158 118 68 189
196
240 211 68 331 149 68 370 68 5 68 503 158
607 68 550 501 68 397 68 5 68 430 68 330 68 189 68 189 550 158 543 211 543
290 85
527 68 607 158 68 85 359
405
505
607 158 68 245 449 68 19 85 68 430 149 68 43 158 68 430
258 68 295 149 68 638
495 68 607 68 189 68 611 359 68 430 68 569 68 569 68 569 68 64 211 108
339
607 68 5 68 81 68 189 68 189 68 240 51 86 68 189 68 430 68 241 68 430 199
261 86 68 43 158 68 517
339 68 550 501 68 347 501 68 550 501 68 397 68 577 68 211 68 64 211 108
59 67 68 642 211
86 68 136 99
4 258 149
607 68 607 68 247 85 68 189 68 577 68 569 68 501 85 347 501
607 68 550 501 68 397 68 446 82 68 517 68 446 68 158 108 68 397 68 550 501 68 397 68 517 85
347 501
261 86 68 43 158 68 517
4 85 4
59 479 211
261 86 68 527 68 19 85 68 19 85
149 389 339 68 389 339
283 68 158 108 68 189 68 201 258 85 68 241 68 170 108
629
321 189 68 158 108 68 397 68 85 36 85 359
43 158 108 68 19 85 359 68 430 68 241 68 397 68 189 68 64 211 108 68 569 68 240 51 85
19 85 68 331 430
43 158 68 189 68 447 158 108 68 153 189
607 68 43 158 68 611 85 359 68 430 68 19 68 19 85 68 43 158 68 607 158 68 43 158 68 430 68 19 85 68 19 85 68 607 158 68 607 158 68 607 158 68 43 158 68 43 158 68 43 158 68 19 85 68 19 85 68 607 158 68 607 158 68 607 158 68 19 85 68 607 158 68 19 85 68 607 158 68 607 569 68 607 569 68 19 68 19 68 607 158 68 607 158 68 607 158 68 607
447 158 68 199
607 68 5 68 347 158 118 68 397 68 189 68 189 68 158 108 68 397 68 211 189 68 240 51 86 189 68 5 189 68 397 68 189 68 189 68 189 68 397 68 189 68 43 158 189 68 5 189 68 189 68 430 68 189 68 607 68 607 68 607 68 607 68 607 68 189 68 158 189 68 158 189 68 607 68 5 189 68 5 189 68 607 68 5 189 68 5 68 5 189 68 5 189 68 5 189 68 5
607 158 68 607 155 68 430 68 5 68 241 430 68 64 211 108
430 240 359
321 68 5 108 68 406 158 149 68 406 158 68 211
651 123 68 607 158 68 237 623 68 397 68 569 68 85 68 503 85
85 359 4 158 68 79 158
321 189
231 51 86 68 607 68 189 68 347 501 68 397 68 430 68 430 68 397 68 569 68 240
564 68 607 158 68 211
189 85 36 211
569 68 570 389 158 108 68 162 68 638 68 189 68 189
86 163 68 617 149 68 189 68 397 68 85 36 211 68 170 108 68 397 68 240 51 85
283 68 70 158
85 4 118
153 108 68 81
189 68 70 158 108 68 79 487
149 550 86 68 503 189
86 163 68 617 149 68 397 68 569 68 638 68 569 68 85 379 68 85
607 68 550 501 68 397 68 85 447 189 68 569 68 438 359
241 68 390 68 189 643 359 68 430 299 180 282 118
330 68 4 85 68 240 51 85
211 108 68 430 149 68 266 158 118 68 189 68 189 643 359
189 68 124 68 158 108 68 85 447 158 68 430 68 569 68 85 359 68 430 68 85 359
189 68 527 68 370 68 607 158 68 550 430 68 240 389 158 118
64 211 108 68 5 68 397 68 577 68 397
266 158 68 640 68 640 68 252 199
503 189 68 527 68 149 68 405 85 123 108
115 158
494 68 532 178
607 158 68 494 68 189 68 240 51 108 68 241 68 517
19 68 331 152 68 640 68 158 108 68 397 68 517 68 43 158 68 394 458
115 158
158 108 68 81 68 211 543
607 158 68 527 68 158 108
49 551 68 550 501 85
527 68 339 68 19 85 359
5 68 370 68 81 68 5 68 642
283 68 569 108 68 405 68 607 158 68 189 68 81 68 189 68 354
189 389 158 118 68 640
155 194 85
503 108 68 288 68 135 68 189 68 19 85 68 517 85 68 19 85
406 155 108 68 42 247
36 211 108 68 430 359 389 158 118 85 359
170 240
64 211 108 68 438 359
231 240 68 295 149 68 4 240
153 68 430 68 517 68 86
569 68 158 108 68 339 68 390 68 611 189 68 397
447 158 543 68 93 435 85 68 194
19 85 189
59 67
5 68 370 68 5 68 189 68 201 258 68 201 258 108
517 85 359 389 158 85
240 550 158 152
607 158 68 527 68 231 240 68 607 158 68 19
201 258 68 19 85 68 430 68 189 68 79 430 68 189 68 189 211 390 68 241 68 430 241 68 430 241 68 430 359 389 158 118
266 158 68 569 68 397 68 45 108 68 640 68 189 68 640
222 4 85 359
283 68 527 68 149 68 42 247 68 397 68 517
569 68 347 501 68 430 68 158 108 68 397 68 638 68 569
126 68 617 149 68 5 68 211 68 607 158 68 343 339
189 68 197 86 85 359
607 158 68 330
261 86 68 124
607 158 68 527 85 68 5 68 194
651 123
87 68 135 68 550 158 543 68 158 108 68 339 68 64 211
430 359 4
19 152 68 331 149
261 158 189
189 68 331 152 68 370 68 261 86 68 397 68 189 68 189
607 68 550 501 68 397 68 517 68 43 158 68 85 68 430 68 189 68 85 299
321 247 211
397 68 527 68 158 108 68 64 211 108 68 241 68 5
283 68 430 68 569 68 339 68 359 550 339
36 211 68 607 68 397 68 189 68 570 389 158 118
607 68 5 68 394 68 189 68 570 51 86 68 397 68 5
607 158 68 527
266 158 68 569 68 569 68 394 458
211 543
607 158 68 503 189 68 189 68 570 550 158 108 68 136 479
43 155 68 517 68 155
611 551
527 68 607 158 68 446 82 68 569 68 430 85 359
189 68 222 68 569 68 430 68 43 158 68 43 158 68 430 68 430 68 430 68 70 189
503 108 68 158 108 68 397 68 629 68 189 68 64 211 108 68 64 211 108
321 68 607 158 68 152 68 397
189 68 543 211 68 158 108 68 36 211 390 68 36 189
503 189 85
115 479
211 543
85 359 68 640
189 240 211 241 359
607 155 68 389 158 149 68 611 189 85 359
503 189
87 501 85
283 68 158 108 68 19 68 370 68 607 158 68 81
283 68 607 50 68 397 68 569 68 397 68 569 68 569 68 569 68 569 68 569 68 240 51 86 550 158 118
438 415 68 19 85 68 447 158 108 68 70 158 118
189
115 479
86 163 68 85 152 68 189 68 347 501
261 118 68 64 211 108
261 158 108
651 123 68 19 85 68 201 258 85 359 68 79 487 359
261 86 68 86 149 68 370 68 607 50 68 354
43 158 68 550 158 68 507 211
365 430 68 405 68 517 359 68 569 68 431 68 607 50
261 86 68 527 68 158 108 68 447 158
339 68 550 501
611 189 68 85 331 149 68 189 68 359 389 85 359
261 86
189 68 607 158 68 607 158 68 430 359
405 85 359 68 447 158
43 430
447 430
86 163 68 550 501 68 189 68 397 68 517 623 68 517 68 426 86 68 397 68 607 158 68 397 68 426 86
189 68 607 68 288 68 430 68 295 149 68 201 258 189 68 70 158
86 163 68 430 359 51 359
607 68 550 501 68 397 68 5 68 64 211 108 68 397 68 85 611 51 86 68 85 68 611 51 86
283 68 245 449 68 446 68 5 68 370 68 607 158 68 5 68 19 85
527 68 607 158 68 527 359 68 45 108 68 640 68 85 4
430 299 149 68 79 222 85 222
5 68 59 295 334
359 389 237 359
347 158
87 152 68 394 458
85 379 359 389 85 359
503 189 68 170 68 617 149 68 405 68 42 247
607 479 68 517 359 211 85 359
503 85
283 68 165 68 617 149 68 607 158 68 81 68 405
49 551 68 607 158 68 550 501 68 347 501 68 569 68 70 158 68 70 189
370 68 5 68 321 240
261 86 68 253 68 189
527 68 5 68 550 501 68 189 68 501 85 365 430 199 68 189 68 430 199 68 189 68 189 68 426 86 68 189 68 397 68 189 68 189 16 430 199
406 158 118 85 359
447 158 108 68 397 68 189 68 115 158 68 253 359
240 389 430 149
43 155 68 86 68 5 68 397 68 569 68 339
370 68 640 68 640
189 68 550 158 68 158 108 68 158 108 68 158 108
370 68 611 51 86
283 68 158 108 68 569 68 365 430 199
405 199 68 54 86
87 68 19 79 430 68 397 68 405 108
197 86
5 68 370 68 81 68 5 68 241 68 5 68 5
261 86 68 124 68 5 68 569 68 85 4 211 108 68 240 211 68 517
607 158 68 70 189
611 189 149 389 339
220 211 543 438
189 68 339 68 397 68 253 68 607 158 68 397 68 479
517 85 359
569 108 68 430 68 607 158 68 501 85 347 501 68 189 68 201 258 85 359 68 569 68 241 68 189 68 201 258 85 359
266 50 68 189 68 189 68 397 68 19 85 68 85 359
406 158 240
189 68 607 158 68 607 158 68 503 189 68 79 155 149
213 194 543 68 417
85 4 211 359
607 155 68 19 85 68 397 68 19 85 68 19 85 68 397 68 426 339
347 501 68 240 51 570 389 158 108 68 189 68 570 389 158
76 85 438
607 155 68 5 68 397 68 569 68 569 68 397 68 397 68 64 211 108
5 68 82 68 189 68 607 50 68 405 68 189 68 405 108
288 68 283 68 607 158 68 170 299
220 211
43 158 68 607 479 68 85 152 68 189 68 607 158 68 5 189 68 158 85
527 68 607 158 68 635 108 68 194 108
196
231 240
153 108
4 258
86 163 68 550 501 68 517 68 607 158 68 517
430 299 68 5 68 189
261 86 68 19 85 68 426 86 68 449 68 397 68 211 108
43 155 194
569 68 347 158 68 347 158 118 68 370 68 241 68 5 68 5
607 158 68 550 339 68 397 68 211 85 359
290 85 359 438 359
503 339
607 68 550 501 68 189 68 189 68 19 85 68 430 68 189 68 64 211 108 68 189 68 240 211 108 68 189 68 189 68 189 68 517 68 189 68 189 68 569 68 189 68 189 68 569 68 569 68 189 68 189 68 569 68 569 68 569 68 189 68 189 68 189 68 189 68 189 68 430 68 405 240 211 543 211 108 68 569 68 569 68 607 158 108 68 266 158 68 569 68 405 68 189 68 569 68 569 68
276 85 359
569 68 447 158 118 68 158 108 68 240 51 85
569 108 68 430 68 397 68 189 68 570 389 158 68 607 50
397 68 611 152
607 155 68 5 68 527 359 68 490
19 85 68 70 158
503 158 108 68 527 68 527 68 354 68 85
5 68 370 68 607 158 68 19 68 4 108 68 4
607 158 68 5 68 390 68 241 359 68 189 68 331 149
261 86 68 43 158 68 517
347 501
370 68 640 68 640
503 189 68 201 258 68 347 158 149 68 405 189 68 405 189
54 86 68 85 347 158 68 19 85
503 189
261 86 68 569 68 331 149
19 68 430 68 607 158 68 54 86 68 607 158 68 19
5 68 370 68 397 68 87 68 81 68 201 258
651 123 68 527 68 607 158 68 405 68 640 68 189 68 64 211 108
552 85 359
79 430 299
43 158 68 331 149 68 517 68 370 68 339 68 64 211 108 68 70 158 68 70 158 68 70 158
5 68 370 68 5 68 189 68 447 158 68 640 68 189 68 640 68 640 68 640 68 640
189 643
261 86 68 43 158 68 45 149 68 430 68 189 68 406 158 108
5 68 370 68 81 68 531 158 85 359 68 42 247
290 118
59 158 108 68 59 67 68 430 149
321 247 108 68 569
5 68 82 68 189 68 406 149 68 517 68 19 85 68 517 68 19 85 68 517
261 86 68 170 449 68 64 550 85
607 155 68 81 68 158 108 68 607 158 68 189 68 617 149 68 331
365 430 68 86 68 86
258 108 68 406 479 68 517
531 334 199
36 85 152
258 108 68 406 155 68 240 211
19 85 68 331 149 68 640 68 43 158 68 331
204 173
153 108 68 430 68 189 68 347 158 118 68 569 68 189 68 331 149
153 108 68 527 68 569 68 85 447 158 359
570 435 85
87 68 569 68 640 68 370 68 54 86 68 397 68 211 68 405 68 550 339
189 68 79 158 543 68 201 258 149
86 68 136 479 68 370 68 397
503 339
158 108 68 64 51 86 68 295 334
261 86 68 124 68 5 68 569 68 430 68 550 158 199 68 64 51 108
163 458
531 19 79 359
527 68 607 68 189 68 241 68 569 68 283 68 283 68 503 189 68 79 222 149
430 222 4
189 68 543 211 543 68 446 68 241 430 359 389 158 118
201 258 68 45 67 68 339 68 211 543 211 543
527 68 607 68 406 158 68 189 68 189 68 189 68 347 158 543
43 158 68 607 158 68 347 501 68 189 68 19 85 68 517 85
283
276 85 68 569 68 490
607 68 550 501 68 397 68 189 68 149 550 501 68 43 158 68 517
593 89 158 68 197 86 68 158 108
153 108 68 189 68 253
283 68 70 158
5 68 258 68 124 68 397 68 577 68 189 68 569 68 503 189 68 569 68 569 68 85 347 158 108
189 68 550 158 299 211 623
503 189 68 201 258 68 569 68 430 149 458 68 189 426 339
261 86 68 43 158 68 370 68 5 68 170 149 68 370 68 607 158 68 261 86
569 108 68 197 86 68 405 68 569 68 64 211
611 51 86
593 89 158 68 19 85 68 19 85 68 397 68 19 85 68 550 158 108 68 550 339
276 258 82
189 68 222 240 211 543 68 211 108 68 517
607 158 68 505
405 149 68 64 211 108
503 189 68 86 68 87 68 607 158 68 81 68 397 68 405 68 417
273 68 607 158 68 347 85 359
569 68 155 211 68 405 68 607 68 194 213 194 108
158 570 389 158
569 68 85 152 550 158 68 339 68 5 189
189 68 136 479 68 517 68 405 68 430 149 68 569 68 607 158 68 569 68 569 68 517
212 487
266 50
397 415
607 158 68 82 152 68 189 68 447 430 68 430
447 158 108 68 241 68 550 155
365 430 68 231 240 68 430 68 189 68 431 68 246 68 246 68 246 68 246 68 153 189 68 246 68 246 68 246 68 246 68 246 68 189 68 189 68 189 68 189 68 189 68 189 68 569 68 189 68 189 68 189 68 569 68 569 68 246 68 246 68 246 68 189 68 189 68 189 68 261 86 108 68 261 86 108 68 569 68 569 68 569 68 246 68 261 86 68 261 86 68 261 86 68 569 68 569 68
64 211 108 68 517 258 149 68 43 158 68 258
607 158 68 577 68 397 68 569 68 19 85 68 19 85
607 158 68 642 68 5 189 68 430 68 211 68 405 189 68 211 199
155
607 158 68 527 359 68 607 158 68 593 163 68 85
5 68 82 68 189 68 406 158 149 68 43 158 68 426 86
593 89 158 68 211 68 438 359
201 258 85 359 389 158 118
569 68 85 640 68 406 158 68 89 487 68 339 68 339 68 397 68 339 68 607 158 68 240 51 86
365 430 68 640 68 446
189 68 543 550 158 68 64 211 108 68 339
531 85 359
543 389 430 68 611 189 68 85 359
406 158 108 68 19 85 359 389 158 118 68 189 68 19 85
19 85 359
189 68 99 68 570 389 158 199 68 405 68 405
629 68 430 85 359 389 158 118
245 258
283 68 607 158 68 527 359 68 189 68 607 158 68 19 85 68 550 158 108 68 607 158 68 397 68 550 158 68 607 158 68 397 68 607 158 189 68 607 158 68 607 158 68 569 68 569 68 5 189 68 339 68 339 68 607 158 108 68 607 158 108 68 607 158 108 68 607 158 108 68 607 158 68 607 158 68 569 68 569 68 607 158 68 607 158 68 607 158 68 5 189 68 5 189 68 384 189 68
430 68 389 339 68 550 155
321 189
201 258 189 68 237 623 68 189 68 70 158 68 397 68 70 158
261 86 68 43 158 68 517
283
241 68 201 258 68 397 68 569 68 189 68 70 189 68 85
266 158 68 611 189 68 611 189
189 68 543 211 68 149 550 158 108
339 551
607 158 68 569 108 68 211 471 211
64 435 505 68 246 68 640 68 354 68 70 189
261 86 68 43 158 68 45 149 68 517 68 517
552 85
258 68 607 158 68 607 158 68 211 471 211
43 155 68 517 68 155
189 211 85 359 389 158 543 68 158 108 68 189 643 85
503 85
19 85 68 331 149 68 640 68 189 68 189 68 447 158
19 68 158 108 68 43 158 68 607 158 68 331
189 68 124 68 158 108 68 85 447 158 68 430 68 569 68 85 359 68 430 68 85 359
405 240
4 108 68 640 68 85 447 479
240 550 158 178 68 517 623
85 4 359
339 68 550 501 68 569 68 330 68 430 68 5 68 527 68 607 158 68 222
158 108 68 569 68 527 359 68 550 501 68 607 339
4 108 68 85 359 389 158 118
241 85 359 68 19 85 68 397
552 85 68 252 155 68 158 108
5 68 370 68 81 68 607 158 68 54 654 68 5 108 68 54 654
283 68 64 51 108 68 158 108 68 397 68 189 68 54 86 68 397
189 68 158 108 68 607 158 68 5 68 70 158
43 158 51 570 389 158
607 158 68 447 158 68 85 347 158 68 43 158 68 430
158 240
527 68 569 68 197 86 68 5 189 68 405 85 359 68 189 68 189 68 189 68 189
321 68 87 68 503 189 68 64 211 108
153 68 607 158 68 81
531 359
19 68 331 152 68 569 68 240 211 68 517
365 430
607 68 550 501 68 397 68 390 68 189 68 390 68 189 550 158 85 68 189 68 607 158 68 189 550 158 189 68 189 68 189 68 189 68 189 68 189 68 189 68 189 68 189 68 189 68 189 68 189 550 501 68 189 68 189 68 189 550 158 189 550 158 189 68 607 158 189 68 189 68 607 158 240 550 339 68 607 158 68 607 50 68 607 50 68 189 68 189 68 266 158 68 607 158 68 607 158 68
503 158 68 607 158 68 81 68 231 240
87 68 124 68 607 158 68 577 68 189 68 189 68 70 189 68 211 543 211 543
59 67 247 85 359
258 189 643 359
189 68 240 4 108 68 569 68 430 68 19 85 68 240 211 68 19 85 68 240 211 108
43 158 108 68 19 85 359 68 189 68 241 68 43 158 68 406 211 68 43 158 68 240 51 86
283 68 607 158 68 5 68 397 68 577 68 577 68 19
607 158 68 54 86 68 397 68 54 86 68 370 68 5 68 5 68 189 68 397 68 640 68 640 68 640 68 397 68 397 68 397 68 640 68 640 68 640 68 640 68 640 68 5 189 68 189 68 189 68 189 68 189 68 607 158 108 68 607 158 189 68 607 158 68 189 68 189 68 607 158 240 51 86 68 607 158 68 607 158 68 607 50 68 189 68 189 68 189 68 189 68 189 68 607 158 68 607
5 68 241 68 189 68 347 158 118 68 397 68 569 68 405 68 85 359 68 241 68 569 68 241 68 569
321 27 68 569 68 430 68 64 211 108 68 189 68 201 258 85 68 70 158 68 70 158 68 85 359
19 85 68 447 158 85 359 68 640 68 397 68 331 149
59 479
321 247 438 359
593 163 68 54 86 68 397 68 446 68 158 108 68 189 68 569 68 430 68 189 68 240 211 108
64 211 108 68 81 68 43 158 68 158 68 43 158 68 85 299 68 85 359
189 643 85
43 155 68 417 68 607 158 68 543 550 501 68 607 50
406 149
283
365 430 68 153 108 68 36 158 108 68 19 85
266 158 149 68 569 68 158 108 68 430
503 158 108
51 86 85 68 76 85
527 68 607 158 68 577 68 397 68 253 68 189 68 189 68 189 550 158 543 211
346 211
288
607 158
642 211 68 85 359
45 108 68 70 158 68 153 68 19 85 68 5 68 64 211
5 68 370 68 153 189 68 158 108 68 517
593 89 158 68 189 68 405 68 189 68 189 68 79 222 149 68 19 85 359 68 189 241 68 189 68 189 241 68 397 68 189 241 68 189 68 189 4 189 4 189 68 189 241 68 189 68 189 569 68 189 241 430 397 569 68 189 241 430 149 389 158 108
64 211 108 68 430 68 607 158 68 189 68 19 85 68 241 68 64 211 108
607 158 68 124 68 527 359 68 607 158 68 253 68 405 68 241 68 397 68 405 68 405 68 405
64 211 108 68 430 68 569 68 59 240
189 68 64 211 68 331 68 607 158 68 19 85 68 517
607 158 68 43 158 68 43 158 68 85 68 5 189 68 331
153 68 607 158 68 81
611 240
607 158 194
321 68 471 211 68 607
527 68 354 68 607 68 397 68 64 211 108
593 89 158 68 81 68 611 189 68 611 189
261 86 68 607 158 68 189 68 19 85 359
240 550 158 543
133 68 283 68 189 550 158 222 68 339
593 108 68 607 158 68 397 68 550 501 68 397 68 189 68 405 68 189 68 241 68 189
397 68 430 68 430 68 64 211 108
133 51 85 68 431 241 68 241
261 86 68 607 68 577 68 397 68 569 68 430 68 390 68 426 86
569 68 405 108 68 189 68 390 68 405 149 68 189 266 158 149
43 155 68 617 149 68 158 108 68 19 68 19 68 189 68 79 222
158 108 68 36 149 68 19 85
43 155
64 211 108 68 211 68 70 158 68 397 68 211 68 211 68 211
406 158 85 68 252 155
59 155 68 211 108 68 64 211 108
266 158 108
153 108 68 189 68 253
283 68 517
189 68 629 68 354 68 569 68 108
64 211 108 68 231 240 68 64 211
126
607 158 68 607 158 68 241 359 68 201 258 85 359
564 68 370 68 5 68 577 68 569 68 569 68 85 359 68 241 68 70 158
564 85 359
43 158 108 68 19 85 359 68 430 68 189 68 64 211 108 68 64 211 108
607 158 68 197 86 68 189 68 295 149
397 68 550 158 68 550 155
189 68 503 158 247 85 359 68 45 108
189 68 607 68 569 68 158 543 211 290 85 68 430 68 189 68 85 359 389 158 108
43 158 68 607 68 189
49 551 68 397
43 158 68 550 501 68 86 85 152
607 155 68 231 449 68 43 158 68 417
158 570 389 158
64 211 108 68 397
321 68 446 68 258 149 68 430 68 189 68 19 85
211 247
19 85 68 397 68 397
527 68 170 68 170
201 258 85 359 389 158 118
370 68 607 158 68 19 85 68 607 158 68 331
135 149
261 86 85 36 85
189 68 607 68 330 68 405 68 405 108 68 569 68 430 241 430 149 550 158 108
527 68 266 158 68 543 68 531 85 359 68 569 68 550 487 359 68 397
189 68 339 68 397 68 517 85 68 607 158 68 397 68 85 68 19 85 68 240 51 85 68 240 51 85 68 397 68 397 68 397 68 640 68 569 68 569 68 569 68 569 68 569 68 569 68 569 68 640 68 569 68 569 68 569 68 189 68 85 359 68 397 68 240 51 85 68 85 68 569 68 569 68 640 68 569 68 569 68 339 68 339 68 339 68 397 68 79 339 68 189 68 339 68 339 68 79
149 389 349 531 158 118
43 155 68 607 158 68 577 68 517 68 607 479 68 607 479
43 158 74 68 507 258 68 19
397 68 85 4 64 211
85 640 68 517 85 68 158 108 68 321 189 68 211
283 68 527 68 607 158 68 45
593 89 158 68 527 68 201 258 68 447 158 359 68 19 85 68 19 85 68 241 68 85
503 339
321
607 68 550 501 68 607 158 68 550 501 68 397 68 550 501
87 68 124
593 89 158 68 569 68 211 68 397 68 64 211 108 68 19 85 68 19 85 68 397 68 569 68 64 211 108
258 189 543 211 415
569 68 430 108 68 158 108 68 397 68 517 68 569
503 189 68 158 108 68 189 68 45 149 68 517 68 607 158 68 43 158 68 158 68 158 68 158
189 68 43 158 68 252 199 68 5 189 68 405 199 68 124
607 68 550 501 68 397 68 517 68 517 68 43 158 68 43 158 68 149
158 108 68 36 149 68 283 68 253
4 85
538 339 551
431 68 607 158 68 5 189 68 189 68 331 149 68 70 158 68 70 158 68 70 158 68 70 158
593 89 487 68 189 68 189 68 331
5 68 370 68 241 68 446 68 638 68 189 68 430 68 430 68 430 68 611 189 68 611 74
593 163 68 517 68 241 68 640 68 79 158 189 68 189 68 79 158 543 68 241 68 240 211 108
261 86 68 158 108 68 189 68 611 189 68 617 149 68 517
5 68 370 68 5 68 550 501 68 397 68 431 68 607 158 68 19 68 43 158 68 640 68 640 68 640 68 640 68 397 68 397 68 640 68 569 68 569 68 569 68 43 158 68 43 158 68 569 68 397 68 569 68 569 68 607 158 68 607 158 68 607 158 68 370 68 607 158 68 607 158 68 569 68 569 68 569 68 569 68 607 50 68 370 68 370 68 5 68 5 68 5 68 5 68 5 68 607
607 155 194 68 149 550 501 68 640
5 68 370 68 640 68 81 68 569 68 430 68 19 85 68 430 149 389 158 108
86 68 397 68 494
283 68 430 68 569 68 240 211 68 569 68 405 108 68 85 359 68 397 68 85 359
406 158 149 68 5 68 446 82
153 68 503 189 68 339 68 158 68 158 449 68 503 158 68 503 158
607 158 68 405 108 68 189 68 570 211 68 70 158
607 158 68 70 189
447 158 68 45 108 68 384
569 108 68 430 68 189 68 570 389 158 178 68 189 68 189 68 397 68 550 85 359
59 211
43 158 68 570 211
43 158 68 607 158 68 81 68 405 68 405
158 108 68 569 68 330 68 158 108 68 397 68 85 4 74 68 241 68 517 68 189 68 517
87 152 68 93 211 68 570 389 339
354 551
189 68 543 211 68 430 68 43 158 68 517
607 68 550 501 68 397 68 517 68 517 68 64 211 108 68 405 68 550 158 178 68 189 68 241 68 189
261 86 68 245 449 68 397 68 569 68 430
201 240 302 118
4 85
261 86 68 124 68 135 68 607 158 68 81 68 397 68 85 68 517 68 397 68 43 158 68 64 211 108
51 86 189
397 68 507 258 68 517 258 68 64 211 108
527 68 607 158 68 253
283 68 430 68 241 68 189 68 189 68 617 149 68 397 68 430 68 397 68 64 211 108
43 158 68 607 158 68 347 501 68 81 68 397 68 211 68 64 211 108
4 563 158 359 68 339
635 189 68 517
51 86
36 225
503 108 68 158 108 68 397 68 629 68 189 68 397 68 426 339
527 68 607 158 68 447 158 68 201 258 68 19 85 68 397 68 569 68 85 359
5 68 370 68 81 68 158 108 68 189 68 430 68 240 51 85 68 43 158 68 430 68 611 74
189 68 651 123 68 397
43 158 4 149 258 85
607 50
76 85 359
430 241 359
43 158 68 189 68 85 347 158 68 430 68 397 68 569 68 359
149 550 158 108
607 158 68 640
283 68 607 158 68 189 68 370 68 5 189 68 158 108
64 211
76 85 359
607 68 593 89 158 68 577 68 189 68 64 211 108 68 397 68 397 68 569 68 85 68 85 152 51 86 68 397 68 397 68 397 68 397 68 569 68 569 68 569 68 569 68 569 68 569 68 569 68 397 68 569 68 569 68 569 68 397 68 607 158 108 68 569 68 569 68 569 68 569 68 569 68 569 68 397 68 569 68 569 68 607 50 68 607 50 68 569 68 397 68 170 152 51 86 68 607 50
261 86 68 607 68 189 68 54 86 68 397 68 503 158 68 503 158 68 331
43 158 68 570 211
189 68 339 68 397 68 577 68 517 68 517 68 517 68 517
390 149
261 86 68 124 68 158 108 68 158 108 68 503 189 68 339 68 85 347 158 118 68 85 359 68 85
197 86 68 135 68 158 108 68 240 389 85
201 258
288
569 108 68 19 85
527 68 266 158 68 54 86 68 54 86
283 68 527 68 19 85 68 158 108 68 430 299 211 108 68 405 108
86 163
43 155 68 149 68 417 68 417
64 211 108 68 240 51 86
170 108 68 629
5 68 59 295 334
231 51 86
86 163 68 494 149
527 68 607 158 68 288 68 430 68 550 501 68 397
261 86 68 158 108 68 64 550 158 213
261 86 68 158 108 68 36 149 68 607 50
503 189 68 201 258 68 569 68 290 85 359 68 430 359
283 68 550 501 68 397 68 569 68 569 68 569 68 569
261 86 68 43 158 68 45 108 68 19 85
197 86 85 359 68 426 86
5 68 370 68 81 68 517 68 240 211 68 640 68 189 68 85 379
354 68 165 68 189 68 406 487 149
261 86 68 158 108 68 517 258 68 430
5
85 359
527 68 607 479 68 201 258 85 68 430
189 68 158 240 68 158 108 68 45 149 68 430
503 189
283 68 331 152 68 162 68 162 68 162 68 397 68 189 68 617 149
599 211 108 68 569 68 405 108
397 85 359 389 158 118 85 359 68 189 389 85 359
607 158 68 68 527 85 68 158 68 5
258 68 54 86 68 607 158 68 81
49 68 640 68 569 68 158 85 68 607 158 85
79 359 70 189
43 158 68 149 68 246 68 158 108 68 503 85 359 68 517 85 359
503 85
43 158 68 331 149 68 43 158 68 5 189 68 170 108 68 472 420
397 68 397 68 197 86 85 359
283 68 136 479 68 607 68 5 68 397 68 517
507 258 108
51 86 68 211 240 438 359
43 158 68 189 68 85
54 86 68 405 68 153 189 68 607 158 68 406 158 68 331
321 68 261 86 68 607 158 68 5 189 68 19 85 68 79 222 68 19 85 68 240 211 108
19 85 68 331 149 68 640 68 43 158 68 331
397 68 370 68 397
503 189 68 607 158 68 170 108 68 5 68 503 158 68 569 68 503 189
339 68 550 501 68 149 550 158 108 68 607 158 68 189 68 550 501 68 397 68 550 158 108
240 302 623
261 86 299
430 211 108
494 68 170 152
43 155 68 617 149 68 43 158 68 405 68 189 68 189 68 79 487 149 68 43 158 68 43 158 68 189
64 51 517
276 85 68 158 108 68 158 108 68 189 68 570 389 158 199
607 158 68 577 68 189 550 339 68 19
241 68 5 68 617
4 85
189 68 213 458
261 86 68 158 108 68 397 68 240 51 85 68 19 68 397 68 70 158 68 70 189 68 240 211 68 550 158
607 158 68 494 68 189 68 240 51 85 68 640
43 158 68 390 68 490 68 158 108 68 19 85
507 211 108
514
507 258
527 68 607 158 68 93 51 85 68 397
54 86
4 64 211
189 68 64 211 68 390 68 189 68 390 569 68 173 68 569 68 173
527 68 266 158 68 189 550 339
607 158 68 607 158 68 550 501 68 189 68 19 85 68 64 211 108
503 189 68 158 108 68 189 68 430 68 70 158 68 81
43 155 68 593 163 68 189 68 447 158 68 19 85 68 241 68 19 85 68 43 158 68 149 68 43 158 68 149 68 43 158 68 189 68 189 68 189 68 189 68 43 158 108 68 43 158 108 68 43 158 108 68 569 68 569 68 43 158 108 68 149 68 189 68 189 68 158 108 68 158 108 68 64 211 108 68 569 68 569 68 189 68 189 68 321 569 68 321 569 68 189 68 189 68 240 51 189 68
261 86 68 43 158 68 45 108 68 19 85
182 149
365 430 68 211 108 68 397 68 430 199 68 446 68 4 108 68 4 85 68 240
276 85 68 136 479 68 19 85
531 85 359
162
607 158 68 197 86 85 68 189 68 617 68 397 68 503 158 68 85 68 339
607 68 607 68 5 68 397
49 551 68 517 85
527 68 607 68 189 68 241 68 569 68 283 68 283 68 503 189 68 79 222 149
607 68 550 501 68 397 68 370 68 5 68 81 68 201 258 68 201 258 68 189 68 201 258 68 189 68 5 68 397 68 397 68 189 68 189 68 189 68 569 68 189 68 43 158 189 68 189 68 189 68 189 68 569 68 569 68 201 258 189 68 607 158 108 68 201 258 189 68 189 68 569 68 569 68 569 68 569 68 569 68 607 158 68 201 258 68 201 258 68 201 258 189 68 607 158 68 607 68
70 339
189 68 607 68 253 68 79 359 68 5 68 417
189
611 85 359
607 50 68 370 68 607 158 68 607 158 68 365 430 199 68 397 68 517
503 189
283 68 5 68 81 68 189 68 359 550 339 68 397
607 158 68 197 86 85 68 397 68 569 68 19 85
354
607 158 68 593 89 487 359 68 397 68 189 68 189 68 405 68 64 211 108
321 68 640 68 446 68 5 68 189 68 19 85 68 79 158 189 68 640 68 240 550 158 240 550 158 240 550 158 149 68 640 68 640 68 640 68 640 68 640 68 640 68 640 68 5 189 68 397 68 189 68 640 68 569 68 607 158 108 68 607 158 108
36 149
283 68 505
196
149 389 85 68 295 431
607 155 68 43 158 68 517 68 162 68 638
599 211 108 68 569 68 405 108
64 211 108 68 19 68 397 68 569 68 503 189 68 503 189 68 503 189 68 359 389 158 118
43 158 68 570 389 158 108
64 211 108 68 503 158 68 241 68 158 108 68 189 68 430
64 211 108 68 447 158 623 68 85
85 379
607 158 68 43 158 68 446 68 607 158 68 569
43 155 68 617 149 68 607 50 68 81 68 569 68 390 569
339 359 68 347 158 359
569 68 330 189
85 347 158
607 68 550 501 68 189 68 517 623
158 570 389 158
43 158 68 570 389 158
607 158 68 550 501 68 397 68 5 68 503 158 68 503 158 108
87 68 86 189 68 569 68 5 189 68 89 487 359 68 189 68 331 149
45 108 68 158 108 68 397 68 135 68 189 68 241 68 426 86 68 397 68 5 189
642 68 5 68 59 479 68 261 86 68 607 158 68 81 68 64 211 108
79 359 68 339 68 642 211
651 123 68 430 68 517 85 359
79 430 359
5 68 370 68 153 68 607 158 68 81 68 241 68 405 68 607 50
153 68 240 68 85 4 258 82 68 201 258 68 201 258 68 64 211 68 430 199
283 68 158 108 68 569 68 490 68 552 85 68 258 85 68 430 68 569 68 552 85
642 211 68 570 389 158 543
531 158 85 359
397 68 158 449 68 158 108 68 321 189
501 85 365 430
64 211 108 68 158 108 68 189 68 295 149 68 189 68 19 68 79 158 543 68 189 68 79 158 543 68 189 68 19 149 68 189 68 189 68 189 68 189 68 189 68 189 68 189 68 569 68 189 68 189 68 189 68 19 569 68 79 158 543 211 108 68 19 240 550 158 108 68 79 158 543 211 543 68 79 158 543 211 108 68 19 85 68 79 158 108 68 79 158 543 68 79 158 543 211 543 211 108
19 85 68 430 68 569 68 550 501 68 397 68 550 501
189 68 543 211 68 397 68 211 68 149 550 158 108 68 517 68 517
564 68 447 158 543 68 158 108 68 295 334
390 68 390 68 390
5 68 149 68 611 189 68 158 108 68 5 189 68 570 389 158 199
283 68 70 158
283 68 607 50 68 397 68 19 85 68 189 68 85 152 68 19 85 68 397 68 85
189 68 339 68 397 68 189 68 70 158
158 570 389 158 623
406 155 149 68 417 68 517 85 68 19 85 68 189 68 246 68 246 68 246 68 189
517 68 136 479
288
189 68 607 158 68 607 479 68 189 68 5 189 68 503 189 68 503 158
569 68 245 449 68 85 397 68 5 68 569 68 569 68 569 68 79 158 543 68 569 68 79 158 543 68 397 68 569 68 397 68 189 68 569 68 569 68 569 68 569 68 569 68 569 68 569 68 569 68 569 68 569 68 569 68 569 68 569 68 569 68 569 68 569 68 569 68 569 68 569 68 569 68 569 68 569 68 569 68 569 68 569 68 569 68 569 68 569 68 569 68 266 158 543 211 543 211
158 108 68 5 189
570 211 68 438 415
86 68 607 170 152
607 158 68 197 86 85 68 189 68 85 347 501 68 397 68 85 152
43 158 68 240 51 86 68 136 479 68 354
365 430 68 431 149 68 607 158 68 611
49 551 68 517 85
405 85 178
390
389 85 359 389 158 118 68 241 68 189 241 359
607 158 68 45 4 240 68 431 68 64 211 108
607 158 68 569 108 68 642 211
231 51 86 68 261 86 68 43 158 68 370 68 5 68 261 86
365 430 68 231 240 68 517 623 68 430 68 189 68 430 149 458 68 430
503 108 68 158 108 68 569 68 446 82
76 85 359
79
405 199 85 36 85
211 514
347 158 68 430 68 397 68 149 68 430 68 189 68 390 68 430 149 458 152
607 158 68 527 68 231 240 68 607 158 68 19
283 68 607 68 5 68 638 68 397 68 93 51 86 68 397 68 607 158 68 397
49 68 81 68 397 68 503 158 68 339 68 189 68 70 158
390 85 359
569 68 158 108 68 339 68 390 68 359 389 85 359
503 189 68 158 108 68 189 68 339 68 550 501 68 397 68 85 347 158 108 68 397 68 85 68 397 68 397 68 397 68 397 68 569 68 569 68 569 68 569 68 189 68 569 68 569 68 569 68 569 68 569 68 569 68 569 68 569 68 85 68 569 68 569 68 85 359 68 85 359 68 569 68 569 68 569 68 569 68 569 68 569 68 158 108 68 569 68 569 68 569 68 569 68 569 68 569 68 569
189 68 170 299 68 240 211 68 240 211 68 189
231 240
430 359 68 295 570 51 85
607 158 68 54 86 85 397 68 577 68 189 68 189 68 405 68 43 158 68 85 68 517
261 86 68 43 158 68 45 149 68 607 158 68 81 68 354
607 158 68 593 152 68 607 158 68 550 501 68 241 68 405 68 405 68 64 211 108
503 189 68 607 68 370 68 607 68 189 68 405 68 607 479
261 86 68 507 68 607 68 5 189 68 222 68 158 108
321 170 108
189 85 359 438 359
607 158 68 607 158 68 431 68 158 85 152
607 155 68 81 68 189 68 370 68 5 68 406 158 543
240 211
431 68 640 68 517 68 64 211 108
76 85 359
19 85 68 607 158 68 397 68 189 68 64 211 108 68 569 68 85
354 68 417 68 158 108 68 517 85
43 158 149
283 68 331 152 68 5 68 370 68 43 158 68 617 149 68 189 68 617 149
189 68 240 550 501 68 189 68 331
527 68 607 158 68 288 68 213 194 108
43 158 68 331 149 68 577 68 201 258 149 68 43 158 68 43 158 68 331
283 68 158 108 68 158 108 68 158 108 68 189 68 607 158 68 170 108
577 68 640
607 158 68 330 359 389 158 108 68 158 189 68 331
194 543
397 68 507 50 68 517
607 158 68 447 189 68 261 86 68 261 86 85 68 607 158 68 447 158
417
607 158 68 550 158 108 68 406 501 68 397 68 517
447 158 108
607 158 68 577 68 64 211 108
5 68 370 68 81 68 201 258 68 397 68 607 158 68 5
162 68 640
527 68 70 158 68 79 158 108
86 163 68 389 85 359
607 158 68 197 86 85 68 189 68 158 108 68 189 68 527 359 68 189 68 158 108
211 85 359
607 158 68 527
5 108
359 389 339
507 258
607 158 68 170 108 68 397 68 397 68 569 68 390 68 527 359 68 189 68 189 68 189 68 85 347 158 68 189 68 397 68 189 68 189 68 189 68 189 68 189 68 189 68 189 68 189 68 189 68 189 68 569 68 569 68 189 68 189 68 189 68 189 68 189 68 189 68 189 68 158 108 68 426 569 68 607 158 108 68 607 158 108 68 607 158 68 189 68 189 68 189 68 189 68 607 158 68 607
158 108 68 5 189
153 68 527 68 607 158 68 569 68 569 68 70 158
189 266 50
527 68 607 158 68 397
253 68 5 68 569
136 479 189 68 507 211
261 86
321 68 417
607 68 5 68 54 86 68 397 68 569 68 85 397 68 638 68 5
607 50
258 189 68 390 68 158 108 68 538 430
189 68 405 189 68 405 68 240 194 68 189 68 237 290 85 68 5 68 550 487 149
43 155 68 617 149 68 5 68 370 68 5 68 85 347 501 68 397
283 68 430 359 389 339
204 85
527 68 607 68 54 86 68 397 68 189 68 85 347 158 118
266 50
135 149
406 158 543
347 501
231 449
283 68 158 108 68 330 68 241 359 68 189 241 359 68 85 241 68 85 359 68 241 68 241 68 85 359
43 158 68 550 158 68 507 211
76 85 359
240 550 158 152
607 158 68 4 108 68 5 108
261 86 68 158 108 68 36 149 68 607 50
5
569 68 115 479 68 170 108 68 397 68 569 68 85 359
283 68 70 158
503 189 68 517 68 189 68 447 158 68 79 359
19 149
261 86 68 607 158 68 197 86 85
607 68 5 68 397 68 347 501 68 85 359 68 189 68 19 85 68 397 68 640
503 189 68 607 68 81 68 397 68 569 68 85 347 158 68 189 68 70 189
149 43 158 240 299 505
276 85 68 569 68 85 36 85 152 68 241 68 43 158 68 331
503 108 68 189 68 651 123 108 68 19 85
261 86 68 158 108 68 189 68 64 550 501 68 607 158 68 607 158 68 397 68 607 158 68 331 152 68 607 158 68 607 50 68 607 158 68 607 158 68 607 158 68 607 158 68 5 68 5 68 5 68 189 68 607 158 68 607 158 68 607 158 68 607 158 68 607 158 68 607 158 68 607 158 68 607 158 68 261 86 189 68 5 68 5 68 81 68 81 68 261 86 68 5 68 261 86 189 68 261
43 158 68 136 158 68 577 68 503 158
607 68 5 68 397 68 517 68 43 158 68 64 211 108
261 86 68 43 158 68 45 108 68 569 68 5
607 155 68 211 543 68 158 543 211 68 430
365 152 68 607 158 68 170 152
503 189 68 201 258 68 569 68 158 108 68 359 389 158 118
405 194
189 68 240 550 501 68 189 68 390 68 42 247
347 158 68 16 430 68 339 68 339
607 68 550 501 68 189 68 19 85 68 390 569 68 569 68 390 569
158 108 68 593 89 158 68 211 68 617 149 68 189 68 189 68 19 85 68 397 68 85 68 331 149 550 158 108
261 86 68 189 68 617 149 68 607 158 68 569 68 81
607 68 550 501 68 397 68 43 158 68 517 68 64 211 108
607 158 68 350 85 68 85 379 85
85 4 149
64 211 108 68 19 68 397 68 430 68 569 68 189 68 189 68 19 85 68 397 68 240 51 85 68 189 241 68 397 68 397 68 189 68 569 68 569 68 569 68 569 68 569 68 569 68 569 68 569 68 569 68 569 68 569 68 569 68 189 241 430 397 68 569 68 189 4 85 347 158 240 302 85 4 85 4 85 4 64 211 108 68 569 68 569 68 569 68 569 68 569 68 569 68 569 68 569 68
527 68 569 68 490 68 189 68 447 158 68 406 158 68 241 68 241 68 640 68 240
158 189 85 359
240 211 438
517 85 4 149
607 158 68 447 158 222 85 359
222 4 85
258 68 86 163 68 617 149 68 189 68 397 68 189 68 189 68 64 211 108 68 389 158 108 68 550 158 118 68 550 501 68 397 68 189 68 189 68 189 68 189 68 189 68 189 68 189 68 189 68 189 68 189 68 189 68 189 68 189 68 189 550 158 108 68 189 68 189 68 189 68 189 68 189 68 189 68 638 68 569 68 638 68 638 68 638 68 638 68 638 68 638 211 390 68 638 211 108 68
607 158 68 527 68 5 68 89 487 68 189 68 638 68 261 86
651 123 68 494 68 638 68 189 68 189 213
19 85 68 240 550 158 85 68 158 108
59 290 258 85
593 163 68 397 68 189 68 189 68 607 158 68 397 68 569 68 85 359
134 415 158 108 68 640 68 85 4 85
189 68 607 68 569 68 405 68 241 68 43 158 68 43 158 68 158 68 158 68 5 189 68 43 158 68 43 158 68 397 68 43 158 68 158 68 158 68 240 51 86 68 43 158 68 43 158 68 189 68 189 68 158 68 370 68 189 68 607 158 68 607 158 68 370 68 607 158 68 607 158 68 607 158 68 607 68 607 68 607 569 68 607 158 68 81 68 81 68 5 68 189 68 5 189 68 5 189
339 551 68 133
51 570 68 201 258 68 638 68 153 189
5 68 370 68 87 68 19 85 68 447 158 68 85 68 550 158 108
593 89 158 68 397 68 189 68 570 211 108 68 5 189 68 64 211 108 68 569 68 240 211 108 68 158 108 68 64 211 108 68 64 211 108 68 569 68 569 68 211 108 68 43 158 108 68 569 68 189 68 189 68 569 68 607 158 108 68 607 158 108 68 607 158 108 68 158 108 68 569 68 569 68 569 68 569 68 569 68 569 68 569 68 550 158 68 321 569 68 321 569 68 569 68 569 68 321
321 247 68 158 108
266 158 68 405 108
261 86 68 564 68 503 158 108 68 569 68 85 397
607 68 70 189 68 517 85
321 569 68 570 389 158 118 68 397 68 569 68 569 68 70 189 68 397 68 85
49 68 550 501 68 397 68 330 149 68 19 85 359
5 189 68 450
5 68 189 68 240 211 68 85 447 158 118 68 189 68 241 68 43 158 68 43 158 68 43 158 68 43 158 68 43 158 68 43 158 68 189 68 189 68 189 68 447 158 68 43 158 68 189 68 43 158 68 189 68 189 68 43 158 68 5 189 68 5 189 68 43 158 68 43 158 68 189 68 189 68 43 158 68 5 189 68 5 189 68 5 189 68 43 158 68 5 68 5 189 68 5 189 68 241
43 155 68 617 149 68 517 68 19 68 79 487 149 68 640
397 68 54 86
607 158 68 569 85 347 158 359
569 108 68 201 258 68 397 68 241 68 43 158 68 569 68 517
64 211 108 68 607 50 68 569 68 85 123 108 68 189 68 397 68 85 347 158 118 68 85
261 86 68 43 158 68 517
189 68 607 68 288 68 85 4 258 85 68 390 68 5 189
514 199
189
19 85 68 85 4 149
527 68 569 68 158 108 68 607 158 68 5 189 68 211 543 68 64 211 108 68 211 108
19 68 331 152 68 189 68 19 85 68 447 158 118 68 189
607 158 68 527 359 68 189 68 570 211 68 87
283 68 640 68 640 68 569 68 213 194 108 68 417
5 68 370 68 81 68 607 158 68 189 68 64 211 108 68 189 68 79 553
19 85
283 68 607 158 68 5 108 68 406 430 149 68 211 108 68 550 339
59 155
607 158 68 550 501 68 607 158 68 189 68 158 108
5 68 642 68 201 258 68 397 68 611
43 158 68 607 68 611 189 68 70 189 68 19 85 359
564 68 607 158 68 189 68 430 68 354
607 68 550 501 68 397 68 5 68 64 211 108
201 240 299 211 68 258 85 359 211 108
261 86 68 507 258 68 607 68 81 68 397 68 189 68 550 339
607 158 68 82 152 68 607 158 68 405 68 569 68 153 189 68 331
430 68 70 189 68 170 108 68 170 108
189 68 607 68 253 68 253
5 68 370 68 607 158 68 153 189 68 241 222 68 397 68 85 359 550 339 68 397 68 85
189 149 389 158 118 68 43 158 68 240 194 222
153 68 85 347 158 68 397 68 552 85 68 501 85 68 430 68 19 85 68 153
19 85 359 68 4 85
126 211
158 570 389 158 623
59 67 247 85 359
527 68 607 68 397 68 569 68 569 68 430 68 136 479
261 86 68 19 85 68 426 86 68 449 68 397 68 211 108
86 163 68 550 501 68 189 68 397 68 211 543 68 211 543 68 430 68 550 158 543
330 359
527 68 607 68 569 68 397 68 241 430 359 68 189 68 189 68 189
321 563 158 152
430 299
550 339
5 68 370 68 81 68 253 68 253 68 397 68 503 189 68 569 68 503 158 108
4 4 85
189 149 389 158 118
503 189 68 197 86 68 569 68 85 347 158 149 68 19 85 68 64 211 108
607 158 68 5 68 189 68 503 189 68 503 189 68 158 189
550 158 85 359 68 158 108 68 240 258 85
43 158 68 570 211
43 155 68 240 51 86
430 199 550 158 178
197 86 68 5 68 189 68 183 158 108 68 189 68 43 158 68 158 68 430
4 85 4
162
43 158 68 607 158 68 68 158 68 158 108 68 517 85
607 68 550 501 68 397 68 189 68 79 430 68 569 68 5 189 68 550 501 85
87 68 86 68 607 50 68 397 68 397 68 321 189
197 86 68 241 68 517
197 86 68 70 189 68 211
5 68 370 68 321 240 68 87 68 330 68 189 68 607 50
527 68 607 158 68 288
43 158
43 158 68 570 211
54 86 68 189 68 607 50
211 86 68 170 108
321 68 607 158 68 5 189 68 283 68 331
531 149
330 189 68 570 550 158 108
158 108 68 527 68 370 68 5 68 430
397 415 85
507 258 189
201 258 85 359 68 189 550 158 108 68 517 85
5 68 370 68 81 68 158 108 68 607 158 68 5 68 430 222 4 222 68 19 290 258 149
527 68 607 158 68 577 68 85 222 85 359
503 189 68 197 86 68 295 149 68 64 211 108
189 68 370 68 5 68 81 68 189 68 79 487 359 68 569 68 430 149
283 68 527 68 370 68 370 68 241 68 640 68 19 85 68 640 68 640
189 68 607 68 397 68 43 158 68 211 68 211 136 479
577 68 517 68 397 68 577 68 569 68 85 347 501 68 397 68 189 68 397 68 569 68 240 51 85 359
607 158 68 405 68 189 68 189 68 59 199
59 67
153 68 607 158 68 397 68 5
261 86 68 189 68 64 211 108
321 189
213 194 543 108
64 211 108 68 81 68 5 68 569 68 211 390 68 211 390
79 158 74 68 430 68 430
189 68 222 68 397 68 211 108 68 19 85 68 430 68 19 85 68 430 68 189 550 158 240 211 390 68 397 68 397 68 397 68 189 68 189
5 68 370 68 607 158 68 607 158 68 43 158 68 607 158 68 194
43 158 68 570 389 199 85
43 158 68 331 149
593 89 158 68 611 68 638 68 638 68 5 189 68 569 68 550 158 543 68 397 68 569 68 550 158 543 211 68 397 68 397 68 397 68 569 68 569 68 569 68 569 68 569 68 569 68 569 68 569 68 569 68 569 68 569 68 569 68 569 68 569 68 569 68 550 158 543 211 247 85 68 569 68 569 68 569 68 569 68 569 68 569 68 569 68 569 68 569 68 569 68 569 68 550 158 543 211 543
607 155 68 346 211 68 370 68 430 68 638 68 189 68 189 266 50
153 108 68 201 258 68 330 68 158 543 389 158 118 68 189 68 241 359 389 85
85 4 211 359
517
261 86 68 124
276 85 68 64 211 108 68 517
527 68 569 68 158 108 68 211 68 339 68 79 158 189
49 68 607 158 68 577 68 397 68 569 68 569 68 397 68 330 68 70 158
569 108 68 430 68 79 158 108
189 68 543 211 68 607 158 68 5 189 68 447 158 68 85 68 136 479
19 85 4 118
527 68 607 158 68 81 68 607 158 68 365 152 68 607 158 68 617 149
5 68 370 68 81 68 430 149 68 43 158 68 158 68 64 211 108
43 158 68 607 68 189 68 158 68 295 149 68 430 68 569 68 430 68 43 158 68 43 158 68 43 158 68 43 158 68 153 189
283 68 527 68 607 158 68 5 68 607 158 68 640
406 158 68 607 158 68 189 68 189 68 531 158 149 68 189 68 189 68 158 543 211 543 389 158 108
201 258 68 19 85 68 430 68 64 211 108 68 430 68 19 85 68 430 68 569 68 189 68 430 199
170 108
406 155 149
517 68 607 155 68 642 211 108
197 85
231 51 86 68 283 68 607 158 68 189 68 370 68 5 68 370 68 5 68 397 68 617 149
430 68 570 389 85
153 68 331 149 68 19 85 68 607 479 68 19 68 430 68 19 149 68 43 158 68 153 68 430
339 68 153 68 19 85
651 123 68 246 68 189 68 638
359 389 85 359 643 85 359
405 68 70 158 359
245 258 149
517 211 189
607 68 607 68 5 68 359
406 149
189 240 211 241 359
406 158 68 607 158 68 577 68 569 68 85 4 189 68 246 68 430 149 389 158 108
158 108 68 569 68 330 85 447 158 68 85 359 68 517 118 68 517 85
19 85 68 170 68 607 158 68 321 240 68 503 158 68 64 211 108
517 85
447 158 74
503 189
527 68 5 68 354 68 85 170 108 68 170 108
19 85 68 430 68 135 68 354
149 550 158
607 158 68 81 68 189 68 406 194 149 68 189 68 189 68 5 189 68 531 158 189 68 531 149
430 299 449 68 295 359 389 158 118
430 211 471 211 68 189 68 570 389 430
211 197 86 68 245 85
607 158 68 494 68 189 68 240 51 85 68 241 68 430 68 430
43 158 68 570 211
86 163 68 189 68 246 68 607 158 68 550 501 68 397 68 19 85 68 397 68 569 68 569 68 389 158 118
503 189 68 517 68 569 68 85 241 68 189 68 189 68 405 68 64 211 108 68 64 211 108
503 85
527 68 266 158 68 405 551
86 163 68 89 487 68 253 68 569 68 503 158 68 253 68 397 68 569 68 569 68 569 68 569 68 426 86
5 68 370 68 81 68 607 158 68 527 359 68 417
321 68 241 359
288 68 550 501 68 607 158 68 347 501 68 241 68 569 68 430 68 430 68 569 68 241 68 430
564 68 607 158 68 82 152 68 446 82
194 543
430 299 211 85
261 86 68 43 158 68 245 449 68 370 68 607 158 68 81
153 108 68 189 68 253
447 158 359
19 152 68 331 149
189 68 640 68 640 68 569 68 438 415
43 155 68 607 158 68 5 68 430 68 85 347 158 68 397 68 85 68 189 68 240 211 108 68 189 68 430 68 397 68 189 68 189 68 189 68 189 68 189 68 189 68 189 68 569 68 189 68 189 68 189 68 569 68 569 68 43 158 108 68 607 158 108 68 158 108 68 158 240 550 158 240 51 85 299 68 569 68 569 68 607 479 68 607 158 68 607 158 108 68 5 189 68 607 158 240 51 108
64 211 108 68 405 108
527 68 607 158 68 617 149 68 5
276 85 68 45 108 68 640
241 68 19 85 68 158 108 68 5 68 253 68 397 68 81 68 569 68 517
593 163 68 331 487
569 68 331 487 359 68 397 68 494 68 189 68 81 68 173 68 173
503 108 68 189 68 527 359
211 607 68 629
261 86 68 124
607 68 550 501 68 397 68 162 68 430 68 430 68 430 68 430
45 108 258 85
501 85 611 189 68 405 68 213 458 68 85 4 258 68 64 211 108
503 108 68 189 68 651 123 68 517 623 68 517
593 108 68 19 85 68 397 68 640 68 640 68 446
276 85 68 64 211 108
261 86 68 43 158 68 45 108 68 569 68 79 158 108 68 517 68 517
550 501 68 490
189 68 240 532 68 36 211 68 570 389 158
607 158 68 550 158 543 68 189 68 629 68 170 108
503 189 68 527 68 569 68 550 487 359 68 5 189 68 640 68 640
153 108 68 189 68 253
261 86 68 617 149 68 158 108 68 569
651 123 68 430 68 607 158 68 5 189 68 321 189
365 430 68 503 158 108 68 158 108
170 299
447 158 240 68 505
76 85 359
64 211 108 68 5 68 397 68 569 68 331 430 68 607 158 68 70 158 68 430 68 70 158 68 189 68 5 189 68 70 158
86 163 68 89 487 68 253 68 569 68 569 68 569 68 569 68 550 86 149
406 149
5 68 370 68 43 158 68 446 68 569 68 241 359
87 51 86 68 87 68 569 68 85 379 68 189 68 617 68 241 68 397
607 158 68 54 86 68 397 68 577 68 189 68 189 68 253 68 397 68 189 68 569 68 189 68 189 550 487 359
405 108 68 189 68 170 211 68 607 158 68 170 152
607 158 68 577 68 189 68 189 68 640 68 569 68 334
593 89 158 68 397 68 211 68 550 158 108 68 339 68 85 359
406 19 149
5 68 617 149 68 517 68 19 85 68 430 68 397
36 85 152 68 158 108 68 189 68 430 68 237 235
503 108 68 64 211 68 162
189 149
527 68 607 158 68 5 68 550 158 108 68 446 68 241 68 43 158 68 43 158 68 158 68 43 158 68 158 68 158 68 43 158 68 158 68 158 68 158 68 158 68 43 158 68 43 158 68 189 68 430 199 68 158 68 158 68 43 158 68 158 68 607 158 68 158 108 68 158 108 68 158 68 607 479 68 607 479 68 607 479 68 527 359 68 189 68 638 68 5 68 189 68 607 158 68 607 158 68
153 108 68 189 68 347 158 68 390 68 397 68 189 266 50
569 68 527 68 527 68 607 158 68 220 88
86 163 68 189 68 189 68 64 211 108 68 19 85 68 19 85 68 517 85 68 607 158 108 68 517
494 85 68 158 108 68 149
189 68 640 68 85 517 623 68 189 68 617
189 68 384 152 68 93 211 68 417 68 417 68 189
503 85
64 211 108 68 79 430 240
211 136 339
64 211 108 68 19 85 68 397 68 405 68 19 85 68 569 68 64 211 108
261 86 68 288
390 68 189 68 607 158 68 635 149 68 430 68 19 85
276 85 68 64 211
85 4 211 359
607 158 68 365 430 199 68 189 68 43 158
189 68 550 501 68 494
321 240 211
503 108 68 189 68 569 68 79 359 68 339 68 397 68 5
212 85 563 189 85
201 258
503 189 68 197 86 68 569 68 430 68 569 68 405 85 241 68 241 68 241 68 85
54 86
43 158 68 252 155 68 490 68 405 68 189 68 189 68 189 550 487 149
607 158 68 197 86 85 68 189 68 43 158 68 346 211
189 211 85 359 389 339 68 517 623
189 68 283 68 569 68 85 347 501 68 189 68 397 68 43 158 68 43 158 68 85 359 68 43 158 68 389 158 68 397 68 397 68 517 85 359 68 569 68 569 68 43 158 68 43 569 68 189 68 189 68 569 68 569 68 569 68 189 68 70 189 68 70 189 68 85 359 68 158 68 569 68 569 68 569 68 569 68 569 68 569 68 189 68 569 68 638 68 43 158 68 189 68 189 68 569 68 569
273 68 607 158 68 347 85 359
503 108 68 189 68 651 123 551 68 569 68 5
495 68 527 68 607 158 68 19 85 68 19 85
36 211 108
397 68 85 379
162 85
85 359 389 85
43 158 68 527 68 417 68 406 501 68 397 68 397 68 431 68 431 68 397 68 207
607 68 550 501 68 397 68 85 152 68 201 258 68 70 158
158 108
189 68 405 68 5 108 68 390 68 430 68 19 85 68 430 68 19 85
569 108 68 430 68 569 68 550 501 68 43 158 68 43 158 68 331 149 68 43 158 68 43 158 68 43 158 68 5 68 43 158 68 158 68 158 68 607 158 68 43 158 68 43 158 68 5 189 68 43 158 68 607 158 68 607 158 68 158 68 70 158 68 19 108 68 158 68 607 158 68 607 158 68 70 189 68 569 68 70 189 68 19 85 68 607 158 68 569 68 70 158 68 70 189 68 70 189
607 158 68 607 158 68 397 68 397 68 569 68 517
258 189 240 211 68 64 389 158 623
607 50 68 295 149 68 397 68 593 89 158 68 569 68 19 85 68 19 85 68 5 68 550 158 85
43 155 68 617 149 68 5 68 569 68 607 158 68 405 68 189 68 405 68 607 158 68 617
194 93 51 86
321 68 19 85 68 189 68 213 68 569 68 405 85
5 68 370 68 569 68 158 108 68 19 85 359 68 517 359
288 68 211 68 211 251 68 85 359 68 5 189 68 19 85 68 19 85 68 430 68 19 85
607 158 68 550 501 68 397 68 135 68 189 68 347 501
201 258
197 86 68 405 68 189 68 19 85 68 517 68 211 149 68 430 68 211 543 211 543 211 108
182 149
51 86 68 517
197 86 189 149 643 85
43 155 68 617 149 68 640 68 569 68 19 85 68 5 68 85 68 5 68 64 211 108
397 68 430 68 430 68 64 211 108
607 68 607 158 68 577 68 189
607 68 550 501 68 397 68 5 68 430 68 330 68 189 68 189 550 158 543 389 158 543
189 68 5 108 68 189 68 347 158 623 68 189
339 68 170 449
607 158 68 252 155 68 158 108 68 517 68 640
339 68 79 430 149
607 158 68 19 85 68 158 108 68 5 189 68 430
258 108 68 431 68 607 158 68 397 68 189 68 189 68 189 68 189 68 19 85 359 68 189 68 189 68 189 68 189 68 189 68 189 68 189 68 189 68 189 68 189 68 189 68 189 68 569 68 189 68 189 68 189 68 189 68 189 68 189 68 189 68 638 211 108 68 189 68 189 68 569 68 569 68 569 68 569 68 569 68 569 68 638 68 638 68 189 68 201 240 51 85 347 158 240 51 85 68
607 155 68 231 240 68 569 68 517 68 517 68 397 68 211 68 64 211 108
189 68 593 163 68 430 68 158 108 68 430 68 189 211 247 85
283 68 136 158 108 68 19 85 68 430 68 189 68 397 68 189
201 258 68 330 68 5 189 68 503 189 68 170 108
261 86 68 124
43 158 68 607 158 68 5 68 253 68 607 50 68 253 68 253
135 149
447 158
607 68 607 158 68 5 189 68 430 299 68 397 68 43 158 68 43 158 68 158 68 158 68 43 158
64 211
564 68 447 158 543 68 158 108 68 295 334
607 5 68 527 149 68 162 68 85 68 569 68 246 68 503 189 68 19 85 68 19 85 68 331 149
43 158 68 331 149 68 430 108
503 189 68 253 68 189 68 417
503 108 68 189 68 569 68 611 359
43 158 68 158 108 68 201 258 68 390 68 331
607 68 5 68 607 479 68 431 68 241 68 517 68 397 68 517 68 517 68 240 211 108
283 68 245 449 68 158 108
430 149 68 189 266 158 68 517
611 258 85
43 158 68 165
397 68 54 86
283 68 430 68 569 68 517 623 68 397 68 339 68 397 68 64 211 108
43 158 108 68 19 85 359 68 430 68 189 68 64 211 108 68 64 211 108
283 68 19 85 68 240 389 85 359 68 241 359
527 68 607 158 68 258 68 5 189 68 253
189 68 527 68 569 68 569 68 405 68 405 68 189 68 334 543 389 158 108 68 569 68 189 68 189
231 162
64 211 108 68 517 68 640 68 640 68 5
5 68 370 68 153 189 68 158 108 68 607 50 68 5 189
261 86 68 124 68 569 68 552 359
79 158 108 68 438 359
321 359 68 507 178
153 108 68 201 258 68 569 68 430 149 68 43 158 68 85 299 211 108
189 211 85
5 189
527 68 607 158 68 54 86 149 68 397 68 569 68 19 85 68 19 85 68 569 68 569 68 85
189 68 607 68 330 68 405 199
189 68 64 211 68 390 68 189 68 390 569 68 173 68 569 68 173
577 68 640
36 152
158 240 222 85 359 211 359
321 240 211
245 85 359
431 68 135 149 68 629 68 640
607 158 68 54 86 68 189 68 570 389 158 68 397 68 85 299 68 211 108 68 397 68 517
503 189 68 517 68 607 158 68 527 68 607 158 68 370
607 68 550 501 68 638 211 68 43 158 68 431 68 397 68 438 415
607 158 68 607 158 68 241 359 68 201 258 85 359
64 211 108 68 135 68 64 211 108 68 64 211 108
283 551 68 19 85 68 430 68 189 531 85
261 86 68 43 158 68 45 149 68 354 68 607 569
354 68 607 68 397 68 569 68 417 68 354
261 86 68 86
266 158 68 189 68 629 68 189 68 241 68 430 68 569 68 19 85 68 569 68 204 222 68 204 222
651 123 68 569 68 517 68 189 68 617 68 339
507 211 108
189 68 570 550 158 68 87 623
201 240 299 211 543 211
607 158 68 527 68 5 68 607 158
347 158
503 189 68 158 108 68 347 501 68 189 68 405 68 189 68 19 85 68 397 68 550 158 240 550 158 108
607 68 550 501 68 253 68 5 189 68 290 85 359 68 189 68 569 68 42 247
593 163 68 503 158 68 354 68 607 158 68 607 158 68 607 158 68 331
64 211 108 68 430 68 5 189 68 430 68 569 68 430 199
19
213 211 543 108 68 431 64 211 108
283 68 527 68 370 68 640 68 64 211 108
189 68 607 158 68 577 68 158 108 68 339
245 258 68 438 359 68 517 359
607 158 68 70 189
527 68 607 158 68 365 152 68 153 189
64 211 108 68 339 68 241 68 640 68 569 68 430 68 173
527 68 607 158 68 93 51 85 68 397
240 550 158 543
64 211 108 68 347 501 68 189 68 569 68 85 359
189 68 607 68 397 68 124 68 503 158
405
607 68 5 68 331 68 201 258 85 359 68 158 108
170 299
607 158 149
261 86 68 43 158 68 517
261 86 68 240 550 158 543 68 5 189 68 85 4 189 68 64 211 108
527 68 640 68 640
261 86 68 124 68 607 158 68 19 68 19 85 68 19 85 68 430 68 5 68 569 68 430
189 68 607 158 68 19 79 430 359 68 189
397 68 525
607 158 68 197 86 85 68 189 68 93 435 85 68 189 68 170 108 68 607 68 5 189 68 170 108
430 211 115 479
49 68 543 211 68 417 68 607 158 68 189 68 331
64 211 108 68 611 74 68 569 68 569 68 430 68 430 68 430 68 430 68 240 51 86
430 199
153 108 68 527 68 370 68 5 68 430 68 241 68 5 189
607 158 68 494 68 189 68 240 51 85 68 241 68 339 68 397 68 503 158 68 503 158 68 85 359 550 158 68 397 68 397 68 397 68 569 68 569 68 640 68 640 68 569 68 569 68 569 68 189 68 189 68 339 68 569 68 569 68 189 68 189 68 189 68 189 68 189 68 189 68 569 68 569 68 569 68 569 68 607 158 68 607 158 68 189 68 189 68 266 158 68 189 68 189 68 607 158 68
550 158 108 68 189 68 354 68 201 258 68 527 68 607 158 68 405 68 149
5 68 81 68 397 68 85 347 501 68 189 68 19 85 68 19 85 68 569 68 85 359
276 85 68 19 85 68 253 68 124
321 240 68 245 449
503 85
347 158 68 211 543 68 638 68 569 68 85 347 158 68 64 211 108
86 68 607 68 347 501 68 569 68 430 68 64 211 108
569 68 550 501 68 390 68 390 149
347 501
189 68 607 68 266 50 68 365 430 149
64 211
158 570 389 158
197 86
406 158 68 607 158 68 577 68 569 68 85 4 189 68 246 68 430 149 389 158 108
213 550 501
447 158 240 68 505
79 339
495
86 163 68 617 149 68 397 68 5 68 222 68 19 85 68 79 158 189 68 640 68 640 68 640
607 68 607 158 68 607 158 68 569 68 370
611 189 108
43 155 68 617 149 68 19 68 339 68 189 68 79 158 189 68 79 158 189
5 68 370 68 81 68 607 158 68 81 68 189 68 158 108
607 158 68 86 543 68 397 68 189 68 189 68 19 85 68 79 222 149
517 551 68 189 54 86 68 397
569 68 276 85 359 68 570 389 158 68 638 68 5 68 569 68 85 379
593 163 68 431 68 431 68 611 189
339 359 389 299
607 158 68 593 89 158 68 607 158 68 593 163 68 189 68 64 211 108 68 211 108 68 64 211 108 68 550 158 68 397 68 397 68 189 68 189 68 189 68 189 68 189 68 189 68 189 68 189 68 189 68 189 68 607 158 108 68 189 68 607 158 68 607 158 68 607 158 68 607 158 68 607 158 68 607 158 68 64 211 108 68 607 158 68 81 68 81 68 81 68 189 68 189 68 607 158 68 607
651 123
5
5 68 370 68 607 158 68 607 158 68 607 158 68 593 163 68 93 550 158
43 158 68 331 149 68 283 68 607 50
607 158 68 370 68 397
4 478
64 211 108 68 430 68 569 68 405 68 189 68 79 430 68 64 211 108
607 158 68 68 517 68 5 189
165
189 68 170 152 68 162 68 397 68 569 68 517 68 430 68 42 247
59 479 211
258 222 222
607 158 68 607 158 68 241 68 245 85 152 68 170 108
321 240
261 86 68 86 152 68 397 68 569 68 253
5 68 651 123 108 68 569 68 19 85
503 85
527 68 607 68 85 347 501 68 397
550 339
283 68 527 68 607 158 68 5 108 68 430
86 163 68 70 189
4
283 68 517 68 64 211 108
503 189 68 635 149 68 295 149 68 241 68 245 449 68 246 68 261 86
4 478
570 451
527 68 607 158 68 5 108 68 550 487 85
201 258 68 19 85 68 158 108 68 290 85 359 68 397 68 85 68 430 199 108
133 68 79 178
189 266 50 68 517 359
149 550 158 213
189 68 89 487 359 68 211 4 64 211
49 68 211 68 607 158 68 5 189 68 19 85 68 430 108
189 389 85 359 389 570 389 158 623
189 68 133 68 527 68 607 158 68 45 149 68 430 68 189 68 517
651 123 68 240 68 240 302 108 68 241 68 241 68 397 68 189
201 258 68 81 68 405 108 68 4 108
5 68 370 68 5 68 503 189 68 87 68 569 68 503 189
276 85 68 527 68 158 108 68 5 68 19 163 68 79 222 68 158 108
189 68 165 68 397 68 253 68 503 158
430 211 543 68 5 189 68 82 152
607 158 68 288 68 288 68 527 359 68 607 50 68 339 68 607 158 68 397
494 68 550 501 68 189 68 85 152 68 517 118 68 189 68 430
241 359
5 68 370 68 81 68 430 68 64 211 108 68 241 68 430 359
501 85 611 189 68 162
495 85
86 68 607 158 68 5 108
19 85 68 339
607 158 68 197 85 68 85 347 501 68 397 68 189 68 85 68 430 149 458 68 397 68 43 158 108
607 68 550 501 68 397 68 85 68 517 68 517
197 86 68 397 68 189 68 570 550 501 68 397 68 569 68 397 68 241 68 397 68 569
4 68 43 158 68 430
189 211 251 211
405 199
86 170 299
43 158 68 607 158 68 81 68 5 68 430 68 569 68 430
283 68 607 68 5 68 577 68 430 68 5 68 397 68 569 68 19 68 607 158 68 569 68 607 158 68 607 158 68 397 68 397 68 607 158 240 51 86
197 85
283 68 64 211 68 64 211 108 68 64 211 108 68 158 108 68 389 158 108 68 64 211 108
189 68 339 68 397 68 85 240 51 85 68 569 68 569 68 136 479
197 85
321 247
261 86 68 124
261 158 189 79 158 118
276 85 359
261 86 68 124
503 189 68 237 149 68 607 158 68 81 68 241 68 201 258 189 68 430
283 68 527 68 149 68 638 68 189 491 487 359
339 551 68 158 108 68 87 152
261 86 68 124 68 370 68 5 68 81 68 189
642 108
611 240
607 68 550 501 68 397 68 517 82 68 354 68 517
158 85 64 389 158
86 163 68 617 149 68 201 258 68 5 68 5 68 330
611 152 550 158
59 290 258 359
241 68 5 189 68 201 258 149
240 550 158 543
607 158 68 527 359 68 189 68 607 158 68 397 68 211
607 68 550 501 68 397 68 390 68 569 68 390 85 365 430 199 68 189 68 430 199 68 405 85 347 158 108
283 68 607 68 550 501 68 397 68 517 68 517 68 153 189
283 68 158 108 68 569 68 569 68 85 347 158 118 68 189 68 430 359 389 85 359 68 189 68 189 68 189 68 397 68 397 68 189 68 189 68 189 68 189 68 189 68 189 68 189 68 189 68 189 426 339 68 569 68 189 68 189 389 158 118 68 430 359 389 158 108 68 430 359 389 339 68 19 85 359 68 569 68 569 68 569 68 569 68 569 68 19 85 347 158 118 68 430 68 339 68 158 108
43 158 68 45 206 68 517 68 507 258
343 189 16 415
43 158 68 607 158 68 577 68 517 68 158 108 68 517
283 68 124 68 569 68 85 347 158 108 68 189 68 64 211 108
5 68 370 68 81 68 158 543 68 241 68 189 68 189 68 54 86
569 68 211 471 211 68 211
607 155 68 64 550 501 68 397 68 19 85 68 430 68 569 68 430 68 430 68 241 68 189 68 430 68 430 68 569 68 189 68 189 68 189 68 569 68 569 68 189 68 569 68 569 68 189 68 189 68 189 68 569 68 569 68 430 189 68 430 68 430 68 189 68 638 68 430 68 430 68 569 68 569 68 569 68 569 68 569 68 569 68 569 68 638 68 638 68 638 68 430 68 430 68 569 68 569
564 68 19 85 68 189 550 86 68 170 149 68 5 68 70 158
607 68 569 68 64 211
43 158 68 85 68 158 108 68 405 68 5 189 68 170 68 503 158 68 607 158 68 170 108
577 68 517 68 397 68 54 86 85 359
611 359
189 68 153 189 68 569 108 68 430 68 201 258 85 359 68 240 211 108
517 85 123 108
79 222 68 593 89 158 118
494 68 86 68 86
438 415
321 68 170 68 430 68 189 68 405 189
240 211 108
64 211 108 68 569 68 241 68 431 108 68 64 211 108 68 64 211 108
36 211 108 68 640 68 446 438 359
569 68 347 501 68 189 68 42 247
197 86 68 607 68 189 68 347 158 623 68 189 68 189 68 430 68 430
189
158 108 68 405 68 517 85 438 551
569 68 240 51 570 389 158 108 68 570 389 158 199
19 85 4
607 68 550 501 68 397 68 517 68 397 68 569
347 158
49 551 68 5 68 569 68 390 68 189 68 569 68 569 68 550 85
607 158 68 347 158
283 68 405 68 5
19 85 68 70 158 108
430 19 85 68 85 4 85 359
266 158 68 527 359
189 68 384 152 68 569 68 617 68 189 68 430 68 189 68 211 570 389 158
19 85 68 430 68 211 108 68 354 68 569 68 405 68 19 85 68 43 158 68 19 85 68 64 211 108
283 68 240 211 68 640 68 607 158 68 170 108 68 170 108
43 158 68 211 68 607 158 68 222 68 331 149 68 153 189 68 64 211 108
550 158 543 108
494 68 189 550 158 108 68 5 189
607 158 194
607 68 550 501 68 397 68 189 68 79 430 68 569 68 5 189 68 550 501 85
86 163 68 617 149 68 189 68 405 241 68 640 68 45 108
261 86 68 43 158 68 45 149 68 517 68 517
189 85 359 194 108
607 158 68 197 86 85 68 569 68 64 211 108 68 405 68 189 68 405 68 405
527 68 607 158 68 253
527 68 607 158 68 201 258 68 19 85 68 241 68 70 158
54 86 68 397 68 406 189 68 507
405 258 68 158 108 68 394 149
642 211
611 152
593 89 158 68 577 68 189 68 79 158 189 68 189 68 246 68 70 158 118
162 85 68 550 430
503 189
494 68 5 68 617 149 68 397
405 178
261 86 68 43 158 68 45 149 68 430 68 5 189 68 79 158 189
607 158 68 64 550 501 68 189 68 397 68 397 68 569 68 170 108 68 550 501 68 397 68 397 68 170 152
153 108 68 5 68 370
283 68 331 149 68 370 68 339 68 64 550 158 108 68 43 158 68 331 149
189 68 607 68 331 149
43 158 68 527 68 417 68 162 85 68 158 108 68 189 68 517 68 517
86 68 136 479 68 211 68 211
134 415
527 68 640 68 640 68 617 68 158 108
607 68 517 68 397 68 330 68 5 68 189 68 158 108 68 430 68 189 68 43 158 68 211
86 189
231 240
258 108 68 577 68 189 68 189 68 389 339
5 68 189 68 170 299 68 503 158 108 68 339 68 189 68 189 68 397 68 189 68 189 68 170
211 543
607 158 68 517 68 397 68 446 68 517 359 68 339 68 211 247 222
339 551
189 68 64 550 501 68 189 68 87 178 68 189 68 189 68 189 68 397 68 54 86
564 68 569 68 550 487 359 68 397 68 5
490 68 552 85 359
527 68 607 569 68 211 68 211 82 68 517 68 569 68 517 68 569 68 569
59 479 543 211 68 158 108 68 222
136 479 68 247 85 68 85 379 85
517 85 359 68 517 85
593 108 68 158 108 68 211 68 593 89 487 359 68 339
607 158 68 266 158 68 390 68 527 68 5 68 503 158 68 283
241 359
295 149 68 189 68 189 68 611 118 68 189 68 189 550 487 359 68 430 68 241 68 241 68 189
347 158
5 68 81 68 397 68 569 68 173 68 189 266 50
189 68 405 68 397 68 170 108
607 68 550 501 68 397 68 241 68 517 68 517 68 517 68 397 68 43 158 149
189 68 136 479 68 54 86 68 397
43 158 108 68 19 85 359 68 189 68 295 149 68 43 158 68 43 158 68 629 68 43 158 68 43 158 68 331
5 68 82 68 290 211 68 189 68 240 194 68 569 68 79 487 359
607 158 68 197 86 85 68 397 68 501 68 189 68 189 68 170 299
283
43 158 68 607 158 68 68 158 68 158 108 68 517 85
162 85
503 158 68 607 158 68 397 68 82 68 569 68 405 68 405
211 85 359
43 158 68 331 149 68 211 68 503 189 68 569 68 246 68 189 68 43 158 68 240 211 68 389 158 68 136 479
283 68 607 158 68 5 68 253 68 569 68 290 85 68 430 68 405 68 405 68 241 68 405 108
231 51 86
611 189 108
607 158 68 347 158
607 68 607 68 397 68 170 68 170 68 397 68 85 241 68 241
607 158 68 607 158 68 642 68 189 68 43 158 68 211
158 108 51 189
5 68 550 158 450 68 201 258 68 201 258
430 299 258 85 68 330
64 211 108 68 354 68 189 68 189 68 247 85
266 50
290 258 82
85 607 158 68 370 68 397
607 68 550 501 68 397 68 85 447 158 68 85 68 64 211 108 68 64 211 108
607 68 5 68 331 68 201 258 85 359 68 158 108
64 550 158 149
607 158 68 68 447 158 108 68 241 68 241 68 253
64 211 108 68 19 68 397 68 93 211 450 68 517 68 517 68 517
43 158 68 331 149 68 197 86 68 607 158 68 569 68 426 86 68 426 86 68 607 158 68 397 68 136 479
231 240
43 155 68 81 68 607 158 68 5 68 124 68 397
283 68 607 50 68 370 68 607 158 68 339
189 211 359
447 158 85 4 222
569
86 163 189 68 149
43 155 68 617 149 68 487 149 68 569 68 569 68 261 86 149 68 261 86 149
495
240 74
283 68 607 68 5 68 394 68 405 68 397 68 617 149 68 5 68 617 149
283 68 607 158 68 253 68 85 347 158 68 189 68 426 86
503 158 68 607 158 68 81 68 85 471 211
49 68 211 471 68 189 68 241 68 189 68 189 68 64 211 108 68 64 211 108
64 211 108 68 503 158 68 347 501 68 517 68 517
593 89 158 68 81 68 85 359 68 189 68 189 68 189 68 569 68 331 149 68 70 189 68 331
607 158 68 197 86 85 68 503 158 68 43 158 68 158 68 158 149
189 68 593 89 158 68 607 158 68 365 430 199 68 189 68 64 211 108
347 501 68 494 68 189 68 211 68 550 158 199
503 189 68 527 68 370 68 607 158 68 189 68 640 68 64 211 108
503 85
64 211 108 68 5 68 397 68 577 68 189 68 607 158 68 527 68 607 158 68 5 189 68 211 68 550 158 68 5 68 397 68 447 158 68 158 189 68 189 68 189 68 607 158 68 5 189 68 189 68 430 68 569 68 607 158 68 240 211 189 68 430 68 189 68 158 68 158 68 158 68 158 68 240 550 158 68 240 211 189 68 240 550 158 68 321 189 68 240 211 68 211 74 68 211 74 68 240
501 85 365 430
501 85 359
447 158 4 211
189 68 405 68 197 86 68 158 108 68 189 68 503 158 543 68 430 68 569 68 430 68 405 68 405 68 607 158 543 211 543 258
231 240
212 85
283
397 68 527
197 86
64 211
86 163 68 211 251
189 68 577 68 189 68 158 108 68 189 451
59 158 108 149 389 85 359
397 68 85 4 85
288 68 331 149 68 19 85 68 70 158
5 68 570 389 158 118
607 158 85 359 68 85 379
189 68 494 68 189 68 397 68 85 359 68 5 189 68 170 108
607 155 68 494 68 158 108 68 5 189 68 149 550 501 68 517
76 85 359
283 68 331 152
503 189 108 68 211 222 68 19 85 68 64 211 108
258 189
231 240
261 158 68 149
136 479
189 68 136 479 68 5 189 68 211 390
153 189
501 85 517 68 70 158 68 503 158 68 158 68 607 158 68 258 149
527 68 607 158 68 189 68 570 389 158 623 68 5 189 68 430
430 299 85 359
503 189 68 607 68 54 86 68 397 68 365 430 68 569 68 490 68 189 68 405 68 189
607 158 189 149 389 158 359
115 479 68 5 189 68 394
197 86
295 149 68 430 241 430 359 68 64 211 108
503 85
527 68 607 479 68 19 85 68 19 85 68 241 68 43 158 68 85 359
569 68 222 68 430 68 43 158 68 430 199 68 64 211 108
642 211 108 68 64 211 108
258 68 331 149 68 607 158 68 189 68 638
283 68 85 640 68 517 118 68 158 108 68 397 68 211 543 211
189 68 222 68 397 68 85 347 158 68 19 85 68 70 158 68 331
527 68 266 158 68 405 68 397 68 370 68 5 68 426 86
64 211 108 68 211 68 397 68 569 68 569 68 79 155
321 189 503 158
211 543 643 149
49 68 405 68 417
494 68 370 68 241 68 5 68 189 68 406 158 68 417
86 163 68 617 149 68 397 68 70 158 68 397
43 158 68 593 89 158 68 81 68 569 68 339 68 189 68 397 68 64 211 108 68 64 211 108
189 68 543 211 68 64 389 339 68 447 158
115 479
283 68 607 68 189 550 487 359 68 189 68 170
158 85 359 435 240 389 158 118 68 189 389 158 118
70 158 68 430
43 158 258 108
507 211 108
503 189 68 158 108 68 189 68 45 108 68 640 68 158 108
4
397 68 569 68 81 68 397 68 569 68 64 211 108 68 517 68 569 68 517
503 158 108
59 479 68 446 247 85
59 158 108 68 405 194
607 68 607 68 5 68 211 68 397 68 550 501 68 331 149 68 331 149
196
87 501 85
189 68 4 152
514 199 68 570 389 339
283 68 607 158 68 5 68 593 89 158 68 81 68 189 68 5 189
365 430 68 64 211 108
231 51 86 68 354 68 189 68 211 390 68 64 211 108 68 64 211 108
276 85 68 64 550 339
79 222
126 68 124
494 68 331 152
231 51 86 68 283 68 607 158 68 189 68 370 68 5 68 370 68 5 68 397 68 617 149
189 68 405 68 158 108 68 430 299 258 68 446 68 189 68 43 158 68 517 68 158 543 211 108
503 108 68 158 108 68 397 68 629 68 189 68 397 68 426 339
64 211 108 68 211 543 68 430 68 43 158 68 430 68 211 68 211 108 68 517
85 64 211 108 68 211 108
607 155 68 417 68 189 68 370 68 607 158 68 170 68 170
550 158 68 85 359
76 85 359
503 189 68 635 108 68 503 189 68 503 189 68 503 189 68 165
517 551 68 550 158 149 68 201 258 149
517 68 569 68 503 189 68 170
507 258 199
276 85 68 165 68 426 86 68 397 68 211
501 85 447 158 118 68 607 158 359
321 68 607 68 81 68 211 543 68 569 68 85 347 158 68 430
447 430
211 471 550 158
607 68 550 501 68 397 68 517 68 517 68 93 211 199
611 152 68 211 390
87 68 162 68 640 68 19 68 503 158 68 607 158 68 54 86
49 551 438 359
19 85 68 430 68 189 68 406 158 189 68 331
149
397 68 247 213 194
19 85 68 331 149 68 430 68 569 68 405
651 123 68 607 68 258 149 68 607 158 68 5 189 68 189 68 189 550 158 118
503 189 68 201 258 68 569 68 85 359 68 517 68 569 68 426 86 149
527 68 266 50 68 54 86 68 397 68 189 68 189 68 189 68 397 68 331 487 149
405 194 213
43 158 68 115 189 68 390
283 68 70 158
86 68 370 68 607 569 68 189 68 550 501 68 397 68 211 108 68 569 68 550 85 359
59 67 68 158 543 389 85 299 68 241 222
607 158 68 577 68 189 68 189 68 570 389 158 68 430 68 189 68 331 68 607 68 70 158 68 189 68 189 68 70 158 68 189 68 189 68 189 68 607 158 189 68 189 68 189 68 189 68 189 68 189 68 189 68 189 68 189 68 189 68 607 158 68 607 158 68 189 68 189 68 607 158 68 607 158 68 607 68 607 158 68 607 158 68 607 158 68 81 68 189 68 189 68 189 68 607 158 68 607
189 266 50
211 222 68 570 389 339
339 68 550 501 68 569 68 330 68 430 68 5 68 527 68 607 158 68 222
19 85 68 430 68 19 85 68 19 85 68 189 68 246 68 638 68 569 68 569 68 240 51 149 68 430 68 640 68 640 68 640 68 189 68 569 68 569 68 569 68 569 68 569 68 569 68 569 68 569 68 569 68 569 68 569 68 569 68 569 68 569 68 569 68 569 68 430 149 68 569 68 569 68 569 68 569 68 569 68 569 68 569 68 569 68 569 68 569 68 638 68 430 68 430 68 569 68
