5 189 551
527 68 607 158 68 527 68 5 68 189 68 189 68 189
19 85 68 569 68 569 68 569
283 68 81 68 569 68 397 68 569 68 569 68 569
607 158 68 81 68 189 68 189 68 19 85 359
283 68 19 85 68 569 68 19 85 68 19 85 359 68 569 68 397 68 397 68 397
5 68 81 68 189 68 19 85 68 19 85
19 85 68 569 68 189 68 240 389 158 108 68 189 68 240
607 158 68 607 158 68 607 158 68 64 211 108 68 241 68 64 211 108
19 85 359 389 158 108
43 158 68 81 68 189 68 189 68 189 68 189 68 189 68 189 643 240 389 158
431
4 4 4
261 86 68 245 449 68 569 68 569 68 136 479
64 211 108 68 64 211 108
607 158 68 19 85 359 68 19 85
283 68 5 68 5 68 640 68 640 68 640 68 640 68 640
607 158 68 81 68 189 68 189 68 189 68 241 68 241 68 241
283 68 607 158 68 550 501 68 397 68 64 211 108 68 64 211 108 68 64 211 108 68 241 68 241 68 397 68 64 211 108
43 158 68 640
321 247
261 86 68 245 449 68 397 68 569 68 569 68 569 68 569 68 397
339 551 68 136 479
211 240 211
87 68 81 68 189 68 189
64 211 108 68 569 68 569 68 19 85 68 19 85 68 569 68 640 68 640 68 569 68 640
153 68 158 108 68 569 68 189
405 68 5 189 68 189
153 189
607 479 68 550 501 68 397 68 5 68 5
283 68 607 158 68 19 85 68 397 68 19 85 359
5 189
5 211
64 211 108 68 569 68 85
87 68 550 501 68 189 68 189 68 189 68 189
397 68 241 359
43 158 68 517 68 397 68 189 68 241 430 68 241 359 68 241 68 241 68 241 359
607 158 68 81 68 189 68 189 68 5 189 68 189 68 241 68 517 85
397 68 288
85 365 430 199 108
283 68 158 108 68 640 68 640 68 640
261 86 68 124 68 5 68 5 68 5 68 5 68 5
640
245 449
189 68 45 108
651 123 68 607 158 68 5 68 253
5 68 189 68 189 68 189 68 189 68 189 68 189
261 86 68 607 68 607 158 68 607 158 68 288
321 247
607 158 68 81 68 189 68 189 68 189 68 189 68 189 68 189 68 405
607 158 68 607 158 68 19 85 68 19 85 68 19 85 68 339 68 389 158 108
527 68 607 158 68 607 158 68 607 158 68 527 359 68 607 158 68 607 158 68 607 158
593 163 68 5
321 299 68 136 479
527 68 5 68 397
629
550 158 68 5 68 85 359 68 569 68 19 85
85 359 68 5 68 81 68 569 68 569 68 569
85 359 389 85
54 86 68 124
295 247 68 158 108 68 19 85
288 68 517
283 68 339 68 339 68 339 551 68 339 68 339 68 339 68 339
283 68 158 108 68 569 68 569 68 85 359 68 569 68 85 359
19 85 68 158 108 68 5 68 158 108
64 211 108 68 64 211 108
283 551 68 19 85 359 389 158 108 68 19 85 359
87 68 607 158 68 607 158 68 607 158 68 81 68 189
339 551 68 569 68 339
85 290 85
406 158 543 389 158 118
283 68 158 108 68 397
431
607 158 68 607 68 397 68 397 68 347 501
607 158 68 81 68 189 68 189 68 5 68 5 68 189 68 81 68 189 68 189
389 158 118 68 19 85 359 68 19 85 359
607 158 68 211 543 211 108 68 389 158 118 68 211 108
189 68 4 149 68 640
405 85
503 189
240 389 158
339 68 550 501 68 397 68 397 68 397 68 550 501 68 397 68 397 68 397 68 397 68 397 68 397 68 397 68 397
87 68 81 68 189 68 189 68 19 85 68 19 85 68 19 85 68 640 68 640 68 640
283 68 158 108 68 241 68 241 68 640
64 211 108 68 569 68 569 68 19 85 68 19 85 359
370 68 5 68 5 68 5 68 5 68 517 68 5 68 517 85 68 517 85 68 5 68 5 189 68 5 189 68 640 68 189 68 189 68 43 158 108 68 43 158 108 68 5 189 68 189 68 189 68 189 68 189 68 189 68 189 68 5 189 68 607 158 108 68 5 189 68 5 68 5 68 5 68 5 68 5 68 5 68 5 68 5 189 68 5 68 5 189 68 5 189 68 158 118 68 5 189 68
19 85 68 607 158 68 397 68 189 68 64 211 108 68 241 68 640
607 158 68 527 68 607 158
153 189
43 158 68 81 68 397 68 397 68 5 189 68 5 189
283 68 81 68 189 68 189 68 189
321 149 68 569 68 569 68 569 68 640
79 359
283 68 158 108 68 158 108 68 85 359
406 158 68 607 479
503 189 68 370 68 5 68 5 68 5
153 108
593 163 68 550 501 68 397 68 85 359 68 430 68 430 68 430 68 85 359
85 359 68 85 359
64 108
389 158 199
87 68 158 108 68 5 189 68 189 68 405
607 158 68 550 501 68 189 149
569 68 64 211 108 68 397 68 607 158 68 64 211 108 68 339 68 64 211 108 68 607 158 68 397 68 397 68 397 68 189 68 607 158 108 68 189 68 189 68 607 158 108 68 607 158 68 189 68 189 68 189 68 607 158 108 68 607 158 68 607 158 68 397 68 607 158 68 397 68 397 68 397 68 397 68 397 68 339 68 339 68 397 68 397 68 397 68 397 68 339 68 339 68 339 68 339 68
607 158 68 81 68 189 68 189 68 189 68 189 68 189 68 64 211 108 68 241 68 241 68 189 68 189 68 189 68 640 68 189 68 189 68 189 68 189 68 189 68 189 68 189 68 189 68 189 68 189 68 189 68 189 68 189 68 189 68 189 68 189 68 189 68 607 158 108 68 189 68 64 211 108 68 397 68 5 189 68 5 189 68 5 189 68 158 108
43 158 68 607 158 68 607 158 68 607 158 68 550 501 68 607 158 68 607 158 68 607 158 68 607 158 68 607 158 68 607 158 68 607 158 68 607 158 68 607 158 68 607 158 68 607 158 68 189 68 189 68 607 158 68 607 158 68 607 158 68 607 158 68 607 158 68 607 158 68 607 158 68 607 158 68 607 158 68 607 158 68 607 158 68 607 158 68 607 158 68 550 158 68 550 158 68 607
261 86 68 81 68 189 68 189 68 189 258 149 68 189 68 405 108
5 68 81 68 189 68 189 68 19 85 359 68 19 85
564 68 158 108 68 5 68 85
564
321 247 68 397 68 189 68 397 68 397 68 189 68 189 68 397
261 86 68 245 449
405 85
43 158 68 607 158 68 5 68 5 68 5 68 5 68 5 68 607 158 108
5 189 68 550 501
370 68 5 68 5 68 397 68 397 68 397 68 189 68 397 68 189
607 155
43 158 68 64 211 108 68 64 211 108
19 85 68 607 158 68 189 68 189 68 64 211 108
211 155
283 551 68 569 68 85 359
64 211 108 68 550 501 68 189 68 189 68 189 68 430 68 550 501 68 189 68 189 68 189 68 189
406 158 68 81 68 189
85 379
5 68 517 68 189 68 189 68 241 430 149
527 68 607 158 68 43 158 68 517 68 517 68 189 68 517
64 211 108 68 397 68 189 68 550 501 68 189 68 189 68 189 68 64 211 108
261 86 68 527 68 607 158 68 527
283 68 19 85 68 19 85 68 19 85 68 19 85 68 339 68 339 68 339 68 339 68 607 158 68 339 68 397 68 64 211 108
240 389 158 359
19 85 68 19 85 68 19 85 359 68 640
43 158 68 5 68 5 68 5 68 5
43 158
283 68 607 158 68 81 68 397 68 19 85 359 68 189 68 64 211 108
87 68 370 68 5 68 81 68 189 68 405
153 189
43 158 68 81 68 397 68 397 68 5 189 68 5 189
354
64 211 108
258 149
651 123
64 211 108 68 569 68 19 85 68 19 85 68 19 85 68 158 108 68 189 68 158 108 68 189 68 189 68 189 68 640 68 189 68 189 68 189 68 189 68 189 68 189 68 189 68 189 68 189 68 189 68 189 68 189 68 189 68 189 68 189 68 189 68 189 68 607 158 108 68 19 85 359 68 19 85 359 68 19 85 359 68 158 149 68 158 108 68 158 149 68 158 108
283 68 607 158 68 370 68 5 68 5
339 551 68 550 339
149 550 158 68 149
564
276 85 68 640
43 158 68 245 449 68 569 68 19 85 68 19 85
261 86 68 607 68 607 158 68 81 68 397 68 189 68 189 68 189 68 397 68 397 68 189 68 189 68 189
569 68 5 68 517 258 149 68 5 189 68 5 189 68 5
503 158 68 19 85 68 158 108 68 19 85
64 211 108 68 339 68 64 211 108
283 68 136 158
189 68 5 68 81 68 189 68 85 359 68 5 189 68 640
607 158 68 607 158 68 607 158 68 607 158 68 550 501 68 397 68 64 211 108
531 543 389 158 118
64 211
64 211
261 86
64 85
19 85 68 640
527 68 607 158 68 607 158 68 607 158 68 550 501 68 607 158 68 607 158 68 607 158 68 607 158 68 607 158 68 607 158 68 607 158 68 550 501 68 607 158 68 607 158 68 607 158 68 607 158 68 189 68 607 158 68 607 158 68 607 158 68 607 158 68 607 158 68 607 158 68 607 158 68 607 158 68 607 158 68 607 158 68 397 68 607 158 68 607 158 68 607 158 68 550 158 68 607 158
339 68 550 339
85
64 211
405 85
503 189 68 158 108 68 569 68 339
64 211 108 68 640
276 85
607 158 68 288 68 550 501 68 397 68 189 68 189 68 189 68 640
5 68 81 68 189 68 189 68 397 68 5 189 68 405 85 359
431 68 81 68 189 68 189 68 5 189 68 5 189
635 85 189 108
43 158 68 550 501 68 189
370 68 5 68 550 501 68 189 68 241 359
527 68 607 158 68 81 68 189 68 640
503 189
607 339 68 550 501 68 397 68 569 68 19 85 68 569 68 397 68 397
85
283 68 158 108 68 569 68 397 68 189 68 189 68 189 68 64 211 108 68 241 68 158 108 68 189 68 397 68 64 211 108
64 211 108
85 359 389 85 359
607 158 68 607 158 68 607 158 68 607 158 68 607 158 68 607 158 68 607 158 68 607 158 68 607 158 68 607 158 68 607 158 68 607 158 68 607 158 68 607 158 68 607 158 68 607 158 68 607 158 68 607 158 68 607 158 68 607 158 68 607 158 68 607 158 68 607 158 68 607 158 68 607 158 68 607 158 68 607 158 68 607 158 68 397 68 397 68 397 68 607 158 68 607 158 68 607 158
79 158 108
527 68 5 68 397
43 158 118
569 68 189 68 189 68 189 68 241 359 68 189 68 241 359
503 189 68 158 108 68 569 68 397 68 189 68 189 68 397 68 189 68 397
405
261 86 68 370 68 5 68 397 68 370 68 5 68 397
347 501
240 389 158 85
43 158 68 240
607 158 68 527 68 607 158
397 68 189 68 64 211 108 68 64 211 108
85 5 68 81 68 189 68 189 68 640 68 640 68 5 68 640
569 68 64 211 108 68 189 68 64 211 108 68 189 68 64 211 108
430 68 430 68 430 68 430 199
607 158 68 607 158 68 607 158 68 607 158 68 64 211 108 68 607 158 68 607 158 68 607 158 68 607 158 68 607 158 68 607 158 68 607 158 68 607 158 68 607 158 68 607 158 68 607 158 68 189 68 189 68 607 158 68 607 158 68 607 158 68 607 158 68 607 158 68 607 158 68 64 211 108 68 607 158 68 5 68 5 68 5 68 397 68 5 189 68 5 189 68 339
64 211 108
79 158 108
503 189 108
283
19 85
527 68 607 158 68 201 258 85
51 86 68 189
283 68 136 479
155
240 389 339
245 449
158 108 68 569 68 247 85 359
503 189 68 158 108 68 5 68 189 68 189 68 189 68 189 550 158 108
5 68 81 68 189 68 189 68 189 550 158 118
607 158 68 81 68 189 68 189 68 19 85 68 189 68 607 158 68 64 211 108 68 607 158 68 607 158 68 607 158 68 607 158 68 607 158 68 607 158 68 607 158 68 607 158 68 607 158 68 607 158 68 607 158 68 607 158 68 607 158 68 607 158 68 607 158 68 607 158 68 607 158 68 81 68 81 68 607 158 68 550 501 68 397 68 397 68 397 68 397 68 339 68 550 158 68 550 158 68
64 211 108 68 189
153 189
430 68 430 68 430 199 68 430 68 430 199 68 430 149
365 430 199
211 194
397 68 189 68 189 68 189
64 211 108
283 68 607 158 68 370 68 5
527 68 607 158 68 81 68 189 68 430 199 68 430 68 430 199
339 551 68 241
85 430 68 64 211 108
617
283 68 81 68 189 68 189 68 189 68 189 68 405 85 359
607 479 68 569 68 397 68 569 68 19 85 359
607 158 68 5 68 189 68 189
370 68 5 68 5 68 397
629
211 359 389 339
370 68 5 68 397
607 158 68 81 68 189 68 397 68 189 68 550 158 68 550 158 108
197 86
607 158 68 550 501 68 189 68 339
87 68 607 158 68 550 501 68 189 68 189 68 189 68 189
283 68 81 68 569 68 569 68 569 68 19 85 359
261 86 68 607 68 370 68 5 68 607 158 68 283 68 170
261 86 68 607 68 5 68 397 68 607 50 68 397 68 397 68 189 68 397
607 158 68 550 501 68 397 68 189 68 189 68 189 68 189 68 64 211 108
4 85 359
607 158 68 550 501 68 189 68 189 68 550 501 68 189
359 389 158
446 258
19 85
5 68 607 158 68 43 158 68 607 158 68 43 158 68 241 68 43 158 68 241 68 607 158
527 68 607 158 68 607 158 68 607 158 68 64 211 108 68 64 211 108
607 479 68 5 68 81 68 189 68 5 189 68 5 189 68 5 189 68 5 189
607 158 68 81 68 189 68 189 68 5 68 189 68 189 68 640
5 68 607 479 68 397 68 397 68 397 68 397 68 397 68 397 68 397 68 397 68 397 68 397
607 158 68 81 68 397 68 397 68 5 189 68 5 68 397 68 397 68 397 68 397 68 397 68 189 68 397 68 397 68 189 68 189 68 189 68 189 68 189 68 189 68 189 68 189 68 189 68 189 68 189 68 189 68 405 85 359 389 158 108
607 158 68 288 68 5 68 189 68 241 68 241
64 211 108 68 189 68 189 68 189 68 64 211 108 68 240 211 108 68 241 68 241 68 241 68 189 68 189 68 64 211 108
43 158 68 527 68 607 158 68 607 158
43 158 68 288 68 640 68 640 68 640 68 640
197 86
51 86
149 550 158
617 68 5 68 617 149
405
288 68 640 68 640
607 479 68 189 68 569 68 569 68 19 85 359
261 86 68 607 68 261 86 68 569 68 19 85 68 569 68 397 68 397
43 158 68 81 68 189 68 397 68 5
283 68 81 68 189 68 189 68 189 68 331 149
430 199
607 158 68 607 158 68 397 68 397 68 64 211 108 68 397 68 339 68 397 68 397 68 397 68 397 68 397 68 397 68 397 68 397 68 359
189 68 158 108 68 430 68 430 199
240
611 51 86
153 189
211 155
607 158 68 81 68 189 68 189 68 189 68 19 85
283 68 607 158 68 81 68 189 68 430 68 189 68 189 68 550 501 68 397 68 189 68 189 68 189 68 189 68 189 68 189 68 189 68 189 68 189 68 189 68 189 68 189 68 189 68 189 68 189 68 189 68 189 68 189 68 189 68 189 68 64 211 543 211 543 211 543 389 158 118
607 158 68 550 501 68 397 68 189 68 189 68 189 68 189 68 189 68 189 68 241 68 189 68 189 68 189 68 189 68 189 68 189 68 189 68 189 68 189 68 189 68 189 68 189 68 189 68 189 68 189 68 189 68 189 68 189 68 189 68 189 68 189 68 189 68 189 68 189 68 189 68 189 68 241 163 68 241 430 68 5 189 68 5 189 68 5 189 68 5 189 68 241 430 68 241 158 118
19 85 68 158 108 68 339
245 449
370 68 5 68 397 68 640
607 339 68 550 501 68 397 68 397 68 85 359 68 5 68 397 68 189 68 397
397 68 550 501 68 189
550 430
5 68 81 68 189 68 5 189
158 108 68 550 501 68 397 68 189 68 189 68 189 68 241
295 247 68 19 85 68 19 85 68 19 85
283 68 19 85 68 569 68 19 85 359 68 19 85 359
283 68 607 158 68 607 158 68 607 158 68 607 158 68 607 158 68 64 211 108
552 85 359
607 158 68 607 158 68 607 158 68 607 158 68 550 501 68 397 68 64 211
79 158 108
430 149
397 68 5 68 397 68 397 68 397 68 397 68 397 68 397 68 397 68 397 68 397 68 397
607 479 68 370 68 5 68 397 68 569 68 569 68 569 68 569 68 397 68 397
607 158 68 5 68 85 359 68 569 68 85 359 68 569 68 85 359
607 479 68 607 158 68 607 158 68 607 158 68 607 158 68 607 158 68 607 158
531 158 68 19 85 359
276 85 359
43 158 68 517 68 64 211
405 199
43 158 68 158 68 158 108 68 19 85
276 85 68 339 68 397 68 189 68 241 359 389 158 118 68 241 68 241 359
370 68 5 68 81 68 189 68 189 68 189 68 189
283 68 607 158 68 19 85 68 569 68 19 85 359 68 339 68 339 68 397 68 607 158 108
531 158 118
261 86 68 124 68 607 158 68 607 158 68 550 501 68 397 68 550 501 68 397 68 607 158 68 189 68 189 68 189 68 397
288 68 5 68 241 68 241
19 85 68 85 359
283 68 136 158
607 158 68 642 211 108 68 241 68 241 68 241 68 241
430 68 430 199 68 430 199
19 85 68 158 108
290 85 359
283 68 607 158 68 5 68 241 68 241 359 68 241 359
569 68 45 108 68 5 68 569 68 569 68 405 68 405
240 211
503 189 68 81 68 189 68 189 68 189 68 189 68 189
607 158 68 5 68 397 68 397 68 397 68 397 68 397 68 397 68 397 68 397
261 86 68 124 68 370 68 5 68 81 68 569 68 569 68 569 68 397 68 397
283 68 569 68 397 68 85 359 389 85 359
569 68 569 68 85 359
43 158 68 527 68 607 158 68 607 158 68 607 158 68 607 158
283 68 170 68 607 68 5 68 170 299
64 211 108 68
607 158 68 527 68 5 68 81 68 569 68 331 149
231 240
51 86
283 68 136 158
245 449
64 211 108 68 550 501 68 397 68 430 68 430 68 430 68 430 68 430 149
288 68 607 158 68 397 68 397 68 397 68 397 68 397 68 397 68 397 68 397 68 397
43 158 68 550 501 68 397 68 189 68 19 85 359
85 4 85
503 189
64 211 108 68 397 68 64 211 108
85 359 68 158 108 68 189
43 158 68 211 543 211 68 397 68 241 68 211 299 68 241 68 241 68 241 359
201 85 68 5 68 85 359 68 397 68 241 359
64 435 85
503 189 68 642 211
527 68 607 158 68 5 68 5
397 68 642 108
607 158 68 70 158 149
607 68 5 68 397 68 189 68 397
607 479 68 5 68 189 68 397 68 189 68 5 189 68 189
85 359 68 5
64 211 108 68 397 68 189 68 550 501 68 397 68 189 68 64 211
607 479 68 189 68 189 68 64 211 108
617
43 158 68 81 68 189 68 189 68 189 68 189 68 189 550 158 118
231 240
283 68 569 68 64 211 108 68 569 68 569 68 569 68 240 389 158 108
5 68 517 68 189 68 189 68 430 199 68 241 68 241 68 640 68 640
189 68 158 240 211
527 68 607 158 68 81 68 189 68 19 85 359
19 85 68 5 68 569 68 397 68 85 359 389 158 118 68 85 359 68 397 68 241 68 5 189 68 189 68 397 68 85 359
527 68 5 68 607 158 68 397 68 397 68 397 68 397 68 397 68 397 68 397 68 397
607 155 68 550 501
64 211 108 68 389 85
321 68 617 68 640
503 189 68 170 108 68 569 68 170 108
607 158 68 70 158 149
64 211 108 68 64 211 108
153 189
261 86 68 607 158 68 569 68 19 85 68 397 68 397
213 211 359
288 149
240
564
569 68 85 359 389 158 118
569 68 240 299 68 241 68 241 68 241 68 241
85 152 68 189
397 68 550 501 68 189 68 397
43 158 68 81 68 189 68 569 68 19 85 68 19 85 68 19 85 68 189 68 70 158
201 258 68 569 68 85 359 68 397 68 85 359
607 158 68 642 68 607 158 68 81 68 85 359
607 479 68 5 68 5 68 5 68 5 189 68 5 189 68 5 189 68 640
569 68 170 108 68 397 68 189 68 397 68 189 68 189
569 68 288 68 517 68 397 68 397 68 397 68 397 68 397 68 397
87 68 607 158 68 607 158 68 607 158 68 607 158 68 607 158 68 607 158 68 607 158 68 607 158 68 607 158 68 607 158 68 607 158 68 607 158 68 607 158 68 607 158 68 607 158 68 607 158 68 607 158 68 607 158 68 607 158 68 607 158 68 607 158 68 607 158 68 607 158 68 607 158 68 607 158 68 607 158 68 607 158 68 607 158 68 607 158 68 607 158 68 607 158 68 607 158 68
607 158 68 607 158 68 550 501 68 397 68 189 68 189 68 189 68 189 68 397 68 189 68 189 68 189 68 189 68 189 68 189 68 189 68 189 68 189 68 189 68 189 68 189 68 189 68 189 68 189 68 189 68 189 211 240 211 240 211 240 211 543 211 543 211 359 389 158 118 68 397 68 607 158 118 68 607 158 68 339 68 397 68 397 68 397 68 397 68 158 359
261 86 68 124 68 189 68 640 68 640 68 189 68 640
607 158 68 607 158 68 550 501 68 397 68 397 68 397 68 189 68 64 211 108
564 68 607 158 68 81 68 569 68 19 85 68 19 85 68 19 85
87 68 370 68 5 68 5 68 5 68 5 68 5 68 5 68 397
397 68 642 211 108 68 5 189
607 158 68 607 158 68 607 158 68 607 158 68 607 158 68 607 158 68 607 158
64 211 108
276 85 359
5 68 81 68 189 68 189 68 189 68 189 550 158 149
85 359 68 569 68 569
283 551 68 569 68 85 359 389 85 359
295 247 68 569 68 85 359 389 85 359
5 211
76 85
607 158 68 527 68 607 158 68 607 158 68 607 158 68 607 158
85 299 68 19 85 359 389 85 359
607 479 68 430 68 430 199
85 359
593 163 68 64 211 108
503 189 68 607 158 68 81 68 189 68 189 68 189 68 189 68 64 211 108
64 211 108 68 640
261 86 108
607 158 68 81 68 189 68 189 68 153 189
607 158 68 550 501 68 397 68 189 68 19 85 68 189 68 189 68 64 211 108
405 68 81
339 551 68 550 158 543 211
153 189
397 68 51 86 68 54 86
531 158 108 68 569 68 569
607 479 68 550 501 68 189 68 64 211
64 211 108 68 397 68 569 68 569 68 569 68 241 359
5 68 81 68 569 68 189 68 19 85 359 68 19 85
611
283 68 607 158 68 81 68 189 68 64 211 108 68 189 68 64 211 108
231 240
531 158 108 68 5 68 189 68 189 68 189 68 189
406 158 68 607 479 68 5 189
607 158 68 43 158 68 241 68 241 68 241 68 241 68 241 68 241
503 189
153 189
283 68 158 108 68 19 85 359 68 85 359
283 68 607 158 68 288 68 397 68 397 68 397 68 397 68 397 68 397 68 397 68 397 68 397 68 397 68 397 68 397 68 397 68 397 68 397 68 397 68 397 68 397 68 397 68 397 68 189 68 189 68 397 68 397 359 211 359 389 339
211 85 359 68 85 359
64 211 108 68 430 68 430 199
19 85 68 19 85
527 68 607 158 68 607 158 68 607 158 68 607 158 68 607 158 68 607 158 68 607 158 68 607 158 68 607 158 68 607 158 68 607 158 68 607 158 68 607 158 68 607 158 68 607 158 68 607 158 68 607 158 68 607 158 68 607 158 68 607 158 68 607 158 68 607 158 68 607 158 68 607 158 68 397 68 5 68 5 68 5 68 397 68 397 68 397 68 5 68 5 68 5 68 5 68 5 68
283 68 339 551 68 339 68 339
241 68 5 68 642 211 68 397 68 189 68 189 68 241 68 241 68 241
607 339 68 550 501 68 189 68 189 68 189 68 550 501
527 68 607 158 68 607 158 68 607 158 68 527 359 68 607 158 68 607 158
5 68 607 158 68 397 68 397 68 397 68 397 68 397 68 397 68 397 68 397
261 86 68 81 68 189
261 86 68 607 158 68 81 68 189 68 189 68 189 68 241 68 241
430 199 85
19 85 68 19
607 158 68 550 501 85 359 68 85 359
64 211 108 68 19 85
261 86 68 245 449 68 569 68 569 68 5
607 339 68 550 501 68 397 68 430 68 430 68 430 68 430 199
5 68 81 68 189 68 397 68 189 68 550 501 68 189 68 550 501
211 543 211
295 247 85
261 86 68 245 449
607 158 68 607 68 5 68 397 68 397 68 397 68 397 68 397 68 189 68 397 68 397 68 397 68 397 68 397 68 189 68 189 68 397 68 189 68 189 68 189 68 189 68 189 68 189 68 189 68 189 68 189 68 189 68 189 68 397 68 397 68 397 68 397 68 397 68 397 68 397 68 397 68 397 68 397 68 397 68 397 68 397 68 397 68 397 68 397 68 397 68 397 68 397 68 397 68 397
64 211 108 68 550 501 68 397 68 640 68 640 68 640
607 339 68 550 339 68 339
527 68 607 158 68 607 158 68 607 158 68 607 158 68 607 158 68 607 158 68 607 158 68 607 158
19 85 68 19 85 68 19 85
593 163 68 550 501 68 397 68 189 68 64 211 108 68 189 68 64 211 108
43 158 68 5 189
527 68 607 158 68 5 68 5 68 517
81 68 550 501 68 189
4 85 359 68 19 85
85 158 108 68 430 68 430 68 430 199
607 158 68 81 68 189 68 189 68 189
370 68 5 68 5 68 397 68 347 158 108
607 158 68 64 211 68 189 68 640 68 640 68 189 68 640 68 640
64 211 108
19 85 68 640 68 397 68 64 211 108 68 79 359
64 211 108
527 68 607 158 68 607 158 68 607 158 68 527 68 607 158 68 607 158
5
527 68 607 158 68 64 211 108 68 64 211 108
85 379
283 68 607 158 68 288 68 607 158 68 550 501 68 397 68 397 68 189 68 397 68 397 68 189
211 430 359
564
370 68 5 68 5 68 397 68 241 68 241 68 241 68 241 68 397
607 479 68 550 501 68 397 68 189 68 189 68 189 68 64 211 108
527 68 607 158 68 43 158 68 640 68 640
370 68 5 68 5 68 397 68 397 68 397 68 397 68 397 68 397 68 397
593 163
370 68 5 68 5 68 5 68 189 68 189 68 241 68 241 68 241 68 241 68 241 359
339 551
389 158 359
607 479 68 5
405
43 158 68 527 68 5 68 19 85
79 158 68 158 108 68 189
446
153 189
607 158 68 19 85 68 397 68 85 359 68 85 359 389 158 108 68 85 359
283 68 607 158 68 81 68 397 68 189 68 189 68 189 68 189
283 68 370 68 397
261 86
283 68 19 85 68 19 85 68 19 85 68 19 85
527 68 607 158 68 607 158 68 607 158 68 81 68 189 68 64 211 108
19 85 359 389 158 118
354 68 19 85
4 85 359
569 68 136 479
503 189 68 607 158 68 81 68 189 68 189 68 189 68 189 68 189 68 189 68 189 68 189 68 189
283 68 81 68 397 68 397 68 569 68 5 68 5 68 397
370 68 5 68 5 68 569 68 569 68 189 68 189 68 397 68 189
651 123 68 640 68 640 68 640 68 640
283 68 607 158 68 550 501 68 397 68 397 68 397 68 397 68 397
607 158 68 607 68 607 158 68 397 68 607 158 68 397 68 607 158 68 397 68 607 158 68 607 50
85 359 68 5 189 68 405
261 86 68 124 68 607 158 68 397 68 607 158 68 397 68 397 68 43 158 68 397 68 517
261 86 68 245 449 68 5
370 68 5 68 5 68 397 68 189 68 189 68 189 68 189 68 189 68 189 68 397 68 607 158 149
569 68 266 158 68 446 68 397 68 85 359 68 569 68 397 68 85 359
79 359 68 640
503 189
64 211 108
283 68 607 479 68 189 68 189 68 189 68 189 68 189
283 68 569 68 19 85 68 569 68 569 68 569 68 569 68 569 68 397 68 397
321 149 68 569 68 569 68 569 68 640 68 640 68 569 68 640 68 640 68 640 68 640 68 640 68 640 68 640
261 86 68 245 449 68 189 68 189 68 517 68 189 68 241 68 517
430 149
261 86 68 607 68 550 501 68 397 68 397 68 189 68 397 68 189 68 397 68 397 68 241
5 68 81 68 189 68 189 68 189 68 189 68 189
321 27
43 158 199
607 479 68 5 68 189 68 85 359 68 5 189 68 5 189 68 640
283 68 607 158 68 5 68 5 68 5 68 5 68 5 68 5 68 5 68 5 68 5 68 5 68 5 189 68 189 68 189 68 607 158 108
43 158 68 288 68 550 501 68 397 68 189
5 68 81 68 189 68 397 68 189 68 640
261 86
501 85 359 68 85 359 389 85
261 86 68 124 68 607 158 68 5 68 5 68 5 68 241 68 397 68 397 68 241 68 5 189 68 5 189
51 86 68 607 158 68 81 68 189 68 19 85 359
4
397 68 550 501 68 397
503 189 68 81 68 189 68 189
503 189
87
397 68 54 86
405
527 68 607 158 68 607 158 68 607 158 68 550 158
276 85
446
43 158 68 81 68 189 68 189 68 189 550 158 108
607 339 68 550 501 68 397 68 569 68 19 85 68 19 85 68 430 68 397 68 397 68 430 68 430 68 397 68 397 68 640
406 158 108
651 123 68 517 68 397 68 397 68 397 68 241 359
503 189 68 158 108 68 569 68 569 68 569 68 569 68 569 68 405
5 68 517 68 189 68 240 389 158 118 68 241 68 241 68 517
527 68 607 158 68 607 158 68 19 85 68 19 85 68 640
153 189
406 158 68 405 108
43 158 68 527 68 607 158 68 158 68 640
430 68 430 199
5 68 607 158 68 81 68 397 68 5 189 68 5 189 68 397
607 479 68 189 68 19 85 68 19 85 68 19 85 359
527 68 607 158 68 81 68 569 68 569 68 569 68 569 68 569 68 397 68 397 68 569 68 569 68 569 68 397 68 189 68 189 68 189 68 189 68 189 68 189 68 189 68 189 68 189 68 189 68 189 68 189 68 189 68 607 158 108 68 607 158 108 68 397 68 607 158 108 68 397 68 397 68 397 68 397 68 569 68 569 68 569 68 569 68 158 108 68 158 108 68 158 108 68 158 108 68 158
5 211 108
261 86 68 158 108 68 5 68 189 68 430 199 68 430 68 158 108
405 189 211
87 68 283 68 397 68 397 68 607 158 68 550 158
569 68 64 211 108 68 5 68 5 68 189 68 189 68 189 68 64 211 108 68 241 68 640 68 189 68 189 68 640 68 640 68 189 68 64 211 108
339 551 68 550 501 68 189 68 189 68 189 68 189 68 569 68 189 68 189 68 569 68 189 68 189 68 189 68 189 68 189 68 189 68 64 211 108
569 68 64 211 108 68 397 68 189 68 189 68 189 68 64 211 108 68 189 68 189 68 389 158 108 68 189 68 189 68 64 211 108
283
389 158 543 258 149
261 86 68 607 68 607 158 68 569 68 19 85 68 397 68 397 68 397 68 397 68 607 158 68 397 68 397 68 397 68 397 68 607 50
405 68 85 123 85
290 85
43 158 68 527 68 607 158 68 607 158 68 527 68 607 158 68 607 158 68 607 158 68 607 158 68 607 158 68 607 158 68 607 158 68 607 158 68 43 158 68 607 158 68 607 158 68 189 68 189 68 189 68 189 68 189 68 189 68 607 158 68 607 158 68 607 158 68 527 359 68 607 158 68 43 158 68 43 158 68 158 68 5 68 158 68 158 68 158 68 158 68 158 68 158 68 158 108 68
283 68 5 68 5 68 189 68 5 189 68 5 189 68 5 189
527 68 607 158 68 43 158 68 43 158 68 189 68 189 68 64 211 108
43 158 68 550 501 68 189 68 19 85 68 19 85 359
405 85 359
607 158 68 288 68 550 501 68 189 68 189 68 189 68 189 68 640
607 158 68 81 68 189 68 19 85 68 19 85 68 19 85 68 430 68 19 85 359
527 68 607 158 68 607 158 68 607 158 68 607 158
85 359 68 85 359 551
43 158
211 149
5 68 5 189
283 68 569 68 19 85 359 68 569 68 569 68 569
283 68 607 158 68 397 68 397 68 397 68 397 68 397 68 397 68 397 68 397 68 397
189 68 170 108 68 5 68 5
406 158 118
503 189 68 19 85 68 19 85 68 19 85 68 19 85
79 158 108
70 189 68 158 108 68 189 68 189 68 85 359 389 158 108 68 85 359
261 86 68 569 68 85 359 68 397 68 397 68 397
406 158 199
321 247 68 189 68 189 68 241 68 241 68 189 68 241 359
81 68
503 189 68 158 108 68 569 68 569 68 158 108
503 158 108
19 85 68 5 68 189 68 241 68 640
276 85 68 158 108 68 5 189
651 123 68 517 68 5 68 517 68 517
607 158 68 81 68 189 68 189 68 64 211 108
370 68 5 68 339
405 149 550 158 149
607 158 68 81 68 189 68 569 68 19 85 359
19 85 68 19 85
370 68 5 68 397 68 397 68 397 68 397 68 397 68 397 68 397 68 397 68 397 68 397 68 397 68 397 68 397
564
283 68 158 108 68 397
607 158 68 19 85 359 68 569 68 85 359
261 86 68 85 359 68 19 85 359
79 158 108
85 359
527 68 5 68 5 68 397 68 189
153 68 158 108 68 569 68 189
5 68 607 158 68 5 189
19 85 68 158 108 68 397 68 85 359
405 247
5 68 607 158 68 43 158 68 85 359 68 85 359 68 64 211 108
593 163 68 64 211 108 68 339 68 64 211 108 68 64 211 108 68 64 211 108
261 86
211 155
607 158 68 607 158 68 5 68 5 68 5 68 5 68 5 68 43 158 68 5 68 5 68 5 68 5 68 607 158 68 43 158 68 607 158 68 607 158 68 607 158 68 607 158 68 5 68 607 158 68 189 68 607 158 68 607 158 68 607 158 68 607 158 68 607 158 68 607 158 68 5 68 5 68 5 68 5 68 5 68 5 68 5 68 5 68 5 68 5 68 5 68 5 68 5 68 5 68
607 158 68 81 68 397 68 189 68 64 211 108 68 241 68 241 68 640
261 86 68 124
431 108
531 158 108
651 123
564 68 158 108
503 189 68 339 68 397
283 68 370 68 5 68 5 68 5 68 5 68 5 68 397
85 199
370 68 5 68 5 68 5 68 5 68 189 68 5 68 5 68 189 68 5 189 68 5 189 68 5 189 68 189 68 189 68 189 68 5 189 68 189 68 189 68 189 68 5 189 68 189 68 189 68 189 68 189 68 189 68 189 68 5 189 68 607 158 108 68 5 189 68 5 189 68 5 189 68 5 189 68 5 189 68 5 189 68 5 189 68 5 189 68 5 189 68 5 189 68 5 189 68 5
283 68 5 68 517 68 397 68 397 68 397 68 189
19 85 68 607 158 68 81 68 189 68 189
85 359 389 85
642 211
607 158 68 158 108 68 339 68 389 158
211 118 68 211 118 68 211 118
43 158 68 240
43 158 68 607 158 68 81 68 397 68 189 68 189 68 430 68 85 359 68 397 68 158 118 68 189 68 189 68 85 359 68 189 68 85 359 68 189 68 189 68 189 68 189 68 189 68 189 68 189 68 189 68 189 68 189 68 189 68 158 118 68 158 118 68 607 158 118 68 5 189 68 158 118 68 397 68 5 189 68 158 118 68 158 118 68 158 118 68 158 118 68 158 118 68 158 118 68 158
189 68 81 68 189
564
85 365 430 68 430 199
283
240 389 158 118
607 479 68 64 211 108 68 189 68 64 211 108
417
607 158 68 607 158 68 397 68 85 359 68 85 359 68 85 359 68 85 347 158 108
283 68 19 85 68 569 68 569 68 19 85 359
503 158 108
245 449
5 68 5 68 81 68 189 68 189 68 5 189 68 189 68 5 189 68 5 189
87 68 607 158 68 81 68 397 68 397 68 569 68 397 68 189
607 479 68 550 501 68 189 68 189 68 189 68 189 550 158 118
283 68 19 85 68 19 85 68 19 85 68 19 85 68 158 108
283 68 158 108 68 569 68 85 359 68 85 359
406 158
85 4 85
149 550 158
607 158 68 81 68 189 68 189 68 189 68 189 68 189 68 405 85 359
607 158 68 5 68 189 68 240 550 158 108 68 189 68 241 68 64 211 108
405
5 68 607 158 68 241 68 241 68 241 68 241 68 241 359
245 449
261 86 68 245 449
527 68 607 158 68 607 158 68 607 158 68 550 501 68 607 158 68 607 158
85 359 68 5 189
531 85 359
527 68 607 158 68 607 158 68 607 158 68 607 158 68 607 158 68 607 158 68 607 158 68 607 158 68 607 158 68 607 158 68 607 158 68 607 158 68 607 158 68 607 158 68 607 158 68 607 158 68 607 158 68 607 158 68 607 158 68 607 158 68 607 158 68 607 158 68 607 158 68 607 158 68 81 68 5 68 5 68 5 68 5 68 5 68 5 68 5 68 158 108 68 5 189 68 5 68
189 389 158 149
359 68 136 479 68 189 68 397
51 86 68 5 68 189 68 189
211 155
85 379
564 68 607 479
389 158 118
405 247
261 86 68 245 449 68 569 68 158 108
149
417
531 158 108 68 19 85 359 68 19 85
347 501 68 189 68 189 68 189
607 158 68 550 501 68 397 68 569 68 19 85 359 68 569 68 397 68 397 68 397 68 397
85 359 68 85 359 389 85 359
189 389 158 118 68 189 68 189 550 158 108
607 158 68 527 68 607 158 68 607 158 68 607 158 68 607 158 68 607 158 68 607 158 68 607 158 68 607 158 68 607 158 68 607 158 68 607 158 68 607 158 68 607 158 68 607 158 68 607 158 68 189 68 607 158 68 607 158 68 607 158 68 607 158 68 607 158 68 607 158 68 607 158 68 607 158 68 607 158 68 607 158 68 607 158 68 607 158 68 158 68 158 68 158 118 68 158 118 68
5 68 81 68 189 68 189 68 189 68 189 68 189
354
43 158 68 5 68 247 85
607 158 68 81 68 189 68 189 68 189 68 189 68 189 68 189 68 405 85 359
503 189 68 158 108 68 569 68 569 68 158 108
370 68 5 68 5
261 86 68 124 68 607 158 68 607 158 68 550 501 68 550 501
283 68 607 158 68 81 68 189 68 64 211 108
607 158 68 607 158 68 550 501 68 189 68 189 68 189
405
283 68 569 68 397 68 189 68 85 359 68 241 359
87 68 550 158 108 68 397 68 569 68 189 68 189 68 569 68 189
64 211 108
211 85 359 68 211 118
531 85 359
64 211 108 68 569 68 19 85
5 68 81 68 189 68 189 68 430 199 68 430 68 430 199
231 240
651 123 68 64 211 108 68 640 68 640
5 68 81 68 189 68 397 68 189 68 189 68 569 68 569
64 211 108
607 158 68 370 68 5 68 5 68 607 158 68 607 158 68 607 158 68 607 158 68 70 158
431 68 19 85 68 569 68 640 68 640 68 640 68 640
124
607 158 68 288 68 550 158 149 68 149
283 68 607 158 68 397 68 64 211 108 68 241 68 241 68 397 68 640 68 397 68 241 68 640
564
569 68 81 68 189
503 189 68 158 108 68 569 68 397 68 189 68 189 68 397 68 189 68 397
607 158 68 607 158 68 19 85 68 19 85 68 19 85 68 607 158 68 607 158 68 607 158 68 607 158 68 607 158 68 64 211 108
153 189
569 68 64 211 108 68 189 68 64 211 108 68 64 211 108
19 85 68 158 108
494 68 189 68 517
370 68 5 68 550 501 68 397 68 397 68 397 68 397 68 397 68 189 68 397 68 397 68 397 68 397 68 397 68 397 68 397 68 189 68 189 68 189 68 189 68 189 68 189 68 189 68 189 68 189 68 189 68 397 68 397 68 397 68 397 68 397 68 397 68 397 68 397 68 397 68 397 68 397 68 397 68 397 68 397 68 397 68 397 68 397 68 397 68 397 68 397 68 397 68 397 68 397
261 86 68 124 68 397 68 397 68 397 68 189 68 397
43 158 68 642 211
283 68 19 85 68 19 85 68 397 68 85 359 68 241 68 64 211 108
240
527 68 607 158 68 5 68 607 158 68 5 68 5 68 5 68 5 68 5 189 68 5 189 68 5 189 68 189 68 43 158 108 68 43 158 108 68 43 158 108 68 5 189 68 5 189 68 189 68 189 68 189 68 189 68 189 68 5 189 68 607 158 108 68 607 158 108 68 5 68 5 68 5 68 5 68 5 68 5 68 5 68 5 68 5 68 5 189 68 5 189 68 5 189 68 5 189 68
211 543
283 68 607 158 68 81 68 189 68 19 85 68 19 85
283 68 81 68 189 68 189 68 569 68 19 85
430 199
85 359 68 569 68 19 85 359
370 68 5 68 569
261 86 68 124 68 5 68 397 68 370 68 5 68 5 68 5
607 68 5 68 5 68 397 68 397 68 397 68 397 68 397
607 479 68 189 68 189 68 189 68 158 108 68 189 68 158 108
359 389 158 543
527 68 607 158 68 189 68 189 68 189 68 331 149
43 158 68 43 158 68 43 158 68 19 85 68 5 68 158 68 43 158 68 5 189 68 5 189 68 189 68 241 359
283 68 158 108 68 430 68 430 199
607 158 68 87 68 607 158 68 607 158 68 607 158 68 607 158 68 607 158 68 607 158
261 86 68 288
607 479 68 189 149
283
43 158 68 550 501 68 189 68 430 68 430 68 430
261 86 68 245 449 68 569 68 569 68 569
283 68 607 158 68 81 68 397 68 397 68 397 68 397 68 397 68 397 68 397 68 397 68 397
240 550 158 68 240
370 68 5 68 550 501 68 397 68 397 68 397 68 397 68 397 68 397 68 397 68 397 68 397
527 68 607 158 68 607 158 68 607 158 68 607 158 68 607 158 68 64 211 108 68 607 158 68 607 158 68 397 68 64 211 108
406 158 359
283 68 607 158 68 81 68 397 68 397 68 189 68 397 68 189 68 189 68 397 68 397 68 397 68 397 68 189 68 189 68 189 68 189 68 189 68 189 68 189 68 189 68 189 68 189 68 189 68 189 68 189 68 189 68 607 158 543 211 543 211 543 211 543 211 149 68 397 68 397 68 397 68 397 68 397 68 397 68 569 68 397 68 397 68 397 68 397 68 397 68 397
321 247 68 85 359 68 85 359 68 85 359 68 85 359
261 86 68 607 68 550 501 68 189
321 359 68 550 158
5 68 81 68 397 68 397 68 189 68 5 189 68 569 68 189 68 189 68 397 68 5
85 4 85 359
607 158 68 81 68 397 68 569 68 569 68 19 85
43 158 68 288 68 550 501 68 397 68 397 68 397 68 189 68 397 68 397 68 397 68 397
43 158 68 5
607 479 68 607 479 68 397 68 189 68 550 501 68 569 68 397 68 397 68 397 68 397 68 189 68 397 68 397 68 189 68 189 68 189 68 189 68 189 68 189 68 189 68 189 68 189 68 189 68 189 68 189 68 189 211 543 211 543 211 543 211 543 211 543 211 543 211 543 211 543 211 543 211 108 68 397 68 397 68 569 68 397 68 397 68 397 68 397 68 397 68 397 68 397 68 397 68 397
70 189 68 607 158 68 607 158 68 607 158 68 5 68 607 158 68 397 68 397 68 607 50
527 68 607 158 68 607 158 68 607 158 68 607 158
611 51 86
87 68 64 211 108 68 189 68 189 68 64 211 108 68 189 68 64 211 108
87 68 642 211 108 68 5 68 5 68 81 68 189 68 189
189 68 81 68 189 68 189 68 189
43 158 68 81 68 397 68 397 68 397 68 397 68 397
283 68 158 108
527 68 607 158 68 607 158 68 5 68 607 158 68 5 68 607 158 68 607 158 68 607 158 68 5 68 607 158 68 607 158 68 607 158 68 607 158 68 607 158 108 68 607 158 68 5 189 68 189 68 189 68 607 158 68 607 158 68 607 158 68 607 158 68 607 158 68 607 158 68 5 68 607 158 68 5 68 5 68 5 68 5 68 5 68 5 68 5 189 68 5 68 5 189 68 5 189 68
19 85 68 158 108
87 149 68 550 501
283
431 68 64 211 108 68 397 68 64 211 108
231 85
189 550 487
85 4 85 68 85 4 85 359
43 158 68 607 158 68 19 85 68 569 68 19 85 68 397 68 189 68 397 68 189 68 607 158 68 397 68 397 68 189 68 189 68 189 68 189 68 189 68 189 68 189 68 189 68 189 68 189 68 189 68 189 68 189 68 189 68 189 68 607 158 108
283 68 158 108 68 5 68 189 68 158 108 68 189 68 158 108
607 158 68 288 68 550 501 68 397 68 397 68 397 68 397 68 397 68 397
494 68 189
283 68 19 85 68 19 85 68 19 85 68 19 85
370 68 5 68 19 85 68 569 68 85
321 149 68 550 501 68 189 68 64 211 108 68 189 68 64 211 108
43 158 68 81 68 189 68 397 68 189
85 152 68 64 211 108
87 68 87
607 158 68 5 68 189 68 241 68 241 68 241 68 241 68 241
64 211 108 68 569 68 569 68 569 68 189
261 86
607 158 68 81 68 189 68 189 68 19 85 68 19 85 68 430 68 640
231 240
607 158 68 81 68 397 68 397 68 569 68 569 68 569 68 569 68 397 68 397 68 397 68 397 68 397 68 397 68 397 68 189 68 189 68 189 68 189 68 189 68 189 68 189 68 189 68 189 68 189 68 189 68 189 211 543 211 543 211 543 211 543 211 543 211 543 211 543 211 543 211 543 211 543 211 543 211 543 211 543 211 543 68 569 68 569 68 569 68 569 68 415 211 543 211 543 211 543
43 158 118
283
447 158 68 527 68 189 68 331 487 359 68 331 149
503 189 68 607 68 5 68 5 68 5 68 5 68 5 68 5 68 5 189 68 5 189 68 5 189 68 5 189
527 68 607 158 68 64 211
189 68 189 68 189 68 189
211 194
261 86 68 124
85 247 85
569 68 370 68 5 68 397 68 397 68 397 68 397 68 569
261 86 68 245 449 68 569 68 19 85
85 152 68 64 211 108
5 68 189 68 189 68 189 68 189 68 189 68 189 68 189 68 189 68 189 68 241 359
283 68 527 68 607 158 68 19 85 359
43 158 68 607 158 68 607 158 68 607 158 68 241 68 241 68 517 68 241 68 241 359
19 85 359
397 68 288 68 245 449
211 85
189 68 189 68 189 68 189 68 189 68 189 550 158
240 359
64 211 108 68 397
51 86
64 211 108 68 569 68 397 68 189 68 189 68 240 211 108
19 85 359
370 68 5 68 81 68 189 68 5 189
283 68 158 108 68 569 68 19 85 359
552 85 359 68 640
405 247
527 68 607 158 68 607 158 68 607 158 68 607 158
430 199 85
430 299 68 430 199
162
87 68 288 68 550 501 68 397 68 397 68 189 68 189 68 397 68 189
261 86 68 607 68 81 68 189 68 5
19 85 68 430 68 430 149 68 640 68 640 68 640
64 211 108
283
290 85 359 68 189 389 158 118
87 68 397 68 397 68 397 68 397 68 397 68 397
503 189 68 158 108 68 569 68 189 68 189 68 189
240 211 68 640
240 389 430 68 430 199
503 189 68 64 211
261 86 68 81 68 189 68 569 68 81
283 68 607 158 68 550 501 68 397 68 189 68 189 68 189 68 189 68 189 68 397 68 397
283 68 607 158 68 19 85 68 19 85 68 64 211 108
261 86 68 124 68 5 68 189 68 5 189 68 569
527 68 607 158 68 550 501 68 189 68 64 211 108
85 4 85
607 158 68 607 158 68 607 158 68 607 158 68 158 68 158
321 149 68 569 68 189
503 189 68 158 108 68 189 68 189 68 85 359 68 158 108
283
321 247 68 569 68 189 68 397 68 189 68 189 68 189 68 240 389 158 118
189 68 81 68 189 68 189 68 189 68 189 68 189
370 68 5 68 550 501 68 397 68 397 68 397 68 397 68 397 68 189 68 397 68 397 68 397 68 397 68 397 68 189 68 189 68 189 68 189 68 189 68 189 68 189 68 189 68 189 68 189 68 189 68 189 68 607 158 108
527 68 607 158 68 370 68 5 68 607 158 68 607 158 68 607 158 68 607 158 68 607 158 68 607 158 68 607 158 68 43 158 68 607 158 68 43 158 68 607 158 68 5 189 68 607 158 68 607 158 68 607 158 68 607 158 68 607 158 68 607 158 68 607 158 68 607 158 68 81 68 397 68 43 158 68 5 68 5 68 5 68 5 68 397 68 5 68 5 189 68 5 189 68 5 189 68 5
607 158 68 503 158 68 158 108 68 569 68 19 85 359

241 68 430 299 68 241 68 241 359 389 430
51 86 68 5
64 211 108 68 397 68 189 68 607 158 68 607 158 68 64 211
370 68 5 68 81 68 397 68 397 68 189 68 189 68 241 359
43 158 68 5 68 5
283 68 607 158 68 19 85 68 569 68 19 85 359 68 339 68 339 68 397 68 397 68 339 68 397 68 397 68 397 68 397 68 607 158 108
261 86 68 607 68 5 68 5 189 68 5 189 68 5 189 68 85
397 551
430 199
607 158 68 81 68 397 68 189 68 5 68 5 68 5 189 68 81 68 189 68 5 189 68 5 189 68 5 189 68 189 68 43 158 108
43 158 68 527 68 607 158 68 5 68 241 68 241 68 241 68 241 68 397 68 241 359
245 449
406 158 118
261 86 68 245 449 68 189 68 64 211 108
213
607 158 68 81 68 189 68 189 68 19 85 68 189 68 189 550 158 108
261 86 68 607 68 550 501 68 397 68 339 68 339 68 339 68 339 68 339 68 339
70 158 68 81
85 365 158 108 68 85
5 189
261 85 68 158 108 68 19 85 68 85 359
153 68 607 158 68 19 85 68 189 68 64 211 108 68 64 211 108
283 68 158 108 68 19 85 68 19 85 359
321 68 607 158 68 288 68 607 158 68 64 211 108 68 64 211 108 68 64 211 108 68 607 158 68 397 68 64 211 108
261 86 68 245 449 68 569 68 189 68 189
64 211 108
43 158
569 68 85 359 68 85 359
607 158 68 64 211 108 68 64 211 108
19 85 68 158 108
5 68 211 108 68 5 68 189 68 189 68 64 211 108 68 64 211 108 68 43 158 108 68 189 68 189 68 189 68 189 68 189 68 189 68 189 68 43 158 108
607 479 68 550 501 68 397 68 189 68 189 68 189 68 64 211 108
261 86 68 81 68 397 68 189 68 189 68 189 68 189
607 158 68 550 501 68 397 68 397 68 397 68 397 68 397 68 397 68 397 68 397 68 397 68 397 68 397 68 397 68 397 68 397 68 397 68 397 68 397 68 397 68 397 68 397 68 189 68 189 68 189 68 397 68 189 68 397 68 397 68 397 68 397 68 397 68 397 68 397 68 397 68 397 68 397 68 397 68 397 68 397 68 397 68 397 68 397 68 397 68 397 68 397 68 397 68 397 68
283 68 158 108 68 5 68 640 68 640
261 86 68 245 449
447 158 68 81 68 189 68 189
607 158 68 550 501
430 149
43 158 68 43 158 68 43 158 68 43 158 68 43 158 68 640
339 551 68 550 158 108 68 569 68 405
283 68 607 158 68 370 68 397 68 607 158
261 86 68 124 68 124 68 397 68 607 50
283 68 339 68 550 501 68 397 68 397 68 397 68 397 68 640
85 430 149
283 68 170 108 68 569 68 170 108
19 85 68 19 85
189 211
43 158 68 607 158 68 5 68 5 68 5 68 241 68 241 68 241 68 397 68 241 359
51 86
231 51 86
158 108 68 5 68 607 158 68 5 68 64 211 108 68 189 68 64 211 108 68 607 158 68 189 68 189 68 640 68 64 211 108
527 68 5 68 189 68 189 68 85 359 68 189 68 640
136 479
54 86 68 54 86
5 68 81 68 397 68 189 68 569 68 19 85 68 569 68 397 68 397 68 397 68 397 68 397 68 397 68 397 68 640 68 189 68 640 68 189 68 189 68 189 68 189 68 189 68 189 68 189 68 189 68 189 68 189 68 607 158 108
527 68 607 158 68 607 158 68 607 158 68 527 68 607 158 68 607 158 68 607 158 68 607 158 68 607 158 68 607 158 68 607 158 68 607 158 68 607 158 68 607 158 68 607 158 68 607 158 68 607 158 68 607 158 68 607 158 68 607 158 68 607 158 68 607 158 68 607 158 68 607 158 68 607 158 68 607 158 68 607 158 68 607 158 68 607 158 68 607 158 68 607 158 68 607 158 68 607
447 158 68 81 68 189 68 189
283
283 68 607 158 68 370 68 5 68 607 158 68 607 158 68 607 158 68 607 158 68 607 158 68 607 158 68 607 158 68 607 158 68 607 158 68 607 158 68 607 158 68 607 158 68 607 158 68 607 158 68 607 158 68 607 158 68 607 158 68 607 158 68 607 158 68 607 158 68 607 158 68 607 158 68 607 158 68 607 158 68 370 68 397 68 607 158 68 607 158 68 607 158 68 607 158 68 607
321 247
64 211 108 68 569 68 189 68 19 85 68 19 85 359 68 189 68 189 68 241
430 199 68 405 108
5
593 163 68 550 501 68 189 68 189 68 64 211 108
531 85 359
503 189 68 158 108 68 569 68 339
283 68 158 108 68 569 68 397 68 85 359 389 85 359
85 359 389 158 118
405 85 359
64 211 108
389 158 359
617
283 68 339 68 550 501 68 397 68 569 68 569 68 397 68 397 68 397
85 359 389 85
85 365 158 108 68 85
85 359 68 85 359 389 158 118
87 68 550 501 68 397 68 189 68 189 68 189 68 189 68 189 550 158
19 85 68 19 85 68 19 85 68 19 85 359
283 68 607 158 68 527
339
87 68 370 68 5 68 5 189 68 430 199
527 68 5 68 158 108 68 569 68 85
64 211
283 68 607 158 68 5 68 189 68 517 68 189 68 189 68 189
85 347 501 68 85 359 68 85 359 68 85 359 389 158 118
189 68 170 108 68 607 158 68 503 158
201 85 359
85 4 149
283 68 607 158 68 19 85 68 397 68 85 359 68 339 68 339 68 339 68 397 68 607 158 68 607 158 68 397 68 85 359 68 607 158 108 68 607 158 108 68 607 158 108 68 397 68 189 68 189 68 189 68 189 68 607 158 68 607 158 68 607 158 68 397 68 607 158 68 397 68 397 68 397 68 397 68 397 68 339 68 339 68 397 68 397 68 397 68 397 68 339 68 339 68 339 68 339 68
527 68 607 158 68 5 68 607 158 68 517 68 517
370 68 5 68 517 68 189 68 241 68 64 211 108
405 68 189 550 158 118
283 68 158 108 68 339 68 569 68 640
5 68 81 68 189 68 189 68 189 68 189 550 158 118 68 189 68 189 68 189 68 405 222
339 551
527 68 607 158 68 607 158 68 607 158 68 189 68 189
550 501
43 158 68 517 68 241 68 241 359 389 158 118
607 158 68 550 501 68 189 68 189 68 189 68 189 68 189 68 189 68 189 68 189
503 189 68 158 108 68 5 68 5 189 68 405 68 405 68 405 108
85 359 68 339 68 550 501 68 339
261 86 68 370 68 5 68 370 68 370 68 5
261 86 68 124 68 607 158 68 5 68 517
64 211 108
607 158 68 550 501 68 397 68 397 68 397 68 397 68 397 68 397 68 397 68 397 68 397 68 397 68 397 68 397 68 397 68 397 68 397 68 189 68 397 68 397 68 189 68 189 68 189 68 189 68 189 68 397 68 189 68 397 68 397 68 397 68 397 68 397 68 397 68 397 68 397 68 397 68 397 68 397 68 397 68 397 68 397 68 397 68 397 68 397 68 397 68 397 68 397 68 397 68
283 68 607 158 68 19 85 68 569 68 19 85 359 68 339 68 339 68 397 68 397 68 339 68 397 68 397 68 397 68 397 68 607 158 108
607 158 68 19 85 68 430 68 430 68 430
321 247
261 86 68 245 449 68 397 68 370 68 5
87 68 81 68 189 68 189 68 5 68 5 189 68 189 68 81
531 158 149
607 158 68 288 68 607 158 68 569 68 136 479
87 68 81 68 569 68 569 68 569 68 19 85 68 569 68 19 85 68 640 68 640 68 640 68 640 68 397 68 640
607 158 68 158 108 68 189
85 4 85
564 68 607 158 68 81 68 5 68 5 68 5 68 5 68 640 68 640
617
79 158 68 240
607 158 68 607 158 68 607 158 68 64 211 108 68 64 211 108 68 64 211 108 68 607 158 68 189 68 189 68 64 211 108 68 64 211 108 68 64 211 108 68 397 68 189 68 189 68 189 68 189 68 189 68 64 211 108 68 64 211 108 68 64 211 108 68 607 158 68 64 211 108 68 64 211 108 68 5 68 5 68 5 68 5 68 5 68 5 68 5 189 68 241 68 64 211 108
283 68 607 158 68 81 68 397 68 189 68 189 68 189
527 68 607 158 68 81 68 397 68 397 68 189 68 5 189
527 68 5 68 85 359 68 85 359 68 640 68 640
283 68 607 158 68 550 501 68 397 68 397 68 397 68 189 68 189 68 397
365 430
43 158 68 517
290 85 359 68 211 543 211 85 359 389 158 118
261 86 68 607 68 607 158 68 640
211 430 359
211 359 389 359
5 189
261 86 68 245 449 68 569 68 569 68 19 85 68 569 68 640 68 640
4 85
283 68 19 85 68 569 68 19 85 68 640 68 19 85
79 430 68 4 240
51 86 68 189
240 211 68 158 108 68 569 68 569
617 149
79 359 68 640
43 158 68 288 68 550 501 68 430 68 430 68 430 68 430 68 430 199 68 430 199 68 430 68 430 68 430 199
43 158 68 5 189
527 68 5 68 189 68 189 68 240 389 158 118
370 68 5 68 5 68 397 68 189 68 85 359 389 158 108
283 68 158 108 68 5 68 158 108
569 68 5 68 5 68 189 68 5 189 68 189 68 189
261 86 68 245 449 68 158 108 68 640 68 640
607 158 68 550 501 68 397 68 397 68 189 68 189 68 569 68 85 359
64 211 108 68 397 68 189 68 64 211 108
543 211 247
64 211 108 68 569 68 85
607 158 68 81 68 189 68 569 68 569 68 81 68 569 68 569 68 405 68 70 158 108
283 68 5 68 517 68 397 68 397 68 241 68 241 68 241 68 640
527 68 607 158 68 81 68 189 68 19 85 359
397 68 550 501 68 397 68 397 68 397 68 397 68 397 68 397 68 397 68 397 68 397
85 170 108
283 68 19 85 68 19 85 68 19 85 359
321 68 569 68 240 389 158 118 68 241 68 241 68 241 68 241 68 241 68 241 68 241 359 68 241 359
607 158 68 607 68 607 158 68 607 158 68 607 68 607 158 68 607 158
19 85 68 607 158 68 397 68 241 68 241 68 241 68 241 68 640 68 640 68 241 68 640
43 158 68 81 68 189 68 189 68 331 149
211 85 359 68 211
87 68 189 68 189 68 189 68 189 68 189 68 189 68 189
261 86 68 158 108 68 569 68 19 85 359
283 68 607 68 5 68 397 68 241 68 241 68 241 68 241 68 640
607 158 68 607 158 68 607 158 68 607 158 68 607 158 68 607 158 68 607 158 68 607 158 68 607 158 68 607 158 68 607 158 68 607 158 68 607 158 68 607 158 68 607 158 68 607 158 68 607 158 68 607 158 68 607 158 68 607 158 68 607 158 68 607 158 68 607 158 68 607 158 68 607 158 68 607 158 68 607 158 68 5 68 607 158 68 607 158 68 607 158 68 607 158 68 607 158 68
569 68 85 359 211 108
593 163 68 550 501
43 158 68 81 68 189 68 5 68 5 189 68 569 68 569 68 405 68 405 68 5
283 68 607 158 68 19 85 68 397 68 397 68 241 68 241 68 64 211 108
527 68 607 158 68 5 68 5
531 158 108
5 68 81 68 189 68 189 68 430 199 68 430 68 430 199 68 430 199
527 68 607 158 68 607 158 68 5 68 85 68 5 68 241 68 64 211 108
283 68 158 108 68 397 68 397
87 68 261 86 68 607 158 68 261 86 68 19 85 68 569 68 550 158
87 68 607 158 68 550 501 68 397 68 397 68 397 68 397 68 397 68 397 68 397 68 397 68 189 68 397
283 68 158 108 68 5 68 85
64 211 108
406 158 149 68 19 85
19 85 359
283 68 607 158 68 81 68 397 68 569 68 19 85 68 569 68 397 68 397 68 397 68 569 68 189 68 397 68 640
607 158 68 607 158 68 397 68 607 158 68 607 158 68 607 158 68 607 158 68 607 158 68 607 158 68 607 158 68 607 158 68 607 158 68 607 158 68 607 158 68 607 158 68 607 158 68 607 158 68 607 158 68 607 158 68 607 158 68 607 158 68 607 158 68 607 158 68 607 158 68 607 158 68 607 158 68 607 158 68 607 158 68 397 68 397 68 397 68 607 158 68 607 158 68 607 158 68
261 86 68 124
283 551 68 19 85 359
5 68 81 68 569 68 397 68 569 68 81 68 569 68 569 68 397
261 86 68 124
527 68 607 158 68 5 68 189 68 527 359 68 189 68 241 68 640 68 640
85 5 68 5 189
5 68 405 108 68 5 189 68 405 108
347 501 68 397 68 189 68 85 359 68 85 359 68 569 68 85 359
607 158 68 81 68 189 68 189 68 5 189 68 189 68 241 359 68 85 359
503 189 68 189 68 189 68 189 68 170 108
283 68 158 108 68 569 68 397 68 136 479
283 68 19 85 68 569 68 19 85 68 19 85 68 19 85 68 397 68 397 68 397 68 397 68 397 68 397 68 85 359
5 68 5 68 5 68 5 68 253
370 68 550 501 68 397 68 397 68 397 68 397 68 397 68 189 68 189 68 397 68 397 68 397 68 397 68 397 68 189 68 189 68 397 68 189 68 189 68 189 68 189 68 189 68 189 68 189 68 189 68 189 68 189 389 158 118
339 551
629
283 68 607 158 68 64 211 108
569 68 64 211 108 68 189 68 189 68 64 211
19 85 68 19 85 359
406 158 118 68 189 550 158 118
70 158
283 68 607 479 68 5 68 189 68 64 211 108 68 189 68 640
87 68 550 501 68 397 68 189 68 397 68 64 211 108
405
5 68 81 68 189 68 189 68 189 68 189 68 189 68 189 68 189 68 241 359 68 241 359
607 158 68 288 68 550 501 68 397 68 189 68 189 68 569 68 640
19 85 68 607 158 68 19 85 68 64 211 108 68 189 68 64 211 108
87
261 86 68 370 68 5 68 5 68 5 68 189 68 5
283 68 136 158
240 211
283 68 569 68 569 68 569 68 85 359
531 158 108 68 640
288 68 607 158 68 607 158 68 607 158 68 170
339
5 108
397 68 54 86 68 54 86
503 189 68 189 68 189 68 189
261 86 68 607 68 261 86 68 569 68 19 85 68 569 68 397 68 397
261 86 68 607 158 68 569 68 569 68 569
79 158 108
607 158 68 258 68 85 359 68 85 359 68 85 359 389 158 108 68 85 359
155
607 158 68 45 108 68 569 68 569 68 640
283 68 339 68 550 158 240 211
447 158 359
5 68 81 68 189 68 189 68 81
85
564
607 158 68 527 68 607 158 68 607 158 68 430
527 68 607 158 68 81 68 397 68 397 68 397 68 397 68 397 68 189 68 397 68 397
569 68 64 211 108 68 189 68 64 211 108 68 189 68 64 211 108
43 158 68 5 189
43 158 68 81 68 189 68 189 68 19 85 68 189 68 569 68 189 68 43 158 108 68 43 158 68 189 68 43 158 68 43 158 68 43 158 68 43 158 68 43 158 108 68 189 68 189 68 189 68 189 68 189 68 189 68 405 149 68 43 158 68 43 158 68 43 158 68 81 68 5 68 43 158 68 405 449 68 81 68 5 68 5 189 68 5 189 68 5 189 68 158 118 68 405 68 405 68 405
607 479 68 397 68 397 68 189 68 397 68 241 359 68 397 68 397 68 397 68 397 68 397
607 158 68 5 68 550 501 68 5 68 5 189 68 5 189 68 5 189
283 68 158 108 68 5 68 640 68 640
85 359 68 241 68 430 199 68 430 199
527 68 607 158 68 607 158 68 607 158 68 607 158 68 607 158
283 68 158 108 68 397 68 569 68 569 68 569 68 569 68 397
607 158 68 288 68 189 68 569 68 569 68 70 158
503 189
527 68 607 158 68 607 158 68 607 158 68 607 158 68 607 158 68 607 158 68 607 158 68 607 158 68 607 158 68 607 158 68 607 158 68 607 158 68 607 158 68 607 158 68 607 158 68 607 158 68 607 158 68 607 158 68 607 158 68 607 158 68 607 158 68 607 158 68 607 158 68 607 158 68 607 158 68 607 158 68 5 68 5 68 607 158 68 607 158 68 607 158 68 607 158 68 607 158
85 359 68 85 359
347 501
283 68 136 158
211 240 211
81 68 189 68 642 211 108
550 158 68 430 149
607 479 68 170 543
607 158 68 81 68 397 68 189 68 397 68 5 189 68 170 108
503 189 68 607 158 68 607 158 68 607 158 68 607 158 68 607 158 68 607 158
283 68 607 158 68 550 501 68 397 68 189 68 241 359
43 158 68 527 68 607 158 68 517 68 430 68 241 68 241 68 640
19 68 19 85 68 607 158 68 607 158 68 607 158
64 211 108
321 68 5 68 607 158 68 5
276 85 68 607 158 68 397 68 85 359 68 189 68 569 68 85 359 68 397 68 241 68 607 158 108
503 189 68 607 158 68 81 68 189 68 189 68 189 68 189 68 93 211 108
261 86 68 124 68 607 158 68 607 158 68 607 158 68 607 158 68 397 68 397 68 607 158 68 607 158 68 607 50
5 68 607 158 68 370 68 5 68 607 158 68 607 158 68 607 158
397 68 550 158 118 85 359
527 68 5 68 607 158 68 397 68 253 359
87 68 607 158 68 81 68 189 68 397 68 189 68 189 68 189 68 211 543 211 543 211
527 68 607 158 68 607 158 68 607 158 68 64 211 68 607 158 68 64 211
19 359 68 136 479
79 158 108
276 85 359
397 68 124
531 158 108 68 569 68 640
607 158 68 81 68 189 68 189 68 189 68 189 68 189 68 189 68 189
430 199
283 68 430 68 430 199 68 85 359 68 430 199
189 68 158 108 68 19 85 68 158 108 68 158 108
5 68 81 68 189 68 189 68 189 550 158 543
261 86 68 19 85 68 569 68 569 68 19 85
45 108
607 158 68 607 158 68 617 149
201 85 359
607 158 68 607 158 68 5 68 607 158 68 607 158 68 607 158 68 607 158 68 607 158 68 607 158 68 607 158 68 607 158 68 607 158 68 607 158 68 607 158 68 607 479 68 607 158 68 607 158 68 397 68 607 158 68 607 158 68 607 158 68 607 158 68 607 158 68 607 158 68 607 158 68 607 158 68 5 68 5 68 5 68 5 68 5 68 5 68 5 68 5 68 5 68 5 189 68 5
261 86 68 607 158 68 370 68 569 68 569
54 86
64 211 108 68 569 68 569 68 430 68 640 68 241 68 640
607 158 68 550 501 68 397 68 189 68 189 68 189 68 189 68 189 68 189 68 397 68 189 68 189 68 189 68 189 68 189 68 189 68 189 68 189 68 189 68 189 68 189 68 189 68 189 68 189 68 189 68 189 211 543 211 543 211 543 211 543 211 543 211 543 211 543 211 543 211 543 211 543 211 543 211 543 211 543 211 543 211 543 211 543 211 543 211 543 211 543 211 543 211 543 211 543 211
51 86
64 211 108
503 189 68 85
240 211
283 68 158 108 68 339 68 569 68 640
261 86 68 607 68 607 68 5 68 5 68 5 68 5
446 68 446 82
87 68 124
564
283 551 68 339 551
527 68 607 158 68 81 68 397 68 189 68 189 68 189 68 189 68 189 68 70 158
211 240 211
64 211 108 68 569 68 640 68 640
211 85 359
527 68 607 158 68 527 68 158 68 158 68 189 68 158 108
607 158 68 211 68 550 501 68 189 68 189 68 211 211 211 211
607 479 68 81 68 189 68 569 68 19 85 359 68 19 85
339 551
503 189 68 607 158 68 607 158 68 607 158 68 550 501 68 339 68 397 68 339 68 607 158 68 211 68 397 68 211 108
283 68 136 158
85 4 85
431 438 359
283 68 158 108 68 19 85 68 158 108 68 158 108
43 158 68 517 68 241 68 241 359 389 158 118
283 68 158 108 68 5 68 5 68 5 189 68 189 68 158 108
617
527 68 607 158 68 607 158 68 19 85 68 397 68 397 68 339
607 158 68 550 501 68 397 68 189 68 81 68 189 68 189 550 501 68 189 68 397
5 68 81 68 189 68 5 68 5 189 68 405 68 405
607 158 68 288 68 397 68 397 68 397 68 64 211 108 68 397 68 397 68 397 68 397 68 397 68 397 68 397 68 64 211 108
494
43 158
607 479 68 189 68 189 68 189 68 158 108 68 189 68 158 108
283
417 68 189 68 640 68 640
503 189
64 211 108
283 68 607 158 68 81 68 397 68 397 68 397 68 397 68 640
415
240 359
153 189
607 158 68 550 158 359
87 68 607 158 68 81 68 189 68 189 68 189 68 189 68 211 543 211 108
5 189
607 158 68 550 501 68 397 68 397 68 189 68 189 68 397 68 189 68 397 68 397 68 397 68 189 68 397 68 189 68 189 68 241 359
261 86 68 245 449
241 68 5 68 642 211 68 397 68 189 68 189 68 241 68 241 68 241
19 85 68 5 68 189 68 241 68 640
197 86
189 211 85
405 189 211
607 158 68 43 158 68 240 68 241 68 64 211 108 68 241 68 64 211 108
417
87 449
283 68 607 479 68 397 68 397 68 397 68 397 68 397
43 158 68 81 68 189 68 189 68 81 68 189 68 189 550 501 68 189 68 189
5 68 81 68 189 68 189 68 81 68 19 85
79 158
397 68 189 68 189 68 85 359 550 158 108
359 389 339
261 86 68 124 68 397 68 397 68 397 68 397 68 397 68 397 68 397
607 158 68 550 501 68 189 68 430 68 430 68 430 199 68 430 199
261 86 68 124
527 68 607 158 68 607 158 68 607 158 68 527 68 607 158 68 607 158
405
70 158 68 158 108 68 569 68 569 68 241 359
283 68 339 68 70 158 68 569 68 136 158
43 158 68 550 501 68 189 68 189 68 189 68 189 68 189 68 189 68 189
211 543 68 211
607 479 68 550 501 68 397 68 5 189 68 5 189 68 5 189 68 405 108
64 211 108 68 569 68 241 68 241 68 640 68 241 68 241 68 640
43 158 68 81 68 189 68 189 68 189 68 189 68 189 68 240 211 108 68 241 68 241 68 189 68 189 68 189 68 640
527 68 607 158 68 81 68 189 68 189 68 189 68 189 68 189 68 189 68 189 68 19 85 359 389 158 118
569 68 569 68 189 68 569 68 569 68 569 68 569 68 569 68 405 108
527 68 607 158 68 81 68 189 68 189 68 85
607 158 68 607 158 68 81 68 189 68 189 68 189 68 189 68 189
607 158 68 550 501 68 397 68 397 68 64 211 108
64 211 108
607 158 68 527 359 68 339 68 339
261 86 68 124 68 607 158 68 5 68 5 68 5 68 5
64 211 108
283 68 158 108 68 569 68 19 85 359 68 19 85 359
261 86 68 607 68 607 68 607 158 68 607 158 68 607 158 68 607 158 68 607 158
321 240 68 54 86
607 158 68 81 68 189 68 569 68 85 359 68 85 359 68 158 108 68 189 68 241 359
4 85 359
19 85 68 19 85 68 397 68 19 85 68 19 85 359 68 569 68 397 68 397 68 569 68 397 68 397 68 397 68 85 359 389 85 359 389 158 118
531 85 359
85 359
261 86 68 82 108 68 569 68 19 85
240 389 158 149
64 211 108 68 569 68 19 85 68 19 85 68 19 85 68 19 85
406 479
531 158 543 389 158
405 85 359
158 108 68 607 158 68 81 68 189 68 189 68 189 68 189 68 550 501 68 189 68 189 68 189 68 189
153 68 158 108 68 569 68 189
607 479 68 550 501 68 189 68 189 68 640
283 68 158 108 68 569 68 569 68 19 85
607 339 68 550 501 68 397 68 397 68 397 68 397 68 397 68 397 68 397 68 397 68 397 68 397 68 397 68 397 68 397 68 397 68 397 68 397 68 397 68 397 68 397 68 397 68 397 68 397 68 397 68 397 68 397 68 397 68 397 68 397 68 397 68 397 68 397 68 397 68 397 68 397 68 397 68 397 68 397 68 397 68 397 68 397 68 397 68 397 68 397 68 397 68 397 68 397 68
370 68 5 68 136 479
607 479 68 607 158 68 81 68 189 68 189 68 189 68 189
527 68 607 158 68 607 158 68 607 158 68 607 158 68 607 158 68 607 158
43 158 68 240 211 68 241 359
527 68 607 158 68 5 68 189 68 64 211 108 68 158 108 68 64 211 108
607 158 68 550 501 68 189 68 189 68 189 68 189 68 331 149
607 479 68 607 479 68 397 68 550 339
527 68 607 158 68 607 158 68 397 68 241 68 241 68 241 68 241 68 241 68 241 359
19 85 68 19 85
283 68 5 68 81 68 189 68 189 550 501 68 189
283
607 158 68 607 158 68 397 68 85 359 68 85 359 68 85 359 68 85 347 158 108
607 158 68 70 158 149
283 68 158 108 68 569 68 397 68 569 68 241 68 241 68 640
261 86 108
64 211 108 68 189 68 64 211
5 68 5 68 397 68 397 68 397
189 389 158 118
4 240 359
261 86 68 607 68 81 68 189 68 5
607 158 68 370 68 5 68 397 68 550 501 68 397
607 158 68 81 68 397 68 189 68 189 68 189 68 241 359 68 189 68 211 240 389 339
370 68 5 68 81 68 397 68 19 85 359 68 19 85 359
231 240
43 158 68 81 68 189 68 189 68 189 550 158 108
607 158 68 81 68 189 68 189 68 189 68 189 68 64 211 108 68 64 211 108
5 68 81 68 189 68 189 68 189 258 149
5 68 5
347 501 68 189 68 189 68 189 68 64 211
79 430
405 108
405 211 85 359
607 158 68 45 108 68 569 68 569 68 569 68 569 68 569 68 70 158 108
87 68 81 68 189 68 189 68 189 68 189 68 189 68 189 68 405 108
283
607 158 68 81 68 397 68 569 68 19 85 68 19 85 68 569 68 70 158
261 86 359
283 68 430 149
527 68 607 158 68 607 158 68 607 158 68 81 68 189 68 64 211 108 68 640 68 640 68 640 68 189 68 640 68 640 68 640 68 640 68 64 211 108
283 68 19 85
607 158 68 550 501 68 397 68 189 68 640
607 158 68 607 158 68 397 68 607 158 68 607 158 68 607 158 68 64 211 68 607 158
527 68 607 158 68 527 68 607 158 68 640 68 189 68 640
431
283 68 370 68 5 68 397 68 397 68 397 68 136 158 359
189 68 5 68 189 68 189 68 189 68 189 68 189 68 189 68 189 68 189 68 241 359
359 211
64 211 108 68 569 68 19 85 68 19 85 359 68 339 68 339
43 158 68 81 68 189 68 397 68 569 68 189 68 569 68 569 68 405 68 405
406 155
81 68 5 68 5
64 211 108 68 339
43 158 68 527 68 607 158 68 607 158 68 607 158 68 607 158 68 607 158 68 607 158
354
85 299 389 85
87 68 397 68 550 501 85 359 68 397 68 397 68 397 68 397 68 397 68 397 68 397
261 86 68 245 449 68 430 199
607 479 68 81 68 189 68 569 68 19 85 359 68 19 85
503 189 68 189 68 189 68 189
617 68 64 211 108
447 158 359
527 68 607 158 68 607 158 68 607 158 68 607 158 68 607 158 68 607 158 68 607 158 68 607 158 68 607 158 118
5 68 607 158 68 81 68 189 68 189
607 158 68 288 68 550 501 68 397 68 189 68 189 68 64 211 108
19 85
430 199
283 68 607 158 68 81 68 569 68 19 85 359 68 569 68 339 68 397 68 397 68 339
81 68 5 189 68 446
5 189
370 68 5 68 5 68 5 68 5 189 68 5 189 68 5 189 68 5 189 68 5 189 68 5 189 68 397 68 397 68 189 68 397 68 189 68 189 68 189 68 5 189 68 5 189 68 189 68 189 68 189 68 189 68 189 68 189 68 397 68 397 68 397 68 397 68 397 68 397 68 397 68 397 68 397 68 5 189 68 5 189 68 5 189 68 5 189 68 5 189 68 5 189 68 5 189 68 5
283 68 158 108 68 569 68 569 68 19 85 359
87 68 81 68 189 68 189 68 189 68 189 68 189 68 640
231 85 68 64 211 108
531 158 108 68 19 85
527 68 607 158 68 81 68 189 68 19 85 359
503 189 68 158 108 68 189 68 189
527 68 607 158 68 43 158 68 527 68 331 68 189 68 640
283 68 607 158 68 397 68 397 68 397 68 189 68 397 68 397 68 397 68 397 68 397 68 397
283 68 5 68 85 68 5 189 68 241 68 241 68 241 68 640
503 189
211 240 68 550 501
261 86 68 81 68 189 68 189 68 19 85 68 19 85 68 19 85 68 5 189 68 5 189 68 189 68 189 68 189 68 189 68 189 68 43 158 108
19 85 68 430
527 68 607 158 68 607 158 68 607 158 68 607 158 68 607 158 68 607 158 68 607 158 68 607 158 68 607 158 68 607 158 68 607 158 68 607 158 68 607 158 68 607 158 68 607 158 68 607 158 68 607 158 68 607 158 68 607 158 68 607 158 68 607 158 68 607 158 68 607 158 68 607 158 68 607 158 68 607 158 68 607 158 68 607 158 68 607 158 68 607 158 68 607 158 68 607 158 68
261 86 68 124 68 397 68 189 68 64 211 108 68 241 68 241 68 241 68 241
494 68 189
283 68 607 158 68 81 68 397 68 569 68 569 68 569 68 569 68 397 68 397 68 569 68 397 68 397 68 397 68 85 359 68 189 68 189 68 189 68 189 68 189 68 189 68 189 68 189 68 189 68 189 68 189 68 607 158 108 68 397 68 397 68 397 68 397 68 397 68 397 68 397 68 397 68 19 85 359 68 569 68 569 68 569 68 569 68 569 68 569 68 569 68 19 85 359 68 397 68
593 163 68 550 501 68 397 68 397 68 397 68 397 68 397 68 397
276 85 68 640
593 163 68 550 501 68 397 68 189 68 430 68 430 68 640
283 68 607 158 68 550 501 68 397 68 19 85 68 569 68 189 68 189 68 397 68 607 158 68 189 68 397 68 189 68 189 68 189 68 607 158 118
607 158 68 607 158 68 240 211 68 240 211
321 299
261 86 68 124 68 607 158 68 607 158 68 550 501 68 550 501
276 85 68 5 189 68 405
283 68 81 68 189 68 189 68 569 68 569 68 569 68 569 68 405
240 389 158 68 240 299 68 640 68 640
153 189
607 68 5 68 211 68 5 189 68 5 189 68 189 68 189
503 189 68 569 68 189 68 569 68 569 68 189 68 569 68 240
339 551 68 189 68 189 68 569 68 189 68 189 68 189 68 189 68 189 68 241
607 158 68 517 68 64 211 108 68 241 68 241 68 241
19 85 68 19 85 68 430 68 430 68 19 85 68 430 149
397 68 550 158 108 68 569 68 85 359
359 389 158 543
607 158 68 550 501 68 397 68 397 68 397 68 189 68 397 68 64 211 108 68 397 68 397 68 397 68 397 68 397 68 189 68 397 68 64 211 108 68 189 68 189 68 189 68 189 68 189 68 189 68 189 68 189 68 189 68 397 68 397 68 397 68 397 68 397 68 397 68 397 68 397 68 397 68 397 68 397 68 397 68 397 68 397 68 397 68 397 68 397 68 397 68 397 68 397 68 397 68
86 51 86
406 158 68 550 501 68 430 199
258
87 68 642 211 108 68 189 68 189
87 68 607 158 68 81 68 189 68 607 158 68 607 158 68 64 211 108
64 211 108 68 5 68 189 68 189 68 241 68 189 68 241 68 241 68 241
607 479 68 607 479 68 397 68 397 68 54 86
607 339 68 550 501 68 397 68 397 68 397 68 397 68 397 68 397 68 397 68 397
5 189
406 158 68 607 479
607 158 68 550 501 68 397 68 397 68 397 68 397 68 397 68 397 68 397 68 397 68 397 68 189 68 397 68 189 68 189 68 397 68 189 68 189 68 189 68 189 68 189 68 189 68 189 68 189 68 189 68 189 68 607 158 108
283 551 68 569
564
283 68 607 158 68 607 158 68 607 158 68 607 158 68 607 158 68 607 158 68 607 158 68 607 158 68 607 158 68 607 158 68 607 158 68 87 68 607 158 68 607 158 68 607 158 68 607 158 68 607 158 68 607 158 68 607 158 68 607 158 68 607 158 68 607 158 68 607 158 68 283 68 607 158 68 283 68 283 68 283 68 607 158 68 607 158 68 607 158 68 607 158 68 607 158 68 607 158
431 108
283 68 5 68 640 68 189 68 241 68 241 359
283 68 81 68 189 68 397 68 189 68 211 247 85 359
370 68 5 68 550 501 68 397 68 397 68 397 68 189 68 189 68 189 68 397 68 397 68 189 68 397 68 397 68 189 68 189 68 189 68 189 68 189 68 189 68 189 68 189 68 189 68 189 68 189 68 189 68 189 68 211 543 211 543 389 158 118
503 189 68 158 108 68 569 68 189 68 19 85 359
321 359 68 241 359
189 68 45 108 68 569 68 158 108
283 68 607 158 68 81 68 189 68 189 68 189 68 189 68 64 211 108
531 158 108 68 446 82
607 479 68 189 68 189 68 189 68 189 68 189 68 189 68 189 68 189 68 331 149
370 68 5 68 397
569 68 397 68 397 68 397 68 397 68 397 68 241 359
527 68 607 158 68 81 68 189 68 569 68 189 68 189 68 189 68 189 68 189 68 19 85 359
339 68 550 501 68 189 68 189 68 189 68 189 68 189 68 189 68 189 68 189 68 189 68 189 68 189 68 189 68 64 211 108
276 85
607 479 68 607 158 68 19 85 68 19 85 68 189 68 158 108
283 68 158 108 68 569 68 569 68 19 85 359 68 19 85
607 158 68 288 68 550 501 68 397 68 189 68 189 68 189 68 64 211 108
370 68 5 68 550 501 68 397 68 397 68 189 68 397 68 189 68 189 68 397 68 397 68 189 68 397 68 397 68 189 68 189 68 189 68 189 68 189 68 189 68 189 68 189 68 189 68 189 68 189 68 189 68 189 211 543 211 543 211 543 211 543 211 543 211 543 211 543 211 543 211 543 211 543 211 543 211 543 211 543 211 543 211 543 211 118 68 397 68 397 68 339 68 339 68 397 68 397
405 199
607 158 68 550 501 68 189 68 430 68 430 68 430 199 68 430 199
70 189 68 170
261 86 68 607 68 397 68 397 68 397 68 397
19 85 68 19 85
283 68 569 68 64 211 108 68 569 68 569 68 569 68 240 389 158 108
240 389 158 118
283 68 607 158 68 288 68 607 158 68 288 68 607 158 68 607 158
87 68 370 68 5 68 81 68 189 68 5 189 68 189 68 405 108
283 68 158 108 68 569 68 397 68 85 359 389 85 359
527 68 607 158 68 527 68 607 158 68 607 158 68 607 158
503 189
321 27 68 569 68 397 68 569 68 136 479
283 68 430 68 430 68 430 199
607 339 68 550 501 68 397 68 5 68 5 189 68 5 189 68 5 189 68 5 189
19 85 68 158 108 68 189 68 64 211 108
564
430 68 240 211
85 379
64 211 108
231 211 68 550 501 68 189 68 189 68 189 68 189 68 189 68 189 68 189 68 189 68 550 158 118
607 158 68 527 68 607 158 68 5 68 5 68 5 68 607 158 68 607 158 68 607 158 68 607 158 68 607 158 68 607 158 68 607 158 68 607 158 68 607 158 68 607 158 68 5 189 68 607 158 68 189 68 607 158 68 607 158 68 607 158 68 607 158 68 607 158 68 607 158 68 5 68 607 158 68 5 68 5 68 5 68 5 68 5 68 5 68 5 189 68 5 189 68 5 189 68 5 189
550 430
19 85 68 640
19 85 68 607 158 68 64 211 108 68 64 211 108
607 158 68 81 68 189 68 189 68 85
261 86 68 124 68 607 158 68 607 158 68 607 158 68 607 158 68 397 68 397 68 607 158 68 607 158 68 607 50
87 68 64 211 108 68 189 68 158 108 68 64 211 108
261 86 68 124 68 607 158 68 5 68 607 158 68 5 68 397
261 86 68 607 158 68 81 68 569 68 569 68 569 68 569 68 19 85 68 5 68 5 68 5 68 569 68 189 68 246 68 189 68 45 108
359 389 158
170 68 5 68 607 158 68 397
261 86 68 245 449 68 85 68 569 68 85 359 68 158 108
87 68 370 68 5 68 397 68 607 158 68 81 68 397 68 189 68 189 68 397
527 68 607 158 68 607 158 68 607 158 68 64 211 108
283 68 5 68 607 158 68 5 68 5 68 189 68 189 68 189
189 258 85
5 68 5 68 189 68 241 68 241 359
430 199
569 68 19 85
43 158 68 258 149 68 5 68 5 68 5 189 68 5 189 68 5 189 68 5 189 258 149
283 68 158 108 68 5 68 569 68 569 68 569 68 569 68 640
85 359
283 68 607 158 68 81 68 189 68 189 68 189 68 189
283 68 607 158 68 550 501 68 397 68 397 68 397 68 397
70 158
85 123 85 68 405 85
85 4 85 359
283 68 607 158 68 19 85 68 19 85 68 19 85 68 158 68 607 158 68 607 158 68 607 158 68 607 158 68 607 158 68 607 158 68 607 158 68 607 158 68 607 158 68 607 158 68 607 158 68 607 158 68 607 158 68 607 158 68 607 158 68 607 158 68 607 158 68 607 158 68 19 85 359 68 19 85 359 68 19 85 359 68 397 68 397 68 19 85 359 68 158 68 339 68 339 68 607 158
347 501 68 397 68 189 68 569 68 19 85 359 68 569 68 569 68 189 68 397 68 569 68 189 68 189 68 397
5 68 81 68 189 68 189 68 189 643 85
370 68 5 68 397 68 397 68 397
607 479 68 5 68 189 68 189 68 5 68 5 189 68 5 189 68 189 68 189 68 5 189 68 189 68 189 68 189 68 189 68 189 68 189 68 189 68 189 68 189 68 189 68 189 68 189 68 189 68 189 68 189 68 189 68 189 68 189 68 189 68 189 68 397 68 5 189 68 5 189 68 397 68 5 189 68 5 189 68 5 189 68 5 189 68 5 189 68 5 189 68 5 189 68 5 189 68
527 68 607 158 68 607 158 68 607 158 68 517
607 158 68 527 68 607 158 68 607 158 68 19 85 68 607 158 68 607 158 68 607 158 68 607 158 68 607 158 68 607 158 68 607 158 68 607 158 68 607 158 68 607 158 68 607 158 68 607 158 68 607 158 68 607 158 68 607 158 68 607 158 68 607 158 68 607 158 68 607 158 68 607 158 68 607 158 68 607 158 68 5 68 5 68 607 158 68 19 85 359 68 158 68 158 118 68 607 158
87 68 288 68 5 68 397 68 397 68 5 68 5 68 397
569 68 5 68 211 108 68 5 68 5 68 5 189 68 5 189 68 189 68 5 189
87 449
389 158 118 68 397 68 241 359
550 158 199
283 68 158 108 68 339 68 339 551 68 339 551
431 68 5 68 81 68 189 68 189 68 446 68 640
569 68 81 68 397 68 397 68 397 68 397 68 397 68 397 68 397 68 397 68 397 68 397 68 397 68 397 68 397 68 397 68 397 68 397 68 397 68 397 68 397 68 189 68 397 68 189 68 189 68 189 68 397 68 189 68 397 68 397 68 397 68 397 68 397 68 397 68 397 68 397 68 397 68 397 68 397 68 569 68 569 68 397 68 397 68 397 68 397 68 397 68 397 68 397 68 397 68
527 68 607 158 68 81 68 189 68 405 85 359
261 86 68 245 261 86
389 158 118 68 85 359 389 85 359
370 68 5 68 550 501 68 397 68 397 68 397 68 397 68 397 68 397 68 397 68 397 68 397 68 397 68 397
283
283 68 5 68 5
503 189 68 158 108 68 569 68 189 68 189 68 189
607 158 68 189 68 189 68 189 68 189 68 189
607 158 68 550 501 68 397 68 569 68 569 68 569 68 397 68 397 68 397 68 397
85 359
527 68 607 158 68 527 68 607 158 68 617 68 640
283 68 158 108 68 397 68 85 359 68 85 359 389 158 108 68 85 359 68 241 68 241 359
283 68 158 108 68 569 68 397 68 85 359 68 85 359 389 158 108
564
564
43 158 68 527 68 607 158 68 607 158 68 43 158 68 189 68 189 68 43 158 68 189 68 189 68 189 68 189 68 189 68 189 68 189 68 189 68 189 68 43 158 118
70 158 68 81
283 68 370 68 5 68 397 68 569 68 569 68 569 68 569 68 640
607 158 68 550 501 68 397 68 189 68 189 68 189 68 189 68 189 68 189 68 189 68 189 68 189 68 189 68 189 68 189 68 189 68 64 211 108 68 189 68 189 68 189 68 189 68 189 68 189 68 189 68 189 68 189 68 189 68 607 158 108 68 607 158 108 68 607 158 108 68 607 158 108 68 64 211 108 68 158 108 68 569 68 569 68 158 108 68 158 108 68 158 108 68 158 108 68 158
503 189 68 607 158 68 607 158 68 607 158 68 607 158 68 607 158 68 607 158 68 607 158 68 607 158 68 607 158 68 607 158 68 607 158 68 211 108
64 211 108
527 359
87 68 288 68 607 158 68 397 68 288 68 607 158 68 397 68 397 68 397 68 397 68 397 68 397 68 397 68 397 68 189 68 397 68 397 68 189 68 397 68 189 68 189 68 189 68 189 68 189 68 189 68 189 68 189 68 189 68 397 68 397 68 397 68 397 68 397 68 397 68 397 68 397 68 397 68 397 68 397 68 397 68 397 68 397 68 397 68 397 68 397 68 397 68 397 68 397 68
607 158 68 81 68 189 68 189 68 189 68 189 68 189 68 189
85 359 68 85 359 68 85 359
607 155 68 339 68 550 339
283
389 158 118
43 158 68 288 68 550 501 68 397 68 19 85 68 569 68 640 68 640
85 331 149 68 189 68 19 85
593 163 68 550 501 68 397 68 397 68 397 68 397 68 397 68 397 68 397 68 397 68 397
607 158 68 81 68 189 68 189 68 189 68 64 211 108
64 211 108
365 430
261 86 68 607 158 68 124
417
19 85 68 607 158 68 241 68 241 68 241 68 241 68 241 68 241 68 241 68 241 359
79 339
85 5
642 211
261 86 68 245 449
5 68 527 68 607 158 68 607 158 68 43 158 68 241 68 607 158 68 43 158 68 607 158
417
607 158 68 81 68 189 68 189 68 64 211 108
288 68 640 68 640
607 158 68 54 86 68 397
569 68 642 68 642 68 397 68 5 68 397 68 189 68 241 68 397 68 397 68 397 68 397 68 397 68 397 68 397
5 68 81 68 189 68 189 68 189 550 158 149
321 247 68 397 68 85 359 68 85 359
79 158 68 64 211 108 68 569 68 19 85 68 19 85
405 85 359
283 68 607 158 68 81
87 68 81 68 189 68 189 68 189 68 81 68 189 68 189 266 158 68 81
43 158 68 158 68 189 68 189 68 85
283 68 19 85 68 19 85 68 19 85 359 68 19 85 359
503 189 68 158 108 68 19 85 68 19 85
5 68 81 68 189 68 189 68 5 68 640 68 5 189
189 68 241 68 189 68 241
339 551 68 550 158 149
240 389 430 149
527 68 607 158 68 158 68 158 68 19 85 68 158 68 158 108
430 199
261 86 68 245 449 68 607 158
231 240
607 158 68 81 68 189 68 189 68 189 68 189 68 189 68 189
5 68 81 68 189 68 189 68 569 68 189 550 158 118
607 158 68 430 68 430 68 430 68 430 199
607 158 68 288 68 397 68 397 68 397 68 397
240
261 86 68 245 449 68 85
370 68 5 68 607 158 68 370 68 370 68 607 158 68 607 158 68 397 68 397 68 607 158 68 397 68 397 68 607 158 68 607 158 68 550 86 68 397 68 607 158 68 607 158 68 607 158 68 607 158 68 607 158 68 607 158 68 607 158 68 607 158 68 607 158 68 607 158 68 370 68 370 68 288 68 397 68 261 86 149 68 397 68 397 68 397 68 397 68 569 68 607 158 68 397 68 397 68
501 85 359 68 569 68 397
397 68 64 211 108 68 189 68 64 211
527 68 607 158 68 397 68 240 389 158 68 240 211
564
85 611 85
261 86 149
405 68 85 123 85
189 68 158 108 68 5 189 68 85 359
527 68 607 158 68 81 68 189 68 189 68 189 68 569 68 189 68 189 68 640
85 359 389 158 108
431 68 640 68 640 68 640 68 640
5 68 517 68 189 68 240 389 158 118 68 241 68 241 68 517
64 211 108 68 640
370 68 5 68 389 158 108
283 68 5 68 5
64 211 108
405 108
446 258
430 68 64 211 108
527 68 607 158 68 81 68 189 68 430 68 430 68 430 68 430 68 430 68 430 199 68 430 68 430 68 430 199
261 86 68 245 449 68 19 85 68 19 85 68 19 85
607 158 68 527 68 607 158 68 607 158 68 550 501 68 189 68 189 68 189
607 158 68 288 68 81 68 397 68 397 68 397 68 397 68 397
607 158 68 81 68 397 68 189 68 189 68 189 68 569 68 189
283
240 389 158
283 68 569 68 397 68 397 68 397 68 397 68 397 68 397
288 68 550 501 68 397 68 397 68 397 68 397 68 397 68 397 68 397
531 158 149 68 19 85
261 86
43 158 108
43 158 68 527 68 607 158 68 19 85 68 19 85 68 19 85 68 607 158 68 607 158 68 607 158 68 5 68 640 68 640 68 640 68 640 68 640 68 43 158 108 68 189 68 189 68 189 68 189 68 189 68 189 68 189 68 189 68 607 158 68 607 158 68 607 158 68 45 149 68 19 85 68 19 85 68 19 85 68 19 85 68 5 68 19 85 68 19 85 359 68 430 68 430 68 158 108 68
5 189 68 211
527 68 5 68 5 68 189 68 640
64 211 108 68 5 68 5 189 68 640 68 405 85
503 189 68 607 158 68 81 68 189 68 189 68 189
5 68 211 108 68 397 68 189 68 607 68 211 68 607 158 68 397 68 397 68 397 68 397
607 158 68 607 158 68 607 158 68 607 158 68 607 158 68 607 158 68 607 158 68 607 158 68 607 158 68 607 158 68 607 158 68 607 155 68 607 155 68 607 339 68 607 158 68 607 158 68 607 158 68 607 158 68 607 158 68 607 158 68 607 158 68 607 158 68 607 158 68 607 158 68 607 158 68 607 158 68 607 158 68 607 158 68 607 158 68 607 158 68 607 158 68 607 158 68 607 158
276 85
339 551 68 550 158 108 68 569 68 405
153 68 158 108 68 569 68 189
64 211 108 68 550 501 68 397 68 189 68 189 68 189
86 68 5
19 85 359 68 389 158 118
87 68 607 158 68 550 501 68 397 68 189 68 189 68 189 68 189 68 397
64 211 108 68 397 68 189 68 569 68 241 68 241 68 241 68 241 68 241 359
189 389 158 118 68 189 68 189 550 158 108
365 430
503 189 68 370 68 5 68 5 68 5 68 189 68 5
295 27
370 68 5 68 5 68 5 68 5 68 5 68 5 68 5 68 397 68 397 68 397 68 397 68 397 68 397
261 86 68 124 68 607 158 68 550 501 68 19 85 68 397 68 64 211 108
283 68 158 108 68 569 68 19 85
607 158 68 607 158 68 5 68 607 158 68 550 501 68 397 68 189 68 397
283 68 158 108 68 569 68 397 68 85 359 389 158 108 68 85 359 68 397 68 397 68 389 158 118
569 68 19 85 68 569 68 569 68 19 85 68 569 68 569 68 569 68 569 68 569 68 70 158
283 68 569 68 136 158 149
85 359
87 68 397 68 5 68 397 68 397 68 397 68 397 68 397
19 85 68 19
283 68 5 68 136 479
527 68 607 158 68 5 68 569 68 569 68 569 68 569
397 68 397 68 397 68 397 68 397
527 68 607 158 68 607 158 68 45 108 68 64 211 108
240 389 158 118
503 189 68 170 108 68 5 68 5 68 5 189 68 170 108
503 189 68 607 158 68 81 68 397 68 569 68 189 68 569 68 397 68 397 68 397 68 189 68 189 68 397 68 189 68 189 68 189 68 405 108
430 149
550 501 68 430
593 178
283 68 430 68 430 199 68 85 359
569 68 158 108 68 569 68 569 68 85 359
417 68 405 108
261 86 108
64 211 108 68 5 68 189 68 189 68 189 68 189 68 240 211 108
283 68 158 108 68 5 68 189 68 158 108 68 189 68 189
189 68 45 108 68 569 68 397
288
64 211 108
406 158 118
241 68 640 68 640
607 479 68 189 68 64 211 108 68 64 211 108
607 158 68 550 501 68 397 68 189 68 189 68 189 68 189 68 64 211 108
564 68 245 449
527 359
189 68 64 211
283 68 81 68 397 68 397 68 397 68 189 68 189 68 397 68 397 68 397 68 397 68 397
288 68 607 479
276 85
211 543 389 85
569 68 64 211 108 68 397 68 189 68 64 211 108 68 189 68 64 211 108
86 68 642
5 68 81 68 189 68 189 68 569 68 189 550 158 118
564 68 158 108
261 86
607 479 68 189 68 189 68 189 68 189
79 158 108
261 86 108
607 158 68 64 211 108 68 189 68 189 68 64 211 108
569 68 19 85 68 158 108 68 241 68 241 68 241 68 241 68 640
339 551 68 569 68 19 85
531 158 108 68 5
19 85 68 85
370 68 5 68 607 158 68 397 68 607 158 68 607 158 68 607 158 68 607 158 68 607 158 68 607 158 68 607 158 68 607 68 607 68 87 68 607 68 607 68 607 158 68 607 158 68 607 158 68 397 68 607 158 68 607 158 68 607 158 68 607 158 68 607 158 68 607 158 68 397 68 397 68 397 68 397 68 607 158 68 397 68 397 68 397 68 397 68 397 68 607 158 68 397 68 397 68 607
607 158 68 81 68 189 68 5
527 68 607 158 68 81 68 569 68 569 68 19 85 68 569 68 569 68 397 68 569 68 607 158 68 397 68 397 68 189 68 607 158 68 607 158 68 189 68 189 68 607 158 68 607 158 68 607 158 68 189 68 607 158 68 607 158 68 607 158 68 607 158 68 607 158 68 607 158 68 19 85 359 68 19 85 359 68 19 85 359 68 569 68 569 68 19 85 359 68 19 85 359 68 158 68 158 68
607 158 68 81 68 189 68 189 68 405 85 359 389 158 118
87 68 642 68 550 501 68 397 68 397 68 397 68 397
527 68 607 158 68 339
283 68 607 158 68 19 85 68 19 85 68 19 85 359
607 479 68 189 68 189 68 189 68 189 68 189 68 189 68 189 550 501 85 359
359 389 158 118
283 68 158 108 68 569 68 569 68 569 68 85 359 389 158 108 68 397 68 397 68 569 68 397 68 397
19 85 68 607 158 68 607 158 68 19 68 19 85
370 68 5 68 397 68 397 68 397 68 397 68 397 68 397 68 397 68 397 68 397
43 158 68 550 501 68 397 68 189 68 397 68 189 68 189
283 68 569 68 569 68 397 68 85 359
607 158 68 245 449 68 640
240 389 158 359 68 241 359
405 85 359
189 68 81 68 189 68 189 108
261 86 68 607 68 370 68 5 68 607 158
5 68 607 158 68 370 68 5 68 5
240 389 158 359
43 158 68 5 68 397 68 397
607 158 68 607 479 68 189 68 189 68 189 68 189 68 189
85 359 389 158 68 189 68 240 389 158 359
501 85
370 68 5 68 397
87 68 527 68 607 158 68 81 68 189 68 430 149
149
189 68 389 158 118
607 158 68 550 501 68 397 68 397 68 397 68 397 68 397 68 397 68 397 68 397
5 108
189 68 241 359
153 189 68 517 85
43 158 68 158 68 158 108 68 158 108
5 189 68 258 149
607 158 68 550 501 68 569 68 19 85
64 211 108
283 68 158 108 68 397 68 189 68 241 68 241
211
288 68 136 479
64 211 108 68 569 68 397 68 19 85 68 19 85 68 339 68 64 211 108 68 397 68 339
531 158 108 68 19 85
261 86 68 607 158 68 81 68 397 68 397 68 397 68 397 68 64 211 108 68 397 68 397 68 397 68 397 68 189 68 189 68 397 68 64 211 108
189 68 240 211 240 211 68 240 211
527 68 607 158 68 607 158 68 64 211
231 240
370 68 5 68 5 68 607 158 68 19 85 68 607 158 68 607 158 68 607 158 68 607 158
276 85 68 158 108 68 85
531 158 108
64 211 64 64 64 64 64 64 64 64 64 211
85 359 68 64 211 108
19 85 359
5 189
531 85 359
527 68 607 158 68 81 68 189 68 189 68 189 68 397 68 189 68 189 68 397 68 397 68 189 68 189 68 189 68 64 211 108
43 158 68 527 68 5 68 241 68 241 68 241 68 241 68 640
405 68 81
397 68 347 501 68 397
85 359 68 85 359 389 85 359
283 68 607 158 68 288 68 397 68 397 68 397 68 397 68 397 68 397 68 397 68 397 68 397 68 397 68 397 68 397 68 397 68 397 68 397 68 397 68 397 68 397 68 397 68 397 68 189 68 189 68 397 68 397 359 211 359 389 339
261 86 68 607 158 68 370 68 607 158 68 81 68 607 158
593 163 68 550 158 108
70 189
607 158 68 550 501 68 397 68 19 85 68 19 85 68 19 85 68 397 68 397 68 607 158 118
5
211 543
405
527 68 607 158 68 607 158 68 607 158 68 64 211 108
503 189 68 158 108 68 569 68 19 85
283 68 569 68 397 68 189 68 85 359 68 241 359
527 68 607 158 68 19 85 68 19 85 68 19 85 68 19 85
85 359 389 85
43 158 68 288 68 81 68 397 68 5 68 5
5 68 81 68 189 68 189 68 81
430 199
19 85 68 158 108
85 359 389 158 118
607 479 68 189 68 64 211 108 68 339
87 68 527 68 607 158 68 607 158 68 527 359
406 158 543
503 189 68 405 108
607 479 68 81 68 189 68 189 68 189
5 68 607 158 68 370 68 5 68 607 158 68 607 158 68 607 158
5 68 550 501 68 189 68 189 68 64 211 108
85 4 85
531 158 108
85 359 266 158
397 68 550 501 68 189 68 397
261 86 68 124
5 68 81 68 189 68 189
503 189 68 81
64 211 108 68 339
64 211 108
87 68 64 211 108 68 189 68 189 68 64 211 108
261 86 68 607 68 607 158 68 607 158 68 5 68 397 68 607 158 68 607 158
43 158 68 5 68 189 68 189 68 189 68 189 68 241 299 68 241 68 241
503 189 68 245 449 68 189 68 189
283 68 19 85 68 569 68 569 68 19 85 359 68 569 68 569 68 397 68 70 158
261 86 68 607 68 607 158 68 569 68 19 85 68 569 68 607 158 68 397 68 607 158 68 607 158 68 397 68 189 68 189 68 607 158 68 607 158 68 397 68 607 158 68 189 68 189 68 189 68 189 68 189 68 607 158 68 607 158 68 607 158 68 607 158 68 607 158 68 607 158 68 607 158 68 19 85 359 68 5 68 5 68 397 68 397 68 158 68 158 68 158 68 158 68 397 68 5 189
197
64 211
64 211 108 68 569 68 569 68 19 85
283
607 158 68 81 68 397 68 397 68 397 68 85 359 68 397 68 85 359 68 397 68 397 68 397 68 397 68 397 68 85 359
651 123 68 607 158 68 607 158 68 607 158 68 607 158 68 607 158 68 607 158
527 68 607 158 68 607 158 68 607 158 68 607 158 68 607 158
85
5 108
261 86 68 245 449 68 5 68 370 68 5 68 5
339 551 68 241
276 85 359
85 347 501 68 397 68 85 359 68 85 359 68 430 68 569 68 85 359 68 397 68 397 68 189 68 189 68 85 359
19 85 68 158 108 68 189 68 85 359
531 158 108
85 70 158
43 158 68 258 149 68 189 68 81
5 68 81 68 189 68 397 68 189 68 569 68 569 68 569 68 189 68 397 68 397
607 339 68 550 501 68 569 68 569 68 19 85
283 68 158 108 68 569 68 569 68 19 85 359
85 299 68 19 85 359 389 85 359
153 189
503 189 68 158 108 68 569 68 19 85 68 19 85
359 389 158 68 211 211 359
240 389 158 118
607 158 68 550 501 68 397 68 397 68 397 68 397 68 397 68 397 68 397 68 397 68 397 68 397 68 397 68 397 68 189 68 397 68 189 68 189 68 189 68 189 68 189 68 189 68 189 68 189 68 189 68 397 68 189 68 189 68 397 68 397 68 397 68 397 68 397 68 397 68 397 68 397 68 397 68 397 68 397 68 397 68 397 68 397 68 397 68 397 68 397 68 397 68 397 68 397 68
593 163 68 550 501 85 359 68 569 68 85 359 389 158 118
261 86 68 245 449 68 189 68 607 158 68 607 158 68 607 158 68 640
189 68 81 68 189 68 189 68 189
201 258 68 81 68 189
405
503 189
527 68 607 158 68 43 158 68 640 68 640
261 86 68 245 261 86
261 86 68 607 68 607 158 68 607 158 68 607 158 68 607 158 68 607 158
397 551
651
607 158 68 81 68 189 68 189 68 405 85
503 189 68 85 359 389 158 108
283 68 607 158 68 607 158 68 607 158 68 240 389 158 359
283 68 607 68 5 68 397 68 189 68 241 68 241 68 241 68 241
406 158
531 158 108 68 640
607 158 68 19 85 68 339 68 569 68 19 85 359 68 339 68 339 68 339 68 339
527 68 607 158 68 81 68 397 68 569 68 19 85 359 68 569 68 397 68 397
430 199
365 430 199
607 158 68 550 501 68 397 68 189 68 189 68 189 68 397 68 189 68 397 68 397 68 397 68 189 68 397
503 189 68 158 108 68 189 68 189 68 189 68 189 68 189 68 405 108
261 86 68 245 449
339 551 68 359
569 68 85 359 68 85 359
283
283 68 158 108 68 569 68 19 85
4
189 68 158 240 211
607 158 68 370 68 5 68 550 158 118 68 397 68 397 68 211
240 389 158 222 149
607 158 68 607 158 68 81 68 189 68 85 68 5 68 85 359 68 85 359 68 5 68 5 189 68 189 68 189 68 640 68 189 68 64 211 108 68 189 68 189 68 189 68 189 68 189 68 189 68 189 68 189 68 189 68 189 68 189 68 64 211 108 68 43 158 108 68 607 158 108 68 85 123 85 123 85 359 68 5 68 5 68 5 68 5 68 5 189 68 158 118 68 430 68 158 118 68 5
283 68 607 158 68 124
64 211 108
531 158 108 68 569 68 569
43 158 68 240 299 68 240 389 85 359 68 240 299
43 158 68 527 68 607 158 68 5 68 189 68 189
19 85 68 339 68 569 68 136 158 149
4 149
339 551 68 241 68 241 359
283 68 607 158 68 288 68 43 158 68 43 158 68 43 158 68 43 158
189 211
640
430 85 359
231 240
79 339
85 359 551
550 501 68 397 68 189 550 158 108
19 85 359 68 339 551 68 569 68 339 551
607 158 68 81 68 397 68 189 68 189 68 189 68 189 68 64 211 108
531 158 108 68 19 85 359
261 86 68 124
43 158 68 158 68 189 68 189 68 240 211 68 189 68 240 211 68 240 211 108 68 189 68 189 68 189 68 189 68 189 68 189 68 189 68 189 68 189 68 189 68 189 68 189 68 189 68 189 68 189 68 189 68 189 211 543 211 543 211 543 211 543 211 543 211 543 211 543 211 543 211 108 68 189 68 5 189 68 5 189 68 5 189 68 158 108 68 158 189 68 158 108
430 430 68 430 199 108
276 85
607 479 68 81 68 189 68 189 68 189 550 158 543
19 85
240 211
527 68 607 158 68 158 68 158 108 68 158 108
339 551 68 550 501 68 397 68 85 359
283 68 19 85 68 19 85 68 19 85 68 19 85 359 68 158 108
564 68 607 158 68 81 68 397 68 430 68 430 68 430 199 68 640
261 86 68 124 68 397 68 397 68 550 501 68 397 68 397 68 397
607 158 68 81 68 189 68 189 68 189 68 189 68 189 68 405 108
43 158 68 288 68 81 68 189 68 640
503 189 68 81 68 189 68 189
54 86 68 54 86 68 85
189 550 158 118 68 430 68 189 550 487 359
607 158 68 81 68 189 68 189 68 189
85 359 551
283 68 158 108 68 430 68 430 149 68 19 85
87 68 370 68 5 68 397 68 397 68 607 158 68 397 68 397 68 397 68 397 68 397 68 397 68 397 68 397 68 397 68 397 68 607 50
87 68 607 158 68 397 68 569 68 64 211 108 68 397 68 397 68 397 68 397 68 397 68 397
607 158 68 550 501 68 397 68 397 68 189 68 189 68 189 68 189 68 189
19 85 68 81 68 189 68 189 68 19 85 359 68 19 85
283 68 241 68 640
389 158 149
85 359
5 68 5 68 189 68 189 68 43 158 68 43 158 68 5 68 640
43 158 68 85 359 68 85 359
406 158 118
43 158 68 527 68 607 158 68 607 158
607 158 68 288 68 550 501 68 397 68 397 68 397 68 397 68 397 68 397 68 397 68 397
607 158 68 43 158 68 241 68 241 68 241 68 241 68 241 68 241 68 241 68 241 359
607 158 68 607 158 68 339
370 68 5 68 81
240 299 68 241 68 241 359
4 4 4
87 68 211 359 68 189
531 158
240 389 158 118 68 136 479
43 158 68 550 501 68 189 68 430 68 430 68 430
283
43 158 68 5 189
389 158 118
261 86 68 607 68 569 68 397 68 339 68 339 68 339 68 339 68 339
406 158 359 68 136 479
19 85 68 5 68 189 68 241 68 640
607 479 68 5 68 5 68 5 68 5 189 68 5 189 68 5 189 68 640
64 211 108 68 397 68 550 501 68 569 68 189 68 569 68 189
406 158 68 517 68 640
261 86 68 245 449 68 569 68 158 108
261 86 68 124
503 189 68 81 68 189 68 189 68 5 189 68 5 189
607 158 68 550 501 68 397 68 189 68 189
43 158 68 288 68 517
607 158 68 81 68 189 68 189 68 85 359 68 85 359 68 640 68 640 68 640 68 640
5 68 81 68 189 68 189 258 149 550 501 68 189 68 241 359
19 85 68 19 85 68 19 85 68 19 85 68 430 68 430 68 430 68 430 199
607 158 68 550 501 68 397 68 189 68 189 68 189 68 569 68 189 68 189 68 241 68 569 68 397 68 189 68 189 68 189 68 189 68 189 68 189 68 189 68 189 68 189 68 189 68 189 68 189 68 189 68 189 68 189 68 189 68 189 68 189 68 397 68 397 68 607 158 118 68 397 68 397 68 397 68 397 68 569 68 569 68 569 68 397 68 397 68 5 189 68 158 118
607 479 68 607 479 68 397 68 189 68 550 158 68 550 158 68 189 68 211
153 189
370 68 5 68 550 501 68 397 68 397 68 189 68 189 68 64 211 108
213 211 108
365 430 199 68 365 430
64 211 108 68 397 68 64 211 108 68 64 211 108
531 158 108 68 569 68 136 479
64 211 108 68 640
189 70 189
531 158 108 68 430 68 640
430 68 430 68 430 149
527 68 607 158 68 607 158 68 607 158
5 189
531 158 108
283 68 158 108 68 569 68 569
261 86
321 247 68 640 68 85
607 479 68 550 501 68 189 68 64 211 108
85 4 85
607 158 68 550 501 68 397 68 189 68 189 68 189 68 189 68 64 211 108
607 158 68 607 158 68 550 501 68 397 68 189 68 189 68 189
527 68 5 68 189 68 189 68 240 389 158 118
5
43 158 68 288 68 517
85 4 85
607 158 68 81 68 397 68 397 68 189 68 550 501 68 397 68 189 68 397 68 397
527 68 607 158 68 550 501 68 430 68 430 68 430 199 68 430 68 430 199
607 479 68 81 68 189 68 189 550 158 108
19 85 68 607 158 68 19 85 68 64 211 108 68 189 68 64 211 108
607 158 68 370 68 5 68 5 68 5 68 5 68 5 189 68 397
211 240 211
85 359 68 19 85 68 19 85
283 68 158 108 68 569 68 19 85
70 158
593 163 68 64 211 108 68 339 68 64 211 108 68 64 211 108 68 64 211 108
43 158 68 288 68 550 501 68 397 68 189 68 189 68 430 149
406 158 359 68 189 68 290 85 359
19 85 68 607 158 68 607 158 68 430 68 430 68 64 211 108
607 158 68 5 68 189 68 189
240 389 158 359
5
607 158 68 527 68 607 158
64 211 108 68 397
261 86 68 158 108 68 569
213 389 158 108 68 5
564 68 607 158 68 81 68 189 68 189 68 189 68 241 68 640 68 640
321 27
283 68 158 108 68 397 68 569 68 85 359 68 397 68 85 359
283 68 607 158 68 607 158 68 607 158 68 607 158 68 607 158 68 607 158 68 607 158 68 607 158 68 607 158 68 607 158 68 607 158 68 607 158 68 607 158 68 607 158 68 607 158 68 607 158 68 607 158 68 607 158 68 607 158 68 607 158 68 607 158 68 607 158 68 607 158 68 607 158 68 607 158 68 607 158 68 607 158 68 607 158 68 607 158 68 607 158 68 607 158 68 607 158 68
64 211 108
197 86 68 5
87 68 288 68 550 501 68 397 68 189 68 189 68 189 68 189
64 211 108 68 64 211 108
283 68 607 158 68 19 85 68 397 68 241 68 241 68 241 68 640
64 211 108 68 136 479
370 68 5 68 5 68 5
406 158 118 68 85 359 68 85 359
321 247 68 430 68 430 68 640 68 640 68 640 68 640
261 86 68 245 449
607 158 68 607 158 68 397 68 189 68 241 68 241 359 68 397 68 397
607 158 68 607 158 68 81 68 569 68 569 68 569 68 397 68 397 68 397
5 68 5 189
503 189
288 68 550 501 68 397 68 397 68 370 68 370 68 370 68 370 68 5
85 5 68 81 68 189
283 68 607 158 68 607 158 68 607 158 68 64 211 108 68 64 211 108
531 158 543
85 359 68 85 359
5 211 149
43 158 68 527 68 5
406 430 149
19 85 68 19
43 158 118
288
283 68 607 158 68 81 68 397 68 397 68 64 211 108
79 158 108
189 389 158 118
245
158 108 68 607 158 68 607 158 68 607 158 68 550 501 68 607 158 68 607 158 68 607 158 68 607 158 68 607 158 68 607 158 68 607 158 68 607 158 68 607 158 108 68 607 158 68 607 158 68 189 68 607 158 68 607 158 68 607 158 68 607 158 68 607 158 68 607 158 68 607 158 68 607 158 68 607 158 68 607 158 68 607 158 68 607 158 68 607 158 68 607 158 68 607 158 68 607 158
43 158 68 607 158 68 550 501 68 397 68 397
339 551 68 550 501 68 397 68 397 68 359
321 299
365 430 199 68 365 430
607 158 68 527 68 607 158 68 607 158 68 189 68 189 68 189 68 189 68 189 68 189 68 189
607 158 68 607 158 68 569 68 569 68 19 85 359
211 85 359 68 85 359 389 85 359
240
19 85 68 240 299
261 86
211 85 359 68 85 359
261 86 68 245 449 68 569 68 569 68 19 85 359 68 569 68 640
527 68 607 158 68 607 158 68 607 158 68 607 158 68 607 158
43 158 68 527 68 607 158 68 607 158
43 158 68 517
43 158 68 288 68 550 501 68 189 68 19 149
406 158 68 517
503 189 68 85 68 607 158 68 640
607 158 68 607 158 68 607 158 68 64 211 108
283 68 430 68 430 199 68 85
339 551 68 189 68 189 68 569 68 189 68 189 68 189 68 189 68 189 68 241
607 158 68 607 158 68 550 501 68 189 68 64 211 108 68 64 211 108
607 479 68 607 479 68 5 68 189 68 5 189 68 5 189 68 64 211 108
430 149
569 68 85 359 389 158 118
607 158 68 5 189 68 85 359
446
19 85 68 446 82
531 158 108 68 569 68 85
51 86
283 68 158 108 68 19 85
527 68 607 158 68 607 158 68 397 68 19 85 68 397 68 241 68 397 68 241 359
261 86 68 189
211 149 389 158 543
295 247 68 158 108
276 85 68 158 108 68 5 68 85 359 68 85 359
5
19 85 68 158 118
87 68 642 211 108 68 5 189 68 642 211 108
5 189 68 389 430
607 479 68 607 479 68 397 68 64 211 108 68 189 68 241 68 64 211 108
531 158
87 68 64 211 108 68 397 68 64 211 108
197 86
19 85 359
406 158 543 68 19 258 149
417
261 86 68 124
527 68 5 68 189 68 85 359 68 85 347 158 108
283 68 5 68 517 68 640 68 640 68 640
503 189 68 607 158 68 81 68 397 68 397 68 397 68 397 68 397
607 158 68 607 158 68 397 68 607 158 68 607 158 68 550 501 68 397 68 397 68 607 158 68 397 68 397 68 189 68 189 68 607 158 68 607 158 68 397 68 189 68 189 68 189 68 189 68 189 68 189 68 189 68 607 158 68 607 158 68 607 158 68 607 158 68 607 158 68 397 68 397 68 397 68 397 68 607 158 68 339 68 397 68 397 68 397 68 397 68 339 68 339 68 339 68 339 68
153 189
607 158 68 81 68 569 68 569 68 569
189 550 158
87 68 170 108 68 397 68 189 68 211 68 211 68 211
51 86 68 5
527 68 607 158 68 527 68 158 68 158 68 189 68 158 108
494 68 189 68 517
19 85 68 339 68 550 158 108 68 569 68 569 68 569 68 640
64 211 108 68 64 211 108
339 551 68 19 85 359
607 158 68 5
430 199
607 158 68 81 68 189 68 189 68 241 68 241 359
43 158 68 81 68 397 68 569 68 569 68 569 68 569 68 569 68 397 68 397 68 397 68 397 68 397 68 397 68 397 68 397 68 189 258 149
370 68 5 68 517
607 158 68 81 68 397 68 397 68 569 68 19 85 68 569 68 397 68 397 68 397 68 397 68 397 68 397 68 397 68 189 68 397 68 607 479
527 68 607 158 68 81 68 189 68 189 68 189 68 189 550 158 118
261 86 68 245 449
85 5 68 85 68 158 108 68 158 108 68 85 359 68 158 108 68 640 68 640 68 640
64 211 108 68 389 158 118
5
5 68 81 68 189 68 189 68 569 68 19 85
339 551
494
406 158 68 64 211
5 68 211 108 68 189 68 189 68 64 211 108
607 479 68 189 68 569 68 569 68 79 359
607 158 68 607 158 68 397 68 550 501 68 397 68 397 68 189 68 189 68 397 68 397 68 397
607 339 68 550 339
261 86 68 124
283 68 5 68 211 108 68 397 68 397 68 189 68 189 68 397
283
86 68 642
153 189 68 64 211 108
