607 68 607 158 68 81 68 189 68 189 643 85
19 85 68 64 211 108 68 158 108
5 68 81 68 189 68 189 68 569 68 405 359
501 85 152 68 430
189 68 81 68 189 68 569 68 189 68 503 158 118
189 68 331 68 607 158 68 153 189 68 252 199
431 108
19 85 68 64 211
201 85 299 68 158 108 68 158 108
261 86 68 124 68 607 68 5 68 241 68 19 85 68 241 68 241 68 241
503 189 68 527 68 158 68 81 68 19 85
43 158 68 5 189
85 359 389 158
339 551 68 189 68 517 85 359
611 51 86 68 517
153 189
19 85 68 85 149
19 85 68 19 85 68 19 85
569 68 211 108 68 85
642 211
527 68 5 68 85 359 68 85 359 68 19 85
531 158 543
283 68 607 68 5
503 189 68 607 158 68 81 68 397 68 569 68 19 85 68 640 68 189 68 640 68 640
5 68 81 68 189 68 19 85 68 19 85 68 158 108
79 158 68 158 108 68 569 68 569
85 331 68 158 108 68 158 108 68 430 68 430
189 68 81 68 189 68 189 68 241 68 158 108
607 68 5 68 607 158 68 397 68 607 158 68 189 68 607 158 68 607 158 68 607 158 68 607 158 68 607 158 68 607 158 68 607 158 68 607 158 68 607 158 68 607 158 68 607 158 68 607 158 68 189 68 607 158 68 607 158 68 607 158 68 607 158 68 607 158 68 607 158 68 5 68 5 68 5 68 5 68 5 68 5 68 5 68 607 158 68 5 68 5 68 607 158 68 5 68 607 158
261 86 68 124 108 68 19 85 68 19 85
607 68 5 68 5 68 189
189 68 406 158 68 517 68 517 68 517
64 211 108 68 5
607 158 68 527 68 5 68 81 68 189 68 189 68 19 85 68 189 68 189
607 479 68 189 68 19 85 68 19 85 68 19 85 68 158 108
503 158 108
405
607 158 68 527 68 607 158 68 640 68 640 68 640
527 359
611 543 211 543 389 158 118
261 86 68 245 449 68 158 108 68 569 68 430 68 339 68 339
64 211 108 68 569 68 189 68 405 68 405
629
87 68 593 163 68 550 501 68 397 68 64 211 108 68 64 211 108
503 189 108
283 68 527 359 68 430 68 430 199
64 211 108 68 19 85 68 19 85 68 19 85 68 19 85 68 19 85
569 108 68 569 68 253
607 479 68 607 158 68 19 85 68 19 85 68 64 211 108
406 158 68 607 158 68 81 68 189 68 189 68 405 68 405 68 405 68 189 68 405
359 389 158
261 86 68 124 68 370 68 569 68 569 68 569 68 569 68 569 68 397 68 397 68 253 359
43 158 68 642 211
87 68 288 68 550 501 68 397 68 569 68 397 68 397 68 397
527 68 607 158 68 527 359 68 283 68 607 158
43 158 68 527 359 68 19 85
241 68 5 68 189 68 189 68 347 158 359 68 189 68 241 68 397 68 189 68 241
87 68 189 68 19 85 68 339 68 211 222 149
406 501 68 397 68 189 68 397 68 431 68 640 68 517 68 397 68 640
87 68 64 211 108 68 158 108 68 158 108
503 189
503 189 108
261 86 68 607 68 5 68 189 68 527 359 68 607 158 68 607 158 68 607 158 68 607 158 68 607 158 68 607 68 607 158 68 607 68 607 68 607 68 5 68 607 158 68 607 158 68 607 158 68 189 68 607 158 68 607 158 68 607 158 68 607 68 607 158 68 607 158 68 81 68 81 68 81 68 81 68 5 68 5 68 5 68 5 68 5 68 607 158 68 5 68 550 158 68 550 158 68 5
283 68 607 68 607 68 607 158 68 527 359 68 607 158 68 607 158 68 607 158 68 170
397 551
295 68 607 158 68 258 149 68 430 68 430 68 430 68 430 199
431 68 19 163 68 189 68 189 68 240 389 158 149 68 189 68 517
261 86 68 124 68 158 108 68 569 68 136 479
59 158 108
283 68 136 158
494 68 189 643 68 517
527 68 607 158 68 527 68 607 158 68 347 501 68 397
189 68 347 501 68 189 68 189 68 617 68 607 68 617 68 617
569 68 577 68 607 158 68 253
331 359
231 51 86
189 70 158
245 458
70 189 68 170
258 68 405 68 405 68 189 643 85
201 258 68 405 108 68 158 108 68 405 85
189 68 81 68 189 68 189 68 405 68 405 68 189 68 405
5 68 81 68 189 68 19 85 68 19 85 68 19 85
527 68 607 158 68 288 68 19 85
49
189 550 158 118 68 158 108 68 241 68 189
607 68 5 68 550 501 68 397 68 189 68 189 68 64 211 108
261 86 68 527 68 607 158 68 527 359
231 240
85 299 211
79 339
607 158
503 189 68 211 359
397 68 85 359 389 85 359
503 189 68 607 479 68 189 68 365 152
611 189
339 68 550 339
339 68 136 479
347 501 68 397 68 189 68 19 85 68 19 85 68 19 85 68 189 68 19 85
5 68 81 68 189 68 19 85 359 68 19 85 359 68 517 85 359
283 68 370 68 5 68 640 68 640 68 640 68 640 68 640
245 449
64 211 108 68 5 68 189 68 240 211 108 68 517 68 517 68 517
397 68 54 86
531 158 108 68 517 85
283 68 158 108 68 569 68 19 85 68 85 359
569 68 295 240 68 640 68 640 68 640 68 640 68 640
527 68 607 158 68 607 158 68 241 68 607 158 68 607 158 68 607 158
49 68 607 158 68 54 86
321 563 189 68 321 563 158
397 68 642 211 108 68 405 68 405
261 86 68 124 68 607 158 68 569 68 64 211 108 68 569 68 64 211 108 68 607 158 68 607 158 68 397 68 189 68 64 211 108 68 607 158 68 607 158 68 607 158 68 607 158 68 607 158 68 189 68 189 68 607 158 68 607 158 68 607 158 68 607 158 68 607 158 68 607 158 68 397 68 81 68 397 68 550 86 68 550 339 68 397 68 339 68 339 68 339 68 339 68 550 86 68 550 86
607 158 68 283 68 550 501 68 397 68 211 543 211 108
527 68 607 158 68 527 68 640 68 640
283 68 253
607 158 68 527 68 5 68 81 68 189 68 365 430 199 68 189 68 189 68 189 68 189 68 189 68 189 68 189 68 246 68 189 68 170 108
54 86 68 607 68 397 68 189 68 211 108 68 517 68 517
247 85 68 569 108
611 51 86
370 68 550 501 68 397 68 189 68 64 211 108 68 19 85 68 640
5 189
5 68 288 68 550 501 68 397 68 397 68 397 68 397 68 54 86
240 550 158
283 68 607 68 5 68 397 68 64 211 108 68 64 211 108 68 640 68 640
607 479 68 81 68 189 68 517 68 517 68 517 68 517
64 211 108 68 569 68 517 68 569 68 517 68 517 118 68 189 68 189 68 158 118
607 158 68 527 68 607 158 68 607 158 68 550 501 68 397 68 607 158 68 607 158
153 68 607 158 68 81 68 397 68 189 68 43 158 68 43 158 68 43 158 68 43 158 68 517 118
283 68 607 68 550 501 68 397 68 617
431 68 64 211 108 68 517 68 64 211
261 86 68 124
405 68 405 85 359
503 189
64 211 108
283
406 155
607 68 5 68 81 68 189 68 189 68 189 68 189 68 211 240 211 108 68 189 68 607 158 118
283 68 158 108 68 569 68 19 85 68 19 85 68 397 68 189 68 339 68 607 158 359 68 136 479
70 158 108
607 158 68 81 68 189 68 5 68 64 211 108 68 241 68 640 68 189 68 241 68 607 158 108
85 299 68 405 85 359
339 68 550 339
569 68 331 68 640 68 640 68 640
261 86 68 607 68 5 68 617
64 211 108 68 607 158 68 550 339 68 397 68 607 158 68 550 501
87 68 370 68 607 158 68 81 68 397 68 85
43 158 108
283 68 5 68 370 68 5 68 81 68 189 68 189 68 640
231 51 86 68 370 68 5 68 607 158 68 81 68 5 68 607 50
405 108
276 85
87 68 471 211
607 158 68 564 68 607 158 68 430 68 430 199
64 211 108 68 136 479
245 458
5 68 81 68 189 68 569 68 569 68 405 68 405
283 68 339 68 550 501 68 569 68 19 85 359 68 569 68 569 68 19 85
85 299 266 50
494 68 189 550 158 108 68 241 68 640
85 299 389 158 118
527 68 607 158 68 607 158 68 607 158 68 607 158 68 607 158 68 607 158 68 607 158 68 607 158 68 607 158 68 189 68 189 68 607 158 68 189 68 607 158 68 607 158 68 607 158 68 189 68 189 68 189 68 189 68 607 158 68 607 158 68 607 158 68 607 158 68 607 158 68 607 158 68 607 158 68 607 158 68 569 68 158 68 158 68 430 68 430 199 68 158 68 158 118 68 158 68 158
593 163 68 19 85 68 607 158 68 19 85 68 19 85 68 607 158 68 397 68 607 158 68 607 50
64 211 108 68 81
503 189 108
607 68 5 68 81 68 189 68 19 85 68 19 85
43 158 68 527 68 607 158 68 5 68 240 211 68 240 211 68 189 68 241 68 607 158
5 189 68 136 479 68 607 158 68 5 68 136 479
189 68 651 123
607 68 5 68 577 68 189 68 569 68 569 68 397 68 189 68 189 68 189 68 397 68 136 479
527 68 607 158 68 527 68 607 158 68 517
569 68 152 550 487 149
5 68 527 68 607 158 68 81 68 189 68 189 68 189 68 64 211 108
241 68 430 299 68 430 438 359
494 68 640 68 640
189 68 64 211 108 68 550 158 149
170 108 68 642 211
197 86
503 189 68 158 108 68 569 68 503 189 68 170 108
607 479 68 124 68 81 68 569 68 19 85 68 19 85 68 19 85 68 19 85 68 607 158 68 607 158 68 397 68 189 68 43 158 68 517
4 85 359
607 158 68 82 152 68 607 158 68 550 158 68 158
405 68 569 68 569 68 241 68 640 68 640
501 85 152 68 430 68 430 68 430 68 430 199 68 64 211 108
527 68 607 158 68 527 68 607 158 68 607 158 68 189 68 607 158 68 607 158
85 359 68 19 85
406 158 68 607 158 68 81 68 189 68 405 85
503 189 68 158 108 68 569 68 503 158 108
54 86 68 397 68 54 86
406 158 149 68 550 158 149
389 487 359 68 397
607 68 607 158 68 550 501 68 397 68 189 68 397 68 189 68 189 68 189
276 85 68 158 108 68 158 108
261 86 68 124 68 607 158 68 550 501 68 397 68 189 68 550 158 118
261 86 68 245 449 68 189 68 64 211 108
397 68 133 68 85 347 501 68 430
359 389 85
283 68 517 68 640 68 189 68 640 68 640 68 640 68 640 68 640
430 299 389 158 359
49 551 68 569 68 405 85
651 123 68 607 158 68 253 68 5 68 253 68 5 189 68 607 158 68 607 158
569 68 331 68 189 68 241 68 5 68 430 199 68 189 68 430 199 68 189 68 158 108
19 85 68 640 68 569 68 640 68 640
430 68 64 211 108
43 158 68 81 68 397 68 189 68 5 189 68 405
531 158 543 68 517 118
124
87 68 213 194 108 68 640 68 640
607 68 5 68 241 68 189 68 241 359 389 158 118
347 501 68 607 158 68 189 68 550 501 68 189 68 607 158
155
607 155 68 5 68 81 68 189 68 640
5 68 241 68 397 68 397 68 241 68 397 68 241 68 241 359 68 397 68 241 359
283
321 68 253 68 5 189 68 405 108
261 86 68 607 68 550 501 68 397 68 189 68 241 68 241 68 607 158 68 607 158 68 607 158
283 68 607 68 5 68 241 68 397 68 189 68 331 68 331 68 189 68 189
564 68 5 68 240 211
189 149 68 245 449
339 68 51 86
607 68 607 158 68 527 68 189 68 447 158 68 447 158 68 447 158 68 158 108
607 68 5 68 550 501 68 397 68 189 68 189 68 64 211 108
64 211 108
527 68 607 158 68 253 68 189 68 158 108 68 64 211 108
406 158 211
189 68 347 501 68 397 68 189 68 19 85 68 64 211 108
503 189 68 5 68 81 68 189 68 81 68 189 68 189
5 68 81 68 189 68 569 68 85 359 68 569 68 19 85 359
283
189 68 197 86 68 158 108
51 86 68 607 68 5 68 253
85 359 68 517 68 430 68 430 68 430 199
531 158 108
261 86 68 124
550 501 68 617
245 449 68 158 108
5 189 68 81
189 68 158 108 68 569 68 158 108 68 158 108
64 211 108 68 397 68 189 68 607 158 68 64 211
276 85 68 158 108
261 86 68 283 68 607 158 68 288 68 527 359 68 607 158 68 607 158 68 607 158 68 607
173
430 299 426 158
283
494 85 68 85
531 158 108
189 68 158 108 68 5 189 68 85
85 290 85 359
569 68 158 108 68 569 68 189 68 189 68 189 68 136 479
607 68 5 68 81 68 189 68 189 68 211 543 211 108 68 607 158 68 607 158 68 607 158
261 86 68 245 449 68 158 108 68 569 68 158 108
397 551
197 86 68 607 158 68 577 68 189 68 64 211 108
189 68 5 68 124 68 124
43 158 68 81 68 397 68 189 68 5 189 68 405
406 158 68 607 158 68 81 68 189 68 5 189 68 5 189 68 405 68 405
64 211 108
617 68 611 74
5 68 81 68 189 68 189 68 189 68 19 85 359 68 189 68 189 68 189 241 359
288 4 4
283 68 607 68 19 85 68 19 85 68 19 85
359 389 158 118 68 211 211
607 68 5 68 288 68 397 68 288 68 288 68 397 68 397 68 397
406 158 68 517 68 189
5 68 81 68 19 85 68 19 85 68 19 85 359
5 68 527 68 5 68 189 68 527 68 5 68 331
87 68 165 68 5 68 81 68 189 68 503 189 68 170 108
283 68 245 449
552 85 359
201 258 258
261 86
5 189 266 158 118
189 68 5 189
19 85
430 299 426 158
607 68 5 68 397 68 189 68 569 68 397 68 397 68 397 68 189 68 189 68 397 68 136 479
611 211 108 68 397 68 189 68 241 68 241 68 241 68 241 68 189 68 241 430 199
527 68 607 158 68 527 68 607 158 68 527
607 479 68 503 158 68 211 543 68 339
283 68 158 108 68 569 68 19 85 68 85 359 68 19 85 68 640
85 4 149
593 163 68 64 211 108
231 240
43 158 68 288 68 288 68 81 68 397 68 397 68 569 68 253
611 258 438 359
211 213 299 438 359
531 158 108
527 68 607 158 68 5 68 158 108 68 569 68 136 479
245 449
189 68 241 68 5 189 68 640
611 51 86
607 158 68 607 158 68 550 501 68 64 211 108
593 163 68 64 211 108 68 5 68 64 211 108 68 64 211 108
283 68 158 108 68 5 68 241 68 607 158
321
85 299 266 158 118
607 479 68 550 158 68 607 158 68 607 158 68 607 158 68 550 501 68 607 158 68 607 158
607 155 68 81 68 189 68 189 68 5 68 81 68 189 68 189
54 86 68 339 68 85 359
607 68 5 68 245 449 68 189 68 517 68 189 68 189 68 517
19 85 68 640 68 640
276 85
211 359 389 359
569 68 136 479 68 189 68 189 68 189 68 189 68 136 479
85 299 266 158 68 247 85 359 389 158 118
283 68 158 108 68 19 85 68 19 85
405 211
189 68 136 479 68 158 108 68 19 85
45 108 68 569 68 189 68 64 211 108 68 5 68 607 158 68 64 211 108
170 108
245 449 68 158 108 68 5
245 458
64 211 108 68 569 68 640 68 640
189 68 64 211 108 68 569 68 569 68 64 211 108
531 158 543 213
85 359 68 569 68 85 347 501 68 19 85 68 158 118 68 158 108 68 640 68 640 68 640 68 640 68 640 68 640 68 640
240 211
651 123 68 517 68 517 85
569 68 93 211 68 331 149 68 189 68 331
201 258 68 253
607 479 68 550 158 68 339 68 64 211 108
153 68 607 158 68 81 68 189 68 241 68 241 68 607 158
19 85 68 85 4 85 359
405 68 19 85 359
593 89 158 68 577 68 339 68 339 68 550 501 68 397 68 397
503 189 68 527 68 607 158 68 527 359 68 64 211 108 68 64 211 108
19 85 299 266 158 118
211 240 211
629
189 68 81 68 189 68 430 199 68 430 199 68 430 199 68 430 199
607 155 68 81 68 189 68 189 68 19 85 68 19 85
86 163 68 550 501 68 397 68 189 68 64 211 108 68 64 211 108
283 68 607 68 607 68 5 68 64 211 108 68 397 68 550 501 68 189 68 189 68 617 149
5 189 211
261 86 68 124 68 370 68 5 68 397 68 347 501
240 211 68 64 211 108 68 339
85 447 158 68 85
74 68 64 211 108
339 68 136 158 359
347 158 68 81 68 397 68 569 68 569 68 85 359 68 64 211 108
321 247 68 390 68 189 643 85
321 240 68 569 68 45 108 68 569 68 283 68 569
49 68 607 158 68 550 501 68 397 68 397 68 397 68 397 68 397 68 397 68 397 68 397
503 189
64 211 108 68 447 158 108
503 189 68 370 68 5 68 81 68 189 68 189 68 189 68 189
527 68 607 158 68 370 68 5 68 397 68 397 68 64 211 108 68 189 68 64 211 108
189
607 158 68 253 68 397 68 189 68 241 359
283 68 607 68 5 68 149 68 189 68 331 149 68 607 158 68 607 158 68 607 158
5 189 68 4 149
593 163 68 517 68 397 68 607 158 68 5 68 5 189 68 136 479
170 299 68 158 108 68 389 85 359
531 158 108 68 550 501 85
607 68 5 68 81 68 189 68 19 85 68 19 85
569 68 331 68 640 68 640 68 640
189 68 4 85 68 158 108 68 569 68 19 85 68 158 108 68 158 108 68 19 85
611 240
86 68 124
5 68 81 68 189 68 569 68 569 68 19 85 68 19 85 68 189 68 189 68 331
197 86 68 197 86 68 197 86
405 149 68 19 85
189 68 213 194
64 211 108 68 640
607 158 68 527 68 607 158 68 503 189 68 569 68 569 68 136 479
501 85 359
611 189
245 449
570 389 158 118 68 389 158 118
607 158 68 550 158 68 19 85 68 430 68 430
569 68 331 68 640 68 640 68 640
397 68 347 501 68 397
43 158 68 517 68 189 68 189 68 331 149 68 189 68 430 68 430 68 430 199
283 68 550 158 108 68 569 68 19 85 68 189 68 70 158
347 501
503 189 68 245 449 68 245 449 68 640 68 640 68 640 68 640 68 640
593 163 68 189 68 19 85 68 189 68 19 85 68 189 68 64 211 108
431 68 569 68 569 68 569 68 397 68 569 68 136 479
397 415 149
531 158 108
446 68 517 85
79 430
370 68 5 68 245 449
245 449
569 68 211 68 211
607 158 68 5 68 85 359 68 19 85 68 19 85 68 19 85
54 86 68 245 449
527 359 68 54 86 68 85 359
54 86 68 607 68 5 68 64 211 108
538 430
211 543 211 543
85 299 211
64 211 108 68 397 68 569 68 569 68 331
430 199
283 68 19 85 68 19 85 68 19 85
503 189 68 124 68 81 68 189 68 365 430 199 68 189 68 417
245 258 108
607 155 68 397 68 397 68 397 68 189 68 569 68 136 479
550 158 178
64 211 108 68 569 68 19 85 68 19 85 68 19 85 68 19 85 68 19 85
527 68 5 68 85 359 68 189 68 85 347 501 68 189 68 189 68 189 68 640
550 158 199
607 158 68 253 68 397 68 189 68 189 68 189 68 189 68 136 479
359 389 359
503 189 68 479 68 64 211 108 68 189 68 64 211 68 64 211
197 86
5 68 494
189 68 45 108 68 569 68 569 68 405
85 365 430 199
283 68 158 108 68 569 68 189 68 517 68 640 68 517
189 68 517 68 517 68 19 85 68 365 430 199 68 189 68 517
5 189 68 136 479
5 68 527 68 189 68 189 68 331 68 331 68 640 68 640 68 640 68 640
189 68 5 68 550 501 68 397 68 397 68 397 68 397
189 68 245 449 68 607 158 68 5 68 405 68 405 68 405 68 405
321 240 68 5 68 64 211 108 68 64 211 108
261 86 68 86 108
501 85 347 501 68 85 359 389 85 359
607 68 5 68 517 68 517 68 517 68 517 68 517
503 189 68 158 108 68 569 68 64 211 108
503 189 68 339 68 64 211 108 68 64 211 108 68 64 211 108 68 64 211 108
64 211 108 68 569 68 19 85 68 19 85 68 19 85 68 19 85
231 51 86 68 370
607 68 5 68 64 211 108 68 64 211 108 68 64 211 108 68 64 211 108
245 449
569 68 642 211 68 397 68 85 347 501 68 397 68 397 68 640 68 640 68 640
607 68 607 158 68 577 68 240 211 108 68 64 211 108
42 247
42 247
5 68 527 68 607 158 68 397 68 211 68 211 68 211 359 68 211 68 211 359
283 68 5 68 527 68 607 158 68 5 68 189 68 158 108
607 68 5 68 81 68 189 68 189 68 430 299 68 430 299 68 189 68 397 68 607 158 118 68 189 68 189 68 189 68 189 68 189 68 189 68 189 68 189 68 189 68 189 68 189 68 189 68 189 68 189 68 189 68 211 543 211 543 211 543 211 543 211 543 211 543 389 158 118 68 158 118 68 158 118 68 158 118 68 339 68 339 68 339 68 339 68 158 118 68 158 118 68 158 118 68 158 118
283 68 607 68 569 68 569 68 240 389 158 359 68 569 68 64 211 108
607 158 68 527 68 5 68 189 68 517 68 517 118
503 189 68 339 68 607 158 68 253
283
517
261 86
261 86 68 245 449 68 569 68 19 85
189 68 5 68 288 68 288 68 288 68 550 501
607 158
635 189 68 527 68 607 158 68 550 501 68 397 68 397 68 64 211 108
240 389 158 118
431 68 81 68 189 68 189 68 237 258
569 68 607 158 68 81 68 189 68 5 68 5 68 189 68 607 158 68 607 158 68 607 158 68 607 158 68 607 158 68 640 68 607 158 68 607 158 68 607 158 68 607 158 68 607 158 68 607 158 68 189 68 607 158 68 607 158 68 607 158 68 607 158 68 607 158 68 607 68 5 68 5 68 5 68 5 68 5 68 5 68 5 68 5 68 5 68 5 68 5 68 5 68 5 68 5 68 607
261 86 68 124
197 85
64 211 108
85 299 68 517 85 438 551
197 86
447 158 68 81 68 189 68 640
136 479
4 85 68 158 108 68 607 158 68 64 211
503 158 68 158 108 68 158 108 68 517
406 155
430 68 552 85 359
611 189 85 359
173
213 85
5 189 68 527
5 68 189 68 527 68 607 158 68 241 68 189 68 241 68 607 158 68 241 68 607 158 68 607 50
283 68 19 85 68 19 85 68 85 68 640 68 640 68 640 68 640
261 86 68 245 449 68 370 68 607 158 68 81
295 237
651 123 68 607 158 68 241 68 607 158 68 64 211 108 68 607 158 68 607 158 68 607 158
321 569 68 405 68 405
43 158 68 550 501 68 569 68 19 85 68 19 85 68 19
43 158 68 81 68 189 68 5 189 68 5 189 68 189 68 189
261 86 68 124 68 158 108 68 158 108
651 123
245 449
283 68 607 68 5 68 397 68 19 85 68 331 149
503 189 68 339 68 607 158 68 577 68 397 68 189 68 397 68 189 68 189
447 4 4
550 158 68 5 68 543 211 108 68 569 68 405
86 68 136 479 68 397 68 136 479
213 211 108 68 81
339 68 51 86
611 152
531 158
569 68 170 108 68 5 68 64 211 108 68 64 211 108
261 86 68 245 449
569 68 252 199 68 19 85 68 19 85 68 19 85
321
5 68 253 68 189 68 189 68 170 108
49 551
189 68 406 158 68 517 118 68 189 68 64 211
5 108
261 86 108
635 189 68 527 68 5 68 158 108 68 189 68 640 68 640
503 189 68 158 108 68 569 68 569 68 19 85 359
4 85
607 158 68 642 211 68 64 211 108
87 68 135 68 607 158 68 550 158 68 607 158 68 607 158 68 607 158
19 85 68 64 211 108
240 211 68 64 211 108 68 158 108 68 85 347 158 108
607 479 68 543 211 68 189 68 642 211 68 5 68 5 68 405 68 405 68 607 158 108
607 158 68 607 158 68 607 158 68 550 158
283 68 607 158 68 607 158 68 607 158 68 64 211 108
5 68 81 68 189 68 189 68 189 68 517
19 85 68 158 108 68 569 68 19
607 68 5 68 64 211 108 68 241 68 640 68 241 68 64 211 108
607 158 68 550 158 359
283
552 85 359
406 158 118 68 189 266 158 359
261 86 68 124 68 607 158 68 81 68 19 85 68 19 85 68 64 211 108
447 158 211
607 479 68 642 211 68 5 68 611 189 68 611 189
5 68 81 68 189 68 189 68 19 85 68 517
261 86 68 245 449 68 19 85 68 19 85 68 19 85
607 68 5 68 81 68 397 68 189 68 241 68 5 68 241 68 189 68 241 68 241 68 5 189 68 189
607 479 68 189 68 189 68 158 108 68 158 108 68 189 68 158 108
43 158 68 431 68 158 108 68 5 189 68 640
189
339 68 550 501 68 397 68 189 68 550 158 118 68 189 68 397 68 189
617 68 617 68 617 149
569 68 85 299 68 241 68 241 68 640 68 241 68 241 68 640
211 222
527 68 607 158 68 81 68 189 68 569 68 19 85
276 85
607 158 68 577 68 339 68 211
5 68 81 68 189 68 569 68 19 85 68 241 68 241 68 430 199
276 85
19 85
153 108
245 449 68 517 118 68 517
617
19 258 68 136 479
19 85
42 247
189 68 5 189 266 50
189 68 211 189 68 607 158 68 211
431 68 189 68 569 68 189 68 189 550 158 118 68 241 68 241 68 241 68 241 68 241 359
64 550 155
607 68 5 68 397 68 397 68 397 68 397 68 5 189 68 640
276 85
5 68 54 86
261 86 68 245 449 68 158 108 68 569 68 64 211 108
189 85 220
651 123 68 607 158 68 5 68 5 189 68 5
43 158 68 607 158 68 253 359
503 158 108
85 155 68 64 211 108
5 68 81 68 189 68 189 68 331 149 68 189 68 331
607 158 68 527 68 607 158 68 5 68 397 68 241 68 241 68 640
189 68 347 501 68 397 68 85 359 68 85 359 68 339 68 241 68 397
5 68 81 68 5 68 241 68 5 68 640
197 85
370 68 5 68 241 68 640
406 158 68 136 479
201 211 85 299
283 68 370 68 5
87 68 253 68 397 68 397 68 397 68 397
431
189 68 81 68 569 68 569 68 517
283
211 222
406 158 68 339 68 550 501 68 397 68 397 68 189 68 240 389 158 118 68 241 68 241 68 397 68 189
611 211 108 68 397 68 189 68 550 501 68 397 68 189 550 158 118
569 68 158 108 68 569 68 405 68 405 68 405
607 158 68 81 68 189 68 642 211 108
607 155 68 550 501 68 397 68 43 158 68 43 158 68 43 158 68 43 158 68 607 479
564 68 158 108 68 5 68 640 68 640
507 258 85
607 479 68 189 68 64 211 108
607 158 68 527 68 607 158 68 550 501 68 397 68 569 68 339
321 170 68 170 108
527 68 607 158 68 527
153 189 68 81 68 189 68 19 85 68 19 85 68 19 85
321 247
283 68 158 108 68 19 85 68 158 108 68 189 68 158 108
527 359 68 5 189 68 253
397 68 54 86 68 607 158 68 550 501
607 155 68 135 68 283 551
607 158 68 81 68 397 68 397 68 189 68 397 68 189 68 64 211 108
503 189
607 155 68 81 68 189 68 189 68 189 68 189 68 189 68 189
569 68 93 211 108 68 241 68 640 68 640 68 640 68 640 68 640 68 640 68 640 68 640
43 158 68 550 501 68 189 68 430 68 430 199
550 158 543
607 158 68 81 68 397 68 85 347 501 68 640 68 640 68 640
503 189 68 158 108 68 158 108 68 430 68 430
569 68 64 211 108 68 569 68 640 68 640
569 68 370 68 5 68 370 68 5 68 370 68 5
197 85
607 158 68 258 68 81 68 189 68 640
54 86 68 543 211 108 68 189 68 417
189 85 359
321 299
261 86 68 245 449 68 607 158 68 288 68 365 430
43 158
153 68 550 501 68 397 68 189 68 5 189 68 347 158
283 551 68 527 68 158 68 527
87 68 253 359 68 189 68 359 389 85 359
569 68 64 211 108 68 569 68 569 68 64 211 108 68 189 68 189 68 189 68 241 68 189 68 189 68 189 68 189 68 189 68 64 211 108
43 158 118
405
446
85 359 389 158 68 189 389 158 118
189 68 170 299 68 339 68 550 501 68 397
339 68 550 501 68 397 68 397 68 550 501 68 397 68 550 339 68 64 211 108
494 68
494 68 517
283 68 370 68 5 68 397 68 607 158
405 74
124 68 245 258
397 68 51 86
405 211 85 359
19 85 68 136 479
347 501
397 68 133 68 85 347 501 68 430
85 359 68 19 85 68 158 108 68 517 85 359 68 517 85
4 85
240
503 189 68 158 108 68 569 68 64 211 108
607 158 68 550 501 68 397 68 189 68 19 85 68 19 85 68 189 68 189 68 189 68 189 68 189 68 189 68 189 68 189 68 189 68 189 68 189 68 189 68 189 68 189 68 189 68 189 68 189 68 189 68 189 68 189 68 158 543 211 543 211 543 211 85 359 68 158 108 68 158 108 68 158 108 68 158 543 211 543 211 543 211 85 359 68 158 118 68 158 108 68 158 118 68 158 108 68 158
405 19 85 359
283 68 158 108 68 569 68 19 85 68 19 85 68 19 85 68 339
593 163 68 607 158 68 550 158 68 607 158 68 607 158
283 68 158 108 68 569 68 158 543 389 158 118
365 430
5 189 68 331
162
607 158 68 258 108 68 158 108
321 247 68 607 158 68 81 68 85 359 68 569 68 64 211 108
531 149
550 158 543
339 550 158 108
447 158
43 158 68 81 68 189 68 81 68 189 68 405 68 405 68 405 68 405 68 405
261 158 85 359
5 68 431 68 517 68 19 85 68 19 85
339 68 607 158 68 288 68 550 501 68 397 68 397 68 550 158 118
197 85
261 86 68 370 68 607 158 68 19 85
607 68 5 68 347 501 68 397 68 85 359 389 158 118
406 158 68 607 158 68 81 68 569 68 19 85 68 19 85 68 136 479
189 266 158 68 81
569 68 170 299
430 68 19 85 68 158 108 68 19 85
85 241
54 86 68 339 68 569 68 158 108
43 158 68 136 479 68 397 68 189
347 501 68 189 68 189 68 189 426 158 543
87 68 577 68 397 68 189 68 397 68 550 501 68 397 68 397 68 397 68 397
240
283 68 607 68 5 68 241 68 189 68 241 359 389 158 359
231 240
261 86 68 124 68 397 68 397 68 347 501 68 397 68 397 68 397
49 68 607 158 68 550 501 68 189 68 430 199 68 430 68 430 199
389 158 118 68 85 359
49 68 550 501 68 397 68 85 359 68 19 85 359
607 68 5 68 5
87 68 81 68 189 68 189 68 517
283 68 158 108 68 5 68 158 108 68 430 68 43 158 68 158 68 43 158 68 158 68 158 68 158 68 158 68 43 158 68 43 158 68 607 158 68 43 158 68 607 158 108 68 607 158 68 607 158 68 43 158 68 607 158 68 607 158 68 607 158 68 607 158 68 607 158 68 5 68 5 68 5 68 5 68 5 68 5 68 5 68 5 68 158 108 68 158 108 68 158 118 68 158 118 68 158 108
261 86 68 245 449 68 607 158 68 607 158 68 517
261 86 68 86 68 640 68 64 211 108
189 68 347 501 68 189 68 189 68 85 359
261 86 68 124
607 158 68 607 158 68 19 85 68 158 108
607 158 68 527 68 607 158 68 617 149
43 158 68 5 189
189 68 81 68 189 68 569 68 569 68 64 211 108
503 189 108
241 359 85 359
607 68 5 68 550 501 68 189 68 64 211 108 68 64 211 108
85 299 68 158 108 68 569 68 19 85
189 68 45 108 68 81
283 68 158 108 68 569 68 64 211 108 68 64 211 108
261 86 68 527 359 68 189 68 253 359
153 68 607 158 68 81 68 189 68 569 68 405 68 189
85 4
79 158 68 527 359 68 397 68 189 68 85 359
283 68 607 158 68 288 68 19 85 68 640 68 241 68 640
211 543 68 517 85 359
405 282 258 149
261 86 68 124 68 370 68 5 68 81 68 569 68 569 68 70 158
5 68 81 68 189 68 189 68 19 85 68 19 85 68 430 199
64 211 108 68 569 68 19 85 68 79 487 149 68 640 68 640
85 359 68 85 359 389 85 359
406 155 68 617
189 68 543 211 68 397 68 189 68 136 158
406 158 68 607 158 68 503 189 68 253
59 211
240
283 68 527 359 68 640 68 640 68 640
5 68 81 68 189 68 569 68 19 85 68 241 68 241 68 430 199
527 68 607 158 68 82 152 68 54 86
607 68 5 68 527 68 607 158 68 5 68 397 68 189 68 189 68 189 68 189 68 607 158 68 189 68 189 68 189 68 189 68 189 68 189 68 189 68 189 68 607 158 68 607 158 68 189 68 189 68 189 68 189 68 189 68 607 158 68 607 158 68 607 158 68 607 158 68 189 68 5 68 5 68 5 68 5 68 5 68 5 68 5 68 5 68 5 68 5 68 5 68 5 68 5 68 607 158
569 68 527 68 607 158 68 81 68 64 211 108
494 68 517
5 189
503 189 68 507 258 68 517
527 68 607 158 68 82 152 68 158 108
564
430 68 611 189
607 158 68 19 85 68 19 85
261 86
607 158 68 642 68 5 68 81 68 189 68 405 68 64 211 108
527 68 607 50 68 397
517 68 405 68 405 85
261 86 68 245 449 68 569 68 569 68 136 479
430 68 158 108 68 430 199 68 85 4 85
431 68 19 85 68 19 85 68 19 85 68 19 85 68 19 85
153 68 607 158 68 503 189 68 339 68 607 158 68 503 158 68 607 158
283 68 527 68 5 68 85 359 68 189 68 85 359
276 85 68 158 108
283 68 158 108 68 569 68 19 85
397 68 85 359 68 85 4 85
569 68 64 211 108 68 517 68 158 108 68 64 211 108
607 479 68 245 449 68 517 68 517
4 85 359
503 189 68 158 108 68 569 68 85 359 68 158 108
189 68 81 68 569 68 569 68 569 68 19 85 68 19 85 68 405 85
283 68 607 68 5 68 501 68 397 68 365 430 199 68 189 68 517 68 189 68 517 85
85 359 389 158
527 68 607 158 68 527 68 607 158 68 527 68 607 158 68 607 158
43 158 108
550 501 68 430 68 430
607 68 5 68 527 68 607 158 68 607 68 5 68 607 158 68 607 158 68 607 158 68 607 68 607 158 68 607 68 189 68 5 68 607 68 607 68 5 68 607 158 68 607 158 68 189 68 189 68 189 68 189 68 607 158 68 607 158 68 607 158 68 607 158 68 607 158 68 5 68 5 68 607 158 68 5 68 5 68 5 68 5 68 5 68 5 68 5 68 5 68 430 68 5 68 5 68 607
189 211
550 158 155
430 299 68 241 359 389 158 222
85 199
569 68 331 149 68 189 68 64 211 108
241
642
607 158 68 527 68 607 158 68 527 359 68 607 158 68 607 158 68 607 158 68 607 158
607 68 5 68 550 501 68 397 68 189 68 64 211 108
241 68 640 68 517 85
611 108
158 108 68 550 501 68 397 68 189 68 64 211 108 68 64 211 108 68 64 211 108 68 189 68 189 68 189 68 64 211 108
85 4 149 68 640
642 211 108 68 5 189 68 405 108
261 86 68 124 68 339 68 339 68 550 501 68 339 68 339 68 339 68 339 68 339
446 82
651 123
153 108
64 211 108 68 569 68 85
406 158 68 607 158 68 81 68 19 85 68 19 85 68 19 85 68 405 85
189 68 347 501 68 189 68 189 68 607 158 68 607 158 68 607 158 68 607 158 68 607 158 68 607 158 68 189 68 189 68 189 68 607 158 68 189 68 189 68 189 68 607 158 68 607 158 68 189 68 189 68 607 158
593 89 158 68 577 68 339
19 258 149
405 118
365 430
85 359
283
85 4 149
5 68 189 68 406 158 108 68 5 68 64 211 108 68 64 211 108 68 640 68 241 68 189
359 389 158 211 68 211 211 211 359
276 85 359
283 68 607 68 5 68 241 68 397 68 640 68 640 68 640 68 640
527 68 607 158 68 81 68 397 68 189 68 19 85
370 68 5 68 527 68 189 68 241 68 640 68 640
607 158 68 550 158 359
607 68 5 68 189 68 45 108 68 640 68 189 68 640
43 158 68 288 68 81 68 189 68 365 430 149
405 68 70 158 149
527 68 607 158 68 81 68 189 68 81
64 211
283 68 527 68 607 158 68 253 359 68 569 68 339 68 339
283 68 517 68 397 68 607 50 68 189 68 397 68 640
527
189 68 331 68 189 68 189 68 64 211
87 68 550 501 68 397 68 189 68 503 189 68 569 68 503 189 68 211
189 68 389 158 118
43 158 68 430 68 85 68 158 108 68 189 68 158 108
569 68 136 479 68 517 68 136 479
283 68 158 108 68 569 68 430 199 68 430 299
43 158 68 288 68 5 189 68 241 299 68 241 359
261 86
64 211 108 68 189
550 158 155
339
406 158 68 607 158 68 607 158 68 607 158 68 607 158 68 607 158
321 569 68 550 158
261 86 68 124 68 607 158 68 81 68 397 68 189 68 569 68 189 68 397 68 189 68 136 479
321 240 68 550 501 68 189
607 155 68 19 68 569 68 19 85 68 19 85 68 19 85 68 430 68 607 158 68 607 158 68 607 158 68 607 158 68 640 68 607 158 68 607 158 68 607 158 68 607 158 68 607 158 68 607 158 68 607 158 68 607 158 68 607 158 68 607 158 68 607 158 68 607 158 68 19 85 68 19 85 68 19 85 68 19 85 68 19 85 68 569 68 430 68 19 85 68 430 68 430 68 430 68 607 158
189 389 339
5 68 81 68 189 68 19 85 68 158 108 68 158 108
527 68 607 68 5 68 397 68 189 68 283 68 283 68 170 108 68 189 68 607 50 68 170 299 68 397 68 189 68 189 68 189 68 170 108
241 68 617 68 617
290 240 359
261 86 68 607 68 5 68 189 68 241 68 607 158 68 241 68 607 158 68 607 158 68 607 158
446 82
19 85 359
5 68 81 68 189 68 43 158 68 430 68 430 199
501 85 359
87 68 245 449
405 68 405 68 19 85
406 158 68 339 68 550 501 68 397 68 64 211 108 68 64 211 108
607 158 68 70 158
54 86 68 517 68 189 68 517
607 158 68 81 68 189 68 189 550 158 118
85 241 68 5 189
241
527 68 607 158 68 81 68 64 211 108 68 64 211 108
19 85 68 607 158 68 397 68 189 68 189 68 64 211 108 68 189 68 189 68 189 68 189 68 359
43 158 68 550 501 68 397 68 189 68 607 158 68 550 158
19 85 68 85 149
447 158 68 79 50
54 86 68 85 359 68 19 85 359
5 189 68 81 68 189 68 85 359
245 449
283 68 339 68 550 339
189 68 347 501 68 397 68 189 68 19 85 68 64 211 108 68 64 211 108
503 189 68 245 449 68 517 68 517
431 68 19 85 68 569 68 19 85 68 19 85 68 19 85 68 19 85 68 640 68 640 68 640 68 189 68 640 68 640 68 640 68 640 68 640 68 189 68 640 68 640 68 189 68 189 68 189 68 189 68 189 68 640 68 189 68 19 85 359 389 158 108 68 19 85 359 68 19 85 359 68 19 85 68 19 85 68 19 85 359 68 5 189 68 569 68 5 189 68 19 85 359 389 158 240 211 543
611 51 86
607 158 68 81 68 189 68 189 68 365 430 199 68 331
19 258 68 189 266 158 118
241 68 5 68 85 359 194 108
569 68 213 194 108 68 397 68 617 68 64 211 108
85 241 85
19 85 68 607 158 68 19 85 68 430 68 430 199 68 430 199
569 68 430 299
607 68 5 68 607 158 68 241 68 607 158 68 241 68 241 68 640 68 640
240 389 158 118
406 158 68 64 211
261 86 68 245 449 68 517 68 189 68 517 68 517
283 68 158 108 68 158 108
607 68 5 68 211 108 68 5 68 189 68 43 158 68 517
321 563 158
189 389 85 359
5 68 81 68 189 68 189 68 405 68 405
64 211 108 68 569 68 569 68 550 501 68 569 68 569 68 550 487 359
245 449 68 517
607 68 5 68 54 86 68 189 68 54 86
5 68 81 68 189 68 189 68 252 155 149
76 85 359
19 85 68 85
54 86 68 19 85 68 19 85
5
245 449
64 211 108 68 569 68 19 85
283 68 607 68 5 68 397 68 397 68 397 68 397 68 550 339 68 397 68 397 68 607 158
607 158 68 607 158 68 550 158 68 397 68 189 68 211
569
527 68 607 158 68 527 68 5 68 640
321 240 68 86 108 68 5 68 85 359 68 64 211 108
430 4 152
569 68 331 149 68 189 68 64 211 108
43 158 68 527 68 607 158 68 607 158 68 527 359 68 189 68 550 158 68 19 85
607 158 68 527 68 607 158 68 81 68 189 68 189 68 189 68 189
629
607 158 68 70 158
430 68 430
593 163 68 550 501 68 397 68 569 68 19 85 68 19 85 68 397 68 241 68 397 68 397
527 68 607 158 68 527 68 607 158 68 527 68 607 158 68 607 158
283 551 68 211 543 211
651 123
283 68 158 108 68 569 68 85 347 158 85 359
607 158 68 81 68 397 68 189 68 569 68 405 68 405 85 359
189 389 85 359
5 68 81 68 189 68 19 85 68 19 85 68 19 85
283 68 527
43 158 68 81 68 5 68 5 68 5 68 405 108 68 405 68 405 68 405
153 68 158 108 68 189 68 253
527 68 607 158 68 550 501 68 397 68 397 68 397 68 397
5
189 68 64 211 108 68 569 68 569 68 64 211 108
85 290 85
405 85 359
231 240
283 68 607 68 5 68 431 68 431 68 517
5 108
5 189 266 50
397 68 406 158 68 517 68 158 108 68 43 158 68 64 211 108
607 68 170 68 607 158 68 607 158 68 64 211 108
611 517 359
64 211 108 68 153 189 68 64 211
321 569 68 240 68 569 68 85 68 19 85 68 241 68 158 108 68 241 68 241 68 241 68 640 68 241 68 640 68 640 68 640 68 640 68 640 68 640 68 5 189 68 189 68 189 68 189 68 189 68 189 68 189 68 189 68 189 68 241 359 389 158 108 68 241 68 5 189 68 5 189 68 569 68 640 68 5 189 68 5 189 68 5 189 68 158 118 68 158 118 68 158 118 68 158 118 68 241
431 68 550 158 68 370 68 5 68 81 68 397 68 189 68 569 68 189 68 70 158
503 189
430 299 389 158 118
503 189 68 158 108 68 569 68 189 68 19 85 68 158 118 68 189 68 241 68 189 68 5 189 68 189
283 68 19 85 68 19 85 68 19 85 68 19 85 68 158 108 68 19 85
19
258 108 68 64 211 108
261 86 68 607 68 569 68 569 68 4 149
430 199
49 68 607 158 68 607 158 68 607 158 68 607 158 68 607 158 68 550 339
79 158 240
258 108 68 517 68 517
85 359 68 85 359 68 85 4
261 86 68 245 449
64 211 108 68 569 68 19 85
79 430 68 640
189 68 64 211 68 607 158 68 607 158 68 607 158 68 550 501 68 189 68 607 158 68 607 158
153 189 68 124
593 163 68 550 158 108 68 569 68 19 85 68 339
261 86
54 86
503 189 68 607 68 5 68 503 189 68 170 108
245 449
19 85 299 389 158 118
431 68 19 85 68 19 85 68 19 85 68 19 85 68 19 85
629
503 189 108
276 85 68 607 158 68 241 68 241 359
406 158 359 68 517 118 68 136 479
569 68 211 108 68 569 68 569 68 405 68 405 68 569 68 405 68 405
276 85 68 5 68 189 68 189 68 211 199
405
283 68 136 158
607 68 5 68 517 68 517 68 517
607 158 68 370 68 607 158 68 370
211 108 68 5 189 68 81
283 68 527 68 607 158 68 19 85 68 640 68 640 68 640
321 68 321 68 370 68 5 68 189 68 569 68 189 68 331
607 158 68 81 68 189 68 189 68 64 211 108 68 241 68 189 68 241 68 241 68 241 68 189
87
204 222 68 158 108 68 569 68 85 359
42 247
189 68 64 211 108 68 158 108 68 189 68 158 108
569 68 405 68 405 68 405 149 68 19 85 68 189 68 19 85
261 86 68 124 68 81 68 189 68 19 85 68 19 85 68 19 85 68 19 85
406 158 178 68 93 225
189 68 527 68 607 158 68 527 359 68 64 211 108
189 68 81 68 189 68 189 68 331 487
189 68 81 68 189 68 331 149
370 68 5 68 81 68 397 68 19 85 68 19 85 359
607 68 607 158 68 81 68 189 68 64 211 108 68 64 211 108 68 640 68 189 68 640 68 189 68 189 68 640
531 158 108
288 68 550 501 68 397 68 397 68 397 68 397 68 397 68 397 68 397 68 397
170 108
405 258
569 68 64 211 108 68 189 68 64 211 108
261 86 68 245 449 68 607 158 68 5 68 607 158 68 607 158 68 607 158
43 158 68 64 211 108
446 68 640 68 517 118
201 85 68 5 68 405 108
261 86 68 245 449 68 607 158 68 569 68 70 158
19 85 68 503 158 68 607 158 68 503 158
189 68 213 211 68 517 68 158 108 68 339 68 607 158 68 550 158
19 85 4 149
283 68 158 108 68 19 85 68 19 85 68 405 85 359
503 189 68 517 68 517 68 189 68 517 68 517 68 517
85 299 211
607 479 68 431 68 331 149
5 68 81 68 189 68 189 68 569 68 170 108
607 158 68 527 68 5 68 607 158 68 5 68 5 68 607 158 68 5 68 607 158
87 68 370 68 607 158 68 550 501 68 397 68 397 68 397 68 64 211 108
321
283 68 607 68 607 158 68 81 68 397 68 189 68 5 68 189 68 189 68 607 158 108
85 359 85
359 503 189 68 552 85 359
240 458
283 68 158 108 68 19 85
611 611 51 487 359
231 240
607 68 5 68 81 68 189 68 189 68 569 68 189 68 189 68 189 68 189 68 189 68 211 299
569 68 136 479 68 189 68 569 68 189 68 397
503 189
51 86
527 68 607 158 68 527 68 5 68 85
651 487
189 68 607 158 68 5 68 607 158 68 607 158 68 607 158 68 607 158
321 68 81 68 189 68 569 68 19 85 68 19 85
569 68 405 258
651 123 68 517 68 517 68 189 68 517
43 158 68 550 501 68 189 68 430 68 430 199
283 68 158 108 68 5 68 85 379
607 479 68 569 68 569 68 569 68 253 359 68 569 68 569 68 70 158
569 68 331
607 68 5 68 241 68 397 68 241 68 241 68 5 189 68 241
197 85
19 85 68 640 68 640
189 85 359
607 158 68 283 68 64 211 108
607 155 68 19 85 68 19 85 68 19 85 68 19 85
85 241
158 108 68 5 68 81 68 189 68 253
607 158 68 527 359 68 397 68 85 359 68 85 359 389 85 359
85 359 211
431 68 64 211 108 68 569 68 569 68 19 85 68 79 359
283 68 158 108 68 569 68 19 85 68 19 85 68 397 68 189 68 339 68 607 158 359 68 136 479
430 199 85
43 158 68 252 155 68 19 68 607 158 68 19 85 68 607 158 68 607 158 68 607 158 68 607 158 68 607 158 68 607 158 68 607 158 68 550 501 68 607 158 68 607 158 68 607 158 68 189 68 189 68 189 68 607 158 68 607 158 68 607 158 68 607 158 68 607 158 68 607 158 68 550 501 68 550 501 68 153 189 68 153 189 68 569 68 430 68 430 68 158 68 158 68 550 158 68 550 158
611 51 359
258 149
189 68 64 211 108 68 5 68 64 211 108 68 189 68 64 211 108
347 501
189 68 45 108 68 430 68 430 199
19 85 68 640
607 68 5 68 527 359 68 189 68 64 211 108 68 64 211 108
213 85
189 68 81 68 189 68 405 85 68 158 108
64 211 108 68 607 158 68 81 68 189 68 569 68 70 158
85 359 85 359
43 158 68 81 68 397 68 397 68 569 68 569 68 136 479
611 51 86
5 68 347 501 68 189 68 517 359 68 517
70 158
136 479
153 189 211
283 551
87 68 577 68 189 68 189 68 527 359 68 607 158 68 607 158 68 607 158 68 607 158
607 68 607 158 68 527 68 189 68 447 158 68 447 158 68 447 158 68 158 108
607 158 68 81 68 189 68 189 68 19 85 68 64 211 108 68 64 211 108
211 240 211
527 68 607 158 68 81 68 189 68 85
211 241 359
261 86 68 124 68 124 68 607 68 5 68 638 68 54 86
189 68 81 68 189 68 85 241 68 5 189 68 640
64 211 108 68 569 68 64 211 108 68 640 68 640 68 640 68 640
261 86 68 124 68 370 68 5 68 5 68 5 68 5
153 68 607 158 68 288 68 607 158 68 370 68 607 158 68 607 158
494 68 189 68 19 85 68 569 68 365 430 199 68 640 68 640
607 68 5 68 85 359 68 569 68 569 68 79 359
153 189
569 68 213 194 68 611 189 68 517
607 68 5 68 81 68 189 68 189 68 189 68 64 211 108 68 189 68 64 211 108
607 68 5 68 81 68 189 68 158 108
611 85 359
389 158 543 211 543
446 68 517 85
347 501 68 189 68 189 68 189 68 64 211 108
446 5 189
5 68 431 68 517 68 189 68 640 68 640 68 43 158 68 640 68 640 68 640
201 240 211 543
607 68 5 68 64 211 68 397 68 550 501 68 397 68 189 68 397 68 189 68 189 68 397 68 397 68 189 68 189 68 189 68 189 68 64 211 108
85 155 68 64 211 108
527 68 607 158 68 81 68 189 68 365 430 199 68 189 68 365 430 199 68 246 68 246 68 246 68 189 68 189 68 189 68 246 68 365 430 199 85 152
283 68 370 68 5 68 19 85 68 19 85 68 19 85 68 19 85 68 19 85
503 189 68 158 108 68 569 68 569 68 19 85 68 397 68 85 359 389 158 118
153 68 158 108 68 189 68 253
406 158 199 149
189 68 136 479 68 517
607 68 5 68 245 449 68 517 68 517 68 517
607 158 68 527 68 607 158 68 550 158
607 158 68 81 68 189 68 189 68 331 149
607 68 5 68 640 68 640 68 640 68 640
43 158 68 4 85 68 158 108 68 241 68 640 68 640 68 640 68 640
430 68 252 199 68 430 199 85
607 155 68 81 68 189 68 189 68 19 85 68 189 68 158 108
321 27 68 640
87 68 370 68 5 68 81 68 189 68 189 68 189 68 189 68 189 68 5 189 68 81
283 68 607 68 607 68 397 68 347 501 68 397 68 397 68 397 68 397 68 397
406 158 68 339 68 550 501 68 397 68 64 211 108 68 64 211 108
607 158 68 527 68 5
527 68 607 158 68 81 68 189 68 189 68 189 68 189 68 64 211 108
87 449
430 4
607 155 68 550 158 68 607 158 68 550 158 68 607 158 68 550 158
283 68 607 68 5 68 189 68 170 299
564 68 370 68 5 68 569 68 569 68 253 359 68 397 68 569 68 189
607 158 68 607 158 68 550 501 68 397 68 189 68 617 68 617
43 158
241 359 85 359
189 68 81 68 189 68 189 68 70 158
503 189 108
611 240
430 199
431 68 288 68 517 68 397 68 569 68 365 430 359 68 189 68 189 68 640
189 503 158 359
607 68 5 68 607 158 68 397 68 550 501 68 397 68 64 211 108 68 189 68 241 68 241 68 189 68 241 68 640 68 189 68 64 211 108
283 68 158 108 68 569 68 19 85 68 19 85 68 19 85
5 68 81 68 81 68 189 68 569 68 564 68 569 68 503 158 108
446 5 189
507 258 149
201 258 68 253
85 359 389 85 359
283 68 158 108 68 569 68 241 68 241 68 241 68 241 68 241 359
503 189
283 68 64 211 108 68 339 68 550 501 68 397 68 397 68 640
607 68 5 68 81 68 189 68 189 68 211 108 68 607 158 68 607 158 68 607 158 68 607 158
5 68 431 68 517 68 569 68 241 359
531 158 108
405
5 189
607 158 68 527 68 607 158 68 550 501 68 397 68 569 68 339
651 123 68 241 68 517
531 158 108
607 68 5 68 241 68 189 68 241 359 389 158 118
64 211 108 68 569 68 640 68 569 68 640
87 68 64 211 108 68 19 85 68 64 211 108
5 68 288 68 517 68 517 68 397 68 189 68 517
607 155 68 550 501 68 397 68 189 68 430 68 430 199 68 430 68 189 68 241
19 85
64 211 108 68 569 68 569 68 64 211 108
431 68 617 149 68 607 158 68 569 68 19 149
261 86 68 245 449 68 158 108 68 569 68 19 85 68 19 85 68 640 68 241 68 607 68 607 68 189 68 189 68 640 68 189 68 640 68 189 68 189 68 607 158 68 607 158 68 189 68 189 68 189 68 189 68 189 68 607 158 68 607 158 68 607 158 68 607 158 68 607 158 68 569 68 569 68 569 68 569 68 5 68 5 68 5 68 569 68 640 68 569 68 158 68 640 68 640 68 640 68
189 68 70 158 68 607 158 68 607 158 68 607 158 68 503 158 68 607 158 68 607 158
245 19 85
607 68 5 68 81 68 189 68 640 68 640 68 640
211 543 258 149
607 158 68 158 108 68 339 68 550 339
189 643 85
245 449
64 211 108 68 5 68 189 68 569 68 331 68 569 68 331 68 189 68 189 68 241 68 607 158
607 479 68 577 68 397 68 189 68 54 86
87 68 170 108 68 607 158 68 64 211 108 68 158 68 64 211 108
5 189
593 152 68 607 158 68 85 4 85 359 68 64 211 108
86 163 68 550 501 68 397 68 397 68 397 68 397 68 397 68 397
86 163 68 550 501 68 397 68 189 68 64 211 108 68 189 68 64 211 108
87 68 81 68 189 68 64 211 108 68 153 189 68 64 211 108
19 85 68 158 108 68 19 85 68 64 211 108
607 158 68 81 68 189 68 569 68 365 430 199
153 68 607 158 68 197 86 68 517
577 68 85 359 68 85 359 389 85 359
397 68 527 359 68 189
189 68 170 108 68 5 68 5 189
79 430 68 241 68 5
153 189 68 124
19 85 68 607 158 68 397 68 189 68 550 501 68 189 68 339 68 241 68 241 68 607 158
5 68 81 68 569 68 405 85
389 339
261 86 68 607 68 5 68 607 158 68 253 359
261 86 68 607 68 81 68 397 68 189 68 211 359 389 158 108
64 211 108
4 85
19 85 359 389 158 118 68 241 68 241 359 389 158 359
85 359 68 85 359 389 85
569 68 552 85 359 68 158 108 68 569 68 517
405 68 19 85 68 19 85
86 163 68 550 501 68 397 68 189 68 19 85 68 19 85 68 189 68 189 68 607 50
283 68 607 68 569 68 569 68 240 389 158 359 68 569 68 64 211 108
503 189 108
19 85 68 241 68 607 158 68 19 85 359
607 68 607 479 68 397 68 517 68 517 68 397 68 517
550 158 85
607 479 68 288 68 288 68 607 158 68 288 68 288 68 607 158
635 85
189 68 241 68 241
283 68 19 85 68 19 85 68 19 85 68 19 85 68 158 108 68 640 68 640 68 640 68 640 68 640 68 640 68 640 68 640 68 640 68 640 68 640 68 640 68 640 68 189 68 189 68 189 68 189 68 189 68 640 68 607 158 108
431 68 569 68 81 68 189 68 569 68 569 68 331 149 550 158 108 68 189 68 70 158
527 68 607 158 68 81 68 189 68 85
426 339
607 158 68 253 68 397 68 85 347 501 68 85 359 68 85 359
569 68 170 108 68 5 68 569 68 85 359 68 5 189 68 640 68 640
321 247 68 5
85 299 68 158 108 68 5 189 68 405
261 86 68 527 68 607 158 68 19 85
431 68 569 68 253 68 397 68 253 359
503 189 68 158 108 68 189 68 19 85 68 430 68 430 199
503 189
19 85
241 359 68 85 359
527 68 607 158 68 253
607 68 5 68 550 501 68 397 68 550 501 68 397 68 189 68 550 501
569 68 211 68 64 211 108 68 241 68 640
5 189
430 68 5 189 68 189 68 607 158 68 211
607 158 68 81 68 189 68 640 68 640 68 640 68 640 68 640
85 359 68 85 359
564 68 5 68 189 68 85 347 158 108 68 158 108 68 189 68 158 108
431 68 64 51 86 68 64 211 108
449
607 158 68 81 68 569 68 569 68 19 85
5 68 81 68 189 68 189 68 189 68 331
85 359 68 158 108 68 640
64 211 108 68 569 68 569 68 19 85 68 19 85 68 19 85 68 397 68 19 85
607 158
321 240 68 517 68 607 158 68 241 68 5 189 68 241 68 241 68 241 68 241 359
245 458
288 68 170 211 68 607 158 68 170
406 158 68 607 158 68 593 163 68 64 211 108 68 550 158 118 68 397 68 241 68 607 158
607 479 68 431 68 569 68 64 211 108 68 64 211 108 68 569 68 64 211 108
19 85
197 86 68 288 68 5
158 108 68 19 85 68 19 85
42 247
503 189
189 211 108 68 389 158 543 68 19 85
283 68 370 68 5 68 81 68 189 68 19 85
201 258 258
405 108
607 68 5 68 550 501 68 397 68 189 68 430 68 189 68 189 68 189 68 607 158 108
406 155 68 617
85 136 479 68 405 359
64 211 108 68 397 68 136 479
283 68 158 108 68 569 68 158 108 68 430 68 430 68 241 68 517
283 68 527 359 68 517 68 517 68 517 118
85 299 19 85
261 86 108
19 85 68 85
607 155 68 550 158 68 370 68 5 68 81
503 189 68 158 108 68 569 68 85 347 158 118
5 189
283
5 189 266 50
503 189 68 158 108 68 569 68 569 68 19 85 68 136 479
607 68 5 68 617 68 397 68 189 68 64 211 108
85 136 479
397 68 569 68 550 501 68 397 68 569 68 569 68 64 211 108
261 86 68 245 449 68 607 158 68 569 68 253 359 68 397 68 253
397 68 54 86
64 211 108 68 430 68 517 68 517
189 68 569 68 503 158 108 68 569 68 569 68 70 158
261 86 68 245 449 68 158 108 68 569 68 517 68 189 68 517
211 85 359 68 517 85
527 68 607 158 68 397 68 189 68 347 501
70 189 68 211
607 155 68 550 501 68 569 68 339
87 199
607 479 68 189 68 569 68 569 68 550 501 68 569 68 569 68 64 211
87 68 81 68 189 68 5 189
231 240
64 211 108 68 569 68 64 211 108 68 64 211 108
339 68 607 158 68 189 68 569 68 189 68 189 68 158 108
359 389 158
607 479 68 189 68 189 68 158 108 68 158 108 68 189 68 158 108
527
189 68 370 68 5 68 81 68 397 68 397 68 397 68 189 68 189 68 189 68 19 85 359
430 299 389 158 118
201 258 68 19 85 68 19 85 68 19 85 68 19 85 68 246 68 246 68 19 85 68 246 68 246 68 189 68 246 68 246 68 246 68 189 68 189 68 189 68 189 68 189 68 189 68 189 68 189 68 189 68 189 68 331 487 149
261 86 68 245 449
189 68 527 68 607 158 68 81 68 569 68 19 85
607 68 607 158 68 607 158 68 5
607 158 68 81 68 189 68 19 85 68 430 68 430 199 68 430 68 430 199
261 86 68 245 449 68 607 158 68 5 68 397 68 517
321 68 321 68 370 68 5 68 189 68 569 68 189 68 331
446 82
261 86 68 245 449 68 158 108 68 569 68 158 108
607 158 68 81 68 189 68 189 68 189 68 405 68 405 68 405 68 405 68 405
417
245 85
197 85
153 189 68 136 158
405 85 359
64 225
283 551 68 5 68 85 359
283 68 370 68 5 68 81 68 19 85 68 19 85
211 194
189 68 81 68 569 68 569 68 503 158 108 68 503 158 68 158 108 68 405 68 405
189 211 108
5 189 68 527 359
201 85 68 607 158 68 397 68 85 359
527 68 607 158 68 431 68 241 68 607 158 68 241 68 607 158 68 607 158 68 607 158 68 607 158 68 241 68 241 68 241 359
189 68 288 68 550 158 108 68 569 68 405 68 405
651 123 68 640 68 640 68 640 68 640
446
49 68 607 158 68 550 501 68 189 68 430 199 68 430 68 430 199
359 389 359
611 85 359
211 68 569 68 85 359 194 85 359
245 449
417
503 189 68 158 108 68 5 68 81 68 189 68 5 68 189 68 189 68 397 68 189
283
87 68 503 189 68 339 68 211 108 68 397 68 211 222 68 211 108 68 211 222 68 339
54 86 68 189 68 81 68 189 68 189 68 189 68 189
431 68 19 85 68 5 189 68 405 68 405 68 405 68 405 85
283 68 607 68 5 68 370 68 5 68 640 68 43 158 68 617 149
295 247 85
503 189 68 158 108 68 283 68 607 158
261 86 68 245 449 68 397 68 569 68 569 68 397
283 68 158 108 68 339 68 550 501
283 68 158 543 211
527 68 607 158 68 253
189 68 347 158 118 68 397 68 517 68 517 68 517
45 108
503 189 68 19 85 68 19 85 68 19 85 68 19 85 68 19 85
569 68 617 68 19 85 68 19 85 68 19
261 86 68 124 68 81 68 189 68 640 68 640 68 640 68 640
19 85 68 640
49 68 550 501 68 397 68 189 68 19 85 68 19 85 68 189 68 189 68 405 149
261 86 68 283 68 607 158 68 288 68 527 359 68 607 158 68 607 158 68 607 158 68 607
283 68 158 108 68 569 68 158 108
607 158 68 81 68 397 68 189 68 19 85 68 19 85 68 19 85 68 43 158 68 607 158
5 189 68 347 158 85 359
64 51 86
339 68 550 501 68 397 68 569 68 569 68 19 85 68 397 68 397 68 397 68 397 68 397 68 397 68 397 68 397 68 85 359
43 158 68 550 501 68 189 68 189 68 331 149 68 189 68 189
64 211 108
569 68 211 108 68 430 68 430 68 430 199 68 64 211 108
64 211 108 68 607 158 68 5 68 430 68 430 68 430 299 68 430
527 68 607 158 68 82 68 5 68 85 68 85 347 158 108 68 640 68 640 68 241 68 640
642 211 68 611 189 68 517
189 68 569 68 85 347 501 85 68 85 359 68 189 68 158 108
85 611 85 359
283 68 527 359 68 607 158 68 253
569 68 152 550 487 149
607 68 5 68 517 68 397 68 189 68 517 68 517 68 517 68 517 118
651 123 68 85
397 68 253 359
283 68 158 108 68 339 68 550 501
569 108 68 569 68 85 359
153 189
261 86 68 245 449
283 68 517 68 569 68 19 85 68 640 68 640 68 640 68 640
283 68 158 108 68 19 85 68 19 85 68 19 85
607 68 5 68 642 211 68 85
290 389 158 118
569 68 330 68 569 68 189 68 85 347 158 118 68 189 68 158 118 68 158 108 68 158 118 68 189 68 189 68 189 68 189 68 189 68 531 85 359 68 189 68 189 68 189 68 189 68 189 68 189 68 189 68 189 68 189 68 158 543 211 543 211 543 211 543 211 85 359 68 158 118 68 569 68 158 85 359 68 158 543 211 543 211 543 211 85 359 68 158 118 68 158 118 68 158 118 68 158 118
607 158 68 70 158
87 68 253 359
406 158 155 149
370 68 5 68 19 85
569 68 136 479 68 517 68 397 68 517 68 430
189 68 347 158 85 68 339 68 85 359 68 339
501 85 68 569 68 19 85 68 19 85 68 64 211 108 68 569 68 64 211 108
550 158 155
213 211 359
43 158 68 81 68 189 68 569 68 405 68 405 68 405 68 405
607 158 68 527 68 607 158 68 640
446 85
431
43 158 108
5 189
245 458
503 189
406 158 118
552 85 359 68 241 68 640
85 4 115 479
5 68 527 359 68 189 68 569 68 189 68 331 149 389 158 118 68 189
194 68 517 68 517 68 517
19 85 68 158 108
4 85 359
64 211 108
339 68 607 158 68 607 158 68 550 501 68 430 68 430 68 430
406 158 359
245 449 68 54 86 68 54 86
607 158 68 527 68 607 158 68 93 435 85
87 68 64 211 108
607 158 68 527 68 607 158 68 617 149
189 68 81 68 189 68 569 85 359
231 51 86 68 607 68 550 501 68 189 68 331 149 68 189 68 617 149
261 86 68 245 449 68 607 158 68 370 68 5
503 189 108
87 68 64 211 108 68 339 68 339
531 158 108 68 569 68 85 4 85 359
43 158 68 81 68 569 68 19 85 68 19 85
64 211 108 68 569 68 569 68 569 68 64 211 108 68 550 339
189 68 81 68 339 68 339 68 64 211 108
527 68 607 158 68 527 359 68 189 68 211
607 155 68 81 68 397 68 189 68 517 68 517 68 517
283 68 339 68 19 85 68 19 85 68 158 108 68 339 68 339
189 68 81 68 569 68 569 68 19 85 68 19 85 68 19 85 68 19 85
240 550 158 149
189 241 359
189 68 507 258 68 517 68 189 68 517 68 189 68 136 479
651 123 68 253 68 5 68 253
283 68 517 68 517
283 68 158 108 68 517 68 517
593 163 68 247 211 68 517
85 359 68 5
611 189 68 507 194
503 158 108
158 108 68 569 68 617 68 339 68 550 501
339 68 607 158 68 81 68 85 359
405
19 85 68 158 108 68 569
64 211 108 68 241
189 68 527 68 607 158 68 527 68 550 501 68 331 149
43 158 68 527 68 607 158 68 640 68 640
261 86
43 158 68 406 158 68 517
531 158 543
261 86 68 124
43 158 68 290 85 359 68 189 68 331 359
503 189 68 158 108 68 569 68 19 85 68 158 108 68 241 68 189 68 43 158 108 68 517
405
339 551 68 430 359
593 163 68 550 158 108 68 569 68 19 85 68 19 85 68 640 68 640
253 68 569 68 569 68 569 68 19 85
85 299 68 405 389 158 118
447 158 68 81 68 405
283 68 607 68 607 68 397 68 550 501 68 397 68 397 68 397 68 397 68 397 68 397
607 68 5 68 211 108 68 189 68 517 68 517 68 517
527 68 5 68 85 347 501 68 189 68 85 359 68 607 158 68 607 158 68 607 158 68 607 158 68 607 158 68 189 68 189 68 170 108
283 68 136 158
607 68 5 68 81 68 189 68 189 68 517 68 189 68 517 85
651 123 68 517 68 517 68 517
397
370 68 5 68 288 68 640
19 152 68 189 68 607 158 68 617
503 189
19 85 68 158 108 68 569
201 258 258
283 68 5 68 607 68 5 68 5 68 5 189 68 136 479
347 501
87 543
5 68 288 68 81 68 397 68 5 189 68 253 359
607 158 68 81 68 397 68 64 211 108
503 189 68 158 108 68 569 68 158 108 68 136 479
245 258 149
607 68 5 68 642 211 68 397 68 85 359 68 189 68 64 211 108
629
283 68 158 108 68 5 68 85 347 501
49 551 68 569 68 405 85
607 158 68 527 68 5 189 68 331 149 68 189 68 189
651 123 68 607 158 68 19 85 68 241 68 640 68 640
607 68 5 68 64 211 108 68 64 211 108
85 68 158 108 68 43 158 149
527 68 607 158 68 81 68 397 68 569 68 19 85 359 68 19 85
389 158 199
288 68 550 487 359
189 68 64 211 108 68 189 68 569 68 640 68 189 68 640 68 640
607 68 5 68 81 68 189 68 569 68 70 158
5 108
213
629
527 68 607 158 68 81 68 189
607 68 5 68 241 68 189 68 240 550 158 240 211 68 158 108 68 241 68 241 68 607 158
5 68 81 68 189 68 81 68 19 85 68 19 85
189 68 19 85 68 158 108 68 569 68 19 85 68 19 85 68 158 108
607 68 5 68 607 158 68 397 68 550 501 68 189 68 189 68 189 68 189 68 189 68 189 68 189
607 158 68 607 158 68 607 158 68 550 339
189 68 245 449 68 607 158 68 5 68 405 68 405 68 405 68 405
189 68 569 68 81 68 189 68 397 68 189 68 43 158 68 189 68 189 68 43 158 108
86 68 607 68 5 189 68 158 108
503 189 68 158 108 68 81 68 189 68 331 149
417
295 68 607 158 68 550 501 68 397 68 430 199
431 68 19 85 68 569 68 85 68 19 85 68 189 68 189 68 64 211 108
321 27 68 569 68 617 149
87 68 494 68 397 68 397 68 397 68 397 68 397 68 397
405 68 640 68 640 68 640 68 640
79 158 68 527 359 68 640 68 640
19 68 79 359 68 397
339 551 68 550 501 68 397 68 19 85 68 569 68 19 85
607 158 68 81 68 397 68 569 68 19 85 68 19 85 68 19 85 68 607 158 68 607 158 68 607 158 68 607 158 68 607 158 68 607 158 68 607 158 68 607 158 68 607 158 68 607 158 68 189 68 189 68 607 158 68 607 158 68 607 158 68 517 68 607 158 68 517 68 517 68 569 68 517 68 517 68 517 68 517 68 517 68 569 68 569 68 19 85 359 68 19 85 359 68 19 85 68 517
569 68 290 85 68 85
189 68 617 149 68 607 158 68 617 149
49 551 68 211 108
405 68 405 68 405 149
569
261 86 68 245 449 68 158 108 68 569 68 64 211 108 68 640 68 640 68 640
569 68 136 479 68 569 68 569 68 158 108 68 569 68 569 68 405 68 397 68 136 479
397 68 54 86
64 211 108
397 68 550 501 68 397 68 397 68 397 68 397 68 397 68 397 68 397
5 189 211 85 359
189 68 617 68 5 68 93 211 108 68 189 68 189 68 617
406 158 68 607 158 68 431 68 331 149 68 189 68 189 68 331 149
201 108 68 550 158 68 19 85
607 158 68 81 68 189 68 189 68 640 68 640 68 189 68 640
283 68 607 68 19 85 68 569 68 19 85 68 158 108 68 569 68 19 85
607 158 68 527 68 607 158 68 527 359 68 640 68 640 68 640
283 68 19 85 68 158 108 68 241 359
64 211 108 68 64 211 108
531 158 108 68 517 85
527 68 5 68 85 347 158 68 158 108 68 189 68 158 108
607 158 68 527 68 607 158 68 607 158 68 527 359 68 607 158 68 607 158 68 607 158
607 158 68 81 68 189 68 241 68 607 158 68 241 68 550 158 68 607 158 68 607 158
406 158 68 607 158 68 81 68 189 68 503 158
189 68 359 68 359 389 339
339 551 70 158 108
607 68 607 158 68 527 68 5 68 189 68 640
5 68 81 68 189 68 189 68 569 68 405 359
283 68 158 108 68 430 68 430 199
446 247 85
527 68 607 158 68 81 68 189 68 569 68 19 85
49 68 550 158 68 370 68 81 68 331 149
283 68 370 68 5 68 81 68 397 68 189 68 189 68 569
213 211 68 5 68 253 68 430 68 430 199
527 68 607 158 68 81 68 189 68 19 85 68 607 158 68 550 501 68 397 68 607 158 68 607 158 68 189 68 189 68 64 211 108 68 64 211 108 68 607 158 68 607 158 68 607 158 68 607 158 68 189 68 607 158 68 607 158 68 607 158 68 607 158 68 607 158 68 81 68 607 158 68 64 211 108 68 550 158 68 550 158 68 339 68 339 68 339 68 339 68 339 68 550 158 68 550 158 68
607 155 68 170 211
211 85 359 68 517 85
189 68 241 68 5 68 240 211 108 68 241 68 241 68 241 68 640
527 68 5 68 189 68 85 347 501 68 189 68 64 211 108
153 189 68 158 108 68 5 68 330 359 68 158 108 68 241 68 189 68 158 108
290 85 359 389 339
607 158 68 394 149
405 68 124
431 68 211 108 68 397 68 189 68 5 189 68 64 211 108 68 241 68 241 68 241 68 397
153 68 607 158 68 189 68 85 347 501 68 189 68 64 211 108
607 68 5 68 607 68 397 68 607 158 68 550 501 68 397 68 189 68 189 68 397 68 189 68 189 68 397 68 189 68 189 68 189 68 170 211 108
607 68 5 68 503 189 68 503 189 68 211 299
5 68 617 68 64 211 108 68 64 211 108
430 68 136 479
153 68 158 108 68 189 68 253
527 68 607 158 68 81 68 189 68 189 68 85 347 158 118 68 189 68 189 68 397 68 189 68 189 68 189 68 85 359
81 68 397 68 569 68 85 359 389 339 68 85 359
611 51 86 68 517
607 68 5 68 607 158 68 397 68 189 68 64 211 108 68 189 68 211 68 241 68 607 158
569 68 405 68 19 85 68 158 108 68 430 68 430 299 68 430 68 430 199 68 397 68 136 479
261 86 68 607 68 153 68 607 158 68 607 158 68 607 158 68 607
64 211 108 68 569 68 640 68 640 68 640 68 640 68 640
607 68 5 68 517 68 43 158 68 517 68 517 68 517 68 517
189 68 406 158 68 517 68 189 68 640 68 640 68 640
189 68 81 68 5 189 68 81
405 68 124
5 68 81 68 189 68 19 85 68 19 85
211 543
607 158 68 642 68 397 68 607 158 68 64 211 108 68 397 68 397 68 397 68 607 50 68 397 68 189 68 397 68 189 68 189 68 64 211 108
43 158 68 124
124
339 551 68 503 189 68 569 68 405
5 68 253 359
189 241 359
569 68 170 108 68 5 68 64 211 108 68 64 211 108
64 211 108 68 569 68 85
494 68 640 68 640 68 241 68 640
503 189
503 189 68 158 108 68 569 68 569 68 222 68 359
501 85 365 430 199
87 68 64 211 108 68 189 68 64 211 108 68 64 211 108 68 64 211 108 68 607 158 68 189 68 189 68 189 68 64 211 108
593 89 158 68 577 68 339 68 550 501
607 479 68 237 149
283 68 158 108 68 339 68 339 68 339 551
607 158 68 527 68 5 68 430 68 430 199
189 68 569 68 19 85 68 19 85 68 19 85 68 158 108 68 158 108
261 86 68 124 68 370 68 5 68 81 68 397
85 299 211 543
87 199
607 155 68 81 68 189 68 189 68 189 68 331 68 189 68 640
64 211 108 68 550 158 68 607 158 68 550 158 68 607 158 68 550 158 68 550 158 118
503 189 108
283 68 607 68 5 68 607 158 68 550 501 68 189 68 64 211 108
283 68 527 359 68 189 68 331 149 68 331 149
19 85 68 607 158 68 503 189 68 527 359 68 607 158 68 607 158 68 211 68 607 158
447 158 68 527 68 607 158 68 81 68 189 68 331 487 359
5 189 266 50
503 189 108
331 149
503 189 68 158 108 68 569 68 569 68 222 68 359
359 211
79 158 543 68 19 85
527 68 607 158 68 81 68 189 68 430 199 68 430 68 430 199
569 68 347 501 68 397 68 397 68 397 68 397 68 241 68 640
261 86 68 245 449
189 68 81 68 405 108 68 405 149
430 199
211 149
607 158 68 527
397 68 170 152 68 189
189 68 81 68 569 68 569 68 569 68 569 68 405
42 247 68 569 68 405 85 359 68 19 85 359
607 68 5 68 211 108 68 189 68 189 68 189 550 158 108
85 220
640
276 85 68 607 158 68 569 68 85 347 501 68 397 68 189 68 85 359
527 68 607 158 68 550 501 68 397 68 64 211 108
5 68 81 68 189 68 189 68 81 68 189 68 189 68 189
406 158 68 607 158 68 19 85
42 247
503 189 68 158 108 68 569 68 93 211 108
531 211 68 170 108 68 189 68 5 68 365 152
189 68 607 158 68 607 158 68 607 158 68 607 158 68 607 158 68 607 158 68 607 158
527 68 607 158 68 527 68 607 158 68 607 158 68 607 158 68 607 158 68 607 158 68 607 158 68 607 158 68 607 158 68 607 158 68 607 158 68 5 68 607 158 68 607 158 68 607 158 68 189 68 189 68 607 158 68 607 158 68 607 158 68 607 158 68 607 158 68 607 158 68 607 158 68 607 158 68 5 68 5 68 5 68 397 68 517 85 359 68 19 85 359 68 640 68 5 68 607 158
503 189 68 158 108 68 607 158 68 81 68 189 68 189 68 189
64 211 108 68 569 68 642 211
85 359 68 339
527 68 607 158 68 431 108 68 640
201 85 359 85 359
283 68 19 85 68 19 85 68 19 85 68 19 85 68 339 68 339 68 607 158 108 68 607 158 68 19 85
501 85 220
430 68 64 211
213 51 86 68 5 68 253
19 85 68 5
261 86 68 245 449 68 158 108 68 569 68 19 85 68 569 68 19 85 68 19 85
283 68 136 158
569 68 93 51 86 68 189 68 64 211 108 68 397 68 189 68 64 211 108
607 479 68 189 68 431 68 19 85 68 189 68 189 68 64 211 108
406 158 178 68 189 68 189 643 85
569 68 158 108 68 5 189 68 158 108
76 85 359
607 158 68 5 68 247 85
189 68 331 149 68 607 158 68 640
43 158 68 81 68 189 68 189 68 405
43 158 68 607 158 68 81 68 189 68 430 68 430 199 68 19 85
607 158 68 607 158 68 124 68 569 68 339
430 68 253 68 5 68 85
503 189 68 158 108 68 569 68 569 68 405
651 123 68 607 158 68 81 68 189 68 569 68 136 479
261 86 68 124 68 607 68 5 68 253 359 68 397 68 189 68 550 501
5 68 81 68 569 68 569 68 19 85 68 5 68 19 85 68 189 68 405 85
189 68 81 68 189 68 569 68 19 85 68 19
261 86 543
607 158 68 81 68 189 68 405
503 189 68 158 108 68 569 68 19 85 68 19 85 68 339 68 339 68 339 68 607 158 108 68 607 158 68 397 68 189 68 189 68 607 158 108 68 189 68 189 68 607 158 108 68 607 158 68 189 68 189 68 189 68 607 158 108 68 607 158 68 607 158 68 607 158 108 68 607 158 68 19 85 359 68 19 85 359 68 607 158 68 339 68 339 68 339 68 339 68 339 68 339 68 339 68 607 158
321 170 68 170 108
431 68 19 85 68 158 108 68 241 68 189 68 158 108 68 158 108 68 241 68 241 68 607 158 108
87 68 81 68 189 68 19 85 68 19 85 68 19 85 68 640 68 640 68 405 149
607 158 68 211 108 68 211
19 85 68 640 68 640
43 158 68 642 68 5 68 517 68 5
87 68 124
87 68 81 68 397 68 397 68 569 68 569 68 405
430 4 85 359
189 68 158 108 68 5 68 189 68 158 108
261 86 68 245 449 68 158 108 68 5
321 563 158 68 527
149 550 158
261 86 68 245 449 68 607 158 68 81 68 189 68 517
76 85 359
231 240 68 93 435 85
283 68 527 359 68 430 149
607 68 5 68 81 68 189 68 189 68 81 68 189 68 189 68 189 68 189
5 68 81 68 189 68 19 85 68 19 85 68 158 118
446
607 68 5 68 5 68 85 241 68 640 68 640 68 640
19 85 68 640
85 299 19 85 68 19 85
611 189 68 507 194
49 68 607 158 68 81 68 189 68 331 149 68 189 68 331 149
447 158 118
339 551
5 189 68 527 359
607 158 68 211 108 68 569 68 85 359
611 85
283 68 136 479 68 405 68 397 68 85 359 68 189 68 136 479
527 68 607 158 68 527 359 68 189 68 331
19 258 438 359
569 68 211 108 68 5 189 68 170 211
431 68 64 211 108 68 569 68 19 85 68 640 68 640 68 640 68 640
288 68 550 158 68 241 68 241
406 158 68 607 158 68 81 68 189 68 430 68 430 149 550 158 108
5 68 527 68 607 158 68 81 68 189 68 569 68 189 68 189 68 189 68 189 68 331
397 68 85 359 68 517
406 158 118 68 19 85 68 19 85 68 189 68 158 108
261 86 68 124 68 81 68 569 68 19 85 68 19 85 68 19 85
607 155 68 527 68 607 158 68 347 501 68 397 68 397 68 347 501 68 189
430 68 331 149 68 607 158 68 550 158 68 430
261 86 68 651 123
503 189 108
607 158 68 5 68 253
365 152
153 189 68 136 158
406 158 118
405 108
569 68 152 550 487 149
397 551
19 163 68 19 85 68 607 158 68 19 68 430 68 19 85
564 68 158 108
550 158 155
607 158 68 527 359 68 189 68 569 68 550 158 118
405 108
569 68 19 85 68 19 85 68 19 85 68 19 85
370
283 68 607 68 5 68 189 68 19 85 68 607 158 68 607 158 68 607 158 68 607 158 68 607 158 68 607 158 68 189 68 607 158 68 607 68 607 158 68 607 158 68 607 158 68 607 158 68 189 68 189 68 189 68 607 158 68 607 158 68 607 68 607 158 68 607 158 68 607 158 68 569 68 569 68 569 68 569 68 607 158 68 607 158 68 607 158 68 569 68 158 68 158 68 607 158 68 607
43 158 68 245 449 68 158 108 68 5 68 5 68 253 68 253 68 189
5 68 19 85 68 64 211 108 68 64 211 108 68 19 85 68 64 211 108
321 68 370 68 5 68 397 68 85 347 501 68 189 68 189 68 64 211 108
189 68 170 211 68 170 299
43 158 68 5 189 68 189
5 68 245 449 68 607 158 68 569 68 54 86 68 397 68 54 86 68 54 86
43 158 68 607 158 68 81 68 189 68 430 68 430 199 68 430 68 430 68 430 199 68 430 68 430 199 68 430 199 68 85 359 389 158 118 68 189 68 189 68 189 68 189 68 189 68 430 68 189 68 189 68 158 118 68 158 118 68 158 118 68 158 118 68 158 118 68 158 118 68 158 118 68 158 118 68 158 108 68 158 108 68 158 108 68 158 118 68 158 118 68 158 118 68 158 118 68 158
501 85 359 68 415 211
295 247 68 640 68 640
5 68 81 68 189 68 569 68 569 68 331
593 163 68 189 68 569 68 189 68 240 389 158 118 68 189 68 189 68 189 68 241 359
261 86 68 253 68 397 68 189
64 211 108 68 569 68 85
76 85 359
347 501
189 550 158 118 68 158 108 68 241 68 189
430 85 4 85
19 85 68 607 158 68 397 68 240 299 68 241 68 241 359 68 241 359
531 299 266 50
503 189 68 158 108 68 569 68 93 211 108
197 86
283 68 158 108 68 569 68 64 211 108 68 64 211 108 68 640 68 640 68 640 68 640 68 640
607 479 68 81 68 189 68 189 68 405
339 551 68 569 68 85 359
19 85 68 241
64 51 85
607 158 68 527 68 607 158 68 189 68 64 211 108
321
19 85 68 158 108
241 359
85 4 149
19 4 4
64 211 108 68 19 85 68 19 85 68 19 85 68 607 158 68 550 501 68 19 85
43 158 68 288 68 5 189 68 241 299 68 241 359
607 68 5 68 5 189 68 347 501
79 158 108
430 68 550 158 118
321 240 68 5 189 68 241 359
564 68 158 108 68 5 68 85
79 359 68 397 68 642 211
64 211 108 68 5 68 247 85 68 640
283 68 136 158
430 149 458
431
85 199 85
189 211 85 68 158 108 68 211 543 211 543 211 108
569 68 290 85 68 241 68 189 68 189 68 240 211 543 211
64 211 108
607 158 68 288 68 81 68 189 68 189 68 189 68 189 68 189 68 189 68 189
283 68 607 68 5 68 517 68 517 68 517
4 240 222
503 189 68 158 108 68 569 68 19 85 68 19 85 68 19 85 68 339
261 86 68 607 68 153 68 607 158 68 607 158 68 607 158 68 607
49 551
527 68 607 158 68 81 68 569 68 569 68 19 85 68 158 108 68 158 108 68 158 108 68 607 158 68 607 158 68 189 68 607 158 68 607 158 68 189 68 607 158 68 607 158 68 607 158 68 189 68 189 68 607 158 68 607 158 68 607 158 68 607 158 68 607 158 68 607 158 68 5 68 5 68 19 85 359 68 5 68 5 68 158 68 158 68 158 68 158 68 158 68 158 68 158 68 158 108
261 86 68 245 449 68 607 158 68 81 68 569
85 241
19 85 68 339 68 550 158 108 68 397 68 339 68 339 68 339 68 339
261 86 68 124
197 86
405
283 68 607 68 5 68 527 68 569 68 19 85 68 19 85 68 607 158 68 607 158
501 85 359 68 85 359 389 85 359
261 86 68 245 449 68 607 158 68 607 158 68 607 158
611 74
81 68 19 85 359 389 158 118 68 19 85
70 158
607 158 68 253 68 397 68 85 347 501 68 85 359 68 85 359
261 86 68 245 449 68 607 158 68 81 68 189 68 569 68 70 158
64 211 108 68 569 68 189 68 85 347 158 108 68 189 68 64 211 108
189 68 81 68 189 68 189 68 617
189 68 241 68 5 189 68 569 68 19 85 68 19 85
42 247
569 108 68 85 359
283 68 165 68 5 68 81 68 189 68 81 68 189
569 68 405 68 405 68 405 68 405 68 405 68 405
607 158 68 527 68 5 68 189 68 517 68 517 118
288 68 136 479
64 211 108 68 5 68 189 68 607 158 68 241 68 607 158 68 607 158 68 607 158 68 607 158 68 607 158 68 241 68 189 68 241 68 241
339 68 550 501 68 189 68 19 85 68 189 68 19 85 68 189 68 189 68 607 158 108
503 189 68 158 108 68 569 68 19 85 68 19 85 359
240 550 158 108
261 86 68 86 108
153 189 68 517 68 517 85 68 517 85
550 501 68 617 149
261 86 68 245 449 68 607 158 68 607 68 19 85 68 607 158 68 607 158 68 607 50
261 86 68 607 68 5 68 339 68 339 68 240 211 68 339 68 339
261 86 68 245 449 68 607 158 68 607 158 68 517
189 68 81 68 189 68 189 68 430 199
283 68 607 68 5 68 19 85 68 19 85 68 19 85 68 19 85 68 607 158 108 68 607 158 68 607 158 68 397 68 189 68 189 68 189 68 405 68 189 68 607 158 108
153 68 607 158 68 81 68 189 68 5 68 397 68 189 68 189
189 68 406 158 68 607 158 68 241 68 517 68 64 211 108 68 241 68 517
339 68 607 158 68 189 68 569 68 189 68 189 68 158 108
611 51 86
564 68 607 68 5 68 253 359
406 158 68 517 68 569 68 19 85 68 19 85 359
64 211 108 68 339 68 64 211 108
253
153 68 550 158 149
5 189
295 68 651 123 68 19 85 68 640 68 640 68 640
447 158 68 79 50
51 86
321 68 569 68 54 86
85 359 389 339
189 68 70 158 68 19 85 68 19 85
447 158 108
607 158 68 81 68 397 68 189 68 397 68 189 68 397 68 189 68 189 68 189 68 397
189 68 64 211 108 68 397 68 569 68 241 68 397 68 569 68 640
5 68 81 68 189 68 189 68 569 68 19 85 359 550 158 118
447 158 108
5 68 81 68 189 68 64 211 108 68 64 211 108 68 64 211 108
405 85 359
503 189 68 339 68 607 158 68 577 68 397 68 189 68 397 68 189 68 189
42 247
245 449
431 68 331 149 68 189 68 189 68 240 389 158 118 68 240
276 85
64 51 85
405 240
503 189 68 158 108 68 569 68 19 85 68 19 85 68 19 85
550 149
406 158 118
501 85 152 68 607 158 68 503 158 68 87 68 87 68 87 68 87 68 87 68 87 68 87
5 68 81 68 189 68 569 68 241 359 389 158 118 68 241 68 241 68 241
406 158 68 607 158 68 550 501 68 397 68 569 68 569 68 189 68 64 211 108
245 258
283 68 158 108 68 569 68 19 85 68 158 108 68 158 108 68 607 158
607 158 68 82 152 68 19 85
153 68 158 108 68 189 68 253
607 68 5 68 607 158 68 81 68 189 68 430
503 189 68 158 108 68 569 68 405 68 405 68 405 118
607 158 68 19 85 68 19 85
211 222 68 19 85 359 68 189 643 359
607 68 5 68 607 158 68 607 158 68 607 158 68 607 158 68 607 158 68 607 158 68 607 158
64 211 108 68 569 68 189 68 19 85 68 19 85 68 189 68 189
189 68 136 479 68 607 158 68 5 68 607 158 68 189 68 607 158 68 607 158 68 607 158 68 607 158 68 189 68 189 68 189 68 189 68 189 68 607 158 68 607 158 68 607 158 68 607 158 68 189 68 189 68 607 158 189 68 607 158 68 607 158 68 607 158 68 607 158 68 397 68 397 68 397 68 5 68 5 68 5 68 5 68 5 68 5 68 5 68 5 189 68 5 189 68 5 189 68
607 479 68 189 68 569 68 331 149 68 640 68 569 68 331
607 158 68 82 68 158 108 68 5 68 85 299 68 158 108 68 240 211 108
189 68 81 68 550 339 68 339 68 607 158 68 607 158 68 550 158 68 607 158 68 607 158
189 68 81 68 189 68 405 85
431
321 247 68 211
405 68 640 68 640
19 85
51 86 68 124
321 240 68 5 189
503 189 68 158 108 68 158 108 68 189 68 64 211 108 68 64 211 108
283 68 158 108 68 569 68 19 85 68 19 85 68 241 68 241 68 241 68 241 68 241 359
5 68 527 68 607 158 68 288 68 527 359 68 569 68 19 85 68 640 68 640
5 68 81 68 397 68 189 68 569 68 19 85 68 569 68 64 211 108 68 397 68 640 68 640 68 189 68 189 68 640 68 640 68 189 68 189 68 189 68 189 68 189 68 189 68 189 68 189 68 189 68 189 68 189 68 607 158 108
261 86 68 245 449
283 68 124 68 19 85 68 19 85 68 19 85 68 19 85 68 19 85
607 68 577 68 189 68 397 68 550 501 68 189 68 64 211 108
642 211 108 68 19 85 359 68 19 85
201 211 85 299
43 158 68 81 68 5 189 68 569 68 19 85
295 68 5 68 81 68 189 68 430 199 68 430 68 640
5 68 288 68 607 158 68 288 68 607 68 550 501 68 397 68 189 68 189 68 189 68 189 68 189 68 189 68 189 68 189 68 189 68 189 68 189 68 189 68 189 68 189 68 189 68 189 68 189 68 189 68 189 68 189 68 607 158 149
607 158 68 431 68 241 68 640 68 640 68 64 211 108
197 86 68 5
550 501
550 339 68 397 68 359
201 258 258
503 189 68 5 68 189 68 543 211
447 158 68 640 68 640
261 86 68 607 68 283 68 397 68 170
283 68 136 158
503 189 68 170 108
607 68 5 68 241 68 189 68 241 68 241 68 241 68 241
240 389 158 118
85 430 149
283 551 68 158 108 68 158 108 68 640
569 108 68 569 68 253
430 68 64 211
290 389 158 359 68 189
611 189 68 611 74
19 85 68 607 158 68 550 501 68 397 68 189 68 64 211 108 68 64 211 108 68 189 68 189 68 189 68 189 68 64 211 108
405 68 211 240 211 68 189 550 158 149
245 449 68 64 211 108
527 68 607 158 68 81 68 189
241 68 5 68 189 68 189 68 347 158 359 68 189 68 241 68 397 68 189 68 241
607 68 5 68 347 501 68 397 68 359
19 85 68 158 108 68 19 85
5 68 81 68 569 68 569 68 19 85
283 68 19 85 68 569 68 85 359
261 86 68 607 68 5 68 607 158 68 607 68 607 158 68 64 211 68 607 158
642 211 68 5 68 85 68 240 211 108 68 19 85 68 158 108
321 240 51 86
642 68 5 68 81 68 189 68 640 68 640 68 640 68 640 68 640
607 155 68 283 68 19 85 68 19 85 68 19
158 108 68 550 501 68 189 68 19 85 68 430 68 430 199 68 189 68 189 68 607 158 108
189 68 5 68 397 68 397 68 54 86 68 569 68 397 68 54 86
283
447 158 68 81 68 189 68 640
85 359 389 85
283 68 19 85 359 68 19 85
283 68 607 68 5 68 397 68 397 68 397 68 397 68 550 339 68 397 68 397 68 607 158
189 68 640 68 640 68 640 68 640 68 640
253 68 569 68 550 158 118
261 86 68 527 68 607 158 68 5 68 85
431 68 617 149 68 189 68 81
607 479 68 211 108 68 339 68 64 211 108
405 68 611 189 68 611 189
501 85 347 158 118 68 359
189 68 170 108 68 569 68 19 85 68 158 108 68 569 68 158 108
189
283 68 607 479 68 81 68 397 68 517 68 517 68 517
85 194 211
283 68 158 108 68 339 68 240 389 158 240 211
283 68 527 68 158 68 527 359 68 85 359 68 158 108
189 68 81 68 189 68 397 68 189 68 211 240 211 108 68 211 68 211 240 211
149 550 158 68 149
189 68 81 68 189 68 189 266 158 118 68 241 68 241 359
261 86 68 245 449
261 86 68 370 68 607 158 68 607 158 68 19 85 68 339
569 108 68 19 85
607 158 68 503 189 68 607 68 569 68 365 430 68 189 68 503 158 68 607 158 68 607 158 68 607 158 68 189 68 189 68 189 68 170 108 68 189 68 189 68 607 158 68 607 158 68 189 68 189 68 189 68 189 68 607 158 68 607 158 68 607 158 68 607 158 68 607 158 68 503 158 68 503 158 68 503 158 68 503 158 68 569 68 569 68 158 68 158 68 170 211 199 68 170 211 68 170 211
261 86 68 607 68 5 68 607 158 68 81 68 189 68 70 158
607 158
85 136 479
276 85
70 158
283 68 158 108 68 569 68 19 85 68 430 199 68 430 199 68 430 199
64 211 108 68 569 68 569
503 189 108
153 68 81 68 397
245 449
189 68 347 501 68 397 68 85 359 68 19 85 68 19 85 68 339
651 123
5 68 517 68 517
405 68 213 194 74
283
527 68 607 158 68 81 68 189 68 189 68 189 68 19 85 68 189 68 189 68 19 85
283 68 158 543 68 189 68 189 68 5 189 68 405 68 405
170 108
569 68 550 501 68 397 68 189 68 550 501 68 397
189 389 158 108
85 359 68 85 359
283 68 19 85 68 569 68 19 85 68 19 85 68 19 85 68 19 85 68 397 68 607 68 607 68 397 68 189 68 189 68 189 68 189 68 189 68 189 68 189 68 189 68 189 68 189 68 189 68 189 68 189 68 189 68 405 85 359
241 359
261 86 68 124
79 430 68 430 199
569 68 617 68 339 68 607 158 68 617 68 397 68 64 211 108
321 563
569 68 347 501 68 189 68 405 85 359 68 569 68 405
430 199
158 543 68 253 68 5 189
76 85 359
283 68 607 158 68 19 85 68 19 85 68 430 149 550 158 118
569 68 406 158 68 406 501 68 189 68 189 68 189 68 189
197 86 68 19 85 68 19 85 68 19 85
261 86 68 607 68 5
607 158 68 527
5 68 81 68 189 68 189 68 189 68 405 68 189 68 405 199
189 68 81 68 189 68 189 68 64 211 108
43 158 68 607 158 68 5
607 68 5 68 81 68 189 68 405 108
365 152
213 438 415
153 189 68 81
406 158 68 607 158 68 81 68 397 68 569 68 19 85 68 64 211 108 68 19 85 68 607 158 68 397 68 64 211 108
527 68 607 158 68 81 68 189 68 365 430 199 68 189 68 430 199 68 189 68 430 199 68 430 199 68 189 68 189 68 189 68 189 68 189 68 189 68 189 68 189 68 189 68 189 68 189 68 189 68 189 68 189 68 189 68 189 68 158 108 68 189 68 158 108 68 158 199 85 359 68 85 359 389 85 359 68 158 108 68 158 118 68 158 118 68 430 199 85 359 68 430 199 85 359 68 158 118
189 68 81 68 189 68 189 68 158 108 68 158 108 68 158 108 68 189 68 158 108
64 211
261 86 68 124
431
245 258 149
406 158 118 68 85 359 68 85 359
569 68 136 479 68 517 68 517 68 517 118
430 68 124
5 68 81 68 189 68 189 68 19 85 68 158 108
4 85 359
189 68 70 158 68 19 85 68 158 108
607 158 68 81 68 189 68 189 68 503 158 108
607 479 68 87 68 87 68 607 158 68 87 68 607 158 68 87 68 607 158 68 607 158
231 240 68 607 158 68 81 68 397 68 189 68 640 68 640 68 640 68 640 68 640 68 640
253 359
201 258 68 189 68 93 211 108 68 189 68 331
503 189
5 68 347 501 68 189 68 189 68 503 189 68 397 68 211 359
654
64 211 108 68 569 68 19 85 68 19 85 68 19 85 68 19 85 68 607 158 68 607 158 68 607 158 68 189 68 189 68 640 68 19 85
201 258 68 569 68 170 108 68 569 68 170 108
261 86 68 124 68 569 68 85 359 68 85 359
4 4
607 68 5 68 397 68 189 68 189 68 241 299 68 189 68 607 158 68 607 158 68 5 189 68 397 68 189 68 189 68 189 68 189 68 189 68 189 68 189 68 189 68 5 189 68 189 68 189 68 189 68 189 68 189 68 189 211 543 211 543 211 543 211 543 211 543 211 359 389 158 118
261 86 68 81 68 569 68 569 68 19 85 68 19 85 68 430 68 246 68 19 85 68 607 158 68 189 68 189 68 246 68 246 68 246 68 246 68 189 68 189 68 189 68 189 68 189 68 189 68 189 68 189 68 246 68 246 68 607 158 108
550 158 178
283 68 527 359 68 517 68 85 365 430 199
405 149 68 70 158
64 211 108
406 158 68 607 158 68 81 68 19 85 68 19 85 68 19 85 68 405 85
189 68 165 68 5 68 330 68 569 68 405 68 158 108 68 405 68 405 68 405 85
431 68 569 68 405 68 19 85 68 158 108 68 569 68 158 108 68 189 68 158 108
85 359 389 85 359
261 86 68 245 449 68 430 199
607 158 68 527 68 607 158 68 330 68 405 108
607 158 68 321 240 68 607 158 68 79 359
245 458
189 68 211 543 68 607 158 68 5 189 68 211 211 211
87 449 68 370 68 5 68 241 68 640 68 640 68 640 68 640 68 640
607 158 68 577 68 189 68 550 501 68 397
564 68 158 108 68 5 68 640 68 640
261 86 68 85 359 389 85 359
201 258 258
245 258
231 240
283 68 158 108 68 569 68 569 68 136 479
258 68 19 85 68 607 158 68 81 68 189 68 19 85 68 19 85 68 189 68 19 85
503 189 68 158 108 68 569 68 85 347 158 118
245 458
231 240 68 607 158 68 81 68 397 68 189 68 640 68 640 68 640 68 640 68 640 68 640
87 68 253 359 68 189 68 359 389 85 359
19 85 359
241 68 517 68 430 68 19 85 68 430 68 246 68 19 85
447 158
5 68 288 68 189 68 240 68 607 50 68 640 68 640 68 640
527 68 607 50 68 397
43 158 68 527 68 607 158 68 640 68 640
527 68 607 158 68 81 68 189 68 189 68 136 479
5 108
189 68 5 68 607 158 68 5 68 189 68 189 68 189 68 189 68 189 68 189
231 240
189 266 158 118
405 68 19 85 68 64 211 108
197 85
43 158 68 517 68 189 68 430 68 430 199
607 158 68 283 68 607 68 397 68 550 501 68 397 68 189 68 189 68 189 68 397 68 397 68 397 68 189 68 189 68 189 68 189 68 189 68 189 68 189 68 189 68 189 68 189 68 189 68 189 68 189 68 189 68 189 68 189 68 397 68 189 68 189 68 397 68 397 68 397 68 397 68 569 68 569 68 569 68 569 68 569 68 569 68 339 68 339 68 415 211 85 359 389 158 118
503 189 68 370 68 5 68 321 240
189 68 81 68 397 68 189 68 170 108
290 85
607 68 5 68 189 68 189 68 64 211 108 68 189 68 64 211 108
261 86 68 245 449 68 158 108 68 569 68 19 85 68 640 68 640 68 640
158 108 68 241 68 640 68 640
593 89 158 68 85 68 640 68 640 68 640 68 640
503 189 68 158 108 68 569 68 569 68 136 479
503 189 68 158 108 68 569 68 569 68 241 68 241 68 241
5 68 331 68 189 68 189 68 93 51 85
503 189 68 158 108 68 569 68 531 158 108 68 189 68 531 158 108
189 389 158 118 68 611 189 68 136 479
339 551
197 85
339 68 550 501 68 189 68 189 68 64 211 108 68 189 68 189 68 189 68 189 68 189 68 189 68 189 68 189 68 64 211 108
607 158 68 81 68 189 68 397 68 189 68 136 479
5 68 81 68 189 68 81 68 640
85 299 266 158 118
593 163 68 550 501 68 397 68 189 68 64 211 108 68 189 68 189 68 189 68 241 68 607 158 108
397 68 133 68 85 359
527 68 607 158 68 527
261 86 68 245 449 68 158 108 68 640 68 640 68 640
446
85 299 68 5 189 68 642
527 68 607 158 68 527 68 607 158 68 527 68 607 158 68 607 158 68 607 158 68 607 158 68 607 158 68 607 158 68 607 158 68 607 158 68 607 158 68 607 158 68 607 158 68 607 158 68 607 158 68 607 158 68 607 158 68 607 158 68 607 158 68 607 158 68 527 359 68 527 359 68 527 359 68 607 158 68 527 359 68 607 158 68 607 158 68 397 68 607 158 68 607 158 68 607 158 68
406 158 68 517 68 189 68 158 108 68 5 189 68 158 108 68 640
283 68 607 50 68 189
607 158 68 449 68 5 68 189 68 241 68 640
430 68 365 430 199 68 430 199
390 68 189 643 359
247 85
283 68 5 68 527 359 68 189 68 607 158 68 347 158
283 68 158 108 68 5 68 189 68 158 108 68 189 68 64 211 108
607 158 68 283 68 288 68 288 68 288 68 331 149 68 607 50
283 68 158 108 68 397 68 136 158
211 68 158 108 68 189 68 158 108 68 189 550 158 222 68 158 118
527 68 5 68 189 68 189 68 64 211 108 68 189 68 189 68 189 68 189 68 170 108
64 211 108
43 158 68 607 479 68 394 458
253 68 5 68 189 68 189 68 189 68 347 501 68 189 68 189 68 189
321 240 68 158 108 68 397 68 85 359
321 569 68 19 85 68 607 158 68 569 68 365 430 68 365 430 199 68 640 68 640 68 640 68 640 68 189 68 640 68 640 68 640
569 68 64 211 108 68 569 68 569 68 64 211 108 68 189 68 189 68 189 68 607 158 108
607 158 68 81 68 397 68 569 68 569 68 569
607 68 5 68 550 501 68 397 68 189 68 241 359 389 158 118 68 189 68 189 68 189 68 189 68 189 68 189 68 189 68 189 68 189 68 189 68 189 68 189 68 189 68 189 68 189 68 189 68 189 68 189 68 189 68 189 211 543 211 543 211 543 211 543 211 543 211 543 211 543 211 543 211 543 211 543 211 543 211 543 211 543 211 543 211 543 211 543 211 543 211 543 211 543 211 543 211 543
