[5, 9, 4, 4, 4, 4, 4, 4, 4, 3]
[6, 6, 10, 6, 3]
[42, 3]
[30, 5, 4, 20, 6, 4, 4, 4, 4, 4, 3]
[42, 4, 4, 4, 4, 4, 3]
[27, 11, 9, 4, 5, 9, 4, 4, 4, 3]
[27, 11, 3]
[34, 7, 3]
[34, 3]
[27, 11, 4, 4, 3]
[8, 5, 4, 37, 4, 4, 4, 4, 4, 4, 4, 4, 4, 4, 4, 4, 4, 4, 4, 4, 4, 4, 4, 6, 10, 4, 27, 11, 9, 3]
[8, 5, 4, 19, 23, 4, 4, 4, 4, 3]
[36, 3]
[6, 11, 10, 3]
[34, 7, 4, 4, 4, 4, 4, 4, 4, 4, 4, 4, 4, 4, 4, 4, 4, 4, 4, 4, 4, 4, 4, 4, 4, 4, 3]
[27, 3]
[27, 11, 4, 4, 4, 3]
[6, 6, 6, 3]
[7, 11, 4, 4, 4, 6, 3]
[6, 3]
[8, 5, 4, 37, 4, 4, 4, 4, 4, 4, 4, 6, 6, 3]
[27, 11, 3]
[27, 11, 3]
[7, 4, 5, 9, 4, 4, 4, 4, 4, 4, 4, 4, 4, 4, 4, 4, 4, 4, 4, 4, 4, 4, 3]
[6, 11, 10, 3]
[5, 4, 4, 4, 4, 4, 3]
[7, 3]
[8, 15, 4, 37, 23, 4, 17, 4, 17, 4, 4, 4, 4, 4, 4, 4, 4, 4, 4, 3]
[15, 4, 14, 4, 14, 3]
[124, 3]
[34, 7, 4, 5, 9, 4, 5, 9, 4, 13, 4, 6, 11, 9, 3]
[6, 6, 3]
[7, 4, 4, 4, 3]
[35, 4, 14, 4, 4, 4, 4, 4, 4, 4, 4, 4, 4, 4, 4, 4, 4, 3]
[7, 11, 11, 4, 4, 4, 4, 4, 4, 6, 6, 3]
[8, 5, 4, 37, 4, 4, 4, 4, 4, 4, 4, 4, 4, 4, 4, 4, 4, 4, 4, 4, 4, 4, 4, 4, 4, 4, 4, 4, 3]
[36, 4, 14, 3]
[20, 6, 4, 4, 4, 4, 4, 4, 4, 4, 4, 4, 4, 4, 4, 4, 4, 4, 4, 4, 4, 3]
[34, 7, 4, 4, 3]
[15, 26, 4, 5, 9, 4, 4, 4, 4, 3]
[15, 26, 4, 5, 9, 3]
[124, 3]
[46, 4, 8, 4, 4, 4, 4, 4, 4, 4, 4, 4, 4, 4, 4, 4, 4, 4, 4, 4, 3]
[36, 4, 4, 4, 4, 4, 4, 4, 4, 4, 4, 4, 4, 6, 10, 6, 3]
[27, 11, 9, 4, 4, 4, 4, 4, 4, 4, 3]
[7, 11, 11, 9, 3]
[8, 79, 4, 37, 4, 4, 4, 4, 4, 4, 4, 4, 4, 3]
[7, 11, 11, 4, 4, 4, 6, 6, 3]
[7, 3]
[27, 11, 3]
[35, 4, 14, 4, 37, 4, 4, 4, 4, 4, 4, 6, 3]
[6, 6, 6, 6, 3]
[27, 11, 4, 4, 6, 6, 3]
[8, 5, 4, 19, 6, 4, 4, 4, 4, 4, 4, 4, 4, 3]
[36, 4, 4, 4, 4, 4, 4, 4, 4, 4, 4, 4, 4, 4, 4, 4, 4, 3]
[30, 5, 4, 5, 9, 4, 4, 4, 4, 4, 4, 4, 4, 4, 4, 4, 4, 4, 4, 4, 3]
[124, 11, 3]
[15, 26, 4, 5, 9, 4, 4, 4, 4, 4, 4, 4, 4, 4, 4, 4, 4, 4, 4, 4, 4, 3]
[7, 4, 4, 4, 4, 4, 4, 4, 4, 4, 4, 4, 4, 4, 3]
[36, 4, 3]
[13, 4, 19, 5, 9, 3]
[8, 15, 4, 19, 23, 4, 17, 4, 20, 6, 4, 7, 4, 27, 11, 3]
[60, 4, 4, 4, 4, 4, 4, 4, 4, 4, 4, 4, 3]
[20, 6, 3]
[33, 16, 4, 37, 4, 4, 4, 4, 4, 4, 4, 4, 3]
[46, 4, 8, 5, 4, 37, 4, 4, 4, 4, 4, 4, 4, 4, 4, 4, 3]
[42, 7, 4, 28, 3]
[35, 4, 14, 4, 37, 4, 4, 4, 4, 4, 4, 4, 4, 3]
[124, 103, 4, 14, 4, 4, 4, 4, 4, 3]
[8, 15, 4, 19, 23, 4, 7, 4, 7, 3]
[33, 16, 4, 37, 4, 4, 4, 4, 4, 4, 4, 4, 4, 4, 4, 4, 4, 4, 4, 4, 4, 4, 4, 4, 3]
[6, 11, 6, 10, 4, 4, 4, 4, 3]
[6, 11, 3]
[34, 6, 3]
[8, 5, 4, 19, 23, 4, 4, 4, 4, 3]
[7, 11, 3]
[60, 6, 6, 4, 4, 4, 4, 3]
[20, 4, 8, 5, 4, 7, 4, 3]
[7, 4, 4, 3]
[8, 5, 4, 37, 4, 4, 4, 4, 4, 4, 4, 3]
[20, 6, 4, 4, 3]
[34, 7, 3]
[36, 4, 14, 4, 14, 4, 4, 3]
[33, 16, 4, 19, 5, 4, 6, 4, 6, 6, 6, 3]
[20, 6, 10, 6, 3]
[7, 4, 4, 9, 4, 4, 4, 4, 4, 4, 4, 4, 4, 4, 4, 4, 4, 4, 4, 4, 4, 4, 4, 4, 4, 4, 3]
[8, 5, 4, 19, 23, 4, 4, 4, 3]
[27, 11, 4, 4, 3]
[13, 4, 8, 4, 4, 4, 4, 4, 4, 4, 4, 4, 4, 4, 4, 4, 4, 4, 4, 4, 4, 4, 4, 4, 4, 4, 4, 6, 10, 3]
[34, 7, 3]
[6, 6, 10, 3]
[7, 12, 3]
[42, 7, 3]
[34, 3]
[15, 4, 4, 4, 4, 3]
[5, 4, 4, 12, 3]
[42, 3]
[20, 4, 4, 4, 11, 9, 3]
[8, 5, 4, 37, 4, 4, 4, 3]
[27, 3]
[6, 6, 6, 6, 3]
[6, 11, 6, 6, 6, 3]
[14, 7, 4, 7, 4, 4, 4, 3]
[6, 6, 3]
[7, 11, 3]
[15, 26, 4, 7, 11, 3]
[34, 7, 4, 5, 9, 4, 5, 9, 4, 4, 4, 4, 4, 4, 4, 6, 3]
[27, 11, 4, 4, 4, 4, 4, 3]
[46, 4, 4, 4, 4, 4, 4, 4, 4, 4, 4, 4, 4, 4, 4, 3]
[27, 11, 4, 4, 4, 3]
[35, 4, 14, 4, 37, 4, 4, 4, 4, 4, 4, 4, 4, 4, 6, 3]
[15, 4, 4, 4, 4, 4, 4, 4, 4, 4, 4, 4, 4, 4, 3]
[120, 6, 10, 3]
[42, 3]
[30, 5, 4, 19, 23, 4, 17, 4, 17, 4, 17, 4, 17, 4, 17, 4, 17, 4, 14, 4, 4, 4, 4, 4, 4, 4, 4, 3]
[27, 11, 9, 4, 4, 3]
[33, 16, 4, 5, 9, 4, 4, 4, 4, 4, 4, 4, 4, 4, 4, 4, 6, 3]
[27, 11, 3]
[8, 5, 4, 37, 23, 4, 17, 4, 17, 4, 17, 4, 7, 4, 4, 4, 4, 4, 4, 3]
[36, 26, 4, 7, 4, 4, 4, 4, 4, 4, 4, 4, 4, 4, 3]
[15, 26, 4, 4, 4, 4, 4, 4, 4, 4, 4, 4, 4, 4, 4, 4, 4, 3]
[34, 3]
[6, 6, 6, 3]
[5, 9, 4, 5, 9, 4, 4, 4, 4, 4, 4, 4, 4, 4, 4, 4, 4, 6, 3]
[46, 4, 8, 5, 4, 37, 4, 4, 4, 4, 4, 4, 4, 4, 4, 4, 4, 4, 4, 4, 3]
[33, 16, 4, 14, 4, 14, 4, 4, 4, 4, 4, 4, 4, 4, 4, 3]
[15, 26, 4, 5, 9, 4, 4, 4, 6, 6, 3]
[42, 4, 4, 6, 6, 3]
[33, 16, 4, 37, 4, 4, 4, 4, 4, 4, 4, 4, 4, 4, 4, 4, 3]
[13, 4, 19, 5, 4, 4, 4, 3]
[6, 6, 6, 3]
[15, 26, 4, 5, 9, 4, 5, 9, 4, 7, 4, 4, 4, 4, 4, 4, 3]
[7, 11, 3]
[15, 26, 4, 13, 4, 4, 6, 6, 3]
[36, 26, 4, 7, 4, 4, 4, 4, 4, 4, 4, 4, 4, 4, 4, 4, 3]
[120, 6, 4, 4, 4, 4, 4, 4, 4, 4, 4, 4, 4, 4, 4, 3]
[7, 11, 3]
[27, 11, 9, 4, 28, 3]
[46, 4, 14, 4, 4, 3]
[20, 4, 4, 4, 4, 4, 4, 4, 4, 4, 4, 4, 4, 4, 4, 4, 3]
[6, 6, 3]
[36, 26, 4, 7, 4, 4, 4, 4, 4, 4, 4, 4, 4, 3]
[30, 5, 4, 5, 9, 4, 7, 4, 3]
[27, 11, 9, 4, 8, 5, 4, 17, 4, 14, 7, 4, 7, 3]
[7, 11, 11, 9, 3]
[8, 5, 4, 19, 23, 4, 17, 4, 14, 4, 4, 4, 4, 3]
[8, 15, 4, 19, 23, 4, 4, 4, 4, 4, 4, 4, 4, 4, 4, 4, 4, 4, 4, 4, 4, 4, 3]
[27, 11, 9, 4, 4, 4, 4, 4, 4, 4, 4, 4, 4, 4, 4, 4, 4, 4, 4, 4, 4, 3]
[42, 7, 4, 4, 4, 4, 4, 4, 4, 6, 6, 3]
[30, 4, 4, 11, 9, 3]
[46, 4, 14, 4, 14, 3]
[46, 4, 8, 4, 4, 4, 4, 4, 4, 4, 4, 4, 4, 6, 3]
[34, 11, 9, 4, 4, 4, 6, 3]
[30, 5, 4, 20, 6, 4, 7, 4, 4, 4, 3]
[8, 15, 4, 37, 23, 4, 17, 4, 19, 23, 4, 17, 4, 7, 4, 4, 4, 3]
[6, 6, 4, 4, 3]
[46, 4, 8, 5, 4, 14, 4, 4, 4, 3]
[34, 7, 4, 14, 4, 14, 4, 3]
[15, 26, 4, 7, 4, 4, 4, 4, 3]
[20, 6, 4, 4, 3]
[27, 11, 9, 4, 4, 4, 4, 4, 4, 4, 4, 4, 4, 4, 3]
[8, 5, 4, 37, 4, 4, 4, 4, 4, 4, 4, 4, 4, 4, 4, 4, 3]
[8, 5, 4, 37, 4, 4, 4, 4, 3]
[33, 16, 4, 95, 3]
[27, 11, 4, 3]
[35, 4, 14, 4, 4, 4, 4, 4, 4, 4, 4, 3]
[34, 7, 3]
[60, 57, 4, 8, 3]
[20, 6, 6, 10, 4, 4, 6, 6, 3]
[124, 103, 3]
[20, 6, 10, 4, 3]
[8, 25, 4, 95, 3]
[8, 5, 4, 37, 4, 4, 4, 4, 4, 4, 4, 3]
[124, 103, 4, 8, 4, 4, 4, 4, 4, 4, 4, 4, 4, 4, 3]
[8, 5, 4, 19, 23, 4, 4, 4, 4, 4, 4, 6, 3]
[34, 3]
[8, 15, 4, 37, 23, 4, 17, 4, 19, 23, 4, 17, 4, 13, 4, 7, 4, 4, 4, 4, 4, 4, 6, 3]
[6, 6, 6, 6, 3]
[8, 5, 4, 37, 4, 4, 4, 4, 4, 4, 4, 4, 4, 4, 4, 4, 3]
[124, 103, 4, 4, 6, 3]
[8, 5, 4, 37, 4, 4, 4, 4, 4, 4, 4, 4, 4, 4, 6, 3]
[34, 7, 4, 4, 4, 4, 4, 4, 4, 4, 4, 4, 4, 4, 3]
[15, 4, 7, 4, 4, 4, 6, 3]
[35, 4, 14, 4, 37, 4, 4, 4, 4, 4, 4, 4, 4, 6, 3]
[34, 7, 4, 14, 4, 14, 4, 4, 4, 4, 4, 4, 4, 4, 4, 4, 4, 4, 4, 4, 4, 4, 4, 4, 4, 4, 3]
[7, 4, 4, 4, 4, 3]
[33, 16, 4, 37, 4, 4, 4, 4, 4, 4, 4, 4, 4, 4, 4, 4, 4, 6, 3]
[124, 103, 4, 14, 4, 4, 3]
[96, 7, 11, 9, 4, 4, 4, 6, 3]
[46, 4, 4, 4, 4, 4, 4, 4, 4, 4, 4, 4, 3]
[46, 4, 8, 5, 4, 37, 4, 4, 4, 4, 4, 4, 4, 4, 3]
[124, 103, 4, 28, 3]
[7, 11, 12, 3]
[36, 3]
[35, 4, 14, 4, 37, 4, 4, 4, 4, 4, 3]
[15, 4, 4, 5, 4, 7, 4, 4, 4, 4, 4, 3]
[124, 103, 4, 14, 4, 14, 4, 4, 4, 4, 4, 4, 4, 4, 3]
[34, 3]
[7, 11, 11, 11, 9, 3]
[120, 6, 4, 5, 9, 4, 7, 4, 4, 3]
[8, 5, 4, 37, 4, 4, 4, 4, 4, 4, 3]
[27, 3]
[6, 6, 6, 3]
[14, 4, 4, 4, 4, 4, 4, 4, 4, 4, 4, 4, 4, 4, 4, 4, 3]
[15, 3]
[33, 16, 4, 95, 3]
[34, 7, 3]
[6, 6, 10, 6, 6, 3]
[14, 7, 4, 7, 4, 4, 4, 3]
[46, 4, 4, 4, 4, 4, 4, 3]
[15, 4, 8, 5, 4, 7, 4, 4, 4, 4, 4, 4, 4, 4, 4, 4, 4, 4, 3]
[33, 16, 4, 37, 4, 4, 4, 4, 4, 3]
[6, 6, 3]
[27, 11, 9, 4, 4, 4, 4, 4, 4, 3]
[8, 5, 4, 19, 23, 4, 17, 4, 7, 4, 4, 4, 4, 4, 3]
[15, 4, 14, 4, 4, 4, 4, 3]
[27, 11, 9, 4, 8, 5, 3]
[96, 79, 4, 8, 4, 4, 4, 4, 4, 4, 4, 3]
[15, 26, 4, 7, 4, 4, 4, 4, 4, 4, 4, 4, 4, 4, 4, 4, 3]
[8, 5, 4, 19, 23, 4, 4, 4, 4, 4, 4, 4, 4, 4, 4, 4, 4, 4, 4, 4, 4, 3]
[36, 3]
[27, 11, 4, 4, 6, 3]
[27, 11, 3]
[6, 6, 4, 4, 4, 6, 3]
[8, 5, 4, 37, 23, 4, 4, 4, 4, 4, 4, 4, 4, 4, 4, 4, 4, 3]
[34, 7, 4, 4, 4, 4, 4, 4, 4, 4, 4, 4, 4, 3]
[34, 11, 9, 3]
[33, 16, 4, 8, 5, 4, 37, 4, 4, 4, 4, 3]
[34, 7, 4, 4, 4, 4, 4, 4, 4, 4, 4, 4, 4, 4, 4, 4, 4, 3]
[33, 16, 4, 37, 4, 4, 4, 4, 4, 4, 4, 4, 4, 4, 4, 4, 6, 10, 6, 3]
[15, 4, 5, 9, 4, 5, 9, 4, 5, 9, 4, 7, 4, 4, 4, 4, 3]
[8, 5, 4, 19, 23, 4, 4, 4, 4, 4, 4, 4, 4, 4, 3]
[35, 4, 14, 4, 4, 4, 4, 4, 4, 4, 4, 4, 4, 4, 6, 6, 6, 3]
[20, 6, 3]
[27, 11, 9, 4, 8, 5, 4, 14, 4, 3]
[15, 26, 4, 7, 11, 9, 3]
[46, 4, 8, 4, 4, 4, 4, 4, 4, 4, 4, 4, 4, 4, 4, 4, 4, 4, 3]
[35, 4, 14, 4, 37, 4, 4, 4, 4, 4, 4, 4, 4, 4, 4, 3]
[8, 5, 4, 37, 4, 4, 4, 4, 4, 4, 4, 4, 4, 4, 4, 4, 4, 4, 4, 4, 4, 4, 4, 4, 4, 4, 3]
[27, 11, 9, 4, 4, 4, 4, 4, 4, 4, 4, 4, 4, 4, 4, 4, 4, 3]
[36, 4, 8, 4, 4, 4, 4, 4, 4, 4, 4, 4, 4, 4, 4, 3]
[13, 4, 19, 23, 4, 4, 4, 4, 4, 4, 4, 3]
[27, 3]
[15, 26, 4, 7, 4, 4, 4, 4, 3]
[6, 6, 10, 6, 6, 3]
[8, 15, 4, 19, 23, 4, 17, 4, 20, 6, 4, 7, 4, 27, 11, 9, 3]
[6, 6, 6, 3]
[6, 6, 4, 4, 6, 6, 3]
[8, 15, 4, 19, 23, 4, 17, 4, 20, 6, 4, 7, 4, 4, 4, 4, 4, 4, 6, 10, 3]
[15, 4, 4, 5, 4, 4, 4, 4, 4, 4, 4, 4, 4, 4, 4, 4, 3]
[6, 6, 6, 3]
[6, 6, 10, 4, 4, 4, 3]
[8, 5, 4, 19, 23, 4, 4, 4, 4, 4, 4, 4, 6, 6, 3]
[15, 4, 14, 3]
[46, 4, 8, 5, 4, 37, 4, 4, 4, 4, 4, 4, 4, 4, 4, 4, 4, 4, 3]
[96, 79, 4, 8, 5, 4, 17, 4, 17, 4, 17, 4, 14, 4, 4, 3]
[35, 4, 14, 4, 4, 4, 4, 4, 4, 4, 4, 4, 4, 6, 10, 6, 3]
[124, 103, 4, 8, 4, 4, 4, 4, 4, 3]
[13, 4, 19, 5, 4, 7, 4, 4, 4, 4, 4, 4, 4, 4, 4, 4, 3]
[34, 3]
[34, 7, 4, 3]
[34, 7, 3]
[14, 4, 4, 4, 4, 4, 4, 4, 4, 4, 4, 4, 4, 3]
[35, 4, 14, 4, 37, 4, 4, 4, 4, 4, 4, 4, 4, 4, 4, 4, 4, 4, 6, 10, 3]
[42, 11, 11, 9, 3]
[27, 11, 3]
[14, 4, 14, 7, 3]
[34, 3]
[33, 16, 4, 37, 4, 4, 4, 4, 4, 4, 4, 4, 4, 4, 4, 3]
[120, 6, 4, 5, 9, 4, 5, 9, 4, 7, 4, 4, 4, 4, 4, 4, 4, 4, 4, 4, 4, 4, 4, 4, 4, 4, 4, 4, 4, 3]
[8, 79, 4, 37, 4, 4, 4, 4, 4, 4, 4, 4, 4, 3]
[7, 11, 4, 4, 4, 3]
[8, 5, 4, 19, 23, 4, 17, 4, 7, 4, 4, 4, 4, 4, 4, 4, 4, 4, 4, 4, 4, 4, 3]
[124, 6, 4, 4, 4, 4, 4, 4, 4, 3]
[36, 4, 3]
[30, 5, 4, 20, 6, 4, 7, 3]
[6, 6, 6, 3]
[27, 11, 3]
[27, 3]
[27, 11, 6, 6, 3]
[14, 7, 4, 4, 4, 4, 3]
[20, 6, 4, 4, 4, 4, 4, 6, 3]
[42, 7, 4, 4, 11, 9, 3]
[15, 26, 4, 6, 6, 3]
[33, 16, 4, 4, 4, 4, 4, 4, 4, 4, 4, 4, 4, 4, 4, 4, 4, 3]
[120, 6, 4, 8, 5, 4, 7, 4, 4, 3]
[124, 11, 3]
[34, 7, 4, 5, 9, 4, 5, 9, 4, 7, 4, 4, 4, 3]
[7, 11, 3]
[46, 4, 4, 3]
[36, 4, 8, 4, 4, 4, 4, 4, 4, 4, 4, 4, 4, 4, 4, 4, 4, 4, 4, 4, 4, 4, 3]
[124, 6, 4, 4, 4, 4, 4, 4, 4, 4, 4, 4, 4, 4, 4, 3]
[36, 4, 14, 4, 14, 4, 14, 4, 14, 3]
[5, 4, 4, 4, 4, 4, 4, 4, 4, 4, 4, 4, 4, 4, 4, 4, 4, 4, 4, 3]
[6, 11, 6, 6, 3]
[20, 6, 4, 5, 9, 4, 7, 4, 4, 4, 4, 4, 4, 4, 4, 3]
[15, 26, 4, 13, 4, 4, 4, 4, 4, 4, 4, 4, 4, 4, 3]
[27, 11, 9, 4, 8, 5, 4, 13, 4, 4, 4, 4, 6, 3]
[120, 6, 4, 5, 9, 4, 5, 9, 4, 7, 3]
[42, 7, 4, 4, 6, 3]
[6, 6, 4, 8, 5, 4, 20, 6, 4, 7, 4, 4, 4, 4, 6, 3]
[27, 11, 3]
[30, 4, 8, 5, 4, 37, 4, 4, 4, 4, 4, 4, 3]
[34, 11, 9, 3]
[7, 4, 4, 3]
[6, 6, 6, 3]
[60, 4, 95, 3]
[6, 11, 3]
[46, 4, 8, 5, 4, 4, 4, 3]
[8, 25, 4, 19, 23, 4, 17, 4, 17, 4, 4, 4, 4, 4, 4, 4, 4, 4, 4, 4, 4, 4, 4, 4, 3]
[8, 5, 4, 37, 23, 4, 4, 4, 4, 4, 4, 4, 4, 4, 3]
[34, 7, 3]
[36, 4, 8, 4, 4, 4, 4, 3]
[8, 5, 4, 19, 23, 4, 4, 4, 4, 4, 4, 3]
[27, 11, 9, 4, 5, 9, 4, 4, 4, 4, 4, 4, 4, 4, 4, 4, 4, 4, 4, 4, 4, 4, 4, 4, 4, 3]
[8, 5, 4, 37, 4, 4, 4, 4, 4, 4, 4, 4, 3]
[27, 11, 3]
[7, 11, 3]
[7, 11, 3]
[34, 6, 3]
[27, 3]
[8, 5, 4, 37, 4, 4, 4, 4, 4, 3]
[27, 11, 6, 6, 3]
[27, 3]
[15, 26, 4, 6, 6, 3]
[36, 4, 8, 4, 4, 4, 4, 4, 4, 4, 4, 4, 4, 4, 4, 4, 3]
[33, 16, 4, 7, 4, 4, 4, 4, 6, 3]
[30, 5, 4, 4, 6, 10, 6, 6, 3]
[6, 11, 6, 4, 4, 6, 3]
[34, 11, 9, 3]
[8, 15, 4, 19, 23, 4, 17, 4, 20, 6, 4, 7, 4, 6, 10, 10, 3]
[8, 5, 4, 19, 23, 4, 4, 4, 4, 4, 4, 6, 6, 3]
[34, 7, 4, 4, 4, 4, 4, 4, 6, 6, 3]
[6, 6, 3]
[34, 7, 4, 4, 4, 4, 4, 3]
[27, 11, 9, 4, 8, 5, 4, 4, 4, 4, 4, 4, 4, 4, 4, 4, 4, 4, 3]
[14, 7, 4, 4, 4, 4, 4, 4, 4, 4, 4, 3]
[36, 3]
[35, 4, 14, 4, 14, 4, 4, 4, 4, 4, 4, 4, 4, 4, 4, 4, 4, 4, 4, 4, 4, 4, 4, 3]
[27, 3]
[124, 103, 4, 14, 4, 4, 3]
[6, 3]
[13, 4, 28, 3]
[27, 11, 9, 4, 7, 4, 4, 4, 4, 3]
[36, 4, 8, 5, 4, 7, 4, 4, 4, 4, 4, 4, 4, 4, 4, 4, 4, 4, 4, 4, 4, 4, 4, 3]
[8, 5, 4, 37, 4, 4, 4, 4, 4, 4, 4, 4, 4, 4, 4, 4, 4, 3]
[6, 6, 3]
[34, 7, 4, 4, 4, 4, 4, 4, 4, 4, 4, 4, 4, 4, 4, 4, 4, 3]
[15, 4, 19, 5, 3]
[7, 4, 4, 3]
[8, 5, 4, 37, 4, 4, 4, 4, 4, 4, 4, 4, 4, 3]
[6, 6, 3]
[36, 4, 8, 5, 4, 37, 4, 4, 4, 4, 4, 4, 4, 4, 4, 4, 4, 4, 4, 4, 4, 4, 3]
[46, 4, 14, 3]
[120, 6, 4, 8, 5, 4, 3]
[33, 16, 4, 37, 4, 4, 4, 4, 4, 4, 4, 4, 6, 3]
[8, 5, 4, 37, 4, 4, 4, 4, 4, 3]
[8, 5, 4, 19, 23, 4, 4, 4, 4, 4, 4, 4, 3]
[8, 5, 4, 37, 4, 4, 4, 4, 4, 4, 4, 4, 4, 4, 4, 4, 3]
[33, 16, 4, 37, 4, 4, 4, 4, 4, 3]
[34, 7, 3]
[27, 11, 9, 4, 5, 9, 4, 5, 9, 4, 5, 9, 4, 5, 9, 3]
[34, 7, 4, 5, 9, 4, 5, 9, 4, 7, 4, 4, 4, 3]
[27, 11, 9, 3]
[6, 6, 4, 4, 4, 4, 4, 4, 3]
[8, 5, 4, 19, 5, 4, 7, 4, 4, 4, 4, 4, 4, 3]
[7, 3]
[5, 9, 4, 4, 4, 4, 6, 3]
[46, 4, 8, 5, 4, 37, 4, 4, 4, 4, 4, 3]
[6, 6, 6, 6, 3]
[124, 11, 6, 10, 4, 4, 4, 4, 4, 4, 4, 4, 3]
[6, 6, 6, 6, 4, 4, 6, 6, 3]
[27, 11, 9, 3]
[34, 7, 4, 14, 4, 14, 4, 4, 4, 4, 4, 3]
[90, 4, 14, 3]
[124, 11, 4, 4, 12, 3]
[124, 11, 3]
[15, 4, 14, 4, 4, 3]
[46, 4, 8, 5, 4, 37, 4, 4, 4, 4, 4, 27, 11, 9, 3]
[5, 4, 4, 4, 4, 4, 4, 4, 4, 6, 3]
[8, 15, 4, 19, 23, 4, 17, 4, 20, 6, 4, 7, 4, 7, 4, 4, 4, 4, 4, 4, 4, 4, 4, 4, 4, 4, 4, 3]
[6, 6, 3]
[7, 11, 3]
[15, 4, 4, 12, 3]
[124, 103, 4, 4, 4, 4, 4, 4, 4, 4, 4, 4, 4, 4, 4, 4, 4, 4, 3]
[96, 7, 4, 5, 9, 4, 7, 4, 4, 4, 4, 4, 4, 4, 4, 4, 3]
[33, 16, 4, 37, 4, 4, 4, 4, 4, 4, 4, 4, 4, 4, 3]
[124, 11, 3]
[20, 6, 4, 4, 4, 4, 6, 6, 3]
[7, 11, 3]
[7, 11, 3]
[30, 5, 4, 5, 9, 4, 4, 4, 4, 3]
[46, 4, 14, 3]
[27, 11, 6, 10, 6, 3]
[46, 4, 8, 5, 4, 37, 4, 4, 4, 4, 4, 4, 4, 3]
[46, 4, 4, 4, 4, 4, 4, 4, 4, 4, 4, 6, 6, 3]
[7, 11, 6, 3]
[27, 11, 9, 4, 4, 4, 4, 3]
[20, 4, 4, 4, 4, 4, 4, 4, 4, 3]
[15, 26, 4, 5, 9, 4, 4, 4, 4, 4, 4, 6, 3]
[27, 11, 3]
[6, 6, 6, 3]
[5, 4, 4, 4, 3]
[6, 11, 4, 8, 5, 4, 37, 4, 4, 4, 4, 4, 4, 4, 4, 4, 4, 4, 4, 4, 4, 4, 3]
[46, 4, 14, 3]
[33, 16, 4, 37, 4, 4, 4, 4, 4, 4, 4, 4, 4, 3]
[6, 11, 6, 6, 3]
[20, 6, 4, 5, 9, 4, 5, 9, 4, 4, 4, 4, 4, 4, 4, 4, 4, 4, 3]
[6, 3]
[120, 6, 4, 4, 6, 6, 3]
[20, 6, 4, 4, 4, 4, 4, 4, 4, 4, 4, 4, 4, 3]
[33, 16, 4, 5, 9, 4, 4, 4, 6, 3]
[27, 11, 3]
[33, 16, 4, 95, 3]
[20, 6, 3]
[124, 3]
[5, 9, 4, 5, 9, 4, 5, 9, 4, 5, 9, 4, 6, 3]
[6, 6, 6, 6, 3]
[35, 4, 14, 4, 37, 4, 4, 4, 4, 4, 4, 4, 3]
[6, 10, 3]
[42, 11, 4, 4, 4, 3]
[7, 11, 11, 4, 4, 4, 4, 4, 6, 6, 6, 3]
[124, 3]
[8, 5, 4, 37, 4, 4, 4, 4, 3]
[6, 6, 4, 4, 3]
[7, 3]
[8, 5, 4, 19, 23, 4, 4, 4, 4, 4, 4, 4, 3]
[8, 5, 4, 37, 4, 4, 4, 4, 4, 4, 4, 11, 3]
[15, 26, 4, 14, 4, 4, 4, 4, 4, 3]
[34, 7, 4, 4, 6, 3]
[34, 7, 11, 3]
[6, 6, 3]
[15, 4, 14, 4, 4, 4, 4, 4, 4, 3]
[36, 4, 8, 4, 4, 4, 4, 4, 4, 4, 4, 4, 4, 4, 4, 4, 4, 6, 3]
[15, 4, 4, 6, 6, 3]
[15, 4, 14, 4, 14, 4, 4, 4, 4, 4, 4, 4, 4, 4, 4, 4, 4, 4, 4, 4, 4, 4, 4, 4, 3]
[124, 3]
[27, 11, 9, 4, 8, 5, 4, 13, 4, 4, 4, 4, 4, 4, 4, 4, 3]
[20, 6, 4, 4, 4, 4, 3]
[6, 6, 6, 6, 6, 4, 4, 6, 3]
[20, 6, 4, 5, 9, 4, 5, 9, 3]
[30, 5, 4, 8, 4, 4, 4, 4, 4, 4, 4, 4, 4, 3]
[8, 5, 4, 19, 6, 4, 4, 4, 4, 4, 4, 4, 4, 4, 3]
[7, 4, 4, 4, 4, 4, 4, 4, 4, 4, 4, 4, 3]
[42, 4, 4, 6, 6, 6, 3]
[46, 4, 8, 5, 4, 37, 4, 4, 4, 4, 4, 4, 4, 4, 4, 3]
[42, 16, 3]
[6, 6, 3]
[15, 4, 14, 3]
[27, 11, 3]
[7, 11, 11, 6, 3]
[34, 7, 4, 14, 4, 14, 4, 4, 4, 4, 4, 4, 4, 4, 4, 4, 4, 4, 4, 3]
[6, 3]
[5, 4, 4, 4, 4, 4, 4, 4, 4, 4, 6, 3]
[35, 4, 14, 4, 37, 4, 4, 4, 4, 4, 4, 6, 3]
[6, 10, 3]
[27, 11, 9, 4, 4, 4, 4, 4, 4, 4, 4, 4, 4, 4, 4, 4, 4, 3]
[34, 7, 4, 4, 6, 6, 3]
[8, 15, 4, 19, 23, 4, 4, 4, 4, 4, 4, 4, 4, 4, 4, 6, 10, 3]
[15, 26, 4, 5, 9, 4, 4, 4, 4, 4, 4, 4, 4, 4, 4, 4, 4, 4, 3]
[46, 4, 14, 4, 4, 3]
[6, 6, 4, 4, 4, 4, 4, 4, 4, 4, 3]
[8, 5, 4, 19, 23, 4, 4, 4, 6, 3]
[8, 5, 4, 37, 4, 4, 3]
[124, 103, 4, 14, 4, 4, 4, 4, 4, 3]
[27, 11, 9, 4, 4, 4, 4, 4, 4, 4, 4, 4, 4, 4, 4, 4, 4, 4, 4, 4, 4, 4, 4, 3]
[5, 9, 4, 5, 9, 4, 5, 9, 4, 5, 9, 4, 7, 3]
[7, 3]
[6, 6, 10, 4, 4, 4, 6, 3]
[8, 15, 4, 19, 23, 4, 17, 4, 19, 23, 4, 17, 4, 7, 4, 27, 11, 3]
[6, 6, 4, 4, 4, 3]
[34, 7, 11, 3]
[46, 4, 8, 4, 4, 4, 4, 4, 4, 4, 4, 4, 4, 4, 4, 4, 4, 4, 4, 4, 4, 4, 4, 3]
[15, 26, 4, 7, 3]
[87, 3]
[34, 6, 3]
[34, 7, 3]
[8, 5, 4, 19, 23, 4, 4, 6, 6, 3]
[8, 15, 4, 19, 23, 4, 17, 4, 20, 6, 4, 7, 4, 4, 4, 4, 4, 4, 6, 10, 3]
[15, 4, 5, 9, 4, 5, 9, 4, 4, 6, 3]
[36, 4, 14, 4, 4, 3]
[8, 5, 4, 19, 23, 4, 4, 4, 4, 4, 4, 4, 4, 4, 3]
[15, 26, 4, 5, 9, 4, 5, 9, 4, 7, 4, 7, 3]
[6, 6, 10, 4, 6, 6, 3]
[27, 11, 6, 6, 6, 3]
[7, 11, 4, 4, 4, 4, 4, 4, 4, 3]
[42, 7, 4, 5, 9, 4, 5, 9, 4, 4, 4, 4, 4, 4, 4, 4, 4, 6, 6, 3]
[8, 5, 4, 19, 23, 4, 4, 4, 4, 4, 4, 4, 4, 4, 4, 4, 4, 4, 4, 6, 10, 3]
[27, 3]
[46, 4, 8, 5, 4, 19, 23, 4, 4, 4, 3]
[8, 5, 4, 37, 4, 4, 4, 4, 4, 4, 4, 4, 4, 4, 4, 4, 4, 4, 3]
[6, 11, 11, 4, 4, 4, 4, 6, 6, 6, 3]
[8, 5, 4, 37, 4, 4, 4, 4, 4, 4, 4, 4, 4, 4, 3]
[27, 3]
[20, 6, 10, 6, 3]
[6, 6, 3]
[35, 4, 14, 4, 14, 4, 14, 4, 4, 4, 4, 3]
[14, 4, 4, 4, 4, 4, 4, 4, 4, 4, 4, 4, 4, 4, 3]
[6, 11, 4, 4, 4, 4, 3]
[15, 4, 14, 4, 14, 3]
[20, 6, 4, 4, 6, 3]
[8, 5, 4, 19, 5, 4, 6, 4, 4, 4, 4, 4, 4, 4, 4, 4, 4, 4, 4, 3]
[34, 7, 3]
[27, 11, 3]
[8, 5, 4, 19, 5, 4, 6, 4, 4, 4, 4, 4, 4, 4, 4, 4, 4, 4, 4, 4, 6, 3]
[42, 16, 3]
[87, 3]
[8, 5, 4, 37, 4, 4, 4, 4, 4, 4, 4, 4, 4, 4, 4, 4, 3]
[15, 4, 14, 4, 4, 4, 4, 4, 4, 4, 4, 6, 6, 3]
[33, 16, 4, 5, 9, 4, 7, 4, 4, 3]
[34, 7, 4, 4, 6, 6, 3]
[8, 5, 4, 19, 5, 4, 6, 4, 4, 4, 6, 3]
[7, 11, 3]
[8, 5, 4, 19, 23, 4, 4, 4, 4, 4, 4, 4, 4, 4, 4, 6, 6, 3]
[36, 4, 4, 4, 4, 4, 4, 4, 4, 4, 4, 4, 6, 3]
[27, 11, 11, 9, 3]
[8, 15, 4, 37, 4, 4, 4, 4, 4, 4, 4, 6, 3]
[15, 4, 14, 3]
[120, 6, 4, 8, 4, 14, 4, 4, 4, 4, 4, 4, 4, 4, 3]
[15, 4, 14, 4, 95, 3]
[36, 4, 14, 4, 4, 4, 4, 4, 6, 6, 3]
[20, 6, 4, 4, 4, 4, 4, 4, 4, 4, 4, 4, 4, 4, 4, 4, 6, 10, 3]
[124, 11, 3]
[8, 5, 4, 19, 23, 4, 4, 4, 4, 4, 4, 4, 4, 6, 6, 3]
[20, 6, 6, 3]
[13, 4, 8, 4, 4, 4, 4, 4, 4, 4, 4, 4, 4, 4, 3]
[15, 26, 4, 6, 6, 3]
[124, 103, 3]
[27, 11, 9, 4, 5, 9, 4, 4, 3]
[7, 11, 3]
[35, 4, 14, 4, 37, 4, 4, 4, 4, 4, 4, 4, 4, 4, 4, 4, 4, 3]
[27, 11, 3]
[42, 11, 3]
[60, 57, 4, 5, 9, 4, 7, 4, 4, 4, 4, 4, 4, 3]
[27, 11, 3]
[27, 11, 4, 4, 4, 4, 4, 4, 4, 4, 6, 3]
[30, 5, 4, 5, 9, 4, 4, 4, 4, 4, 4, 4, 4, 4, 4, 4, 4, 3]
[34, 11, 9, 4, 4, 4, 3]
[8, 5, 4, 19, 5, 4, 7, 4, 4, 4, 4, 4, 4, 4, 3]
[6, 6, 4, 4, 6, 3]
[8, 5, 4, 19, 23, 4, 4, 4, 4, 4, 4, 4, 4, 4, 3]
[6, 11, 6, 10, 3]
[46, 4, 14, 4, 4, 4, 4, 4, 3]
[7, 11, 11, 6, 3]
[46, 4, 8, 5, 4, 19, 23, 4, 7, 4, 3]
[5, 4, 4, 4, 6, 6, 6, 3]
[8, 5, 4, 19, 23, 4, 4, 4, 4, 4, 4, 4, 4, 4, 4, 4, 4, 3]
[8, 15, 4, 37, 23, 4, 17, 4, 37, 4, 4, 4, 4, 4, 4, 4, 3]
[124, 11, 3]
[15, 26, 4, 5, 9, 4, 4, 4, 4, 4, 4, 4, 4, 6, 3]
[42, 6, 4, 4, 4, 6, 3]
[14, 7, 4, 4, 3]
[8, 5, 4, 19, 23, 4, 4, 4, 4, 4, 4, 4, 4, 4, 3]
[15, 4, 14, 4, 14, 4, 4, 4, 4, 4, 4, 3]
[20, 6, 10, 3]
[8, 5, 4, 19, 23, 4, 4, 4, 4, 4, 6, 6, 3]
[20, 6, 4, 5, 9, 4, 4, 4, 4, 4, 4, 4, 4, 4, 4, 6, 10, 3]
[96, 79, 4, 8, 4, 4, 4, 4, 4, 4, 4, 4, 3]
[46, 4, 14, 4, 4, 3]
[34, 7, 4, 14, 4, 4, 4, 4, 4, 3]
[15, 4, 28, 3]
[6, 6, 3]
[5, 4, 4, 4, 4, 4, 4, 4, 4, 4, 3]
[120, 6, 4, 4, 4, 4, 4, 4, 4, 4, 4, 4, 3]
[6, 6, 6, 4, 4, 4, 4, 4, 4, 4, 4, 4, 3]
[8, 5, 4, 95, 3]
[7, 4, 4, 4, 3]
[120, 6, 4, 8, 5, 4, 7, 4, 4, 3]
[124, 11, 4, 4, 3]
[96, 79, 4, 4, 4, 4, 4, 4, 4, 4, 4, 4, 4, 4, 6, 3]
[34, 3]
[27, 11, 9, 4, 8, 5, 4, 19, 5, 53, 3]
[8, 5, 4, 19, 23, 4, 4, 4, 4, 4, 4, 4, 3]
[124, 103, 3]
[34, 7, 4, 4, 3]
[36, 3]
[6, 11, 4, 4, 3]
[7, 11, 4, 4, 4, 4, 6, 6, 3]
[20, 6, 10, 6, 3]
[30, 5, 4, 7, 4, 4, 4, 4, 4, 4, 4, 4, 4, 4, 4, 4, 4, 4, 3]
[34, 7, 3]
[8, 5, 4, 19, 23, 4, 4, 4, 4, 4, 4, 3]
[42, 7, 4, 4, 6, 3]
[120, 6, 4, 8, 5, 4, 3]
[96, 79, 4, 19, 23, 4, 4, 4, 4, 4, 4, 4, 6, 6, 6, 3]
[6, 6, 6, 3]
[34, 3]
[7, 4, 14, 3]
[7, 11, 4, 4, 4, 3]
[60, 79, 4, 19, 23, 4, 7, 3]
[8, 25, 4, 95, 3]
[35, 4, 14, 4, 14, 4, 4, 4, 4, 4, 4, 4, 4, 3]
[34, 7, 4, 4, 4, 4, 4, 4, 4, 4, 4, 4, 4, 3]
[7, 11, 9, 4, 8, 5, 4, 17, 4, 14, 4, 4, 4, 4, 3]
[6, 6, 4, 4, 4, 4, 4, 3]
[20, 6, 4, 3]
[6, 6, 4, 4, 4, 3]
[124, 3]
[20, 6, 10, 10, 3]
[7, 11, 9, 4, 4, 4, 3]
[6, 6, 6, 6, 3]
[27, 11, 9, 3]
[96, 16, 4, 19, 23, 4, 4, 4, 4, 4, 4, 4, 6, 3]
[6, 6, 6, 6, 3]
[90, 4, 14, 4, 4, 4, 4, 4, 4, 4, 4, 4, 4, 4, 4, 3]
[13, 4, 19, 23, 4, 4, 4, 4, 4, 4, 4, 4, 4, 4, 4, 4, 4, 6, 3]
[34, 7, 3]
[6, 11, 44, 6, 3]
[35, 4, 14, 4, 14, 4, 4, 4, 4, 4, 3]
[34, 103, 3]
[15, 26, 4, 13, 4, 4, 4, 4, 4, 4, 4, 4, 3]
[36, 4, 4, 6, 4, 4, 4, 4, 4, 4, 4, 4, 4, 4, 3]
[46, 4, 8, 5, 4, 19, 23, 4, 4, 4, 4, 4, 4, 4, 4, 4, 3]
[7, 6, 4, 4, 4, 4, 4, 4, 4, 4, 4, 4, 4, 4, 4, 3]
[15, 4, 7, 3]
[15, 4, 4, 12, 3]
[34, 7, 3]
[27, 11, 3]
[6, 6, 6, 3]
[20, 6, 4, 4, 6, 3]
[15, 4, 5, 9, 4, 4, 4, 4, 4, 4, 4, 4, 4, 4, 4, 4, 4, 4, 4, 3]
[7, 11, 12, 3]
[36, 4, 4, 6, 10, 6, 3]
[35, 4, 4, 4, 4, 4, 4, 4, 4, 3]
[8, 15, 4, 19, 23, 4, 4, 4, 4, 4, 3]
[8, 5, 4, 37, 4, 4, 4, 4, 4, 4, 4, 4, 4, 4, 4, 4, 4, 4, 4, 3]
[6, 6, 6, 4, 4, 4, 4, 4, 4, 4, 4, 4, 4, 6, 6, 3]
[8, 5, 4, 37, 4, 4, 4, 4, 4, 4, 4, 4, 4, 4, 4, 4, 4, 4, 4, 4, 4, 4, 3]
[6, 6, 10, 4, 4, 4, 4, 3]
[6, 6, 4, 4, 6, 3]
[5, 9, 4, 5, 9, 4, 5, 9, 4, 5, 9, 4, 5, 9, 4, 5, 9, 3]
[36, 4, 8, 5, 4, 7, 4, 4, 4, 4, 4, 4, 4, 4, 4, 4, 4, 4, 4, 4, 4, 4, 4, 3]
[46, 4, 14, 3]
[8, 25, 4, 14, 4, 4, 4, 4, 4, 4, 4, 4, 3]
[15, 4, 14, 4, 4, 4, 4, 4, 4, 4, 4, 6, 6, 3]
[8, 5, 4, 37, 4, 4, 4, 4, 4, 4, 3]
[42, 4, 4, 4, 4, 4, 3]
[15, 4, 5, 9, 4, 4, 4, 4, 4, 4, 4, 4, 4, 4, 4, 6, 3]
[87, 3]
[5, 4, 4, 4, 4, 4, 6, 3]
[36, 26, 4, 8, 4, 4, 4, 4, 4, 4, 3]
[27, 11, 9, 4, 28, 3]
[33, 16, 4, 37, 4, 4, 4, 4, 4, 4, 4, 4, 4, 4, 4, 4, 4, 4, 4, 4, 4, 4, 4, 4, 4, 3]
[124, 11, 3]
[7, 11, 4, 4, 4, 4, 3]
[42, 7, 3]
[7, 12, 3]
[8, 5, 4, 37, 4, 4, 4, 4, 3]
[15, 26, 4, 8, 5, 4, 8, 5, 4, 7, 4, 4, 3]
[35, 4, 14, 4, 37, 4, 4, 4, 4, 4, 4, 4, 4, 4, 6, 10, 6, 3]
[7, 11, 3]
[8, 79, 4, 37, 4, 4, 4, 4, 4, 3]
[124, 26, 4, 4, 4, 4, 4, 4, 4, 4, 4, 4, 4, 4, 4, 4, 4, 4, 4, 4, 4, 4, 4, 4, 4, 3]
[15, 26, 4, 13, 4, 4, 6, 6, 3]
[6, 6, 6, 3]
[8, 5, 4, 19, 5, 4, 6, 4, 4, 4, 4, 4, 4, 4, 6, 3]
[42, 3]
[8, 5, 4, 19, 23, 4, 4, 4, 4, 4, 4, 4, 4, 4, 4, 4, 4, 4, 3]
[35, 4, 14, 4, 14, 4, 4, 4, 4, 4, 4, 3]
[36, 3]
[27, 11, 9, 4, 5, 9, 4, 4, 4, 4, 4, 4, 4, 4, 4, 4, 4, 4, 4, 3]
[6, 11, 12, 3]
[34, 7, 4, 4, 4, 4, 4, 4, 4, 4, 4, 4, 3]
[15, 26, 4, 13, 4, 4, 4, 4, 4, 4, 4, 4, 4, 4, 6, 10, 3]
[14, 7, 4, 4, 11, 9, 3]
[8, 5, 4, 19, 23, 4, 4, 4, 4, 4, 4, 4, 4, 4, 4, 3]
[20, 6, 3]
[7, 11, 9, 4, 4, 4, 4, 6, 6, 3]
[8, 5, 4, 19, 23, 4, 4, 4, 4, 4, 4, 6, 3]
[30, 5, 4, 19, 6, 3]
[8, 15, 4, 19, 23, 4, 17, 4, 19, 23, 4, 17, 4, 13, 4, 4, 6, 10, 3]
[27, 11, 3]
[35, 4, 14, 4, 4, 4, 4, 4, 4, 4, 4, 4, 4, 4, 4, 4, 4, 3]
[34, 7, 4, 4, 4, 3]
[7, 11, 4, 4, 4, 4, 3]
[6, 11, 6, 6, 3]
[96, 79, 5, 4, 19, 23, 4, 17, 4, 20, 6, 4, 7, 4, 4, 4, 4, 4, 4, 4, 4, 4, 4, 4, 4, 4, 4, 4, 4, 4, 4, 4, 3]
[20, 6, 3]
[35, 4, 14, 4, 4, 4, 4, 4, 6, 3]
[6, 6, 4, 4, 4, 6, 6, 3]
[8, 79, 4, 37, 4, 4, 4, 3]
[20, 6, 10, 6, 6, 3]
[27, 11, 3]
[42, 4, 4, 4, 4, 4, 3]
[13, 4, 5, 9, 4, 5, 9, 4, 6, 6, 3]
[33, 16, 4, 37, 4, 4, 4, 4, 4, 4, 4, 4, 3]
[124, 11, 9, 4, 4, 4, 3]
[20, 6, 3]
[20, 6, 4, 8, 4, 4, 4, 4, 4, 4, 4, 4, 4, 4, 4, 4, 3]
[36, 4, 4, 6, 4, 4, 4, 4, 4, 4, 4, 4, 4, 3]
[6, 11, 6, 6, 6, 3]
[96, 79, 4, 19, 23, 4, 17, 4, 13, 4, 4, 4, 4, 4, 6, 3]
[34, 7, 4, 4, 4, 3]
[87, 3]
[27, 11, 3]
[7, 4, 4, 4, 4, 4, 4, 4, 4, 4, 4, 4, 4, 6, 3]
[30, 5, 4, 7, 4, 4, 4, 4, 4, 4, 4, 4, 4, 4, 4, 4, 4, 4, 4, 4, 3]
[27, 11, 9, 3]
[36, 4, 8, 4, 4, 4, 4, 4, 4, 4, 4, 3]
[6, 6, 10, 4, 4, 4, 6, 3]
[7, 6, 4, 4, 4, 4, 4, 3]
[96, 79, 4, 19, 23, 4, 17, 4, 7, 4, 27, 11, 3]
[27, 11, 9, 3]
[90, 4, 14, 3]
[6, 6, 6, 4, 4, 4, 4, 4, 4, 4, 4, 4, 4, 4, 4, 4, 4, 4, 4, 4, 4, 4, 4, 4, 3]
[8, 79, 4, 37, 4, 4, 4, 4, 4, 4, 4, 4, 4, 4, 4, 4, 4, 3]
[7, 11, 4, 4, 4, 3]
[7, 4, 4, 4, 4, 4, 4, 4, 3]
[33, 16, 4, 19, 5, 4, 27, 3]
[30, 4, 4, 4, 4, 4, 4, 4, 4, 6, 6, 3]
[8, 5, 4, 19, 23, 4, 4, 4, 4, 4, 4, 4, 6, 3]
[124, 3]
[20, 6, 3]
[13, 4, 8, 5, 4, 13, 4, 4, 4, 4, 4, 4, 4, 4, 3]
[27, 11, 9, 4, 4, 4, 4, 4, 4, 4, 4, 4, 4, 4, 4, 4, 4, 4, 3]
[7, 4, 4, 4, 4, 4, 4, 4, 4, 4, 4, 4, 4, 3]
[15, 4, 19, 5, 53, 3]
[8, 15, 4, 37, 23, 4, 17, 4, 17, 4, 17, 4, 7, 4, 4, 4, 3]
[5, 9, 4, 5, 9, 4, 4, 4, 4, 4, 4, 4, 3]
[27, 11, 3]
[27, 11, 3]
[20, 6, 4, 4, 6, 6, 3]
[34, 7, 4, 5, 9, 4, 4, 4, 4, 4, 4, 4, 4, 4, 3]
[42, 3]
[35, 4, 14, 4, 4, 4, 4, 4, 4, 4, 4, 4, 4, 4, 6, 6, 3]
[36, 4, 4, 4, 4, 4, 4, 4, 4, 4, 4, 4, 3]
[6, 11, 6, 6, 3]
[8, 5, 4, 37, 4, 4, 4, 4, 4, 4, 4, 4, 4, 4, 4, 4, 4, 6, 10, 3]
[8, 5, 4, 37, 23, 4, 4, 4, 4, 4, 4, 4, 4, 4, 4, 4, 4, 4, 4, 4, 4, 4, 4, 4, 4, 4, 4, 4, 4, 4, 4, 4, 4, 4, 4, 4, 4, 4, 4, 4, 4, 4, 4, 4, 4, 4, 4, 4, 4, 4, 4, 4, 4, 4, 4, 4, 4, 4, 4, 4, 4, 4, 4, 4, 4, 4, 4, 4, 4, 4, 4, 4, 4, 4, 4, 4, 4, 4, 4, 4, 4, 4, 4, 4, 4, 4, 4, 4, 4, 4, 4, 4, 4, 4, 4, 4, 4, 4, 4, 4]
[27, 11, 9, 6, 4, 4, 4, 4, 4, 4, 4, 3]
[6, 6, 10, 3]
[15, 4, 7, 4, 4, 4, 4, 3]
[36, 26, 4, 7, 4, 4, 4, 4, 4, 3]
[34, 7, 11, 3]
[8, 5, 4, 37, 4, 4, 4, 4, 4, 4, 4, 4, 4, 4, 4, 4, 4, 4, 3]
[20, 6, 3]
[124, 11, 3]
[8, 79, 4, 37, 4, 4, 4, 4, 4, 4, 4, 4, 4, 4, 4, 4, 4, 4, 4, 4, 4, 4, 3]
[7, 4, 4, 4, 4, 4, 3]
[34, 7, 3]
[33, 16, 4, 19, 5, 4, 6, 4, 4, 4, 4, 4, 4, 4, 4, 4, 4, 4, 4, 3]
[34, 7, 3]
[20, 6, 6, 3]
[33, 16, 4, 19, 23, 4, 6, 6, 6, 3]
[8, 5, 4, 19, 5, 4, 6, 4, 7, 4, 4, 4, 4, 4, 4, 4, 4, 4, 3]
[124, 6, 4, 3]
[6, 6, 4, 4, 4, 4, 4, 6, 6, 3]
[124, 103, 4, 14, 4, 14, 4, 4, 3]
[8, 5, 4, 37, 4, 4, 4, 4, 4, 4, 4, 4, 4, 4, 4, 4, 4, 4, 4, 4, 3]
[27, 11, 9, 4, 4, 4, 3]
[7, 4, 4, 3]
[34, 7, 3]
[36, 4, 14, 4, 14, 4, 14, 4, 4, 4, 4, 3]
[27, 11, 9, 3]
[46, 4, 8, 4, 4, 11, 9, 3]
[6, 6, 6, 6, 6, 3]
[30, 5, 4, 20, 6, 4, 4, 4, 4, 4, 4, 4, 4, 4, 4, 4, 3]
[34, 7, 4, 14, 4, 14, 3]
[7, 11, 11, 9, 3]
[8, 5, 4, 19, 23, 4, 4, 4, 4, 4, 4, 4, 4, 4, 4, 4, 4, 3]
[15, 4, 4, 4, 4, 4, 4, 4, 3]
[20, 6, 4, 5, 9, 4, 5, 9, 4, 5, 9, 3]
[15, 4, 7, 4, 4, 4, 4, 4, 4, 4, 4, 4, 3]
[124, 103, 4, 8, 4, 4, 4, 4, 4, 4, 4, 4, 4, 3]
[124, 103, 4, 14, 4, 4, 3]
[124, 3]
[8, 5, 4, 19, 23, 4, 4, 4, 4, 4, 4, 6, 6, 3]
[8, 5, 4, 19, 5, 4, 6, 4, 4, 6, 3]
[42, 3]
[6, 6, 6, 3]
[7, 11, 11, 10, 3]
[46, 4, 8, 5, 4, 19, 23, 4, 4, 4, 4, 4, 4, 4, 4, 3]
[33, 16, 4, 7, 4, 4, 4, 4, 4, 6, 6, 3]
[35, 4, 14, 4, 14, 4, 4, 4, 4, 11, 9, 3]
[6, 6, 6, 6, 3]
[120, 6, 4, 8, 4, 14, 4, 4, 4, 4, 3]
[7, 4, 4, 4, 4, 4, 4, 4, 4, 4, 4, 3]
[13, 4, 19, 6, 4, 4, 4, 4, 4, 4, 4, 4, 4, 4, 4, 4, 4, 4, 4, 4, 4, 4, 4, 4, 4, 4, 4, 3]
[6, 11, 4, 4, 4, 6, 6, 3]
[8, 5, 4, 37, 4, 4, 4, 4, 4, 4, 4, 4, 4, 4, 4, 4, 4, 4, 4, 3]
[8, 5, 4, 37, 4, 4, 4, 4, 4, 4, 4, 4, 4, 4, 4, 4, 4, 4, 4, 4, 4, 4, 4, 3]
[34, 7, 4, 5, 9, 4, 5, 9, 4, 6, 3]
[27, 11, 9, 3]
[8, 5, 4, 19, 5, 4, 7, 4, 4, 4, 4, 4, 4, 3]
[6, 6, 6, 10, 4, 4, 6, 6, 3]
[8, 5, 4, 19, 23, 4, 4, 4, 4, 4, 4, 3]
[42, 11, 3]
[6, 6, 10, 4, 4, 6, 3]
[87, 3]
[90, 4, 14, 4, 4, 4, 4, 4, 4, 4, 4, 4, 4, 4, 4, 4, 4, 4, 4, 4, 3]
[27, 11, 3]
[96, 79, 4, 19, 4, 4, 4, 4, 4, 4, 4, 4, 4, 4, 3]
[27, 3]
[27, 11, 9, 3]
[15, 4, 14, 4, 4, 4, 4, 4, 4, 4, 4, 4, 4, 4, 4, 4, 4, 4, 4, 4, 4, 4, 3]
[14, 7, 4, 4, 4, 4, 4, 4, 4, 4, 4, 4, 3]
[15, 4, 4, 4, 4, 4, 4, 4, 4, 4, 4, 4, 3]
[124, 11, 9, 3]
[6, 12, 3]
[15, 4, 4, 4, 6, 3]
[36, 4, 4, 3]
[8, 5, 4, 37, 4, 4, 4, 4, 4, 4, 4, 4, 4, 4, 3]
[7, 4, 4, 4, 4, 4, 4, 3]
[34, 7, 3]
[34, 7, 4, 4, 4, 4, 4, 4, 4, 4, 4, 3]
[8, 15, 4, 19, 23, 4, 17, 4, 19, 23, 4, 4, 4, 3]
[8, 25, 4, 8, 4, 4, 4, 3]
[96, 7, 4, 4, 4, 4, 4, 4, 4, 4, 4, 4, 4, 6, 3]
[34, 7, 3]
[34, 7, 3]
[20, 6, 3]
[7, 11, 6, 3]
[34, 7, 11, 9, 3]
[34, 7, 3]
[20, 6, 4, 14, 3]
[34, 5, 3]
[35, 4, 14, 4, 14, 4, 4, 3]
[13, 4, 5, 9, 4, 5, 9, 4, 7, 4, 4, 4, 4, 3]
[34, 7, 4, 4, 4, 4, 4, 4, 4, 4, 4, 4, 3]
[124, 103, 4, 4, 4, 4, 4, 4, 4, 4, 4, 4, 3]
[20, 6, 10, 3]
[27, 11, 9, 4, 4, 4, 3]
[27, 11, 9, 4, 4, 4, 3]
[34, 7, 4, 4, 4, 4, 4, 4, 4, 6, 6, 3]
[34, 3]
[46, 4, 28, 3]
[15, 4, 4, 4, 4, 4, 4, 4, 4, 4, 4, 4, 4, 4, 4, 4, 4, 4, 4, 4, 4, 4, 3]
[8, 79, 4, 37, 4, 4, 4, 4, 4, 4, 4, 4, 4, 4, 4, 4, 4, 4, 3]
[33, 16, 4, 5, 9, 4, 7, 3]
[5, 9, 4, 5, 9, 4, 6, 3]
[6, 6, 6, 4, 4, 4, 3]
[6, 6, 3]
[46, 3]
[15, 4, 14, 4, 4, 4, 4, 4, 4, 3]
[30, 5, 4, 7, 4, 4, 4, 4, 4, 4, 4, 3]
[35, 4, 14, 4, 4, 4, 4, 4, 4, 4, 4, 4, 4, 6, 10, 3]
[15, 26, 4, 6, 6, 6, 6, 3]
[15, 4, 7, 3]
[34, 3]
[36, 4, 14, 3]
[8, 5, 4, 19, 4, 4, 4, 4, 4, 4, 4, 4, 4, 6, 3]
[120, 6, 4, 14, 4, 4, 3]
[6, 6, 6, 3]
[7, 4, 4, 4, 4, 4, 4, 4, 4, 4, 4, 4, 4, 4, 4, 4, 4, 4, 4, 4, 4, 4, 4, 4, 4, 4, 4, 4, 4, 3]
[7, 4, 4, 4, 4, 4, 4, 4, 4, 4, 4, 4, 4, 4, 4, 4, 4, 4, 3]
[20, 6, 10, 3]
[7, 4, 4, 4, 4, 4, 4, 4, 4, 4, 3]
[7, 11, 3]
[36, 4, 14, 4, 4, 4, 4, 4, 6, 6, 3]
[36, 4, 14, 4, 14, 4, 4, 4, 4, 4, 4, 3]
[35, 4, 14, 4, 4, 4, 4, 4, 4, 4, 3]
[42, 7, 4, 4, 4, 3]
[27, 3]
[27, 11, 9, 4, 4, 4, 6, 3]
[34, 3]
[6, 6, 4, 4, 4, 6, 3]
[15, 26, 4, 13, 4, 4, 4, 4, 6, 3]
[6, 12, 3]
[8, 5, 4, 19, 23, 4, 4, 4, 4, 4, 3]
[34, 7, 3]
[15, 4, 7, 4, 4, 4, 4, 6, 3]
[7, 11, 12, 3]
[34, 7, 4, 4, 4, 4, 4, 4, 4, 4, 4, 4, 4, 4, 4, 4, 4, 4, 4, 3]
[15, 4, 4, 4, 4, 4, 4, 4, 4, 4, 4, 4, 4, 4, 4, 4, 4, 4, 4, 4, 4, 4, 4, 3]
[36, 3]
[46, 4, 4, 11, 9, 3]
[36, 4, 8, 4, 4, 4, 4, 4, 4, 4, 4, 4, 4, 4, 4, 3]
[34, 7, 4, 14, 4, 4, 4, 3]
[34, 7, 3]
[27, 3]
[33, 16, 4, 95, 3]
[33, 16, 4, 37, 4, 4, 4, 4, 4, 4, 4, 4, 4, 4, 4, 4, 4, 4, 4, 4, 4, 4, 4, 4, 4, 3]
[27, 11, 4, 4, 6, 6, 3]
[35, 4, 14, 4, 4, 4, 4, 4, 4, 4, 4, 4, 4, 4, 4, 4, 4, 4, 4, 4, 4, 4, 4, 4, 4, 4, 4, 4, 4, 3]
[36, 3]
[6, 6, 4, 4, 4, 3]
[36, 3]
[33, 16, 4, 37, 4, 4, 4, 4, 4, 4, 4, 4, 4, 4, 4, 4, 4, 3]
[6, 6, 4, 4, 4, 4, 4, 4, 6, 6, 3]
[7, 11, 3]
[20, 6, 4, 5, 9, 4, 7, 4, 4, 4, 4, 4, 4, 4, 4, 3]
[13, 4, 8, 5, 4, 19, 5, 3]
[5, 9, 4, 5, 9, 4, 4, 4, 4, 4, 4, 4, 4, 4, 4, 4, 4, 4, 4, 4, 4, 4, 4, 4, 4, 4, 3]
[96, 57, 4, 19, 6, 4, 7, 4, 4, 4, 4, 4, 4, 4, 4, 3]
[46, 4, 14, 4, 4, 4, 4, 4, 4, 4, 4, 4, 4, 4, 3]
[124, 11, 4, 4, 3]
[20, 6, 4, 5, 9, 4, 4, 4, 4, 4, 4, 6, 6, 3]
[6, 6, 6, 6, 3]
[6, 6, 6, 6, 3]
[8, 15, 4, 19, 23, 4, 17, 4, 14, 4, 4, 4, 4, 4, 4, 4, 3]
[13, 4, 5, 9, 4, 4, 4, 4, 4, 4, 4, 4, 3]
[7, 11, 6, 3]
[7, 4, 4, 3]
[34, 7, 4, 14, 4, 4, 4, 4, 4, 4, 4, 4, 4, 4, 3]
[36, 4, 14, 4, 4, 4, 4, 4, 4, 3]
[6, 6, 6, 3]
[34, 3]
[7, 7, 4, 4, 4, 4, 4, 4, 4, 4, 4, 4, 4, 4, 4, 4, 4, 4, 4, 3]
[8, 15, 4, 19, 23, 4, 17, 4, 13, 4, 4, 4, 4, 4, 4, 3]
[6, 6, 10, 6, 6, 3]
[6, 3]
[34, 7, 3]
[36, 4, 14, 4, 14, 4, 4, 4, 4, 4, 4, 11, 9, 3]
[27, 11, 3]
[33, 16, 4, 95, 3]
[8, 5, 4, 19, 23, 4, 4, 4, 4, 4, 4, 4, 4, 4, 4, 4, 4, 4, 4, 4, 4, 4, 4, 4, 4, 3]
[15, 4, 4, 4, 4, 4, 4, 4, 4, 4, 4, 4, 4, 4, 3]
[15, 4, 14, 4, 4, 4, 4, 4, 4, 4, 4, 4, 11, 9, 3]
[15, 4, 5, 9, 4, 5, 9, 4, 7, 3]
[34, 7, 4, 4, 4, 4, 4, 4, 4, 4, 4, 4, 4, 4, 4, 4, 4, 4, 4, 4, 4, 4, 4, 4, 3]
[6, 6, 4, 4, 4, 6, 3]
[33, 16, 4, 95, 3]
[7, 4, 4, 4, 4, 4, 4, 4, 4, 4, 4, 3]
[6, 3]
[34, 11, 9, 3]
[7, 12, 3]
[8, 15, 4, 19, 23, 4, 4, 4, 4, 4, 4, 4, 4, 4, 4, 4, 4, 3]
[46, 4, 14, 4, 4, 4, 4, 4, 4, 4, 4, 4, 4, 4, 4, 4, 4, 4, 4, 4, 4, 4, 3]
[36, 4, 8, 4, 14, 4, 4, 4, 4, 4, 4, 4, 4, 3]
[8, 5, 4, 37, 4, 4, 4, 4, 4, 4, 4, 3]
[6, 6, 3]
[8, 5, 4, 19, 5, 9, 4, 4, 4, 4, 4, 4, 4, 4, 4, 4, 4, 4, 4, 4, 4, 4, 4, 4, 6, 10, 3]
[27, 11, 3]
[96, 79, 4, 19, 23, 4, 7, 4, 4, 4, 4, 4, 3]
[33, 16, 4, 8, 5, 4, 37, 4, 4, 4, 4, 4, 4, 4, 4, 4, 6, 3]
[7, 11, 3]
[20, 6, 4, 4, 4, 3]
[36, 4, 7, 4, 4, 4, 4, 6, 6, 3]
[6, 6, 6, 6, 3]
[27, 11, 9, 4, 5, 9, 4, 4, 3]
[6, 6, 6, 6, 3]
[46, 4, 8, 5, 4, 17, 4, 7, 3]
[36, 26, 4, 7, 4, 4, 4, 4, 6, 6, 3]
[33, 16, 4, 37, 4, 4, 4, 4, 4, 4, 4, 4, 4, 4, 4, 4, 4, 3]
[7, 11, 11, 11, 6, 6, 3]
[6, 12, 3]
[34, 7, 4, 4, 4, 4, 4, 4, 4, 3]
[15, 4, 4, 4, 4, 4, 4, 4, 4, 4, 4, 4, 4, 4, 3]
[8, 79, 4, 37, 4, 4, 4, 4, 4, 4, 4, 4, 4, 4, 4, 4, 4, 4, 4, 4, 3]
[34, 7, 4, 5, 9, 4, 4, 4, 4, 4, 6, 6, 3]
[20, 6, 10, 4, 4, 4, 6, 6, 3]
[20, 6, 4, 6, 6, 3]
[30, 4, 4, 5, 9, 4, 7, 4, 4, 4, 4, 4, 4, 4, 4, 3]
[6, 6, 6, 6, 10, 4, 4, 4, 6, 3]
[27, 11, 9, 4, 6, 6, 3]
[33, 16, 4, 95, 3]
[8, 5, 4, 37, 4, 4, 4, 4, 4, 4, 3]
[13, 4, 5, 9, 4, 4, 4, 4, 4, 4, 3]
[8, 5, 4, 19, 23, 4, 4, 4, 4, 4, 6, 3]
[60, 6, 10, 6, 10, 10, 3]
[36, 4, 14, 4, 4, 4, 4, 3]
[6, 6, 4, 4, 4, 4, 4, 3]
[46, 4, 8, 4, 4, 4, 4, 4, 4, 4, 4, 4, 4, 4, 4, 4, 4, 4, 4, 4, 3]
[42, 4, 4, 4, 4, 4, 3]
[14, 4, 14, 4, 4, 4, 4, 4, 3]
[33, 16, 4, 95, 3]
[5, 9, 4, 4, 6, 6, 3]
[34, 7, 4, 4, 4, 4, 4, 4, 4, 6, 6, 3]
[124, 103, 4, 8, 4, 4, 4, 4, 4, 4, 4, 4, 4, 3]
[8, 79, 4, 37, 4, 4, 4, 4, 4, 4, 4, 4, 4, 4, 4, 4, 4, 4, 4, 4, 3]
[5, 4, 4, 4, 4, 3]
[8, 15, 4, 19, 23, 4, 17, 4, 20, 6, 4, 7, 4, 4, 4, 4, 4, 4, 4, 4, 4, 6, 3]
[36, 3]
[96, 57, 4, 19, 5, 3]
[120, 6, 4, 8, 4, 4, 4, 4, 4, 4, 4, 4, 4, 4, 4, 4, 4, 4, 4, 6, 3]
[5, 4, 4, 4, 4, 4, 4, 4, 4, 4, 4, 4, 4, 4, 4, 4, 4, 4, 4, 4, 4, 4, 4, 4, 4, 4, 4, 4, 4, 4, 3]
[27, 11, 3]
[34, 7, 4, 14, 4, 4, 4, 4, 4, 4, 4, 4, 4, 4, 4, 4, 3]
[6, 6, 4, 4, 4, 4, 4, 4, 4, 4, 3]
[6, 3]
[8, 5, 4, 19, 23, 4, 4, 4, 4, 4, 4, 4, 4, 4, 4, 4, 4, 4, 4, 4, 4, 4, 3]
[6, 6, 3]
[8, 5, 4, 37, 4, 4, 4, 4, 4, 4, 4, 4, 6, 3]
[8, 5, 4, 19, 23, 4, 4, 4, 4, 4, 4, 4, 4, 4, 4, 4, 4, 4, 4, 4, 4, 4, 4, 4, 3]
[7, 11, 4, 4, 4, 4, 4, 4, 4, 3]
[46, 4, 8, 4, 4, 4, 4, 4, 4, 4, 4, 4, 4, 4, 4, 4, 4, 6, 10, 3]
[6, 6, 4, 4, 4, 3]
[27, 11, 9, 4, 4, 4, 4, 4, 4, 4, 4, 4, 4, 3]
[30, 5, 4, 6, 6, 3]
[8, 5, 4, 19, 23, 4, 4, 4, 4, 4, 4, 4, 4, 4, 4, 4, 4, 4, 4, 4, 4, 4, 4, 6, 3]
[30, 5, 4, 7, 4, 4, 4, 4, 4, 4, 4, 4, 4, 4, 4, 3]
[7, 3]
[35, 4, 14, 4, 37, 4, 4, 4, 4, 4, 4, 4, 4, 6, 3]
[27, 3]
[33, 5, 4, 6, 6, 3]
[20, 4, 4, 4, 4, 4, 4, 4, 4, 4, 4, 4, 4, 4, 3]
[120, 6, 4, 4, 4, 4, 4, 4, 4, 4, 4, 4, 4, 6, 3]
[7, 4, 4, 4, 3]
[35, 4, 14, 4, 4, 4, 4, 4, 3]
[42, 11, 9, 3]
[33, 16, 4, 14, 4, 14, 4, 14, 4, 4, 3]
[8, 5, 4, 37, 4, 4, 4, 4, 4, 4, 4, 4, 4, 4, 4, 4, 4, 4, 3]
[34, 5, 4, 4, 4, 4, 4, 4, 4, 4, 4, 4, 4, 3]
[7, 6, 4, 4, 4, 4, 4, 3]
[8, 5, 4, 19, 23, 4, 4, 3]
[8, 5, 4, 19, 23, 4, 4, 4, 4, 4, 4, 4, 4, 4, 3]
[6, 6, 6, 3]
[36, 4, 8, 5, 4, 19, 23, 4, 4, 4, 4, 4, 4, 4, 4, 4, 4, 4, 3]
[8, 15, 4, 19, 23, 4, 4, 4, 4, 6, 3]
[20, 6, 4, 4, 4, 4, 4, 4, 3]
[27, 11, 9, 4, 8, 5, 4, 14, 7, 4, 14, 3]
[15, 4, 7, 4, 4, 4, 4, 4, 4, 4, 3]
[34, 7, 3]
[33, 16, 4, 19, 5, 4, 7, 4, 4, 4, 4, 4, 4, 4, 4, 4, 3]
[34, 7, 4, 5, 9, 4, 5, 9, 4, 7, 4, 4, 6, 3]
[34, 103, 4, 14, 4, 14, 4, 4, 4, 4, 4, 3]
[35, 4, 14, 4, 37, 4, 4, 4, 4, 4, 4, 4, 3]
[36, 4, 7, 4, 4, 4, 4, 4, 4, 4, 4, 4, 6, 3]
[15, 3]
[8, 15, 4, 8, 5, 4, 37, 4, 4, 4, 4, 4, 3]
[42, 7, 4, 4, 4, 4, 3]
[96, 79, 4, 8, 4, 4, 4, 4, 4, 4, 4, 4, 4, 4, 4, 4, 4, 4, 4, 4, 4, 4, 4, 4, 4, 4, 3]
[6, 6, 4, 4, 3]
[36, 4, 14, 3]
[33, 16, 4, 8, 5, 4, 17, 4, 17, 4, 17, 4, 14, 4, 4, 4, 3]
[8, 25, 4, 37, 4, 4, 4, 4, 4, 4, 4, 3]
[15, 4, 4, 4, 4, 4, 4, 4, 3]
[27, 11, 9, 4, 7, 4, 4, 4, 4, 3]
[6, 6, 6, 3]
[7, 11, 6, 3]
[124, 103, 3]
[35, 4, 14, 4, 14, 4, 4, 4, 4, 4, 4, 4, 4, 4, 4, 3]
[27, 11, 9, 3]
[8, 5, 4, 19, 5, 4, 17, 4, 4, 4, 4, 4, 4, 4, 4, 4, 4, 4, 4, 4, 4, 4, 4, 6, 3]
[46, 4, 8, 5, 4, 17, 4, 7, 4, 4, 4, 4, 4, 4, 3]
[30, 4, 4, 4, 4, 4, 4, 4, 4, 4, 4, 4, 4, 4, 4, 4, 4, 4, 4, 4, 4, 4, 4, 4, 3]
[34, 7, 4, 5, 9, 4, 4, 4, 4, 4, 4, 4, 4, 4, 4, 4, 4, 4, 4, 3]
[34, 3]
[5, 4, 19, 5, 4, 6, 6, 3]
[34, 7, 3]
[6, 6, 6, 3]
[8, 5, 4, 19, 23, 4, 4, 4, 4, 6, 6, 3]
[46, 4, 14, 3]
[6, 6, 4, 4, 4, 3]
[46, 4, 8, 4, 4, 4, 4, 4, 4, 4, 4, 4, 4, 4, 4, 4, 4, 3]
[36, 4, 14, 3]
[27, 11, 9, 4, 8, 5, 4, 14, 4, 4, 4, 4, 3]
[34, 3]
[33, 16, 4, 8, 5, 4, 37, 4, 4, 4, 4, 4, 4, 4, 4, 3]
[27, 11, 9, 3]
[35, 4, 14, 4, 14, 4, 4, 4, 4, 4, 4, 3]
[20, 6, 4, 3]
[6, 6, 3]
[42, 3]
[7, 11, 3]
[46, 4, 8, 5, 4, 37, 4, 4, 4, 4, 4, 4, 4, 4, 4, 4, 3]
[36, 4, 4, 4, 4, 4, 4, 4, 4, 4, 4, 4, 4, 4, 4, 3]
[27, 11, 9, 4, 8, 5, 4, 3]
[42, 11, 3]
[42, 103, 3]
[120, 6, 3]
[7, 6, 4, 4, 4, 4, 4, 4, 4, 4, 4, 4, 4, 4, 4, 4, 4, 4, 4, 3]
[36, 4, 14, 4, 14, 4, 14, 4, 4, 4, 4, 4, 4, 4, 4, 4, 4, 4, 4, 4, 3]
[87, 3]
[124, 3]
[15, 26, 4, 5, 9, 4, 4, 4, 4, 4, 4, 4, 4, 4, 4, 4, 4, 4, 4, 4, 4, 4, 4, 4, 4, 4, 4, 4, 4, 4, 4, 4, 4, 4, 4, 4, 4, 4, 4, 4, 4, 4, 4, 4, 4, 4, 4, 4, 4, 4, 4, 4, 4, 4, 4, 4, 4, 4, 4, 4, 4, 4, 4, 4, 4, 4, 4, 4, 4, 4, 4, 4, 4, 4, 4, 4, 4, 4, 4, 4, 4, 4, 4, 4, 4, 4, 4, 4, 4, 4, 4, 4, 4, 4, 4, 4, 4, 4, 4, 4]
[6, 6, 6, 3]
[8, 5, 4, 37, 4, 4, 4, 4, 4, 3]
[8, 5, 4, 37, 4, 4, 4, 4, 4, 4, 4, 4, 4, 4, 4, 4, 4, 4, 4, 3]
[8, 25, 4, 19, 23, 4, 17, 4, 17, 4, 17, 4, 17, 4, 17, 4, 17, 4, 14, 4, 4, 4, 4, 3]
[6, 11, 6, 10, 3]
[6, 6, 6, 3]
[8, 5, 4, 19, 23, 4, 4, 4, 4, 4, 3]
[20, 6, 4, 4, 3]
[6, 6, 4, 4, 3]
[7, 11, 3]
[15, 26, 4, 5, 9, 4, 4, 4, 4, 4, 4, 4, 4, 4, 4, 4, 4, 4, 3]
[7, 11, 4, 4, 4, 4, 3]
[46, 4, 8, 5, 4, 37, 4, 4, 4, 4, 4, 4, 4, 4, 4, 4, 3]
[6, 3]
[96, 79, 5, 4, 37, 4, 4, 4, 4, 4, 6, 3]
[15, 4, 14, 3]
[33, 16, 4, 37, 4, 4, 4, 4, 4, 4, 4, 4, 4, 4, 4, 4, 3]
[15, 4, 14, 4, 14, 4, 4, 3]
[34, 7, 11, 6, 6, 3]
[27, 11, 9, 4, 7, 4, 4, 4, 4, 3]
[15, 4, 7, 4, 4, 4, 4, 4, 4, 4, 3]
[27, 11, 9, 4, 4, 6, 3]
[8, 5, 4, 37, 23, 4, 4, 4, 4, 4, 4, 4, 4, 4, 4, 4, 4, 3]
[6, 6, 6, 6, 3]
[34, 7, 4, 5, 9, 4, 4, 4, 4, 4, 4, 4, 4, 4, 6, 3]
[36, 4, 4, 6, 3]
[8, 15, 4, 19, 23, 4, 17, 4, 13, 4, 4, 4, 4, 3]
[8, 5, 4, 37, 4, 4, 4, 4, 4, 4, 4, 4, 4, 4, 4, 4, 4, 4, 4, 4, 4, 4, 3]
[36, 4, 5, 9, 4, 5, 9, 4, 4, 4, 4, 4, 4, 4, 4, 3]
[124, 3]
[8, 79, 4, 37, 4, 4, 4, 4, 4, 4, 4, 4, 4, 4, 4, 4, 4, 3]
[27, 11, 9, 3]
[7, 11, 3]
[46, 4, 8, 4, 4, 4, 4, 4, 4, 4, 4, 4, 4, 4, 4, 4, 4, 4, 4, 4, 4, 4, 4, 4, 3]
[34, 7, 3]
[6, 6, 6, 3]
[8, 5, 4, 37, 4, 4, 4, 4, 4, 4, 4, 4, 4, 4, 4, 4, 3]
[20, 6, 4, 4, 4, 3]
[36, 26, 4, 7, 4, 4, 4, 4, 4, 4, 4, 4, 4, 4, 4, 4, 4, 4, 4, 3]
[35, 4, 14, 4, 14, 4, 14, 4, 4, 4, 4, 4, 4, 4, 4, 4, 3]
[42, 3]
[7, 4, 4, 4, 4, 4, 3]
[6, 11, 4, 4, 4, 3]
[30, 5, 4, 19, 5, 4, 6, 4, 4, 4, 4, 4, 4, 4, 4, 4, 4, 4, 4, 3]
[7, 4, 4, 4, 4, 4, 4, 4, 4, 4, 4, 4, 4, 6, 3]
[36, 4, 8, 4, 4, 4, 4, 4, 4, 4, 4, 4, 4, 4, 4, 4, 4, 4, 4, 4, 4, 4, 3]
[27, 3]
[7, 4, 4, 4, 4, 4, 4, 4, 4, 4, 4, 4, 4, 4, 4, 4, 4, 4, 4, 4, 4, 3]
[27, 11, 3]
[34, 7, 3]
[124, 3]
[8, 5, 4, 37, 4, 4, 11, 3]
[42, 3]
[13, 4, 4, 4, 4, 4, 4, 4, 4, 4, 4, 4, 4, 4, 4, 4, 4, 4, 4, 4, 4, 4, 4, 4, 4, 4, 3]
[15, 26, 4, 8, 4, 4, 3]
[20, 6, 3]
[8, 25, 3]
[27, 3]
[5, 9, 4, 5, 9, 4, 7, 3]
[7, 11, 3]
[8, 5, 4, 19, 23, 4, 4, 4, 4, 6, 3]
[27, 3]
[8, 5, 4, 19, 23, 4, 17, 4, 17, 4, 4, 4, 4, 4, 4, 4, 4, 4, 4, 4, 4, 4, 4, 4, 3]
[7, 11, 4, 4, 4, 6, 6, 3]
[8, 5, 4, 19, 6, 4, 4, 4, 4, 4, 4, 3]
[36, 4, 8, 4, 4, 4, 4, 4, 4, 4, 4, 3]
[15, 26, 4, 28, 3]
[30, 4, 8, 5, 4, 19, 23, 4, 6, 6, 3]
[6, 6, 6, 6, 3]
[120, 6, 4, 8, 5, 4, 37, 4, 4, 4, 4, 4, 4, 4, 4, 4, 3]
[60, 79, 4, 8, 4, 4, 4, 4, 3]
[33, 16, 4, 95, 3]
[42, 7, 4, 3]
[36, 4, 8, 4, 4, 4, 4, 4, 4, 4, 4, 4, 4, 4, 4, 4, 4, 6, 3]
[15, 4, 4, 4, 4, 4, 4, 4, 3]
[6, 6, 4, 4, 6, 3]
[15, 4, 7, 3]
[7, 3]
[60, 7, 4, 14, 4, 14, 4, 4, 4, 4, 4, 4, 4, 4, 4, 4, 4, 3]
[13, 4, 8, 5, 4, 20, 6, 4, 6, 3]
[36, 4, 14, 4, 14, 4, 4, 4, 4, 4, 4, 4, 3]
[8, 5, 4, 37, 4, 4, 4, 4, 4, 4, 4, 4, 4, 4, 3]
[6, 6, 6, 3]
[8, 5, 4, 19, 23, 4, 4, 4, 4, 4, 4, 4, 4, 4, 3]
[120, 6, 4, 5, 9, 4, 5, 9, 4, 4, 6, 3]
[34, 7, 3]
[8, 5, 4, 19, 23, 4, 17, 4, 7, 4, 4, 4, 4, 4, 4, 4, 3]
[6, 6, 4, 4, 4, 4, 4, 4, 4, 4, 4, 4, 4, 4, 4, 4, 3]
[5, 9, 4, 5, 9, 4, 4, 4, 4, 4, 4, 4, 4, 4, 4, 4, 4, 4, 4, 4, 4, 4, 4, 4, 4, 4, 6, 10, 4, 27, 11, 9, 3]
[15, 26, 4, 5, 9, 4, 4, 6, 6, 3]
[27, 11, 4, 3]
[6, 6, 3]
[96, 79, 5, 4, 37, 4, 4, 4, 4, 4, 4, 3]
[8, 5, 4, 19, 23, 4, 4, 4, 4, 4, 4, 4, 3]
[8, 5, 4, 19, 23, 4, 4, 4, 4, 4, 4, 4, 4, 4, 4, 4, 4, 4, 4, 4, 4, 6, 10, 3]
[35, 4, 14, 4, 14, 4, 4, 4, 4, 4, 4, 4, 4, 4, 4, 4, 4, 4, 4, 6, 3]
[6, 6, 6, 6, 10, 4, 4, 6, 6, 3]
[8, 5, 4, 19, 23, 4, 4, 4, 4, 4, 4, 4, 4, 4, 6, 3]
[87, 3]
[27, 3]
[27, 11, 3]
[42, 11, 4, 4, 3]
[27, 3]
[34, 7, 4, 14, 4, 14, 4, 4, 3]
[8, 5, 4, 19, 23, 4, 4, 4, 4, 4, 4, 4, 4, 4, 4, 4, 4, 3]
[15, 4, 7, 4, 4, 4, 4, 3]
[6, 3]
[34, 7, 4, 4, 3]
[34, 7, 4, 4, 4, 4, 4, 4, 4, 4, 4, 4, 4, 4, 3]
[34, 7, 4, 8, 4, 4, 4, 4, 4, 4, 4, 4, 4, 6, 3]
[6, 6, 6, 6, 10, 4, 4, 4, 4, 4, 4, 4, 4, 6, 6, 3]
[42, 7, 4, 28, 3]
[36, 4, 14, 4, 14, 4, 14, 4, 4, 4, 4, 3]
[15, 4, 7, 4, 4, 4, 4, 4, 4, 4, 4, 4, 4, 3]
[33, 16, 4, 37, 4, 14, 4, 4, 4, 4, 4, 4, 4, 4, 6, 10, 3]
[27, 11, 3]
[8, 15, 4, 19, 23, 4, 4, 4, 4, 4, 4, 4, 4, 4, 3]
[5, 4, 4, 4, 3]
[8, 5, 4, 14, 4, 4, 3]
[42, 11, 9, 4, 4, 4, 6, 3]
[46, 4, 8, 4, 4, 11, 9, 3]
[6, 3]
[124, 103, 4, 4, 4, 4, 4, 4, 4, 4, 4, 3]
[6, 6, 6, 6, 3]
[120, 6, 10, 10, 10, 3]
[8, 5, 4, 19, 23, 4, 4, 4, 3]
[36, 4, 5, 9, 4, 4, 4, 4, 4, 6, 3]
[7, 3]
[36, 4, 14, 4, 14, 4, 3]
[6, 6, 6, 3]
[46, 4, 14, 3]
[27, 3]
[8, 5, 4, 19, 23, 4, 4, 4, 4, 4, 4, 4, 4, 4, 3]
[96, 57, 4, 4, 6, 10, 6, 3]
[6, 6, 6, 6, 3]
[27, 11, 9, 4, 8, 5, 4, 4, 4, 4, 4, 4, 4, 4, 4, 4, 4, 4, 4, 4, 4, 4, 3]
[5, 4, 4, 6, 4, 6, 6, 3]
[20, 6, 4, 5, 9, 4, 5, 9, 3]
[5, 4, 4, 3]
[34, 7, 4, 4, 4, 4, 4, 4, 6, 6, 3]
[6, 11, 6, 6, 3]
[35, 4, 14, 4, 4, 4, 4, 4, 4, 4, 4, 4, 4, 4, 4, 4, 4, 4, 4, 4, 4, 6, 10, 3]
[8, 15, 4, 37, 23, 4, 17, 4, 17, 4, 4, 4, 4, 4, 4, 4, 4, 4, 4, 4, 4, 4, 4, 4, 4, 4, 4, 4, 4, 4, 4, 4, 4, 4, 4, 4, 4, 4, 4, 4, 4, 4, 4, 4, 4, 4, 4, 3]
[34, 7, 4, 5, 9, 4, 4, 4, 4, 4, 4, 4, 4, 4, 3]
[27, 11, 3]
[7, 11, 3]
[46, 4, 14, 3]
[33, 16, 4, 19, 23, 4, 27, 11, 3]
[20, 6, 3]
[34, 7, 4, 8, 4, 4, 4, 4, 4, 4, 4, 4, 4, 4, 3]
[6, 11, 44, 6, 3]
[36, 4, 4, 4, 4, 4, 4, 4, 4, 4, 4, 4, 3]
[27, 11, 9, 6, 4, 4, 4, 4, 4, 4, 4, 3]
[34, 7, 3]
[15, 26, 4, 6, 6, 3]
[35, 4, 14, 4, 4, 4, 4, 4, 4, 3]
[7, 11, 6, 6, 6, 3]
[6, 6, 6, 3]
[96, 79, 4, 8, 4, 4, 4, 4, 4, 4, 4, 4, 4, 4, 4, 4, 4, 4, 4, 4, 4, 4, 4, 4, 4, 4, 3]
[34, 7, 4, 5, 9, 4, 4, 4, 4, 4, 3]
[36, 4, 7, 4, 4, 4, 4, 4, 4, 4, 4, 4, 4, 3]
[8, 5, 4, 19, 23, 4, 4, 4, 4, 4, 4, 4, 4, 4, 4, 6, 3]
[7, 4, 4, 4, 4, 4, 4, 4, 4, 4, 4, 4, 3]
[7, 4, 4, 3]
[7, 11, 3]
[7, 11, 3]
[8, 15, 4, 19, 23, 4, 17, 4, 19, 23, 4, 4, 4, 4, 4, 4, 4, 4, 4, 4, 4, 4, 4, 4, 4, 4, 4, 3]
[6, 6, 4, 4, 4, 3]
[46, 4, 14, 4, 4, 4, 4, 4, 4, 4, 4, 4, 3]
[27, 11, 9, 4, 8, 5, 4, 17, 4, 14, 4, 4, 4, 4, 4, 4, 4, 4, 4, 4, 4, 4, 3]
[6, 3]
[8, 5, 4, 19, 23, 4, 4, 4, 4, 4, 4, 4, 3]
[20, 6, 4, 4, 4, 4, 4, 3]
[27, 11, 9, 4, 28, 3]
[15, 26, 4, 13, 4, 4, 4, 4, 4, 3]
[7, 6, 4, 4, 4, 4, 4, 4, 4, 4, 4, 4, 4, 4, 4, 4, 4, 4, 4, 4, 4, 4, 4, 4, 4, 4, 4, 4, 4, 3]
[120, 6, 4, 8, 4, 4, 4, 3]
[7, 11, 6, 3]
[42, 6, 3]
[6, 6, 6, 3]
[6, 6, 4, 4, 4, 4, 4, 4, 4, 4, 4, 4, 4, 4, 3]
[15, 26, 4, 5, 9, 4, 4, 4, 4, 6, 3]
[6, 6, 6, 3]
[6, 12, 3]
[120, 6, 4, 4, 4, 4, 4, 4, 4, 4, 4, 4, 4, 4, 4, 4, 4, 4, 4, 3]
[5, 9, 4, 5, 9, 4, 4, 4, 4, 3]
[8, 15, 4, 19, 23, 4, 17, 4, 7, 4, 4, 4, 3]
[7, 12, 3]
[46, 4, 8, 5, 4, 19, 23, 4, 4, 4, 4, 4, 3]
[42, 7, 3]
[8, 5, 4, 19, 23, 4, 4, 4, 4, 4, 4, 4, 4, 4, 4, 4, 3]
[8, 5, 4, 19, 5, 4, 17, 4, 14, 4, 4, 4, 3]
[14, 4, 4, 4, 4, 4, 4, 4, 4, 4, 4, 4, 4, 3]
[20, 6, 4, 8, 4, 4, 4, 4, 4, 4, 4, 4, 3]
[33, 16, 4, 19, 5, 4, 6, 6, 3]
[27, 11, 9, 4, 5, 9, 4, 5, 9, 4, 13, 4, 13, 4, 27, 11, 9, 3]
[34, 7, 11, 3]
[6, 11, 6, 6, 6, 3]
[15, 26, 4, 5, 9, 4, 5, 9, 4, 5, 9, 4, 6, 3]
[33, 16, 4, 8, 5, 4, 17, 4, 4, 4, 4, 4, 4, 4, 3]
[46, 4, 14, 3]
[20, 6, 4, 8, 4, 4, 4, 4, 4, 4, 3]
[7, 11, 3]
[6, 6, 4, 4, 6, 3]
[7, 4, 4, 4, 4, 3]
[27, 11, 3]
[8, 5, 4, 19, 23, 4, 17, 4, 7, 4, 4, 4, 4, 4, 4, 4, 4, 4, 4, 4, 4, 4, 4, 4, 4, 4, 4, 4, 4, 4, 4, 4, 4, 4, 4, 4, 4, 4, 4, 4, 4, 4, 4, 4, 4, 4, 4, 4, 4, 4, 4, 4, 4, 4, 4, 4, 4, 4, 4, 4, 4, 4, 4, 4, 4, 4, 4, 4, 4, 4, 4, 4, 4, 4, 4, 4, 4, 4, 4, 4, 4, 4, 4, 4, 4, 4, 4, 4, 4, 4, 4, 4, 4, 4, 4, 4, 4, 4, 4, 4]
[124, 3]
[8, 5, 4, 19, 23, 4, 4, 4, 4, 4, 4, 4, 4, 4, 4, 3]
[8, 15, 4, 19, 23, 4, 4, 4, 4, 4, 4, 4, 4, 4, 4, 6, 3]
[8, 15, 4, 37, 23, 4, 17, 4, 37, 23, 4, 17, 4, 17, 4, 17, 4, 17, 4, 13, 4, 7, 4, 4, 4, 4, 4, 4, 3]
[15, 4, 14, 3]
[13, 4, 4, 4, 4, 4, 6, 3]
[34, 7, 4, 5, 9, 4, 7, 3]
[30, 5, 4, 19, 5, 4, 20, 6, 4, 7, 4, 4, 4, 4, 4, 4, 4, 6, 10, 3]
[27, 11, 3]
[6, 6, 6, 4, 4, 4, 3]
[8, 5, 4, 19, 23, 4, 4, 4, 6, 6, 3]
[15, 4, 14, 4, 4, 4, 4, 4, 4, 4, 4, 4, 4, 3]
[33, 16, 4, 8, 5, 4, 17, 4, 4, 4, 4, 4, 4, 4, 4, 4, 4, 4, 4, 4, 4, 4, 4, 4, 4, 4, 4, 4, 3]
[27, 11, 3]
[20, 6, 4, 5, 9, 4, 5, 9, 4, 4, 4, 6, 3]
[46, 4, 4, 9, 4, 4, 4, 4, 4, 4, 4, 4, 4, 4, 4, 4, 4, 3]
[5, 9, 4, 5, 9, 4, 3]
[7, 3]
[27, 11, 3]
[7, 11, 4, 4, 4, 3]
[96, 79, 5, 4, 37, 4, 4, 4, 4, 4, 6, 3]
[34, 7, 4, 4, 4, 4, 4, 4, 4, 4, 4, 4, 4, 4, 4, 3]
[96, 79, 4, 8, 4, 4, 4, 4, 4, 4, 4, 4, 4, 4, 4, 4, 3]
[27, 3]
[7, 11, 11, 6, 6, 6, 3]
[6, 11, 6, 6, 6, 3]
[6, 11, 6, 6, 10, 4, 4, 4, 4, 6, 6, 3]
[8, 5, 4, 19, 23, 4, 4, 4, 4, 4, 4, 4, 3]
[8, 5, 4, 19, 23, 4, 4, 4, 4, 11, 9, 3]
[34, 7, 11, 3]
[20, 6, 4, 4, 3]
[8, 15, 4, 19, 23, 4, 17, 4, 19, 23, 4, 17, 4, 13, 4, 27, 11, 9, 3]
[34, 7, 4, 4, 4, 4, 4, 4, 4, 3]
[20, 6, 4, 4, 4, 4, 6, 6, 3]
[27, 11, 9, 4, 8, 5, 4, 7, 4, 4, 3]
[35, 4, 14, 4, 14, 4, 14, 4, 4, 4, 4, 3]
[6, 11, 11, 9, 3]
[20, 6, 4, 8, 5, 4, 7, 4, 4, 4, 4, 4, 3]
[33, 16, 4, 19, 5, 4, 17, 4, 14, 4, 4, 4, 4, 4, 4, 4, 4, 4, 3]
[7, 11, 6, 6, 3]
[42, 7, 4, 4, 11, 9, 3]
[36, 4, 4, 4, 6, 3]
[8, 5, 4, 37, 4, 4, 4, 4, 4, 4, 4, 4, 3]
[8, 15, 4, 19, 23, 4, 17, 4, 19, 23, 4, 17, 4, 13, 4, 4, 4, 4, 4, 4, 4, 4, 6, 10, 3]
[124, 6, 4, 4, 4, 4, 4, 6, 3]
[96, 79, 5, 4, 19, 23, 4, 7, 4, 7, 3]
[5, 4, 4, 4, 4, 4, 4, 4, 3]
[33, 16, 4, 37, 4, 4, 4, 4, 4, 4, 4, 4, 4, 4, 3]
[15, 3]
[46, 4, 14, 4, 4, 3]
[33, 16, 4, 8, 5, 4, 17, 4, 4, 3]
[46, 4, 8, 5, 4, 19, 23, 4, 4, 4, 4, 4, 4, 4, 3]
[33, 16, 4, 95, 3]
[27, 11, 9, 3]
[8, 5, 4, 37, 23, 4, 17, 4, 14, 4, 4, 4, 4, 4, 4, 3]
[15, 26, 4, 5, 9, 4, 4, 4, 4, 4, 4, 4, 4, 4, 3]
[15, 4, 4, 4, 4, 4, 4, 4, 4, 4, 4, 4, 3]
[34, 7, 4, 14, 4, 4, 4, 4, 4, 4, 3]
[96, 79, 4, 19, 23, 4, 4, 4, 4, 3]
[15, 4, 5, 9, 4, 4, 4, 4, 4, 4, 4, 4, 4, 4, 4, 4, 4, 4, 3]
[7, 11, 11, 6, 3]
[15, 4, 4, 3]
[13, 4, 19, 5, 4, 6, 4, 4, 4, 6, 3]
[120, 6, 4, 14, 4, 14, 3]
[34, 7, 4, 8, 4, 4, 4, 4, 4, 4, 4, 4, 4, 4, 4, 3]
[46, 4, 4, 4, 4, 4, 4, 4, 4, 4, 4, 4, 4, 4, 4, 4, 4, 4, 3]
[20, 6, 4, 5, 9, 4, 5, 9, 4, 5, 9, 4, 5, 9, 4, 6, 6, 3]
[13, 4, 5, 9, 4, 5, 9, 4, 5, 9, 3]
[7, 12, 3]
[8, 15, 4, 19, 23, 4, 17, 4, 19, 23, 4, 7, 4, 4, 4, 6, 6, 3]
[87, 3]
[36, 4, 8, 4, 4, 11, 9, 3]
[36, 4, 14, 4, 4, 4, 4, 4, 4, 4, 3]
[8, 15, 4, 19, 23, 4, 17, 4, 19, 23, 4, 7, 4, 4, 4, 4, 4, 4, 4, 4, 4, 4, 4, 4, 3]
[8, 5, 4, 37, 23, 4, 4, 4, 4, 4, 4, 4, 4, 4, 4, 4, 4, 4, 4, 3]
[15, 4, 5, 9, 4, 4, 6, 6, 3]
[15, 26, 4, 13, 4, 4, 4, 4, 4, 4, 4, 4, 4, 4, 4, 4, 4, 4, 4, 3]
[33, 16, 4, 37, 4, 4, 4, 4, 4, 4, 4, 4, 4, 4, 4, 4, 4, 4, 4, 4, 3]
[33, 16, 4, 19, 5, 4, 27, 3]
[8, 5, 4, 19, 23, 4, 4, 4, 4, 4, 4, 4, 4, 4, 4, 4, 4, 4, 4, 4, 4, 3]
[35, 4, 14, 4, 4, 4, 4, 4, 4, 4, 4, 4, 4, 4, 4, 4, 4, 4, 4, 4, 3]
[8, 5, 4, 19, 23, 4, 4, 4, 4, 4, 4, 4, 4, 4, 3]
[36, 4, 8, 4, 14, 4, 4, 4, 4, 4, 4, 4, 3]
[34, 7, 4, 14, 4, 14, 4, 4, 3]
[13, 4, 19, 6, 4, 4, 4, 4, 4, 4, 4, 4, 4, 4, 4, 4, 4, 4, 4, 4, 4, 4, 4, 4, 4, 4, 4, 4, 3]
[7, 4, 14, 4, 4, 3]
[15, 26, 4, 6, 6, 3]
[124, 26, 4, 5, 9, 4, 4, 4, 4, 4, 4, 4, 4, 4, 4, 4, 4, 4, 4, 4, 4, 4, 4, 4, 4, 4, 4, 3]
[33, 16, 4, 37, 4, 4, 4, 4, 4, 4, 4, 4, 4, 4, 3]
[34, 5, 3]
[6, 11, 9, 4, 4, 4, 4, 4, 4, 4, 3]
[27, 11, 3]
[46, 4, 14, 4, 14, 4, 4, 4, 4, 4, 3]
[6, 6, 4, 4, 6, 3]
[35, 4, 14, 4, 14, 4, 4, 4, 4, 11, 3]
[7, 4, 14, 4, 14, 4, 4, 4, 4, 4, 3]
[124, 103, 4, 14, 4, 14, 4, 4, 4, 4, 4, 4, 4, 4, 4, 3]
[33, 16, 4, 95, 3]
[36, 3]
[5, 9, 4, 5, 9, 4, 5, 9, 4, 4, 4, 4, 4, 4, 4, 4, 4, 4, 4, 4, 4, 4, 4, 4, 4, 4, 4, 4, 4, 3]
[46, 4, 8, 5, 4, 37, 4, 4, 4, 4, 4, 4, 4, 4, 4, 4, 3]
[8, 79, 4, 19, 23, 4, 4, 4, 4, 4, 4, 4, 4, 4, 4, 4, 4, 4, 6, 10, 3]
[34, 11, 3]
[33, 16, 4, 14, 4, 14, 4, 4, 4, 4, 4, 4, 4, 4, 4, 4, 4, 4, 4, 4, 4, 4, 4, 4, 4, 4, 4, 3]
[35, 4, 14, 4, 37, 4, 4, 4, 4, 6, 3]
[60, 7, 4, 4, 4, 4, 4, 3]
[27, 3]
[34, 11, 9, 3]
[7, 4, 4, 4, 4, 4, 3]
[27, 3]
[8, 5, 4, 4, 4, 4, 4, 4, 4, 4, 4, 4, 4, 4, 4, 4, 4, 4, 4, 4, 4, 3]
[46, 4, 14, 4, 4, 3]
[15, 26, 4, 7, 4, 4, 4, 4, 4, 4, 4, 4, 4, 3]
[20, 6, 3]
[7, 4, 4, 3]
[8, 5, 4, 19, 23, 4, 4, 4, 4, 4, 3]
[33, 16, 4, 14, 4, 14, 4, 4, 3]
[20, 6, 4, 8, 4, 4, 4, 4, 3]
[36, 4, 14, 4, 14, 4, 4, 3]
[42, 3]
[46, 4, 8, 5, 4, 37, 4, 4, 4, 4, 4, 4, 4, 4, 4, 4, 4, 4, 3]
[7, 11, 4, 4, 4, 3]
[6, 6, 10, 4, 13, 4, 13, 4, 4, 6, 3]
[27, 11, 3]
[33, 16, 4, 37, 4, 4, 4, 4, 4, 4, 4, 4, 6, 3]
[15, 4, 7, 4, 4, 4, 4, 4, 4, 4, 4, 4, 3]
[34, 7, 4, 4, 4, 3]
[35, 4, 14, 4, 4, 4, 4, 4, 4, 4, 4, 4, 4, 4, 4, 4, 4, 6, 3]
[7, 11, 12, 3]
[15, 4, 14, 3]
[30, 5, 4, 19, 5, 4, 3]
[8, 5, 4, 19, 23, 4, 4, 4, 4, 6, 6, 3]
[6, 6, 6, 3]
[34, 7, 4, 5, 9, 4, 5, 9, 4, 7, 4, 4, 4, 3]
[27, 11, 9, 4, 7, 4, 4, 4, 3]
[7, 4, 4, 4, 4, 4, 4, 3]
[8, 79, 4, 37, 4, 4, 4, 4, 4, 4, 4, 4, 4, 4, 4, 4, 4, 3]
[8, 5, 4, 19, 23, 4, 4, 4, 4, 4, 3]
[34, 7, 4, 14, 4, 14, 4, 4, 4, 4, 4, 4, 4, 3]
[15, 26, 4, 5, 9, 3]
[14, 7, 4, 4, 4, 4, 4, 11, 9, 3]
[20, 6, 10, 4, 4, 4, 3]
[27, 11, 9, 4, 8, 4, 4, 4, 4, 4, 4, 4, 3]
[42, 16, 3]
[6, 6, 6, 3]
[20, 4, 4, 4, 4, 4, 4, 4, 4, 4, 4, 4, 4, 4, 3]
[8, 25, 4, 14, 4, 4, 4, 4, 3]
[35, 4, 14, 4, 37, 4, 4, 4, 4, 11, 3]
[46, 4, 8, 5, 4, 19, 23, 4, 4, 4, 6, 3]
[6, 6, 3]
[20, 6, 4, 4, 4, 4, 4, 4, 4, 4, 4, 4, 4, 4, 4, 4, 4, 4, 4, 4, 4, 4, 4, 4, 4, 4, 4, 4, 4, 3]
[6, 6, 4, 4, 3]
[27, 11, 3]
[60, 4, 4, 4, 4, 4, 4, 3]
[34, 7, 4, 4, 4, 4, 4, 4, 6, 6, 3]
[6, 6, 4, 4, 4, 4, 4, 4, 3]
[5, 9, 4, 5, 9, 4, 4, 4, 4, 4, 4, 4, 4, 4, 3]
[13, 4, 28, 3]
[6, 6, 4, 4, 4, 3]
[8, 5, 4, 19, 23, 4, 17, 4, 7, 4, 4, 4, 4, 4, 4, 4, 4, 3]
[34, 7, 4, 5, 9, 4, 5, 9, 4, 4, 4, 4, 4, 4, 4, 4, 3]
[34, 7, 4, 14, 4, 14, 4, 14, 4, 4, 4, 4, 4, 4, 4, 4, 4, 4, 4, 4, 4, 4, 4, 4, 3]
[6, 6, 6, 3]
[8, 5, 4, 19, 23, 4, 4, 4, 4, 4, 4, 4, 6, 3]
[30, 5, 4, 7, 4, 4, 4, 4, 4, 4, 4, 4, 4, 4, 4, 4, 4, 4, 4, 4, 4, 3]
[15, 26, 4, 28, 3]
[36, 4, 7, 4, 4, 4, 4, 4, 3]
[46, 4, 8, 5, 4, 37, 4, 4, 4, 4, 4, 4, 4, 4, 3]
[6, 6, 4, 4, 4, 4, 4, 3]
[7, 3]
[6, 6, 4, 4, 4, 3]
[42, 12, 3]
[8, 5, 4, 95, 3]
[7, 3]
[27, 11, 4, 4, 4, 3]
[27, 11, 9, 4, 8, 5, 4, 14, 3]
[8, 5, 4, 19, 23, 4, 4, 4, 4, 4, 4, 4, 4, 4, 4, 4, 4, 4, 4, 4, 4, 4, 4, 4, 4, 4, 4, 4, 4, 4, 3]
[120, 6, 4, 8, 4, 14, 4, 4, 3]
[27, 11, 4, 4, 3]
[124, 3]
[6, 11, 6, 4, 4, 4, 4, 6, 6, 3]
[20, 6, 10, 6, 3]
[7, 11, 9, 3]
[30, 5, 4, 6, 3]
[7, 11, 10, 3]
[120, 6, 3]
[124, 11, 3]
[6, 6, 6, 3]
[27, 3]
[27, 11, 9, 3]
[27, 11, 9, 4, 8, 5, 4, 17, 4, 14, 4, 4, 3]
[7, 3]
[8, 5, 4, 19, 23, 4, 4, 4, 4, 4, 4, 4, 4, 4, 4, 4, 3]
[20, 6, 4, 4, 4, 4, 3]
[90, 4, 14, 4, 14, 4, 4, 3]
[27, 11, 9, 3]
[8, 5, 4, 19, 5, 4, 6, 4, 7, 4, 4, 4, 4, 4, 3]
[87, 3]
[6, 6, 6, 3]
[6, 6, 6, 4, 4, 6, 3]
[42, 12, 3]
[6, 11, 6, 6, 3]
[34, 7, 4, 5, 9, 4, 4, 4, 4, 4, 4, 4, 4, 4, 4, 4, 4, 4, 4, 3]
[8, 15, 4, 19, 23, 4, 17, 4, 19, 23, 4, 7, 4, 7, 4, 27, 11, 3]
[124, 11, 3]
[20, 6, 4, 4, 4, 4, 4, 4, 4, 4, 4, 4, 4, 4, 4, 4, 4, 4, 4, 4, 4, 4, 3]
[8, 5, 4, 19, 23, 4, 4, 4, 4, 4, 4, 4, 4, 6, 10, 6, 3]
[7, 11, 11, 9, 3]
[8, 25, 4, 19, 23, 4, 4, 3]
[34, 7, 4, 14, 3]
[27, 11, 4, 4, 4, 4, 4, 3]
[6, 6, 10, 10, 3]
[8, 5, 4, 37, 4, 4, 4, 4, 4, 4, 4, 4, 3]
[7, 4, 4, 4, 4, 4, 4, 4, 4, 4, 4, 3]
[8, 5, 4, 37, 4, 4, 4, 4, 4, 4, 4, 4, 4, 4, 4, 4, 4, 4, 4, 4, 4, 3]
[36, 4, 8, 4, 4, 4, 4, 4, 3]
[46, 4, 14, 3]
[8, 5, 4, 19, 23, 4, 4, 4, 4, 4, 4, 4, 3]
[8, 5, 4, 19, 23, 4, 27, 11, 3]
[46, 4, 14, 4, 4, 4, 4, 4, 11, 9, 3]
[15, 4, 4, 12, 3]
[27, 11, 9, 3]
[7, 11, 32, 3]
[20, 6, 4, 4, 6, 6, 3]
[34, 3]
[46, 4, 8, 4, 4, 4, 4, 4, 4, 4, 4, 4, 4, 4, 4, 4, 4, 4, 4, 4, 3]
[34, 7, 4, 4, 4, 4, 4, 4, 4, 4, 4, 4, 4, 4, 4, 4, 4, 4, 4, 4, 4, 4, 3]
[20, 6, 4, 5, 9, 4, 5, 9, 4, 7, 4, 4, 3]
[124, 11, 3]
[15, 26, 4, 13, 4, 4, 4, 4, 4, 4, 4, 4, 4, 4, 3]
[8, 5, 4, 95, 3]
[124, 11, 3]
[30, 5, 4, 5, 9, 4, 5, 9, 4, 4, 4, 3]
[33, 16, 4, 37, 4, 4, 4, 4, 4, 4, 4, 4, 4, 4, 4, 4, 4, 3]
[15, 4, 3]
[33, 16, 4, 19, 5, 4, 27, 3]
[6, 11, 6, 6, 6, 3]
[15, 26, 4, 5, 9, 4, 5, 9, 4, 6, 3]
[33, 16, 4, 37, 4, 4, 4, 4, 4, 4, 4, 4, 3]
[27, 11, 3]
[36, 4, 4, 4, 4, 4, 4, 4, 4, 4, 4, 4, 4, 4, 3]
[8, 5, 4, 19, 23, 4, 4, 4, 4, 4, 4, 4, 4, 6, 6, 3]
[20, 6, 3]
[124, 3]
[27, 11, 4, 4, 4, 3]
[27, 3]
[42, 6, 4, 4, 6, 6, 3]
[124, 6, 4, 4, 4, 4, 4, 4, 4, 4, 4, 4, 4, 4, 4, 3]
[7, 11, 3]
[8, 5, 4, 5, 9, 4, 5, 9, 4, 4, 4, 4, 4, 4, 4, 4, 4, 4, 4, 4, 4, 6, 3]
[124, 11, 6, 10, 6, 4, 4, 4, 4, 4, 4, 4, 4, 4, 4, 4, 4, 4, 4, 4, 4, 4, 4, 4, 4, 3]
[8, 5, 4, 37, 4, 4, 4, 4, 4, 4, 4, 4, 4, 4, 4, 4, 4, 4, 4, 4, 4, 3]
[36, 4, 4, 11, 9, 3]
[36, 4, 14, 4, 14, 4, 4, 3]
[27, 11, 9, 3]
[8, 15, 4, 19, 23, 4, 4, 4, 4, 4, 4, 4, 4, 4, 4, 4, 4, 6, 3]
[34, 5, 3]
[8, 5, 4, 19, 23, 4, 4, 4, 4, 4, 4, 4, 4, 4, 4, 4, 4, 6, 10, 3]
[33, 16, 4, 4, 4, 4, 4, 4, 4, 4, 6, 3]
[36, 4, 8, 4, 4, 4, 4, 4, 4, 4, 4, 4, 4, 4, 4, 3]
[35, 4, 14, 4, 4, 4, 4, 4, 4, 4, 4, 4, 4, 4, 6, 6, 3]
[124, 11, 3]
[6, 6, 3]
[35, 4, 14, 4, 27, 3]
[6, 19, 5, 3]
[8, 5, 4, 19, 5, 4, 17, 4, 7, 4, 4, 4, 4, 4, 4, 3]
[8, 5, 4, 19, 5, 4, 6, 6, 3]
[27, 11, 3]
[20, 6, 10, 3]
[5, 9, 4, 5, 9, 4, 4, 4, 4, 4, 4, 4, 4, 4, 4, 4, 4, 4, 4, 4, 4, 4, 4, 4, 4, 4, 3]
[35, 4, 14, 4, 4, 4, 4, 4, 3]
[15, 26, 4, 5, 9, 4, 4, 6, 6, 3]
[7, 11, 3]
[8, 5, 4, 37, 4, 4, 4, 4, 3]
[15, 26, 4, 7, 4, 4, 4, 3]
[8, 15, 4, 19, 23, 4, 17, 4, 7, 4, 4, 3]
[46, 4, 8, 5, 4, 7, 4, 4, 4, 4, 3]
[8, 5, 4, 19, 5, 4, 6, 4, 27, 11, 3]
[46, 4, 14, 4, 4, 4, 4, 4, 3]
[35, 4, 14, 4, 37, 4, 4, 4, 4, 4, 4, 4, 4, 4, 4, 4, 4, 4, 4, 4, 3]
[20, 6, 4, 4, 3]
[36, 4, 28, 3]
[27, 11, 9, 3]
[27, 11, 9, 4, 4, 4, 3]
[6, 11, 4, 4, 4, 6, 3]
[46, 4, 14, 4, 4, 4, 4, 4, 4, 4, 4, 4, 4, 4, 4, 4, 4, 4, 4, 3]
[34, 7, 4, 5, 9, 4, 5, 9, 4, 4, 4, 4, 4, 4, 4, 4, 4, 4, 4, 6, 10, 3]
[8, 5, 4, 19, 5, 4, 6, 4, 4, 4, 4, 4, 4, 4, 4, 4, 4, 4, 4, 4, 6, 3]
[8, 15, 4, 37, 23, 4, 17, 4, 37, 4, 4, 4, 4, 4, 4, 4, 4, 4, 4, 4, 4, 3]
[13, 4, 8, 5, 4, 20, 6, 4, 7, 3]
[96, 79, 4, 5, 9, 4, 4, 4, 4, 4, 4, 4, 4, 4, 4, 4, 4, 4, 4, 4, 3]
[46, 4, 8, 5, 4, 37, 4, 4, 4, 4, 4, 4, 4, 4, 4, 4, 4, 4, 4, 4, 4, 4, 4, 4, 4, 4, 4, 4, 4, 4, 3]
[8, 5, 4, 19, 6, 4, 4, 4, 4, 4, 4, 6, 6, 3]
[6, 11, 3]
[5, 4, 19, 5, 4, 20, 6, 4, 7, 4, 4, 6, 6, 3]
[15, 4, 14, 4, 4, 4, 4, 4, 4, 4, 4, 4, 4, 4, 3]
[13, 4, 19, 5, 4, 20, 6, 4, 7, 4, 4, 4, 4, 4, 4, 3]
[6, 6, 6, 3]
[124, 11, 9, 3]
[5, 4, 4, 4, 4, 4, 4, 4, 4, 4, 4, 4, 4, 3]
[124, 11, 11, 6, 10, 10, 4, 4, 4, 4, 4, 4, 4, 4, 4, 4, 4, 4, 4, 4, 4, 3]
[36, 4, 8, 4, 4, 4, 4, 4, 4, 4, 4, 4, 4, 4, 4, 4, 4, 4, 4, 4, 4, 4, 3]
[6, 6, 4, 4, 4, 3]
[8, 5, 4, 19, 23, 4, 4, 4, 4, 4, 4, 4, 4, 4, 4, 3]
[20, 6, 4, 4, 6, 6, 3]
[60, 7, 4, 4, 4, 4, 4, 4, 4, 4, 3]
[5, 9, 4, 4, 4, 4, 4, 4, 4, 4, 4, 4, 4, 3]
[36, 4, 14, 3]
[36, 26, 4, 6, 6, 3]
[15, 4, 7, 4, 4, 4, 4, 4, 4, 4, 4, 4, 4, 4, 4, 3]
[15, 4, 14, 4, 14, 4, 4, 4, 4, 4, 4, 4, 4, 6, 3]
[27, 11, 6, 6, 3]
[6, 11, 6, 4, 4, 6, 3]
[8, 79, 4, 37, 4, 4, 4, 4, 4, 4, 4, 4, 4, 4, 4, 4, 3]
[6, 6, 6, 4, 4, 4, 4, 6, 3]
[8, 5, 4, 37, 4, 4, 4, 4, 4, 3]
[42, 3]
[8, 15, 4, 19, 23, 4, 17, 4, 19, 23, 4, 7, 4, 4, 4, 4, 4, 4, 4, 4, 4, 4, 3]
[8, 15, 4, 19, 23, 4, 17, 4, 19, 23, 4, 7, 4, 4, 4, 3]
[30, 5, 4, 5, 9, 4, 4, 4, 4, 4, 4, 4, 3]
[46, 4, 8, 5, 4, 37, 4, 4, 4, 4, 4, 4, 4, 4, 3]
[34, 3]
[15, 26, 4, 5, 9, 4, 4, 4, 4, 4, 4, 4, 3]
[27, 11, 9, 4, 8, 5, 4, 17, 4, 4, 4, 4, 4, 4, 4, 4, 4, 4, 4, 4, 4, 4, 4, 4, 4, 3]
[46, 4, 14, 3]
[6, 6, 4, 4, 3]
[34, 7, 3]
[33, 16, 4, 95, 3]
[124, 103, 4, 4, 4, 3]
[7, 4, 4, 4, 6, 6, 3]
[5, 9, 4, 5, 9, 4, 4, 4, 4, 4, 4, 6, 3]
[124, 3]
[20, 6, 3]
[35, 4, 14, 4, 14, 4, 4, 4, 4, 4, 4, 6, 3]
[15, 4, 4, 12, 3]
[36, 4, 5, 9, 4, 6, 6, 3]
[8, 5, 4, 37, 4, 4, 4, 4, 4, 4, 4, 4, 4, 4, 3]
[27, 11, 3]
[8, 5, 4, 37, 4, 4, 4, 4, 4, 4, 4, 3]
[20, 6, 4, 4, 4, 6, 6, 3]
[14, 7, 4, 7, 4, 4, 4, 3]
[124, 11, 6, 10, 6, 4, 4, 4, 4, 4, 4, 4, 4, 4, 4, 4, 4, 4, 4, 4, 3]
[6, 11, 4, 4, 6, 6, 3]
[20, 6, 4, 4, 3]
[8, 15, 4, 19, 23, 4, 17, 4, 19, 23, 4, 17, 4, 7, 4, 4, 4, 4, 3]
[120, 6, 4, 4, 4, 4, 4, 4, 4, 4, 4, 4, 3]
[30, 5, 4, 5, 9, 4, 4, 4, 4, 4, 3]
[8, 15, 4, 37, 23, 4, 17, 4, 17, 4, 17, 4, 7, 3]
[36, 26, 4, 7, 4, 4, 4, 4, 4, 4, 6, 3]
[14, 4, 14, 4, 4, 4, 4, 4, 4, 4, 6, 6, 3]
[7, 3]
[33, 16, 4, 8, 5, 4, 37, 4, 4, 4, 4, 4, 4, 4, 3]
[27, 3]
[6, 6, 3]
[27, 11, 6, 6, 3]
[36, 4, 4, 6, 3]
[6, 6, 6, 3]
[20, 6, 3]
[8, 25, 4, 19, 4, 4, 4, 4, 4, 4, 4, 4, 4, 3]
[42, 4, 4, 5, 9, 4, 5, 9, 4, 5, 9, 4, 5, 9, 4, 6, 6, 3]
[27, 3]
[36, 26, 4, 7, 4, 4, 4, 4, 4, 4, 4, 4, 4, 4, 4, 4, 4, 4, 4, 4, 3]
[33, 16, 4, 5, 9, 4, 7, 4, 4, 4, 3]
[8, 5, 4, 37, 4, 4, 4, 4, 4, 4, 4, 3]
[46, 4, 8, 5, 4, 4, 4, 4, 4, 4, 4, 4, 4, 4, 4, 4, 4, 4, 4, 4, 4, 4, 4, 4, 3]
[27, 3]
[33, 16, 4, 37, 4, 4, 4, 4, 4, 4, 4, 4, 3]
[8, 5, 4, 19, 23, 4, 4, 4, 4, 4, 4, 4, 4, 4, 4, 4, 4, 4, 4, 3]
[7, 4, 4, 4, 4, 4, 4, 4, 4, 4, 4, 6, 3]
[34, 7, 4, 14, 4, 4, 4, 4, 4, 4, 4, 4, 4, 4, 4, 3]
[27, 11, 9, 3]
[36, 4, 8, 4, 4, 4, 4, 4, 4, 4, 6, 6, 3]
[7, 3]
[34, 7, 4, 4, 6, 6, 3]
[7, 4, 4, 3]
[35, 4, 14, 4, 14, 4, 14, 4, 4, 4, 4, 4, 4, 4, 4, 4, 4, 4, 4, 4, 4, 3]
[96, 79, 4, 19, 23, 4, 4, 4, 4, 4, 4, 4, 4, 4, 3]
[20, 6, 4, 5, 9, 4, 7, 4, 4, 4, 4, 4, 4, 4, 4, 4, 3]
[8, 5, 4, 37, 4, 4, 4, 4, 4, 4, 4, 4, 4, 4, 4, 3]
[96, 79, 4, 19, 23, 4, 7, 4, 4, 6, 3]
[15, 26, 4, 6, 6, 6, 3]
[120, 6, 4, 8, 4, 14, 4, 4, 4, 4, 4, 4, 4, 4, 3]
[27, 3]
[8, 15, 4, 19, 23, 4, 17, 4, 19, 23, 4, 7, 4, 27, 11, 9, 3]
[27, 11, 9, 4, 4, 4, 6, 3]
[90, 4, 28, 3]
[34, 7, 4, 5, 9, 4, 4, 4, 4, 4, 4, 4, 4, 4, 6, 3]
[6, 6, 4, 4, 4, 4, 4, 4, 6, 6, 3]
[7, 4, 4, 6, 6, 6, 3]
[30, 5, 4, 20, 6, 4, 4, 6, 3]
[8, 15, 4, 37, 23, 4, 17, 4, 17, 4, 4, 4, 4, 4, 4, 4, 4, 4, 4, 4, 4, 4, 4, 4, 4, 3]
[15, 26, 4, 8, 5, 4, 7, 4, 4, 4, 3]
[5, 4, 4, 4, 4, 4, 4, 4, 4, 4, 4, 4, 3]
[27, 11, 9, 4, 5, 9, 4, 4, 4, 4, 4, 4, 4, 4, 4, 4, 4, 4, 4, 3]
[34, 7, 4, 8, 4, 4, 4, 4, 4, 4, 4, 4, 4, 4, 4, 4, 4, 3]
[15, 26, 4, 7, 4, 4, 4, 4, 4, 4, 4, 4, 4, 4, 3]
[124, 3]
[35, 4, 14, 4, 4, 4, 4, 4, 4, 4, 4, 4, 4, 4, 4, 4, 4, 4, 4, 4, 4, 4, 4, 3]
[7, 11, 4, 4, 4, 6, 6, 3]
[46, 4, 4, 4, 4, 4, 3]
[36, 4, 8, 4, 4, 4, 4, 4, 4, 4, 4, 4, 3]
[46, 4, 8, 5, 4, 37, 4, 4, 4, 4, 4, 4, 4, 4, 4, 3]
[20, 4, 4, 4, 4, 4, 4, 4, 4, 4, 4, 4, 4, 4, 4, 4, 4, 4, 4, 4, 4, 4, 3]
[8, 5, 4, 19, 5, 4, 6, 6, 6, 3]
[36, 4, 14, 4, 14, 4, 37, 4, 4, 4, 4, 4, 4, 4, 4, 4, 3]
[30, 5, 4, 8, 5, 4, 17, 4, 4, 4, 4, 4, 4, 4, 4, 6, 3]
[20, 6, 10, 4, 4, 4, 4, 4, 4, 4, 3]
[6, 6, 6, 4, 4, 6, 6, 3]
[8, 25, 4, 95, 3]
[6, 6, 3]
[27, 11, 3]
[34, 7, 4, 4, 4, 4, 4, 3]
[20, 6, 10, 4, 4, 4, 4, 3]
[15, 4, 6, 6, 3]
[34, 7, 3]
[6, 11, 3]
[8, 15, 4, 19, 23, 4, 17, 4, 20, 6, 4, 7, 4, 4, 4, 4, 4, 4, 4, 4, 4, 4, 4, 4, 4, 4, 6, 3]
[8, 5, 4, 37, 4, 4, 4, 4, 4, 4, 4, 4, 4, 4, 4, 4, 4, 4, 3]
[46, 4, 4, 12, 3]
[34, 3]
[20, 6, 10, 3]
[7, 11, 4, 4, 4, 4, 4, 4, 4, 4, 4, 3]
[34, 7, 3]
[33, 16, 4, 37, 4, 4, 4, 4, 4, 4, 4, 4, 4, 4, 4, 4, 3]
[15, 26, 4, 5, 9, 4, 4, 4, 6, 6, 3]
[6, 6, 6, 6, 3]
[46, 4, 8, 5, 4, 37, 4, 4, 4, 4, 4, 3]
[20, 6, 4, 5, 9, 4, 5, 9, 4, 6, 3]
[35, 4, 14, 4, 37, 4, 4, 4, 4, 11, 9, 3]
[15, 4, 7, 4, 4, 4, 4, 4, 4, 3]
[36, 3]
[34, 7, 12, 3]
[36, 4, 8, 5, 4, 14, 7, 4, 7, 4, 3]
[33, 16, 4, 8, 4, 4, 4, 4, 4, 4, 4, 3]
[6, 6, 3]
[46, 4, 14, 4, 14, 4, 14, 4, 4, 4, 4, 4, 4, 4, 4, 4, 4, 4, 4, 4, 4, 4, 4, 4, 3]
[6, 6, 6, 6, 3]
[8, 25, 4, 19, 23, 4, 17, 4, 7, 4, 4, 4, 4, 4, 4, 4, 3]
[36, 3]
[34, 3]
[8, 25, 4, 19, 4, 4, 4, 4, 3]
[36, 4, 8, 4, 14, 4, 4, 4, 4, 4, 3]
[27, 11, 9, 3]
[36, 4, 14, 4, 14, 4, 14, 4, 4, 4, 4, 4, 4, 4, 4, 4, 4, 4, 4, 4, 3]
[42, 7, 4, 5, 9, 4, 4, 6, 4, 4, 4, 4, 4, 4, 4, 4, 4, 4, 4, 3]
[15, 26, 4, 4, 4, 4, 4, 4, 4, 4, 4, 4, 4, 4, 4, 4, 3]
[15, 4, 4, 4, 4, 3]
[30, 5, 4, 5, 9, 4, 4, 4, 4, 4, 6, 3]
[27, 11, 9, 4, 8, 5, 4, 3]
[36, 4, 8, 4, 14, 4, 4, 4, 4, 4, 4, 4, 4, 6, 10, 6, 3]
[8, 5, 4, 19, 23, 4, 4, 4, 4, 4, 3]
[20, 6, 10, 4, 4, 4, 6, 6, 3]
[46, 4, 8, 5, 4, 19, 4, 4, 4, 4, 4, 4, 4, 4, 6, 10, 3]
[34, 3]
[34, 7, 4, 4, 4, 4, 4, 4, 4, 4, 4, 4, 4, 4, 4, 4, 4, 3]
[33, 16, 4, 37, 4, 4, 4, 4, 4, 4, 4, 4, 4, 4, 3]
[30, 5, 4, 7, 4, 4, 4, 4, 4, 3]
[46, 4, 8, 5, 4, 14, 4, 3]
[6, 6, 10, 3]
[7, 11, 4, 4, 3]
[7, 3]
[36, 4, 8, 4, 4, 4, 4, 4, 4, 4, 4, 4, 4, 4, 4, 3]
[8, 5, 4, 19, 23, 4, 4, 4, 4, 4, 4, 4, 3]
[8, 5, 4, 19, 23, 4, 27, 11, 3]
[30, 5, 4, 6, 6, 3]
[124, 12, 3]
[15, 4, 5, 9, 4, 5, 9, 4, 5, 9, 4, 7, 4, 4, 4, 4, 3]
[42, 11, 9, 3]
[46, 4, 8, 5, 4, 20, 6, 4, 7, 3]
[124, 3]
[87, 3]
[20, 6, 3]
[34, 7, 4, 8, 4, 4, 4, 4, 4, 4, 4, 4, 3]
[8, 5, 4, 19, 23, 4, 4, 4, 4, 4, 4, 6, 6, 6, 3]
[90, 4, 14, 3]
[33, 16, 4, 4, 4, 4, 4, 4, 4, 4, 4, 3]
[7, 11, 11, 6, 3]
[15, 26, 4, 28, 3]
[34, 7, 4, 14, 4, 14, 4, 4, 4, 4, 4, 4, 4, 3]
[27, 11, 4, 4, 6, 6, 6, 3]
[6, 6, 4, 4, 4, 4, 4, 6, 3]
[7, 7, 4, 4, 4, 4, 4, 4, 4, 4, 4, 4, 4, 4, 4, 4, 4, 4, 3]
[8, 5, 4, 19, 5, 9, 4, 4, 4, 4, 4, 4, 4, 3]
[46, 4, 8, 5, 4, 17, 4, 4, 4, 4, 4, 4, 4, 4, 4, 4, 4, 4, 4, 4, 4, 4, 4, 4, 4, 4, 3]
[8, 79, 4, 37, 4, 4, 4, 4, 4, 3]
[27, 11, 9, 3]
[46, 4, 8, 4, 4, 4, 4, 4, 4, 4, 4, 3]
[6, 11, 4, 4, 4, 4, 3]
[36, 4, 5, 9, 4, 4, 4, 4, 4, 4, 4, 4, 4, 4, 4, 4, 4, 4, 4, 4, 4, 3]
[36, 3]
[7, 11, 3]
[8, 5, 4, 37, 4, 4, 4, 4, 4, 4, 4, 4, 4, 4, 4, 4, 4, 3]
[27, 3]
[34, 7, 4, 5, 9, 4, 4, 4, 4, 4, 4, 3]
[35, 4, 14, 4, 37, 4, 4, 4, 4, 6, 3]
[33, 16, 4, 8, 4, 4, 4, 4, 4, 4, 4, 4, 4, 3]
[20, 6, 4, 8, 5, 4, 7, 4, 4, 3]
[124, 103, 4, 4, 6, 3]
[7, 11, 11, 6, 6, 3]
[46, 4, 8, 5, 4, 19, 4, 4, 4, 4, 4, 4, 4, 4, 4, 4, 4, 4, 4, 4, 4, 4, 4, 3]
[27, 11, 9, 4, 4, 4, 4, 4, 4, 4, 4, 6, 3]
[15, 26, 4, 5, 9, 4, 4, 4, 4, 4, 4, 6, 3]
[15, 4, 4, 4, 4, 4, 4, 4, 4, 4, 4, 4, 4, 4, 4, 4, 4, 4, 4, 4, 3]
[27, 11, 9, 4, 4, 4, 6, 3]
[96, 79, 4, 19, 23, 4, 27, 3]
[15, 4, 4, 4, 12, 3]
[8, 5, 4, 37, 4, 4, 4, 4, 3]
[42, 4, 4, 4, 4, 4, 3]
[36, 4, 5, 9, 4, 5, 9, 4, 7, 4, 4, 4, 3]
[20, 6, 4, 4, 4, 3]
[5, 9, 4, 5, 9, 4, 6, 3]
[30, 4, 8, 5, 4, 19, 5, 3]
[42, 7, 4, 4, 4, 3]
[36, 4, 8, 4, 4, 11, 9, 3]
[6, 6, 3]
[34, 7, 4, 4, 4, 4, 4, 4, 4, 4, 4, 4, 4, 4, 4, 4, 3]
[27, 11, 9, 4, 4, 4, 4, 6, 6, 3]
[27, 11, 3]
[13, 4, 7, 4, 4, 4, 4, 4, 4, 4, 6, 6, 3]
[6, 11, 6, 3]
[20, 6, 4, 4, 4, 4, 4, 4, 4, 4, 4, 4, 4, 4, 4, 3]
[33, 16, 4, 14, 4, 14, 4, 4, 3]
[33, 16, 4, 8, 5, 4, 37, 4, 4, 4, 4, 3]
[14, 4, 14, 4, 4, 4, 4, 4, 4, 4, 3]
[33, 16, 4, 8, 5, 4, 37, 4, 4, 4, 4, 4, 4, 4, 4, 3]
[42, 3]
[8, 5, 4, 19, 23, 4, 4, 4, 4, 4, 4, 4, 4, 4, 4, 4, 4, 4, 4, 4, 4, 4, 4, 4, 3]
[46, 4, 8, 4, 4, 4, 4, 4, 11, 3]
[33, 16, 4, 37, 4, 4, 4, 4, 4, 4, 4, 4, 4, 4, 4, 4, 4, 4, 3]
[27, 11, 3]
[30, 4, 4, 4, 4, 4, 4, 4, 4, 4, 4, 4, 4, 4, 4, 4, 4, 4, 3]
[15, 4, 7, 11, 3]
[6, 6, 6, 3]
[36, 4, 19, 5, 4, 6, 6, 6, 3]
[27, 11, 9, 4, 4, 6, 3]
[34, 7, 3]
[7, 6, 4, 4, 4, 4, 4, 4, 4, 4, 4, 4, 4, 4, 4, 6, 6, 3]
[46, 4, 8, 5, 4, 19, 4, 4, 4, 4, 4, 4, 4, 4, 3]
[6, 6, 3]
[8, 5, 4, 37, 4, 4, 3]
[20, 6, 10, 10, 3]
[6, 6, 6, 10, 4, 4, 4, 6, 6, 3]
[6, 6, 6, 3]
[8, 5, 4, 19, 5, 4, 20, 6, 4, 7, 4, 6, 3]
[36, 3]
[27, 3]
[124, 6, 4, 4, 4, 4, 3]
[27, 3]
[36, 4, 14, 3]
[34, 3]
[7, 11, 11, 9, 3]
[7, 4, 4, 4, 4, 4, 4, 4, 3]
[34, 7, 4, 14, 4, 14, 4, 4, 4, 4, 4, 4, 4, 4, 4, 4, 4, 4, 4, 4, 4, 4, 3]
[124, 3]
[15, 26, 4, 7, 4, 4, 4, 4, 4, 3]
[6, 6, 4, 4, 4, 3]
[36, 4, 5, 9, 4, 5, 9, 4, 5, 9, 4, 7, 4, 4, 4, 4, 4, 4, 4, 4, 4, 4, 4, 4, 3]
[8, 5, 4, 19, 23, 4, 4, 4, 4, 4, 3]
[34, 7, 4, 4, 4, 4, 4, 4, 4, 4, 4, 4, 4, 4, 4, 4, 4, 3]
[35, 4, 14, 4, 37, 4, 4, 4, 4, 4, 4, 4, 4, 4, 4, 3]
[34, 7, 4, 4, 4, 4, 4, 4, 3]
[6, 6, 4, 4, 4, 4, 3]
[6, 6, 6, 10, 4, 4, 4, 4, 6, 6, 3]
[36, 4, 14, 4, 4, 4, 4, 4, 4, 4, 4, 4, 3]
[7, 11, 11, 4, 4, 4, 4, 4, 6, 6, 3]
[42, 6, 3]
[124, 11, 11, 6, 10, 10, 4, 4, 4, 4, 4, 4, 4, 4, 4, 4, 4, 4, 4, 4, 4, 3]
[8, 15, 4, 19, 23, 4, 17, 4, 19, 23, 4, 7, 4, 4, 4, 6, 6, 3]
[30, 5, 4, 20, 6, 4, 7, 4, 4, 4, 4, 4, 4, 4, 4, 3]
[8, 5, 4, 19, 23, 4, 4, 6, 3]
[35, 4, 14, 4, 37, 4, 4, 4, 4, 4, 4, 4, 4, 6, 10, 6, 3]
[42, 7, 4, 4, 4, 4, 4, 4, 4, 4, 3]
[124, 3]
[6, 6, 3]
[6, 11, 6, 4, 4, 4, 6, 6, 3]
[46, 4, 8, 5, 4, 14, 4, 3]
[27, 11, 4, 8, 5, 4, 8, 5, 4, 7, 3]
[36, 4, 14, 4, 14, 4, 4, 4, 4, 3]
[15, 4, 4, 4, 4, 4, 4, 4, 6, 6, 3]
[15, 4, 7, 4, 4, 4, 4, 4, 4, 3]
[15, 4, 4, 4, 4, 4, 4, 4, 4, 4, 4, 4, 4, 4, 4, 4, 4, 4, 4, 4, 4, 4, 3]
[34, 7, 3]
[8, 5, 4, 19, 23, 4, 4, 4, 3]
[8, 5, 4, 19, 5, 9, 4, 4, 4, 4, 4, 4, 4, 4, 4, 4, 4, 4, 4, 4, 4, 4, 4, 4, 4, 4, 3]
[33, 16, 4, 95, 3]
[36, 4, 5, 9, 4, 5, 9, 4, 7, 4, 4, 4, 4, 4, 4, 4, 4, 3]
[34, 7, 4, 3]
[15, 4, 7, 4, 4, 4, 4, 6, 3]
[46, 4, 8, 5, 4, 37, 4, 4, 4, 4, 4, 4, 4, 4, 3]
[36, 26, 4, 7, 4, 4, 4, 4, 4, 6, 3]
[15, 26, 4, 5, 9, 4, 5, 9, 4, 4, 4, 3]
[27, 3]
[6, 6, 3]
[20, 6, 4, 8, 5, 4, 13, 4, 4, 4, 4, 4, 4, 4, 4, 4, 4, 4, 4, 4, 4, 4, 4, 3]
[36, 4, 3]
[46, 4, 4, 4, 4, 4, 4, 4, 4, 4, 4, 4, 4, 4, 4, 3]
[35, 4, 14, 4, 14, 4, 4, 4, 4, 4, 3]
[15, 26, 4, 5, 9, 4, 4, 4, 4, 4, 4, 4, 4, 3]
[15, 26, 4, 7, 3]
[8, 5, 4, 19, 5, 9, 4, 4, 4, 4, 4, 4, 4, 4, 4, 4, 4, 4, 4, 4, 6, 10, 3]
[6, 6, 4, 4, 4, 4, 4, 4, 4, 4, 4, 4, 4, 4, 4, 4, 4, 4, 4, 4, 3]
[27, 11, 3]
[7, 6, 4, 4, 4, 4, 4, 4, 4, 3]
[8, 5, 4, 19, 5, 9, 4, 4, 6, 4, 5, 9, 4, 6, 6, 3]
[42, 11, 6, 10, 4, 4, 4, 6, 3]
[124, 103, 4, 3]
[30, 5, 4, 4, 6, 4, 4, 4, 4, 4, 3]
[7, 4, 4, 4, 4, 4, 4, 4, 4, 4, 4, 4, 4, 4, 4, 3]
[8, 5, 4, 8, 5, 4, 95, 3]
[34, 7, 11, 9, 3]
[15, 4, 14, 4, 14, 4, 4, 4, 4, 4, 4, 4, 4, 4, 4, 4, 4, 4, 3]
[6, 6, 3]
[15, 26, 4, 5, 9, 4, 4, 4, 4, 4, 4, 4, 4, 4, 4, 3]
[34, 7, 4, 4, 4, 4, 4, 4, 4, 4, 4, 4, 4, 4, 4, 4, 4, 4, 3]
[27, 11, 3]
[7, 11, 3]
[87, 3]
[8, 5, 4, 37, 4, 4, 4, 4, 4, 4, 4, 4, 4, 4, 3]
[46, 4, 14, 4, 14, 4, 4, 4, 4, 4, 4, 4, 4, 4, 4, 4, 4, 3]
[5, 9, 4, 5, 9, 4, 5, 9, 4, 7, 4, 4, 3]
[27, 11, 3]
[46, 4, 95, 3]
[7, 19, 5, 9, 3]
[36, 4, 8, 4, 14, 4, 14, 4, 4, 4, 4, 4, 4, 4, 4, 3]
[15, 26, 4, 7, 4, 4, 4, 4, 4, 4, 4, 4, 4, 3]
[46, 4, 8, 5, 4, 37, 4, 4, 4, 4, 4, 4, 4, 4, 4, 6, 3]
[124, 11, 3]
[46, 4, 8, 5, 4, 19, 23, 4, 17, 4, 7, 4, 4, 4, 4, 3]
[8, 5, 4, 19, 23, 4, 4, 4, 4, 4, 4, 4, 4, 4, 4, 3]
[124, 11, 3]
[33, 16, 4, 37, 4, 4, 4, 4, 4, 4, 3]
[8, 5, 4, 37, 4, 4, 4, 4, 4, 4, 4, 4, 4, 4, 4, 3]
[15, 26, 4, 6, 6, 3]
[30, 5, 4, 8, 4, 4, 4, 4, 4, 4, 4, 4, 4, 3]
[20, 6, 6, 3]
[15, 4, 19, 5, 53, 3]
[7, 11, 3]
[8, 5, 4, 37, 4, 4, 4, 4, 4, 4, 4, 4, 4, 4, 4, 4, 3]
[36, 4, 8, 4, 4, 4, 4, 4, 4, 4, 4, 4, 4, 4, 4, 4, 4, 4, 4, 4, 4, 4, 4, 4, 3]
[36, 4, 8, 4, 4, 4, 4, 4, 4, 4, 4, 4, 4, 4, 4, 3]
[34, 7, 4, 4, 4, 4, 4, 4, 4, 6, 3]
[33, 16, 4, 37, 4, 4, 4, 4, 4, 4, 4, 4, 4, 4, 4, 4, 4, 3]
[15, 26, 4, 5, 9, 4, 5, 9, 4, 4, 4, 3]
[33, 16, 4, 19, 6, 4, 4, 4, 4, 4, 4, 6, 3]
[20, 6, 4, 5, 9, 4, 5, 9, 4, 5, 9, 4, 7, 4, 4, 3]
[46, 4, 8, 4, 4, 4, 4, 6, 6, 3]
[27, 11, 9, 4, 4, 4, 4, 6, 3]
[30, 5, 4, 5, 9, 4, 4, 4, 4, 4, 4, 4, 3]
[34, 7, 3]
[8, 5, 4, 19, 23, 4, 4, 4, 4, 4, 3]
[36, 4, 14, 3]
[8, 5, 4, 19, 23, 4, 4, 4, 4, 4, 4, 4, 4, 4, 4, 4, 4, 4, 4, 4, 3]
[33, 16, 4, 37, 4, 4, 4, 4, 4, 4, 4, 4, 4, 4, 3]
[6, 6, 4, 4, 4, 4, 4, 4, 4, 4, 4, 4, 4, 4, 4, 4, 4, 4, 4, 4, 4, 4, 4, 4, 4, 4, 4, 4, 4, 3]
[34, 11, 9, 3]
[60, 6, 10, 6, 10, 10, 3]
[33, 16, 4, 95, 3]
[120, 6, 4, 8, 5, 4, 19, 23, 4, 6, 3]
[33, 16, 4, 37, 4, 4, 4, 4, 4, 4, 4, 4, 4, 4, 4, 4, 4, 3]
[34, 5, 3]
[27, 11, 4, 4, 3]
[124, 6, 4, 4, 4, 4, 4, 3]
[13, 4, 8, 4, 4, 4, 4, 4, 4, 4, 4, 4, 4, 4, 4, 4, 4, 4, 4, 4, 4, 4, 4, 4, 4, 4, 4, 4, 4, 4, 3]
[8, 5, 4, 19, 5, 4, 6, 4, 4, 4, 4, 4, 4, 4, 4, 4, 3]
[36, 4, 5, 9, 4, 4, 4, 4, 4, 4, 4, 4, 4, 4, 4, 3]
[7, 6, 4, 4, 4, 6, 6, 3]
[34, 7, 3]
[46, 4, 8, 5, 4, 19, 23, 4, 4, 4, 4, 4, 4, 4, 6, 3]
[6, 6, 4, 4, 4, 3]
[6, 11, 10, 3]
[34, 7, 11, 6, 6, 3]
[15, 4, 5, 9, 4, 4, 4, 4, 4, 4, 4, 4, 4, 4, 4, 4, 4, 4, 4, 4, 4, 4, 4, 4, 3]
[15, 4, 5, 9, 4, 4, 4, 4, 4, 4, 4, 4, 6, 6, 6, 3]
[27, 11, 4, 4, 4, 3]
[7, 4, 4, 3]
[7, 4, 4, 4, 3]
[27, 11, 9, 3]
[7, 6, 4, 4, 4, 4, 4, 4, 4, 4, 4, 4, 4, 4, 4, 6, 3]
[34, 7, 4, 95, 3]
[7, 4, 4, 4, 6, 6, 3]
[8, 5, 4, 37, 4, 4, 4, 4, 4, 4, 4, 4, 3]
[96, 79, 4, 19, 23, 4, 7, 4, 4, 4, 4, 4, 6, 3]
[124, 11, 3]
[20, 6, 4, 4, 4, 4, 4, 4, 4, 4, 4, 4, 4, 4, 4, 4, 6, 3]
[27, 11, 9, 4, 4, 4, 4, 4, 4, 4, 4, 4, 4, 4, 4, 4, 4, 4, 6, 10, 3]
[6, 6, 4, 4, 3]
[124, 103, 4, 8, 4, 14, 4, 4, 3]
[42, 3]
[20, 6, 4, 4, 4, 3]
[36, 4, 14, 4, 14, 4, 14, 4, 4, 3]
[35, 4, 14, 4, 4, 4, 4, 4, 4, 3]
[8, 5, 4, 19, 23, 4, 17, 4, 17, 4, 4, 4, 4, 4, 4, 4, 4, 4, 4, 4, 4, 4, 4, 3]
[8, 5, 4, 37, 4, 4, 4, 4, 4, 4, 4, 4, 4, 4, 4, 4, 4, 4, 4, 4, 4, 4, 3]
[124, 11, 6, 10, 6, 4, 4, 4, 4, 4, 4, 4, 4, 4, 4, 4, 4, 3]
[30, 5, 4, 20, 6, 4, 4, 4, 4, 6, 3]
[7, 11, 11, 4, 4, 4, 4, 6, 6, 3]
[42, 7, 4, 4, 4, 4, 11, 3]
[8, 5, 4, 19, 23, 4, 4, 4, 4, 6, 3]
[15, 4, 7, 6, 3]
[34, 7, 4, 14, 4, 3]
[42, 7, 4, 8, 4, 4, 4, 4, 4, 4, 4, 4, 3]
[27, 11, 4, 4, 3]
[6, 6, 6, 3]
[120, 6, 4, 28, 3]
[6, 6, 3]
[124, 6, 4, 4, 4, 4, 4, 4, 4, 4, 4, 4, 4, 4, 4, 3]
[27, 11, 9, 3]
[8, 5, 4, 19, 5, 4, 17, 4, 14, 4, 4, 4, 3]
[33, 16, 4, 19, 4, 4, 4, 4, 4, 4, 4, 4, 4, 4, 4, 4, 4, 4, 4, 4, 4, 4, 3]
[6, 6, 10, 4, 4, 4, 3]
[42, 6, 3]
[124, 11, 3]
[20, 6, 10, 3]
[120, 6, 4, 5, 9, 4, 5, 9, 4, 4, 4, 4, 4, 4, 4, 4, 4, 4, 4, 4, 4, 4, 4, 4, 4, 4, 6, 10, 3]
[20, 6, 10, 3]
[46, 4, 8, 4, 4, 4, 4, 4, 4, 4, 4, 4, 4, 4, 4, 4, 4, 4, 4, 4, 6, 10, 3]
[15, 4, 14, 4, 14, 4, 4, 4, 4, 4, 4, 4, 4, 4, 4, 4, 4, 3]
[27, 11, 9, 3]
[30, 5, 4, 20, 6, 4, 5, 9, 4, 7, 4, 4, 4, 4, 4, 4, 4, 4, 4, 4, 4, 4, 4, 3]
[87, 3]
[35, 4, 14, 4, 14, 4, 4, 4, 4, 4, 4, 4, 4, 4, 4, 3]
[34, 79, 4, 5, 9, 4, 4, 6, 3]
[124, 103, 4, 8, 4, 4, 4, 4, 4, 4, 4, 4, 4, 4, 4, 3]
[27, 11, 3]
[7, 11, 3]
[6, 6, 6, 3]
[8, 5, 4, 19, 5, 4, 7, 3]
[34, 7, 4, 95, 3]
[7, 11, 3]
[8, 5, 4, 19, 6, 10, 3]
[42, 3]
[34, 7, 4, 4, 4, 4, 4, 4, 3]
[27, 11, 3]
[90, 4, 14, 3]
[8, 5, 4, 19, 23, 4, 4, 4, 4, 4, 4, 6, 3]
[36, 4, 4, 4, 4, 4, 4, 4, 4, 4, 3]
[27, 3]
