[8, 4, 4, 4, 4, 4, 3]
[36, 4, 4, 4, 4, 4, 4, 4, 3]
[34, 6, 6, 4, 4, 3]
[8, 5, 4, 4, 3]
[34, 6, 6, 6, 3]
[34, 6, 6, 4, 4, 4, 3]
[8, 5, 4, 4, 4, 4, 4, 4, 4, 3]
[35, 4, 4, 3]
[6, 6, 6, 6, 3]
[35, 4, 4, 4, 4, 4, 4, 4, 4, 4, 4, 4, 4, 4, 4, 4, 3]
[34, 3]
[8, 5, 4, 4, 4, 4, 4, 4, 4, 4, 3]
[35, 4, 4, 4, 4, 4, 3]
[34, 6, 4, 4, 4, 3]
[8, 5, 4, 8, 5, 4, 4, 4, 4, 4, 4, 4, 4, 4, 3]
[34, 7, 4, 4, 3]
[6, 6, 6, 3]
[8, 5, 4, 8, 5, 4, 4, 4, 4, 4, 4, 3]
[36, 4, 4, 4, 4, 4, 4, 4, 4, 4, 4, 4, 4, 4, 4, 4, 4, 4, 3]
[35, 4, 4, 4, 4, 3]
[35, 4, 4, 4, 4, 4, 4, 4, 4, 3]
[34, 6, 6, 4, 4, 4, 3]
[6, 6, 4, 4, 4, 4, 4, 3]
[36, 4, 4, 4, 4, 4, 4, 4, 4, 4, 4, 4, 4, 4, 4, 4, 3]
[34, 6, 4, 4, 3]
[34, 6, 4, 4, 4, 3]
[6, 6, 6, 4, 4, 4, 3]
[8, 5, 4, 8, 5, 4, 8, 5, 4, 4, 4, 4, 4, 4, 4, 4, 4, 4, 3]
[6, 6, 3]
[34, 7, 4, 4, 4, 4, 4, 4, 3]
[8, 5, 4, 8, 5, 4, 8, 5, 4, 8, 5, 4, 4, 4, 4, 4, 4, 4, 4, 4, 3]
[34, 7, 4, 4, 4, 4, 4, 4, 4, 4, 4, 4, 4, 4, 4, 4, 4, 3]
[35, 4, 4, 4, 4, 4, 4, 4, 4, 4, 4, 4, 4, 4, 4, 4, 4, 3]
[36, 4, 4, 4, 4, 4, 4, 4, 4, 4, 4, 4, 4, 4, 4, 4, 4, 4, 4, 4, 4, 4, 4, 4, 4, 3]
[34, 11, 3]
[36, 4, 4, 4, 4, 4, 4, 4, 4, 4, 4, 4, 4, 4, 4, 4, 4, 3]
[34, 6, 6, 6, 3]
[8, 5, 4, 4, 4, 4, 4, 3]
[6, 6, 3]
[34, 6, 4, 4, 4, 4, 4, 4, 3]
[34, 7, 4, 4, 4, 4, 4, 4, 4, 4, 4, 4, 4, 4, 3]
[34, 3]
[8, 5, 4, 8, 5, 4, 8, 5, 4, 8, 5, 4, 4, 4, 4, 4, 4, 4, 4, 4, 4, 3]
[36, 6, 4, 4, 3]
[6, 6, 6, 3]
[34, 6, 6, 6, 6, 6, 6, 4, 4, 4, 4, 4, 4, 4, 4, 4, 3]
[6, 6, 6, 3]
[36, 4, 4, 4, 4, 4, 4, 4, 4, 4, 4, 4, 4, 4, 4, 4, 4, 4, 4, 4, 4, 4, 4, 4, 4, 4, 4, 4, 4, 4, 4, 4, 4, 3]
[8, 5, 4, 4, 3]
[34, 7, 3]
[46, 4, 3]
[34, 6, 6, 3]
[35, 4, 4, 4, 4, 4, 4, 4, 4, 4, 4, 4, 4, 4, 4, 4, 4, 4, 3]
[27, 3]
[34, 6, 6, 6, 3]
[35, 4, 4, 4, 4, 4, 4, 4, 4, 4, 4, 4, 4, 4, 3]
[6, 6, 6, 4, 4, 3]
[36, 4, 4, 4, 4, 4, 4, 4, 4, 4, 4, 4, 4, 4, 4, 4, 4, 4, 4, 4, 3]
[8, 5, 4, 8, 5, 4, 4, 4, 4, 4, 4, 3]
[35, 4, 8, 5, 4, 4, 4, 4, 4, 4, 4, 4, 4, 4, 4, 4, 4, 4, 4, 4, 4, 4, 4, 4, 4, 4, 4, 4, 4, 4, 4, 4, 4, 3]
[34, 7, 4, 4, 4, 4, 4, 4, 4, 4, 4, 4, 4, 4, 4, 4, 4, 4, 4, 4, 4, 4, 3]
[34, 7, 4, 4, 3]
[34, 7, 4, 4, 4, 3]
[8, 5, 4, 8, 5, 4, 4, 4, 4, 4, 4, 4, 4, 4, 4, 4, 3]
[34, 3]
[34, 7, 4, 4, 4, 4, 4, 4, 4, 4, 4, 4, 4, 4, 3]
[34, 7, 4, 4, 4, 4, 3]
[6, 6, 6, 4, 4, 3]
[8, 5, 4, 4, 4, 4, 4, 3]
[35, 4, 4, 4, 4, 4, 4, 4, 4, 4, 4, 3]
[34, 7, 4, 4, 4, 4, 4, 3]
[8, 5, 4, 8, 5, 4, 4, 4, 4, 4, 4, 4, 4, 4, 3]
[36, 4, 4, 4, 4, 4, 4, 4, 4, 4, 4, 4, 4, 4, 4, 4, 4, 4, 4, 4, 4, 4, 4, 4, 4, 3]
[34, 3]
[36, 4, 4, 4, 4, 4, 4, 4, 4, 4, 4, 3]
[36, 4, 4, 4, 4, 4, 3]
[7, 3]
[34, 6, 6, 3]
[8, 5, 4, 8, 5, 4, 8, 5, 4, 4, 4, 4, 4, 4, 4, 3]
[8, 4, 4, 3]
[35, 4, 4, 4, 4, 4, 4, 4, 4, 4, 4, 4, 4, 4, 3]
[36, 4, 4, 4, 4, 4, 4, 3]
[8, 5, 4, 4, 4, 4, 4, 3]
[33, 3]
[8, 5, 4, 4, 4, 4, 4, 4, 3]
[6, 6, 4, 4, 4, 4, 4, 4, 4, 4, 4, 3]
[34, 6, 6, 6, 3]
[8, 5, 4, 8, 5, 4, 4, 4, 4, 4, 4, 4, 4, 4, 4, 3]
[36, 4, 4, 4, 4, 4, 4, 4, 4, 4, 4, 4, 4, 4, 4, 4, 3]
[27, 3]
[34, 3]
[36, 6, 4, 4, 4, 4, 4, 4, 4, 4, 4, 4, 4, 4, 4, 4, 4, 3]
[8, 5, 4, 8, 5, 4, 8, 5, 4, 4, 4, 4, 4, 4, 4, 4, 4, 3]
[6, 6, 4, 4, 4, 4, 4, 4, 4, 4, 3]
[36, 4, 4, 4, 4, 4, 4, 4, 4, 4, 4, 3]
[8, 5, 4, 4, 4, 4, 4, 4, 4, 4, 3]
[36, 4, 4, 4, 4, 4, 4, 4, 4, 4, 4, 4, 4, 3]
[27, 3]
[8, 5, 4, 8, 5, 4, 8, 5, 4, 4, 4, 4, 4, 4, 4, 3]
[8, 5, 4, 8, 5, 4, 8, 5, 4, 4, 4, 4, 4, 4, 4, 4, 4, 4, 3]
[34, 6, 3]
[36, 6, 4, 4, 4, 3]
[8, 4, 4, 4, 3]
[36, 4, 4, 4, 3]
[8, 5, 4, 8, 5, 4, 8, 5, 4, 8, 5, 4, 4, 4, 4, 4, 4, 4, 3]
[34, 6, 3]
[36, 4, 4, 4, 4, 4, 3]
[36, 4, 4, 4, 4, 4, 4, 4, 4, 4, 4, 4, 4, 4, 4, 4, 4, 3]
[34, 6, 6, 3]
[8, 5, 4, 8, 5, 4, 4, 4, 4, 4, 4, 4, 4, 4, 3]
[36, 4, 4, 4, 4, 4, 4, 4, 4, 4, 4, 4, 4, 4, 4, 3]
[34, 6, 6, 3]
[8, 5, 4, 8, 5, 4, 4, 4, 4, 4, 4, 4, 4, 4, 4, 3]
[8, 5, 4, 8, 5, 4, 8, 5, 4, 8, 5, 4, 4, 4, 4, 4, 4, 4, 4, 4, 4, 4, 3]
[34, 6, 4, 4, 3]
[34, 7, 4, 4, 4, 4, 4, 4, 4, 4, 4, 4, 4, 4, 4, 4, 4, 4, 3]
[8, 4, 4, 4, 4, 4, 4, 4, 4, 4, 3]
[35, 4, 4, 4, 4, 4, 4, 4, 4, 4, 4, 4, 4, 4, 4, 4, 3]
[36, 4, 4, 4, 4, 4, 4, 4, 4, 4, 4, 4, 3]
[6, 6, 4, 4, 3]
[34, 6, 4, 4, 4, 4, 4, 4, 4, 4, 4, 4, 4, 4, 3]
[34, 6, 3]
[34, 7, 4, 4, 4, 4, 4, 4, 4, 4, 4, 3]
[34, 7, 4, 4, 4, 4, 4, 4, 4, 4, 4, 4, 4, 4, 4, 4, 3]
[8, 5, 4, 4, 4, 4, 4, 4, 4, 3]
[6, 6, 3]
[36, 4, 4, 4, 4, 4, 4, 4, 4, 3]
[34, 7, 4, 4, 4, 4, 4, 3]
[36, 4, 4, 4, 4, 4, 4, 4, 4, 4, 4, 4, 4, 3]
[36, 4, 4, 4, 4, 4, 4, 4, 4, 4, 4, 4, 4, 4, 4, 4, 3]
[8, 5, 4, 8, 5, 4, 4, 4, 4, 4, 4, 4, 4, 3]
[8, 4, 4, 4, 4, 4, 3]
[34, 3]
[6, 6, 6, 3]
[34, 3]
[27, 3]
[8, 5, 4, 8, 5, 4, 8, 5, 4, 8, 5, 4, 8, 5, 4, 8, 5, 4, 8, 5, 4, 4, 4, 4, 4, 4, 4, 4, 4, 4, 4, 4, 4, 4, 4, 4, 4, 4, 4, 4, 4, 4, 4, 4, 4, 4, 4, 4, 4, 4, 4, 4, 4, 4, 4, 4, 4, 4, 4, 4, 4, 4, 4, 4, 4, 4, 4, 4, 4, 4, 4, 4, 4, 4, 4, 4, 4, 4, 4, 4, 4, 4, 4, 4, 4, 4, 4, 4, 4, 4, 4, 4, 4, 4, 4, 4, 4, 4, 4, 4]
[34, 6, 3]
[36, 4, 4, 4, 4, 4, 4, 4, 4, 4, 4, 4, 4, 3]
[36, 6, 4, 4, 4, 4, 4, 4, 4, 4, 4, 4, 4, 4, 4, 4, 4, 3]
[6, 6, 3]
[8, 5, 4, 8, 5, 4, 8, 5, 4, 4, 4, 4, 4, 4, 4, 4, 4, 3]
[8, 5, 4, 4, 4, 4, 4, 4, 4, 4, 3]
[34, 7, 4, 4, 3]
[34, 6, 6, 4, 4, 4, 4, 4, 4, 4, 4, 4, 4, 4, 4, 3]
[6, 6, 6, 4, 4, 4, 4, 4, 3]
[34, 3]
[34, 7, 4, 4, 4, 4, 4, 4, 4, 4, 4, 4, 4, 4, 3]
[6, 6, 6, 3]
[36, 4, 4, 4, 4, 4, 4, 4, 4, 4, 3]
[8, 5, 4, 4, 3]
[8, 5, 4, 8, 5, 4, 8, 5, 4, 8, 5, 4, 4, 4, 4, 4, 4, 4, 4, 4, 3]
[34, 6, 3]
[36, 6, 4, 4, 4, 3]
[8, 5, 4, 8, 5, 4, 8, 5, 4, 4, 4, 4, 4, 4, 4, 3]
[34, 3]
[35, 4, 4, 4, 4, 4, 3]
[6, 6, 6, 6, 3]
[8, 5, 4, 8, 5, 4, 4, 4, 4, 4, 4, 4, 4, 4, 4, 3]
[8, 5, 4, 8, 5, 4, 4, 4, 4, 4, 4, 4, 3]
[34, 6, 6, 4, 4, 4, 4, 3]
[6, 6, 3]
[34, 3]
[8, 4, 4, 4, 4, 4, 3]
[34, 3]
[35, 4, 4, 4, 4, 4, 4, 4, 4, 4, 4, 4, 4, 3]
[8, 5, 4, 8, 5, 4, 8, 5, 4, 4, 4, 4, 4, 4, 4, 4, 4, 4, 3]
[8, 5, 4, 8, 5, 4, 8, 5, 4, 4, 4, 4, 4, 4, 4, 4, 4, 4, 3]
[34, 11, 3]
[8, 5, 4, 4, 3]
[27, 3]
[8, 5, 4, 8, 5, 4, 4, 4, 4, 4, 4, 4, 4, 3]
[35, 4, 4, 3]
[36, 4, 4, 4, 4, 4, 4, 4, 4, 4, 3]
[8, 5, 4, 8, 5, 4, 8, 5, 4, 4, 4, 4, 4, 4, 4, 3]
[27, 3]
[6, 6, 6, 3]
[36, 4, 4, 4, 4, 4, 4, 4, 4, 4, 4, 4, 4, 4, 4, 4, 4, 4, 4, 4, 4, 4, 4, 3]
[34, 11, 3]
[34, 3]
[34, 6, 3]
[34, 6, 4, 4, 4, 4, 4, 4, 4, 4, 3]
[8, 5, 4, 4, 4, 4, 4, 4, 4, 4, 4, 4, 4, 4, 3]
[6, 6, 3]
[8, 4, 4, 4, 4, 4, 4, 4, 4, 4, 4, 4, 4, 4, 3]
[34, 6, 4, 4, 4, 4, 4, 4, 4, 4, 4, 4, 4, 3]
[8, 5, 4, 8, 5, 4, 4, 4, 4, 4, 4, 4, 3]
[8, 5, 4, 4, 4, 4, 4, 4, 4, 3]
[36, 4, 4, 4, 4, 4, 3]
[46, 4, 3]
[36, 6, 3]
[27, 3]
[34, 6, 6, 3]
[34, 7, 4, 4, 4, 4, 4, 4, 4, 4, 4, 4, 4, 4, 4, 4, 4, 4, 3]
[34, 3]
[36, 4, 4, 4, 4, 4, 4, 4, 4, 4, 3]
[36, 4, 4, 4, 4, 4, 3]
[8, 5, 3]
[8, 5, 4, 8, 5, 4, 4, 4, 4, 4, 4, 3]
[35, 4, 4, 3]
[36, 6, 4, 4, 4, 3]
[34, 7, 4, 4, 4, 4, 4, 4, 4, 4, 4, 4, 4, 4, 3]
[34, 7, 4, 4, 3]
[36, 4, 4, 3]
[34, 7, 4, 4, 4, 4, 4, 4, 3]
[34, 7, 4, 4, 3]
[8, 5, 4, 4, 4, 4, 4, 4, 4, 4, 4, 4, 3]
[8, 5, 4, 8, 5, 4, 4, 4, 4, 4, 4, 4, 3]
[6, 6, 6, 4, 4, 4, 4, 4, 4, 3]
[6, 6, 6, 3]
[6, 6, 3]
[6, 6, 3]
[35, 4, 4, 4, 4, 4, 4, 4, 4, 4, 3]
[34, 11, 3]
[34, 6, 4, 4, 3]
[8, 5, 4, 4, 4, 4, 4, 4, 4, 4, 3]
[34, 6, 6, 3]
[35, 4, 4, 4, 4, 4, 4, 4, 4, 4, 4, 3]
[34, 7, 4, 4, 4, 4, 4, 4, 4, 4, 4, 4, 4, 4, 4, 4, 4, 4, 4, 4, 4, 4, 4, 4, 4, 4, 3]
[34, 6, 4, 4, 4, 4, 4, 4, 4, 4, 3]
[35, 4, 4, 4, 4, 4, 4, 4, 4, 4, 4, 4, 4, 4, 4, 4, 4, 4, 4, 4, 4, 4, 4, 3]
[34, 7, 3]
[6, 6, 3]
[34, 6, 3]
[8, 5, 4, 4, 4, 4, 4, 4, 4, 3]
[8, 5, 3]
[8, 5, 4, 4, 4, 4, 4, 3]
[34, 7, 4, 4, 4, 4, 4, 4, 4, 4, 4, 4, 4, 4, 4, 4, 4, 3]
[36, 4, 4, 4, 3]
[34, 11, 3]
[34, 6, 4, 4, 3]
[34, 6, 4, 4, 3]
[8, 5, 4, 8, 5, 4, 8, 5, 4, 4, 4, 4, 4, 4, 4, 4, 4, 4, 4, 4, 4, 4, 4, 3]
[36, 4, 4, 4, 4, 4, 4, 4, 4, 4, 4, 4, 4, 4, 4, 3]
[34, 3]
[35, 4, 4, 4, 4, 4, 4, 4, 3]
[34, 6, 6, 3]
[34, 6, 6, 4, 4, 4, 3]
[35, 4, 4, 4, 4, 4, 4, 4, 4, 4, 3]
[34, 7, 4, 4, 4, 4, 4, 4, 4, 4, 4, 4, 4, 3]
[34, 11, 3]
[34, 7, 4, 4, 4, 4, 3]
[36, 4, 4, 4, 4, 4, 4, 4, 4, 4, 4, 3]
[8, 5, 4, 8, 5, 4, 4, 4, 4, 4, 4, 4, 3]
[34, 6, 4, 4, 4, 4, 4, 4, 3]
[34, 7, 4, 4, 4, 4, 4, 4, 4, 4, 4, 4, 3]
[34, 3]
[34, 3]
[6, 6, 4, 4, 4, 4, 4, 4, 4, 4, 4, 4, 4, 4, 4, 4, 4, 4, 4, 3]
[34, 7, 4, 4, 4, 4, 4, 4, 4, 4, 4, 4, 3]
[6, 6, 4, 4, 4, 4, 4, 4, 4, 4, 4, 4, 4, 3]
[34, 6, 3]
[34, 7, 4, 4, 3]
[6, 6, 3]
[8, 5, 4, 8, 5, 4, 4, 4, 4, 4, 4, 3]
[8, 5, 4, 8, 5, 4, 8, 5, 4, 8, 5, 4, 4, 4, 4, 4, 4, 4, 4, 4, 4, 4, 3]
[35, 4, 4, 4, 4, 4, 4, 4, 4, 4, 4, 4, 4, 4, 3]
[36, 4, 4, 4, 4, 4, 4, 4, 4, 4, 4, 4, 4, 4, 4, 3]
[34, 7, 4, 3]
[8, 5, 4, 8, 5, 4, 8, 5, 4, 8, 5, 4, 4, 4, 4, 4, 4, 4, 3]
[34, 3]
[6, 6, 6, 6, 3]
[8, 5, 4, 8, 5, 4, 8, 5, 4, 8, 5, 4, 4, 4, 4, 4, 4, 4, 4, 4, 3]
[34, 3]
[8, 5, 4, 8, 5, 4, 8, 5, 4, 4, 4, 4, 4, 4, 4, 3]
[36, 4, 4, 4, 4, 4, 4, 4, 4, 4, 4, 4, 4, 4, 4, 4, 4, 4, 4, 4, 4, 3]
[8, 5, 4, 4, 4, 3]
[36, 4, 4, 4, 4, 4, 4, 4, 4, 4, 4, 4, 4, 3]
[8, 5, 4, 4, 4, 4, 4, 4, 4, 4, 3]
[34, 3]
[34, 7, 4, 4, 4, 4, 4, 4, 4, 4, 4, 4, 4, 4, 4, 4, 4, 3]
[34, 7, 4, 4, 3]
[34, 6, 3]
[34, 6, 6, 4, 4, 4, 3]
[8, 5, 4, 4, 4, 4, 4, 4, 4, 3]
[8, 5, 4, 8, 5, 4, 4, 4, 4, 4, 4, 3]
[8, 4, 4, 4, 4, 3]
[8, 4, 4, 4, 4, 4, 3]
[34, 3]
[8, 5, 4, 4, 4, 4, 4, 4, 4, 4, 4, 4, 3]
[34, 6, 6, 6, 3]
[36, 4, 4, 4, 4, 4, 4, 4, 4, 4, 4, 4, 3]
[8, 5, 4, 4, 3]
[35, 4, 4, 4, 4, 4, 4, 4, 4, 3]
[8, 4, 4, 4, 4, 4, 4, 4, 4, 4, 4, 4, 4, 4, 3]
[8, 4, 4, 4, 4, 4, 3]
[36, 4, 4, 4, 4, 4, 4, 4, 4, 4, 4, 4, 4, 4, 4, 3]
[6, 6, 3]
[34, 6, 6, 6, 6, 6, 6, 4, 4, 4, 4, 4, 4, 4, 4, 4, 4, 4, 4, 3]
[6, 6, 6, 4, 4, 4, 4, 4, 3]
[34, 6, 6, 3]
[27, 3]
[34, 6, 3]
[36, 4, 4, 4, 4, 4, 4, 4, 4, 4, 4, 4, 4, 4, 4, 4, 4, 4, 4, 4, 4, 4, 4, 4, 4, 4, 4, 4, 4, 4, 4, 4, 4, 4, 4, 4, 4, 4, 4, 4, 4, 4, 4, 4, 4, 4, 3]
[27, 3]
[8, 5, 4, 8, 5, 4, 4, 4, 4, 4, 4, 4, 3]
[36, 4, 4, 4, 4, 4, 4, 4, 4, 4, 4, 4, 4, 4, 4, 4, 3]
[35, 4, 4, 4, 4, 4, 4, 4, 4, 4, 4, 4, 4, 4, 4, 4, 4, 4, 4, 3]
[34, 6, 6, 4, 4, 3]
[8, 5, 4, 8, 5, 4, 4, 4, 4, 4, 4, 4, 4, 3]
[34, 6, 4, 4, 3]
[35, 4, 4, 4, 4, 4, 3]
[34, 6, 6, 3]
[6, 6, 6, 6, 3]
[36, 4, 4, 4, 4, 4, 4, 4, 4, 4, 4, 4, 4, 3]
[34, 7, 4, 4, 3]
[8, 5, 4, 8, 5, 4, 4, 4, 4, 4, 4, 4, 4, 3]
[8, 5, 4, 4, 4, 4, 4, 4, 4, 3]
[34, 6, 6, 3]
[8, 5, 4, 4, 4, 4, 4, 4, 4, 3]
[8, 5, 4, 8, 5, 4, 8, 5, 4, 8, 5, 4, 4, 4, 4, 4, 4, 4, 4, 4, 3]
[35, 4, 4, 3]
[34, 6, 3]
[6, 6, 3]
[34, 6, 6, 6, 4, 4, 4, 4, 4, 3]
[36, 4, 4, 4, 4, 4, 4, 4, 4, 3]
[6, 6, 3]
[8, 5, 4, 4, 4, 4, 4, 4, 4, 4, 4, 4, 4, 4, 3]
[8, 5, 4, 8, 5, 4, 4, 4, 4, 4, 4, 4, 4, 4, 4, 3]
[34, 6, 4, 4, 4, 4, 3]
[34, 7, 4, 4, 4, 4, 4, 4, 4, 4, 4, 4, 4, 4, 4, 4, 4, 3]
[27, 3]
[27, 3]
[6, 6, 6, 3]
[34, 7, 4, 4, 4, 4, 4, 4, 4, 3]
[34, 7, 4, 4, 4, 4, 4, 4, 4, 4, 4, 4, 4, 4, 4, 4, 3]
[8, 4, 4, 4, 4, 4, 4, 4, 4, 4, 4, 4, 3]
[34, 3]
[34, 6, 3]
[36, 6, 4, 4, 3]
[6, 6, 6, 3]
[34, 7, 3]
[34, 3]
[34, 7, 4, 4, 3]
[35, 4, 4, 4, 4, 4, 4, 4, 4, 4, 4, 4, 4, 4, 3]
[34, 6, 6, 3]
[8, 5, 4, 8, 5, 4, 8, 5, 4, 8, 5, 4, 4, 4, 4, 4, 4, 4, 4, 4, 3]
[35, 4, 4, 4, 4, 4, 4, 4, 4, 4, 4, 4, 4, 3]
[8, 5, 4, 8, 5, 4, 4, 4, 4, 4, 4, 4, 4, 4, 3]
[8, 5, 4, 8, 5, 4, 8, 5, 4, 4, 4, 4, 4, 4, 4, 4, 4, 4, 3]
[36, 4, 4, 4, 4, 4, 4, 4, 4, 4, 4, 4, 3]
[34, 3]
[6, 6, 6, 3]
[36, 4, 4, 4, 4, 4, 4, 4, 4, 4, 4, 4, 4, 4, 3]
[36, 4, 4, 4, 4, 4, 4, 4, 4, 4, 4, 4, 4, 4, 4, 4, 4, 4, 3]
[34, 7, 4, 4, 4, 4, 4, 3]
[8, 5, 3]
[34, 7, 4, 4, 4, 4, 4, 4, 4, 4, 3]
[6, 6, 4, 4, 4, 4, 4, 4, 4, 4, 4, 4, 4, 4, 4, 4, 4, 4, 4, 4, 4, 3]
[27, 3]
[36, 4, 4, 4, 4, 4, 3]
[34, 3]
[8, 5, 4, 4, 3]
[34, 6, 4, 4, 4, 4, 4, 4, 4, 4, 4, 4, 4, 4, 4, 4, 4, 4, 3]
[34, 7, 4, 4, 3]
[36, 4, 4, 4, 4, 4, 4, 4, 4, 4, 4, 4, 4, 4, 4, 4, 4, 4, 4, 4, 4, 4, 3]
[8, 5, 4, 8, 5, 4, 4, 4, 4, 4, 4, 4, 4, 4, 4, 4, 4, 4, 4, 3]
[8, 5, 4, 8, 5, 4, 8, 5, 4, 4, 4, 4, 4, 4, 4, 4, 4, 4, 4, 4, 3]
[8, 5, 4, 8, 5, 4, 4, 4, 4, 4, 4, 4, 4, 3]
[34, 3]
[34, 6, 6, 3]
[36, 4, 4, 4, 3]
[34, 3]
[6, 6, 4, 4, 4, 4, 4, 4, 4, 4, 4, 4, 4, 4, 4, 4, 4, 4, 3]
[8, 5, 4, 4, 4, 4, 4, 4, 4, 4, 4, 3]
[34, 6, 3]
[8, 5, 4, 8, 5, 4, 4, 4, 4, 4, 4, 4, 4, 4, 3]
[35, 4, 4, 4, 4, 4, 4, 4, 4, 4, 4, 4, 4, 4, 4, 4, 4, 3]
[34, 7, 3]
[8, 5, 4, 8, 5, 4, 4, 4, 4, 4, 4, 4, 4, 4, 3]
[8, 4, 4, 4, 4, 4, 4, 4, 4, 4, 3]
[36, 4, 4, 4, 4, 4, 4, 4, 4, 4, 4, 4, 4, 3]
[8, 5, 4, 4, 4, 4, 4, 4, 4, 3]
[35, 4, 4, 3]
[34, 6, 6, 3]
[34, 3]
[35, 4, 4, 4, 4, 4, 4, 3]
[8, 5, 4, 8, 5, 4, 4, 4, 4, 4, 4, 3]
[36, 4, 4, 4, 4, 3]
[34, 6, 4, 4, 4, 3]
[8, 5, 4, 4, 3]
[27, 3]
[35, 4, 4, 4, 4, 4, 4, 4, 4, 4, 4, 4, 4, 4, 4, 4, 4, 3]
[36, 4, 4, 4, 4, 4, 4, 4, 4, 4, 4, 4, 4, 3]
[34, 6, 6, 6, 6, 4, 4, 4, 3]
[8, 5, 4, 8, 5, 4, 8, 5, 4, 8, 5, 4, 4, 4, 4, 4, 4, 4, 4, 4, 3]
[6, 6, 6, 3]
[6, 6, 4, 4, 4, 4, 4, 4, 4, 4, 4, 4, 4, 3]
[34, 7, 4, 4, 4, 4, 4, 4, 4, 4, 4, 4, 3]
[36, 6, 3]
[34, 7, 4, 4, 4, 4, 4, 4, 4, 3]
[35, 4, 4, 4, 3]
[34, 7, 4, 4, 4, 3]
[34, 6, 4, 4, 4, 4, 4, 4, 4, 4, 4, 4, 4, 4, 3]
[34, 7, 4, 4, 4, 4, 4, 4, 4, 4, 4, 4, 3]
[35, 4, 4, 4, 4, 4, 4, 4, 4, 4, 4, 4, 3]
[8, 4, 4, 4, 4, 4, 4, 4, 4, 4, 4, 4, 4, 4, 4, 4, 4, 4, 4, 4, 4, 4, 3]
[34, 6, 6, 6, 6, 6, 3]
[34, 6, 6, 3]
[35, 4, 4, 4, 4, 4, 4, 4, 4, 4, 4, 4, 4, 4, 3]
[8, 5, 4, 4, 4, 4, 4, 4, 4, 4, 4, 4, 4, 4, 4, 3]
[6, 6, 3]
[34, 6, 6, 3]
[34, 6, 4, 4, 4, 3]
[34, 6, 4, 4, 3]
[34, 6, 3]
[34, 11, 3]
[34, 11, 3]
[6, 6, 6, 3]
[35, 4, 4, 4, 4, 4, 4, 4, 4, 4, 3]
[8, 5, 4, 8, 5, 4, 8, 5, 4, 8, 5, 4, 4, 4, 4, 4, 4, 4, 4, 4, 3]
[34, 7, 4, 4, 4, 4, 4, 3]
[35, 4, 4, 4, 4, 4, 4, 4, 4, 4, 4, 4, 4, 4, 4, 4, 4, 4, 4, 4, 4, 4, 4, 4, 4, 4, 4, 3]
[8, 5, 4, 4, 4, 4, 4, 4, 4, 4, 4, 3]
[6, 6, 4, 4, 4, 4, 4, 4, 4, 4, 4, 4, 4, 4, 4, 4, 4, 4, 3]
[34, 7, 4, 4, 4, 4, 4, 4, 4, 4, 4, 4, 4, 3]
[34, 3]
[6, 6, 6, 3]
[8, 5, 4, 8, 5, 4, 8, 5, 4, 8, 5, 4, 4, 4, 4, 4, 4, 4, 4, 3]
[6, 6, 3]
[6, 6, 4, 4, 4, 3]
[8, 5, 4, 8, 5, 4, 8, 5, 4, 4, 4, 4, 4, 4, 4, 4, 3]
[36, 4, 4, 4, 4, 4, 4, 4, 4, 4, 4, 4, 4, 4, 4, 3]
[34, 3]
[8, 5, 4, 4, 4, 4, 3]
[6, 6, 4, 4, 4, 4, 4, 4, 4, 4, 4, 4, 4, 4, 3]
[35, 4, 4, 4, 4, 4, 4, 4, 4, 3]
[36, 4, 4, 3]
[6, 6, 3]
[36, 4, 4, 3]
[34, 7, 4, 4, 4, 4, 4, 3]
[34, 6, 6, 4, 4, 4, 4, 3]
[36, 4, 4, 4, 4, 4, 4, 4, 4, 4, 4, 4, 4, 4, 4, 4, 4, 4, 4, 4, 4, 4, 4, 3]
[34, 11, 3]
[27, 3]
[8, 5, 4, 8, 5, 4, 8, 5, 4, 4, 4, 4, 4, 4, 4, 3]
[6, 6, 6, 3]
[35, 4, 4, 4, 4, 4, 4, 4, 4, 4, 4, 4, 4, 4, 4, 4, 4, 3]
[36, 4, 4, 3]
[6, 6, 6, 3]
[36, 4, 4, 4, 4, 4, 4, 4, 4, 4, 4, 3]
[36, 4, 4, 4, 4, 4, 4, 3]
[34, 7, 4, 4, 4, 4, 4, 4, 4, 4, 4, 4, 4, 4, 4, 3]
[35, 4, 4, 4, 4, 4, 4, 4, 4, 4, 4, 3]
[8, 5, 4, 8, 5, 4, 8, 5, 4, 4, 4, 4, 4, 4, 4, 4, 3]
[8, 5, 4, 8, 5, 4, 8, 5, 4, 4, 4, 4, 4, 4, 4, 3]
[6, 6, 6, 3]
[8, 5, 4, 4, 4, 4, 4, 4, 4, 3]
[6, 6, 4, 4, 4, 4, 4, 4, 4, 4, 4, 4, 4, 4, 4, 3]
[8, 5, 4, 8, 5, 4, 4, 4, 4, 4, 4, 4, 4, 4, 4, 4, 4, 4, 4, 4, 4, 4, 3]
[36, 4, 4, 4, 4, 4, 4, 4, 4, 4, 4, 4, 4, 4, 3]
[34, 3]
[6, 6, 6, 3]
[8, 4, 4, 3]
[34, 6, 3]
[6, 6, 6, 3]
[8, 5, 4, 8, 5, 4, 4, 4, 4, 4, 4, 4, 3]
[6, 6, 3]
[34, 11, 3]
[8, 5, 4, 4, 4, 4, 3]
[7, 3]
[6, 6, 6, 6, 4, 4, 4, 3]
[34, 6, 4, 4, 4, 3]
[8, 5, 4, 4, 4, 3]
[34, 6, 6, 3]
[34, 6, 4, 4, 4, 4, 4, 4, 4, 4, 4, 4, 4, 4, 4, 4, 4, 4, 4, 4, 4, 3]
[8, 5, 4, 4, 4, 4, 4, 4, 4, 3]
[34, 6, 4, 4, 4, 3]
[8, 5, 4, 4, 4, 4, 4, 4, 4, 4, 4, 3]
[6, 6, 6, 3]
[36, 4, 4, 3]
[8, 5, 4, 8, 5, 4, 4, 4, 4, 4, 4, 4, 3]
[6, 6, 6, 4, 4, 3]
[8, 5, 4, 4, 4, 4, 4, 3]
[34, 6, 4, 4, 4, 3]
[8, 5, 4, 8, 5, 4, 8, 5, 4, 8, 5, 4, 4, 4, 4, 4, 4, 4, 4, 4, 4, 4, 4, 4, 4, 4, 4, 3]
[34, 6, 6, 6, 3]
[36, 4, 4, 3]
[6, 6, 4, 4, 4, 3]
[35, 4, 4, 4, 4, 4, 4, 4, 4, 4, 4, 4, 4, 4, 4, 4, 4, 4, 4, 4, 4, 3]
[34, 6, 4, 4, 3]
[36, 4, 4, 4, 4, 4, 4, 4, 4, 4, 4, 4, 3]
[34, 3]
[8, 5, 4, 8, 5, 4, 8, 5, 4, 4, 4, 4, 4, 4, 4, 4, 4, 4, 4, 3]
[34, 7, 4, 4, 3]
[8, 5, 4, 4, 3]
[34, 11, 3]
[34, 7, 4, 4, 4, 4, 4, 4, 4, 3]
[34, 6, 3]
[8, 5, 4, 4, 3]
[8, 5, 4, 8, 5, 4, 8, 5, 4, 4, 4, 4, 4, 4, 4, 4, 4, 4, 4, 4, 4, 4, 4, 4, 3]
[8, 5, 4, 8, 5, 4, 8, 5, 4, 8, 5, 4, 4, 4, 4, 4, 4, 4, 4, 4, 4, 3]
[34, 6, 6, 3]
[35, 4, 4, 4, 4, 4, 4, 4, 4, 4, 4, 3]
[36, 6, 4, 4, 4, 4, 4, 4, 4, 4, 4, 4, 4, 3]
[8, 5, 4, 4, 4, 3]
[35, 4, 4, 4, 4, 4, 4, 4, 4, 4, 4, 3]
[8, 5, 4, 8, 5, 4, 4, 4, 4, 4, 4, 4, 4, 3]
[6, 6, 3]
[36, 4, 4, 4, 4, 4, 4, 4, 4, 3]
[27, 3]
[6, 6, 6, 6, 3]
[34, 6, 4, 4, 4, 4, 4, 4, 4, 4, 4, 4, 4, 4, 4, 4, 4, 4, 3]
[8, 5, 4, 4, 4, 3]
[34, 6, 6, 3]
[36, 4, 4, 4, 4, 4, 3]
[35, 4, 4, 4, 4, 3]
[6, 6, 4, 4, 4, 4, 4, 4, 4, 4, 4, 4, 4, 4, 4, 3]
[8, 4, 4, 4, 4, 4, 4, 4, 4, 4, 4, 3]
[8, 5, 4, 8, 5, 4, 8, 5, 4, 4, 4, 4, 4, 4, 4, 3]
[36, 4, 4, 4, 4, 4, 4, 4, 4, 4, 4, 4, 4, 4, 4, 4, 3]
[8, 5, 4, 4, 4, 3]
[6, 6, 3]
[6, 6, 6, 4, 4, 3]
[8, 5, 4, 4, 4, 4, 4, 4, 4, 4, 4, 3]
[7, 3]
[34, 6, 3]
[8, 4, 4, 4, 4, 4, 4, 4, 4, 4, 4, 4, 4, 4, 4, 4, 4, 4, 4, 3]
[36, 4, 4, 4, 4, 4, 4, 4, 4, 3]
[35, 4, 4, 3]
[36, 4, 4, 3]
[34, 7, 4, 4, 4, 4, 4, 4, 4, 4, 4, 4, 4, 4, 3]
[8, 5, 4, 4, 4, 4, 4, 4, 4, 4, 4, 3]
[35, 4, 4, 4, 4, 4, 4, 4, 4, 4, 4, 4, 4, 3]
[8, 5, 4, 4, 3]
[6, 6, 4, 4, 4, 4, 4, 4, 4, 4, 4, 4, 4, 4, 4, 4, 4, 4, 4, 4, 4, 4, 4, 4, 3]
[27, 3]
[8, 5, 4, 4, 3]
[35, 4, 4, 4, 4, 4, 4, 4, 4, 4, 3]
[34, 6, 3]
[6, 6, 4, 4, 4, 4, 4, 4, 4, 4, 4, 4, 4, 4, 4, 4, 4, 4, 4, 4, 4, 4, 4, 4, 4, 4, 4, 4, 4, 4, 4, 4, 4, 3]
[36, 4, 4, 3]
[8, 3]
[34, 6, 3]
[34, 7, 3]
[8, 5, 4, 4, 4, 4, 3]
[36, 4, 4, 4, 4, 4, 3]
[34, 6, 3]
[36, 4, 4, 4, 4, 4, 4, 4, 4, 4, 4, 4, 4, 4, 4, 3]
[35, 4, 4, 3]
[36, 4, 4, 4, 4, 4, 4, 4, 4, 4, 4, 4, 4, 4, 3]
[36, 4, 4, 4, 4, 4, 4, 4, 4, 3]
[34, 3]
[34, 7, 4, 4, 4, 4, 4, 4, 4, 4, 4, 4, 3]
[34, 7, 4, 4, 3]
[8, 5, 4, 8, 5, 4, 8, 5, 4, 8, 5, 4, 8, 5, 4, 4, 4, 4, 4, 4, 4, 4, 4, 4, 4, 4, 4, 3]
[8, 5, 4, 4, 3]
[6, 6, 3]
[6, 6, 3]
[8, 5, 4, 8, 5, 4, 8, 5, 4, 8, 5, 4, 4, 4, 4, 4, 4, 4, 4, 4, 4, 4, 4, 4, 3]
[34, 6, 4, 4, 3]
[36, 4, 4, 4, 3]
[34, 6, 3]
[7, 3]
[34, 7, 4, 4, 4, 4, 4, 4, 4, 3]
[34, 7, 4, 4, 4, 4, 4, 4, 4, 4, 3]
[27, 5, 3]
[34, 3]
[34, 7, 4, 4, 3]
[34, 7, 4, 4, 4, 4, 4, 3]
[34, 7, 4, 4, 3]
[8, 5, 4, 4, 4, 4, 4, 4, 3]
[34, 6, 3]
[34, 6, 3]
[27, 3]
[34, 11, 3]
[34, 7, 4, 4, 4, 4, 4, 4, 4, 3]
[35, 4, 4, 4, 4, 4, 4, 4, 4, 4, 4, 4, 4, 4, 4, 4, 4, 4, 4, 4, 3]
[6, 6, 6, 3]
[8, 5, 4, 8, 5, 4, 8, 5, 4, 8, 5, 4, 4, 4, 4, 4, 4, 4, 4, 4, 3]
[8, 5, 4, 8, 5, 4, 4, 4, 4, 4, 4, 4, 4, 4, 3]
[36, 4, 4, 4, 3]
[8, 5, 4, 4, 4, 4, 4, 4, 3]
[8, 4, 4, 4, 4, 4, 4, 4, 4, 4, 4, 4, 4, 4, 4, 4, 4, 4, 3]
[6, 6, 3]
[36, 4, 4, 3]
[34, 6, 4, 4, 4, 4, 3]
[8, 5, 4, 4, 4, 4, 4, 4, 4, 4, 4, 3]
[8, 5, 4, 8, 5, 4, 8, 5, 4, 4, 4, 4, 4, 4, 4, 4, 4, 4, 4, 4, 3]
[6, 6, 6, 3]
[36, 7, 4, 4, 4, 4, 3]
[36, 4, 4, 4, 4, 4, 4, 4, 4, 4, 4, 4, 3]
[34, 6, 6, 6, 4, 4, 4, 4, 3]
[34, 7, 4, 4, 4, 4, 4, 3]
[8, 5, 4, 4, 4, 4, 4, 4, 4, 4, 4, 3]
[36, 4, 4, 4, 4, 4, 4, 4, 4, 4, 4, 3]
[34, 7, 4, 4, 4, 4, 4, 4, 4, 4, 3]
[35, 4, 4, 4, 4, 4, 4, 4, 4, 4, 4, 4, 3]
[8, 5, 4, 8, 5, 4, 4, 4, 4, 4, 4, 4, 4, 4, 4, 3]
[34, 6, 3]
[8, 5, 4, 4, 4, 4, 4, 4, 4, 4, 3]
[8, 5, 4, 8, 5, 4, 4, 4, 4, 4, 4, 4, 4, 3]
[34, 11, 3]
[27, 3]
[36, 4, 4, 4, 4, 4, 4, 3]
[35, 4, 4, 4, 4, 4, 4, 4, 4, 4, 4, 4, 4, 4, 4, 3]
[6, 6, 6, 3]
[6, 6, 3]
[34, 6, 3]
[34, 7, 4, 4, 4, 4, 4, 4, 4, 4, 4, 4, 3]
[8, 5, 4, 4, 4, 4, 4, 4, 4, 4, 4, 3]
[8, 5, 4, 8, 5, 4, 4, 4, 4, 4, 4, 4, 4, 3]
[34, 6, 4, 4, 4, 4, 4, 3]
[35, 4, 4, 4, 4, 4, 4, 4, 4, 4, 3]
[8, 5, 4, 8, 5, 4, 8, 5, 4, 8, 5, 4, 4, 4, 4, 4, 4, 4, 4, 4, 3]
[34, 3]
[8, 5, 4, 8, 5, 4, 8, 5, 4, 4, 4, 4, 4, 4, 4, 4, 4, 3]
[34, 3]
[34, 6, 6, 3]
[8, 5, 4, 8, 5, 4, 8, 5, 4, 4, 4, 4, 4, 4, 4, 4, 3]
[8, 5, 4, 8, 5, 4, 8, 5, 4, 4, 4, 4, 4, 4, 4, 4, 4, 4, 3]
[34, 7, 4, 4, 4, 4, 4, 4, 4, 4, 4, 4, 4, 4, 4, 4, 3]
[34, 6, 6, 3]
[34, 6, 6, 3]
[8, 4, 4, 3]
[8, 5, 4, 4, 4, 4, 4, 4, 4, 4, 4, 4, 4, 4, 4, 3]
[34, 7, 4, 4, 4, 4, 4, 4, 4, 4, 3]
[34, 7, 3]
[34, 7, 4, 4, 4, 4, 4, 4, 4, 4, 4, 4, 4, 4, 4, 4, 4, 4, 4, 3]
[36, 4, 4, 4, 3]
[8, 5, 4, 8, 5, 4, 8, 5, 4, 4, 4, 4, 4, 4, 4, 4, 4, 4, 4, 4, 4, 4, 4, 4, 4, 4, 3]
[6, 6, 3]
[34, 11, 3]
[34, 6, 4, 4, 4, 4, 4, 3]
[27, 3]
[35, 4, 4, 3]
[35, 4, 4, 3]
[8, 5, 4, 4, 4, 4, 4, 4, 4, 4, 4, 4, 3]
[34, 6, 6, 3]
[6, 6, 3]
[8, 5, 4, 8, 5, 4, 8, 5, 4, 4, 4, 4, 4, 4, 4, 4, 4, 4, 3]
[6, 6, 3]
[34, 6, 6, 6, 4, 4, 4, 4, 3]
[34, 3]
[35, 4, 4, 4, 4, 4, 4, 4, 4, 4, 4, 4, 3]
[34, 7, 4, 4, 4, 4, 4, 4, 4, 4, 4, 4, 4, 4, 3]
[35, 4, 4, 4, 4, 4, 4, 4, 4, 4, 4, 4, 4, 4, 4, 4, 4, 4, 3]
[8, 5, 4, 8, 5, 4, 8, 5, 4, 8, 5, 4, 8, 5, 4, 8, 5, 4, 8, 5, 4, 8, 5, 4, 8, 5, 4, 8, 5, 4, 4, 4, 4, 4, 4, 4, 4, 4, 4, 4, 4, 4, 4, 4, 4, 4, 4, 4, 4, 4, 4, 4, 4, 4, 4, 4, 4, 4, 4, 4, 4, 4, 4, 4, 4, 4, 4, 4, 4, 4, 4, 4, 4, 4, 4, 4, 4, 4, 4, 4, 4, 4, 4, 4, 4, 4, 4, 4, 4, 4, 4, 4, 4, 4, 4, 4, 4, 4, 4, 4]
[34, 7, 3]
[27, 3]
[36, 4, 4, 4, 4, 4, 4, 3]
[8, 5, 4, 4, 4, 4, 4, 3]
[6, 6, 4, 4, 4, 3]
[36, 4, 4, 4, 4, 4, 4, 4, 4, 4, 4, 4, 4, 4, 4, 4, 4, 4, 4, 4, 4, 4, 4, 4, 4, 3]
[8, 5, 4, 8, 5, 4, 8, 5, 4, 8, 5, 4, 4, 4, 4, 4, 4, 4, 3]
[35, 4, 4, 4, 4, 4, 4, 4, 4, 4, 4, 4, 4, 3]
[6, 6, 3]
[8, 5, 4, 8, 5, 4, 8, 5, 4, 8, 5, 4, 4, 4, 4, 4, 4, 4, 4, 4, 4, 4, 4, 4, 3]
[34, 6, 4, 4, 4, 4, 4, 4, 4, 3]
[6, 6, 6, 3]
[8, 5, 4, 8, 5, 4, 8, 5, 4, 4, 4, 4, 4, 4, 4, 4, 4, 4, 3]
[36, 4, 4, 4, 4, 4, 4, 4, 4, 4, 3]
[6, 6, 6, 6, 3]
[34, 6, 6, 4, 4, 4, 4, 3]
[7, 3]
[34, 6, 6, 3]
[8, 5, 4, 8, 5, 4, 4, 4, 4, 4, 4, 4, 4, 4, 4, 4, 4, 4, 4, 4, 3]
[36, 4, 4, 4, 4, 4, 4, 4, 3]
[34, 6, 6, 3]
[34, 6, 6, 6, 3]
[36, 4, 4, 4, 4, 4, 4, 4, 4, 4, 4, 4, 4, 4, 4, 4, 4, 4, 4, 3]
[8, 5, 4, 8, 5, 4, 8, 5, 4, 4, 4, 4, 4, 4, 4, 4, 4, 3]
[8, 5, 4, 4, 4, 4, 4, 4, 4, 4, 3]
[8, 4, 4, 4, 4, 3]
[8, 5, 4, 8, 5, 4, 8, 5, 4, 4, 4, 4, 4, 4, 4, 4, 4, 4, 3]
[34, 6, 4, 4, 3]
[8, 5, 4, 8, 5, 4, 4, 4, 4, 4, 4, 4, 4, 4, 4, 3]
[34, 6, 6, 3]
[35, 4, 4, 4, 4, 4, 4, 4, 4, 4, 4, 4, 4, 4, 4, 4, 4, 4, 4, 4, 4, 3]
[34, 6, 4, 4, 4, 3]
[36, 4, 4, 4, 4, 4, 4, 4, 4, 4, 4, 4, 4, 4, 4, 4, 3]
[6, 6, 6, 6, 3]
[8, 5, 4, 8, 5, 4, 8, 5, 4, 8, 5, 4, 4, 4, 4, 4, 4, 4, 4, 4, 4, 4, 3]
[8, 5, 4, 4, 3]
[34, 6, 4, 4, 3]
[6, 6, 3]
[34, 7, 4, 4, 4, 4, 4, 4, 4, 4, 4, 4, 4, 4, 4, 4, 4, 4, 3]
[8, 5, 4, 8, 5, 4, 8, 5, 4, 8, 5, 4, 4, 4, 4, 4, 4, 4, 4, 4, 4, 4, 4, 4, 4, 4, 4, 3]
[34, 6, 3]
[34, 11, 3]
[34, 6, 4, 4, 4, 4, 3]
[35, 4, 4, 4, 4, 4, 4, 4, 4, 3]
[8, 5, 4, 8, 5, 4, 4, 4, 4, 4, 4, 4, 4, 3]
[34, 6, 3]
[34, 6, 3]
[8, 5, 4, 8, 5, 4, 4, 4, 4, 4, 4, 4, 4, 4, 4, 4, 3]
[8, 5, 4, 4, 4, 4, 4, 4, 4, 3]
[35, 4, 4, 4, 4, 4, 4, 4, 4, 4, 4, 4, 4, 4, 3]
[36, 6, 4, 4, 4, 4, 4, 4, 4, 4, 3]
[36, 4, 4, 4, 4, 4, 4, 4, 3]
[6, 6, 3]
[36, 4, 4, 4, 3]
[8, 5, 4, 8, 5, 4, 8, 5, 4, 8, 5, 4, 4, 4, 4, 4, 4, 4, 4, 4, 4, 4, 3]
[35, 4, 4, 4, 4, 4, 4, 3]
[34, 6, 3]
[35, 4, 4, 4, 4, 4, 4, 4, 4, 4, 4, 4, 4, 4, 3]
[8, 5, 4, 8, 5, 4, 4, 4, 4, 4, 4, 4, 3]
[34, 3]
[34, 6, 3]
[34, 3]
[36, 4, 4, 4, 4, 4, 4, 3]
[35, 4, 4, 4, 3]
[8, 5, 4, 4, 4, 3]
[6, 6, 4, 4, 4, 3]
[8, 5, 4, 4, 3]
[34, 7, 4, 4, 4, 4, 4, 4, 4, 4, 4, 4, 4, 4, 4, 4, 4, 4, 4, 4, 4, 4, 4, 4, 4, 4, 4, 4, 4, 4, 4, 4, 4, 3]
[8, 5, 4, 4, 4, 4, 4, 4, 3]
[34, 11, 3]
[6, 6, 3]
[34, 7, 4, 4, 4, 4, 4, 4, 4, 4, 4, 4, 4, 4, 4, 3]
[8, 5, 4, 8, 5, 4, 4, 4, 4, 4, 4, 4, 3]
[6, 6, 3]
[34, 7, 4, 4, 4, 4, 4, 4, 4, 4, 4, 4, 4, 4, 4, 4, 3]
[34, 3]
[6, 6, 3]
[34, 3]
[34, 3]
[8, 5, 4, 8, 5, 4, 4, 4, 4, 4, 4, 4, 4, 3]
[8, 4, 4, 3]
[6, 6, 6, 3]
[34, 6, 4, 4, 4, 4, 4, 4, 3]
[34, 6, 6, 3]
[34, 6, 3]
[36, 4, 4, 3]
[8, 4, 4, 4, 4, 4, 4, 4, 4, 4, 4, 4, 4, 4, 4, 3]
[35, 4, 4, 4, 4, 4, 4, 4, 4, 4, 4, 3]
[34, 11, 3]
[6, 6, 4, 4, 4, 4, 4, 4, 4, 3]
[34, 7, 4, 4, 4, 4, 4, 3]
[8, 5, 4, 8, 5, 4, 8, 5, 4, 4, 4, 4, 4, 4, 4, 4, 3]
[6, 6, 6, 3]
[35, 4, 4, 4, 4, 4, 4, 4, 4, 4, 4, 4, 4, 4, 4, 4, 4, 4, 4, 3]
[36, 4, 4, 3]
[36, 4, 4, 4, 4, 4, 3]
[36, 4, 4, 4, 3]
[36, 4, 4, 4, 4, 4, 4, 4, 3]
[6, 6, 6, 6, 3]
[34, 6, 3]
[8, 5, 4, 8, 5, 4, 8, 5, 4, 8, 5, 4, 4, 4, 4, 4, 4, 4, 4, 4, 3]
[6, 6, 4, 4, 4, 4, 4, 4, 4, 4, 4, 4, 4, 4, 4, 4, 4, 4, 4, 4, 4, 3]
[6, 6, 6, 4, 4, 4, 3]
[8, 5, 4, 4, 4, 4, 4, 4, 4, 4, 3]
[34, 7, 4, 4, 3]
[27, 3]
[27, 3]
[34, 3]
[8, 5, 4, 4, 3]
[8, 5, 3]
[8, 5, 4, 4, 4, 3]
[8, 5, 4, 4, 4, 4, 4, 3]
[34, 11, 3]
[36, 4, 4, 3]
[36, 6, 4, 4, 4, 3]
[36, 4, 4, 4, 4, 4, 3]
[36, 4, 4, 4, 4, 4, 4, 4, 3]
[36, 4, 4, 4, 4, 4, 4, 4, 4, 4, 4, 4, 4, 4, 4, 4, 4, 4, 3]
[35, 4, 4, 4, 4, 4, 4, 4, 4, 4, 4, 4, 4, 3]
[8, 5, 4, 8, 5, 4, 4, 4, 4, 4, 4, 4, 4, 4, 4, 3]
[34, 6, 6, 4, 4, 3]
[36, 6, 4, 4, 4, 4, 3]
[6, 6, 4, 4, 4, 4, 4, 4, 4, 4, 4, 3]
[34, 7, 4, 4, 4, 4, 4, 4, 4, 4, 4, 4, 4, 4, 4, 4, 4, 4, 4, 4, 4, 4, 4, 4, 4, 4, 4, 4, 4, 4, 4, 3]
[35, 4, 4, 4, 4, 4, 4, 4, 4, 4, 4, 4, 3]
[27, 3]
[8, 5, 4, 8, 5, 4, 8, 5, 4, 4, 4, 4, 4, 4, 4, 4, 3]
[8, 5, 4, 4, 4, 4, 4, 4, 4, 4, 4, 4, 4, 4, 4, 3]
[6, 6, 6, 4, 4, 4, 4, 3]
[27, 3]
[8, 5, 4, 4, 4, 4, 4, 3]
[34, 6, 3]
[34, 6, 3]
[36, 6, 3]
[8, 5, 4, 8, 5, 4, 8, 5, 4, 8, 5, 4, 8, 5, 4, 8, 5, 4, 4, 4, 4, 4, 4, 4, 4, 4, 4, 4, 4, 4, 4, 4, 4, 4, 4, 4, 4, 4, 4, 3]
[6, 6, 3]
[8, 5, 4, 4, 4, 4, 4, 4, 4, 4, 4, 3]
[6, 6, 6, 3]
[34, 7, 4, 4, 4, 4, 4, 4, 4, 4, 4, 3]
[8, 5, 4, 4, 4, 4, 4, 4, 4, 3]
[6, 6, 3]
[36, 4, 4, 4, 4, 4, 4, 4, 4, 4, 4, 4, 4, 4, 4, 4, 4, 3]
[35, 4, 4, 4, 4, 4, 4, 4, 4, 4, 4, 4, 4, 4, 4, 4, 4, 4, 4, 3]
[8, 5, 4, 8, 5, 4, 8, 5, 4, 8, 5, 4, 8, 5, 4, 8, 5, 4, 4, 4, 4, 4, 4, 4, 4, 4, 4, 4, 4, 4, 4, 4, 4, 4, 4, 4, 4, 4, 4, 4, 4, 4, 4, 4, 4, 4, 4, 4, 4, 4, 4, 4, 4, 4, 4, 4, 4, 4, 4, 4, 4, 4, 4, 4, 4, 4, 4, 4, 4, 4, 4, 4, 4, 4, 4, 4, 4, 4, 4, 4, 4, 4, 4, 4, 4, 4, 4, 4, 4, 4, 4, 4, 4, 4, 4, 4, 4, 4, 4, 4]
[8, 4, 4, 4, 4, 4, 4, 4, 4, 4, 3]
[8, 5, 4, 4, 4, 4, 4, 3]
[6, 6, 6, 3]
[34, 3]
[34, 3]
[6, 6, 4, 4, 4, 4, 4, 4, 4, 3]
[8, 5, 4, 8, 5, 4, 8, 5, 4, 8, 5, 4, 8, 5, 4, 4, 4, 4, 4, 4, 4, 4, 4, 4, 4, 4, 4, 4, 4, 4, 4, 3]
[8, 5, 4, 8, 5, 4, 8, 5, 4, 8, 5, 4, 8, 5, 4, 4, 4, 4, 4, 4, 4, 4, 4, 4, 4, 4, 4, 4, 4, 3]
[8, 5, 4, 8, 5, 4, 4, 4, 4, 4, 4, 4, 4, 4, 3]
[34, 11, 3]
[35, 4, 4, 4, 4, 4, 4, 4, 4, 4, 4, 4, 4, 3]
[8, 5, 4, 4, 4, 4, 4, 4, 3]
[8, 5, 4, 8, 5, 4, 4, 4, 4, 4, 4, 4, 4, 4, 4, 3]
[36, 4, 4, 3]
[34, 7, 4, 4, 4, 3]
[36, 4, 4, 4, 4, 4, 4, 4, 4, 4, 4, 3]
[8, 5, 4, 8, 5, 4, 4, 4, 4, 4, 4, 4, 4, 4, 4, 3]
[8, 5, 4, 8, 5, 4, 8, 5, 4, 4, 4, 4, 4, 4, 4, 4, 3]
[36, 4, 4, 4, 4, 4, 3]
[8, 5, 4, 8, 5, 4, 8, 5, 4, 4, 4, 4, 4, 4, 4, 4, 4, 3]
[36, 4, 4, 4, 4, 4, 4, 4, 4, 4, 4, 4, 4, 4, 3]
[8, 5, 4, 8, 5, 4, 8, 5, 4, 4, 4, 4, 4, 4, 4, 4, 3]
[8, 5, 4, 8, 5, 4, 8, 5, 4, 8, 5, 4, 4, 4, 4, 4, 4, 4, 4, 4, 3]
[34, 7, 4, 4, 4, 4, 4, 4, 4, 4, 4, 4, 4, 4, 4, 4, 4, 4, 4, 3]
[34, 7, 4, 4, 3]
[36, 4, 4, 4, 4, 4, 4, 4, 4, 4, 4, 4, 4, 4, 4, 4, 3]
[8, 5, 4, 8, 5, 4, 4, 4, 4, 4, 4, 4, 4, 4, 4, 3]
[34, 7, 4, 4, 3]
[34, 7, 3]
[8, 5, 4, 8, 5, 4, 8, 5, 4, 4, 4, 4, 4, 4, 4, 4, 3]
[6, 6, 3]
[8, 5, 4, 8, 5, 4, 8, 5, 4, 8, 5, 4, 8, 5, 4, 8, 5, 4, 8, 5, 4, 8, 5, 4, 4, 4, 4, 4, 4, 4, 4, 4, 4, 4, 4, 4, 4, 4, 4, 4, 4, 4, 4, 4, 4, 4, 4, 4, 4, 4, 4, 4, 4, 4, 4, 4, 4, 4, 4, 4, 4, 4, 4, 4, 4, 4, 4, 4, 4, 4, 4, 4, 4, 4, 4, 4, 4, 4, 4, 4, 4, 4, 4, 4, 4, 4, 4, 4, 4, 4, 4, 4, 4, 4, 4, 4, 4, 4, 4, 4]
[34, 6, 6, 3]
[34, 7, 4, 4, 4, 4, 4, 4, 4, 4, 4, 4, 4, 4, 4, 3]
[36, 4, 3]
[36, 4, 4, 4, 4, 4, 4, 4, 4, 3]
[8, 5, 4, 4, 4, 3]
[36, 4, 4, 4, 4, 4, 4, 4, 4, 4, 4, 4, 4, 4, 4, 4, 3]
[6, 6, 6, 4, 4, 4, 4, 3]
[6, 6, 6, 6, 3]
[6, 6, 3]
[34, 6, 4, 4, 4, 3]
[36, 4, 4, 4, 4, 4, 4, 4, 4, 4, 4, 4, 3]
[8, 5, 4, 4, 4, 4, 4, 4, 4, 3]
[35, 4, 4, 4, 4, 3]
[8, 5, 4, 8, 5, 4, 8, 5, 4, 4, 4, 4, 4, 4, 4, 4, 4, 4, 4, 4, 4, 4, 4, 4, 4, 4, 4, 4, 4, 4, 4, 4, 4, 4, 4, 4, 4, 4, 4, 3]
[36, 6, 4, 4, 4, 4, 4, 4, 4, 4, 4, 4, 4, 3]
[6, 6, 4, 4, 4, 4, 4, 4, 4, 3]
[34, 7, 4, 4, 4, 4, 4, 4, 3]
[36, 4, 4, 4, 4, 4, 4, 4, 4, 4, 3]
[6, 6, 6, 3]
[34, 7, 4, 4, 4, 4, 4, 4, 4, 4, 4, 4, 3]
[34, 7, 4, 4, 4, 4, 4, 4, 4, 4, 3]
[6, 6, 6, 3]
[34, 7, 4, 4, 4, 4, 4, 4, 4, 4, 4, 4, 4, 4, 3]
[8, 5, 4, 4, 4, 4, 4, 4, 4, 4, 3]
[34, 6, 4, 4, 4, 4, 4, 3]
[8, 5, 4, 4, 4, 4, 4, 4, 4, 4, 3]
[34, 7, 4, 4, 4, 4, 4, 3]
[34, 6, 3]
[6, 6, 3]
[34, 6, 4, 4, 4, 3]
[34, 6, 6, 3]
[34, 6, 6, 4, 4, 3]
[6, 6, 6, 6, 3]
[36, 4, 4, 4, 4, 4, 4, 4, 4, 4, 4, 4, 4, 4, 4, 4, 4, 3]
[6, 6, 6, 6, 3]
[34, 6, 3]
[36, 4, 4, 4, 4, 4, 4, 3]
[6, 6, 6, 3]
[6, 6, 6, 3]
[8, 5, 4, 8, 5, 4, 4, 4, 4, 4, 4, 4, 4, 4, 4, 4, 4, 4, 4, 4, 4, 4, 4, 3]
[8, 5, 4, 8, 5, 4, 4, 4, 4, 4, 4, 4, 3]
[6, 6, 6, 4, 4, 3]
[36, 4, 4, 4, 4, 4, 4, 4, 4, 4, 4, 4, 4, 4, 4, 4, 3]
[34, 7, 4, 4, 4, 4, 4, 4, 3]
[34, 6, 6, 4, 4, 4, 3]
[34, 6, 4, 4, 4, 4, 4, 4, 3]
[34, 7, 4, 4, 4, 4, 4, 3]
[6, 6, 6, 4, 4, 4, 3]
[8, 5, 4, 8, 5, 4, 4, 4, 4, 4, 4, 4, 3]
[34, 6, 4, 4, 3]
[34, 3]
[8, 5, 4, 4, 4, 4, 4, 3]
[6, 6, 4, 4, 4, 4, 4, 4, 4, 4, 3]
[8, 5, 4, 4, 4, 4, 3]
[34, 3]
[8, 5, 4, 4, 4, 4, 3]
[34, 6, 6, 6, 3]
[8, 5, 4, 4, 3]
[8, 5, 4, 8, 5, 4, 4, 4, 4, 4, 4, 3]
[34, 6, 3]
[8, 5, 4, 4, 4, 4, 4, 4, 3]
[8, 5, 4, 8, 5, 4, 4, 4, 4, 4, 4, 3]
[34, 6, 6, 6, 6, 6, 6, 4, 4, 4, 4, 4, 4, 4, 4, 4, 3]
[34, 6, 3]
[34, 7, 4, 4, 3]
[8, 5, 4, 8, 5, 4, 8, 5, 4, 4, 4, 4, 4, 4, 4, 3]
[27, 3]
[34, 6, 4, 4, 4, 3]
[34, 7, 4, 4, 4, 4, 4, 3]
[34, 7, 4, 4, 4, 4, 4, 4, 4, 4, 4, 4, 4, 4, 4, 3]
[27, 3]
[8, 5, 4, 8, 5, 4, 8, 5, 4, 8, 5, 4, 4, 4, 4, 4, 4, 4, 4, 4, 4, 4, 4, 4, 4, 4, 3]
[34, 7, 4, 4, 4, 4, 4, 4, 4, 3]
[34, 6, 4, 4, 4, 4, 4, 4, 4, 4, 4, 4, 4, 4, 3]
[34, 6, 4, 4, 4, 4, 3]
[36, 4, 4, 4, 4, 4, 4, 4, 4, 4, 4, 4, 4, 4, 4, 4, 4, 4, 4, 4, 4, 3]
[35, 4, 4, 4, 4, 4, 4, 4, 4, 3]
[34, 7, 3]
[6, 6, 4, 4, 4, 4, 4, 4, 4, 4, 3]
[8, 5, 4, 4, 4, 4, 4, 3]
[6, 6, 4, 4, 4, 4, 4, 4, 4, 3]
[34, 11, 3]
[6, 6, 6, 6, 6, 3]
[6, 6, 4, 4, 4, 4, 4, 4, 4, 4, 4, 4, 4, 4, 4, 4, 3]
[34, 3]
[6, 6, 6, 4, 4, 4, 3]
[34, 3]
[35, 4, 4, 4, 4, 4, 4, 4, 3]
[34, 6, 6, 3]
[34, 6, 6, 4, 4, 3]
[34, 6, 6, 6, 3]
[36, 4, 4, 3]
[34, 11, 3]
[8, 5, 4, 8, 5, 4, 8, 5, 4, 4, 4, 4, 4, 4, 4, 4, 4, 4, 3]
[34, 3]
[34, 6, 6, 6, 3]
[34, 7, 4, 4, 4, 4, 4, 4, 4, 4, 4, 4, 3]
[35, 4, 4, 4, 4, 4, 4, 4, 4, 4, 4, 4, 4, 4, 3]
[34, 7, 4, 4, 4, 4, 4, 4, 4, 4, 4, 4, 4, 4, 3]
[6, 6, 4, 4, 4, 4, 4, 4, 3]
[36, 4, 4, 4, 4, 4, 4, 4, 4, 4, 4, 4, 3]
[36, 4, 4, 3]
[6, 6, 4, 4, 4, 4, 4, 4, 3]
[34, 6, 4, 4, 4, 4, 4, 4, 4, 4, 4, 3]
[36, 4, 4, 3]
[8, 5, 4, 4, 4, 4, 3]
[36, 4, 4, 4, 4, 4, 4, 4, 4, 4, 4, 4, 4, 4, 3]
[35, 4, 4, 4, 4, 3]
[35, 4, 4, 4, 4, 4, 4, 4, 3]
[8, 5, 4, 4, 4, 4, 4, 4, 4, 3]
[34, 7, 4, 4, 4, 4, 4, 4, 4, 4, 4, 4, 4, 4, 4, 4, 4, 4, 3]
[34, 3]
[8, 5, 4, 8, 5, 4, 8, 5, 4, 4, 4, 4, 4, 4, 3]
[34, 11, 3]
[8, 5, 4, 8, 5, 4, 8, 5, 4, 8, 5, 4, 4, 4, 4, 4, 4, 4, 4, 4, 4, 4, 3]
[34, 7, 4, 4, 3]
[34, 6, 3]
[34, 11, 3]
[6, 6, 6, 4, 4, 3]
[8, 5, 4, 4, 4, 4, 4, 3]
[8, 5, 4, 4, 4, 4, 4, 4, 4, 3]
[34, 6, 6, 6, 3]
[34, 6, 3]
[8, 5, 4, 8, 5, 4, 4, 4, 4, 4, 4, 4, 4, 4, 3]
[34, 7, 4, 4, 4, 4, 4, 4, 3]
[8, 5, 4, 8, 5, 4, 8, 5, 4, 4, 4, 4, 4, 4, 4, 4, 4, 4, 4, 4, 4, 4, 4, 4, 4, 4, 4, 4, 4, 3]
[34, 3]
[36, 4, 4, 3]
[34, 11, 3]
[36, 4, 4, 4, 4, 4, 4, 4, 4, 4, 4, 4, 4, 4, 4, 4, 4, 4, 4, 4, 4, 4, 4, 3]
[8, 5, 4, 8, 5, 4, 8, 5, 4, 4, 4, 4, 4, 4, 4, 4, 4, 3]
[8, 5, 4, 4, 4, 4, 4, 3]
[36, 4, 4, 4, 4, 4, 4, 4, 4, 3]
[34, 7, 4, 4, 4, 4, 4, 4, 3]
[8, 5, 4, 8, 5, 4, 4, 4, 4, 4, 4, 4, 3]
[27, 3]
[36, 4, 4, 4, 4, 4, 4, 4, 4, 4, 4, 4, 4, 4, 4, 4, 4, 4, 4, 4, 3]
[6, 6, 4, 4, 4, 3]
[6, 6, 6, 4, 4, 4, 3]
[34, 7, 4, 4, 3]
[36, 6, 4, 4, 4, 4, 4, 4, 4, 4, 4, 4, 3]
[8, 5, 4, 8, 5, 4, 8, 5, 4, 4, 4, 4, 4, 4, 4, 4, 4, 4, 3]
[8, 5, 4, 8, 5, 4, 8, 5, 4, 4, 4, 4, 4, 4, 4, 4, 4, 4, 3]
[6, 6, 3]
[34, 6, 4, 4, 4, 4, 4, 4, 4, 4, 4, 4, 4, 4, 4, 4, 4, 4, 4, 4, 3]
[8, 5, 4, 4, 4, 4, 4, 4, 4, 4, 4, 4, 4, 3]
[36, 4, 4, 4, 4, 3]
[6, 6, 6, 4, 4, 3]
[34, 6, 6, 6, 3]
[8, 5, 4, 4, 3]
[36, 4, 4, 4, 4, 3]
[8, 5, 4, 8, 5, 4, 4, 4, 4, 4, 4, 4, 4, 3]
[34, 3]
[8, 5, 4, 8, 5, 4, 8, 5, 4, 8, 5, 4, 8, 5, 4, 4, 4, 4, 4, 4, 4, 4, 4, 4, 4, 4, 4, 4, 4, 4, 3]
[34, 7, 4, 4, 4, 4, 4, 3]
[35, 4, 4, 4, 4, 4, 4, 4, 4, 4, 4, 4, 4, 4, 4, 4, 4, 4, 4, 4, 4, 4, 4, 4, 4, 4, 4, 4, 4, 4, 4, 4, 4, 4, 4, 4, 4, 4, 4, 4, 4, 4, 4, 4, 4, 4, 4, 4, 4, 4, 4, 4, 4, 4, 4, 4, 4, 4, 4, 4, 4, 4, 4, 4, 4, 4, 4, 4, 4, 4, 4, 4, 4, 4, 4, 4, 4, 4, 4, 4, 4, 4, 4, 4, 4, 4, 4, 4, 4, 4, 4, 4, 4, 4, 4, 4, 4, 4, 4, 4]
[6, 6, 6, 3]
[34, 6, 3]
[34, 6, 3]
[34, 7, 4, 4, 3]
[6, 6, 6, 4, 4, 4, 3]
[36, 4, 4, 4, 4, 4, 4, 4, 4, 4, 4, 4, 3]
[6, 6, 3]
[34, 11, 3]
[6, 6, 4, 4, 4, 4, 3]
[8, 4, 4, 4, 4, 4, 4, 4, 4, 4, 4, 4, 4, 4, 4, 4, 4, 4, 3]
[35, 4, 4, 4, 4, 4, 4, 4, 4, 4, 4, 4, 4, 4, 4, 4, 4, 4, 4, 3]
[34, 6, 6, 4, 4, 4, 4, 4, 4, 4, 3]
[8, 5, 4, 8, 5, 4, 8, 5, 4, 8, 5, 4, 4, 4, 4, 4, 4, 4, 4, 4, 4, 4, 3]
[34, 7, 4, 4, 4, 4, 4, 4, 4, 4, 4, 3]
[35, 4, 4, 4, 4, 4, 4, 4, 4, 4, 4, 4, 3]
[34, 7, 4, 4, 4, 4, 4, 4, 4, 4, 4, 3]
[34, 11, 3]
[34, 3]
[34, 3]
[6, 6, 4, 4, 4, 4, 4, 4, 4, 4, 4, 3]
[35, 4, 4, 3]
[34, 7, 4, 4, 4, 4, 4, 4, 4, 4, 3]
[8, 5, 4, 4, 4, 4, 4, 4, 4, 4, 4, 3]
[27, 3]
[34, 3]
[34, 7, 4, 4, 4, 4, 4, 4, 4, 4, 4, 4, 4, 4, 4, 4, 4, 4, 3]
[6, 6, 4, 4, 4, 4, 4, 4, 4, 4, 4, 4, 4, 4, 4, 4, 4, 3]
[34, 6, 3]
[8, 5, 4, 4, 3]
[6, 6, 4, 4, 3]
[34, 7, 4, 4, 4, 4, 4, 4, 4, 4, 3]
[34, 7, 4, 4, 3]
[34, 6, 6, 3]
[36, 4, 4, 3]
[34, 7, 4, 4, 4, 4, 4, 4, 4, 4, 4, 4, 4, 4, 4, 4, 4, 4, 4, 4, 3]
[34, 6, 4, 4, 4, 4, 3]
[8, 5, 4, 4, 3]
[34, 3]
[8, 5, 4, 8, 5, 4, 8, 5, 4, 4, 4, 4, 4, 4, 4, 4, 4, 4, 4, 4, 3]
[27, 5, 3]
[34, 6, 4, 4, 4, 3]
[34, 7, 4, 4, 4, 4, 4, 4, 4, 4, 4, 4, 4, 4, 4, 4, 4, 4, 4, 4, 4, 4, 3]
[6, 6, 6, 6, 3]
[35, 4, 4, 4, 4, 4, 4, 4, 4, 3]
[34, 3]
[34, 7, 4, 4, 4, 4, 4, 4, 4, 4, 4, 4, 4, 4, 4, 4, 4, 4, 4, 4, 4, 4, 4, 4, 4, 3]
[34, 6, 3]
[8, 5, 4, 4, 4, 4, 4, 4, 4, 3]
[34, 6, 4, 4, 4, 4, 3]
[34, 7, 3]
[27, 3]
[34, 7, 4, 4, 4, 4, 4, 4, 4, 4, 4, 4, 4, 4, 4, 4, 4, 4, 3]
[35, 4, 4, 4, 4, 4, 4, 4, 3]
[27, 6, 3]
[34, 7, 4, 4, 4, 4, 4, 4, 4, 4, 4, 4, 4, 4, 3]
[34, 3]
[6, 6, 4, 4, 4, 4, 4, 4, 4, 4, 4, 4, 4, 4, 4, 4, 4, 4, 4, 4, 3]
[34, 6, 6, 6, 3]
[34, 6, 4, 4, 4, 3]
[36, 4, 4, 4, 3]
[36, 6, 4, 4, 4, 4, 4, 4, 4, 4, 4, 4, 3]
[34, 6, 3]
[36, 7, 4, 4, 4, 4, 4, 4, 4, 4, 3]
[34, 6, 6, 6, 3]
[27, 3]
[8, 5, 4, 8, 5, 4, 4, 4, 4, 4, 4, 4, 4, 3]
[36, 4, 4, 3]
[6, 6, 3]
[34, 3]
[34, 6, 6, 6, 6, 6, 6, 4, 4, 4, 4, 4, 4, 4, 4, 4, 4, 4, 3]
[8, 5, 4, 4, 4, 4, 4, 4, 4, 4, 4, 4, 4, 4, 4, 4, 3]
[8, 5, 4, 8, 5, 4, 8, 5, 4, 4, 4, 4, 4, 4, 4, 3]
[34, 7, 4, 4, 3]
[8, 5, 4, 4, 4, 4, 4, 4, 4, 3]
[36, 4, 4, 4, 3]
[27, 3]
[6, 6, 6, 4, 4, 3]
[8, 5, 4, 8, 5, 4, 4, 4, 4, 4, 4, 4, 4, 4, 3]
[34, 3]
[34, 6, 4, 4, 4, 3]
[34, 6, 6, 6, 6, 3]
[6, 6, 4, 4, 4, 4, 4, 3]
[8, 5, 4, 4, 4, 4, 4, 4, 4, 3]
[6, 6, 4, 4, 4, 4, 4, 4, 4, 4, 4, 4, 4, 4, 4, 3]
[34, 7, 4, 4, 3]
[8, 5, 4, 4, 4, 3]
[8, 5, 4, 8, 5, 4, 4, 4, 4, 4, 4, 4, 4, 4, 4, 4, 3]
[36, 4, 4, 4, 4, 4, 4, 4, 4, 4, 3]
[34, 6, 6, 3]
[36, 4, 4, 4, 4, 4, 4, 4, 4, 3]
[36, 4, 4, 4, 4, 4, 4, 4, 4, 4, 4, 3]
[35, 4, 4, 4, 4, 4, 4, 4, 4, 4, 4, 4, 4, 4, 3]
[27, 6, 4, 4, 4, 4, 4, 4, 4, 3]
[6, 6, 4, 4, 4, 4, 3]
[34, 6, 6, 6, 3]
[8, 5, 4, 4, 4, 4, 3]
[34, 11, 3]
[36, 4, 4, 4, 4, 4, 4, 4, 4, 4, 4, 4, 4, 4, 4, 4, 4, 4, 4, 4, 4, 4, 4, 4, 4, 4, 4, 4, 4, 4, 4, 4, 4, 4, 4, 4, 4, 4, 4, 4, 4, 4, 4, 4, 4, 4, 4, 4, 4, 4, 4, 4, 3]
[6, 6, 4, 4, 4, 4, 4, 4, 3]
[8, 5, 4, 8, 5, 4, 8, 5, 4, 4, 4, 4, 4, 4, 4, 3]
[8, 5, 4, 8, 5, 4, 4, 4, 4, 4, 4, 4, 3]
[35, 4, 4, 4, 4, 4, 4, 4, 4, 4, 4, 4, 3]
[8, 5, 4, 4, 4, 4, 4, 4, 4, 4, 4, 4, 3]
[36, 4, 4, 4, 4, 4, 4, 4, 4, 4, 4, 4, 4, 4, 4, 3]
[8, 5, 4, 8, 5, 4, 4, 4, 4, 4, 4, 4, 4, 4, 4, 3]
[8, 5, 4, 8, 5, 4, 8, 5, 4, 8, 5, 4, 8, 5, 4, 4, 4, 4, 4, 4, 4, 4, 4, 4, 4, 4, 4, 4, 4, 4, 4, 3]
[6, 6, 6, 3]
[8, 5, 4, 4, 4, 4, 4, 4, 4, 4, 3]
[8, 5, 4, 8, 5, 4, 4, 4, 4, 4, 4, 4, 4, 4, 3]
[35, 4, 4, 4, 4, 4, 4, 4, 4, 4, 4, 4, 4, 4, 4, 4, 4, 4, 4, 4, 4, 4, 4, 3]
[36, 4, 4, 3]
[8, 5, 4, 4, 4, 4, 4, 4, 4, 3]
[36, 6, 4, 4, 3]
[7, 3]
[34, 6, 6, 6, 3]
[36, 4, 4, 4, 4, 4, 4, 4, 4, 4, 4, 4, 4, 4, 4, 4, 3]
[36, 4, 4, 3]
[8, 5, 4, 4, 4, 4, 3]
[34, 7, 4, 4, 3]
[6, 6, 3]
[34, 7, 4, 4, 4, 4, 4, 4, 4, 4, 4, 4, 4, 3]
[27, 3]
[6, 6, 4, 4, 4, 3]
[8, 5, 4, 8, 5, 4, 8, 5, 4, 4, 4, 4, 4, 4, 4, 4, 4, 4, 4, 3]
[36, 4, 4, 4, 4, 3]
[6, 6, 6, 4, 4, 4, 3]
[6, 6, 6, 4, 4, 3]
[8, 5, 4, 4, 4, 4, 4, 4, 3]
[35, 4, 4, 4, 4, 4, 4, 4, 4, 4, 4, 4, 4, 4, 4, 4, 4, 4, 4, 4, 4, 4, 4, 4, 3]
[8, 5, 4, 4, 4, 4, 4, 4, 3]
[8, 5, 4, 8, 5, 4, 4, 4, 4, 4, 4, 4, 4, 3]
[27, 3]
[34, 3]
[36, 4, 4, 4, 4, 4, 4, 4, 4, 4, 4, 4, 4, 4, 3]
[34, 6, 6, 3]
[8, 5, 4, 8, 5, 4, 4, 4, 4, 4, 4, 4, 4, 4, 3]
[35, 4, 4, 4, 4, 4, 4, 4, 4, 4, 4, 4, 4, 4, 4, 4, 4, 4, 4, 4, 3]
[34, 6, 6, 6, 3]
[6, 6, 3]
[34, 6, 4, 4, 3]
[34, 7, 4, 4, 4, 4, 4, 3]
[8, 5, 4, 4, 4, 4, 4, 4, 4, 3]
[35, 4, 4, 4, 4, 4, 4, 4, 4, 4, 4, 4, 3]
[35, 4, 4, 4, 4, 4, 4, 4, 4, 4, 4, 4, 3]
[8, 5, 4, 4, 4, 4, 4, 4, 4, 4, 4, 4, 4, 4, 4, 4, 3]
[8, 5, 4, 8, 5, 4, 8, 5, 4, 4, 4, 4, 4, 4, 4, 4, 4, 4, 4, 3]
[27, 3]
[35, 4, 4, 4, 4, 4, 4, 4, 4, 4, 4, 4, 4, 3]
[34, 6, 4, 4, 4, 4, 3]
[35, 4, 4, 3]
[8, 5, 4, 8, 5, 4, 8, 5, 4, 8, 5, 4, 8, 5, 4, 4, 4, 4, 4, 4, 4, 4, 4, 4, 4, 4, 4, 4, 4, 4, 4, 4, 4, 4, 4, 4, 4, 4, 4, 4, 4, 3]
[34, 6, 4, 4, 4, 4, 4, 4, 4, 4, 4, 4, 4, 4, 4, 4, 3]
[34, 6, 3]
[8, 5, 4, 4, 4, 4, 4, 4, 4, 4, 3]
[36, 4, 4, 4, 4, 4, 4, 4, 4, 4, 4, 4, 3]
[34, 7, 4, 4, 4, 4, 4, 4, 4, 4, 4, 4, 4, 4, 3]
[34, 6, 4, 4, 4, 3]
[36, 4, 4, 4, 4, 3]
[34, 6, 4, 4, 4, 4, 3]
[36, 4, 4, 3]
[8, 5, 4, 8, 5, 4, 4, 4, 4, 4, 4, 4, 4, 4, 3]
[8, 5, 4, 8, 5, 4, 8, 5, 4, 4, 4, 4, 4, 4, 4, 4, 4, 4, 4, 3]
[8, 5, 4, 8, 5, 4, 8, 5, 4, 8, 5, 4, 4, 4, 4, 4, 4, 4, 4, 4, 4, 4, 3]
[34, 7, 4, 4, 4, 4, 4, 4, 4, 4, 4, 3]
[34, 6, 6, 3]
[34, 6, 6, 4, 4, 3]
[8, 5, 4, 8, 5, 4, 8, 5, 4, 4, 4, 4, 4, 4, 4, 4, 3]
[36, 4, 4, 4, 3]
[6, 6, 6, 3]
[35, 4, 4, 4, 4, 4, 4, 4, 4, 4, 3]
[34, 6, 6, 3]
[35, 4, 4, 4, 4, 4, 4, 4, 4, 4, 4, 4, 4, 4, 4, 3]
[35, 4, 4, 4, 4, 4, 4, 4, 4, 3]
[6, 6, 3]
[36, 4, 4, 4, 4, 4, 4, 4, 4, 4, 3]
[8, 5, 4, 8, 5, 4, 4, 4, 4, 4, 4, 4, 4, 4, 4, 4, 3]
[34, 3]
[34, 7, 4, 4, 4, 4, 4, 4, 4, 4, 4, 4, 4, 4, 3]
[8, 5, 4, 8, 5, 4, 4, 4, 4, 4, 4, 4, 4, 3]
[36, 4, 4, 4, 4, 4, 4, 4, 4, 4, 4, 4, 3]
[34, 11, 3]
[34, 7, 4, 4, 4, 4, 4, 4, 3]
[34, 6, 6, 3]
[34, 7, 4, 4, 4, 4, 4, 4, 4, 4, 4, 4, 4, 4, 3]
[35, 4, 4, 4, 4, 4, 4, 4, 4, 4, 4, 4, 4, 4, 3]
[36, 4, 4, 4, 4, 4, 3]
[34, 7, 4, 4, 4, 4, 4, 4, 4, 4, 4, 4, 4, 4, 3]
[34, 6, 6, 6, 6, 4, 4, 4, 4, 4, 3]
[34, 7, 4, 4, 4, 4, 4, 4, 4, 4, 4, 4, 4, 4, 4, 4, 4, 3]
[35, 4, 4, 4, 3]
[8, 5, 4, 4, 4, 4, 4, 4, 3]
[34, 3]
[34, 7, 4, 4, 4, 4, 4, 4, 4, 3]
[34, 6, 6, 6, 6, 3]
[36, 4, 4, 4, 4, 3]
[34, 6, 6, 3]
[6, 6, 4, 4, 4, 4, 4, 4, 4, 4, 4, 4, 4, 4, 4, 4, 4, 4, 4, 4, 4, 4, 4, 4, 3]
[34, 7, 4, 4, 4, 3]
[34, 6, 6, 6, 6, 9, 4, 4, 4, 4, 4, 3]
[8, 4, 4, 4, 4, 4, 4, 4, 4, 4, 4, 3]
[8, 4, 4, 4, 4, 3]
[35, 4, 4, 4, 4, 4, 4, 4, 4, 4, 4, 4, 4, 4, 4, 3]
[6, 6, 3]
[35, 4, 4, 3]
[34, 7, 4, 4, 3]
[6, 6, 6, 3]
[34, 6, 6, 4, 4, 4, 4, 3]
[36, 4, 4, 4, 4, 4, 4, 4, 4, 4, 4, 4, 4, 3]
[6, 6, 3]
[34, 6, 6, 4, 4, 4, 4, 4, 4, 3]
[6, 6, 4, 4, 4, 4, 4, 4, 3]
[36, 4, 4, 4, 4, 4, 4, 3]
[35, 4, 4, 4, 4, 4, 4, 4, 4, 4, 4, 4, 4, 3]
[8, 5, 4, 8, 5, 4, 8, 5, 4, 8, 5, 4, 4, 4, 4, 4, 4, 4, 4, 4, 4, 4, 4, 3]
[36, 6, 4, 4, 4, 4, 4, 4, 4, 4, 4, 4, 4, 4, 3]
[6, 6, 6, 6, 3]
[6, 6, 4, 4, 4, 4, 4, 3]
[36, 4, 4, 3]
[8, 5, 4, 8, 5, 4, 4, 4, 4, 4, 4, 4, 3]
[34, 3]
[6, 6, 4, 4, 4, 4, 4, 4, 4, 4, 4, 4, 4, 4, 3]
[27, 3]
[34, 7, 4, 4, 4, 4, 4, 4, 4, 4, 4, 4, 3]
[36, 4, 4, 3]
[34, 3]
[34, 6, 3]
[36, 4, 4, 4, 4, 4, 4, 4, 4, 4, 4, 3]
[34, 7, 4, 4, 4, 4, 4, 4, 4, 4, 4, 4, 3]
[34, 3]
[6, 6, 6, 6, 3]
[34, 7, 4, 4, 4, 4, 4, 4, 4, 4, 4, 4, 4, 4, 4, 4, 4, 4, 4, 4, 4, 4, 3]
[35, 4, 4, 4, 4, 4, 4, 4, 4, 4, 4, 4, 3]
[34, 6, 6, 3]
[8, 5, 4, 8, 5, 4, 8, 5, 4, 4, 4, 4, 4, 4, 4, 3]
[35, 4, 4, 4, 4, 4, 4, 4, 4, 4, 4, 4, 4, 4, 4, 4, 3]
[35, 4, 4, 4, 4, 4, 4, 4, 4, 4, 4, 4, 3]
[36, 4, 4, 3]
[34, 6, 4, 4, 4, 4, 4, 4, 4, 3]
[8, 5, 4, 8, 5, 4, 8, 5, 4, 4, 4, 4, 4, 4, 4, 4, 4, 4, 4, 3]
[6, 6, 4, 4, 4, 4, 4, 4, 3]
[36, 4, 4, 4, 4, 3]
[35, 4, 4, 4, 4, 4, 3]
[8, 5, 4, 8, 5, 4, 8, 5, 4, 8, 5, 4, 4, 4, 4, 4, 4, 4, 4, 4, 4, 4, 4, 4, 4, 4, 3]
[6, 6, 4, 4, 4, 4, 3]
[34, 7, 4, 4, 4, 4, 4, 4, 4, 4, 4, 4, 3]
[8, 5, 4, 4, 3]
[35, 4, 4, 4, 4, 4, 4, 4, 4, 3]
[8, 5, 4, 8, 5, 4, 4, 4, 4, 4, 4, 4, 4, 4, 4, 4, 3]
[8, 4, 4, 4, 3]
[8, 5, 4, 8, 5, 4, 8, 5, 4, 8, 5, 4, 8, 5, 4, 8, 5, 4, 4, 4, 4, 4, 4, 4, 4, 4, 4, 4, 4, 4, 4, 4, 4, 4, 4, 4, 4, 4, 4, 4, 3]
[8, 5, 4, 8, 5, 4, 8, 5, 4, 4, 4, 4, 4, 4, 4, 4, 4, 4, 4, 4, 4, 3]
[36, 4, 4, 4, 4, 4, 4, 4, 4, 4, 3]
[6, 6, 4, 4, 4, 4, 4, 4, 4, 4, 3]
[6, 6, 6, 6, 3]
[34, 7, 3]
[8, 5, 4, 4, 4, 3]
[36, 6, 4, 4, 3]
[34, 7, 3]
[6, 6, 6, 6, 3]
[34, 3]
[6, 6, 6, 3]
[6, 6, 4, 4, 4, 4, 4, 4, 4, 4, 4, 4, 4, 4, 4, 4, 4, 4, 4, 4, 4, 3]
[35, 4, 4, 4, 4, 4, 4, 4, 4, 4, 4, 4, 4, 4, 4, 4, 4, 3]
[35, 4, 4, 4, 4, 3]
[36, 4, 4, 4, 4, 4, 4, 4, 4, 3]
[34, 7, 4, 4, 4, 4, 4, 4, 4, 4, 4, 4, 4, 3]
[8, 5, 4, 4, 4, 4, 4, 4, 3]
[35, 4, 4, 3]
[6, 6, 4, 4, 4, 4, 4, 4, 4, 4, 4, 4, 4, 4, 4, 4, 3]
[36, 4, 4, 3]
[35, 4, 4, 4, 4, 4, 4, 4, 4, 4, 4, 4, 4, 4, 4, 4, 3]
[36, 4, 4, 4, 4, 4, 4, 4, 4, 4, 4, 4, 4, 4, 4, 4, 3]
[8, 4, 4, 4, 4, 4, 4, 3]
[35, 4, 4, 4, 4, 4, 4, 4, 3]
[8, 5, 4, 8, 5, 4, 8, 5, 4, 4, 4, 4, 4, 4, 4, 4, 4, 4, 3]
[36, 4, 4, 3]
[8, 4, 4, 4, 4, 4, 3]
[6, 6, 6, 3]
[8, 5, 4, 8, 5, 4, 4, 4, 4, 4, 4, 4, 4, 4, 4, 4, 3]
[8, 5, 4, 8, 5, 4, 8, 5, 4, 8, 5, 4, 8, 5, 4, 4, 4, 4, 4, 4, 4, 4, 4, 4, 4, 4, 4, 4, 3]
[34, 7, 4, 4, 4, 4, 4, 4, 4, 4, 4, 4, 4, 4, 4, 3]
[8, 5, 4, 4, 3]
[34, 3]
[36, 4, 4, 4, 4, 4, 4, 4, 4, 4, 4, 4, 4, 4, 4, 4, 4, 4, 4, 4, 3]
[6, 6, 6, 3]
[6, 6, 3]
[34, 3]
[8, 5, 4, 4, 4, 4, 4, 4, 4, 4, 4, 4, 4, 4, 4, 3]
[8, 5, 4, 8, 5, 4, 4, 4, 4, 4, 4, 4, 4, 4, 4, 4, 3]
[8, 5, 4, 4, 4, 4, 4, 4, 4, 4, 3]
[35, 4, 4, 4, 4, 4, 4, 4, 4, 4, 4, 4, 4, 3]
[36, 4, 4, 4, 4, 4, 4, 4, 4, 4, 4, 4, 4, 4, 3]
[36, 4, 4, 4, 3]
[34, 7, 4, 4, 3]
[6, 6, 3]
[6, 6, 4, 4, 4, 4, 4, 4, 3]
[6, 6, 4, 4, 3]
[34, 6, 3]
[8, 5, 4, 4, 3]
[34, 7, 4, 4, 4, 4, 4, 4, 4, 4, 4, 4, 4, 4, 4, 3]
[8, 5, 4, 4, 4, 4, 4, 3]
[34, 11, 3]
[8, 5, 4, 4, 4, 4, 4, 4, 3]
[34, 6, 4, 4, 3]
[36, 4, 4, 4, 4, 4, 4, 4, 4, 4, 3]
[34, 6, 3]
[34, 7, 4, 4, 4, 4, 4, 4, 4, 4, 4, 4, 4, 4, 4, 3]
[35, 4, 4, 4, 4, 4, 4, 4, 4, 4, 4, 4, 3]
[8, 5, 4, 4, 4, 4, 4, 4, 3]
[35, 4, 4, 4, 4, 4, 4, 4, 4, 4, 4, 4, 4, 4, 3]
[34, 6, 4, 4, 4, 4, 3]
[34, 6, 6, 3]
[34, 11, 3]
[36, 4, 4, 4, 4, 4, 4, 4, 4, 4, 4, 3]
[36, 4, 4, 4, 4, 4, 4, 4, 4, 4, 4, 4, 3]
[8, 5, 4, 4, 4, 4, 4, 4, 4, 4, 4, 4, 4, 4, 3]
[34, 7, 4, 4, 4, 4, 4, 4, 4, 4, 4, 4, 4, 4, 4, 4, 4, 4, 3]
[6, 6, 6, 6, 4, 4, 4, 3]
[34, 3]
[8, 5, 4, 4, 4, 4, 4, 4, 4, 4, 4, 3]
[34, 6, 6, 3]
[8, 5, 4, 8, 5, 4, 8, 5, 4, 8, 5, 4, 4, 4, 4, 4, 4, 4, 4, 4, 4, 3]
[27, 3]
[8, 4, 4, 4, 4, 4, 4, 3]
[35, 4, 4, 4, 4, 4, 4, 4, 3]
[8, 5, 4, 8, 5, 4, 4, 4, 4, 4, 4, 4, 3]
[8, 5, 4, 4, 4, 4, 4, 4, 3]
[34, 11, 3]
[8, 5, 4, 8, 5, 4, 4, 4, 4, 4, 4, 4, 4, 3]
[8, 5, 4, 8, 5, 4, 8, 5, 4, 4, 4, 4, 4, 4, 4, 4, 4, 3]
[34, 6, 4, 4, 4, 4, 4, 4, 4, 4, 4, 4, 4, 3]
[36, 4, 4, 4, 4, 4, 4, 4, 3]
[36, 4, 4, 4, 4, 4, 4, 3]
[34, 6, 6, 6, 3]
[34, 7, 4, 4, 4, 4, 4, 4, 4, 4, 4, 4, 4, 4, 4, 4, 4, 4, 4, 4, 4, 3]
[8, 5, 4, 8, 5, 4, 8, 5, 4, 4, 4, 4, 4, 4, 4, 4, 3]
[34, 7, 4, 4, 4, 4, 4, 4, 4, 3]
[6, 6, 6, 4, 4, 4, 3]
[8, 5, 4, 4, 4, 4, 4, 4, 4, 4, 4, 3]
[8, 5, 4, 4, 4, 4, 3]
[8, 5, 4, 8, 5, 4, 8, 5, 4, 8, 5, 4, 4, 4, 4, 4, 4, 4, 4, 4, 4, 4, 3]
[34, 6, 6, 3]
[8, 5, 4, 8, 5, 4, 8, 5, 4, 4, 4, 4, 4, 4, 4, 4, 4, 4, 4, 4, 3]
[36, 4, 4, 4, 4, 4, 4, 4, 4, 4, 4, 4, 4, 4, 4, 4, 4, 4, 4, 4, 4, 4, 4, 4, 4, 4, 4, 3]
[8, 5, 4, 4, 4, 4, 4, 3]
[34, 7, 4, 4, 4, 4, 4, 4, 4, 4, 4, 4, 4, 4, 3]
[35, 4, 4, 4, 4, 4, 4, 4, 4, 4, 4, 4, 4, 4, 4, 4, 3]
[6, 6, 4, 4, 3]
[34, 7, 3]
[34, 7, 4, 4, 4, 4, 4, 4, 4, 4, 4, 4, 4, 4, 4, 4, 4, 4, 4, 4, 4, 4, 4, 4, 4, 4, 4, 4, 4, 3]
[36, 4, 4, 4, 4, 4, 4, 4, 3]
[36, 4, 4, 4, 4, 4, 4, 4, 3]
[6, 6, 6, 4, 4, 3]
[8, 5, 4, 8, 5, 4, 8, 5, 4, 4, 4, 4, 4, 4, 4, 3]
[36, 4, 4, 4, 4, 4, 4, 4, 4, 4, 4, 4, 4, 3]
[35, 4, 4, 3]
[8, 5, 4, 4, 4, 4, 4, 4, 4, 3]
[34, 6, 3]
[36, 4, 4, 3]
[34, 6, 4, 4, 4, 3]
[8, 5, 4, 4, 4, 4, 4, 4, 4, 4, 4, 4, 3]
[36, 4, 4, 4, 4, 4, 4, 4, 4, 4, 4, 4, 4, 4, 4, 4, 4, 4, 4, 4, 4, 3]
[8, 4, 4, 4, 3]
[8, 5, 4, 8, 5, 4, 4, 4, 4, 4, 4, 4, 4, 4, 4, 4, 4, 3]
[34, 7, 4, 4, 4, 3]
[8, 5, 4, 4, 4, 4, 4, 4, 4, 3]
[8, 5, 4, 4, 4, 4, 4, 4, 3]
[8, 5, 4, 8, 5, 4, 8, 5, 4, 8, 5, 4, 4, 4, 4, 4, 4, 4, 4, 4, 4, 3]
[36, 4, 4, 4, 4, 4, 4, 4, 4, 4, 4, 4, 4, 3]
[8, 5, 4, 4, 4, 4, 4, 4, 4, 4, 4, 3]
[34, 7, 3]
[35, 4, 4, 4, 4, 4, 4, 4, 4, 4, 3]
[6, 6, 4, 4, 4, 4, 4, 3]
[34, 3]
[34, 7, 4, 4, 4, 4, 4, 4, 4, 4, 4, 4, 4, 4, 4, 3]
[36, 4, 4, 4, 4, 4, 3]
[8, 5, 4, 8, 5, 4, 8, 5, 4, 8, 5, 4, 8, 5, 4, 4, 4, 4, 4, 4, 4, 4, 4, 4, 3]
[6, 6, 4, 4, 4, 4, 3]
[8, 5, 4, 8, 5, 4, 8, 5, 4, 4, 4, 4, 4, 4, 4, 4, 4, 3]
[34, 6, 6, 4, 4, 3]
[8, 4, 4, 3]
[34, 7, 4, 4, 4, 4, 4, 4, 4, 4, 4, 3]
[34, 6, 3]
[34, 6, 6, 4, 4, 3]
[34, 6, 3]
[34, 7, 4, 4, 4, 4, 4, 4, 4, 4, 4, 4, 4, 4, 4, 4, 4, 4, 4, 4, 4, 4, 4, 4, 4, 4, 3]
[36, 4, 4, 4, 4, 4, 4, 4, 4, 4, 4, 4, 4, 4, 4, 4, 4, 3]
[8, 4, 4, 4, 4, 4, 4, 4, 4, 4, 4, 4, 4, 4, 4, 4, 4, 4, 4, 4, 4, 4, 4, 4, 3]
[6, 6, 6, 3]
[34, 7, 4, 4, 3]
[8, 5, 4, 4, 4, 4, 4, 4, 4, 3]
[8, 5, 4, 4, 3]
[46, 4, 4, 4, 4, 3]
[34, 7, 3]
[35, 4, 4, 4, 4, 4, 4, 4, 4, 4, 4, 4, 3]
[6, 6, 6, 6, 6, 4, 4, 4, 3]
[34, 7, 4, 4, 4, 4, 4, 4, 4, 4, 4, 4, 4, 4, 3]
[8, 5, 4, 4, 4, 4, 4, 4, 3]
[8, 5, 4, 8, 5, 4, 4, 4, 4, 4, 4, 4, 4, 4, 3]
[36, 4, 4, 3]
[27, 3]
[34, 11, 3]
[8, 5, 4, 8, 5, 4, 4, 4, 4, 4, 4, 4, 4, 4, 3]
[34, 7, 4, 4, 4, 4, 4, 4, 4, 4, 4, 4, 4, 3]
[8, 5, 4, 8, 5, 4, 8, 5, 4, 4, 4, 4, 4, 4, 4, 4, 4, 4, 4, 4, 3]
[34, 6, 3]
[34, 3]
[35, 4, 4, 4, 4, 4, 4, 3]
[34, 11, 3]
[34, 7, 4, 7, 3]
[8, 5, 4, 8, 5, 4, 8, 5, 4, 4, 4, 4, 4, 4, 4, 3]
[34, 6, 4, 4, 4, 4, 4, 4, 4, 4, 4, 4, 4, 4, 4, 4, 4, 4, 3]
[36, 4, 4, 4, 4, 4, 4, 4, 4, 4, 4, 4, 4, 4, 4, 4, 4, 3]
[36, 4, 4, 4, 4, 4, 4, 4, 4, 4, 4, 4, 4, 4, 4, 4, 4, 4, 3]
[8, 5, 4, 8, 5, 4, 8, 5, 4, 4, 4, 4, 4, 4, 4, 3]
[34, 6, 3]
[8, 5, 4, 4, 4, 4, 4, 4, 4, 3]
[36, 4, 4, 4, 4, 4, 3]
[8, 5, 4, 8, 5, 4, 8, 5, 4, 8, 5, 4, 4, 4, 4, 4, 4, 4, 4, 4, 4, 3]
[36, 4, 4, 4, 4, 4, 4, 4, 4, 4, 3]
[34, 7, 4, 4, 4, 4, 4, 4, 4, 4, 4, 3]
[36, 4, 4, 4, 3]
[6, 6, 3]
[8, 5, 4, 4, 4, 4, 4, 3]
[8, 5, 4, 8, 5, 4, 8, 5, 4, 8, 5, 4, 4, 4, 4, 4, 4, 4, 4, 3]
[8, 5, 4, 8, 5, 4, 4, 4, 4, 4, 4, 4, 3]
[6, 6, 6, 3]
[8, 5, 4, 8, 5, 4, 4, 4, 4, 4, 4, 4, 4, 4, 4, 4, 4, 4, 4, 4, 4, 3]
[36, 6, 4, 4, 4, 4, 4, 4, 4, 4, 4, 4, 4, 3]
[36, 4, 4, 4, 4, 4, 4, 4, 4, 4, 3]
[34, 7, 4, 4, 4, 4, 4, 4, 4, 4, 4, 4, 4, 3]
[34, 6, 3]
[34, 7, 4, 4, 4, 4, 4, 4, 4, 4, 4, 4, 4, 4, 4, 4, 4, 4, 4, 4, 4, 4, 4, 4, 4, 4, 3]
[35, 4, 4, 4, 4, 4, 4, 4, 4, 4, 4, 4, 4, 4, 4, 3]
[34, 11, 3]
[36, 4, 4, 4, 4, 4, 4, 4, 4, 4, 4, 4, 4, 4, 4, 4, 3]
[36, 4, 4, 4, 4, 4, 4, 4, 4, 4, 4, 4, 3]
[8, 5, 4, 4, 4, 4, 4, 4, 4, 4, 3]
[6, 6, 6, 6, 6, 3]
[6, 6, 6, 3]
[8, 5, 4, 4, 3]
[36, 4, 4, 4, 4, 4, 4, 4, 3]
[35, 4, 4, 4, 4, 4, 4, 4, 4, 3]
[36, 4, 4, 3]
[36, 4, 4, 4, 4, 4, 4, 4, 4, 4, 3]
[36, 4, 4, 4, 4, 4, 4, 4, 4, 4, 4, 4, 4, 4, 3]
[34, 3]
[34, 6, 6, 4, 4, 3]
[34, 3]
[8, 4, 4, 4, 4, 4, 4, 4, 4, 4, 4, 4, 4, 4, 4, 4, 4, 4, 4, 4, 4, 4, 4, 4, 4, 4, 4, 4, 4, 4, 4, 4, 4, 4, 4, 4, 4, 3]
[34, 7, 4, 4, 4, 4, 4, 4, 4, 4, 4, 4, 4, 3]
[34, 6, 4, 4, 4, 3]
[36, 4, 4, 4, 4, 4, 4, 4, 4, 4, 4, 4, 3]
[36, 4, 4, 4, 4, 4, 4, 4, 4, 4, 4, 4, 4, 4, 4, 4, 4, 4, 4, 4, 3]
[36, 4, 4, 4, 4, 4, 4, 4, 3]
[34, 6, 6, 6, 3]
[8, 5, 4, 8, 5, 4, 4, 4, 4, 4, 4, 4, 4, 3]
[35, 4, 4, 3]
[8, 5, 4, 4, 4, 4, 4, 4, 3]
[6, 6, 4, 4, 3]
[35, 4, 4, 4, 4, 4, 4, 4, 4, 4, 4, 4, 4, 4, 4, 4, 4, 4, 4, 4, 4, 3]
[6, 6, 3]
[35, 4, 4, 4, 4, 4, 4, 4, 4, 4, 4, 4, 4, 4, 4, 4, 4, 4, 3]
[34, 6, 6, 3]
[35, 4, 4, 3]
[8, 5, 4, 4, 4, 4, 4, 4, 4, 4, 4, 4, 4, 4, 4, 4, 3]
[27, 3]
[8, 5, 4, 8, 5, 4, 8, 5, 4, 4, 4, 4, 4, 4, 4, 4, 4, 4, 4, 4, 4, 4, 4, 4, 4, 4, 4, 4, 4, 4, 4, 3]
[35, 4, 4, 4, 4, 4, 4, 4, 4, 4, 4, 4, 4, 4, 4, 3]
[35, 4, 4, 4, 4, 4, 3]
[34, 6, 4, 4, 4, 4, 4, 4, 4, 3]
[6, 6, 4, 4, 4, 3]
[36, 4, 4, 4, 4, 4, 4, 4, 4, 4, 4, 4, 4, 4, 3]
[6, 6, 6, 3]
[34, 7, 4, 4, 4, 4, 4, 4, 4, 4, 4, 4, 4, 4, 4, 4, 4, 4, 4, 4, 4, 3]
[8, 5, 4, 8, 5, 4, 4, 4, 4, 4, 4, 4, 3]
[8, 5, 4, 4, 3]
[8, 5, 4, 8, 5, 4, 8, 5, 4, 8, 5, 4, 4, 4, 4, 4, 4, 4, 4, 4, 4, 4, 4, 3]
[34, 6, 6, 6, 4, 4, 3]
[8, 5, 4, 4, 4, 4, 4, 4, 3]
[34, 3]
[8, 5, 4, 8, 5, 4, 4, 4, 4, 4, 4, 4, 3]
[6, 6, 3]
[8, 5, 4, 8, 5, 4, 4, 4, 4, 4, 4, 4, 4, 3]
[8, 5, 4, 4, 4, 4, 4, 4, 3]
[36, 4, 4, 4, 3]
[6, 6, 4, 4, 3]
[8, 5, 4, 4, 4, 4, 4, 4, 4, 3]
[34, 7, 4, 4, 4, 4, 4, 4, 4, 4, 4, 4, 3]
[34, 6, 3]
[34, 7, 4, 4, 4, 4, 4, 4, 4, 4, 4, 4, 3]
[35, 4, 4, 4, 4, 3]
[8, 4, 4, 3]
[35, 4, 4, 4, 4, 4, 4, 4, 4, 4, 4, 4, 4, 4, 4, 4, 3]
[36, 4, 4, 4, 4, 4, 4, 4, 4, 4, 4, 4, 3]
[34, 7, 4, 4, 4, 4, 4, 4, 4, 4, 4, 4, 4, 4, 4, 4, 4, 4, 4, 4, 4, 4, 4, 4, 4, 4, 4, 4, 4, 4, 4, 4, 4, 4, 4, 4, 4, 4, 4, 4, 4, 4, 4, 4, 4, 4, 4, 4, 4, 4, 4, 4, 4, 4, 4, 4, 4, 4, 4, 4, 4, 4, 4, 4, 4, 4, 4, 4, 4, 4, 4, 4, 4, 4, 4, 4, 4, 4, 4, 4, 4, 4, 4, 4, 4, 4, 4, 4, 4, 4, 4, 4, 4, 4, 4, 4, 4, 4, 4, 4]
[35, 4, 4, 4, 4, 4, 4, 4, 4, 4, 4, 3]
[35, 4, 4, 4, 4, 4, 4, 4, 4, 4, 4, 4, 4, 4, 3]
[8, 5, 4, 8, 5, 4, 4, 4, 4, 4, 4, 4, 4, 4, 3]
[34, 11, 3]
[34, 6, 6, 6, 6, 3]
[36, 4, 4, 4, 4, 4, 4, 4, 4, 3]
[34, 3]
[34, 3]
[8, 4, 4, 4, 4, 4, 3]
[34, 6, 4, 4, 4, 3]
[6, 6, 6, 6, 3]
[34, 6, 6, 4, 4, 4, 4, 3]
[8, 5, 4, 8, 5, 4, 4, 4, 4, 4, 4, 4, 4, 4, 4, 4, 4, 4, 3]
[6, 6, 3]
[8, 5, 4, 4, 4, 4, 4, 3]
[8, 5, 4, 4, 4, 4, 4, 4, 4, 3]
[8, 5, 4, 8, 5, 4, 4, 4, 4, 4, 4, 4, 4, 4, 4, 4, 4, 4, 4, 4, 4, 4, 4, 4, 4, 3]
[36, 4, 4, 4, 4, 4, 4, 4, 3]
[8, 4, 4, 4, 4, 4, 4, 4, 4, 4, 3]
[6, 6, 6, 3]
[8, 5, 4, 8, 5, 4, 4, 4, 4, 4, 4, 4, 4, 4, 4, 4, 4, 4, 4, 4, 4, 4, 4, 3]
[36, 4, 4, 4, 4, 4, 3]
[34, 6, 3]
[35, 4, 4, 4, 4, 4, 3]
[34, 7, 4, 4, 4, 4, 4, 4, 3]
[35, 4, 4, 4, 4, 4, 4, 4, 4, 4, 4, 4, 4, 4, 3]
[8, 4, 4, 4, 4, 4, 4, 4, 4, 4, 4, 4, 4, 4, 4, 4, 4, 4, 4, 4, 4, 3]
[34, 7, 4, 4, 4, 4, 4, 4, 4, 4, 4, 4, 3]
[35, 4, 4, 4, 4, 4, 4, 4, 4, 4, 4, 3]
[6, 6, 3]
[34, 7, 4, 4, 4, 4, 4, 4, 4, 4, 3]
[35, 4, 4, 4, 4, 4, 4, 4, 4, 4, 4, 4, 4, 4, 4, 4, 4, 4, 3]
[8, 5, 4, 4, 4, 4, 4, 3]
[6, 6, 4, 4, 4, 4, 4, 4, 4, 4, 4, 4, 4, 3]
[36, 4, 4, 4, 4, 4, 4, 4, 4, 4, 4, 4, 4, 3]
[8, 5, 4, 4, 4, 4, 4, 3]
[8, 5, 4, 8, 5, 4, 4, 4, 4, 4, 4, 4, 4, 3]
[6, 6, 4, 4, 4, 4, 4, 4, 3]
[6, 6, 4, 4, 4, 4, 4, 3]
[36, 4, 4, 4, 4, 4, 4, 4, 4, 4, 4, 4, 4, 4, 4, 3]
[8, 5, 4, 8, 5, 4, 4, 4, 4, 4, 4, 4, 4, 3]
[34, 6, 3]
[36, 4, 4, 3]
[6, 6, 6, 4, 4, 3]
[36, 4, 4, 4, 4, 4, 4, 3]
[36, 4, 4, 4, 4, 4, 4, 4, 4, 4, 4, 3]
[34, 7, 4, 4, 4, 3]
[35, 4, 4, 4, 4, 4, 4, 4, 4, 3]
[8, 5, 4, 4, 4, 3]
[27, 3]
[8, 5, 4, 8, 5, 4, 8, 5, 4, 4, 4, 4, 4, 4, 4, 4, 4, 4, 3]
[34, 11, 3]
[8, 5, 4, 8, 5, 4, 8, 5, 4, 4, 4, 4, 4, 4, 4, 4, 4, 4, 4, 3]
[6, 6, 6, 3]
[8, 5, 4, 8, 5, 4, 8, 5, 4, 8, 5, 4, 4, 4, 4, 4, 4, 4, 4, 4, 4, 4, 4, 4, 3]
[35, 4, 4, 4, 4, 4, 4, 4, 4, 4, 4, 4, 4, 4, 4, 3]
[35, 4, 4, 4, 4, 4, 4, 4, 4, 4, 4, 4, 4, 4, 3]
[34, 7, 4, 4, 4, 4, 4, 4, 4, 4, 3]
[35, 4, 4, 4, 4, 4, 4, 4, 4, 4, 4, 3]
[6, 6, 3]
[34, 6, 6, 4, 4, 4, 3]
[34, 7, 4, 4, 4, 4, 4, 4, 4, 3]
[36, 4, 4, 4, 4, 4, 4, 4, 4, 4, 4, 4, 3]
[6, 6, 4, 4, 4, 4, 4, 4, 4, 4, 4, 4, 4, 4, 4, 4, 4, 3]
[34, 6, 6, 6, 6, 4, 4, 4, 3]
[34, 7, 4, 4, 4, 4, 4, 4, 4, 4, 4, 4, 4, 4, 4, 4, 3]
[34, 6, 4, 4, 4, 4, 4, 4, 4, 4, 4, 4, 3]
[35, 4, 4, 4, 4, 4, 4, 4, 4, 4, 4, 4, 4, 3]
[34, 7, 4, 4, 4, 4, 4, 4, 4, 4, 3]
[34, 7, 4, 4, 4, 4, 4, 4, 4, 4, 4, 4, 4, 4, 4, 4, 3]
[34, 6, 6, 6, 3]
[36, 4, 4, 4, 3]
[8, 4, 4, 4, 4, 4, 4, 4, 4, 4, 4, 4, 4, 4, 4, 4, 4, 4, 4, 4, 4, 4, 4, 4, 4, 4, 4, 4, 4, 4, 4, 4, 4, 4, 4, 3]
[35, 4, 4, 4, 4, 4, 4, 4, 4, 4, 4, 4, 3]
[6, 6, 3]
[8, 5, 4, 8, 5, 4, 8, 5, 4, 8, 5, 4, 4, 4, 4, 4, 4, 4, 4, 4, 4, 3]
[8, 5, 4, 8, 5, 4, 4, 4, 4, 4, 4, 4, 4, 3]
[34, 7, 3]
[34, 11, 3]
[6, 6, 6, 4, 4, 6, 3]
[6, 6, 3]
[34, 6, 6, 3]
[34, 6, 6, 4, 4, 4, 4, 4, 4, 4, 3]
[6, 6, 4, 4, 4, 4, 4, 4, 4, 4, 4, 4, 3]
[34, 6, 6, 6, 3]
[34, 7, 4, 4, 4, 4, 4, 4, 4, 3]
[8, 5, 4, 8, 5, 4, 4, 4, 4, 4, 4, 4, 3]
[34, 7, 4, 4, 3]
[35, 4, 4, 3]
[34, 6, 6, 6, 3]
[34, 3]
[6, 6, 6, 3]
[27, 3]
[34, 7, 4, 4, 4, 4, 4, 4, 4, 4, 4, 4, 4, 4, 4, 4, 4, 4, 4, 4, 4, 4, 4, 4, 4, 4, 4, 4, 4, 4, 4, 4, 4, 4, 4, 4, 4, 4, 4, 3]
[34, 6, 3]
[34, 7, 4, 4, 4, 4, 4, 4, 4, 4, 4, 4, 4, 4, 4, 4, 4, 4, 4, 3]
[34, 7, 4, 4, 4, 4, 4, 4, 4, 4, 3]
[8, 5, 4, 4, 4, 4, 4, 4, 4, 4, 4, 3]
[36, 4, 4, 4, 4, 4, 3]
[35, 4, 4, 4, 4, 4, 4, 4, 4, 4, 4, 4, 4, 4, 4, 4, 3]
[35, 4, 4, 4, 4, 4, 4, 4, 4, 4, 4, 4, 4, 3]
[35, 4, 4, 4, 4, 4, 4, 4, 4, 4, 4, 4, 4, 4, 3]
[34, 6, 3]
[34, 6, 4, 4, 3]
[34, 7, 4, 4, 4, 4, 4, 4, 4, 4, 4, 4, 4, 4, 3]
[6, 6, 6, 4, 4, 3]
[8, 3]
[34, 6, 3]
[34, 3]
[34, 6, 6, 4, 4, 4, 4, 3]
[8, 5, 4, 4, 4, 4, 4, 4, 4, 3]
[8, 5, 4, 8, 5, 4, 4, 4, 4, 4, 4, 4, 3]
[8, 5, 4, 8, 5, 4, 8, 5, 4, 8, 5, 4, 8, 5, 4, 4, 4, 4, 4, 4, 4, 4, 4, 4, 4, 4, 3]
[34, 7, 4, 4, 4, 4, 4, 4, 4, 4, 3]
[8, 5, 4, 8, 5, 4, 4, 4, 4, 4, 4, 4, 4, 3]
[8, 5, 4, 8, 5, 4, 8, 5, 4, 8, 5, 4, 4, 4, 4, 4, 4, 4, 4, 4, 3]
[36, 4, 4, 4, 4, 4, 4, 4, 4, 4, 4, 4, 4, 4, 3]
[34, 7, 4, 4, 4, 4, 4, 4, 4, 4, 4, 4, 4, 4, 4, 4, 4, 4, 4, 4, 4, 4, 4, 4, 4, 4, 4, 4, 4, 4, 3]
[8, 5, 4, 4, 4, 4, 4, 3]
[35, 4, 4, 4, 4, 4, 4, 4, 4, 4, 3]
[8, 5, 4, 8, 5, 4, 8, 5, 4, 4, 4, 4, 4, 4, 3]
[8, 5, 4, 8, 5, 4, 8, 5, 4, 4, 4, 4, 4, 4, 4, 4, 3]
[36, 4, 4, 3]
[6, 6, 3]
[8, 5, 4, 4, 4, 4, 4, 4, 4, 4, 4, 4, 4, 4, 3]
[34, 3]
[34, 7, 4, 4, 4, 4, 4, 4, 4, 4, 4, 4, 4, 4, 3]
[35, 4, 4, 3]
[8, 5, 4, 8, 5, 4, 8, 5, 4, 4, 4, 4, 4, 4, 4, 4, 4, 3]
[8, 5, 4, 8, 5, 4, 4, 4, 4, 4, 4, 4, 3]
[34, 6, 4, 4, 4, 4, 4, 4, 3]
[34, 6, 6, 6, 4, 4, 4, 3]
[34, 3]
[8, 5, 4, 4, 4, 4, 4, 4, 4, 3]
[6, 6, 4, 4, 4, 4, 4, 4, 3]
[8, 5, 4, 4, 4, 4, 4, 4, 4, 4, 3]
[6, 6, 3]
[36, 4, 4, 4, 4, 4, 3]
[27, 3]
[8, 5, 4, 8, 5, 4, 4, 4, 4, 4, 4, 4, 4, 4, 4, 4, 4, 3]
[34, 7, 4, 4, 4, 4, 4, 3]
[8, 5, 4, 4, 3]
[34, 6, 4, 4, 4, 4, 4, 4, 4, 4, 4, 4, 4, 4, 4, 4, 4, 4, 4, 4, 4, 4, 4, 4, 4, 4, 4, 4, 4, 4, 4, 3]
[36, 4, 4, 4, 3]
[35, 4, 4, 4, 4, 4, 4, 4, 4, 4, 4, 4, 4, 4, 4, 4, 4, 4, 4, 4, 4, 4, 4, 3]
[34, 7, 4, 4, 4, 4, 4, 4, 4, 4, 4, 4, 4, 3]
[27, 3]
[36, 4, 4, 4, 4, 4, 4, 4, 4, 4, 4, 4, 4, 4, 4, 4, 3]
[8, 4, 4, 4, 3]
[6, 6, 3]
[6, 6, 4, 4, 4, 4, 4, 4, 4, 4, 4, 4, 4, 3]
[27, 3]
[34, 3]
[34, 6, 3]
[34, 3]
[35, 4, 4, 4, 4, 4, 4, 4, 4, 4, 4, 4, 4, 4, 4, 4, 3]
[34, 7, 4, 4, 4, 4, 4, 4, 4, 3]
[8, 5, 4, 8, 5, 4, 8, 5, 4, 8, 5, 4, 8, 5, 4, 4, 4, 4, 4, 4, 4, 4, 4, 4, 4, 4, 3]
[35, 4, 4, 4, 4, 4, 4, 4, 4, 4, 3]
[8, 5, 4, 8, 5, 4, 4, 4, 4, 4, 4, 4, 3]
[8, 4, 4, 4, 4, 3]
[34, 6, 6, 3]
[8, 5, 4, 4, 4, 4, 4, 4, 4, 3]
[34, 6, 6, 4, 4, 3]
[6, 6, 3]
[8, 5, 4, 8, 5, 4, 8, 5, 4, 8, 5, 4, 4, 4, 4, 4, 4, 4, 4, 4, 4, 3]
[8, 5, 4, 8, 5, 4, 4, 4, 4, 4, 4, 4, 4, 4, 3]
[34, 7, 4, 4, 4, 4, 3]
[34, 6, 6, 3]
[6, 6, 3]
[8, 5, 4, 4, 3]
[8, 4, 4, 4, 4, 3]
[34, 6, 4, 4, 4, 3]
[8, 5, 4, 4, 4, 4, 4, 4, 4, 4, 3]
[8, 5, 4, 4, 3]
[6, 6, 6, 3]
[8, 5, 4, 4, 4, 4, 4, 4, 4, 3]
[8, 5, 4, 4, 4, 4, 4, 4, 4, 3]
[36, 4, 4, 4, 4, 4, 4, 4, 4, 4, 4, 4, 3]
[34, 7, 4, 4, 3]
[35, 4, 4, 4, 4, 4, 4, 4, 4, 4, 4, 4, 3]
[34, 6, 4, 4, 4, 3]
[34, 3]
[34, 11, 3]
[8, 5, 4, 8, 5, 4, 4, 4, 4, 4, 4, 4, 4, 4, 4, 3]
[36, 4, 4, 4, 4, 4, 4, 4, 4, 4, 4, 4, 4, 4, 3]
[8, 5, 4, 4, 4, 4, 4, 3]
[36, 6, 4, 4, 4, 3]
[8, 5, 4, 4, 4, 4, 4, 4, 4, 4, 4, 4, 4, 4, 4, 4, 4, 3]
[6, 6, 3]
[36, 6, 3]
[35, 4, 4, 4, 4, 4, 4, 4, 4, 4, 4, 3]
[8, 5, 3]
[8, 5, 4, 4, 4, 4, 4, 4, 4, 4, 3]
[34, 7, 4, 4, 4, 4, 4, 4, 4, 3]
[8, 5, 4, 4, 4, 4, 4, 4, 3]
[35, 4, 4, 4, 4, 4, 4, 4, 4, 4, 4, 4, 4, 4, 4, 3]
[6, 6, 4, 4, 4, 4, 4, 4, 4, 4, 4, 4, 3]
[6, 6, 3]
[35, 4, 4, 4, 4, 4, 4, 4, 4, 4, 4, 3]
[6, 6, 3]
[34, 6, 6, 6, 4, 4, 4, 4, 3]
[36, 4, 4, 4, 4, 4, 4, 4, 4, 4, 4, 4, 4, 4, 4, 4, 4, 4, 4, 4, 3]
[34, 6, 4, 4, 4, 4, 4, 4, 4, 4, 4, 4, 4, 4, 4, 4, 4, 4, 3]
[8, 5, 4, 8, 5, 4, 4, 4, 4, 4, 4, 4, 3]
[34, 7, 4, 4, 4, 4, 4, 4, 4, 4, 3]
[36, 4, 4, 4, 4, 4, 4, 4, 4, 4, 4, 4, 4, 3]
[8, 4, 4, 4, 4, 4, 3]
[6, 6, 6, 6, 3]
[34, 3]
[36, 4, 4, 4, 4, 4, 4, 3]
[34, 7, 4, 4, 4, 4, 4, 4, 4, 3]
[6, 6, 4, 4, 4, 4, 4, 4, 4, 4, 4, 4, 4, 4, 3]
[36, 4, 4, 4, 4, 4, 4, 3]
[34, 6, 6, 3]
[27, 3]
[34, 7, 4, 4, 4, 4, 4, 4, 4, 4, 4, 4, 4, 4, 3]
[6, 6, 4, 4, 4, 4, 4, 4, 4, 4, 4, 4, 4, 4, 4, 4, 4, 4, 3]
[36, 4, 4, 4, 4, 4, 4, 4, 4, 4, 4, 4, 4, 4, 4, 4, 3]
[8, 5, 4, 4, 4, 4, 3]
[34, 6, 3]
[8, 5, 4, 4, 4, 4, 4, 4, 3]
[6, 6, 6, 3]
[8, 5, 4, 4, 4, 4, 4, 3]
[27, 3]
[35, 4, 4, 4, 4, 4, 4, 4, 3]
[34, 6, 6, 3]
[34, 11, 3]
[6, 6, 3]
[8, 5, 4, 8, 5, 4, 4, 4, 4, 4, 4, 4, 3]
[34, 6, 4, 4, 4, 4, 4, 4, 4, 4, 4, 4, 4, 4, 4, 4, 4, 4, 4, 4, 4, 4, 4, 4, 4, 4, 4, 4, 4, 4, 4, 4, 4, 4, 4, 4, 4, 4, 4, 3]
[34, 6, 6, 4, 4, 4, 4, 4, 4, 4, 3]
[35, 4, 3]
[34, 3]
[8, 5, 4, 4, 4, 4, 4, 4, 4, 3]
[35, 4, 4, 4, 4, 4, 4, 4, 4, 4, 4, 4, 4, 4, 4, 4, 4, 4, 4, 4, 4, 4, 4, 4, 4, 4, 4, 3]
[36, 4, 4, 4, 3]
[6, 6, 3]
[36, 6, 4, 4, 4, 3]
[8, 5, 4, 8, 5, 4, 8, 5, 4, 4, 4, 4, 4, 4, 4, 4, 4, 3]
[34, 6, 6, 6, 4, 4, 3]
[34, 6, 6, 6, 6, 4, 4, 4, 4, 4, 4, 4, 3]
[34, 6, 6, 6, 6, 3]
[34, 7, 4, 4, 4, 4, 4, 4, 4, 4, 4, 4, 4, 3]
[34, 6, 6, 3]
[35, 4, 4, 4, 4, 4, 4, 4, 4, 4, 4, 4, 4, 4, 4, 3]
[34, 6, 3]
[34, 7, 4, 4, 4, 4, 4, 4, 4, 4, 4, 4, 4, 4, 4, 3]
[34, 6, 4, 4, 4, 4, 4, 4, 4, 4, 4, 4, 4, 3]
[36, 4, 4, 4, 3]
[8, 5, 4, 8, 5, 4, 4, 4, 4, 4, 4, 4, 4, 3]
[8, 4, 4, 4, 4, 4, 4, 4, 4, 4, 4, 4, 4, 4, 4, 3]
[34, 7, 4, 4, 4, 4, 4, 4, 4, 4, 4, 4, 4, 4, 4, 4, 4, 4, 4, 4, 3]
[36, 4, 4, 3]
[35, 4, 4, 4, 4, 4, 4, 4, 4, 4, 4, 4, 4, 3]
[34, 11, 3]
[34, 11, 3]
[36, 4, 4, 4, 4, 4, 4, 4, 4, 4, 4, 4, 3]
[35, 4, 4, 4, 4, 4, 4, 4, 4, 4, 4, 4, 4, 4, 4, 4, 4, 4, 4, 4, 4, 3]
[8, 5, 4, 4, 4, 4, 4, 4, 4, 4, 3]
[35, 4, 4, 4, 4, 4, 4, 4, 4, 4, 4, 4, 4, 4, 4, 3]
[34, 3]
[6, 6, 3]
[6, 6, 4, 4, 4, 4, 3]
[6, 6, 3]
[35, 4, 4, 4, 4, 4, 4, 4, 4, 3]
[34, 11, 3]
[8, 5, 3]
[36, 6, 4, 4, 4, 4, 4, 4, 4, 4, 4, 4, 4, 4, 4, 4, 4, 4, 3]
[6, 6, 3]
[34, 7, 4, 4, 4, 4, 4, 4, 4, 4, 4, 4, 4, 4, 4, 4, 3]
[34, 6, 3]
[36, 4, 4, 4, 4, 4, 4, 4, 4, 4, 3]
[8, 5, 4, 4, 4, 3]
[8, 5, 4, 4, 4, 4, 4, 4, 4, 3]
[34, 3]
[6, 6, 3]
[8, 5, 4, 4, 4, 4, 4, 4, 4, 3]
[8, 5, 4, 8, 5, 4, 4, 4, 4, 4, 4, 4, 4, 4, 3]
[8, 5, 4, 8, 5, 4, 4, 4, 4, 4, 4, 4, 3]
[34, 7, 4, 4, 3]
[35, 4, 4, 3]
[34, 6, 4, 4, 3]
[6, 6, 3]
[34, 7, 4, 4, 4, 4, 4, 4, 4, 4, 4, 4, 4, 4, 3]
[35, 4, 4, 3]
[8, 5, 4, 4, 4, 4, 4, 3]
[6, 6, 3]
[6, 6, 3]
[34, 7, 4, 4, 4, 4, 4, 4, 4, 4, 4, 4, 4, 3]
[8, 5, 4, 8, 5, 4, 4, 4, 4, 4, 4, 4, 3]
[36, 4, 4, 4, 4, 3]
[36, 4, 4, 4, 3]
[8, 5, 4, 8, 5, 4, 4, 4, 4, 4, 4, 4, 4, 4, 4, 4, 3]
[35, 4, 4, 4, 4, 4, 4, 4, 4, 4, 4, 4, 4, 4, 3]
[35, 4, 4, 4, 4, 4, 4, 4, 4, 4, 3]
[8, 5, 4, 8, 5, 4, 4, 4, 4, 4, 4, 4, 4, 4, 4, 4, 3]
[8, 5, 4, 8, 5, 4, 8, 5, 4, 4, 4, 4, 4, 4, 4, 4, 3]
[6, 6, 3]
[8, 5, 4, 8, 5, 4, 8, 5, 4, 4, 4, 4, 4, 4, 4, 3]
[34, 7, 4, 4, 4, 4, 4, 4, 4, 4, 4, 4, 4, 4, 4, 3]
[8, 5, 4, 4, 4, 4, 4, 4, 4, 4, 4, 3]
[35, 4, 4, 4, 4, 4, 4, 4, 4, 4, 4, 4, 4, 4, 4, 4, 4, 4, 3]
[34, 6, 6, 6, 3]
[6, 6, 3]
[35, 4, 4, 4, 4, 4, 4, 4, 4, 4, 4, 4, 4, 4, 4, 4, 4, 4, 4, 4, 4, 4, 4, 4, 3]
[35, 4, 4, 4, 4, 4, 4, 4, 4, 4, 4, 4, 3]
[34, 6, 6, 3]
[34, 6, 4, 4, 4, 3]
[34, 6, 6, 4, 3]
[34, 7, 4, 4, 3]
[8, 5, 4, 8, 5, 4, 8, 5, 4, 4, 4, 4, 4, 4, 4, 4, 4, 4, 3]
[8, 5, 4, 8, 5, 4, 8, 5, 4, 4, 4, 4, 4, 4, 4, 4, 4, 4, 3]
[35, 4, 4, 4, 4, 4, 4, 4, 4, 4, 4, 4, 4, 4, 3]
[35, 4, 4, 4, 4, 4, 4, 4, 4, 4, 4, 4, 4, 4, 3]
[36, 4, 4, 4, 4, 4, 4, 4, 4, 4, 4, 4, 3]
[34, 7, 4, 4, 4, 4, 4, 4, 4, 4, 4, 4, 3]
[8, 5, 4, 4, 3]
[34, 3]
[34, 7, 4, 4, 4, 4, 4, 3]
[34, 7, 4, 4, 4, 4, 4, 4, 4, 3]
[8, 5, 4, 4, 4, 4, 4, 4, 4, 4, 4, 4, 4, 3]
[8, 5, 4, 8, 5, 4, 8, 5, 4, 4, 4, 4, 4, 4, 4, 4, 4, 3]
[6, 6, 3]
[34, 6, 6, 3]
[35, 4, 4, 4, 4, 4, 4, 4, 4, 4, 3]
[34, 7, 4, 4, 3]
[8, 5, 4, 8, 5, 4, 4, 4, 4, 4, 4, 4, 3]
[8, 5, 4, 8, 5, 4, 8, 5, 4, 4, 4, 4, 4, 4, 4, 4, 4, 3]
[8, 5, 4, 4, 4, 4, 4, 4, 4, 4, 4, 3]
[8, 5, 3]
[34, 7, 4, 4, 4, 4, 4, 4, 3]
[34, 6, 3]
[34, 7, 4, 4, 4, 4, 4, 4, 4, 4, 4, 3]
[8, 5, 4, 4, 4, 4, 4, 3]
[35, 4, 4, 4, 4, 4, 4, 4, 4, 4, 4, 4, 3]
[8, 5, 4, 8, 5, 4, 4, 4, 4, 4, 4, 4, 4, 3]
[6, 6, 3]
[34, 7, 4, 4, 4, 4, 4, 4, 4, 4, 4, 4, 4, 4, 3]
[6, 6, 3]
[36, 4, 4, 4, 4, 4, 4, 4, 4, 4, 4, 4, 4, 3]
[8, 5, 4, 4, 4, 4, 4, 3]
[34, 7, 4, 4, 4, 4, 4, 4, 4, 4, 4, 4, 4, 4, 4, 3]
[8, 5, 4, 4, 4, 4, 4, 4, 4, 3]
[6, 6, 3]
[34, 3]
[34, 7, 4, 4, 4, 4, 4, 4, 4, 4, 4, 4, 4, 4, 4, 4, 4, 4, 3]
[8, 4, 4, 4, 4, 4, 4, 4, 4, 4, 4, 3]
[34, 7, 4, 4, 4, 4, 3]
[34, 6, 6, 4, 4, 4, 4, 3]
[6, 6, 3]
[36, 4, 4, 4, 4, 4, 4, 4, 4, 4, 3]
[27, 3]
[8, 4, 4, 4, 4, 4, 4, 4, 3]
[34, 7, 4, 4, 4, 4, 4, 4, 4, 4, 4, 3]
[34, 6, 6, 6, 4, 4, 3]
[36, 4, 4, 4, 4, 4, 4, 4, 4, 4, 4, 4, 3]
[34, 3]
[34, 7, 4, 4, 3]
[34, 3]
[8, 5, 4, 8, 5, 4, 8, 5, 4, 4, 4, 4, 4, 4, 3]
[34, 7, 4, 4, 4, 3]
[36, 4, 4, 4, 3]
[27, 3]
[8, 5, 4, 8, 5, 4, 4, 4, 4, 4, 4, 4, 4, 4, 4, 3]
[35, 4, 4, 4, 4, 3]
[6, 6, 6, 6, 4, 4, 3]
[6, 6, 6, 4, 4, 3]
[6, 6, 6, 6, 3]
[8, 5, 4, 8, 5, 4, 8, 5, 4, 8, 5, 4, 4, 4, 4, 4, 4, 4, 4, 4, 4, 4, 3]
[34, 6, 4, 4, 4, 4, 4, 4, 4, 4, 4, 4, 4, 4, 4, 4, 3]
[35, 4, 4, 4, 4, 4, 4, 4, 4, 4, 3]
[34, 7, 3]
[34, 3]
[6, 6, 4, 4, 4, 4, 4, 3]
[8, 5, 4, 8, 5, 4, 8, 5, 4, 8, 5, 4, 4, 4, 4, 4, 4, 4, 4, 4, 4, 4, 4, 3]
[36, 4, 4, 4, 4, 4, 4, 4, 4, 3]
[34, 6, 4, 4, 4, 4, 4, 4, 4, 4, 4, 4, 3]
[36, 4, 4, 4, 4, 4, 4, 4, 4, 4, 4, 4, 4, 4, 4, 4, 4, 4, 4, 4, 3]
[34, 7, 4, 4, 4, 3]
[35, 4, 4, 4, 4, 4, 4, 4, 3]
[8, 5, 4, 8, 5, 4, 4, 4, 4, 4, 4, 4, 4, 4, 4, 4, 4, 4, 4, 4, 4, 4, 4, 3]
[8, 5, 4, 4, 4, 4, 4, 4, 4, 4, 4, 3]
[34, 7, 4, 4, 3]
[6, 6, 3]
[8, 5, 4, 4, 4, 4, 4, 4, 4, 3]
[36, 4, 4, 4, 4, 4, 4, 4, 4, 4, 4, 4, 4, 4, 4, 4, 4, 3]
[8, 5, 4, 8, 5, 4, 4, 4, 4, 4, 4, 4, 4, 4, 3]
[34, 7, 4, 4, 4, 4, 4, 4, 4, 4, 4, 3]
[8, 5, 4, 8, 5, 4, 8, 5, 4, 8, 5, 4, 4, 4, 4, 4, 4, 4, 4, 4, 3]
[34, 11, 3]
[8, 5, 4, 8, 5, 4, 8, 5, 4, 8, 5, 4, 8, 5, 4, 8, 5, 4, 8, 5, 4, 4, 4, 4, 4, 4, 4, 4, 4, 4, 4, 4, 4, 4, 4, 4, 4, 4, 4, 4, 4, 4, 4, 4, 4, 4, 4, 4, 4, 4, 4, 4, 4, 4, 4, 4, 4, 4, 4, 4, 4, 4, 4, 4, 4, 4, 4, 4, 4, 4, 4, 4, 4, 4, 4, 4, 4, 4, 4, 4, 4, 4, 4, 4, 4, 4, 4, 4, 4, 4, 4, 4, 4, 4, 4, 4, 4, 4, 4, 4]
[34, 6, 6, 6, 6, 6, 6, 4, 4, 4, 4, 4, 4, 4, 4, 4, 4, 4, 3]
[36, 4, 4, 4, 4, 4, 4, 4, 4, 4, 4, 4, 4, 4, 4, 4, 3]
[8, 5, 4, 4, 4, 4, 4, 4, 4, 3]
[6, 6, 3]
[34, 7, 4, 4, 4, 4, 4, 3]
[8, 5, 4, 4, 4, 4, 4, 4, 4, 4, 4, 3]
[34, 7, 4, 4, 4, 4, 4, 4, 4, 4, 3]
[34, 3]
[36, 4, 4, 4, 4, 4, 4, 4, 4, 4, 4, 4, 4, 4, 4, 4, 4, 4, 4, 4, 4, 4, 4, 4, 4, 4, 4, 3]
[34, 7, 4, 4, 4, 4, 4, 4, 4, 4, 4, 4, 4, 4, 4, 4, 3]
[35, 4, 4, 3]
[34, 6, 3]
[6, 6, 6, 3]
[6, 6, 4, 4, 3]
[36, 4, 4, 4, 4, 4, 4, 4, 4, 4, 4, 4, 4, 4, 3]
[36, 4, 4, 4, 4, 4, 4, 4, 4, 4, 4, 4, 4, 4, 4, 4, 3]
[36, 4, 4, 4, 3]
[35, 4, 4, 4, 4, 4, 4, 4, 4, 4, 4, 4, 4, 4, 4, 3]
[8, 5, 4, 8, 5, 4, 4, 4, 4, 4, 4, 4, 4, 4, 4, 4, 3]
[6, 6, 4, 4, 3]
[27, 3]
[8, 5, 4, 8, 5, 4, 8, 5, 4, 4, 4, 4, 4, 4, 4, 4, 3]
[34, 6, 6, 3]
[6, 6, 3]
[8, 5, 4, 8, 5, 4, 8, 5, 4, 4, 4, 4, 4, 4, 4, 4, 3]
[36, 4, 4, 4, 4, 3]
[35, 4, 4, 4, 4, 4, 4, 4, 4, 4, 3]
[34, 6, 3]
[35, 4, 4, 4, 4, 4, 4, 4, 4, 4, 4, 4, 4, 4, 3]
[8, 5, 4, 8, 5, 4, 8, 5, 4, 8, 5, 4, 4, 4, 4, 4, 4, 4, 4, 4, 4, 4, 4, 4, 4, 3]
[8, 5, 4, 4, 4, 4, 4, 4, 4, 4, 4, 4, 4, 4, 4, 4, 3]
[8, 5, 4, 4, 4, 4, 4, 4, 4, 4, 4, 4, 3]
[8, 5, 4, 4, 4, 4, 4, 4, 4, 4, 3]
[8, 5, 4, 4, 4, 4, 4, 4, 4, 4, 3]
[35, 4, 4, 3]
[35, 4, 4, 4, 4, 4, 4, 4, 4, 4, 3]
[34, 7, 4, 4, 3]
[34, 7, 4, 4, 4, 4, 3]
[27, 5, 3]
[35, 4, 4, 3]
[34, 6, 4, 4, 3]
[34, 3]
[34, 7, 4, 4, 3]
[34, 6, 6, 6, 4, 4, 4, 3]
[34, 11, 3]
[8, 5, 4, 4, 4, 4, 4, 4, 3]
[8, 5, 4, 4, 4, 4, 4, 3]
[36, 4, 4, 4, 4, 4, 4, 4, 4, 4, 4, 4, 4, 3]
[34, 7, 3]
[6, 6, 4, 4, 4, 4, 4, 4, 4, 4, 4, 4, 4, 3]
[34, 3]
[6, 6, 3]
[34, 6, 6, 4, 4, 4, 3]
[8, 5, 4, 8, 5, 4, 4, 4, 4, 4, 4, 4, 4, 4, 4, 3]
[34, 6, 3]
[8, 5, 4, 4, 4, 4, 4, 4, 3]
[8, 5, 4, 4, 3]
[36, 4, 4, 4, 4, 3]
[34, 7, 4, 4, 4, 4, 4, 4, 4, 4, 4, 4, 4, 4, 3]
[34, 6, 4, 4, 4, 3]
[36, 4, 4, 4, 4, 4, 3]
[36, 4, 4, 4, 4, 4, 4, 4, 4, 4, 3]
[35, 4, 4, 4, 4, 4, 4, 4, 4, 4, 4, 4, 3]
[35, 4, 4, 4, 4, 4, 4, 4, 4, 4, 4, 4, 3]
[34, 6, 4, 4, 4, 4, 4, 3]
[8, 4, 4, 4, 4, 4, 4, 4, 4, 4, 4, 3]
[34, 7, 4, 4, 4, 4, 4, 4, 4, 4, 4, 3]
[34, 7, 3]
[35, 4, 3]
[8, 5, 4, 8, 5, 4, 4, 4, 4, 4, 4, 4, 4, 4, 3]
[34, 7, 4, 4, 4, 4, 3]
[8, 4, 4, 3]
[34, 6, 6, 6, 3]
[6, 6, 6, 6, 4, 4, 4, 4, 3]
[6, 6, 6, 3]
[35, 4, 4, 3]
[6, 6, 3]
[34, 7, 4, 4, 4, 3]
[34, 6, 6, 3]
[35, 4, 4, 4, 4, 4, 4, 4, 4, 4, 4, 4, 4, 4, 4, 4, 4, 4, 4, 4, 4, 3]
[27, 3]
[8, 5, 4, 4, 4, 4, 4, 3]
[36, 4, 4, 4, 4, 4, 4, 4, 4, 4, 4, 4, 4, 4, 4, 4, 4, 4, 4, 4, 4, 4, 4, 4, 4, 4, 3]
[34, 7, 4, 4, 4, 3]
[34, 6, 4, 4, 4, 4, 4, 4, 4, 4, 4, 4, 4, 4, 4, 4, 4, 3]
[8, 5, 4, 4, 4, 4, 4, 4, 4, 4, 4, 4, 4, 3]
[35, 4, 4, 4, 4, 4, 4, 4, 4, 4, 3]
[35, 4, 4, 4, 4, 4, 4, 4, 4, 4, 4, 4, 4, 4, 4, 4, 4, 4, 4, 4, 3]
[36, 4, 4, 4, 4, 4, 4, 4, 4, 4, 4, 4, 4, 4, 3]
[36, 4, 4, 4, 4, 4, 4, 4, 4, 4, 4, 4, 4, 4, 4, 4, 4, 4, 4, 4, 4, 3]
[35, 4, 4, 4, 4, 4, 4, 4, 3]
[8, 5, 4, 4, 4, 4, 4, 4, 4, 4, 3]
[34, 6, 6, 3]
[35, 4, 4, 4, 4, 4, 4, 4, 4, 4, 4, 4, 4, 4, 4, 4, 4, 3]
[34, 6, 4, 4, 3]
[36, 6, 4, 4, 3]
[6, 6, 4, 4, 3]
[8, 5, 4, 8, 5, 4, 8, 5, 4, 4, 4, 4, 4, 4, 4, 3]
[8, 5, 4, 8, 5, 4, 8, 5, 4, 4, 4, 4, 4, 4, 4, 4, 4, 3]
[27, 3]
[8, 5, 4, 8, 5, 4, 8, 5, 4, 4, 4, 4, 4, 4, 4, 4, 3]
[8, 5, 4, 4, 3]
[6, 6, 4, 4, 4, 4, 4, 4, 4, 4, 4, 4, 4, 3]
[8, 5, 4, 4, 3]
[6, 6, 3]
[6, 6, 4, 4, 4, 4, 3]
[34, 6, 4, 4, 4, 3]
[34, 11, 4, 3]
[8, 5, 4, 8, 5, 4, 8, 5, 4, 8, 5, 4, 8, 5, 4, 4, 4, 4, 4, 4, 4, 4, 4, 4, 4, 4, 4, 3]
[8, 5, 4, 8, 5, 4, 4, 4, 4, 4, 4, 4, 4, 3]
[34, 3]
[36, 6, 4, 4, 4, 4, 4, 4, 4, 4, 4, 4, 4, 4, 4, 4, 4, 4, 4, 4, 3]
[36, 4, 4, 3]
[34, 7, 4, 4, 4, 4, 4, 4, 4, 4, 4, 4, 4, 3]
[34, 6, 6, 3]
[6, 6, 6, 3]
[8, 5, 4, 8, 5, 4, 4, 4, 4, 4, 4, 3]
[35, 4, 4, 4, 4, 4, 4, 4, 4, 4, 4, 4, 4, 4, 3]
[34, 6, 3]
[6, 6, 6, 6, 6, 4, 4, 6, 3]
[36, 4, 4, 4, 4, 4, 4, 3]
[36, 4, 4, 4, 4, 4, 4, 4, 4, 4, 4, 4, 4, 3]
[8, 4, 4, 4, 4, 4, 4, 4, 4, 4, 4, 4, 4, 4, 3]
[6, 6, 6, 4, 4, 3]
[8, 5, 4, 8, 5, 4, 4, 4, 4, 4, 4, 4, 3]
[34, 3]
[34, 6, 6, 6, 6, 3]
[6, 6, 3]
[34, 3]
[36, 4, 4, 4, 4, 4, 4, 4, 4, 4, 3]
[34, 6, 4, 4, 3]
[27, 3]
[34, 6, 6, 4, 4, 4, 4, 4, 4, 4, 3]
[8, 5, 4, 4, 4, 4, 4, 3]
[8, 5, 4, 4, 4, 4, 4, 3]
[34, 7, 4, 4, 4, 4, 4, 4, 4, 4, 4, 4, 4, 4, 4, 4, 4, 4, 4, 4, 3]
[34, 7, 4, 7, 3]
[34, 6, 4, 4, 4, 3]
[36, 4, 4, 4, 4, 4, 4, 3]
[8, 5, 4, 4, 4, 4, 4, 4, 4, 4, 3]
[27, 3]
[8, 5, 4, 4, 4, 4, 4, 3]
