565
59 67 415 343 543
495 68 79 222 68 651 123 68 76 85 222 85
197 85 359
86 163 68 617 68 397 68 43 158 68 252 199 68 430 68 283 68 5
5 68 158 108 258 68 158 108 68 543 211 266 158
5 68 295 149 68 153 189 68 158 543 68 417
87 108 68 607 68 569 68 170 570 68 550 158 189 68 550 158 189
397 68 347 158 152 438 359
642 158 189 68 258 189 68 59 479
611 152
607 158 68 494 68 189 68 241 68 4 258 189 68 158 189 68 158 189 211 390
5 68 295 149 68 607 158 68 5 68 390 68 611 258
49 68 158 68 266 149 68 331 149 68 607 158 68 5 189
514
5 68 331 149 68 87 189 68 447 158 19 68 642 68 330 570 568
76 85 359
54 86 68 405 85 68 81 68 607 158 68 389 479 68 5
204 152 68 331 149
97 68 540 68 19
503 158 108 68 158 108 68 370 68 54 86 68 54 86 68 397 68 158 64 68 640 68 406 334 199
643 68 43 86 163
261 4 68 152 51 68 330 68 330 222 85
133 68 85 68 85 36 189 68 607 158 68 577 68 397 68 569 68 241 65 189
527 68 405 68 531 158 149 68 569 68 189 569 68 343 517 85
611 51 86 359 68 346
390 68 36 149 68 503 158 240 68 231 240 68 339 68 339 68 261 158
5 68 593 89 158 68 54 86 68 54 86 68 426 158 503 158 108 68 302
607 50 68 389 339 551
149 51 86 68 503 189
261 86 68 43 158
362 68 158 108 68 330 359 68 43 158 68 93 225 415
5 68 593 163 68 607 158 68 59 67 343 543 211 222 189
246 204 543 68 430 299 180 282
607 158 68 330 158 108
657 68 85 152 68 97 68 321 189
196 68 5 68 617 149 68 87 189
97 68 59 155 68 365 152
261 158 543 68 397 68 5
189 68 87 189 68 397 68 59 241 85 359 68 569 240 301 359
43 593 68 295 68 261 86 68 288 68 365 430 149 68 194
5 68 295 149 68 607 158 68 261 158 68 45 108 68 43 158 108
192 68 153 108 68 19 85
211 237 543 108
189 68 651 68 330 68 390 68 531 152
211 543
158 406 158 245 359
503 108
201 240 68 331 149 68 607 50 68 133 68 97 68 97 68 126 68 405 189 68 607 158 390 569
517 415 149
97 68 290 258 359 438 359 68 189 68 194 543 68 97
162 85
136 309
607 68 76 611 189
54 86 199 117
607 68 76 611 189
43 158 68 189 68 577 68 607 158 68 137 64
5 213 211 543 85
213 550 501
211 5 189 68 158 517 85 299 85
389 501 68 651
189 68 241 68 97
212 85 68 237
135 68 640 149 68 36 149 68 19 85 629 68 430 68 426 86 68 430 68 569 68 346 68 246 68 390 68 640
211 19 85 155
49 68 607 158 68 378 523 371 158 189 68 36 85 68 430
189 68 81 68 5 108 68 390 68 19 85 68 362 68 607 158 85
501 85 4 189 211 68 517 85 299 85
64 550 213 68 241
189 68 158 64 51 570 68 640 68 334 108 68 266 158 68 405 611 438 551 68 657 299
430 149 266 158 359
5 189 68 397 108
5 68 295 149 68 563 189 68 135 68 577 68 607 68 389 339 68 258 343 339 551
231 240
569 68 115 85 68 170 68 170 359 68 149 51 85 68 321 189
261 86 68 295 108 68 189 16 430 299
503 108 68 390 68 569 68 246 204 543 68 133 607 158 118
283 68 136 158 4 199 222 85 68 390 68 97 68 189 550 158 85
406 85 359
189 68 81 68 241 430 68 189 68 531 158 405
19 108 68 86 163 68 93 51 152 68 397 68 4 152 68 607 68 189 68 430 251 211 68 321 189 68 241 68 279 194
397 68 430 68 394
189 543 51 517 68 5 359
607 158 266 149 68 321 189 68 354 68 640 68 97 68 97
135 68 5 68 527 68 490 359
189 68 211 86 68 397 68 346 68 158 189 211 189 359 211 517
241 68 550 158 543 149 550 158 543 108
76 85
85 5 68 552 85 68 397 68 343 189 68 415 211 68 5 189 570 389 158 199
19 108 68 330 430
330 19 189 68 642 211
651 123 68 405 237 108 68 640 68 76 85
133 68 283 68 252 199 68 339 68 607 158
54 86 68 59 295 19 85 299 211 390
258 247
4 85 438
189 68 211 5 68 97 68 241 68 607 158 68 397 68 64 389 158 118
527 68 607 158 68 471 389 430 299 570 389 339
569 68 42 247 68 397 68 5 68 19 68 189 68 261 158 543 68 397 68 405 68 638 68 569 68 59 67 343 339 68 640
261 86 68 19 149 68 390 68 569 68 4 85 68 241 68 245 449 189
19 85 331 68 189 68 406 85 299 68 5
390 136 158 5 68 640
5 68 642 158 68 390 68 397 68 611 51 86
447 155 643
43 158 68 607 68 577 68 569 68 246 334 543 258 85 68 149 550 158 543 108
54 86 68 405 85 68 343 543 51 85 36 189
331 643
189 68 241 68 197 569 68 354 68 607 68 569 68 321 27 149
266 430 68 158 108 68 394
607 158 68 5
390 68 651 405 68 531 199 68 4 85
70 158 213 194 211
5 85 4 68 370 149
204 152 68 331 149
261 86 68 158 189 68 93 225
540 68 517 499 389 158 118 108
5 68 189 68 231 240 68 617 149
593 89 158 108 68 51 359 68 155 51 86 68 397 68 405 189 68 241 68 79 487
189 68 211 68 607 158 68 258 347 158 222 68 321 189 68 334 222 68 517 85
405 240
611 85 359 68 211 19 563 189 118 68 607 155 68 330 155 68 19 85 68 241 68 189 149
517 194 68 81 68 253 68 158 68 261 86 4 189 565
196 68 501 85 4 189 211 85 68 607 86 68 370 68 607 158 543
189 68 472 68 51 86 108 68 85 447 430 68 339 68 189 569 108 258 85 487
569 68 36 211 607 68 136 158 68 170
43 158 68 13 68 158 108 68 68 270
59 64 532
266 158 68 405 553
76 240 415 68 64 51 85
189 68 354 68 607 50 68 5 68 607 68 189 68 378 85 359 68 87 152
261 86 68 43 158 68 246 68 569 68 430 178 68 76 517
5 108 68 115 158 64
11 68 438
43 158 68 189 68 136 158 152 68 638 68 321 189 68 569 68 64 550 158 189
349 149
266 339
64 211 258 68 153 108 68 158 68 359
607 158 68 197 85 152 68 87 68 117 359 68 81 68 5 68 201 258 68 19 68 339 68 550 501 68 158 359 68 640 68 85 68 189 68 189 68 189 68 246 68 370
548 68 158 68 19 85 261 149
397 68 5 258 527
86 163 68 568
43 158 68 124 68 19 68 201 258 68 201 565
59 290 108 438
54 86 68 397 68 607 158 68 76 346
569 68 417 68 494 68 494 68 93 435 85 68 170 108
149 85 347 158 118 68 189 550 158 241 343 85 299
4 189 458
283 68 390 68 97 68 5 68 640
490 359
19 359 68 158 245 449 189 68 339 68 334 68 5 189
189 68 155 458 68 136 501 68 607 158 68 261 86 108 68 405 241 85 68 189 68 570 389 339 68 405
283 68 136 158 258 68 158 108 68 261 405 68 607 158 68 5 415
261 86 68 115 479 68 569 68 253 68 5 343 85
261 158 189 68 273 415
189 68 81 68 397 68 5 68 607 158 68 189 241 85 136 158 189 68 346 152
231 240
261 86 68 51 570 68 126 68 189 68 81 68 397 68 87 359 68 640 68 43 158 68 136 479 68 211 241 68 569
85 4 189 211 189 359
642 158
189 68 99 68 430 149 51 68 266 158 68 405
501 85 447 158 118 68 5 189
189 68 87 189 68 501 85 43 158 68 378 553 68 97 68 241 85 68 189 550 569 85 68 85 517 85 359
43 593 163 68 192 68 569 68 211 85 68 85 36 85 68 158 108
5 213 194 85 68 162
283 68 607 479 68 64 550 430
76 85 359
189 68 87 189 68 569 68 426 158 68 158 406 158 406 189 68 430 68 430 397 68 651 123
550 339
346 211
43 593 163 68 426 86 68 607 158 68 331 149 68 347 501
290 118 359
531 85 194
133 415
607 158 108 162 68 501 85 406 334 85 438
170 220 225 68 607 68 607 359 211 85 359
43 339 68 321 240
397 68 54 86 68 64 211 430
43 86 163 68 577 68 607 68 550 158 189 68 321 569
43 158 68 189 68 266 158 68 212 85 68 266 51 86 68 607 158 68 570 389 339 68 43 158
607 68 19 68 5
253 68 569 68 76 346 68 189 550 406 159 68 64 211 108 68 19 85 438 415
189 68 81 68 607 158 68 213 13 85
607 158 68 189 68 158 240 68 607 158 68 394 68 550 501 68 64 389 158 299
283 68 347 158
97 68 430 68 253 359
517 194 68 79 158 189 68 64 211 108 74 108
43 158 68 350 85 68 170 178 68 640 68 607 158 68 611 189 152
261 86 68 158 189 68 295 430 68 158 108 68 211 240 359 68 397 68 5 189 550 339
189 68 81 68 397 68 5 68 607 158 68 19 85 570 211 68 346
642 405 108
517 194 68 258 68 343 543 85 222
97 68 273 68 330 68 64 211 108
261 86 68 51 570 68 635 149 68 97 68 405
97 68 405 189 643 68 339 68 426 86
170 449
607 158 108 68 593 149 68 283 343 158 266 158 85
201 258 68 430 299 570 550 68 640 68 607 158 68 87 152
204 152 68 331 149
76 331 350
517 85
501 85 43 158 68 212 86 415
5 68 417 68 430 149 68 607 158 68 19 565
261 86 68 390 68 349 68 201 258 415 68 607 170 68 550 158 251
43 86 163 68 321 543 68 397 68 19 68 136 155
569 68 241 430 68 59 570 389 339
49 430 68 5 68 370 68 490 359 68 149 550 339 68 569 68 5 189
611 222 359
607 158 152 68 347 158
137 158 68 19 68 331 149 68 54 86 108 68 54 86 68 397 68 405 68 211 339
564 222 189
5 68 189 68 81 68 4 152 68 189 68 359 68 569 68 85 347 158 359
569 68 79 86 149 68 97 68 64 550 158 68 64 550 86 68 189 68 87 189 68 378 553 68 97 68 347 158 189
197 158 359 68 471 85 68 302
577 68 321 240
51 68 189 68 607 158 68 51 359 68 283 68 158 543 51 247
192 149
651
59 295 499 211
170 570
607 309 68 611 68 397 68 59 479 68 343 543 68 517 68 149
85 346 211
347 158 85
201 258 68 211 247 334 68 397 189 85 51 86 108
196 68 334 108 68 158 108 68 607 158 85 149 68 607 339
51 68 189 68 607 158 68 51 359 68 283 68 158 543 51 247
5 68 158 108 258 85 68 607 158 68 59 570 389 570
503 158 189 458 68 192
430 68 321 189
397 68 54 86
599
182 108
651 123 68 430 68 349 68 5 189
503 108 68 390 68 97
503 108 68 390 68 569 68 640 4 85 222 85 359 68 133 85
5 68 295 149 68 607 158 68 330 359 68 85 359 389 501 68 347 501
607 68 447 158 543 68 189 149 389 149
494 68 607 170
158 108 68 36 149 68 211 247 570 211 68 155 301 85 68 426 339 68 87 449
170 152
5 68 331 149 68 85 182 68 550 569 479 149
76 85 222 505
197 346 152
503 189 68 370 68 189 68 81 68 85 347 149 68 97 68 97
607 50 68 550 501 68 397 68 5 68 607 158 68 4 189 68 241 222 68 283 68 170 108 68 349 68 430 68 397 68 43 158 68 43 158 68 43 158 152 51 189 68 5 189 68 5
86 163 68 617 68 397 68 5 68 339 68 79 158 189 68 85 347 158 189 68 158 189
607 158 68 607 158 68 70 339 68 447 565
607 155 68 59 339 68 611 51 86 68 133 68 321 247 108 68 153 108
189 68 607 170 359 68 417 108 68 569 68 378 85 359
97 68 438 415 222 430 68 5 334
607 86 68 550 501 68 397 68 85 4 321 108 68 5 108 68 331 64 389 339 68 158 568
36 149 108 68 197 86 68 201 258 85 359
158 4
97 68 273 68 5 406 158 118
261 86 68 43 158 68 501 85 4 189 211 189 85 68 397 68 36 149
569 68 389 158 68 390 68 490 85
426 158 247 74 68 607 479
258 611 189 68 261 158 64
569 68 65 471 389 339 68 246 68 640 68 189 85
565
261 86 68 43 158
241 68 261 86 68 158 189 68 5 189 569 68 638 68 36 149 68 321 290 85 359 68 85 474 85 68 569 68 389 158 359
503 189 68 189 68 213 51 86 68 5 68 19 108 68 638 68 213 51 86 68 97 68 97 68 359
155 68 59 339
115 158 85
137 158 68 85 149 68 346
527 68 640 68 459 543 108 258 85
5 68 593 68 81 68 158 152 68 611 607 158 68 611 85 347 158 543 623 68 426 339
447 158 64 225
64 211 258 68 136 158 152 68 640 68 36 85 68 197 487
5 68 54 86 565
36 149 68 43 86 149 68 54 86 68 397 68 85 36 149
261 86 68 43 158
495
321 170 108
607 158 68 559 211 68 397 68 153 108 68 19 85
64 211 108 68 133 68 344 108
189 68 253 68 617 149 68 155 68 261 4 189 643
577 68 19
197 86 85 540 68 87 449
43 430 149
359 503 189 68 552 85 359
245 569
527 68 607 155 68 657 299 258 68 430 68 330 68 85 68 640 68 517 82 85
283 68 347 158
85 241 430 299 570 568
196 68 126 68 36 149 68 405 68 261 405
158 247 68 569 68 569 68 231 240
607 158 68 261 339 19 85 68 158 189 68 197 189 68 426 86
607 569 108 68 236 149
231 51 86 68 196 68 517 68 189 68 5 68 241 68 36 149 68 397
599 68 158 68 189 68 331 149 68 211 5 68 152 68 158 449 68 189 570 568 68 550 339 68 97 68 97
197 85 359
153 108 68 97 68 390
11
611 178
192 68 651 123 68 283 68 70 189
4
390 68 19 85 68 85 19
599 389 241 68 149 550 158 543 108
197 85
593 89 158 189 68 258 68 97 68 531 149 68 189 149 406 430 68 97 68 569 68 321 240
503 108 68 430 68 43 158 68 517 85
261 158 517 415
42 247
19 82 68 607 155 68 59 339 68 531 149 68 405 68 43 158 108 68 517 85 149 68 189 68 569 68 70 85 359
4
212 85
64 211 430 68 13 299 68 397 68 569 68 408 5
283 68 347 158 68 5 68 617 149 68 261 158 543 68 5 189 108
283 68 253 266 158 68 212 86
201 258 68 607 158 390 359 68 19 85
165 68 49 68 158 68 330 152
5 68 36 149 68 36 86 68 87 108 68 349 68 170 299
261 86 68 43 158
564 68 347 68 5 189 68 638 68 550 86
405 240
503 158 299
503 108 68 390 68 569 68 213 211 517 85 68 136 479
97 68 59 295 199 189 68 517 118 68 607 86 163 68 390
389 339
196 68 607 158 85 68 390 68 97 68 321 189 68 569 68 550 158 25 85 68 397 189
189 241 85 359 191 359
490 359 68 76 406 479
607 158 68 490 68 5 68 657 64 68 170 415 68 158 85
201 258 68 494 68 241 68 4 85 68 4 85 19
19 108 68 5 430
390 68 19 108 68 607 158 68 472 64 211 108 68 636 68 430 299 149 68 158 635 189 85
19 108 68 158 189 149 540 118
86 163 68 617 149 68 397 68 607 158 68 339
569 68 189 643 85 68 640 68 334 68 295 85 568 68 158 108 68 607 155 68 197 86 108
611 258 149
158 607 158 85 379 85 359
569 68 158 339 68 390 68 347 5 189 211 85
5 68 295 149 68 81 68 19 85 4 479 68 158 155
657
5 85 438 359
261 86 68 158 334 68 189 68 611 85 359 68 331 149 68 617
19 108 68 158 108 68 197 86 68 158 330 152 68 4 64 68 397 415 532
149 550 158 543 108
155 550 158 85
54 86
406 334 108
283 68 390 68 354
569 68 5 68 531 430
153 68 261 430 68 607 158 68 611 86
430 359 68 607 158 68 389 339 68 85 347 158 68 158 68 158 282 569 68 158 118 108
59 295 149
611 258 68 261 158 68 211 68 550 339
196 68 273 68 569 68 321 199 68 59 155 68 85 406 479
611 85 149 85 359 201 543 389 430 299
607 158 68 5
347 299
339 68 155
5 189 108
196 68 189 68 273 68 85 331 68 397 68 426 158 85 68 273
196 68 36 211 607 68 640 68 426 155 68 5 68 36 149
430 569 149 68 158 4 85 222 189 211 359
446 222 240
517 194 68 651 68 607 479 68 503 189 211 390 85
607 158 213 194 149 68 517
261 86 68 295 149 68 4 64 211
211 552 85 68 158 449
19 359 68 51
76 85 359 68 162 68 253 68 5 68 87 359
607 68 550 501 68 397 68 390 68 607 50 68 321 569 68 19 108
97 430 68 85 65 189 570 389
189 68 406 569 68 390 68 64 211 240
5 68 295 149 68 607 158 68 4 247 85 347 158 118 68 197 189 570
607 158 152 68 189 569 108 68 426 430 359
258 85 68 517 68 261 158 108
136 309 108
607 86 68 550 501 68 397 68 211 543 68 43 158 68 252 155 68 153 108
85 79 222 108
479 68 189 68 607
51 86 68 201 258 68 89 152 435 240 68 640 68 384 570 389 339 68 321 189 68 638 68 43 158 68 149 68 552 85 68 552 85 359
611 152 136 479
390 68 158 36 189 68 158 570 225 359 68 569 68 5 189 68 189 397
201 258 68 241 68 36 85
189 68 577 68 347 5 68 430 93 435 350
490
4 108 68 330 430 68 607 86 163
607 158 68 213 211 5 189 68 153 189 108
359 16 569 108
135 68 81 68 97 68 607 170 68 405 68 85 563 158 85
189 550 85 149 68 517 149
207 68 189 68 261 86 68 569 68 159
158 246 426
149 207 4 85 136 155
87 359 68 569 68 19 85 173 68 640 68 36 85 68 85 379
617 149
346 211 390
189 145 85
607 86 68 550 501 68 253 64 550 479 68 43 430 68 397 68 197 86
5 68 593 89 479 68 85 136 158 213 108 68 438 415
283 68 158 108 68 36 149 68 261 405 247
201 258 68 607 68 503 339 68 85 347 189 68 85 347 189 570
5 68 189 68 211 68 607 158 68 85 4 189 85 347 158 118 85 68 241 68 517
189 68 87 189 68 397 68 211 85 68 19 68 569 68 246 204 222 85
43 158 189
501 189 451 359
607 50 68 550 501 68 397 68 5 430 397 68 607 158 68 149 51 86 68 5 258 85
283 68 347 158 68 5 68 617 149 68 93 51 487
501 85 43 189 68 330 359
133
503 108 68 390 68 569 68 211 85 299 211 85
266 569 85
93 51 86 565
49 68 607 158 68 222 152 68 36 149 68 136 158 4 85 222 149
501 85 438 68 607 158
550 158 68 640 68 569 68 447 155
82 152 68 370 68 241 68 222 178 68 517 85 68 640 68 517 68 280
517 194 68 370 68 49 68 607 158 68 81 68 19 85 68 135 68 350 68 370 68 339 68 241 68 397 611 51 86
490 359 68 405 643 108
550 430 359 68 347 158
5 68 115 479 68 19 85 359
5 213 194 85 68 59 479 182 359
189 68 87 189 68 133 68 426 339 68 334 68 43 158 68 252 199 108
182 415
417
87 108 68 192 359 68 162
607 50
611 51 86 68 331 149 68 405 68 70 479
527 68 87 68 607 158 108
201 258 68 517 258 5 68 5 68 607 50
258 189 643 68 45 199 85 390 85
201 258 68 197 108 68 569 68 64 435 334 68 390 68 405 189 68 86 163 471 550 86
197 4 152
503 108 68 390 68 569 68 87 359 68 241 79 222 189
86 163 68 246 68 607 158 68 211 471 211 85 359 211 85 68 197 86 149 68 390 569
611 85 19 85 251 211 241 430 68 321 189 68 241 194 68 569 68 611 550 158 85
258 85 189 149
85 347 158
51 86 68 189 68 607 50
115 479 68 189 68 261 158 68 149 85 438 415 68 657 299
189 68 211 5 68 54 86 68 397 68 569 68 59 67 415 321
321 194 68 321 189
527 68 87 68 607 86
577 68 93 51 258 108 68 359 16 569 108 68 36 85 68 397 68 240 299 68 97 68 189 570 389 339 68 640
447 158 68 657 299 211
550 569 68 54 86 430 68 370 68 607 50 68 569 68 5 189 347 158 118 108
153 68 583 68 85 24 643 68 45 68 45 258 290 68 430 299 68 158
189 68 517 339 68 5 108 68 531 158 149 68 343 430 68 5 189 68 59 67
36 149 68 607 50 68 211 68 607 158 68 19 85 189 85 51 85
49 68 607 158 68 378 523 371 158 189 68 36 85 68 430
607 359 211 85 347 158 299 68 158 471
503 189 68 5 68 81 68 397 68 5 517 68 405 237
640 68 43 430 149 68 430 68 149 68 430 68 189 68 344 108
531 149 68 552 359
189 68 79 158 568 68 135 68 405 68 19 108
162
5 68 36 149 68 149 643 222 211 68 283 68 201 258 68 426 339
36 149 68 76 517 68 569 68 64 550 479
201 258 68 136 158 189 68 607
64 211 359
189 68 261 158 68 607 158 68 389 339 211 108
344 158 635 189 643
607 158 68 4 108 68 64 211 390
5 68 593 68 81 68 347 158 68 397 334
611 158 68 397 68 607 158 68 607 158
97 68 430 68 241 253
490 68 54 86 189 68 397 68 569 68 607 158 85 379 85
65 158 118 108
189 68 5 108 68 397 68 170 152
197 569 531 158 85 68 197 240
246 85 4 258 68 4 85 359
501 85 438 68 5 68 64 211 430 68 149 68 640 68 569 68 85 222 476 68 330 213
79 213 223 68 347 158 118
607 158 152 68 85 425 149 211 68 607 359 68 189 68 5 189
517 194 68 347 501 68 607 158 68 76 85 222 149 68 153 108
19 85
76 570
158 4 85 222 189 359
51 86 108 68 76 438
258 247 569
611 149
283 68 390 68 569 68 5 487 359 68 192 149
133 68 430 85 397 189
472 68 189 426 487
87 68 503 108 68 65 178 68 607 158 50 68 211 189 550 339 68 339 68 569 68 158 85 241 85 359
5 189
241 85 68 85 68 158 189 149 540
321 563 158 85
607 50 68 550 501 68 607 158 68 261 86 68 273 415
189 68 517 339 68 503 86 68 531 149 68 189 68 81 68 607 158 68 397 415 406 415
607 68 189 211 438 359 68 99 68 607 50 68 330 68 158 108
155 68 59 339 68 651 123 68 201 258 68 149 550 158 543 108
607 170 68 577
204 501 68 331 149 68 640 68 611 570 211
64 211 108 68 149 68 331 149 68 266 158 68 607 68 189 68 569 68 321 247 334 222 68 517 85 359 211
593 89 158 543 68 43 158 68 611 51 86 643
642 149 68 85 347 158 240 68 64 211 430
189 68 550 501 68 97 68 134 359 68 390 68 607 158 68 339 68 501 85 24 68 640 68 5 68 569 68 240 550 339 68 158 108 68 240 359 68 42 247 68 158 108 68 158 108 68 158 108 68 389 339 68 170 108 68 569 68 331 68 331 68 331 68 331 68 89 158 359 68 246 68 246 68 389 339 68 389 339 68 569 68 389 240 359 68 389 339 68 331 487 359 68 331 68 331 68 331 68
5 189 68 347 501 68 569 68 258 359 68 64 211 74
126 68 36 149 68 258 68 607 158 68 514 199
5 68 331 149 68 5 189 68 201 240 68 577 68 607 158 68 431 68 640 68 354
5 68 593 149 68 192 68 607 158 68 220 51 570
527 68 87 68 607 86
531 85 152 68 54 86
607 158 68 158 189 149
194 543
261 86 68 43 158
231 240
430 155 68 258 349 68 204 199 68 390 569
87 189 68 397 68 258
158 550 569 108 68 389 158 189
204 501 68 331 149 68 640 68 611 570 211
158 258 343 86
517 194 68 577 68 607 158 68 59 479 4 359
43 158 68 189 68 19 68 158 108 68 170 643 359 68 85 569 108
19 349 359
494 68 158 108 321 569
4 85 152 189 68 426 479
503 108 68 158 108 68 36 149 68 54 86 189 570
501 85 64 532
611 51 86 108
447 158 543 68 384 108 5 108
189 68 87 189 68 397 68 70 339
503 108 68 517 189 68 189 68 149 68 158 85 365 430 240
4 64 108
5 68 189 68 211 86 68 350 68 607 158 68 189 241 430 359 68 5 189 68 59 67 343 339
36 149 68 517 68 5 543 68 189 68 158 334 222 68 569 68 334 149 68 638 68 607 158 68 472 420
153 68 347 158 635 68 397 68 552 85 581 68 153 108 258 85 68 158
430 211 290 570 68 192
347 158 240 158 240 68 485 479
189 68 607 50 68 354 68 189 68 99 68 569 68 59 339 68 245 550 339
43 158 68 252 158 189 68 158 108 68 43 158 4 240 211
153 108 68 97 68 390
19 540 68 426 158
87 68 85 36 68 640 68 607 158 68 503 155 68 607 158
607 50 68 550 501 68 397 68 261 158 189 68 330 68 64 435 240 359
5 68 370 68 81 68 189 569 85 68 5 155 643 68 201 258 68 397 68 19 85 68 354
158 550 569 108 68 389 339
158 68 93 550 479
253 68 97 68 19 85 359 68 344 108
189 68 81 68 607 158 68 85 152 51 68 321 27
87 359 68 295 149 68 490 359 68 611 152 136 479
81 68 36 149 68 153 108 68 97 68 246 68 19 68 430 68 261 158 258
87 68 124 359
485 479
189 68 517 189 68 472 68 158 189 643
607 158 68 389 339 68 550 339
607 50 68 494
389 240 359 68 241 68 569 68 5 85
153 108 68 430 68 189 68 389 339 68 426 158 569 68 76 85 68 241
5 43 158 189 540
253 68 651 123 68 397 68 405 68 85 563 189 68 85 85 211 189
136 158 152 68 607 158 68 640 68 531 85 415
531 149 136 158 299 149
137 158 152 68 19 68 189 540 68 321 543 108
158 158 471 211 390
607 68 197 85 359
162 68 559 211 74
611 51 86 359 68 346
283 68 79 86 149 438 359 68 158 108 68 321 189 68 426 155
115 479 85
550 569 570
189 68 81 68 261 158 68 261 158 68 4 85 68 640 68 241 68 607 158 68 51 570 211
197 158 68 182
196 68 158 108 68 569 68 359 51 85 359 70 430 359 68 339 551 68 189 68 359 158 543 389 158 85 68 97 68 569
657 68 189 68 550 501 68 87 359 51 85 68 64 550 158 189 570 389 339
213 51 86 68 43 158 68 253
189 68 261 158 247 359 68 405 189 68 64 550 158 85 68 370 68 19 85 68 531 108 68 51 570
359 19 85 68 85 4 199
43 158 189
196 68 158 108 68 36 85 68 133 85 299 570 389 339
245 258 299 438 68 115 479
607 68 213 458 152
189 68 607 50 68 334 266 158 543 108
261 86 68 51 570 68 253 68 569 68 426 155 68 54 86 68 241 108
517 149
394 149 550 158 213 643
194 543
196 68 64 51 108 68 158 108 68 36 149 68 54 86 189 68 397
85 4 189 108 76 85 241
189 68 153 108 68 97 68 321 189 68 569 68 503 339 551
158 85 583 359
460
97 68 76 85 359 68 505 458 85
359 503 189 68 331 415
417 189
607 50 68 550 501 68 397 68 261 158 189 68 330 68 430 68 93 211
651 123 68 430 68 115 479 85 359
425 499 643 359 68 331
611 74
45 27
153 531 158 85 68 430
97 68 430 68 158 438 415 68 569 68 85 347 359
261 86 68 607 158 68 153 108 68 241 68 5 68 617
607 158 68 607 158 68 211 543 85 81 551
517 194 570
54 86 68 397 68 543 149 550 158 543 108
43 158 68 189 68 517 85 152 68 97 68 321 189 68 212 158 85
607 158 68 607 158 68 85 350 68 339 551
85 24 49
651 123 68 211 390 68 607 158 68 54 86 68 607 158 189 85
569 68 5 189
273 415
438 359
517 194 68 370 68 472 68 607 158 68 19 68 189 68 569 68 426 86
405 553
607 50 68 346 68 155 68 158
231 51 86 68 261 86 68 569 68 370 68 36 149 68 87 189
189 68 514 189 68 503 339
158 64
408 158 149 19 149
36 523 68 4 189 149 68 79 487 149
51 295
261 86 68 51 570
207 68 97 68 273 68 212 85
64 211 108 68 133 68 344 108
64 211 108 68 548 68 36 85 68 194 514 199 68 321 189 68 569 68 426 155
68 593 89 108 68 531 85
290 51 64 68 87 359 68 182 85 68 158 108 68 59 155 643
569 68 211 199 212 86 282 68 390 68 246 68 70 339
527 68 607 86 68 370 68 81 68 426 158 543 85 70 189
158 471 550 158 199 68 241 474
189 68 550 501 68 194 213
126 68 189 68 394 68 430 433 551 68 4 85 68 222 476 68 569 68 158 189 211 406 211
189 68 81 68 607 158 68 430 222 85 390 68 5 108 68 607 68 189 68 207
430 299 4
153 108 68 97 68 390 68 390 68 97 68 397 68 213 550 86 194
607 569 108 68 189 540 258
503 108 68 390 68 569 68 640 4 85 222 85 359 68 133 85
607 68 532 152 68 397 68 501 85 245 570 211 68 397 68 85 68 170 68 397 68 19 79 155 68 19 85
378 85 359 68 517 85
527 68 607 68 390 68 135 68 607 158 68 115 479 85 359 68 370 68 569 68 365 430 149 68 189 68 359 435 85 68 640
76 478
59 295 149 68 211 85 359 389 199
197 86
503 158 108 68 517 189 68 347 501 68 607 158 68 158 189 68 76 85 359 68 246 68 5 343 85 359
607 158 68 359 241 68 390 68 611 189 570 211
390 68 19 108 68 253 569 408 570 389 339 68 266 85 68 36 149
607 68 246
430 299 4
201 258 68 494 68 241 68 290 85 68 321 240
42 247 82
430 86 108
201 258 68 197 108 68 135 68 258 68 197 68 397 68 59 339 68 426 339
607 158 68 559 211 68 593 149 68 550 501 68 97
514 189
657 359 68 642 211
197 86 68 266 50 68 390 68 45 108 68 43 155 68 158 389 68 607 158 543 149 68 64 211 390 68 64 211 390
201 158 199 570 347 158 118
196 68 5 68 617 149 68 354 68 158 108 68 36 85 68 133 82
64 211 108 68 425 189 68 158 68 339 68 378 85 359 68 158 74
607 50 68 550 501 68 370 68 397 68 607 158 68 577 68 334 189 68 569 68 246 68 189 258 68 201 258 68 431
97 68 16 339 68 397 68 253 68 36 149 68 430 68 5 189 570 389 339
5 68 295 149 68 640 108 68 390 569 68 321 569 68 517 85 68 273
5 189 565 85 347 158 299
657 359 68 370 68 517 68 550 501 68 339 68 19 108 68 241 68 189 240 51 85 299
5 68 189 68 136 158 152 68 36 85 68 607 50 108
607 158 68 607 68 607 68 134 359 68 640 68 607 158 68 85 19
64 211 108 68 397 68 607 158 68 331 149
245 258 438
321 27 68 569 68 258 68 64 389 158 359 68 246 68 354 68 563 158 85 68 158 85
607 309 68 158 299 68 397 68 149 68 149 43 158
531 85 68 261 158 350 68 201 258 68 197 86 68 5 68 99 68 158 108
51 346 68 115 479 406 155 643
5 334 635 189
258 85 68 54 86 68 607 158 68 261 86
283 68 390 68 36 85 68 194 149 43 569 68 115 479
397 68 115 479
406 472 85 68 162 68 162
538 430 68 36 149 68 158 108 68 430
54 86 68 321 68 569 68 16 247 68 390 68 406 334 85
261 86 68 390 68 97
343 543 85 252 199
514 74
283 68 182 68 218 149 68 189 68 134 570
346 211 68 170
64 211 108 68 501 85 438 149 68 607 158
5 68 189 68 211 68 503 339 68 85 347 189 570 389 339 68 397
43 593 68 331 149 68 43 158 211 68 236 68 288
266 158 118 211
607 158 68 640 68 640 68 611 240 68 64 211 258
611 189 290
266 479
189 68 389 240 359 68 43 68 331 68 569 68 517 85
347 158
261 86 68 607 86 68 347 501 68 397 68 517 68 189
43 430 149 68 170 152
64 550 158 85 68 4 199
564 68 550 158
189 68 87 189 68 577 68 607 158 68 16 155 194 108 68 517 85 149
527 68 70 189 68 49 68 517 68 550 158 189 68 569 68 246 149 68 349 531 359
607 158 68 397 68 295 68 397 68 5 68 397 68 19 85 68 397 415
97 68 85 321 531 85 359
611 85 19 85 251 211 241 430 68 36 211 607 108 68 611 189 68 640 68 79 158 108
389 479 68 397 68 607 158 68 617 149 68 43 158 68 550 158 68 390 68 607 158 68 5
189 68 550 501 68 36 149
153 108
273 68 97 68 189 211 85 565 623
607 68 599 389 339
197 108 68 135 68 577 68 517 68 611 152 68 397
607 158 68 258 108 68 617 149 68 550 501 68 97 68 97
5 68 295 149 68 607 158 543 68 252 199 68 241 68 517 118
283 68 158 247 149 68 397 70 158 321 247 85
5 68 295 149 68 607 158 68 5 68 211 543 85 152 68 51 347 158 118 68 389 158 240
503 108 68 517 189 68 134 149 68 607 158 68 346 194 68 517 85
607 158 68 51 359 68 394 458 68 197 86 68 54 86 68 397
253 5 68 222 415
87 108 68 211 222 68 19 85 68 19 85 68 64 211 74
527 68 64 211 390
43 155 211 189
261 86 68 51 570 68 607 487 68 97 68 222 476 68 241 68 241 359
607 50 68 550 501 68 397 68 517 194 68 330 68 330 405 108
97 68 430 68 51 570 51 570 68 85 36 85
97 68 211 378 85 359 68 397 68 569 68 158 359 68 158 359 68 115 479
503 108 68 390 68 569 68 76 359 16 299 68 642 158
86 163 68 617 68 397 68 54 86 68 99 68 283 68 607 309 68 5
503 108
97 68 569 68 490 359 68 85 447 158 517 68 189 68 517 189 68 321 240
189 68 607 50 68 577 68 97
430 550 158 68 5 189 68 569 68 405 178
165 68 5 68 196 68 158 108 68 36 149 68 494 68 550 501 85
261 86 68 158 108 68 36 149 68 607 170
189 145 85
347 501 68 321 189 68 19 108 68 347 158 258 68 607 158 68 5
438 415 211 68 5 346 211 85 68 241 68 5 108
406 472 85
389 158 240 68 490 359
258 4 68 389 339
607 68 607 158 68 158 359 570 389 339
54 86 68 550 339
64 211 108 68 459 543 108 68 241 68 607 158
86 163 68 197 86 68 607 68 569 68 87 449 68 397 68 19 68 246 68 19 330 359 68 430 397 189
201 258 68 136 479 68 447 158 543 68 43 430
266 479 68 640 68 252 158 189
5 339
82 152 68 370 68 241 68 36 85 68 346 85
527 68 153 68 490 68 43 158 68 290 85
405 189
495
201 258 68 550 339 68 321 68 330 68 523 359
611 299 108
607 158 68 5 258 390 241 359 68 607 68 189 68 36 149
189 68 394 68 389 501 68 189 68 273 68 54 654 68 397 68 5
97 68 59 155 68 365 152
189 68 211 86 68 607 158 68 64 435 415 68 133 68 565 569
607 170 68 152 51 86
5 68 593 163 68 607 158 68 81 68 550 339 551
231 85 68 246 204 149 211 517 85 68 517 85
153 108 68 527 68 36 85 68 59 479 4 359
153 68 636 68 5 68 607 158 68 51 359 68 640 68 155 194 334 36
490 19 390 68 517 85 299 85
64 211 74 68 570 97 4 64 68 97
5 68 189 68 81 68 397 68 236 4 136 479 347 158 118
189 68 211 5 68 359 258 85 4 258 390 68 241
197 85
611 158
59 295 149
607 50 68 550 501 68 397 68 531 155 194 68 19 406 155
158 158 406 155
189 68 211 5 68 517 220 211 43 158 68 93 435 339
115 158 85
517 194 68 4 85 152 68 153 108
261 158 189 68 273 415
611 86 163 406 189
97 68 54 86 189 68 397 68 197 240 68 85 79 158 189 570
97 68 54 86 199 118 68 503 339 551 68 288 68 19 85 68 397 415 532
527 68 261 86 68 607 158 68 189 68 231 240 68 617 149
503 108 68 390 68 569 68 211 85 359 211 611 85 68 397 68 19 68 246 204 543
126 68 19 108 68 405 68 607 158 68 189 68 209 189 68 651 123
97 68 389 430 68 189 68 194 543 68 97
189 68 430 68 430 68 149 435 85 68 189 68 426 86 68 85 632
261 4
607 50 68 550 501 68 397 68 479 68 321 563 339
261 86 68 51 570 68 253 68 569 68 4 85 447 189 211 245 258 68 550 430 359
87 359 68 87 68 211 68 397 68 43 158 68 346 211 68 170
640 68 43 430 85 68 135 68 405 68 19 108
134 415 532 85 68 4 85 359
162 85
240
607 158 68 51 359 68 85 152 51 570
350 85 68 5 189 68 607 50
611 85 19 85 581 194 222 68 638 68 197 86 68 36 149 68 54 86 68 397 68 405 68 339 68 158 108
43 86 163 68 81 68 5 108 68 136 126
65 86 68 607 158 85 68 607 68 241
64 211 108 68 651 123 68 321 247 108
135 68 636 68 295 149 68 253 68 5 543 406 158 543
5 343 85
43 593 163 68 59 158 611 189 211 68 426 158 68 490 359 258 68 170 108
417
43 86 163 68 81 68 189 149 68 321 189 68 430 68 569 68 611 258 68 397 68 569 68 241 359
170 569 68 339 68 240 438 415 406 158 118
447 189
261 86 68 51 570
569 68 426 158
517 194 68 331 149 68 577 68 331 430 149 68 211 611 189 68 611 258
346 68 158 68 607 158 68 563 158 68 617 149 68 211 68 231 240
514 189
59 67 415 343 543
36 149
51 68 397
97 68 405 189 68 54 86
611 149
43 593 163 68 162 68 607 158 189 211 189
517 85 299 237 330 118
97 68 430 149 68 339 68 430 68 43 155 68 347 501
189 68 211 543 68 607 68 212 158 85 68 247 570 68 607 149 68 236 149
51 487
599 68 45 211 68 397 68 87 359 68 607 158 68 189 149 49
189 68 607 158 359 68 76 474
231 240
607 50 68 4 108 68 197 240
642 149 68 85 379
503 189 68 390 68 569 68 550 430 359 68 149 51 85 68 241 68 36 85 68 93 211 543
426 158 569 570
97 68 170 108 68 261 290 68 158 570 389 158 189
4 359
231 240
97 68 517 258 4 108 68 70 189 68 189 149 68 43 158 68 85 347 158 118 108
189 68 241 99 68 397 68 577 68 97 68 405 237 68 85 152 68 569 68 43 158 68 550 158 108
197 85
97 68 527 68 189 68 194 543
43 593 68 331 149 68 59 290 68 569 68 158 189 68 158 189 68 241 359
564 68 19 79 359 68 170 108 68 390 68 607 68 334 149
321 4 68 170 108
189 68 583 68 321 189 68 211 209 189
531 158 299 211 258 68 59 295 222 247 442
201 258 85 321 247 359
261 158 643
153 108 68 158 68 49
503 108 68 517 189 68 258 68 258 68 651 123
503 189 68 390 68 36 85 68 447 189 211 68 339 68 397 68 79 602
266 415
517
266 430 359
378 85 359 68 517 85
204 501 68 331 149 68 189 68 4 64 211 517 359 68 97
569 68 65 568 359 68 390 68 213 51 86 152
394 149 359
390 68 651 68 569 68 321 240
189 68 158 543 68 36 149
550 158 359 68 389 339 68 5 343 543
64 550 479
283 68 42 247 68 5 68 36 149 68 19 163 343 339 68 241
85 4 189 211 189 359
64 211 108 68 149 68 331 149 68 258 339 68 531 152 68 397 68 569 68 19 85 447 158 118 68 241 359
607 50 68 550 501 68 607 158 68 149 389 19 282 68 236 149
253 189 68 133 68 321 240
51 158 189
49 68 36 149
5 68 517 85 68 390 68 201 258 565
261 158 635 108 258 85
347 501 68 97 68 155 68 430 359 68 49 68 158 68 54 86 68 54 86 68 64 211 390
283 68 79 86 199 108
85 24 334
246 204 222 68 517 258 290
201 258 68 197 86 68 378 85 331 487 149
565 19
525 551
149 458 152
494 68 246 68 241 68 158 68 607 158 68 531 158 152 68 417 68 149
231 240
607 170 299
503 108
359 70 430 359 68 339 85 136 479 247
611 189 290 258
165 68 607 170 108 68 503 189 68 87 543 68 503 158 406 158 5
258 108
283 68 347 158
321 155 68 197 189
346 211 68 170
569 68 552 68 390 68 406 155 108
321 247 108 68 19 108
5 68 593 163 68 201 240 68 189 68 197 86 108
153 430 68 607 158 68 5 85 36 85
611 189 570
390 68 5 189 550 339 68 170 199 68 36 85 563 189 68 617 149
611 51 85 359 211 222 149 68 295 68 36 149 68 261 86 85
231 51 86 68 651 123 68 36 149 68 36 211 607 68 197 290 570 389 158 152
135 68 339 68 158 359 68 158 449 189 570
201 258 68 197 108 68 189 68 517 359 68 79 359 68 79 68 4 85 623
189 68 643 359 68 43 158 68 149 550 158 247 68 607 68 158 68 158 517 189 68 158 245 85 359
531 149 136 158 149 68 261 158
189 85
51 86 68 5 108
405 68 115 158 359
153 108 68 390 68 158 68 59 67 343 247 211 397 68 189 241 194 334 222
87 68 5 68 331 149 68 158 64 68 397 68 370 68 19 85 68 611 152
514 74
87 68 607 50 68 81 68 607 50 68 170 108 68 607 68 43 158 68 331 149
321 68 5 68 87 449 68 430 68 430 68 321 189 68 19 85
43 158 189 643
170 4
153 108 68 527 68 36 85 68 607 68 211 390 68 4 258 85
158 152 301 290
503 189
170 68 158 189 68 87 108
507 449 68 218
355
5 68 295 149 68 81 68 134 415 211 68 517 118
87 68 170 68 417 68 397 68 397 68 321 189
406 472 85
261 158 189 68 19 240
196
79 13 68 97 68 417 68 651 123 68 85
261 86 68 158 189 68 617 68 5 68 607 86 68 189 68 81 68 397 68 339 68 607 158 68 5
201 158 199 570 347 158 118 68 517 85
607 68 194 543 68 397 68 531 149 68 201 68 347 158 68 359
607 158 68 531 158 118 240 211 68 5 189 68 43 158 68 252 155
189 85 152 68 517 189 550 158 189
149 532 85 430 299 607 170
54 86 68 5 68 158 85
19 204 178 68 97 68 135 68 54 86 68 155 194
36 108 68 330 68 59 339 68 640 68 611 258 85
19 85 68 149
430 642
170 570
189 68 87 189 68 158 108 68 490 68 577
196 68 5 68 617 149 68 136 158 152 68 397 68 5 189 68 339 68 569 68 321 64 389 158 359
246 204
5 68 339 551 68 359 70 158 108
85 4 189 149
5 68 189 68 426 86 334
87 543 68 430 68 86 163 68 231 51 86
651 123 68 246 68 607 86 163
527 68 153 68 64 211 527 68 211 406 155 68 283 68 246 68 149 643 85 68 85 632 68 241 68 638
261 86 68 19 149 68 158 108 68 36 149 68 354 68 321 189 68 640 68 19 68 5 68 430 68 240 211 222 68 241 359
36 149 68 405 189 68 611 189 68 611 359
189 68 607 50 68 152 51 86 68 261 86 68 397 68 59 290
636 68 158 68 607 158 68 119 68 149 458 152 68 640 68 54 654
569 68 447 158 290 68 158 108 68 85 209 189
204 501 68 331 149 68 640 68 611 570 211
45 349
43 158 68 87 68 577 68 339 68 136 158 213
43 158 189
19 118 68 607 158 68 54 86 68 343 5
97 68 394 68 389 501 68 189 68 531 299 68 490 68 261 85
189 569
43 593 163 68 43 158 68 531 501 68 189 68 447 158 247 68 158 247 572
607 68 189 565 211 471 211
64 211 258 68 136 501 68 640 68 36 85 68 153 359
87 85
43 158 68 165 68 87 68 273 299
472 68 607 68 607 158 68 158 189 211 471
397 5 334 68 390 68 158 64 68 192 68 640
640 569
503 108 68 158 108 68 36 149 68 54 86 189 570
36 211 199 85 299
97 68 390 68 241 68 85 359 68 640 68 19 68 283 68 531 155 194 550
192 389 479
346 643 149
607 50 68 550 501 68 397 68 5 68 607 158 68 4 189 85 68 359 51 189 68 346 68 397 68 36 211 152
517 194 68 370 68 43 149 68 640 68 607 158 68 389 339 68 5 108
283 68 331 68 640 68 5 68 19 163 68 36 149 68 389 501
43 158 189
189 550 85 149 68 517 149
87 359 68 295 149 68 93 435 85 68 543 550 158 543 108
261 86 68 43 158 68 246 68 569 68 4 85
133
36 149 108 68 330 346 152 68 54 86 68 339 68 19 85
189 68 517 194 68 51 570 68 321
189 149
36 149 68 397
201 258 68 394
201 258 68 550 158 222
97 68 531 158 213 194 211 85 359
261 86 68 43 158 68 5 68 189 68 321 563 86 149
607 68 550 501 68 607 158 68 559 225 68 640 68 405 108 68 64 211 74
406 5 163 68 517 85
196
405 108 4 178 359
136 430 359 68 97
49 68 158 68 258 68 36 149 68 81 68 43 158 68 611 149 389 158 118
85 89 359
189 68 253 68 617 149 68 569 68 490 359
607 158 68 54 68 189 570 550 68 569 68 430 68 5 189 68 59 295 359 68 472 420
64 211 108 68 87 85 4 68 651
261 86 68 158 189 68 617
261 158 503 86 85 152
5 68 593 68 81 68 158 152 68 405 199 68 397 68 569 68 517
82 152 68 370 68 241 68 189 531 158 299 68 158 405
390 68 19 108 68 607 158 68 550 339 68 447 189
135 68 503 339
153 108 68 97 68 390
577 68 93 51 258 108 68 359 16 569 108
85 240 389 334
43 158 68 517 108 68 583 68 158 178 68 569 68 149 68 149 334 189 68 240 643
42 247 211
607 158 68 155 211 199 85 438 68 397 68 4 478
189 68 550 501 68 569 68 241 118 68 246 68 531 430 359
51 86 68 189 68 607 50
447 158 543 68 330 258 85 68 532
158 152 301 290
517 194 68 370 68 577 68 651 222 68 70 339
189 68 607 50 68 330 266 158 543 108 68 569 68 4 258 85 359 68 149 550 158 543 149
261 86 68 5 68 36 149 68 36 68 569 68 607 487 359
527 68 261 86 68 607 158 68 189 68 231 240 68 617 149
5 68 43 158 68 43 158 108 68 390 68 5 189
501 85 438 68 607 158 68 503 158 108 68 607 158 68 189
135 68 494 68 158 108 68 321 569 68 158 189 68 611 258 68 266 158 152
503 158 108 68 390 68 569 68 79 155 194 213 68 85 611 189
134 415 532 85 68 517 118
569 68 158 189 149 68 638 68 397 68 43 158 68 19 415
43 158 68 657 149 68 158 108 68 408 158 68 159 68 640 68 87 211 85 152
19 108 68 638 68 607 68 405 68 569 68 155
158 211 611 189
527 68 405 68 531 158 149 68 569 68 189 569 68 343 517 85
189 68 5 189 68 258
196
36 108 68 4 258 390 85 359 68 64 211 258 390
321 189 68 212 158 108
189 68 81 68 295 149
189 68 43 158 68 252 189 68 5 189 68 162 68 570 74
36 85
607 50 68 550 501 68 397 68 517 194 68 334 68 158 68 431
197 85
85 4 189 211 189 359
569 68 222 68 430 68 261 158 189 570 435 68 64 550 158 334 108
87 359
64 211 108 68 430 299 68 607 68 569 68 389 158 189 68 241 85 68 189 16 430 108
611 299
503 158 108 68 158 108 68 569 68 426 155 211 390
196
5 68 517 85 68 430 68 162 68 607 170 68 321 189 68 569 68 261 86
54 349 68 19 68 640 68 189 170
36 149 68 607 50 68 97 68 611 570 389 339 211 118 68 638 68 241 430 68 79 158 565
158 158 108
503 189
43 158 68 252 155 68 261 430 68 158 68 85 152 51 68 550 68 638 68 135 68 569 68 347 158
531 158 85 68 36 149 68 607 86 68 189 4 189 68 430 299 68 19 108 68 5 189 68 638
189 68 607 170 359 68 149 68 197 86 68 564
607 50 68 550 501 68 397 68 5 430 397 68 607 158 68 149 51 86 68 5 258 85
158 108 68 569 68 552 68 158 503 501
136 501
5 68 331 149 68 85 81 68 344 155 415 68 246 68 607 479
64 211 108 68 636 68 158 68 569 68 5 359 211 568
258 611 189 68 295 149 68 531 299 68 85
552 85 149 68 252 155 68 261 430
241 359
569 68 115 479 68 231 240 68 430 68 430 68 149 68 531 149
201 258 68 197 108 68 135 68 417 68 108 68 36 149 68 607 68 321 189 68 321 189
651 123 68 569 68 417 68 426 339
158 108 569 68 115 247 68 4
115 479
607 68 19 108 68 5 258 527
5 68 36 149 68 501 85 261 199 68 501 85 222 543 406 158 543 68 85 24
97 68 430 68 189 68 86 85 568 550 430
607 158 108 68 36 85 359 68 19 85 359
321 85 5 108
36 149 68 390 247 405 68 607 158 68 85 136 479 68 76 346 211
321 563 158
503 189 68 607 158 68 503 85 68 607 86 68 87 68 339
196
85 4 531 158 149 68 211 199 189 211
54 86
321
390 68 19 108 68 607 158 68 258 406 155 68 607 158 390 258 189 565 68 64 211 108 68 241 68 189 149 51 299
501 85 527
189 68 517 359 68 344 158 108 68 331 149 68 64 211 390 68 430 68 149 68 19 79 152
19 85 68 607 68 607 158 68 4 68 5 108 68 64 211 74
503 339
280
261 158 108
65 86 68 85 569 85 152
201 258 68 54 86 68 397 68 503 339 68 97 68 51 86 68 51 86 68 359 258 68 359 191 85 68 241 430 438 149
245 643
86 163 68 197 86 68 607 68 569 68 213 149 68 321 569
49 68 607 158 68 54 86
189 68 85 4 108 68 607 158 68 236 108 68 321 247 85 68 158 290 85 222 85 359
5 68 370 68 81 68 607 158 68 64 435 240 68 397 68 211 108 68 36 85 68 149 68 339 68 569 68 241
64 211 108 68 19 68 158 68 321 68 569 68 503 189 68 503 189 68 643 359
607 50 68 550 501 68 397 68 321 290 68 607 158 68 43 108 68 607 479 68 158 406 569
321 189 68 108 68 135
390 68 651 123
43 158 68 152 501 68 569 85 540 68 638 68 43 158 68 19 85 68 189 68 517 499 49 68 158 68 158 449
97 68 394 68 389 501 68 189 68 531 299 68 490 68 261 85
182 108 68 390 136 479 68 258 390 247
253 68 346 85
261 86 68 569 68 87 68 87 449 85 68 397 415 51 86 108
607 50 68 550 501 68 397 68 5 68 607 158 68 59 67 415 343 339
494 68 158 189 68 158 635 569
517 194 68 617 149 68 640 68 97
19 108 68 390 68 642 68 321 68 266 158 68 19 68 550 158 68 153 108
593 89 158 189 68 531 158 149 68 158 406 189 68 170 569 68 283 68 158 108 438 85 68 76 85 241 359
503 108 68 158 108 68 36 149 68 54 349 68 397 68 133 82
5 68 295 149 68 81 68 430 64 225 68 241 85 68 540
430 68 189 643 222 505
85 89 359
85 24 189 458
51 346 68 346
196 68 36 211 607 68 640 68 136 155 68 86 19 68 593 89 152
607 487 108
196 68 158 108 68 330 68 189 68 85 79 359 70 158 118 68 241 68 85 347 158 118
503 189 68 570 435 240 359
165 68 5 68 197 86 68 54 86 68 397 68 258 149
607 569 108 68 136 158
503 189
479
19 82 68 640 68 569 68 4 85 68 189 68 246 68 218 149 68 390 68 258 68 640 68 569 68 321 240
51 86 68 189 68 158 569 68 261 158 543 68 19 108 68 5 430
430 569 68 390 68 607 170 149
5 68 295 149 68 607 158 543 68 607 158 241 65 211 359 68 397 68 397 415
43 158 68 607 68 577 68 158 240 68 4 406 155 68 654
45 359 68 266 158 68 607 158 68 517 85
5 5 607 158 471 211 68 390 569 85 438 359
189 68 651 123 108 68 426 158 253 68 607 359 211 85 438 415
283 68 136 158 4 199 19 85
503 189 68 390 68 97 68 405 570 389
133 68 426 86
189 68 550 501 68 97 68 189 68 155 211 330 123 68 607 158 68 51 359
189 68 81 68 321 93 68 197 189
189 68 577 68 430 68 189 570 389 570 389 339 68 430 299 68 334 68 430 68 43 158 68 283 68 170 108 68 19 85
503 108
607 359 389 85 347 158 118 68 346 211 390
5 68 295 149 68 149 68 36 149 68 657 85 68 283 68 36 85 68 607 170 108 68 64 211 108
503 108 68 390 68 569 68 76 359 16 299 68 642 158
189 68 81 68 253 68 330 213 211 430 68 495 68 261 158 543 68 569 68 472 420
64 211 108 68 611 118 359 68 569 68 36 85 607 68 158 405 68 266 158 390 68 51 86
552 85
261 86 68 51 570 68 126 68 569 68 237 4 85 222 108 68 405 68 5 155
19 85 173
135 68 81 68 158 543 68 252 199 68 36 149
430 178 68 76 406 158
158 158 406 155
19 85 51 359
211 189 570
527 68 153 68 153 108 68 97 68 390
4 565
503 189 68 390 68 36 85 68 134 415
158 211 149 517 211 611 189 359
611 189
65 158 108 68 321 247 68 343 543 570
4 406 155 68 5 74
495 68 607 158 68 5 68 390 68 19 85
43 158 68 189 68 266 149 68 347 501 68 241 68 397 68 397 68 85 611 152
503 339
189 68 43 158 68 252 189 68 5 189 68 162 68 570 74
135 68 5 543 68 321 68 397 68 569 68 389 339 68 136 479
261 86 68 43 158 68 246 68 97 68 70 189
85 192 211
593 152 51 86 68 283 68 189 68 343 158 189
136 158 152 68 153 85 359
607 50 68 550 501 68 607 158 68 211 85 581 68 494
85 447 158 68 158 570
5 68 295 149 68 607 158 68 4 68 330 68 5
5 68 295 149 68 607 158 543 68 517 68 245 85
261 86 68 43 158
4 64 442
189 68 81 68 397 68 149 68 43 158 68 261 86 85 152
59 67 415 343 543 68 189 241 68 189 266 158 299
97 68 583 68 321 189 68 330 570 389 570
607 68 550 501 68 607 158 68 70 339 68 642 68 64 211 74
4 178
607 569 213
149 389 85 527 68 197 86
283 68 347 158 68 607 50 68 569 68 76 85 68 246 68 119 211 543 85 68 241 68 85 36 85
607 158 5
261 86 68 51 570 68 158 108 68 87 68 430 222 189 68 430 199 68 354 68 158 85 241 359
607 158 68 273 68 607 158 194 68 87 68 350 85
241 85 68 19 108 68 5 527 68 261 86 68 43 158 68 370 68 253 68 97 68 438 359 68 607 158 68 5
261 86 68 5 68 577 68 397 68 651 123 108 74
201 258 68 447 189 68 261 86 85 68 36 149
158 16 569
76 85 359
211 543
321 189 68 19 68 158 199
196
87 359 68 295 149 68 607 158 108 68 5 48
87 93 152 68 158 211 570 211
394 68 430 222 4 240 211
5 68 189 68 81 68 397 68 236 4 136 479 347 158 118
261 86 68 51 570
321 68 569 68 136 155
495 68 607 86 68 189 68 611 222 68 640 68 19 108 68 430 68 79 155 68 569 68 283 68 438 415
97 68 607 50
36 149 108 68 197 68 331 68 607 170
207 108
5 70 158 68 64 211 430
5 68 295 149 68 81 68 642 211
390 68 19 85 68 607 158 68 158 5 406 158 118 68 36 149 68 405 189 68 531 158 152 68 339 68 570 389 158 85
196 68 36 211 607
86 163 68 16 158 543 68 607 158 68 36 85 68 153 189 68 246 68 189 211 85 517 85
85 611 86 86
189 68 472 68 51 86 108 68 85 447 430 68 339 68 189 569 108 258 85 487
43 158 68 124 68 19 68 201 258 68 201 565
283 68 390 68 19 108 68 397 68 258 68 158 108 321 569 68 153 189 108
246 266 158 68 339 68 459 543
408 158 149
201 258 68 607 68 527 68 76 85 359 68 334 85
321 189 68 87 449
503 189 68 517 68 189 68 258 68 36 149
261 86 68 19 149 68 390 68 607 158 68 207 68 346
5 68 295 68 81 68 197 86 68 253 68 51 86 108 68 231 240
4 85 189 5
430 85 19 85
189 241 85 359 191 359
514 189
5 334 635 189
651 85 68 76 570
607 569 108 68 64 211 438
321 68 19 68 564 68 87 449 68 370 68 87 108 68 550 339
503 189 68 370 68 36 290
64 211 108 68 607 50 68 85 149
261 86 68 43 158
406 472
417
158 550 569 108 68 642 149 51 86 569
258 607 158 290
76 406 430
222 343 158 118
189 68 81 68 430 68 64 435 623 68 4 189
87 359 68 569 68 241 68 415 211 68 543 108 68 397 68 85 379 85 68 607 158 68 85 406 158
158 64
651 123 68 638 359 68 79 220 68 607 68 607 158 189 85 406 158 199
43 593 163 68 636 68 43 158 68 569 68 241 194 68 149 550 158 543 108 68 640 68 36 85 68 85 406 211 315 68 43 158 543
577
389 189 68 384 108 5 108
115 430 299 108
201 240 68 331 149 68 211 543 68 36 108 68 550 158 68 135 68 135 68 218 68 397 68 339 68 19 68 246 68 19 85 68
503 339 551
43 593 68 331 149 68 417 68 246 68 426 158 68 4 189 149
49 68 430 68 550 501 68 97 68 389 339 68 347 158 68 70 189
611 189 290 85 68 36 149 68 607 204 222
43 593 68 331 149 68 405 68 517 85 19 64 68 390 68 197 86
330 5
569
343 543 51 173
517 149
231 240 68 295 85 258 505
503 108 68 390 68 569 68 359 70 85 359 70 430 241 85 347 158 118 68 517 85
197 85
611 85 359 68 211 19 563 189 118 68 607 155 68 330 155 68 19 85 68 241 68 189 149
261 86 68 5 68 617 149 68 211 68 569 68 321 543
76 85 359
135 68 261 158 543 68 569 68 611 51 346 211 68 517 85 68 64 211 390
43 51 487 68 397 68 155 68 531 155 643
321 189
283 68 347 158 68 5 68 331 149 68 577 68 19
189 68 197 501
261 158 543 68 347 158
36 523 68 59 295 19 85 299 211 390
19 108 68 330 430
347 501 68 607 158 68 543 149 550 158 543 68 87 359 68 149 51 86 68 617 149 68 43 158 68 617 149
19 118 68 155 68 59 339
135 68 611 258 68 266 158 152 68 197 611 189
261 86 68 430 68 349 68 261 86 68 261 86 68 158 108 68 36 149 68 394 189
564 68 447 158 543 68 330 85 430 68 532
607 158 68 494 68 189 68 241 68 158 189 68 4 85 222 85 359 68 283 68 170 108 68 405 237 258
5 68 36 149 68 36 86 68 241 68 201 258 415
79 309 108
189 68 394 68 550 430 149
569 68 158 189 68 570 389 430 68 438 415 68 505 85 68 241 68 65 86 108
201 258 68 76 85 359 68 607 68 43 158 68 93 225
261 86 68 158 108 68 370 68 494 68 550 570 68 241 68 426 339 551
79 155 49 68 68 446 68 642 158
446 245 85 299
607 158 68 158 189 149
5 68 349 85 359 68 19 85 359
276 85 258 334 68 517 85
158 108 189 531 155 68 347 158
550 339
220 51 349
85 5 68 552 85 68 397 68 343 189 68 415 211 68 5 189 570 389 158 199
5 104 471
189 68 430 68 343 543 85 299
334 68 43 158 68 643 359
87 68 197 86 68 577 68 359 16 569 108 68 5 108 68 321 247
321 189
189 68 607 50 68 81 68 343 543 149 68 5 189 68 43 158 68 331 149 68 370 68 459 405 108 68 5 343 543 211
76 85 68 611 118
189 68 211 86 68 397 68 253 68 503 339
607 158 68 5 68 158 155
43 158 68 642 158 68 149 550 158 543 108
503 108 68 517 194 68 189 68 149 68 607 158 68 85 4
261 86 68 5 68 617 149 68 19 85 68 36 85 258 240
283 68 640 4 85 222 85 359
5 189
517 194 68 189 68 611 299 149 68 569 68 85 347 158 240
253 189 68 390 68 64 211 240
5 68 295 149 68 607 158 68 607 158 68 241 68 162
189 68 261 86 68 344 4 359 390 68 405 68 405
189 68 5 68 607 158 68 201 258 136 158 152
220 211 543 438
611 158 68 189 565
430 266 487
321 290
43 158 189 68 642 211 68 277
70 339
607 50 68 550 501 68 397 68 5 68 607 158 68 59 67 415 343 339
283 68 347 158
36 149 68 81 68 397 68 607 50 68 97 68 5 189 68 196 68 196
79 339 551
5 68 36 149 68 158 108 68 330 570 211 199
531 359
607 158 68 261 158 68 350 68 189 149 68 245 240
607 158 68 197 85 152 68 189 68 201 258 346 149 68 550 517 85
507 449 68 218
158 68 350 149
503 108 68 197 86 68 189 68 59 149 68 85 299 68 569 68 517 85
85 447 430 438
607 170 68 85 569
346 68 241
397 415 543 415
197 108 68 577 68 607 68 189
211 430
611 85 359 438 359
87 189 211
607 50 68 640 68 321 85
68 135
189 68 81 68 607 158 68 531 158 405 108 258 68 517 85
569 68 16 569
565
503 108 68 390 68 378 85 359 550 158 543 85 68 321 247
261 86 68 135 68 390 68 153
189 68 651 68 607 158 68 569 68 64 149
189 68 232 415 68 607 158 68 51 359 68 4 108 68 158 568
5 343 85
378 85 359 68 85 379
405 189
196 68 158 108 68 569 68 490 359 68 405 155 108 68 362 68 607 158 85
201 258 68 607 158 68 321 27 347 158 390 68 4 189 85 438
97 68 430 68 189 85 68 86 163 85 68 321 27 68 43 158 68 517 85 68 607 158 68 85 264 117 68 158 68 430 149 68 5 189 68 430 68 158 108 68 158 68 430 199 68 430 199 68 430 64 211 543 194 108 68 5 189 68 430 68 430 68 430 68 158 68 638 211 543 194 108 68 430 199 68 158 68 158 68 158 68 158 68 158 68 158 189 68 158 638 158 68 158 68 158 189 68 5
64 211 108 68 503 339 68 49 68 158 68 517
503 108 68 390 68 569 68 124 68 607 86 189 68 241
261 86 68 43 158 68 246 68 569 68 158 64 389 479 68 343 158 299
79 339
569 68 79 602 194 68 189 68 406 211 68 406 158 189 68 638 68 321 247 68 321 189 68 569 68 85 347 158 213 68 213
321 68 189 68 577 68 97 68 51 86
134 222 85
258 68 36 149 68 607 158 189 68 565
397 68 472 430 68 64 211 430
36 149 68 158 189 68 430 68 379 68 246 68 331
607 50 68 550 501 68 253 68 189 68 189 240 550 158 189 68 266 158 118 68 354 68 346 199
135 68 346 68 617 149 68 430 68 426 86 68 430 68 241 430 213
258 189
97 68 430 68 158 85 189 85 552 68 347 158 68 344 108 68 397
43 158 68 642 211 68 261 359 68 405 189 68 346 211 68 93 532
189 68 430 68 152 13 68 550 430 68 5 189 68 384 211 390
189 68 87 189 68 397 68 430 68 607 158 68 189 611 85
517 194 68 370 68 43 158 68 321 247 85 68 321 247 68 87 189 565
517 266 158 359
79 158 108
321 240 68 245 258 68 5 68 370 68 5 68 331 152 68 607 158 68 158 290 359
290 149
607 170 68 494 68 640
153 108 68 390 68 569 68 438 415 211 68 5 406 334 85 347 158 118 85
607 50 68 550 501 68 607 158 68 197 189 550 570
253 68 19 68 189 550 517 149 68 199 68 43 158 68 93 51 86
577 68 321 240
5 68 189 68 231 240 68 617 149
87 68 81 68 397 68 85 379 68 569 68 213 532
97 68 261 158 68 261 86 85
64 211 258 68 359 194 85 68 640 68 36 85 68 346 68 241
4
321 189 68 241 359
503 189 68 370 68 5 68 81 68 189 241 334 118 68 258 189 565
196
79 158 517 570
59 295 149
258 85 68 331 149 68 517 68 339 68 85 152 68 97 68 607 68 569 68 76 85 359 70 158
97 68 273 68 638 68 149 51 68 189 68 406 149 49 68 133 68 85 379
189 68 81 68 607 158 68 134 359 68 640 68 19 4 85
158 108 68 19 108 68 607 158 68 321 569 85 68 64 550 479 68 54 86 68 54 86 68 430 199
517 85
607 50 68 550 501 68 397 68 330 359 68 607 158 68 517 85
85 433 359
87 149 438
261 86 68 51 570
607 158 68 158 189 149
196 68 158 108 68 569 68 359 51 85 359 70 430 359 68 339 551 68 189 68 359 158 543 389 158 85 68 97 68 569
241 68 158 68 93 435 178
406 334 199
569 68 426 479 68 390 68 253 359
49 68 607 158 68 347 501 68 370 68 397 68 569 68 607 158 68 158 359 16 189 68 642 211
189 68 495 149 68 370 68 531 149 68 170 149 68 170 152 68 266 479 68 397 68 211 240
97 68 494 68 389 501 68 607 158 68 158 213
517 194 68 261 158 543 68 607 158 68 417
607 158 19 163 68 408 86
4 258 390 607 158 359
5 68 617 149 68 5 68 153 108 68 321 247
189 68 651 85 68 19 108 68 607 170 68 426 158 85 68 438 551 68 438 85 299 68 321 247 85
283 68 331 68 640 68 162 68 390 68 607 50 68 370 68 93 389 501
503 189 68 517 194 68 173 68 85 86 19 85 68 241 406 158 118 68 389 339 68 426 86 68 211 543 85
70 189
196 68 5 189 68 246 68 97 68 397 189 334
607 50 68 550 501 68 397 68 531 149 68 189 68 64 435 240 359 68 159 222 68 54 86
43 158 68 252 155 68 261 430 68 405 189 68 261 405 68 611 51 149
359 16 569 108
211 430 359 68 330 68 4 258 85
599 211 543 194
64 211 108 68 599 68 45 68 397 68 346 68 607 155 68 158
126 68 36 149 68 158 108 68 158 334
517 194 359 68 158 517 240 359 68 651 123
64 211 108 68 211 543 68 607 158 68 654 68 19 68 19 85 68 158 189 68 346 194
607 50 68 550 501 68 397 68 261 158 189 68 330 68 5 543 194 178 68 4 189 426 86 85
170 108 68 550 158 543 108
85 241 430 108
258 155 211 390
197 86 189 68 339 68 569 68 236 4
189 68 607 50
503 108 68 390 68 569 68 4 85 359
283 68 189 550 570 13 68 97 68 51 86 68 51 86
43 158 68 189 68 577 68 607 158 68 517 85 68 87 478
207 108
514 240 68 136 158 213 68 359 74
36 149 68 517 359 68 4 189 68 158 189 211 471 211 68 283 551 68 4 189 565
79 155 108
532 152 68 158 189 68 657 240 68 359
192 211
390 68 354 68 430 68 426 155 68 85 447 158 85
36 149 68 211 5 68 397 68 517 68 517 85 266 50 68 390 68 607 68 569 68 158 321 189
133 68 640 68 240 532 517 189
283 68 569 68 5 68 339 68 397
503 339
321 85 68 261 158
607 50 68 550 501 68 397 68 85 79 359 68 362 68 241 430 118
158 258 343 86
43 158 68 189 68 550 501 68 158 68 447 158 108 68 153 189 108
64 211 108 68 636 68 158 68 607 68 158 517 189 68 245 85 359 68 59 290 85 359
43 158 68 236 149 68 247 68 417 334 68 569 68 5 189 68 261 158
135 68 531 158 85 68 617 149 68 607 158 68 51 86 68 321 189
261 86 68 5 68 189 68 350 85 68 54 654
97 68 253 68 158 189 149 540 149 68 4 258 68 153 108
5 108 68 158 68 640 68 158 152 550 449 85 68 158 108 68 189 149 68 153 189 108
189 68 211 5 68 607 158 68 237 4 68 607 158 68 389 85 359 68 640 68 517 359
86 163 68 617 68 36 211 607 68 642 68 253 551 68 503 189 68 182
607 50 68 550 501 68 397 68 258 189 68 651 123 68 331 299 85 347 158 118 68 211 68 155
189 68 607 50 68 81 68 158 543 68 64 225 68 189 68 79 158 189 68 4 85 222 149
599 389 241 68 149 550 158 543 108
503 189
607 309 68 611 68 397 68 59 479 68 343 543 211 222 299
97 68 430 68 158 247 68 321 247 68 503 189 643 85
87 359 68 569 68 517 68 344 4 359 68 87 334 543 68 397 68 330 213 68 153 108
607 50 68 550 501 68 397 68 321 290 68 607 158 68 321 189 68 430 108 68 115 479 68 85 299 149
246 266 158 359 68 36 149 68 59 430 19
87 68 81 68 507 472 85
36 108
5 339
43 593 163 68 425 189 68 70 158 68 397 68 266 158 68 405 68 158 155
189 68 607 50 68 577 68 569 68 59 339 68 43 339
135 68 258 68 36 149 68 261 158
266 50
136 158 4 85 222 85
197 86 68 189 68 85 136 430 4 189 108
135 68 211 543 68 607 158 68 158 74
134 415
261 86 68 51 570 68 81 68 593 163 68 365 430 199 68 430 199
197 86 68 607 158 68 331 149 68 343 158 199 85 347 158 118 68 517 85
517 266 158 359
189 68 211 86 68 430 68 331 149 68 370 68 5 189 68 426 339
347 501 68 189
97 68 253 68 170
196 68 611 51 86 108 68 370 68 36 149 68 87 359
85 447 430
87 359 68 295 149 68 331 68 331 68 347 158 240
447 158 543 68 330 258 85 68 532
611 85 359
501 85 517 82 68 397 68 5 135 550 430 68 64 211 74
133 149
19 108 68 430 68 607 158 189 68 501 85 347 158 118 68 640 68 334 543 68 158 247 85 347 501 85 68 359 68 359
394 68 321 247 108
517 85 152 389 68 158 517 85 299 149
321 68 569 68 64 550 158 189
5 108 68 115 158 64
85 347 158
36 149 108 68 599
197 158 321 189
261 86 68 5 68 607 158 68 354 68 651
607 50 68 550 501 68 397 68 501 85 517 194 68 36 211 607 68 170 68 397 68 370 68 5 68 638 68 19 85
607 86 68 550 501 68 607 158 68 158 189 149 517 85
321 247 108
261 86 68 51 570
343 543 51 247
503 108
134 222 85
197 569 68 389 158 152 68 607 158 68 430 299 19 68 394 149
70 339
5 68 295 149 68 607 158 543 68 152 550 158 189 570 211
19 108 68 638 68 550 569 68 189 68 517 194
76 570 331 68 642 211
503 189 68 390 68 569 68 59 149 68 565 68 45 206 68 211 543
153 108 68 97 68 390
149 550 158 405
211 359
607 309 68 611 68 241 68 158 108 68 93 532 149
397 68 261 86
59 199 149 550 158 108 68 158 135
514 189
517 194 68 97 68 651 123 68 290 68 288
359 449 241
321 68 36 149 68 607 158 68 629 68 629 85 222
569 68 76 406 158 68 390 68 155 68 59 339
64 211 108 68 607 50 68 19 85 68 36 149 68 406 334 199 85 359 68 531 158 149 68 531 299 68 430
201 258 68 430 299 570 550 339 68 607 158 68 280
503 339
43 593 163 68 153 359 68 97 68 19 570 389 339
97 68 640 68 5 189 68
158 108 68 19 108 68 501 85 4 189 211 189 211 245 406 158 118
212 158 635 149 68 261 149
19 85 359
569 68 347 501 438 359 68 158 108 68 197 86 68 607 50
425 499 211
503 189
152 51 86
59 517 499 189
389 378 85 359 258 390 85 359
389 199
196 68 5 68 36 149 68 81 68 241 68 390 108 258 85 359
397 5
4
79 158 108 68 642 68 64 211 438 359
390 611 51 86 299
135 68 517 68 43 158 68 417
389 339 68 531 501 85
189 68 81 68 430 68 65 158 517 415 211
170
503 189 68 390 68 36 85 68 64 435 240 359 68 211 543
87 449 68 189 68 36 86
330 5 189 68 531 85 415 68 540
86 163 68 617 68 607 158 68 405 68 266 479
339 299 347 158 189
346 211 115 479 68 19 79 158 438
19 108 68 390 68 51 572 68 640 68 642 158 68 607 68 569 68 417
503 158 108 68 607 86 68 331 149 68 430 290 68 36 85 68 43 86 607 86 607
149 85 359 68 640
204 501 68 331 149 68 189 68 4 64 211 517 359 68 97
76 85 359
189 79 158 568
253 189 68 158 68 136 479
241 359
153 68 246 68 607 158 359 68 569 68 5 68 5 189 359
136 501
87 359 68 295 85 68 59 295 247 183 158 118 68 149 550 158 543 108
5 68 295 149 68 81 68 642 68 182 108 68 607 158
158 108 347 158 79 158 406 155 211 390 290 211 607 204
517 415 211 68 149 258
459 240
64 211 258 68 430 152 68 405 261 86 68 569 68 426 339 68 93 389 189
158 240 222 108 68 607 158 68 501
87 68 93 51 487 68 339 68 158 570 389 339 68 607 68 569 68 343 543 550 339
36 149 68 211 68 397 68 565 68 651 123
213 51 68 43 158 68 253 68 638 68 261 158 108
5 334 635 189
76 290 299
158 74
97 430 68 64 51 570 51 570
503 108
189 68 87 189 68 397 68 253 68 503 339
5 68 189 68 246 68 36 288
503 108 68 158 108 68 36 149 68 54 349 68 397 68 133 82
479 611 152
196 68 261 290 211 290 194 68 189 68 273 68 170 108
196 68 5 68 331 149 68 426 158 85 68 569 68 550 158 68 640 68 569 68 64 211 565
133 85 299
59 517 499 189
87 359
19 108 68 430 68 607 158 68 447 158 108
607 50 68 550 501 68 397 68 5 68 607 158 68 170 19 85
472 68 189 426 487
495 68 390 68 569 68 19 85
607 170 68 531 501 68 201 85 152 68 97
158 258 343 86
390 68 19 108 68 426 158 569 68 170 199
569 68 5 155 68 390 68 43 158 64 211 359
406 211 68 569 68 170 643
158 471 389 68 611 299 19 85
136 158 152 68 607 50
201 258 68 87 189 68 241 68 158 108 68 346
531 85 152 68 54 86
79 479 68 430
5 68 331 149 68 258 68 36 149 68 607 68 550 430 68 241
189 68 87 108 68 607 158 68 406 158 149 68 115 158 85
503 189 68 517 68 189 68 76 501 68 97 68 19 240
503 108 68 517 189 68 189 68 149 68 430 68 240 211 85
189 68 261 86 68 607 479 68 406 158 245 359 68 321 189 68 569 68 87 449
261 4 85 68 134 415 532 68 397 68 36 149
170 163
189 68 651 68 197 86
261 86 68 19 149 68 390 68 607 158 68 207 68 346
607 158 68 16 158 299 68 640 68 45 108 68 153 108
189 68 87 189 68 19 213 108 438 68 245 178
211 158 48 68 149 87 449 68 430 299 180 282
64 211 108 68 583 68 97 68 197 85 359
197 158 189 68 390 68 390 68 189 347 570 389 158 68 607 68 334 222
97 68 405 189 68 266 158 189 149 68 397 68 5 430
97 68 390 68 241 68 85 359 68 640 68 19 68 283 68 531 155 194 550
406 472 85
550 415
231 240
5 290 241 359
59 149 19 199 68 517 19 149
565 149
43 158 68 417 68 19 85 359 68 638 68 43 158 68 19 415
64 211 108 68 397 68 607 158 68 431 149 68 43 158 68 152 550 158 68 253 68 349 68 430 68 354
430 241 85 379 85 359
194 405 199 108
51 86 68 204 152 68 593 149
135 68 640 149 68 370 68 19 85 68 101 86 68 397 68 334 258
651 123 108 68 569 85 68 390 68 136 240
97 68 430 68 16 339 68 4 85 359
273 68 97 68 189 211 85 565 623
43 158 68 19 85 68 97 68 426 86 220 194
189 550 487 108
189 68 212 339 68 97 68 344 108
390 68 19 108 68 607 158 68 211 4 85 359 68 133 68 430 397 68 211 189 85
607 158 152 68 347 158
642 149 68 85 379
97 68 5 565 359 68 76 359 68 266 158 68 266 50
194 543
153 68 273 68 430 299 266 158 68 283 68 607 158 68 36 211 240
651 123 68 569 68 507 155 68 218 68 133 607 170
64 211 108 68 548 68 36 149 68 417 68 149 68 149 550 86 108 68 552 359
201 258 68 54 86 68 397 68 531 149 68 253 68 241 68 5 68 617 149 68 196 68 152 51 570 389 339
231 51 86
651 123 68 607 158 68 85 290 359 68 241 68 331 149
43 86 163 68 550 501 68 158 68 59 67 343 247 68 241 68 19 108 68 19 68 5 258 85 68 430 299 68 389 339 68 378 553
657
5 68 321 240
54 86 68 359 16 569 108
36 149 68 197 86 68 59 551 68 389 85 359 68 266 68 347 68 189 68 569 68 158 321 569
607 170 68 81
517 194 68 331 149 68 79 430 68 97 68 607 158 68 149 68 70 158 108
79 170 108
5 189 68 531 149 643
36 149 68 607 50 68 211 68 397 68 192 68 135 149 68 569 68 5 343 85 222 85 359
253 68 569 68 4 563 158 222 68 189 550 406 149 68 569 68 253 359
36 149 68 397
189 68 651 68 569 68 390 68 389 501 68 331
42 247
657 68 196 68 390 68 97
5 68 593 89 158 543 68 607 158 68 79 339 68 170 449 68 334 222 68 657 359
5 68 295 149 68 607 158 68 607 158 68 550 517 211
261 86 68 390 68 36 85 68 231 85
607 50 68 640 68 321 85
86 163 68 617 68 405 240 68 405 240 68 640 68 79 487
155 68 59 339 68 70 189 68 415 211 68 36 149
87 108 68 54 86 189 68 397 68 636 68 36 149 68 607 158 68 133 68 397
503 339 68 607 158 68 189 149 347 149 68 64 211 565
290
330 359
97 68 19 85 68 85 189 68 86 163
531 199 85 347 158 349
397 68 607 68 406 158 199 258 68 64 211 258
87 68 126 68 158 108 68 183 158 543 68 339 68 4
4 258 295 149
503 189 68 87 543 68 5 517
97 68 550 501 68 222 266 158 359 68 19 108 68 5 189 68 638
197 346 211 85 68 59 290 68 59 70 158 247 572
165 68 87 68 51 331 68 430 68 97 68 189 68 397 415
651 123 68 197 86 607 170 359 68 19 85 68 85 68 85
126 68 152 51 86
4 85 346
51 570 68 87 237
76 85
397 68 397 68 197 85 359
5 189 68 611 86 68 261 158 68 550 430 359 68 550 339
236 4 607 158 68 389 158 209 85
569 68 531 158 299 211 68 201 258 85 258 247 334 359 68 158 108 438 415 68 569 68 246 68 347 158 118
347 501 68 321 189 68 19 108 68 347 158 258 68 607 158 68 5
283 68 85 347 158 189 68 430 68 241 68 211 170 152 68 36 85
503 158 108 68 158 108 68 569 68 517 85 118
531 430 68 517 85 359 4 240 222 241
405 108 4 178 359
196 68 158 108 68 36 85 68 197 346 211 85 68 189 4 189 85
36 149 108 68 397 68 430 68 471 211 68 607 158 68 237 149 68 370 68 5 68 397 68 531 211 68 405 241 68 136 479
85 79 430 68 607 158
607 359 258 85 359 189 570 389 158 199
196 68 390 68 36 85 68 438 149 68 640 68 569 68 5
517 194 68 370 68 599 68 87 68 503 108 68 569 68 207 68 241 299 68 115 479 68 339
266 158 194 68 79 158 189 570
64 211 108 68 397 68 607 158 68 331 149 68 5 68 152 550 158 68 550 158 189 68 349 68 5
503 108 68 390 68 569 68 266 158 359 70 158
136 501
321 68 19 68 564 68 87 449 68 370 68 87 108 68 550 339
426 158 4
189 68 321 247 68 97 68 550 430 359 68 359 435 339
607 50 68 550 501 68 397 68 531 158 149 68 253 68 430 222 4
343 158 68 370 149
283 68 347 158
196 68 5 68 617 149 68 136 158 152 68 397 68 5 189 68 339 68 569 68 321 64 389 158 359
347 85 359
321 211 68 87 152 68 642 68 642 149 5 85 347 158 240
231 51 86 68 189 68 550 501 68 397 68 197 86 68 397 68 334 258
201 258 68 607 68 527 68 76 85 359 68 334 85
389 501 68 490 359
261 86 68 253 68 97 68 19 85 359
266 158 68 611 189 211 85 347 158 299
189 68 81 68 607 158 68 64 442 68 347 158 85
79 339 551
503 108
189 68 19 68 79 359 438 359 68 5 68 170 415 68 211 149 68 550 339 68 189 570 568 85 474
503 108
5 68 617 149 68 211 189 68 19 85 68 611 118
438 415 211 68 5 346 211 85 68 241 68 5 108
201 258 68 4 349 359
189 68 81 68 607 158 68 389 565 68 531 149 68 189 68 607 50 68 5 343 543
97 68 343 543 68 531 299 68 19 85 68 189 68 97 68 494
162 68 640
389 199 68 218
49 68 158 68 405 149 68 331 149
76 478
197 85
266 479
517 194 68 59 5
189 68 261 158 68 607 158 68 577 68 347 158
430 359 68 136 501 68 607 158 68 389 339 68 321 240 68 569 68 472 68 430 68 189 68 339 68 426 86
155 389 85 359 51 438
196 68 36 211 607 68 640 68 408 158 430 68 5 68 370 68 607 158 543 68 569 68 430 611 189
196 68 430 222 189
501 189 451 359
517 194 68 517
5 258 118 68 607 158 108
261 86 68 19 149 68 607 487 68 97 68 438 359 68 189 68 155 49
76 240 415 68 64 51 85
347 501
261 86 68 43 158 68 246 68 97 68 607 158 68 389 339
201 258 68 197 108 68 201 258 68 607 158 68 389 339 68 149 552 85 68 59 339 68 51 86
527 68 153 68 153 108 68 331 149 68 607 158 108
189 68 651 68 295 149 68 135 149 68 607 50
261 86 68 135
261 86 68 5 68 527 68 117 68 354
19 359 68 87 449
97 68 136 158 152 68 266 158 359 68 397 68 79 149 68 158 543 149 68 405 68 517 85
607 170 359
397 68 472 430 68 64 211 430
64 211 108 68 85 135 68 19 68 36 85 68 43 569 321 27
503 108
194 543
330
189 68 321 247 68 5 189 152
196 68 19 85 68 390 68 189 211 406 237 213
321 68 201 258 68 197 108
158 517 189 43 359 68 59 290 85 359
189 68 261 86 68 4 346 68 93 68 152 68 51 570
189 68 87 189 68 397 68 85 152 68 651 123 68 4 68 640 68 550 339
201 258 68 197 108 68 531 149 68 189 68 607 50 68 261 405 68 158 189 152
261 86 68 158 108 68 36 149 68 607 170
548 68 97 68 359
97 68 390 68 349 85 68 86 85 568
459 240
43 158 68 189 68 194 543 68 397 68 607 158 68 170 51 86 68 258
5 68 295 149 68 607 158 68 237 558 68 85 4 343 158 199
321 189 68 87 449
189 68 87 189 68 331 149 68 397 68 211 295 68 651 123 68 330 68 394 68 430 299 569
97 68 405 189 68 54 86 68 397 68 211 199 68 397 68 36 149 68 397
607 50 68 550 501 68 397 68 211 543 68 354 68 79 155 68 64 211
201 258 68 79 158 108 68 430 68 135
45 27
607 158 68 197 85 68 397 68 583 68 237 19 149 68 87 189 570 389 339
343 543
136 309
189 68 204 222 68 370 68 640 68 64 51 86
390 68 158 240 51 266 50 68 153 108
189 68 253 68 593 149 68 569 68 490 68 343 543 85 299 68 354 68 19 85 68 330
189 68 550 501 68 158 108 68 406 334 85
607 50 68 550 501 68 397 68 258 189 68 651 123 68 501 85 24 270 68 330 68 330 68 330
45 27
261 86 68 43 158 68 246 68 569 68 642 158 108
517 194 68 331 149 68 426 158 108
283 68 607 158 108
397 68 213 211 189
258 68 36 149 68 197 189
346
503 108 68 607 86 68 189 68 231 68 607
517 194 346 211
389 189
258 247
397 68 569 68 218 68 280 68 64 211 108 68 64 550 430 68 43 158 68 89 487 68 97
321 68 189 68 394 68 189 209
258 389 339
51 68 97 68 189 565 359 68 611 222 68 607 158 189 68 158 152 68 5 189 68 321 569 68 204 438 359
222 343 339
82 152 68 617 149 68 135 68 54 86 68 76 85 359 68 70 189
204 339
345 334
158 240 222 108 68 607 158 68 607 415
266 158 85 390
514 240 359
261 158 194 258 68 19 68 261 86 68 321 247 108 68 343 543 85 222 204 222
261 158 136 170
607 158 68 607 158 68 321 4 68 170 108
189 642
261 86 68 5 68 189 68 64 389 158 85
607 158 68 344 108 68 321 247 68 266 158 118 194
36 149 68 517 189 68 280 68 607 158 68 54 86 68 321 189 68 19 68 359 564 222 68 638
607 50 68 550 501 68 397 68 59 302 68 334 149 68 5 415
43 85 258 390
136 158 152 68 76 85 438 359
397 415 211 189 406 189
149 43 569
189 68 81 68 258 543 85 68 611 643 222 189
36 149 108 68 397 68 36 211 607
330 359
283 68 158 108 68 569 68 252 158 405 241
389 349 531 430
261 86 68 43 158 68 246 68 569 68 4 85
86 163 68 617 68 397 68 197 86 68 258 108 68 211 240 194 515 359
390 68 97 68 607 158 68 115 479 68 5 68 397 68 5
503 108
153 68 51 570 68 347 158 68 607 68 51 68 472
19 85 68 607 68 607 158 68 4 68 5 108 68 64 211 74
137 309
197 247 572
405 108 68 170 68 607 158 189 68 158 194 68 564
153 68 5 68 81 68 236 68 59 295 430 68 569 68 237 359 68 607 50 68 19 85 68 19 68 158 108
261 86 68 43 158 68 370 68 36 149 68 261 158 543
97 68 211 543 68 638 68 569 68 354 68 64 211 108
607 50 68 550 501 68 397 68 5 68 607 158 68 4 189 211 189 222 68 170 569 68 349 258
569 68 247 85 68 390 68 397 68 531 158 149
43 158 189
201 258 68 64 389 339 68 397 68 54 86 68 397 68 211 108 68 36 85 68 569 68 321 563 158 118
196 68 550 158 543 149
87 449
406 334 199 68 397 68 19
330 258 189 211 213
494 68 389 501 68 36 149 68 87 108 68 196 68 390 68 4 359
207
5 68 569 68 490
406 5 163 68 517 85
611 158 68 607
258 85 68 64 550 479 68 64 550 158 189
97 68 258 390 68 389 501 68 343 543 85 82 68 54 654 68 170 108 68 170 68 569 68 253 68 430 237 552
189 68 86 149 68 550 501 68 397 68 321 85 68 51 86
607 86 68 550 501 68 397 68 517 430 68 651 123
189 68 211 5 68 81 68 569 68 211 199 68 640 68 569 68 197 86 349 85 359
43 593 68 331 149 68 370 68 569 68 390 478
330 68 4 108 68 4 565
517 426 158
88
569 68 222 68 136 85 359 532 68 569 68 199 68 158 108 569
283 68 5 68 370 68 607 50 68 182 108 68 170 152
43 158 189
51 570 68 347 158 68 51 86 68 258
43 86 163 68 81 68 5 108 68 136 126
503 189 68 126 68 370 68 405 68 390 68 607 479 85
321 531 158 118
79 309 108
261 86 68 43 158 68 246 68 569 68 501 241 487 359
36 85 68 36 211 607 68 390 68 531 334 85 68 54 86
503 339 551
503 108
569 68 158 339 68 390 68 149 532 85 611 152
43 158 68 607 68 577 68 569 68 246 334 543 258 85 68 149 550 158 543 108
88
86 163 68 617 149 68 426 158 68 5 108
517 415 149
5 211 123
36 85 68 45 108 68 390 68 197 68 397 68 85 433 359
261 86 68 607 68 201 68 54 86 189 68 570 211 68 19 68 472 68 87 449
406 472 189 643 359
548 68 321 189 68 36 85 68 258 339 68 232 359
196 68 5 68 607 158 85 406 430 68 149 550 158 155 68 19 489 68 339
97 68 390 68 569 68 321 27 68 189 85 347 158 85 359 68 189 85 65 189
5 343 543 389 430
43 339 68 321 240
85 152
5 68 593 89 158 68 397 68 54 86 68 241 85 68 447 158
430 359 68 196 68 189 68 503 189 211
189 68 211 5 68 136 501 68 607 158 68 241 85 347 85 359 68 241 65
642 158 68 258 85 68 343 543 68 261 86 68 158 334 68 189 68 231 240
51 86 68 87 108 68 192 68 85 68 430 222 240 211
503 108
261 158 189 406 158 240
607 158 266 149 68 19 108 68 5 390
611 158 68 607 68 550 501 68 36 85 258 108
204 68 370
321 189 68 471 389 237
593 89 68 494 68
607 359 211 85 347 158 118 68 5 247 334 543 68 389 158 438
36 149 68 430 359 68 330 68 19 85 629 68 158 108 68 211 570 97
76 517 551
258 474 68 607 68 642 68 85
550 339
607 158 569 438 359
607 158 68 197 85 152 68 397 68 153 108 68 19 85
490
201 158 199 570 347 158 118
201 258 68 197 86 68 640 68 36 149
569 68 241 359 68 640 68 507 449 68 218
397 68 638 68 494
321 68 189 68 611 51 86 149 68 339 68 158 152 550 158 334 108
479
569 68 550 158 543 85 68 390 68 59 158 359 68 531 149 68 189 68 354 68 36 149 68 397 68 577 68 241 68 569 68 64 211 85 379 85
651 123
201 258 68 430 299 570 550 339 68 607 158 68 280
212 85 68 237
5 68 189 68 197 86
517 194 68 331 430 149 68 158 108 68 339 68 170 299 68 5 155 458 85
503 189 68 370 68 36 149 68 607 50 68 97 68 405 152
246 266 158 359 68 607 158 68 49 551 68 640 68 258 64 550 86 199 149 68 43 86 299
347 501
5 68 295 149 68 569 68 569 68 211 430
189 68 5 189 68 158 189 68 397 68 5 68 331 149 68 36 85
261 158 503 86 85 152
85 192 211
527 68 153 68 346 211 68 550 487 359 68 211 474 68 149
85 79 487 149 68 158 108 68 321 189 68 426 155
189 68 261 158 68 517 85 68 158 517 85 245 359
607 68 550 501 68 607 158 68 430 241 68 76 85 359 68 76 430 199
390 68 651 123 68 607 158 405 68 189 213
64 211 108 68 330 258 68 36 85 68 153 189 68 640 68 36 149 68 607 158 543 68 19 390
79 602 194 108
261 86 68 43 158 68 246 68 569 68 158 5 258 189 565 68 4
54 86 68 115 158 359 68 607 158 68 261 158 5
201 258 68 197 108 68 19 68 189 68 406 149 68 611 51 86 299 68 158 108 68 36 85 68 406 155
153 68 170 359 68 19 68 87 449 68 607 158 68 503 155 68 607 158 118
159
189
197 86 108 258 390
5 68 36 149 68 36 211 68 607 68 331 149 68 43 158 68 258 68 339 68 149 68 640 68 283
36 149 68 211 68 607 158 68 459 240 68 607 158 68 430 290 85 189 68 76 85 68 397 68 19 85
70 189 68 599 68 158
494 68 5 189 346 149
201 258 68 607 158 68 321 27 347 158 390 68 4 189 85 438
355 517
503 189 68 390 68 569 68 189 389 85 359 503 158 543
36 85 68 559 225 68 390 68 158 290 359 68 607 158 68 211 108 68 642 149
611 86 163 406 189
607 479 68 155 68 321 543 108
611 152 68 64 211 390
43 158 68 189 68 550 501 68 158 68 447 158 108 68 153 189 108
261 86 68 273 68 569 68 540 359
266 479
64 211 108 68 231 240 68 607 158
517 194 68 331 149
64 550 158 85 68 45 27
550 86 149
5 343 543 108
158 550 569 108 68 642 149 51 86 569
19 108 68 430 68 607 158 68 261 68 607 68 158 68 197 517 68 607 158 68 370 68 5 68 339 68 339 68 241 68 5
124 359 68 607 158 189 149 68 241
87 85
87 68 197 86 68 76 501 68 640 68 149 68 189 149 417 334 543 68 405 241 68 87 543
170
133 85 68 570 108 68 321 27
159 85 68 569 68 5
261 405 390
68 334 85 347 158 189
636 68 158 68 241 85 359 68 5 471 550 430 108 68 640 68 514 74
405 68 70 158 359
503 158 108 68 43 158 68 45 48
5 68 295 149 68 299 149 68 607 158 68 51 85 359 68 241 68 19 68 378 553
642 158 211 607 50 68 245 258 390
19 108 68 347 158 258
564 68 447 158 543 68 330 85 430 68 532
503 108 68 390 68 569 68 611 149 347 85 359
607 158 68 54 68 54 86 68 397 68 136 158 152 68 158 570 568 68 611 258 85 334 117 359 68 430 299 68 189 68 430 299 180 282 568 68 97 68 430 299 180 282 568 68 430 299 180 282 568 68 246 68 430 359
149 51 68 347 299
241 85 222 85 359 68 241 65
517 334 258 390
51 346 68 346
153 108 68 430 68 189 68 654 189 68 430 199 68 607 50 68 389 339 551
321 290
158 85 135 68 192 68 640 68 5 334
5 108
19 85 68 149
59 479 406 158 543 68 85 136 158 299
607 68 569 68 517 85
651 123 68 494 68 532 93 211 438 149
231 51 86 68 196 68 517 68 189 68 5 68 241 68 36 149 68 397
258 4 85
321 189
5 68 295 149 68 81 68 430 64 225 68 241 85 68 540
87 359 68 569 68 517 149 68 640 68 569 68 4 85
430 299 48
5 359 68 640 68 390 68 54 654 68 397 68 405 68 85 638 68 569 68 85 79 359
405 458
201 258 68 197 108 68 97 68 390 68 51 359 68 330 123 359 68 330 359
446 222 240
5 334 371 158
550 339 551
64 211 108 68 359
76 85 359 68 640 68 394
347 158
19 108 68 5 430
321 290 68 36 149 68 5 415 68 503 50
85 192 211
192 51 86 68 607 158
158 108 68 36 149 68 330 155 68 70 158 299 570 108 68 36 149 68 36 85 68 36 189 68 158 108 68 339
201 258 68 607 158 68 290 85 68 640 68 187 68 170 487
43 158 68 252 158 189 68 158 194 68 577 68 394 68 240 550 158 543 149 68 189 68 569 68 5 189 68 158 189
283 68 347 158
321 68 204 152 68 36 149
196 68 153 68 494 68 389 501
283 68 5 68 617 149 68 5 108 68 607
607 158 68 531 85 149 68 189 68 158 334 68 222 415
321 189 68 5 108 68 485 479 68 64 211 390
196
97 68 430 68 134 85 299 449 68 4 85 359
378 553
86 163 68 617 68 397 68 211 543 68 211 543 68 158 543 74
607 569 108 68 189 540 258
607 158 68 51 359 68 189 359 258 85 472 68 607 68 189 68 197 85 359
5 68 295 149 68 607 158 543 68 158 36 85
246 204 222 68 517 258 290
607 158 68 197 108 68 87 68 503 158 68 189 211 85 149 68 211 158 359
527 68 36 149 68 517
607 158 68 607 158 68 258 189 85 68 607 68 611 514 199
204 68 36 149 68 36 149 68 583 68 569 68 43 158 189
503 339
261 86 68 43 158 68 370 68 331 149 68 350 68 640 68 343 543 211 70 158
611 86 149 68 87 68 81 68 253 68 5 108 68 405 163 68 64 211 390
85 379
330 119 211 85 68 64 211 74
390 68 651 123 68 347 158 118 68 241 68 36 85 68 211 607 85 68 211 543 194 514 543
36 149 108 68 607 155 68 552 359
261 158 543 68 347 158
