189 68 19 108 68 5 211 295
347 158
503 158 108 68 517 189 68 189 68 266 158 68 241 85 550 158 199
158 85 607 158 68 430 68 158 108 68 149 550 158 405
87 359 68 158 108 68 569 68 397 415 149 201 258 85 359 68 158 108 68 189 68 507 258 68 97 68 331 487 359
330 64 211
261 158 635 108 258 85
290 334
222 476 68 321 189 68 569 68 347 158 118 68 607 158 85
607 158 240
503 158 108 68 158 108 68 569 68 517 85 607 158 48 359
192 149
64 211
611 152 68 593 89 487 68 158 68 36 85 68 347 501
76 85 359 68 5 211 85
201 258 517 258 108 68 397 68 5 68 569
64 211 390 68 231 240 68 158
59 430 222 149 194 359
607 68 189 68 426 569 108
197 86 152
607 68 36 149 68 261 158 543 68 430 108 68 43 158 68 211 607 155
70 158 108
527 68 405 68 531 149 517 68 569 68 201 449
196 68 347 158 118 68 253 68 569 68 76 85 359 68 405 68 211 240 68 241 68 36 85 68 170 108
642 149 68 359
136 430 359 68 97
36 85
201 240 68 36 149 68 211 543 68 36 108 68 550 158 68 135 68 599 68 397 68 43 158 68 389 339 68 93 51 86 108 68 550 158 108 68 617 149 68 93 550 158 149 68 617 149 68 617 149 68 617 149 68 36 149 68 93 51 86 149 68 617 149 68 93 51 86 149 68 640 68 93 51 86 149 68 36 68 617 149 68 617 149 68 640 68 640 68 182 149 68 593 163 68 93 435 85 68
347 158
261 86 68 295 108 68 4 563 158 85
64 211 390 68 389 430 299 68 397 68 569 68 16 158 149
36 108 68 330 570 389 339 68 640 68 438 108
503 189 68 607 50 68 36 149 68 189 290 85 222 4 189 68 430 68 258 189 643
153 68 447 158 543 68 4 108 68 638 68 135
531 85 68 261 158 85 350 68 189 68 197 86 68 54 86 68 189 68 54 86 199
189 68 607 50 68 577 68 97 68 97
97 68 405 189 68 54 86 68 397 68 347 158 178 68 397 68 36 149
196 68 607 68 5 108 68 517 430 68 19 93 211 149
189 68 550 501 68 397 68 158 152 68 607 158 68 79 158 189 241 68 397 68 43 158 68 349 85 68 430 68 43 158 68 397 68 43 158 68 593 89 158 68 299 68 36 211 68 299 68 149 68 569 68 36 211 607 50 68 5 189 68 158 68 349 531 158 68 158 68 607 158 68 189 68 51 86 163 68 5
611 74 108 222 149 68 397 189 68 197 86 108 68 36 85 68 54 86 68 397 68 405 68 19 68 640 68 19 85
517 68 36 149 68 79 359 68 189 68 158 359 68 607 158 68 331 108
87 359 68 426 339
527 68 607 158 68 201 258 299 389 158 359
49 68 430 68 5 68 97 68 501 85 359 68 347 158 68 70 189
240
552 85
651 85
49 68 5 68 222 149 68 36 149 68 569 68 158 189 68 158 108 68 321 189 68 642 211
258 68 390 68 390
36 211 389 85 623
189 68 261 158 543 68 430 397 68 517 415
196 68 607 50 68 36 149 68 339 68 397 68 258 189 68 158 189 68 19 68 241 430 397 68 569
201 258 68 86 68 397 68 153 108 68 19 85
394 51 86 415 68 446 68 642 158
538 430 68 36 108 68 158 108 68 430
426 266 158 359 68 607 158 68 459 543
189 68 550 501 68 397 68 158 152 68 607 158 68 290 85 397 290 85 68 241 68 517 68 397 68 550 501 68 339
43 158 68 607 68 607 158 68 36 211 108 258 149 68 430 68 19 68 321 247
212 85
115 158 222
86 163 68 16 158 149 68 5 68 36 149 68 153 189 68 261 85 68 246 68 517 85
564 68 607 158
543 458
158 4 85 222
346
86 163 68 550 501 68 405 240 68 189 68 321 27
135 68 339 68 158 449 68 331 551
36 108 68 397 68 347 501 68 189
222 476 68 550 158 108 68 158 108 68 607 158 68 170 299 68 617 149 68 36 85
503 85
135 68 261 158 543 68 158 449 68 331 199 68 36 108 68 261 149 68 261 158 247
158 68 365 430 199 68 247 85 68 246 68 70 158 68 321 189 68 153 189
426 158 189 570 211 68 192
355 68 49 68 5 68 85 334 108
189 68 5 189 68 258
135 68 258 149 68 36 149
201 258 607 158 68 349 68 5
43 158 68 607 68 607
201 240 299 406 158
4 85
406 155 194
527
196 68 501 85 4 189 211 68 607 50 68 593 89 158 247
19 85 68 170 68 607 158 68 4 68 5 108 68 64 211 390
79 426 569
503 189 68 390 68 569 68 389 85 359
503 158 108 68 390 68 569 68 426 86 85 68 426 339
397 68 45 415
212 158 635 189 68 89 487
417
201 258 68 86 68 617 149 68 550 501
189 68 490 68 266 158 68 93 225 68 283 68 397 68 334
261 86 68 158 108 68 36 149 68 607 170 199
231 51 86 68 196 68 517 68 189 68 640 68 36 85 68 397 68 607 50
201 258 68 577 68 321 240 68 640 68 153 108
196 68 158 108 68 569 68 490 68 258 85 68 19 85 68 158 70 430 68 607 158 85
406 155 194
189 68 87 359 68 397 68 211 85 68 19 68 447 158 68 246 204 194 149
531 199 359 389 158 189
19 331 68 36 149 68 241 108 68 36 85 68 346
283 68 64 550 86 108
201 258 136 158 68 321 240
97 68 494 68 550 501 68 607 158 68 211 570
642 211
196 68 64 51 108 68 158 108 68 36 149 68 54 86 68 397
51 359 68 607 158 68 241 149
607 158 68 5
321 189
59 67 343 247 189 68 201 240 51 4 347 158 118
321 27 68 569 68 258 290 68 389 158 359 68 201 258 68 246 68 334 108 68 201 258 108
189 68 211 68 397 68 517 194 68 93 211 68 64 389 339
261 426 339 211 85
189 68 550 501 68 36 149
261 158 189 68 149
189 68 517 359 68 258 189 68 158 550 430
19 108 68 390 68 51 487 359 68 640 68 642 158 189 68 607 569 68 405 237
64 211 390 68 197 86 68 153 108
59 67 68 642 211
321 247
611 74 551 222 149 68 36 211 390 108 68 36 108
43 158
189 16 569
5 415
19 331 68 36 149 68 189 68 158 240 85 517 85 359 68 189
503 108 68 158 108 68 36 149 68 54 86 189 68 397 68 4 64 68 640 68 85 517
36 108 68 197 86 68 36 189 68 607
607 68 36 149 68 261 158 543 68 430 64 211 108 68 241 359 68 347 189
19 85 152 68 36 149 68 241 85 347 158 178 68 517 68 640 68 43 158 68 173
503 108 68 430 68 43 158 68 258 551
241 334
5 258 68 651 123 68 397 68 405 108 68 93 211 189
59 67
36 149 68 389 85 68 638 68 189 570 211 68 158 108 68 36 85 68 607 68 5 68 405 68 569 68 640 68 19 108
59 67 343 247 343 189
59 430 551
607 68 36 149 68 258 68 36 108 68 607 158 68 124 68 241 359
611 86 163 68 321 247 68 19 85 68 339 551
569 68 189 550 487 68 640 68 152 550 487 551 68 135 68 158 108 68 430 68 550 85
321 149 68 640 68 5 189
503 189 68 607 158 68 87 108 68 607 50 68 87 68 158 299
196 68 331 68 640 68 43 158 68 211 507 68 593 89 123
189
189 68 261 158 68 54 86 108 68 339 68 347 158
651 123 68 494 68 390 68 189 611 438 149
607 258 68 245 258 68 197 86 68 577 68 158 189 68 170 334 68 569 68 397 68 569 68 517 85
517 85
406 85 359
261 86 68 607 50 68 390 68 153
19 85 68 5 225
640 68 438 108 68 430 149 68 246 68 153 108
149 550 158
158 570 225 359
192 68 651 123 68 283 68 19 108
330 149 258 108 68 517 258 149
607 50 68 532 152 68 640
189 68 447 158 108 290 299
261 86 68 135
611 178
4 108
261 86 68 607 68 189 68 158 240 359
390 68 19 85 68 347 85
321 563 158 85
611 415
607 68 189 68 5 68 397 68 350 68 607 158 68 189 241 430 359 68 43 158 68 36 85 359
517 194
321 189 68 212 158 108
503 108 68 430 68 43 158 68 158 108
501 85 447 158 118 68 5 189 68 607 158 359
241 85 359
397 70 158 108
261 86 68 124
189 68 211 68 397 68 54 86 68 397 68 569 68 330 85 258
517 194 213
197 86 68 87 68 36 108 68 189 68 201 258 347 158 118 108
611 136 479 359
194 346 68 346 211
246 68 607 68 241 359 68 640 68 19 85 68 283 68 531 155 194 149
170 108
611 152 68 36 149 68 446 68 430 68 5 189 68 490 68 490 85
36 149 68 211 607 50 68 638 68 415 389 430
213 258 359
261 86 163 85
189 68 517 359 68 43 158 68 405 68 531 149 258 68 607 158 68 81 68 397 415
495
153 68 347 158 108 68 397 68 552 85 19 68 261 158 108 68 430 68 43 158 68 258
607 158 68 5 68 158 108
189 68 261 158 543 68 258 108 68 611 189 426 339
517 415 149
189 68 550 501 68 397 68 211 543 68 43 158 68 252 155 68 153 108
607 158 359 68 211 85 68 211 189
87 359 68 607 158 68 390 68 397 68 321 569 68 550 158 108 68 517 194 85 68 5 189 68 85 36 211 607 158 85
196 68 158 108 68 36 108 68 426 85 359 389 158 643 359
564
245 258 359 438
517 68 189 68 261 158 543 68 607 158 68 405 199
494 68 390 68 189 611 438 149
321 68 189 68 426 158 359 68 261 158 543 68 19 85 68 5 68 527
607 68 593 89 158 543 68 531 158 152 68 517 85 68 245 258 551
4 108
290 85 359 438 359
85 68 93 225 108 68 607 50
201 258 390
5 68 406 501 68 569 85 359 68 197 86 68 43 158 68 354 68 517 68 359 389 158 68 334 222 149
241 85 68 261 158 189 68 158 36 189 68 390 569 68 36 149 68 241 68 569 85 359 389 85 359 68 64 211 108
87 149 68 240 68 346
261 86 68 43 158 68 246 68 97 68 569
241 85 438 359 68 158 108 68 321 189 68 430
196 68 331 68 640 68 54 654 68 607 158 68 593 89 158 68 81 68 19 68 607 479 68 189 426 339
531 85 68 54 86
211 607 158 194
201 258 68 494 68 241 68 76 85 68 4 149
51 149
43 430 149 550 155
447 158 543 68 330 108 68 135
569 68 552 68 246 68 346 85
189 68 211 68 607 158 68 211 240 68 64 389 158 149 68 115 479
241 359
389 479 68 397 68 158 189 68 36 149 68 152 550 158 68 607 158 68 189 68 349 531
426 158 240 258
5 68 189 68 197 86
503 158 108 68 390 68 569 68 394 51 86 85 359 68 446 70 158
4 543 389 149 68 158 189 570 211 550 158 359
76 85 359
189 68 494 51 570 68 241 68 158 108 68 4 85 359 211 222 68 283 68 569 68 405 108
189 68 87 359 68 397 68 70 339
43 86 149 68 36 149 68 405 68 189 43 152
189 68 550 501 68 397 68 158 152 68 607 158 68 283 68 170 108
261 86 68 246 68 36 85 68 231 85
261 86 68 36 108 68 405 108 68 569 415
246 194 108
162 68 570 550 430
136 309 108 19 85
189 68 86 163 68 397 68 642 85 68 550 86 108
611 152 389 158 194
501 85 359 68 197 359
346 211 517 359 68 346
115 158 240
213 51 86 68 152 51 487
79 359 68 354 68 417 68 651 85
611 299 108
517 570 389 158
607 158 266 149 68 19 108 68 5 68 430
197 85
607 68 593 89 158 543 68 189 68 406 211
607 517 19 68 430 359
189 68 607 50 68 261 158 543 68 158 152 68 64 550 430 68 189 68 290 85 359
189 68 87 108 68 607 158 68 158 149 68 201 258 68 81
261 86 68 115 479 68 397 68 569 68 5 211 527
189 68 651 123 68 569 68 64 149
115 479 149
517 194 514 199 68 64 550 158 108
45 68 189 68 550 501 68 397 68 569 68 406 501
531 158 551
4 189 389 158 623
426 158 85 359
565 569 68 158 240 68 4 299 211
87 68 162 68 370 68 607 158 68 283 68 158 54 654
607 158 68 389 85 359 68 211 222
607 68 36 149 68 261 158 543 68 152 68 517 194 199
607 68 36 149 68 261 158 543 68 5 211 85 152 68 152 51 85 359 68 189 68 64 389 158 118
189 68 261 158 189 68 479 611 189 68 607 50 68 415 211 68 87 449
97 68 43 158 68 189 149 299 149 68 241 68 158 108
607 68 550 501 68 397 68 158 152 68 607 158 68 59 67 343 189 51 189
330 123 199 85
19 68 331 430 149 68 97 68 135 68 54 86 68 607 155
517 68 189 68 577 68 158 108 68 59 479 359
189 68 211 68 397 68 246 204 108 68 197 86 199
189 68 5 189 68 503 158 359 68 85 347 189 211 189
76 85 359
261 86 68 124 68 607 50 68 97 68 222 476 68 162 68 241
240 85 68 611 118
607 68 36 149 68 261 158 543 68 152 550 158 199 68 189 85 347 158 118
189 550 487 108
569 68 5 189 68 494 68 550 501 68 651 85 68 405 241 85
158 449 68 158 108 68 261 430 68 543 51 86 68 607 170 68 397 68 569 68 261 86 85
550 450
19 85 152 68 189 68 517 85 299 68 5 189 68 321
36 149 68 76 346 152 68 64 211 517
189 68 87 359 68 54 86 68 339 68 570 211 108 68 517 85 68 640
406 155 194 68 162 68 162
501 85 359 68 258 258 85
607 68 36 149 68 261 158 543 68 85 299 149 68 347 501
359 258 240
196 68 241 68 197 86 68 189 68 247 85
517 68 503 339 68 607 158 68 339 68 211 213
405 189 68 550 158 149 68 79 602 194
503 158
158 449 68 607 68 231 240 68 36 149
197 86
531 108
640 68 517 194 211
261 86 68 158 152 68 64 389 430 68 189 68 607 158 68 81 68 397 68 339 551 68 607 158 85 152
607 158 266 149 68 321 189 68 19 85 68 640
86 163 68 550 501 68 397 68 607 158 359
189 68 261 158 543 68 158 68 213 389 85 359
97 68 430 68 339 68 343 543 68 170 211 390 189 550 487 334
115 158
16 158 359
321 247 85
258 108 68 517 68 43 158 108
611 189 108
201 258 82 152 68 79 158 543 68 517 258 390
4 178
64 211 390 68 16 158 543 68 158 189 68 479 43 158 68 85 379 85
651 123 68 241 68 241 430 149 68 189 68 607 158 108
204 152 68 617 149
196 68 390 68 36 108 68 197 86 149 68 640 68 19 68 607 158 85
503 189 68 246 68 36 85 68 79 155 68 339 68 397 68 350
36 149 68 517 68 5 543 68 607 68 607 158 85 70 158 68 253 68 253 68 201 258 68 85 299
194 543
355 543 550 158 68 197 86 68 397 68 197 86 68 253 149
607 158 359 68 19 85 68 642 149
347 501 359
321 68 189 68 611 51 86 68 339 68 158 359 68 158 152 550 85
607 158 68 189 149 359
158 85 447 155 68 192 194 85
87 108 68 54 86 68 397 68 54 86 68 189 68 36 149 68 430 68 397
389 158 299 415
19 85 68 170 68 607 158 68 4 68 5 108 68 64 211 390
196 68 126 68 617 149 68 405 68 261 158 189
290 85 359
158 68 252 158 390 68 158 189 68 4 240 359 68 394 68 240 389 158 68 70 158 108
503 108 68 197 86 149 68 189 68 525 551 68 569 68 517 85
569 68 405 237 108 68 494 68 550 501 68 36 108
19 85 68 330 430
607 68 189 68 550 86 68 503 158 359 68 85 347 189 211 189 68 397
607 68 593 89 152 68 135 68 577 68 189 68 389 85 359 68 552 85 359 70 158 108
87 359 68 189 570 389 158 68 246 68 607 170 68 170 108
503 158 108 68 390 68 569 68 158 189 85 136 479
196 68 390 68 569 68 253 359 68 241 68 85
189 68 651 123 108 68 5 189 68 197 86 68 611 51 86 108 68 397 611 85 359 68 569 68 397 68 569 68 569 68 569 68 85 299
527 68 261 86 68 158 449 68 189 68 231 240 68 593 89
64 211 390 68 5 189 68 158 68 501 85 359 68 501 85 623
189 149
258 108 68 135 68 577 68 611 152 68 397 68 397
158 108 550 85 68 611 189 149 299 108
607 50 68 532 178
231 240 68 36 108
607 68 36 149 68 261 158 543 68 261 158 68 43 158 68 45 108
350 85 68 397 240
607 158 85 68 569 108 68 426 86 118
495 68 607 68 189 68 611 299 68 201 240 68 19 108 68 430 68 241 68 569 68 85 283 68 283 68 370 68 569
189 68 158 240 359 68 447 158 189 643
261 86 68 43 158
569 68 347 501 438 359 68 158 108 68 197 86 68 607 50
5 189 68 397 68 43 158 68 261 158 68 550 430 359 68 389 339
426 158 240 258
19 331 68 36 149 68 241 108 68 43 158 68 189 570 550 158
501 85 517 194 68 212 86 415
346 211 68 607 170
153 108 68 97 68 390 68 390 68 397 68 397 68 213 194 194
349 85 359 68 196 68 189 68 87 299
517 68 189 68 5 543 68 339 68 170 51 86 68 258 551
5 343 158 199
222 476 68 607 50
231 240
607 68 36 149 68 261 158 543 68 64 389 158 359 68 397 68 211 85 36 211 607 68 397 68 365 430 68 569 68 569 68 569 68 415
290 85 359
261 86 68 189 68 593 89 123 68 70 158 247 68 321 247
447 158 118
189 550 487 359
222
64 211 390 68 651 123 68 321 247 108
397 70 158 108 68 189 68 343 247
246 85 68 577 68 607 359
543 68 54 86 189 570 68 397 68 569 68 158 108
97 68 447 158 85 359 68 5 155 108
19 68 430 68 54 86 68 189 68 5 189
397 70 158 108 68 339 551 517 118
503 158 108 68 390 68 189 339
189 68 651 123 68 577 68 189 543 51 85 237
126 68 189 68 394 68 64 211 108 68 158 240 359 68 158 108 68 70 158 68 70 158 68 607 479
196 68 158 543 89 50 68 397 415 51 108
189 68 550 501 68 97 68 607 158 68 211 330 68 153 68 607 158 68 607 50
569 68 79 86 149 68 246 68 64 550 158 543 68 189 68 503 189 68 397 68 501 85 517 359
19 85
189 68 517 359 68 51 570 68 321 189
507 258
569 68 607 50 611 85 68 397 68 5 68 19 68 189 68 81 68 397 68 405 241 68 569 68 64 389 158 85 68 397 68 397 68 397 68 397 68 158 118 68 397 68 5 189 550 86 85 241 68 153 189 68 607 50 68 607 50 68 635 189 68 118 68 280 68 569 68 19 85 68 384 359 207 108 68 5 189 68 390 68 607 50 68 607 50 68 640 68 5 189 68 607 50 68 640 68 384 359
261 158 543 68 347 158
607 68 36 149 68 261 158 543 68 152 68 189 213 405
153 108 68 430 68 211 251 68 426 569 68 79 158 189 68 241 85 68 36 149
246 550 430 108 68 517 68 43 158 290 152
158 68 54 86 189 550 487
607 68 36 149 68 517 68 240 550 158 108 68 611 74
189 68 550 430 299 211
87 68 124
189 68 550 501 68 397 68 517 194 68 93 211 68 431 149
607 50 68 85 149 189 108
355
344 405 68 415 51 86
503 158 108 68 390 68 569 68 213 211 501 68 136 479 68 158 213
85 299 570 389 339
153 108 68 430 68 430 68 189 68 426 158 85 68 607 170 68 397 68 550 85 359
189 68 459 405 68 241 85 68 158 449 68 550 158 334 108
201 258 68 211 136 158 359
321 68 19 85 68 253 68 87 68 36 149 68 87 108 68 211 339
321 247 85 347 158 118
133 68 79 359
49 68 5 68 222 149 68 36 108 68 19 79 158 334 108
426 158 543 74 68 158 517 149
49 68 390 68 321 108 68 490 68 149 389 85 359 68 569 68 153 189
126 68 36 149 68 158 108 68 334 68 158 189
5 68 197 158 517 68 45 108
599 389 173 68 149 550 158 543 108
4 108 68 258 85 397 70 158
495 68 390 68 569 68 158 108
54 86 68 397 68 158 68 447 158 438
241 359
19 108 68 390 68 321 189 68 321 247 68 19 68 550 158 68 153 189 108
517 68 189 68 136 158 152 68 651 123 68 64 211 189
253 359 68 640 68 97 68 54 654 68 397 68 405 68 241 68 569 108 68 359 389 339
36 85
5 68 607 68 607 158 68 79 158 438 551 68 189 241 68 241 68 517 68 5 189 68 189
149 389 85 347 158 194 68 189 68 240 51 85 222 476
4
531 430 68 517 85 347 158 118
189 68 550 501 68 397 68 330 359 68 158 108 68 517 85
651 123 68 4 299 68 241 359 68 36 149
87 359 68 261 158 290 211 68 189 68 87 68 253 85 170 108
211 471 68 261 86 85
405 240
196 68 390 68 569 68 517 258 149 68 640 68 19 108
258 149 68 339 68 211 222 108 68 640 68 197 108 68 79 359 550 85 359 70 158
170 415 68 339 68 158 108 68 290 85 359 70 189 241
517 194
503 158 108 68 158 108 68 36 149 68 54 86 68 397 68 133 68 426 339
189 569 108 68 89 487
213 532 152
430 331 68 447 158 108 68 447 158
135 68 211 543 68 607 158 68 158 74
86 163 68 550 501 68 397 68 258 149 68 321 569 108 68 240 550 86 108
87 359 68 397 68 258
196 68 295 149 68 607 158 108 68 390 85
189 68 261 158 543 68 430 64 389 158 359 68 79 158 189
64 211 390 68 87 68 651 123
611 152 68 87 68 261 158 543 68 321 569 108 68 390 85 68 430 68 43 158 68 182 149 68 569 68 640 68 569 68 569 68 359
321 4 85 359 389 158 359
189 158 85
36 108 68 570 550 430 68 201 258 68 334 222 85 68 607 158 108 68 642 68 607 170 108
133 68 85 350 68 607 158 68 570 68 577 68 397 68 569 68 241 359
97 68 204 108 68 5 155 211 85 430
247 85 70 158
261 86 68 124 68 158 108 68 87 449 68 430 299 68 339 68 246 68 76 85 241 551
417
189 68 550 501 68 607 158 68 607 158 108 68 189 149 517 85
36 108 68 79 430 241 85 359 68 64 211 390
531 108 68 426 339
43 359
321 339
19 85 68 607 158 85
447 158 85
261 86 68 43 158 68 370 68 36 149 68 350 85 68 640 68 531 158 551
5 258 68 569 68 4 189 211 189 68 149 517 19 68 640 68 569 68 189 241 359
607 50 213
503 85
569 68 389 158 199 261 86 68 607 50 68 390 68 246 19 299
261 86 68 43 158 68 246 68 569 68 79 158 240 51 611 189 68 290
85 222 240 68 43 158 68 136 158
196 68 295 149 68 85 68 59 67 343 189 211 405 68 149 550 85
607 158 68 640 68 321 85
189 68 5 189 68 531 158 108 68 569 68 222 476
607 258 68 97 68 19 85 68 153 108
5 68 36 149 68 85 68 36 149 68 87 449 68 170 108 68 36 85 68 607 158 108 68 390 569 68 640
189 68 261 158 68 517 68 158 108 68 517 189 550 86 359
189 68 550 501 68 397 68 4 108 68 5 108 68 331 68 201 240 211 68 218
273 68 97 68 189 299 85 623 551
607 258 189 68 426 430 240
5 108 68 5 68 321 290 85 68 87 449 68 158 108 68 153 189 108
577 339
261 86 68 607 68 189 68 54 86 189 570 389 158 68 258 68 87 68 87
651 123 68 430 68 501 68 607 158
258 189
196 68 347 158
426 569 68 390 68 189 611 438 359
426 158 85 68 133
36 149 68 5 68 97 68 611 623 108 68 389 158 118 68 321 189 68 240 302 359
97 68 43 158 68 517 4 108 68 415 211 68 189 149 68 611 51 85 359
64 211 390 68 426 158 85 68 405 189 68 569 68 426 158 240 359 68 93 211 189
97 68 253 253 253
321 569 108 68 201 258
389 189
149 389 339 68 359
503 189 68 607 50 68 36 149
196 68 611 51 86 108 68 593 89 158 189 68 87 299
517 68 36 149 68 430 68 240
201 258 68 197 108 68 87 68 253 68 43 155 149 550 158 359
390 68 158 189 266 50 68 153 108 68 153 551
189 68 550 501 68 158 108 68 189 68 517 85
189 68 532 543 68 397 68 266 19 68 201 258 68 347 158 240
607 68 36 149 68 640 108 68 390 569 68 438 359 68 158 108 68 517 258
517 359
196 68 222 68 158 108 68 158 108 68 261 158 247 68 158 222 68 43 158 68 19 489
196 68 331
189 68 611 189 68 643 359
517 82
189 68 99 68 359 389 158 85 68 405 68 405
5 211 247 108 68 330 359
527 68 87 68 607 50
196 68 295 149 68 36 211 189 68 359
258 68 390 68 390
211 258
189 68 550 501 68 397 68 517 194 68 334 68 222 68 347 501 68 543 389 158 178
201 258 68 197 108 68 19 68 189 68 611 51 86 68 607 158 68 430 108 68 36 85 68 517
201 258 68 197 108 68 135 68 258 68 397 68 347 158 108 68 189 68 426 339
222 85
222 476 68 321 189 68 569 68 347 158 118 68 607 158 85
261 86 68 390 68 97 68 45 108
503 85
247 415
611 51 149 359 68 347 158 118
426 86 19 85 68 426 339
405 68 247 334 415
503 85
189 68 54 86 189 570 68 397 68 503 339 68 359 550 86 68 321 27 68 359 389 158 85 359
197 85
494
153 68 648 359 68 290 258 68 45 108 68 201 258 64 211 108 68 550 430 68 70 158
97 68 550 501 68 136 158 543 149 68 19 85 68 5 189 68 638 211 415
531 299
149 550 158 543 108
389 85 359 68 517 85
158 449 68 607 68 231 240 68 36 149
405 108 68 170 211 68 607 158 68 564 68 87 449
189 68 569 68 5 471 550 86 108
607 158 68 4 108 68 64 211 390
273 68 97 68 189 299 85 623 551
531 158 349
527 68 405 68 531 149 517 68 569 68 201 449
503 85
158 570 225 359
170 643 85
321 4 85 359 389 158 359
611 149 68 593 89 158 68 97 68 149 68 79 158 189
36 85 607 158 68 59 430 222 149
97 68 394 68 550 501 68 189 359 68 405 189 68 261 86 108 68 261 86 85
158 85 517 85 68 201 258 68 201 258 189 570 389 158
97 68 133
36 108 68 607 155 68 258 359
527 68 607 155 68 59 67 70 158 68 430 108 68 4 108 68 640 68 517 68 54 86 108
158 108 212 517 68 501 85 438 359
599 389 173 68 149 550 158 543 108
201 258 68 115 479 68 640 68 36 149
607 68 36 149 68 261 158 543 68 593 108 68 241 85 550 158
59 149 550 158 108 68 64 211 390
87 359 68 607 158 68 189 149 68 64 211 390 68 64 211
196
261 86 68 43 158
79 430 359
19 331 68 36 149 68 241 108 68 43 158 68 189 570 550 158
390 68 19 108 68 197 158 189 426 569 68 170 108
86 163 68 550 501 68 397 68 54 86 68 397 68 283 68 158
517 68 36 149 68 76 85 68 189
607 50
503 189 68 607 50 68 36 149 68 97 68 247 607 479
189 68 550 501 68 397 68 517 194 68 93 211 68 330 247 85 70 189
517 68 36 149 68 599 68 87 68 153 108 68 569 68 321 189 68 79 359 438 359 68 241 68 189 68 189
189 68 651 123 68 426 86 149 68 607 50 68 189 68 97
261 86 68 43 158 68 607 68 189 68 321 569 68 36 149
607 155 68 85 189 68 611 258 68 115 158 359 68 321 247 108
538 430
5 290 115 158 359
158 449 189 550 430 68 158 108 68 517 4
283 68 115 479 68 607 50 68 189 68 629 68 514 240 359 68 640 68 5 108
501 85 43 430 149 68 5 68 64 211 390 68 640 68 397 68 569 68 19 85 68 213
64 211 390 68 189 68 158 543 68 569 68 5 211 189 68 550 430
607 170 299
261 86 68 430 68 569 68 540 359
87 359 68 158 108 68 36 149 68 261 158 247
189 68 359 16 569 68 189 68 321 247 68 607 68 501 85 68 552 85 359
231 51 86 68 261 86 68 43 158 68 370 68 5 68 170 299
531 299 211 222 68 59 430 222 149 550 85 359
261 86 68 124
158 108 68 642 158 68 149 550 158 108
189 68 261 158 543 68 241 430 68 189 68 417
201 258 390
503 189 68 189 68 213 51 86 68 253 68 19 108 68 213 51 86 68 607 50 68 189 68 607 50
643 68 85 611 86 163
503 158 108 68 390 68 569 68 87 299 85 68 241 359
261 158 85
201 258 189 152 51 68 158 570 211 390 68 569 68 397 68 158 189 51 189
5 211 543 85
201 258 68 197 108 68 189 68 517 68 79 359 68 79 359 68 4 85 359
607 68 593 89 158 543 68 390 68 245 258 68 611 189
538 158 189 211 68 405 108 68 569 68 540
189 68 246 68 241 406 149 68 5 68 170 449 68 339 551 68 550 339 551
189 68 550 487 359 68 331 430 149 68 189 68 607 158 68 607 479 68 607 170 299
97 68 273 68 5 406 158 438 149
390 68 651 123 68 607 158 213 194 213
330 189 68 189 54 86 199
79 339
394 149
196 68 331 68 640 68 339 68 430 213 51 149 68 593 163 68 550 501
503 158 108 68 158 108 68 569 68 426 155 643
321 4 240 68 170 108
49 68 158 68 405 152 68 593 89 158 68 189 85 331
189 68 241 99 68 397 68 577 68 189 68 136 479 68 241 68 569 68 43 158 68 517 85
189 68 607 50 68 651 123 68 99 68 201 334 108 68 354 68 517
355 517 258 68 196 68 158 108 68 36 149 68 494 68 241 68 241 194 108
43 339 68 640
501 85 64 211
503 189
76 85 359
201 258 68 197 108 68 135 68 213 389 158 108 68 36 149 68 607 158 68 152
16 158 543 68 158 68 79 155 68 136 158 189 68 640 68 54 654
64 211 390 68 503 339 68 49 68 43 158 68 517
564 551
211 359
189 68 550 501 68 397 68 517 68 640 68 359
87 359 68 390 68 651 123
115 155 194
593 163 68 211 68 397 68 192 359 68 370 68 569 68 261 86 68 19 85 68 640 68 517 85
642 158 68 258 108 68 81 68 261 86 68 607 158 68 617 68 569 68 36 149
36 108 68 517 68 222
607 68 593 89 86 68 241 68 201 258 415
503 158 108 68 517 68 189 68 258 68 651 123
153 68 447 158 543 68 4 108 68 638 68 135
97 68 648 240 68 642 68 158 108 68 189 570 389 158
642 149 68 359
231 240 222
607 158 68 273 68 607 158 68 87 68 87 550 158
189 68 5 108 68 397 68 170 152
346 211 517 359 68 346
651 123 68 430 299
611 86 68 158 245 258 189
189 68 321 247 68 97 68 550 430 359 68 550 339
197 158 299 415
158 108 68 607 158 359
196 68 607 50 68 36 149 68 640 68 640 68 390 85 359
607 68 36 149 68 5 189 68 447 158 68 577 68 479 68 640 68 354 551
261 86 68 43 158 68 607 50 68 189 68 438 359 68 607 155
607 68 593 149 643 85 359 68 196 68 283 68 201 258 68 331
359 68 201 240 152
64 211 390 68 607 50 68 85 149 550
197 85
45 68 189 68 153 108 68 241 68 5 68 334
607 158 359 68 389 85 68 550 339
527 68 153 68 611 51 155 68 79 430 68 550 430 68 149 51 237 85
231 240
189 68 5 68 158 152 68 640 68 394 68 550 501 68 79 158 189 570 389 158 359
527 68 64 211 390
76 85 359
211 5 189 68 479 85
517 68 189 68 158 648 68 158 108 68 447 158 85 68 153 108
189 68 170 152 68 36 149 68 397 68 36 149 68 405 68 136 479 68 397 68 64 211
503 85
36 149
189 68 213 211 607 68 153 189 108
54 86 68 5 68 607 158 85
447 158 247 68 149 194 108
261 86 68 43 158 68 158 108 68 36 149 68 354 68 241 68 189 68 241 68 347 158 85 447 158 85 359
350 85
43 359
321
347 158
87 152 68 19 68 36 149 68 54 86 68 397 68 397 68 405 68 211 359
64 435 213 68 397 68 599
170 108 68 149 550 158 543 108
517 68 189 68 417 68 347 501 68 640 68 397 68 397 68 85 611 152
517 68 651 123 68 607 479 68 87 426 86
640 405
390 611 189 50
45 68 430 68 43 158 68 158 189 68 261 86 85 68 158 108 68 237 64 211 108
607 170 68 19 543
346 643 149
97 68 170 299 68 261 158 290 68 158 240 68 158 570 389 158
517 194
19 85
211 68 36 149 389 199
261 487 359
189 68 4 108 68 607 158 68 261 149 68 321 247 85 68 158 108 68 240 550 339 211
189 550 158 543 68 5 68 339
321 68 5 68 196 68 426 158 85 68 321 189 68 19 85
76 85 359
241 85 68 5 189 68 149
189 68 607 50 68 577 68 569 68 189 16 569 68 517 623
135 68 517 68 43 158 68 266 158 68 543 458
607 68 36 149 68 196 68 397 68 54 86 68 472 334 108 68 430
330 5
97 68 79 430 299 180 282 68 189 68 194 543 68 97
201 258 607 68 321 4 359 70 158 68 447 158 438 551
135 68 240 359 68 36 149 68 19 85 68 430 68 197 86 68 607 158 68 197 517 68 79 359 68 79 430 68 153 189
201 258 68 607 155 389 479 68 397 68 4 258 390
321 569 108 68 222
283 68 197 158 199
390 517 258 85
87 359 68 158 108 68 569 68 397 415 149 201 258 85 359 68 158 108 68 189 68 507 258 68 97 68 331 487 359
503 189 68 517 68 189 68 76 346 152 68 640
611 258 108
261 158 299
261 86 68 390 68 241 68 201 258 68 607 170 68 5 189 68 550 158 93 211
189 68 261 86 85 68 397 68 321 569 68 503 158 359
189 68 550 501 68 569 68 241 65 158 359 68 197 149 68 405 240 359
5 68 189 68 253 359 68 36 149
158 16 189
45 108 68 158 108 68 617 149 68 51 570 68 241 68 197 108 68 133 82
162
85 447 158 240
503 108 68 390 68 569 68 158 189 85 136 479 68 397 68 569 68 531 149
51 415 211 68 611 258 68 370 68 397 68 569 68 70 158 108
406 85 299
611 199 85 222 149 389 158 118 68 201 258 68 59 155 68 231 240 68 158 240 68 640 68 36 85
189 68 550 501 68 397 68 321 290 68 607 158 68 43 85 299 149 68 479 241 359
153 108 68 97 68 246
543 458
115 479
494 68 158 108 68 635 189
170 220 643 68 189 389 85 299
290 85 359
517 68 189 68 136 158 152 68 447 158 438 551 68 153 108
189 68 54 86 189 570 68 397 68 405 68 197 86 68 640 68 5 189 68 331 149
201 258 397 68 531 149 68 397 68 607 50 68 19 68 397 68 5 334 85
189 68 577 68 347 158 85 68 430 93 225
321 290
43 430 149 68 170 108
389 349 531 149
64 211 390 68 397 68 158 189 68 36 149
79 170 108
158 108 51 149 68 258 543 68 240 211
517 68 189 68 4 152 68 153 108
290 85 359
447 158 543 68 330 108 68 135
611 149
447 64 550 158 108
197 85
49 68 158 189 68 501 85 68 36 149 68 36 108
501 85 4 189 211 189 68 517 299 108
569 68 241 359 68 640 68 507 449 68 252 155
212 85
261 86 68 607 68 189 68 158 359 68 651 123
359 241
5 108 438 359
611 85 359
76 85 359 68 212 158 68 197 86 68 87 222 85
577 68 149
261 86 68 43 158 68 246 68 569 68 79 158 108
503 158 240
339 299 389 158 118
607 158 149 68 54 86 68 397
97 68 390 68 569 68 321 27 68 189 241 68 5 108 438 359
153 108 68 295 149 68 431 108 68 85 359
359 16 569 108
283 68 19 85 68 189 68 197 86 108 68 152 550 85 170 152
569 68 115 479 68 170 68 170 108 68 149 550 85 359
201 258 68 197 108 68 189 68 607 158 68 339 68 389 158 359 68 417 68 642 68 170 108
276 85 607 158 5
447 189
149 299 68 640
196
577 68 321 240
640 68 43 430 108 68 135 68 405 68 19 108
261 158 48
261 430 68 246 68 79 158 543 68 321 247 85 68 158 334 543 389 349 531 158 359
503 85
158 108 4 85 359
64 149 68 426 158 240 623
390 68 19 108 68 158 189 68 158 237 158 359 68 189 299 149 68 36 85 359 389 199 68 550 158 199
196
261 86 68 158 108 68 36 149 68 607 170 199
245 85 189 570 68 397 68 638
196 68 347 158
397 68 527 68 607 158 68 64 435 64 51 86 68 390 68 5
19 108 68 253 68 321 247 68 569 68 550 155
390 68 19 108 68 430 68 115 479 68 607 158 68 390 68 241 430 397 189 68 64 550 85 359 68 189 550 339 551 68 430 299
196 68 347 158 68 5 68 36 149 68 577 68 19 489
569 68 426 158 517 68 390 68 426 86 359
640 389 339 68 569 68 5
245 152
201 258 607 68 321 240 68 87 68 170 108
406 158 199
19 85 68 43 158 68 261 158 68 339 68 158 449 68 158 36 211 85
540 68 517 299 211 85 359
189 68 550 501 68 397 68 258 189 68 651 85 68 501 85 68 253 68 446 68 189 16 430 551
517 68 189 68 577 68 158 240 68 79 158 74 68 158 189 16 158
87 68 607 170 68 261 158 543 68 5 108 68 390 68 201 258 68 36 85 359
158 85 347 158 64 211 68 189 68 389 158 299 389 158 118
201 258 68 503 189 68 241 68 158 108 68 517
201 258 68 5 68 5 211 85 197 86 68 241 68 517 68 640 68 517 85 68 5 189 68 389 85 68 430 68 505 68 517
446 201 240 359
153 68 261 430 68 607 158 68 611
261 85 359
330 290 85 438
550 501 68 651 123
447 158 438
196 68 347 158
64 211 390 68 459 543 108 68 241 68 158
607 68 593 89 158 543 68 642 211
197 85 359 68 564 359
197 245 258
158 240 551 68 607 158 68 87 152
189 68 253 68 617 149 68 607 155 68 447 158 290 258 390
321 68 97 68 607 170 487 299 68 611 189 68 158 189 68 158 152 550 86 199 68 607 170 108
321 85
212 85
196 68 390 68 569 68 607 158 85 299
321 189 68 213 51 189
611 189 108
97 68 64 51 189 550 86
517 359
611 51 86 68 189 68 158 108 68 607 158 68 59 67 343 85 68 241 68 569 68 158 93 211 108 68 430 299 68 36 211
4 64 211
189 158 85
19 331 68 36 149 68 241 108 68 189 68 331 199
651 123 68 607 170 299 68 19 85 68 87 108 68 430 68 19 85
283 68 343 158 517 68 64 211
258 108
213
261 158 85 68 417 334 222 476 68 397 68 36 149
607 68 550 501 68 607 158 68 70 158 108 68 642 211 68 64 211 390
258 299 68 189 68 642 68 642
390 68 651 85
189 68 607 68 43 158 68 331 85 359 68 330 108
201 258 68 494 68 241 68 158 108 68 79 430 189 68 158 158 158 158 158 108
5 108 68 115 158 64 550 158 85
189 68 651 123 68 135 68 550 158 178
158 68 245 449 68 261 430 68 158 108 68 149 550 158 85 68 321 155 68 569 68 70 158
349 85 359 68 136 158 152 68 389 339 68 640 68 569 68 290 258 68 430 68 189 68 253 68 170 487 359 68 397 68 339
569 68 241 68 295 570 389 158
204 152 68 617 149
390 68 19 108 68 607 158 68 211 339 68 447 189
273
527 68 607 359 68 246 68 135 68 430 438 551 68 370 68 593 89 487 149 68 640 68 569 68 36 85 68 397 68 64 389 158 108
479 406 158 245 299 68 85 379 85
59 430 149
87 543 68 426 158 68 390 68 231 51 86
59 67 343 247 343 189
59 517 321 189
201 258 136 158 108 68 611 189 68 517 85
517 68 189 68 85 68 651 123 68 607 339
517 68 36 149 68 517 68 321 247 108 68 170 487 299 68 87 449
517 68 189 68 611 299 149 68 569 68 85 447 158 551
494 68 89 50 68 241 68 189 68 531 158 178 68 331 149
290 85 222 149
611 299
189 68 459 405 68 397 68 59 479 68 347 158 247 85 222 68 70 189
64 211 390 68 607 170 68 397 68 85 170 108 68 611 74 68 347 85 359 68 531 149
189 68 550 501 68 321 247
64 211 390 68 642 68 149 68 36 108 68 43 487 415
611 155 194 258
97 68 261 158 108
51 86 108 68 447 158 438 359
501 85 517 389 85 68 158 222 149
64 211 390 68 501 85 43 158 68 158
51 487 359
346 211 189
517 68 189 68 577 68 569 68 246 68 36 85 68 149 550 158 543 389 85
59 517 321 189
201 258 136 158 189 68 158 189 68 339 68 261 359
79 426
261 86 68 295 108 68 189 16 430
36 149 68 246 68 158 108 68 19 85 68 54 86 68 158 108 68 389 339
651 123 68 569 68 507 449 68 430 299 389 339
87 68 126 68 158 108 68 81 68 339 68 447 158 290
97 68 405 189 68 54 86
607 158 68 5 89 158 108 68 607 170 68 197
642 211 68 607 479 68 5 211 390
245 4
397 68 54 86
189 642
201 258 390
390 68 426 569 85 68 170 108 68 170 108 68 36 85
261 86 163 85
527 68 261 86 68 158 449 68 189 68 231 240 68 593 89
196 68 331 68 640 68 197 158 93 68 640 68 36 149 68 87 359
97 68 569 68 490 68 447 158 108 68 189 68 517 68 640 68 241 68 36 85
517 68 189 68 258 68 158 247 334 222 85
390 68 19 108 68 607 158 68 640 108 4 299 68 197 108 68 258 85 68 405 237 108
189 68 517 359 68 5 108 68 531 158 118 68 201 258 149 68 5 189 68 189 16 158
189 68 261 158 247 359 68 405 189 68 64 389 158 85 359 389 430 397 68 237 85
45 339 68 405 68 479 108
136 155
158 247 85 365 430 199
189 68 241 68 97
158 108 68 36 149 68 211 543 68 550 158 247 85 68 390 85 68 430 68 19 68 135
64 211 108 68 89 359
76 85 359 68 640 68 79 155
189 389 85 359 389 158 194 68 346 211 390
97 68 115 479 68 189 68 194 543 68 97
611 152 68 64 211 390
569 68 158 222 68 246 68 149 550 86 85 611 152
189 68 87 359 68 397 68 426 339 82 68 158 108 68 334 68 252 158 108
5 68 36 149 68 81 68 569 108 68 5 155 643 551 68 201 258 68 339 551
5 68 331 149 68 261 158 543 68 79 339 68 283 68 283 68 527 220 68 339 551
158 16 189
607 68 36 149 68 196 68 447 158 108 68 321 19 108 68 59 155 149
503 189 68 607 487 68 97 68 531 189
321 189 68 87 449 68 642 149 550 86 108
135 68 531 158 108 68 36 149 68 607 158 68 170 68 170
503 339 415
189 68 241 68 197 158 68 258 189 570 68 607 68 569 68 426 86 149
503 108 68 517 68 189 68 417 68 258 85
64 211 390 68 182 149 68 36 85 68 149 389 158 108 68 569 68 258 149
158 543 85 237 85
246 68 607 68 241 359 68 640 68 19 85 68 283 68 531 155 194 149
550 430 359 68 347 158
607 158 68 397 415 51 68 246 68 43 158 68 321 189
76 85
196 68 189 68 36 149 68 430 68 569 68 211 68 640 68 569 68 64 550 158 68 64 550 339
153 108 68 97 68 246
503 85
43 158 68 397 68 5 68 339 68 158
153 108 68 97 68 246
197 85
97 68 258 155 643 449 68 261 359
397 68 569 68 261 359 68 261 86 68 231 240 68 64 211 108 68 261 86 68 43 158 68 246 68 507 258
245 4
494 189 550 501 68 158 108
59 479 68 343 543 211 222 211 222
607 68 36 149 68 517 68 153 108 68 640
347 501 359
222
158 85 68 158 108 68 158 108 68 189 68 85 389 158 199
19 85 68 5 225
189 68 196 68 397 68 517 68 651 123 68 321 240 68 64 550 158 149
503 189
64 211 390 68 397 68 158 189 68 36 149 68 152 550 158 68 152 550 158 68 390 68 607 158 189
390 68 651 123 68 430 68 447 158 438 359
19 85 68 347 158 118
201 258 68 607 479 68 350 68 339 551
85 359
503 158 299
115 479
261 86 68 124
5 68 165 68 87 68 430 68 197 86
607 158 68 330 108
64 211 390 68 430 299 68 189 68 569 68 550 158 108 68 241 194 68 241 108
36 149 68 211 607 158 68 517 240 68 607 158 68 390 68 158 290 85 359 68 241 68 19 85 68 189 16 158 543
64 211 390 68 538 430 68 36 108 68 261 86 68 189 68 182 149 68 607 158 68 81 68 339
36 149 68 607 158 543 68 397 68 607 68 397 68 550 158 359 68 87 415
192 389 158 543
189 68 389 543 68 607 158 68 212 158 108 68 261 86 149 68 261 86 149
54 86 68 189 68 258 108 569 211 85 359
503 189 68 246 68 36 85 68 247 85
201 258 136 158 189 68 241 68 158 108 68 87 152 68 87 152
346 211 68 569 68 170 487
19 68 430 68 155 68 189 85 16 569
321 68 569 68 64 211
189 68 261 158 543 68 397 68 43 158 68 261 86 85 170 152
189 68 550 501 68 430 68 43 155 194 199
189 68 550 501 68 397 68 5 543 51 86 68 651 123
153 68 273 68 426 158 543 68 196 68 607 158 68 550 501
261 85 152 68 640
45 108
97 68 136 158 178 68 339 68 85 347 158 68 201 149 68 405 68 431 108
189 68 569 68 517 85
194 543
241 85 173 108
189 68 550 501 68 397 68 321 290 68 607 158 68 321 247 68 430 635 189 68 517 359 207
211 68 5 108
355 68 283 68 607 158 68 527 68 97 68 397 68 607 158 85
189 68 158 258 68 430 68 149 51 85 68 189 68 115 479
135 68 261 158 543 68 97 68 607 68 405 237 108 68 640
231
503 189 68 607 487 68 569 68 330 108 149 68 565 240 211 543
201 258 68 211 543 68 359 70 158 108
611 149 68 189 68 162 68 607 158 68 607 158 189
36 149 68 517 68 611 74 68 607 158 68 321 189 68 569 68 19 85 68 359 550 158 543 550 158 543 258
79 430 189 51 359
495
607 68 593 163 68 189 68 447 158 152 68 153 108
607 68 36 149 68 36 86 68 607 68 36 211 149 68 517 68 430 68 43 158 68 283 551
517 194
611 149 68 593 89 50 68 569 68 390 569
158 68 417 68 261 86 68 638 68 43 158 68 370 68 43 158
19 108 68 158 189 149 643 359
97 68 16 158 108 68 397 68 253 68 36 149 68 426 550 158 199
87 359 68 87 68 211 68 397 68 517 68 5 189 68 170
359 16 569 108
153 68 158 449 68 81 68 45 108 68 258 390 68 564 68 87 449 68 569 68 36 149 68 158 108 68 370 68 70 158
19 85 68 330 430
189 68 607 50 68 330 158 543 211 85 68 569 68 4 258 85 68 149 550 158 543 85
189 68 550 501 68 607 158 68 261 86 68 87 426 430
201 258 607 359 68 394 68 241 68 54 86 68 397 68 607 50
426 158 543 438 359
607 50 68 36 152 68 569 68 258 149 68 64 211 390
189 68 253 68 36 149 68 569 68 490 68 640 108 68 252 199 68 354 68 359
507 449 68 231 240
189 68 550 501 68 36 149 68 397 68 158 189 68 334 222 68 447 158 68 290 258 68 201 258 68 638 68 43 158 68 43 158 68 299 68 36 211
192 51 86 68 158
607 68 550 501 68 607 158 68 426 158 68 640 68 76 85 222 85 68 64 211
196 68 347 158
201 258 68 64
417
321 189 68 607 158 68 569 68 569 68 607 170
189 68 550 501 68 397 68 258 189 68 651 85 68 331 517 194 222 68 211 607 158 68 550 158 359
258 149 68 36 85 68 295 19
87 359 68 390 68 19 108 68 397 68 253 68 158 108 68 153 189 108
189 68 64 550 158 189 570 68 397 68 54 86 68 397 68 211 85 36 85 68 390 68 607 158 85
149 194 85 222
261 86 68 189 68 36 149 68 85 359 68 36 108
158 449 68 397 415 68 246 68 426 86
607 68 36 149 68 261 158 543 68 158 152 68 5 189
501 406 158 149
189 68 87 359 68 36 149 68 158 189 68 85 365 430 68 97 68 189 68 430 220 51 189 68 569 68 389 158 359
43 158 240
189 68 261 158 543 68 607 158 68 302 359 68 189 68 247 85 68 607 50 68 5
531 158 85 299
406 85 359 68 517 68 517
135 68 5 543 68 397 68 569 68 501 85 359 68 397 68 211 76 346
196 68 347 158 68 5 68 36 149 68 346
5 189 108
261 86 68 246 68 97
36 108 68 430 68 197 158 108
321 68 87 108 68 394 149 68 64 211 240 359
97 68 359 70 430
350 211 189 68 607 158 359
527 68 153 108 68 431 68 158 108 68 158 108
97 68 607 170 487 359 68 79 222 68 237 543
115 479
197 158 543 68 245 449 68 246 68 43 158 68 394 68 158 189 68 430 635 189 68 64 211 108
51 397 68 397 68 197 85 359
36 108 68 330 155 68 54 86 68 54 86 68 339 68 19
153 68 79 359 70 158 359 68 170 108 68 189 68 331 68 334 222 149 68 359
258 108 68 86 163 68 550 501 68 397 68 350 68 607 68 331 68 430 397 68 430 299 211 85 68 64 51 189 68 64 550 85 68 505
565
321 93 68 321 189
87 359 68 430 68 569 68 642 85 189 550 158 108 68 447 158 438 359
87 68 197 86 68 577 68 397 68 569 68 158 108 68 5 189 68 321 290 85 359
189 68 405 108 258 222 4 189 550 158 68 43 158 68 252 155
189 68 426 86 108 68 158 108 68 447 158 438 359 68 397 68 569 108
517 68 36 149 68 49 68 158 68 81 68 19 489 68 135 68 64 550 501 68 397 68 43 158 68 162 85 68 569 68 266 158 108
4 149 258 390
155 68 85 189 16 569
196 68 389 19 108
607 68 593 240 68 321 569 68 64 532
527 68 87 68 607 50
607 158 359 68 19 85 68 642 149
611 199 85 222 149 389 158 118 68 201 258 68 59 155 68 231 240 68 158 240 68 640 68 36 85
503 158 108 68 158 108 68 36 149 68 54 570 389 158
97 68 246 85 65 189
550 415
261 86 68 158 449 68 189 68 611 299 68 36 85 68 517 85 68 346
36 149 68 607 170 68 211 68 607 158 68 19 85
350 85
261 86 68 43 158
569 68 389 19 108 68 246 68 201 334 68 531 299 68 97 68 354 68 331 149 68 397 68 569 68 170 108 68 240 51 86 108 68 241
397
189 68 261 158 543 68 149 550 158 108
607 158 85 68 347 158
133 68 640 68 207 247
503 85
64 211 390 68 397 68 158 189 68 36 149 68 152 550 158 68 152 550 158 68 241 68 246 68 201 258
51 570 68 347 158 68 321 189 68 258
76 85 359
258 108
189 68 550 501 68 397 68 517 68 651 123
517 68 189 68 417 68 212 85 68 158 108 68 607 158 68 54 86 68 517
97 68 531 158 189 68 430 68 339
276 339
245 258 85
189 68 87 359 68 136 158 213 108 68 115 479 68 158 438 359
36 149 68 158 108 68 51 86 68 211 86 68 397 68 85 189 68 212 189 68 241 68 390
97 68 430 68 43 487 108 68 569 68 258 85 359
321 569 108 68 201 258
261 158 189 68 273
87 68 81 68 245 449 68 5 189
321 68 607 158 68 607 158 68 170 68 283 68 158 152 51
503 339
189 68 87 359 68 397 68 85 379 85 68 339 68 19 240 359
339 68 550 155
283
189 68 550 501 68 397 68 158 152 68 607 158 68 59 67 343 189 51 189 211 189
241 189 68 149 550 158 543 108
611 86 163 68 330 359 68 569 68 158 189 68 158 189 68 241 359
503 158 108 68 390 68 569 68 405 415 51 86
430 222 108 68 390 68 5 108
550 158
258 189 68 158 189 68 158 189 68 158 155
258 108 68 54 86 68 261 158 189 68 5
607 158 64
258 152
86 163 68 197 86 68 5 68 569 68 87 449 68 397 68 19 149 68 426 339
611 51 108
290
503 189
4 85 152 189 68 426 158 517
607 158 68 5
153 68 636 68 5 68 339 68 640 68 79 158 68 158 36 211 85
611 189 108 68 36 85 68 189 68 321 299
36 149 68 397
346 211 68 397 68 211 543 68 81
201 258 108 149 68 201 570 211 68 334 222
4 406 155 68 430 68 426 158
321 240 68 611 258 108 68 607 50 68 593 89 158 189 68 550 501 359 70 189
149 643 334 108 68 197 86
607 68 36 149 68 261 158 543 68 4 108 68 158 240
64 211 390 68 569 68 189 68 197 85 359
5 68 527 68 390 569 68 158 449 68 241 359 68 569 85 68 501 85 4 85
527 68 153 68 153 68 64 211 108 68 389 158 85 68 283 68 246 68 152 51 85 68 517 85 68 241 68 390 569 108
517 194
245 152 68 607
97 68 258 247 68 531 299 68 19 85 68 189 68 397 68 494
196 68 390 68 569 68 241 68 19 108 68 397 68 85 4 85 68 640 68 85 347 158 479 85
490 359 68 426 430 85
321 108 68 261 158
201 258 68 197 108 68 569 68 64 389 158 359 68 246 68 405 199 68 189 550 158 85
531 158 194
189 68 550 501 68 397 68 59 295 68 334 149 68 359 70 158
211 551
390 68 651 123 199 68 79 158 108
197 86 149 68 189 68 136 158 189 108
517 194
261 158 543 68 347 158
189 68 261 158 68 4 406 158 359 68 211 93 51 570
196
158 543
197 85
4
196 68 390 68 201 158 222 68 321 240
517 415 149
189 68 648 68 321 189 68 211 199 85
237 258 68 87 68 158 108
196 68 85 241 406 158 108 68 158 108 68 638 68 430 550 339
189 68 607 50 68 330 158 543 211 85
87 415
197 86 68 170 68 170 199 68 339 68 158
51 86 68 97 68 273 68 212 85
406 85 359 68 517 68 517
158 48
397 68 189 68 517 82 68 64 211 390 68 64 211
158 108 68 569 68 115 158 359 68 165
86 163 68 550 501 68 397 68 43 158 68 517 623 68 426 339 68 170 211 68 569
527 68 36 149 68 517 68 494 68 339 68 569 68 241 68 76 85 241 68 201 108
246 85 447 430 68 4 85 359
479 406 158 245 359
43 158 68 64 225 68 158 108 68 517 4
5 211 85
158 152 389 158 189
503 158 108 68 390 68 569 68 4 85 359
196 68 189 68 273 68 347 158 85 68 397 68 426 158 85 68 273
97 68 394 68 550 501 68 189 359 68 405 189 68 261 86 108 68 89 487 108
189 4 247 222
86 163 68 550 501 68 197 158 68 5 108
390 68 339 68 430 68 447 155 68 5 155 301 359
136 309 108
517 68 36 149 68 577 68 651 123 194 149
158 189 149 207
54 86 68 405 85 68 261 158 543 68 607 158 68 5 68 5
211 359 389 158 359 68 5 543 389 158 543
550 501 68 531 158 359
569 68 16 85
54 349 68 149 68 640 68 189 68 607 170 108
135 68 346 211 68 36 149 68 430 68 197 86 68 430 68 241 430 213
417
153 108 68 295 149 68 189 68 607 158 68 290 68 4 258 85
189 68 550 501 68 397 68 158 152 68 607 158 68 79 158 189 241 68 359 70 158 108
569 68 447 430 68 158 108 68 241 194 85
611 149 68 36 149 68 517 68 266 479 68 189 68 79 152 68 201 240 299 70 158
607 68 36 149 68 261 158 543 68 347 158 152 68 607 158 85
503 189
189 68 550 501 68 397 68 517 194 68 334 68 527 220
261 86 68 158 152 68 197 359 68 430 68 158 108 68 389 240 359 68 5 189 68 19 85
577 68 321 240
196 68 347 158
97 68 43 158 68 331 85 299 85 68 4 85 359
261 158 85 68 211 68 330 68 158 222 85
397 415 543 149 258
607 158 68 390 569 68 99 68 99 68 189 51 86 68 158 108
607 68 36 149 68 261 158 543 68 241 68 405 607 170 152
261 86 68 43 158 68 246 68 569 68 158 5 258 390 68 241 68 290
189 68 261 158 543 68 397 68 158 152 68 607 158 68 189 241 85 359 68 346 211
261 430
607 68 36 149 68 261 158 543 68 152 550 158 199 68 397 68 569 68 611 178
290 85 173
97 68 246 68 5 108 68 5 211 85
405 68 611 189 211 85 359
54 86 68 397 415 211 108
220 211 222 543
189 68 370
158 359
241 85 201 258 68 397 68 569 68 607 68 569 68 158 108
201 258 68 607 158 68 290 85 68 640 68 87 68 170 108
607 50 611 85
611 149 68 36 149 68 531 158 108 68 246 68 70 158 68 290 258 551
158 68 517 85 68 648 68 158 240 302 68 70 158 108 68 240 389 237 68 241 68 246 68 253
321 68 19 85 68 253 68 87 68 36 149 68 87 108 68 211 339
189 68 607 158 68 607 158 68 417 68 158 108 68 430 149 258
170 108
64 211 359
86 163 68 550 501 68 397 68 607 158 68 339 68 447 158 108 68 241 68 189 68 447 158 189
189 68 550 501 68 397 68 5 290 258 68 607 158 68 261 149 68 607 50 68 5 108
607 68 36 149 68 479 240 359 68 85 79 158 543 68 43 430 68 43 430
153 108
550 450
503 189 68 607 487 68 569 68 550 430 149 68 543 51 85 68 240 51 86 108
201 240 68 593 89 487 68 397 68 97 68 126 68 126 68 405 199 68 607 170 108
64 149 68 321 247 85
501 85 517 194 68 247 68 5 211 85 68 64 211 108
64 211 390 68 182 149 68 36 85 68 189 68 543 389 158 543 68 569 68 517 85 299 211 68 85 299
64 211 390 68 197 86 68 153 108
64 550 158 68 4 563 158
43 158 68 550 158 199 68 246 68 201 74 68 201 570
70 189 68 599 68 158
201 258 189 570
611 158 240
197 158 189
527 68 153 108 68 97 68 246 68 390
607 68 189 68 81 68 397 68 405 68 189 64 389 158 359
569 68 321 247
426 155 68 258 108 68 189 16 430
346 211 68 158 189 68 158 449 68 36 149 68 607 50 68 231 240
76 85 359
189 68 550 501 68 607 158 68 570 225 68 640 68 405 108 68 64 211 390
5 108
397 68 87 449 68 237
5 108 68 115 158 64 550 158 85
611 86 68 593 89 487 68 569 68 149 68 261 86 68 321 569 68 170
43 430
158 68 245 449 68 261 430 68 405 189 68 261 158 247 68 611 74
189 68 550 152 68 397 68 501 85 517 623 68 85 68 85 170 487 149 68 397 68 569 68 550 487 108
36 86
607 68 36 149 68 158 108 68 36 211 607 170 211
54 86
531 149 136 158 240 149
651 123 68 569 68 417 68 390 68 390
397 68 54 86 68 64 211
261 86 68 607 68 36 149 68 36 86 68 569 68 288
189 85 264 43 487 149
390 517 258 85
196
607 68 36 149 68 261 158 543 68 607 158 240 51 222 68 70 158 108
79 430 349
5 68 527 68 158 108 68 577 68 5 68 19 79 553 68 196 68 334 85
503 189 68 126 149 68 405 68 390 517 258 189 538 158 245 389 158 199
245 449 68 189 68 479 611 299 149
189 68 261 158 68 607 158 68 389 158 199 85
212 85 447 189 643
189 68 153 108 68 321 247 68 158 517 299
261 86 68 43 158 68 246 68 569 68 4 108 68 241 68 346 85 68 245 449
5 68 36 149 68 158 108 68 607 158 68 59 67 343 189 51 189
43 158 85
189 68 261 158 543 68 5 108 68 390 517 258 68 569 68 158 295 68 390
201 258 654
552 85 19 93 550 158 108 68 261 430
79 430 397 85 359
189 68 607 50 68 36 86 68 261 86 68 397 68 330 189 241
321 563 158 68 331
211 85 136 155
222 476 68 189 68 430 68 149 258 68 49 68 577 68 54 86 68 64 211
569 68 158 189 577 68 189 570 430 68 43 86 163 68 241 85 347 158 108
246 550 430 108 68 517 68 43 158 290 152
196 68 347 158
36 108 68 36 85 68 189 68 246 68 54 86 108
189 68 211 68 97 68 241 68 158 108 68 370 68 158 240 389 479 70 189
503 339
54 86
276 471
189 68 550 501 68 397 68 531 149 68 43 158 68 89 487
36 149 68 517 359 68 246 68 97 68 405 149 258 68 189 68 89 487 68 241 68 569 108
196 68 19 489 68 201 108 68 189 531 155 194 213
378 85 222 108
189 68 79 158 197 68 189 68 213 68 405 108 68 19 108
261 86 68 43 158
261 86 68 43 158 68 246 68 569 68 5 290 643 359
189 68 211 68 397 68 81 68 569 68 124 68 640 68 569 68 258 189 426 569 85
87 108 68 64 149 68 213 51 86 152
158 108 68 19 108 68 158 189 68 36 415 211 68 64 211 108 68 54 86 68 640 68 569 68 189 16 430
447 158 158 68 577
397 68 607 158 85 152
507 449 68 231 240
390 68 651 123 68 136 158 189 68 241 68 170 108 68 36 85 68 550 501 68 550 501 68 339 551 68 389 349 531 158 551
135 68 43 158 68 405 68 158 36 189 68 197
648
517 68 189 68 642
211 543
527 68 359 68 347 158 68 189 68 321 189
607 170 359 68 405 108 68 97
19 108 68 430 68 501 85 68 501 85 189 266 50 68 640 68 334 543 389 85 359 68 339 68 569 68 170 487 359
158 240 551 68 607 158 68 5 189 415
4 64 68 87 359 68 640 68 158 108 68 158 543 85 201 258 213
5 543 81
527 68 196 68 189 68 246 68 339
158 108
189 68 211 68 397 68 253 68 503 158 359
189 68 607 158 68 158 189 570 389 339
5 189 19 68 64 211 390
321 189
211 543
607 68 593 89 158 543 68 426 86 68 283 68 550 86 108 68 153 108
479 68 607 155 68 321 247 85
330 258 189 550 158 213
258 108 68 36 149 68 517 68 222 85 68 189 68 321 189 68 569 68 76 85 241 359 70 158 108
258 85 4 85 359
97 415
189 68 651 123
189 68 550 152 68 397 68 417 68 79 359 68 640 68 569 68 149 68 36 85
525
607 158 68 640 68 321 85
170 258 68 136 158 359
197 158 189 68 253 68 246 68 331 299 68 201 258 68 334 222 68 517
276 85 607 158 5
276
321 68 189 68 607 50
503 158 108 68 158 108 68 36 149 68 54 86 68 397 68 133 68 426 339
189 68 213 211 406 158 152
394 108
201 258 68 607 158 68 70 158 108
503 158 108 68 390 68 569 68 76 85 222 85 359 68 642 211
261 86 68 43 158 68 501 85 447 189 68 517 68 607 50 68 189 149 550 158 543
261 86 68 43 158
189 68 550 501 68 97 68 531 339 68 430 68 189 68 531 158 240 389 430 68 241 68 517 68 640 68 569 68 517
611 163 68 81 68 201 258 68 569 68 241 68 569 68 149 550 158 543 108 68 241 68 569 68 36 85 68 430 68 207 108
85 350
189 68 447 158 543 68 201 149 299 136 487 359
201 211 199 68 241 68 359
607 158 68 189 149 359
503 189 68 607 68 87 68 81 68 397 68 405 68 417
4 517 68 430
189 68 87 359 68 569 68 258 68 276 85 68 607 158 68 430 68 651 123
4 85
189 220 194 85
189 68 158 543 389 158 299 68 397 68 43 158
87 359 438 415
430 222
390 68 19 108 68 430 68 394 240 158 240 68 577 68 426 339 68 426 569 68 5 189 85
19 331 68 36 149 68 648 68 569 68 517
54 86 68 397 68 19 108 68 19 85
550 501
517 359 68 43 86
321 563 158
447 158 290 299 415
211 85 430 359 68 246 68 87 449 189 68 426 569
201 258 68 76 85 359 68 189 68 93 211 74
231 240
503 339 415
19 68 430 68 240 359 569 68 4 108 68 189 68 246 68 246 68 135 149 68 640 68 569 68 640 68 569 68 569 68 640
321 211 68 321 569 68 108 68 64 211 390
189 68 550 501 68 397 68 501 85 517 570 550 158 108 68 170 108 68 170 487 149 68 5
153 155 68 246 68 430 149 517 68 517 85
153 68 347 189 68 5 189 68 638 68 51 86
201 258 68 197 108 68 397 68 153 108 68 19 85
87 359 68 607 50 68 36 149 68 158 108 68 158 108 68 36 85 359
97 68 85 321 247 85 359
258 247 85
153 85 68 51 570 68 347 158 68 5 68 253
503 158 108 68 390 68 569 68 611 299 149
405 415
204 152 68 617 149
405 237 68 426 339
346 211
196 68 607 50 68 36 149 68 339 68 397 68 258 189 68 158 189 68 19 68 241 430 397 68 569
397 68 347 501 438 359
86 163 68 550 501 68 36 85 68 321 189 68 253 551 68 241 68 397 189 85 290 85
19 108 68 430 68 261 155 68 607 68 527 68 43 158 68 197 86 68 331 68 5 189 68 640 68 569 68 201 258
189 85 4 68 607 50
97 68 302 359 68 397 68 569 68 158 189 68 430 299 68 85 611 51 86
607 158 152 68 569 68 405
153 68 607 158 68 5 108 68 261 86
158 108 68 36 149 68 283 68 197 86 199
538 430
599 247 213 194 178
525 68 4 108 68 290 85
503 158 108 68 390 68 569 68 640 222 85 222 189 68 133 85 347 85 359
517 194 359 68 479 240 359 68 651 123
599 68 45 206 68 339 68 607 158 68 189 149 389 149
611 86 68 189 68 261 158 543 68 5 108 68 397
283 68 640 158 240 389 85 299 211
135
158 16 189
446 201 240 359
321 68 82 152 68 36 149
36 149 68 517 359 68 4 68 607 158 68 550 430 68 283 68 283 68 447 158 290 85
538 430 68 189 643 359
4 152 197
447 158 394 643
115 479 68 189 68 261 149 68 550 479 68 152 258 85
4 85
36 108 68 261 430 149 68 390 68 638 68 4 85 359
189 68 189 85 4 68 640 68 640 68 197 86
261 86 68 43 158 68 246 68 339 68 607 158 68 189 16 158 359
346 225
4 108
197 158 68 640 68 241
347 189
527 68 153 68 201 258 68 447 158 189 108
189 68 261 158 543 68 397 68 158 152 68 158 108 68 149 389 339 68 346
651 123
261 86 68 569 68 503 158 108 68 19 85 68 397 415 51 108
197 86 569 68 550 501 68 430 68 334 222 68 79 158 68 394 108
170 108
359
170 108
201 258 68 430 68 36 85 68 607 68 611 74
87 415
569 68 182 149 550 339 68 189 68 507 211 68 390 68 189 51 247 85 68 321 247 68 569 68 64 389 158 189 68 213
135 68 240 359 68 36 149 68 19 85 68 397 68 334 211 390
569 68 531 158 247 68 390 68 638 68 405 299 149
192 68 153 108 68 19 240
222 476 68 607 158 68 405 240 550 339
36 149 68 211 607 50 68 339 68 517 85 68 245 449 68 189 68 389 158 118 68 642 211 199
261 86 68 43 158 68 246 68 607 158 68 194 346 211 68 517
245 152
5 189 68 133 68 197 86
158 108 68 642 68 246 68 397 68 611 51 86
5 189 643 551
241 85 201 258 68 397 68 569 68 607 68 569 68 158 108
54 86 68 189 570 389 339
196 68 158 108 68 569 68 261 158 85 68 189 550 158 247
19 108 68 158 108 68 197 86 68 158 152 68 4 64 68 397 68 5 85
59 430 222 149 194 85 359 68 211 334 108
76 359 389 158 68 642 68 642 211
258 68 532 339
194 543
51 570 68 87 152
170 211
97 68 543 85 389 155 194 359
245 152 162
417
43 158 68 64 211
490
531 158 85 299 68 517 85 390
158 108 68 19 108 68 501 85 4 189 211 245 85 68 136 479 68 19 85
503 339
87 68 64 211 68 339 68 189 16 569 68 70 189 68 343 543 211 189
201 258 68 158 570 389 339 68 19 359
405 108 258 240 359
405 51
611 86 163
59 149 550 158 108 68 5 189
97 68 430 68 189 85 4 85 359 68 4 85 359
64 211 390 68 611 118 68 569 68 36 85 152 550 158 543 68 43 158 68 331 487
189 68 389 240 359 68 648 68 607 68 569 68 517 85
189 68 261 158 543 68 158 543 258 85 68 189 4 85 68 517 85
43 86 149 68 36 149 68 517 68 651 123
19 331 68 36 149 68 189 68 158 240 85 517 85 359 68 189
189 68 211 68 397 68 346 211 68 158 189 211 189 359 211 85
43 339 68 640
87
607 68 593 89 86 68 87 108 68 241 68 170 299
189 68 550 501 68 607 158 68 211 85 149 68 494
531 85 68 54 86
170 299 68 517 68 370 359
569 68 136 158 189 68 507 258 68 261 570 389 158 334 108
153 108 68 201 258 68 330 152 258 334 222 68 189 241 68 189 211 85 347 158 118
76 240 359 68 64 51 108
261 86 68 43 158 68 246 68 607 158 68 194 346 211 68 517
87 68 87 108 68 136 158 194 514 199 68 266 158 189 68 550 339 68 19 85 68 189 241 551
577 68 64 51 108 68 397 415 211 85 68 36 149 68 36 85 359 68 241 68 97 68 189 68 569 68 241 359
87
189 68 261 158 85 68 189 68 611 86 163 68 231 240
196 68 390 68 569 68 321 27 68 640 68 36 85 68 85 447 158 551
189 68 158 108 68 430 68 222 476 68 426 86 85 68 405 241 68 54 86 68 397 68 405
503 85
189 68 5 68 430 68 201 258 136 158 152
201 258 189 54 654 68 397 68 222 476 551 68 438 415 68 611 74 68 189 68 189 550 430 397 68 241 68 339
158 68 331 487 299 68 45 108
607 170 68 531 430 149 643
5
79 430 68 321 189
115 158 551
321 68 569 68 158 108
240 550 213 211
607 50 68 577
517 68 36 149
321 189
36 149 68 36 86 68 196 68 607 158 68 158 189
213 194 152
501 85 43 430 68 158
212 85
611 74 299 149 550 158 118 68 321 569 68 36 108 68 611 74 68 640 68 640 68 577 68 577
153 68 246 68 321 339 68 569 68 5 189
87 189 108
36 149 68 405 68 607 68 611 189 68 611 359
607 50 68 4 108 68 197 86 240
189 68 517 359 68 153 108 68 36 149 68 64 211 390 68 4 152 88
550 501 68 490 359
36 149 68 261 158 543 68 43 158 68 611 51 390 569
97 68 115 158 68 253
346
517 68 189 68 577 68 569 68 246 68 36 85 68 149 550 158 543 389 85
64 211 390 68 149 108 68 321 240 68 36 85 68 346 68 241 68 173
4 189 149
212 415
406 155 194
97 68 538 430 68 189 570 550 430 68 5 189 68 607 50
201 258 68 197 108 68 397 68 648 68 36 149 68 87 359 389 339
87 93 211 68 158 189 68 570 389 339
87 85 4
201 258 607 68 607 170 108 68 5 108
36 149 68 158 108 68 607 158 68 197 86 68 246 194
569 68 65 155 49 68 213 51 86 68 213 532
611 86 68 158 245 258 189
276 471
189 68 212 450 68 19 85
189 68 577 68 430 359 389 158 199 68 258 189 643 359 68 331 68 43 158 68 331 68 196 68 170 334
503 189
36 85 607 158 68 240 51 86 149
19 108 68 302 359 68 261 359 68 189 68 517 68 607 170
5 415
5 68 4 478 68 170 108 68 241 68 158 108 68 479 68 611 189
569 68 550 158 189 68 246 68 531 158 295
607 158 85 68 189 68 36 211 607
261 86 68 43 158 68 246 68 569 68 642 158 108
531 299 643 68 517 499 108
261 158 211 406 158 240
5 68 642 211 68 261 158 189 68 405 189 68 346 211 68 563 189 359
64 211 390 68 222 240 68 640 68 36 108 68 19 85
158 607 155 643
153 108 68 97 68 246
189 389 85 359 389 158 359
211 240 359 68 640 68 569 68 5
261 405 189
245 258 359 438 68 258 68 611 189
261 86 68 390 359
405 240
527 68 640 68 43 158 68 438 359
651 123 68 405 108 68 405 108 68 640 68 447 158 108
347 158
115 247
494 68 5 68 93 51 149
189 68 426 86 108 68 158 108 68 447 158 438 359 68 397 68 569 108
261 86 68 43 158 68 246 68 569 68 79 158 108
517 85 299 68 43 158 68 19
503 158 108 68 607 68 189 68 406 501 68 189
651 123 68 189 426 86 68 607 50
189 68 87 359 68 397 68 501 85 517 570 389 158 108 68 241 68 158 108 68 569 68 85 299 149
115 155 194 258 108 68 330 149 607 158 108
607 68 36 149 68 241 81 68 153 189 68 261 149 258 85 517
261 86 68 607 68 189 68 577 68 397 68 651 123
321 68 201 258 68 651 123 68 241 68 43 158 68 321 189 68 321 189 68 241 68 43 158 68 85 299 149 68 552 85 359
258 108 68 406 155 68 64 550 158 543
197 158 189 68 607 158 68 569 68 253 68 261 158 118
517 194 199 68 642 211
153 108 321 85
240 222 68 158 108 68 415 629
87 449 68 189 68 36 149 68 64 430 68 397 68 43 158 68 611 331 158 85
349 85 359 68 607 158 68 389 85 359 68 158 108 68 158 108 68 569 68 430 108
258 438 359
19 79 359 68 197 158 517
642 149 550 86 108 68 64 211 390
569 68 136 158 158 68 149 389 85 68 569 68 514 199 68 158 108
201 258 68 197 108 68 501 85 390
189 68 197 85 359
97 68 54 86 189 570 68 397 68 197 86 68 538 158 189 389 158 199
189 68 5 189 68 417 68 426 487
189 68 211 68 479 68 640 68 640 68 607 158 68 211 85 299 68 479 240 550 158 359
241 85 68 390 569 68 115 479 68 426 430
261 86 68 124 68 607 50 68 569 68 290 85 241 158 108 68 211 517 623
607 50 68 389 339 551
321 569 108 68 64 211 108
189 68 258 189 68 570 389 570 68 607 158 68 43 158 68 507 258
149 299
550 85 359 68 405 108
430 51 108
607 258 68 19 68 189 68 406 155 149 68 43 158 68 64 550 487 359
426 158 359 389 158 68 471 211
389 189 68 261 86 85
43 158 240 19 108
231 51 86
51 82
527 68 70 189 68 49 68 517 68 43 158 68 153 189 68 569 68 531 108
5 189 68 136 479
611 152
607 158
397 108 68 241 85 54 158
126 68 36 86
64 550 158 68 245 449
346 68 241
258 189 68 45 108 68 330 654
97
565 85 68 617 68 321 27
240 550 213 211
611 149 68 189 68 577 68 607 158 68 211 189 68 321 189
607 158 85 68 321 240
321 68 189 68 577 68 189 68 51 86
97 68 211 543 68 321 247 68 569 68 19 85 68 64 550 158 108
517 68 189 68 19 68 158 108 68 253 220 88 359
607 158 68 189 149 359
189 68 651 123 108 68 426 86 68 607 68 389 85 299 4 189 85
51 487 85
201 258 136 158 189 68 158 189 68 339 68 261 359
43 158 68 607 68 390 569
290 213 68 173
651 123 68 211 68 607 158 68 54 86 68 189 54 86 108
503 189 68 517 68 189 68 197 86 149
170 51 86
201 258 68 197 108 68 87 68 564 222 149 68 607 158 543 258 68 189 68 569 68 550 501 68 339 68 640 68 339 68 640 68 397 68 36 85 68 36 85 359 68 36 85 68 241 68 241 68 36 85 359 68 36 85 359 68 253 68 253 68 197 86 163 108 68 197 86 199 68 197 86 199 68 197 86 68 197 86 68 197 86 68 197 86 68 197 86 68 197 86 68 197 86 68 197 86 68 197
405 237 68 640 68 252 158
189 68 550 501 68 397 68 517 194 68 334 68 93 435 334
126 68 19 108 68 405 68 607 158 68 189 68 149 550 487
189 68 152 51 68 36 149
503 158 108 68 390 68 569 68 550 487 359 68 640 68 241 194 149
87 359 68 246 68 36 85 68 149 68 115 479 68 447 155
135 68 503 339
517 258 85
43 158 68 550 158 199 68 246 68 201 74 68 201 570
189 68 64 389 501 68 189 68 87 68 54 654 68 397 68 5
49 68 158 68 258 68 36 149 68 607 158 543 68 611 51 86 149 68 359 389 158 359
321 211 68 471 389 158
196 68 295 149 68 158 108 68 490 68 611 178
197 149 247 108 68 197 86
189 68 211 68 397 68 222 476 68 241 551 68 354 68 241 359
564 68 607 158 68 607 158 68 81 68 19 489
321 85
136 479 85 406 158 189
196 68 136 158 240 222 108
651 123 194 149 68 390 68 246 68 447 158 240
97 68 246 68 430 68 430 68 43 158 68 397 189 68 36 189
531 158 108 68 36 85 68 189 68 5 68 189 241 430 359 68 569 68 158 108 68 389 85 299
517 68 189 68 577 68 607 158 68 137 155
201 258 136 158 108
133
261 86 68 43 158 68 370 68 36 149 68 607 158 247
261 86 68 43 158
189 68 79 602 194 68 241 68 158 108 68 405 237 108 68 36 85
196 68 607 50 68 36 149 68 640 68 170 108
158 108 68 36 149 68 158 108 68 617 149 68 97 68 331 108 68 36 85 68 389 339 68 397 68 339
607 68 593 89 158 68 397 68 54 86 68 640 68 76 339
607 50
258 247 299 415
189 68 87 359 68 397 68 253 68 503 158 359
87 68 81 68 397 68 197 86 68 569 68 213 194 211 199
397 68 430 211
196 68 390 68 569 68 517 258 551 68 87 449 68 85 136 158 213 68 19 85 68 635 189
5 68 189 68 222 476 551 68 321 108
97 68 170 643 85
19 108 68 430 68 158 240 68 447 158 108
355
607 339
97 68 426 86 68 5 211 85 430
599 68 5 68 189 68 36 149 68 607 158 85 365 430 199 68 261 85 68 135 68 550 85 359 68 543 389 339
607 50 68 359 51 86
611 189
550 430 359 68 5
196 551
347 158 85
51 189
261 86 68 43 158
97 68 43 158 68 331 108 68 246 68 70 158 108 68 19 85 68 397
611 86 68 36 149 68 258 68 569 68 397 68 266 158 68 405 68 607 155 68 607 155
189 68 321 290 85 68 189
503 85 68 390 68 569 68 397 415 211 68 201 240 299 4 85 68 189 211 189 85 359
517 68 189 68 158 648 68 158 108 68 447 158 85 68 153 108
507 258
4 199 290 85 68 64 211 438 359
343 543 51 173
196 68 330 85 68 158 108 68 36 149 68 189
189 68 261 158 68 153 222 359 68 246 68 405
405 108 258 240 359
517 68 189 68 577 68 479 68 158 108 68 87 426 339
258 68 36 149 68 197 86
36 149 68 390 334 543 68 607 158 68 85 447 158 4 240 68 246 68 189 550 155
189 68 213 68 607 158 68 51 359 68 158 240 299 68 276 85 68 158 155
19 85
149 43 158 240 51 85 359 213
207
189 241 430 213
517 68 189 68 517 85 68 97 68 212 189 68 247 85
189 68 261 158 543 68 258 68 330 211 543 68 564 68 261 86 68 19 85 68 158 543 68 390
189 68 550 501 68 197 86 68 189 241 85 347 158 118 68 266 158 68 397 68 569 68 64 389 158 199
189 68 550 501 68 397 68 5 290 258 68 607 158 68 261 149 68 607 50 68 5 108
490 359
331 211 390
65 86 68 85 611 152
447 158 85
153 108 68 390 68 569 68 438 359 68 5 346 85 68 241 194 222 108
527
241 85 68 93 389 158 152
346 225 68 189 211 68 70 158
79 426
503 158 108 68 517 189 68 347 501 68 607 158 68 189 68 158 108 68 212 158 359 68 642 68 569 68 642 68 397 68 339 551
231 240
607 68 593 89 158 543 68 569 68 211 565
569 68 447 158 438 359 68 430 68 201 334 415
36 149 68 517 359 68 531 158 85 68 607 479 68 170 299 149 68 170 108 68 189 241 68 85 359
182 108
76 240 359 68 64 51 108
611 149 68 593 89 158 68 569 68 550 158 108 68 152 88 85 68 640 68 5
283 68 607 158
158 108 68 36 149 68 45 108
189 68 43 158 68 331 158 68 261 86 68 543 51 85 237 68 550 430
503 189 68 607 487 68 36 108 68 64 435 334 68 211 543
5 543 258
607 68 36 149 68 261 158 543 68 4 247 85 68 133 68 565 240
577 68 64 51 108 68 397 415 211 85
212 85 447 189 643
86 163 68 246 68 158 189 68 211 85 211 85 152 68 438 415 68 438 359 68 607 170 299 149
97 68 258 155 643 449 68 261 359
503 158 108 68 390 68 569 68 640 222 85 222 189 68 133 85 347 85 359
194 543
189 68 258 152
276 85 607 158 5
49 68 158 68 577
54 86 68 321 569 68 577 68 390 68 390 68 346 85
54 86 199 89 487
550 501
261 86 68 607 68 189 68 350 68 241 68 339
158 85 79 220
5 211 471 211
126 68 36 149 68 258 68 158 68 158 570 389 158 189
503 158 108 68 517 189 68 417 68 45 27
607
240 359 68 321 189 68 36 85 68 531 155 68 531 299
550 158 68 640 68 569 68 64 389 158
290 85 74
189 68 87 359 68 197 68 258 68 607 50 611 85 359
607 68 36 149 68 192 194 68 158 108 68 220 51 189
321 189 68 241 359
241 85 68 19 108 68 607 158 68 261 86 68 43 158 68 607 50 68 189 68 189 68 19 85 68 607 158 85
261 86 68 124 68 607 50 68 569 68 426 158 68 54 86 108 68 241 68 642 108
514 199 359
261 158 189 68 273
231 240
503 158 108 68 390 68 569 68 76 85 222 85 359 68 642 211
64 211 390 68 211 543 68 158 543 74 68 19 85 68 158 108 68 43 155 194 68 211
162 68 640
430 85 222 85
607 158 149 643 359
261 158 543 68 593 89 158 108 68 390 68 115 479 68 430 149 68 426 158
531 149
36 149 68 397
201 258 68 397 68 349
503 85
87 359 68 158 108 68 36 149 68 197 517 82 68 201 108 68 59 290 85 222 149
569 68 5 155 68 430 64 550 158 359
149 211
517 68 36 149 68 43 158 68 640 68 339 68 211 85 359 68 158 108 68 153 108
222 476 68 153 108
543 197
503 189 68 607 68 607 158 543 68 397 68 525 551 68 189 149 389 339
503 158 108 68 158 108 68 36 149 68 54 570 389 158
201 258 68 197 108 68 189 68 201 258 82 149
531 149 654 68 135 149
192 211
569
189 68 261 158 543 68 158 240 68 339 68 347 158 85
607 158 85 68 657 299 149 68 158 189 68 607 68 189 550 86
517 68 36 149 68 577 68 43 158 68 331 430 108 68 517 68 640 68 43 158 68 152
569 68 426 158
149 51 359 68 503 189
86 163 68 197 86 68 5 68 569 68 213 194 149 68 321 189
258
196 68 153 68 494 68 550 501
16 158 543 68 158 543 85 359 68 593 89 158 68 640 68 54 654
503 158 108 68 390 68 501 85 359 68 389 19 85 68 321 189
213 211 450
196 68 607 50 68 36 149
431 108
43 158 68 394 149
135 68 261 158 543 68 569 68 611 261 86 85 68 517 499 68 64 211 390
135 68 494 68 158 108 68 607 158 68 607 158 68 611 152 68 405 237
222
5 68 158 240 222 85 68 397 108 51 86
158 213 194 149
222 476 68 76 346 108
240 389 334
405 258 68 158 108 68 394 149
54 86 68 64 51 487 359
36 149 68 197 86 68 330 359 68 189 108 68 417 68 405 189 68 607 68 70 158 108
19 331 68 36 149 68 241 108 68 43 158 68 189 570 550 158
517 85 51 282 85 359
189 68 261 158 543 68 158 258 85 359 68 390 85 68 607 68 189 68 211 85 438 359
501 85 43 430 68 158 68 503 158 108 68 607 158 68 189
346 211 68 607 170
97 68 273 68 5 68 64 211 108
93 93
495 68 79 158 189 68 397 68 651 85 68 19 108
5 189
389 85 359 68 517 85
261 86 68 43 158 68 246 68 569 68 430 331 68 447 158 85 438 359
189 389 85 299 389 158 194 68 158 155
490 359 68 447 158 438 359
276 85 152
19 85 68 87 449
607 170 68 136 479 68 43 158
607 158 85 68 347 158
607 158 5 189 347 158 118 68 189 426 569
87 359
607 158 543 68 569 68 258 394 240
189 68 5 189 68 158 189 68 397 68 334 222 68 36 149 68 152 550 158 334 108
514 199 68 136 158 213 211 390
201 258 68 241 68 36 85
97 68 258 68 550 501 68 189 543 389 85 152 68 261 570 389 158 68 54 86 68 397 68 153 189 68 153 189
87 108 68 607 68 569 68 170 108 68 550 158 189 68 550 158 189
607 158 68 640 68 640 68 517 4 240 68 64 211 390
196
359 503 189 643 415
258 247
189 68 54 86 189 570 68 607 68 569 68 258 68 5 108 68 397 68 389 339 68 397 68 577 68 577
607 155 68 85 189 68 651 123 68 152 550 158 543 108
70 430 68 158 108 68 339 68 43 158 68 93 51 86
213 550 86 68 152 51 68 197 86 68 261 158 108
189 68 607 68 43 158 68 331 85 359 68 330 108
4 199 290 85
321 68 189 68 394 68 158 108 68 158 85
517 68 189 68 261 158 543 68 472 68 153 189 241
607 155 68 85 359 68 70 189 68 204 222 68 331 149
390 68 19 108 68 197 158 68 426 569 68 212 85 359 51 570 68 36 211 149
607 68 593 89 158 543 68 642 158 68 241 68 158
64 211 390 68 240 222 68 321 189 68 569 68 503 158 359 389 158 359 68 550 339
153 68 170 299 68 19 68 87 68 158 449 68 503 158 68 54 86
201 258 68 197 108 68 531 149 68 189 68 607 50 68 81 68 261 158 85
569 68 36 85
447 189 643
390 68 651 123 68 397 68 93 211 290
565
321 247 405 108
517 194 643
158 108 189 211 213 68 347 158
155 194 68 607 158 85
197 149 247 334 108
54 86 68 405 68 405 237 108
517 68 36 149 68 430 68 43 158 68 136 170 299 68 5 108 68 550 430
607 68 36 149 68 501 85 517 68 640 68 5 543 301 359 68 290 85 359
196 68 189 68 36 149 68 158 108 68 189 68 189 108
397 68 426 430 68 240 68 64 211 108
51 359 68 115 479
642 211 189 68 115 479 108
189 68 550 501 68 397 68 266 158 68 197 86 68 258 222 4 258
607 68 189 68 81 68 397 68 405 68 189 64 389 158 359
258 68 36 149 68 158 108 68 241 68 197
321 290
51 359 68 550 501 68 36 149
196 68 136 158 199 108 19 85 68 246 68 97 68 397 68 607 158 85
189 85 264 43 487 149
261 86 68 124
189 68 273 68 197 86 68 240 68 189 68 611 51 86 68 397 68 64 550 339
651
194 346 68 346 211
405 68 70 158 359
201 258 68 494 68 241 68 158 108 68 321 290 68 640
189 68 4 85 68 158 108 68 638 68 550 86
97 68 43 85 68 507 258 68 430 68 5
87 152 68 149 68 97 68 638 68 321 247 85
189 68 5 258 241 430 359 68 189 68 331 149
503 158 108 68 517 189 68 417 68 158 68 158 189 68 517 194 68 517 85
258 189 43 158 68 231 240
5 68 593 89 158 68 152 550 158 247 68 550 158 359 68 435 349
201 258 607 68 321 4 359 70 158 68 447 158 438 551
569 68 531 158 247 211 222 68 59 67 222 108 68 430 149 68 43 430 68 569 68 85 359 16 430 359
170 299 68 16 158 359
170 68 607 158 68 87 68 158 108
503 189 68 517 68 397 68 290 85 359 607 50 68 640 68 64 389 158 68 5 108 68 213 211 543 68 390 68 189 213
321 247
189 68 43 158 68 331 158 68 261 86 68 543 51 85 237 68 550 430
569 68 158 222 68 390 68 347 189 550 86 85
201 258 68 339 68 321 189 68 158 108 68 330 359
494 68 607 170
261 158 543 68 397 68 5
390 68 36 108 68 503 158 240 68 231 240 68 339 68 607 158 68 70 158
503 189 68 503 158 543 68 5 406 158
189 68 447 189 68 261 86 68 158 108 68 36 149
607 68 189 68 81 68 397 68 4 152 68 607 68 569 68 258 551
261 86 68 158 152 68 64 435 64 225
19 85 189
389 570
240 359 68 97 68 359
321 68 201 258 68 197 108
611 51 85 359 70 189
565 19 85
54 86 68 426 339 68 189 158 85 68 261 158
115 479 68 36 149 51 570 359 68 247 334 85
611 86 149 68 87 68 81 68 197 86 68 5 108 68 405 68 64 211 390
636
19 85 68 430 68 158 108 68 189 16 569 68 531 158 108 68 266 158 108 68 43 85 68 64 389 158 149
241 85 347 158 359 68 173
4 85 438
503 158 108 68 5 68 527 68 447 189 68 36 149 68 611 51 86
189 68 636 68 87 189 16 158 359
189 68 211 68 430 68 158 258 222 211 68 321 189 68 334 68 431 108
261 86 68 124
36 149 68 611 86 68 54 86 108
240 550 213 211
261 86 68 124 68 126 68 607 158 68 81 68 397 68 503 158 359 68 241 68 43 158 68 85 299 68 339 551
76 85 359
258 189 643 359 68 115 247
5 211 247 108 68 162
261 86 68 607 68 36 149 68 569 68 651 123
258 290 152
212 501 85
607 299 211 85 347 189 68 5 108 68 390 569 68 211 438 359
527 68 607 50 68 36 149 68 261 158 543 68 426 569
49 68 158 189 68 501 85 68 36 149 68 36 108
550 430 68 330 108 68 79 430 68 290 85
64 211 74 68 201 108 68 339
261 86 68 158 152 68 517 258 390
5 189 51 85
189 68 261 158 543 68 339 68 640 68 339 68 158 240 211 85
607 68 36 149 68 261 158 543 68 152 389 158 108 68 241 68 517 85 115 479
607 68 36 149 68 261 158 543 68 152 68 43 155 194 85
153 108 68 158 68 607 158 68 370
158 16 189
321 68 607 158 68 607 158 68 170 68 283 68 158 152 51
19 68 152 68 593 89 68 54 86 68 76 85 359 68 70 189
231 51 86 68 189 68 550 501 68 397 68 197 86 68 397 68 334 222
569 68 158 5 189 149 68 246 68 397 68 43 158 68 19
189 68 550 501 68 397 68 447 158 189 68 569 68 173
64 211 390 68 222 240 68 640 68 36 108 68 426 487
231 51 86 68 196 68 517 68 189 68 640 68 36 85 68 397 68 607 50
87 359 68 158 108 68 5 68 241 85 379 85 359 389 158 118 68 241 68 85 347 158 118
149 194 334
189 68 54 654 108 68 253 68 87 569 108 68 359 70 85 68 397 68 19 85 68 607 158 85
197 85 359
64 211 390 68 182 149 68 36 85 68 430 68 479 152 68 397 68 569 68 76 85 359
87 68 170 68 417 68 397 68 321 189
201 258 68 397 68 189 211 85 299 68 189 68 430 241 85 359
550 158 36 108
97 68 430 68 51 570 68 133 85 36 85
19 85 359
201 258 136 158 108
5 68 611 152
189 68 426 158 543 85 85 449
290 85 359
86 163 68 346 152 68 43 158 68 213
5 68 527 68 607 158 68 36 149 68 607 158 68 70 189
197 85 359
321 68 36 149 68 158 108 68 54 86 19 108
355 517 211
494 68 550 501 68 36 149 68 87 359 68 390 68 201 240 623
196 68 527 68 36 85 68 64 550 339 68 543 211 334 108
611 74 299 149 550 158 118 68 321 189 68 241 68 569 68 517 68 640 68 43 158 68 241
245 258 68 261 158 68 211 222
158 449 68 43 158 222 108 68 390 68 607 170 68 607 170
507 258
531 158 551
158 189 149 389 517 85 359
290 85 438 359
438 70 158 68 5 346 85 347 158 118 68 241 85
86 163 68 550 501 68 397 68 211 543 68 158 543 68 158 74
189 68 261 158 543 68 158 108 149 643 85 68 321 27
261 86 68 246
189 68 253 68 617 149 68 607 155 68 405 68 531 299
607 68 36 149 68 261 158 543 68 430 64 211 108 68 241 359 68 347 189
642 405 108
438 70 158 68 5 346 85 347 158 118 68 241 85
611 86 68 189 68 261 158 543 68 5 108 68 397
97 68 405 189 68 607 158 543 149 68 397 68 5 68 390 85
135 68 5 68 405 68 490
276 85 258 85 68 406 158 108 68 517
261 86 68 124 68 197 149 68 607 50 68 405
189 68 261 158 247 68 19 68 158 449 68 447 158 85 68 241 68 158 108 68 54 86 68 397 68 343 543 211 543 211 543
321 68 189 68 607 50
321 247 85 68 19 108
189 68 261 158 543 68 135 68 552
189 68 459 405 68 397 68 330 543 68 607 158 68 517 68 19 149 68 640
565
569 68 115 479 68 607 158 68 231 240 68 430 68 246 68 531 299
196 68 331 68 640 68 162 68 607 50 68 593 89 123
64 211 390 68 153 108 68 5 68 370 359
158 152 389 158 189
64 211 390 68 182 149 68 36 450 68 321 189 68 397 68 569 68 430
64 211 390 68 599 68 70 158 68 397 68 346 211 68 43 158
241 85 359 438 359
97 68 295 149 68 189 68 194 543
611 149 68 593 89 158 68 517 82 68 246 68 246 68 135
321 339
527 68 36 149 68 517
189 68 607 50 68 261 158 543 68 158 189 550 158 149 68 5 189 68 237 108 68 640 68 569 68 201 108
406 211 390
49 68 158 68 405 152 68 36 149
321 290 68 36 108 68 5 149 68 283
87 108 68 211 222 149 68 153 108 68 149 68 64 211 108
503 85
189 211 251
261 86 68 124 68 261 158 543 68 593 89 158 68 19 68 158 240 359 258
189 68 550 501 68 197 86 4 64 211 517 68 397 68 397 68 43 158 68 197 86
189 68 211 68 397 68 430 36 149 68 197 86 199 68 415 389 158 359
426 158 158 189 68 321 189 68 569 68 405 108
155 49 551
153 607 158 245 449
4 199 290 85
447 158 189 643
607 258 68 569 68 447 158 438 359 68 194 149 68 394 108 68 19 85 68 517 82
87 68 197 86 68 447 158 68 149 68 640 68 569 108 68 531 158 405 68 321 240 68 87 68 87
4 346
359 170 299
135 68 16 158 543 68 36 149 68 607 158 68 607 158 543 68 517
261 86 68 124 68 126 68 569 68 640 108 4 85 359 68 405 68 607 155 68 5
196 68 347 158 68 5 68 36 149 68 261 158 247 68 607 551
76 85 222 85
194 346 68 115 479 211 222
397 68 213 194 211
321 68 569 68 136 158 213
158 359
201 240 299 406 158
531 158 85 299 68 350 68 85 359
231 240
36 149 68 494 68 36 149
189 68 607 50
4 199 290 85
201 258 68 197 108 68 97 68 359 51 359 68 330 68 330 152 68 334 222
261 85 152 68 640
258 290 570 68 64 389 430
196 68 5 189 68 246 68 339 68 397 189 334 85
189 68 550 501 68 607 158 68 240 389 334 222 68 261 86 149
189 68 550 501 68 397 68 133 68 370 68 321 569 68 19 108 68 19 85
527 68 607 68 550 501 68 87 359 68 126 108 68 4 189 389 339
231 51 86 68 651 123 68 36 149 68 36 211 315 68 4 178
330 170
397 68 426 430 68 240 68 64 211 108
189 68 394 68 550 430 149
569 68 65 155 49 68 246 68 321 240 68 640 108
189 68 87 359 68 158 108 68 246 68 258 359
266 149
517 68 36 149 68 197 86 68 158 68 569 68 189 68 359 389 261 86 68 426 86
201 258 108 68 569 68 617 68 158 152 68 607 158 68 97
220 211 189
426 158 48
525 551
115 158
