82 152 68 331 149 68 241 108 68 222 476 68 517 68 640 68 517 51 86
261 86 68 253 68 569 68 540
189
115 479
607 158 266 149 68 19 108 68 5 430
321 189 68 213 194
213 458 68 43 155 68 89 158 207
607 158 570 389
607 50 68 550 501 68 397 68 133 68 370 68 321 189 68 569 68 136 479 85
640 68 611 258 85 68 349 68 349 68 426 86 85
240 359 68 97 68 97
607 158 68 197 108 68 85 152 68 87 68 189 68 213 211 251 149
79 339 415
87 68 124
189 68 503 189 68 158 68 490 68 258 359
472 85 152
397 68 213 550 158 189
651 123 68 390 68 135
517 68 189 68 258 68 343 543 108 85 331
189 302 108 517 68 611 158 290 222 290 85
258 611 189 68 331 487 359 68 405 241 359 569 108
87 359 68 390 68 331 108 68 149 517 68 552 85
261 86 68 158 108 68 331 149 68 494 68 241 85 68 241 85 68 70 189
43 158 68 397 68 577 68 5
189 68 99 68 552 85 68 417 68 607 158 68 405
503 189 68 517 68 189 68 258 68 331 149
189 68 253 68 331 149 68 155 68 261 158 290 643 85
158 108 68 189 68 231 240 68 331 149
503 339
517 194 359 68 479 240 406 158 359 68 651
472
607 158 68 197 108 68 397 68 569 68 19 85 68 354
640 68 331 149 68 505 68 607 158 68 525 68 642
261 86 85 152
211 543
447 158 108 68 657 68 135
189 68 640 68 85 85 152 68 607 158 68 394 68 550 501 68 79 158 189 68 79 359
87 449
189 68 394 359 68 389 501 68 87 68 54 654 68 397 68 5 68 5
261 86 68 43 158 68 390 68 569 68 158 64 389 158 299 406 158 299 68 4
261 86 68 43 158 68 640 68 331 149 68 153 543
494 68 550 152 68 331 108 68 87 89 158 68 246 68 79 430 359
640 68 237 149 68 517 359 68 136 158 543 211 213 108
611 149 68 331 149 68 153 339 68 97 68 149 68 607 158 189
258 155 68 258 85 247 570 68 390
514 189 68 136 158 213 211 543
43 155 68 87 68 607 158 543 68 258 68 5 108 68 405 108 68 64 211 108
222 85
359 68 517 299 222 68 85 540
543 258 390 68 517 299 211 85
5 68 237 19 543 68 607 569 108 68 5 155 643 68 201 258 85 68 397 68 651 123
115 479 108 258 415 68 59 158 108 70 158 108 149 258 189 643 359
87 359
86 163 68 197 86 68 5 68 569 68 87 449 68 397 68 569 68 426 86 85 68 430 397 68 197 86 189
189 68 607 50
204 152 68 331 149
550 430 359 68 640
321 85 507 299 390
189 68 550 501 68 607 158 68 211 149 68 550 501 68 494
642 149 532 108 68 189 68 64 211 430
211 607 158 189 54 654
503 189 68 246 68 331 108 68 79 155 68 5 68 397 68 155 301 290 93 85
471 389 158 247 85
390 68 517 213 51 86 68 54 86 68 577 68 607 158 68 283 68 569 68 397 415 211 68 218
607 50
153 68 273 68 426 158 543 68 87 68 283 68 152 88
261 86 68 124 68 390 68 97 68 222 68 417 68 241 359
189 240 389 158 299
261 86 68 246
158 108 152
261 85 68 149
59 295 85
426 569 85
135 68 197
189
479 68 155 68 321 543 108
153 108 68 51 570 68 347 158 68 607 68 258 68 258
170 68 607 158 189 68 158 108
246 68 651 123 68 258 68 76 85
406 155
258 390 68 45 108 68 330 570 225
197 86 68 5 68 331 108 68 343 158 199 551
213 458
390 189 643 359 68 197 86
640 68 331 149 68 158 108 68 330 189 68 525
569 68 405 85 68 494 68 550 501 68 36 108 68 503 158 240
19 108 68 158 189 149 68 246 68 253
115 479
97 68 258 68 550 501 68 211 543 85 365 430 199 68 54 654 68 170 108 68 503 189 68 569 68 390
211 85 359 68 426 86 85 68 350 158 222 406 158 299
97 68 85 359 68 85 5 155 458
593 163 68 397 68 339 68 517 85 247 85
611 149 68 189 68 261 158 543 68 5 108 68 65 86
330 70 158 108 68 517 19 149 258
189 68 394 68 211 149 258 390
258 163
640 68 189 68 81 68 397 68 490 68 344 199 406 155
173
87 359 68 189 389 570 68 246 68 339 68 51 86
86 163 68 550 501 68 397 68 211 543 68 607 158 68 158 74 68 472 654
5 68 331 149 68 607 158 68 449 68 153 152 68 389 79 359
261 86 68 115 479 68 354 68 564 68 5 74
517 359
569 68 65 155 49 68 246 68 321 240 68 321 108
97 68 59 155 194 152 68 607 50
189 211 85 359 211 251 68 158 471 68 158 471
503 189 68 390 68 97 68 405 189
212 85
170
611 514 85 359 149 550 158 222 68 295 149 68 36 108 68 45 108
211 430
569 68 222 68 359 149 68 85 359 68 514 199 68 607 158 68 158 108
355 51 86 68 197 86 68 54 86 68 397 68 258 149
331 149 68 397
405 607 339
507 449 68 231 51
87 108
136 158 240
261 158 189 68 87 449
153 68 514 543 68 5 68 51 86 68 640 68 607 158 68 550 158 152
355 68 49 68 158 68 222 85
213 211 199 68 321 189 68 569 68 405 178
158 108 68 569 68 552 581 68 607 155 68 607 158 152
222 79
87 359 68 390 68 331 108 68 197 86 149 68 640 68 569 68 245 449
222 68 246 68 321 240
290 118
543 85 211
43 158 389 570 68 64 211 108
531 199 118
564 68 153 108 68 331 149 68 158 108
611 149 68 331 149 68 405 68 517 85 149 68 97 68 246 68 246 68 246
349 490
64 211 430 68 211 543 68 607 158 68 158 74 68 19 79 158 189 68 43 155 68 517
189 68 258 68 79 86 149 438 359 68 5 68 283 68 550 158 149 68 189 68 189 211 199 551
569 68 241 359 68 640 68 507 449 68 231 213
417
258 213
189 569 108 68 253
85 593 89 158 108 68 642 68 638 68 258 471
651 123 68 569 68 417 68 189 426 86
261 86 68 43 158 68 390 68 97 68 438 359 68 189 68 607 155
86 163 68 550 501 68 405 240 68 640 68 527 68 527 68 527
189 68 81 68 189 68 607 158 68 212 199 68 261 86 149 258
258 4 240 643
611 149 68 331 149 68 197 86 68 5 68 331 108 68 347 501 359
135 68 43 158 68 266 158 68 405 152 68 197
64 211 430 68 629 68 5 68 569 68 5 155 643
321 247 438 359
517 68 189 68 222 68 607 158 68 76 85 222 85 68 153 108
241 108 68 93 435 152
192 68 651 123 68 283 68 283 68 70 189
569 68 607 158 149 68 246 68 397 68 5 68 19 149
331 149 68 76 152 68 569 68 64 211
261 86 68 124 68 390 68 569 68 258 68 54 86 68 640 68 241 108
471 389 158 108 68 59 479 68 85 359
607 68 550 501 68 397 68 5 543 51 86 68 651 123 68 447 158
517 68 189 68 183 158
611 299
471 211 607 158 68 241 359 643 359
405 85 68 258 359
261 86 68 43 158
97 68 222 68 430 68 212 149 68 654 68 158 108 68 531 158 108 68 43 158 108
517 68 189 68 517 85 152 68 97 68 266 158 108 68 212 158 85
64 211 430 68 426 158 85 68 405 189 68 569 68 426 158 240 68 550 339 68 389 189
189 68 213 211 152
503 189
49
253 472
87 359 68 64 51 108 68 158 108 68 331 149 68 54 86 189 68 397
108 213 240 389 282
87 152 88 68 517 213
569 68 158 339 68 390 68 347 158 189 108
162
330 550 86
189 68 170 359 68 397 68 426 339 551 68 5 189 68 252 199 108
189 68 607 158 68 158 299 570
370 68 640 68 642 85
389 85 359 68 258 390 347 85
517 359 68 261 86
87 108 68 211 339 68 261 85 365 108 68 19 240 68 64 211 430
607 158 68 51 85 68 389 339
611 149 68 87 68 5 543 68 397 68 19 213 68 158 213
577 68 149
158 108 68 331 149 68 170 415 68 258 405 640
4 189 643
538 430 68 295 108 68 158 108
607 50
607 158 68 5 149 68 158 108 68 607 170
189 68 81 68 397 68 43 158 68 370 68 261 86 85 152
290 213 211
611 152
607 50 68 550 501 68 607 158 68 258 4 64 397 68 447 158 118
86 149 68 593 89 501 68 397 68 577 68 339
43 158 68 607
64 211 430 68 258 299 68 189 68 569 68 64 211 108 68 241 85 68 241 430
87 359 68 569 68 517 68 517 118 359 68 87 449 68 397 68 85 405 108
397 68 54 86 68 64 211 430
197 86 68 211 68 389 339
258 68 390
261 86 68 640 68 189 68 350 85 68 54 654
204 152 68 331 149
213 211 517 359 68 517 213
87 68 162 68 370 68 607 158 68 283 68 607 158 68 607 158
261 86 68 607 68 189 68 54 86 189 16 430 68 569 68 426 158 68 87 449
231 51 86 68 135
490
266 569 108
347 501 359
640 68 331 149 68 261 152 68 135 68 577 68 189 68 389 85 359 68 258 551 68 258 551
213 211 152
258 247 85
158 108 68 642 68 258 247 68 79 158
158 85 68 642 211 68 390 68 397 68 406 86
654
87 359
503 189 68 390 68 569 68 550 430 359 68 543 149 68 241 85 68 51 86 85 152 68 211 543
189 68 651 123 68 569 68 569 68 64 149
472 420 68 607 158 68 211 108 68 640 68 568 240 389 158 299 149 68 189
611 149 68 331 149 68 505 68 569 68 550 158 149 550 487 108 68 241 108 68 158
189 68 153 108 68 97 68 321 189 68 569 68 503 339 551
405 415 51 86
611 514 85 359 149 550 158 359 68 638 68 321 569 68 43 158 108 68 321 189 68 607 158 68 607 158 68 607 158 85 347 158 85 347 158 199
517 471 211
97 68 85 379 85 359
503 85 68 390 68 569 68 397 85 189 85 189 68 389 158 222 4 189 68 517 299 68 406 85
189 569 108 68 347 158
162
49 68 640 68 640 68 490 68 149 389 85 359 68 569 68 153 189
5 211 471
253 503 158 68 569
241 170 108
321 27 85 359 389 339
258 189 211 189
51 487
189 405 68 43 158 68 397 68 59 247 543 68 607 158 68 479 68 149 517 85 149
253 551
261 86 68 135
197 85
657 359 68 189 68 550 501 68 87 85 611 189 108 68 79 158 189 359
4 213 438
135 68 222 476 68 158 543 149 68 19 108 68 5 189 68 253
417
640 68 331 149 68 607 158 68 607 158 68 4 189 68 158 240
321 68 19 152 68 331 149
170 152
201 258 68 64 211 189 68 397 68 54 86 68 397 68 211 85 152 68 295 334 68 218
192 211
593 89 158 189 68 81 68 189 68 158 85 347 158 118 68 569 68 211 240 68 246 68 201 258 240 299 4
189 68 81 359 68 261 158 68 43 158 68 36 85 347 158 108 68 241 68 51 570 68 359 68 347 158
189 240 389 158 299
19 642 68 607 158 68 607 158 68 290 85 68 276 85 68 64 211 108
149 389 155 68 347 189
189 68 577 68 347 158 85 68 430
611 189 68 570
64 211 430 68 222 476 68 640 68 295 85 68 197 86 430
276 74
197 86
640 68 331 149 68 196 68 397 68 54 86 68 472 108 68 471 258 390
213 532 108
503 189
64 211 247 359
158 108 68 189 68 531 158 359 68 331 149
76 85 359
258 334 85
531 149
569 68 389 158 543 51 86 85 68 189 68 246 68 70 339
531 359
611 85 359
569 68 389 158 189 68 246 68 213
339 68 155
503 85 68 390 68 569 68 426 158 85 68 426 158 85 68 397 189
406 211 199 68 43 158 149 258
49 68 158 68 417 68 331 149
158 108 68 569 108 68 607 158 85 68 321 569 108 68 64 550 158 611 74 68 246 68 246 68 552 85 359
517 85 197
494 68 607 170
607 158 68 197 108 68 85 152 68 189 68 158 568 517 19 149 550 158 359
321 27 85 359 389 339
212 85 347 189
261 86 68 43 158 68 640 68 331 149 68 350 85 68 321 247 85 68 70 158
607 158 68 4 199 189 211 359
189 68 550 501 68 607 158 68 158 189 550 517 85
503 158 108 68 517 68 189 68 417 68 607 158 68 241 199
479 406 158 189 299 359 68 59 290 85 359
607 50 68 405 85 152 68 97
607 158 68 397 68 162 85 68 397 68 5 68 82
611 189 149 517 359 70 158 118
397 68 258 347 501 68 64 211 430
158 240 299 108 68 607 158 68 189 569
207 108
189 68 640 85 4 68 370 68 640 68 42 247
261 86 68 607 158 68 153 108 68 241 108 68 334 68 158 155
640 68 331 149 68 81 68 552 85 4 517 68 158 155
501 85 517 199 68 359 170 108 68 86 155 458 68 64 211 108
79 158 189 623
135 68 152 51 86
261 86 68 43 158 68 390 68 607 158 68 51 155 68 517 155
258 543 149 517 68 64 550 158 189
447 430
189 68 447 158 543 68 158 189 149 643 359
82 152 68 331 149 68 189 68 479 447 158 85 406 158 359 68 97 68 97
355 68 87 68 87 449 68 390 68 97 68 299 86 4 85
347 158
97 68 648 68 638 68 330 189 389 570
258 85 189 149
593 85 68 183 158 359 68 640 68 611 149 85 258 85
593 163 68 611 68 321 290 68 607 158 68 430 447 189 68 241 85 68 19 79 359 68 158 543 550 339 551
212 85
331 149 68 397
611 149 68 189 68 577 68 607 158 68 213 211 189 68 321 189
149 550 158 543 108
87 359 68 135 68 331 149 68 405 68 261 158 247
494 68 640 68 241 85 68 607 158 68 343 158 68 417 68 149
517 211 68 321 189
479 68 189 68 189
246 68 258 189 354 68 170 108 331 108 331 68 331 149
211 213 194 572
5 68 430 68 158 108 68 211 543 149 550 158 543
517 68 331 149 68 577 68 5 68 246 68 517 68 611 158 290 222 290 290 152
153 108 68 97 68 390
76 85 359
406 5 68 158 406 158 189
564 68 343 158 68 302 299 389 158 189 68
607 50 68 152 51 86

189 68 211 5 68 430 68 331 149 68 197 86 189 354
68 638
331 108 68 559 211 390 68 201 258 240 299 68 607 158 68 607 158 189 149 51 108 68 642
640 68 331 149 68 152 51 86 68 153 108 68 241 68 170 299
189 68 607 158 68 607 158 68 517 85 68 517 299 389 158 359
76 85 359
201 240 68 331 149 68 607 50 68 197 86 68 97 68 135 68 503 189 68 5 189 68 638
503 85 68 517 68 189 68 417 68 152 458 85
245 258 136 479
87 359 68 331 68 640 68 158 149 68 438 68 640 68 36 152
197 543 70 189 108
192
640 68 331 149 68 607 158 68 607 158 68 4 189 85 347 158 359 68 197 86 68 197 86 149
607 158 68 607 158 68 290 85 197 86 68 640 68 87 85 253
189 68 514 189 68 503 339
607 158 68 64 149
490 359 68 135 155 108
607 158 68 607 158 68 570 302 359 68 19 136
79 430 241 85 359
19 359 68 640
321 290
355 543 550 158
135 211 64 211
153 68 648 64 211 108 68 246 68 45 155 640 68 607 158 68 430 299 74 68 158
321 189 68 241 359
87 359 68 347 158 68 640 68 331 149 68 261 158 247 68 5 189 108
162 68 640
607 50 68 577
321 189 68 266 158 108
503 85 68 158 108 68 569 68 258 517 118
503 158 108
197 108
607 158 68 503 339 68 79 359 68 241 68 517 155
201 108 68 54 86 199 108 68 503 339 68 87 108 68 370 68 569 68 397 68 299 487 85
19 108 68 390 68 124 68 640 68 642 68 607 68 70 501 68 405 152
651 123 68 517 68 507 449 68 231 240 68 258 299
64 211 430 68 503 339 68 211 68 517 68 517 152
54 86 68 397 415
4 85 359
426 569 68 390 68 390 611 189 149
43 158 389 570
189 68 81 68 241 68 189 68 417
155 68 183 339 68 43 158 68 611 359 68 189 68 321 543 85 68 153 108
213 51 86 68 93 225
447 158 118 68 158
197 86
189 68 197 108 68 397 68 397 68 648 149 68 331 503 189 359
569 68 5 155 68 201 258 64 211
158 85 68 258 136 479 68 261 85 359
189 68 81 68 397 68 550 501 68 607 158 68 149 389 85 359 68 517 155
153 68 430 68 607 158 68 135
207 68 246 68 135 68 19 108 68 19 108 68 5 430
189 68 550 501 68 569 68 241 517 118 68 246 68 490 359
607 68 550 501 68 397 68 43 430 68 651 123
207 68 517 155
76 85 222 108
189 68 153 68 4 517 85 406 155 68 543 301 359
261 85 68 149
611 149 68 331 149 68 640 68 569 68 390
189 68 211 5 68 611 85 68 640 68 607 158 68 389 85 359 68 640 68 479 68 479
4 507 211 68 158 74
607 68 550 501 68 397 68 550 501 68 607 158 68 59 67 343 543 211 189
321 68 607 158 68 472 85
246 68 607 158 85 36 211 607 158 68 390 359 68 569 68 158 189 299
189 68 607 50 68 261 158 543 68 211 450 68 158 36 85 68 517 68 237 108 68 640 68 5 108 68 5 189 68 5 189 68 5 189 68 5 189 68 5 189 68 5 189 68 5 189 68 5 189 68 5 189 68 5 189 68 5 189 68 5 189 68 5 189 68 5 189 68 5 189 68 43 85 68 43 158 68 5 189 68 5 189 68 5 189 68 5 189 68 237 108 68 237 108 68 241 68 5
607 158 68 390 68 189 241 406 158 299 68 189 68 331 149
76 85 359 68 212 68 638 68 258 68 87 359
261 86 68 5 68 331 149 68 19 85 359 68 295 149 85
76 85 222
189 68 170 359 68 397 68 70 339
330 222
158 85 68 642 211 68 261 430 359 68 405 189 68 213 211 189 68 152
514 430 68 471 211 471 211
76 359 189 68 642 158
189 68 81 68 607 158 68 389 158 189 643 359 68 189 68 607 50 68 640 68 189 68 204 543
552 85 149 155 68 153 108 68 430
607 158 543 68 569 68 258 471
550 501 68 490 359
189 211 85 438 359
503 189 68 640 68 607 158 543 68 397 68 525 551
231 51 86
4
517 211 68 321 189
640 68 331 149 68 81 68 607 158 68 389 501
331 149 68 354 68 525 551 149 68 97 68 417 68 70 189 68 70 189 68 158 108 389 199
19 79 359 68 4 85 359 68 4 108 68 189 68 430 68 246 68 246 68 569 68 237 64 68 640 68 569 68 290
362 68 158 108 68 339 68 93 51 86 68 213
97 68 211 115 479 68 189 68 194 543 68 97
503 85 68 158 108 68 331 149 68 54 86 189 68 397 68 552 85 623
189 68 197 85 359
158 199 108 607
390 43 158 199
640 68 331 149 68 43 158 68 153 108 68 321 290
133 68 640 68 194 543 550 158 189
4 178
59 295 149 550 155
153 108
607 158 68 51 359 68 394 194 108 68 197 86 68 54 86 68 397 68 299 87 449
155 68 183 339
389 85 543 149
189 68 550 501 68 397 68 550 501 68 607 158 68 607 158 240 550 339 68 170 299 68 349 68 430 68 339 68 349 406 158 199 68 245 85
261 86 68 253 68 97 68 19 85 359
261 85 359
607 158 85 68 59 295 19 85 359 68 189 68 158 189 68 158 189
405 152 4 152
405 240
503 158 108
593 89 50 68 211 68 397 68 192 359 68 640 68 569 68 19 79 553 68 640 68 517 85 359
331 149 68 211 68 397 68 197 86 189 68 651
564 68 153
261 86 68 43 158 68 390 68 569 68 640 68 390 359
495
85 68 517 85 68 390 68 158 74
607 50 68 494 68 149
189 68 503 189 68 501 85 517 194 514 199 68 97 68 241 85 68 607 158 108 68 241 359
149 550 487 551
503 85 68 517 68 189 68 258 68 651 123 405
359 68 607 158 68 550 251 68 347 158 68 347 158 85 68 158 189 68 569 68 158 108
43 86 108 86
170 87 449
607 158 68 213 211 189 570 389 158 108
240 213 507 211 68 241
607 86 68 389 501 68 331 149 68 397 68 577 68 43 158 68 447 189 68 651 123 68 246 68 43 158 85
189 68 550 501 68 397 68 321 290 68 517 68 149 389 85 359 68 479 68 479 149 611 359
321 152
593 89 158 189 68 438 68 158 189 68 321 189 68 321 189 68 569 68 359 503 158 68 359 503 158 68
261 158 543 68 397 68 5
158 108 68 331 149 68 45 108 359
170
5 108 68 258 64
246 68 19 108 68 430 68 258 406 155 68 607 158 390 68 64 389 158 189 68 64 211 108 68 241 406 155 194 572 68 241 406 155
152 51 86
97 68 211 543 68 321 189 68 569 68 19 85 68 64 211 108
261 86 68 43 158 68 390 68 569 68 4 108 68 241 85 68 43 86 349 85 68 153 189
19 152 68 331 149 68 135 68 189 68 76 85 359 68 70 189
153 108 68 97 68 390 68 246 68 97 68 213 194 211 189 68 213 194 108
261 86 68 43 158 68 390 68 607 158 68 51 155 68 517 155
607 158 5 189 68 5 189 68 390 569
189 68 607 50 68 70 501 68 189 68 99 68 569 68 85 347 158 359 68 43 158 189 16 430
640 68 331 149 68 79 86 68 153 68 153 68 246 68 389 158 189 149 517
261 158 108 258
5 68 237 19 543 68 607 158 68 43 158 68 406 158 118 68 258 222 4
197 240 68 197 654
517 68 189 68 81 68 397 68 607 158 68 170 51 86 68 258 359
241 85 68 261 158 189 68 158 152 68 5 68 390 68 237 19 79 553 68 189 85 68 246 68 246 204 222 290 85 359
607 50 68 550 501 68 397 68 543 68 189 68 64 389 339 68 245 449 68 241 68 54 86
189 68 153 189 359 68 405 189 68 64 550 158 85 68 321 569 68 211 108 68 531 199 85 68 51 570 389 158 543
158 245 449 189
153 68 246 68 339 68 339 68 569 68 321 299
559 211
503 158 108
447 430
87 68 607 50 68 261 158 543 68 86 85 253 68 189 68 331 149 68 611 189 359
517 68 331 149
258 68 390
189 68 4 240 68 158 108 68 430 68 135
64 211 68 189 149
611 149 68 189 68 261 158 543 68 5 108 68 65 86
87 359 68 19 79 430 68 189 517 85 406 155 194 213
189 68 550 501 68 397 68 640 68 189 241 359 68 261 86 85 68 5 189 68 5 155 458
343 543 108
607 158 85 68 321 108 68 197 86
447 158 290 85
261 86 68 124
197 86 68 283 389 158 189 68 339 68 158
189 68 81 68 258 543 68 611 74 359 70 189
607 299 85 359 211 347 158 471 68 640 68 183 67 68 389 158 189 643
517 85 149
36 211 607
258 68 331 149 68 197 86
261 86 68 43 158 68 390 68 569 68 607 158 258 390 189 68 290 36 211 607
607 50 68 550 501 68 397 68 258 189 68 651 123 68 189 211 85 359 389 85 359 68 158 189 211 471 211 471
321 76 346 152 68 170 108
189 68 569 68 517 85
552 85 68 426 86 85
261 86 68 158 152 68 192 68 390 68 5 68 81 68 397 68 222 476 68 607 158 68 5
87 359 68 347 158 68 390 68 569 68 76 85 359 68 531 149 68 213 68 211 543 550 85 68 241 68 85 36 85 152
54 86 68 405 85 68 343 543 108 36 189
517 68 189 68 577 68 607 158 68 79 155 68 158 74 68 607 479
87 68 165 68 158 108 68 343 543 68 339 68 339 68 43 158
246 68 19 108 68 258 415 261 86 68 170 199 68 642
517 68 331 149 68 261 86 68 158 68 19 68 189 68 70 158 68 426 86
501 85 438 68 158
149 550 158 543
212 158 85 68 189 54 86 68 638
189 68 211 189 68 550 86 68 64 389 339 68 115 479
640 68 331 149 68 152 51 86 68 607 158 68 36 149 68 517 68 258 68 43 158 68 283 68 283
258 247 74 68 479 149
189
76 85 359
64 211 430 68 629 85 79 553 68 97
45 27
503 189 68 640 68 331 149 68 211 68 97 68 405 152
389 158 251 68 405 85 152
347 158 635
194 405 108
447 158 543 68 563 158 85 68 135
569 108
611 514 85 359 149 550 158 359 68 638 68 321 189 68 241 68 569 68 43 158 240 550 158 290 85
607 50
231 51 86 68 189 68 550 501 68 397 68 197 86 68 397 68 199 68 349 258
651 123 68 430 68 349
76 5 68 503 158 199
54 86
527 68 97 68 246 68 135 68 607 158 68 258 85 359 68 237 108 68 246 68 569 68 152 68 97 68 527 359 68 569 68 64 389 158 85
59 430 19 163
406 5 68 158 406 158 189
330 321 189 68 642 211
59 295 19 85 359
197 85
472 189 503 158 68 192
51 189
158 108 68 19 108 68 501 85 4 189 85 406 211 517 68 136 479 108
607 158 68 607 158 68 321 4 70 158 68 447 158 85 197 86 189
343 158 199 85 347 158 299
640 68 331 149 68 607 158 68 607 158 68 525 551 389 501 359
564 68 405 149 517 68 569 68 417 68 189 43 50
258 4 240 643
607 68 550 501 68 397 68 517 406 155 68 43 158 68 158 611 149
430 299 635 108 68 5 199
213 211 189 68 569 68 170 487
49 68 158 68 501 85 607 158 189 68 331 149 68 158 108 68 158 108
607 158 570 302 359
231 86 68 331 108 68 405 553
290 213 211
417
569 68 79 50 68 246 68 64 550 158 87 68 189 68 503 189 68 397 68 501 85 517 85 517 68 189 68 79 339
321 563 158
321 68 189 68 394 68 640 68 640
640 68 331 149 68 81 68 347 158 68 397 68 299
189 85
59 155 359
503 189 68 246 68 331 108 68 531 85 299
261 86 68 640 68 331 149 68 152 51 86 68 569 68 288
503 158 623
189 68 81 68 430 68 397 479 261 479
189 68 211 5 68 261 158 543 68 569 68 389 570 68 640 68 569 68 430 68 565 569 85 299
87 359 68 158 108 68 569 68 490 68 568 68 85 430 68 569 68 390 68 5 85
517 359
447 158 543 68 261 86 85
517 258 149
87 359 68 347 158
261 86 68 158 85 68 189 68 611 189 149 68 331 149 68 517 155
189 68 170 149 68 550 501 68 397 68 642 68 389 85 68 51 86
45 27
87 359 68 158 108 68 331 149 68 261 158 247 570
607 158 68 607 155 108 16 479 68 397 68 4 611 74
640 68 331 149 68 81 68 607 158 85 68 531 430
70 158 359
87 359 68 45 4 189 68 189 68 87 430 68 170 108 68 503 189
321 189 68 471 389 158 189
87 359 68 347 158
531 158 299 85
405 189 458
331 149 68 523 68 430 68 397 241
503 189 68 390 68 569 68 525 551 68 359 435 334 68 211 543
19 136 479 68 158 189 68 339 68 158 85 68 5 189 68 321 189 68 158 85
45 240
87 359 68 135 108 68 5 68 331 149 68 87 359
64 258 189 74
517 68 189 68 577 68 569 68 472 85 447 158 118 68 149 550 158 543 108
261 86 68 158 108 68 331 149 68 607 170 570
569 68 158 299 359 68 189 68 246 68 258 149 68 241 68 241 85 68 397 87 85 36 85
189 68 426 86 85 68 51 85 68 447 430 68 339 68 397 415 68 197 108 68 253
189 68 517 359 68 5 189 68 531 158 149 517 258 68 201 258 68 640
207 68 87 108 68 394 149 68 430 4 240 222 240
479 85 135 68 182
514 199
517 68 189 68 611 359 70 149 68 569 68 347 158 108
158 85 68 550 514 199 68 390 68 158 390 68 158 74
189 68 426 158 85 68 331 339 68 339 68 261 86
87 108 68 54 86 189 68 397 68 447 158 543 68 331 149 68 430 68 397 68 397
472 85
189 68 211 5 189 68 430 299 211 222 68 321 189 68 43 158 108
97 68 76 85 222 68 135 550 155 108
490 359
158 108 197 86
517 68 331 149 68 197 158 108
261 85 4 85 68 211 330 68 158 108
426 86 68 607 158 68 158 290 85 359
261 86 68 124
45 199
405 178
87 359 68 158 108 68 569 68 397 70 430 359 68 339 551 517 189 68 189 68 246 68 406 158 359 68 507 472 85 359
640 68 158 240 68 640 68 321 240 68 158 449 68 158 108 68 607 170 108
261 86 68 246 68 349 68 258 415 68 607 170 108 68 211 251 85
261 158 543 68 347 158
552 85 149 517 359
607 68 550 501 68 397 68 43 158 68 261 158 85 68 64 389 339
79 430 241 211 359
501 85 64 211
607 158 68 211 543 389 158 247 68 397 611 85
189 68 19 108 68 5 430
607 158 68 494 68 241 570 68 241 68 158 447 158 240
517 258 85 68 540
503 189 68 607 158 68 87 108 68 5 68 87 68 577
79 339
87 359 68 640 68 331 149 68 640 68 241 85 68 170 152
64 211 430 68 629 68 158 68 607 158 68 517 406 472 471 211 108 359
611 149 68 331 149 68 258 189 68 70 158 68 397 68 405 68 405 68 158 155
261 158 543 68 347 158
607 158 68 197 108 68 85 152 68 246 68 49 68 330 152 68 334 359
569 68 189 643 85 68 640 68 93 225 551 68 246 68 158 108 68 155 68 197 86 108
135 68 240 68 331 149 68 19 85 321 569 68 397 68 199
642 158 299 406 158 68 43 158 68 406 430
64 211 430 68 231 240 68 158
569 68 241 225 68 642 570 389 158 199
607 50 68 517 155 68 158
204 152 68 331 149 68 241 108 68 189 531 299 68 158 199
514 68 213 51 487
517 68 189 68 85 152 68 651 123 68 370 359
189 577 189 569
87 189 503 189 68 76 85 359
189 68 517 359 68 252 158 189 68 321 189 68 162 68 570 302
517 211 199
5 108 258
503 189 68 517 68 295 68 79 86 149 438 359 68 241 68 389 158 108 68 258 607 68 405 68 405 189 266 155 68 405 189 68 405
79 430 359
54 86 68 59 295 19 149
207 68 517 155
5 108 68 258 64
564
355
397 68 258 155
253 299
5 189 108
76 85
149 438 415
607 158 68 607 158 68 550 86 68 183 158 543 108
19 108 68 430 68 218 68 189 68 331 68 158 152 68 207 68 331 149 68 331 149 68 5 68 241 68 5 189 68 241 85
207 68 115 479 68 189 211 390
503 339 551
197 108 68 577 68 189
640 68 331 149 68 81 68 430 64 302 64 68 241 85 68 540 189 451
43 158 68 68 19 247 68 531 158 643 68 569 68 321 189 68 261 158 199
607 158 68 570 550 158 68 331 149 68 389 501 68 97
447 158 543 68 5 68 64 211 68 222 237 68 640 68 654
189 68 81 68 397 68 550 501 68 607 158 68 189 68 79 359 68 517 194 213
517 68 651 68 405 68 158 611 189 68 87 258 390
97 68 540 68 19 85
182 108 68 390 347 158 359 68 258 390
194 543
86 149 86 68 331 149 68 550 501 68 197 158 68 5 108
517 258
261 86 68 43 158 68 390 68 569 68 4 108
197 85
359 68 87 359 68 189 68 503 189 68 5
192 51 86 68 158
503 189
517 406 471 211
517 152 162
64 211 430 68 222 476 68 640 68 331 149
158 85 68 19 85 359 68 390 68 197 86 189
189 68 503 189 68 397 68 213 211 85 68 569 68 246 68 430 149 550 487 623
283 68 640 68 85 136 158 189 299
564 68 153 68 135 211 64 211 68 550 430 359 68 149 550 487
472 359 68 331 108 68 59 295 19
494 68 5 471 389 487 149
189 68 54 86 189 68 397 68 417 68 197 158 68 241 68 640 68 5 189 68 331 149 68 331 430 359 68 339
189 68 158 64 51 570 68 447 158 108 68 158 85 68 405 68 158 108 68 657 299 108
261 86 68 43 158 68 390 68 569 68 642 158
447 189 68 189 54
5 68 331 149 68 607 158 543 68 79 339 68 283 68 283 68 334 222 68 330 551
651 123 68 438 359 68 79 64 550 158 108 68 607 158 68 607 158 68 189 406 158 406 158
611 290 85 68 331 108 68 331 487 359
517 68 189 68 4 85 152 68 153 108
76 85 359
5 149
447 158 118
87 359 68 563 158 108 68 158 108 68 331 149 68 607 170
4 85 5 189 359 68 607 158 359
189 68 503 189 68 397 68 124 68 503 339
640 68 331 149 68 213 68 240 550 158 108 68 611 74
261 86 68 640 68 295 149 68 288 68 651
189
405 152 4 152
343 158 199 85 347 158 299
258 189 211 85 68 471 74
266 569
245 430 68 261 158 68 211 222 68 211 359
651 123 108 68 390 68 246 68 430 76
261 86 68 43 158
124
261 86 68 43 158
87 359 68 569 68 4 189 68 211 543 149 550 158 108 68 397 68 85 379 68 158 240 550 158 68 43 158
19 108 68 5 430
158 199 108 607
359 68 241
261 86 68 124
564 68 405 149 517 68 569 68 417 68 189 43 50
87 359 68 5 189 68 390 68 97 68 299 86 85
204 152 68 331 149 68 241 108 68 331 149 68 517
43 158 199
607 158 68 245 449
503 189 68 397 68 258
599 389 158 152
640 68 331 149 68 196 68 397 68 54 86 68 76 85 68 447 158 570
64 211 430 68 648 240 68 97 68 197 85 359
397 68 258 347 501 68 64 211 430
189 68 550 158 85 68 222 476 68 430 68 261 86 85 68 405 241 68 54 86 189 68 397 68 405
87 359
213 51 487 68 397 68 155 68 405 153 471
182 108
87 359 68 149 550 158 543 108
564 68 87 339 68 390 68 97
5 189
5 68 611 19 108 68 390 68 607 170
189 68 651 68 93 68 189 426 86 85 36 189
640 68 331 149 68 5 68 201 240 68 201 258 321 563 158 152 68 153 108
207 68 607 158 68 207 68 283 68 607 158 85
531 85 68 629
135 68 261 339 68 97 68 5 189 68 417 68 447 158 85
237 149
87 68 81 68 397 68 197 240 68 569 68 213 194 514 199
87 359 68 640 68 331 149 68 261 158 543 68 241 430 85 68 390 85 359
430 170 108
59 479 68 347 158 543 68 136 158 299
389 199
87 359 68 569 68 517 19 149 258 68 640 68 569 68 76 85
82 152 68 331 149 68 189 68 479 447 158 85 406 158 359 68 97 68 97
124 68 607 158 68 241 149 550 86 149
517 471 68 158 68 607 158 68 347 158 68 331 149 68 211 68 231 240
550 158 85
97 68 213 68 213 389 155 359
330 321 65 86 199
19 108
253 74
611 152 158 118
197 86 163 68 607 158 68 430 299 211 68 79 155 108
640 68 331 149 68 81 68 531 85 299 68 517 85 68 245 642
503 85 68 158 108 68 331 149 68 54 86 189 68 397 68 339 68 158 64 550 213 108 68 611 74
261 86 68 124 68 165 68 569 68 640 19 85 68 405 68 405 68 5 189 550 158 152
87 359 68 273 68 569 68 321 199 68 79 155 68 76 85
135
170 199 68 149 550 158 543 108
43 158 68 64 211
135 68 261 158 543 68 569 68 611 213 211 359 68 517 68 64 211 430
97 68 87 430 68 93 211 390 85
64 211 430 68 354 68 97 68 321 543 108
189 68 607 50 68 261 158 543 68 607 158 85 68 64 550 430 68 189 68 76 85 222 85
283 68 222 189 68 390 68 241 108 68 550 86 108 68 36 85 152
503 85 68 158 108 68 331 149 68 54 86 189 68 397 68 552 85 623
192 68 153 108 68 19 85
517 68 331 149 68 49 68 158 68 81 68 19 68 97 68 135 68 350 68 397 68 334 108 68 266 158 85
87 359 68 5 68 158 108 68 189 438 70 158 471 149 68 158 359
86 149 68 593 89 86 68 5 68 569 68 213 149 68 321 569
45 27
97 68 258 253
79 430 68 97 68 417 68 651 85 447 158 85
170 68 331 149 68 258 68 5 68 607 158 189
199
240 149 68 611 430
189 643 222 68 640
51 359 68 640
479 108
607 158 415 68 85 68 642 149 550 86
54 86 68 640
261 158 189 68 87 449
503 158 108
231 240
503 85 68 390 68 97
158 108 347 158 192 406 155 68 189 258 189 211 222 189
331 149 68 607 50 68 211 68 607 158 68 514 85 149 51 85 359
331 108 68 36 85 211 390 68 201 108 68 531 85 68 629
5 85 68 158 240 359 68 397 158 108 321 85 321 86
5 68 527 68 158 108 68 514 199 68 19 163 68 87 189 68 87 85
19 152 68 543 68 531 149 68 135 68 54 86 68 607 155
211 240 359 68 241 108 68 19 85
153 108 68 5 68 370
189 68 211 240 359 68 501 68 189 68 569 68 517 85
503 85 68 390 68 569 68 4 85 359
503 85 68 390 68 569 68 266 158 118
189 68 426 158 85 68 331 339 68 339 68 261 86
607 158 68 607 158 68 76 152 68 158 222 85
569 85
339 299 389 158 299
531 158 149 68 201 64 211
5 189 643 359 68 158 299
640 68 331 149 68 81 68 642 211 68 241 108 68 158
19 108 68 158 108 68 197 86 68 158 189 68 4 64 68 397 68 299 87 85
213 532 108
189 68 550 501 68 397 68 79 359 68 354 68 173
43 158 68 607 68 607 158 68 501 68 331 149 68 220 88 68 430 68 70 158
503 85 68 390 68 569 68 76 85 222 68 642 158
155 68 183 339 68 651 68 201 258 68 43 158 543 149 550 158 108
87 108 68 189 68 569 68 170 199 68 550 158 189
189 68 607 158 68 607 158 68 417 68 640 68 85 149 430 149
261 487 4 189 211 517
354 68 405 68 517 85
640 68 438 415 68 135 68 405 68 19 108
642 149 532 68 108
197 86 108 68 617 68 321 27
321 189 68 569 68 158 213
642 543 266 108
417
261 86 68 43 158 68 390 68 569 68 4 108
640 68 331 149 68 81 68 158 152 68 5 189 68 321 85
36 211 607 68 79 86 149 438 359
189 68 607 158 68 607 158 68 389 339 211 85
43 430 299 258 68 194 213 211 85 347 189 68 241 85
290
642 158 189 68 552 85 68 115 479
417
189 68 81 68 135 68 197 86
389 85 359 68 517 85
189 108 68 261 158
607 68 550 501 68 397 68 183 430 68 5 68 43 158 149
222 476 68 76 85 438 551
261 86 68 43 158
406 211 390
430 82 85
197 86 68 189 68 397 68 538 430 85
258 189 354
253 472
49 68 158 68 222 476 68 331 108 68 222 4 85 359 70 85
569 68 531 158 299 211 68 657 359 68 59 222 149 68 158 611 74 68 569 68 258 551 68 253 68 253 68 54 86
607 158 266 149 68 321 189 68 45 108 68 640 68 97
514 149
43 158 199
64 211 430 68 501 85 438 68 158
517 68 189 68 417 68 347 501 68 241 85 68 397 68 207
607 158 68 158 189 149
64 211 430 68 607 50 68 19 85 321 68 331 108 68 406 339 551 68 531 299 68 430
189 85 321 569
189 68 253 68 331 149 68 155 68 569 68 490 359
97 68 197 86 68 86 108 68 5 108
149 389 85 359 189 211 471 68 201 240 299 70 158 118
207 108 68 70 189 68 189 68 640 68 43 158 68 261 199 68 321 189 68 321 240 68 359 68 359 569 85 359 68 552 85 359 68 246 68 552 85 359 68 552 85
51 570 68 87 152 550 86
4
517 85 247 334 222 85
642 158
343 543 108
283 68 607 479 68 64 211 430
531 158 149 406 158 149
222 476
321 68 334 68 87 449 68 430 68 430 68 321 189 68 354 85 359
65 108 68 241 54 334
531 85 68 629
517 85 149
189 68 503 189 68 136 155 108
136 430 359 68 97
189 68 550 501 68 397 68 417 68 426 158 68 258 290 258
503 189 68 390 68 569 68 389 349 531 158 118
607 158 85 68 347 158
503 158 108
65 86 68 136 479
189 68 115 479 68 640 68 331 149
189 68 550 501 68 607 158 68 115 479
507 449 68 231 51
189 68 472 85
321 189
231 240
611 149 68 189 68 158 152 68 607 158 68 59 67 85 405 189 68 241 68 569 108 68 430 299 389 85 359 68 359 68 359
87 152 68 19 68 97 68 638 68 321 543 108
189 68 550 501 68 331 149
261 86 68 158 152 68 192 359
321 65 543 108
231 51 86 68 87 359 68 517 68 189 68 640 68 241 85 68 397 68 299 86 85
201 258 68 197 108 68 201
231 240
258 4 241
87 359 68 347 158 68 640 68 331 149 68 213 51 487
334 211 68 405 68 405 415 68 540
390 189 643 359 68 158 261 339
64 211 430 68 643 359 68 397 68 569 68 16 158
170 86 163
207 68 607 158 68 207 68 283 68 607 158 85
158 108 68 189 68 430 68 331 149 68 607 158 68 19 258 189
607 158 471 643
4 543 194 288 68 389 199 299
607 158 68 447 189 68 261 86 68 158 108 68 331 149
607 170 570 68 543 70 189 643
471 389 158 199 189
503 339 551
261 86 68 124 68 390 68 569 68 4 85 4 189 108 68 211 390 359
640 68 295 149 68 258 85 68 331 430 68 550 430 68 321 290
87 359 68 295 108 68 59 67 85 405 189 68 389 19 266 19 85
149 389 155 68 503 189
207 68 115 479
153 430 68 607 158 68 5 108 68 261 85 258
87 359 68 158 108 68 569 68 261 158 247 570
87 359 68 136 158 4 85 222 149 68 390 68 97 68 299 501
65 86 68 607 158 85 68 241
321 290
261 86 68 43 158 68 5 68 189 68 321 569 68 331 149
611 149 68 331 149 68 59 290 339 68 569 68 158 189 68 241 359
189 68 503 189 68 397 68 607 158 68 607 158 68 245 85
36 211 607 68 59 295 19 149 643 359
261 86 68 124 68 158 108 68 87 68 258 334 563 189 68 339 68 651 85 241 68 339 551
158 108 68 593 163 68 149 347 158 359 68 331 149 68 237 108 68 54 86 108 68 331
607 158 68 389 158 251 68 211 339
170 68 331 149 68 158 108 68 158 108 68 5
76 438
87 359 68 295 108 68 5 108 68 607 487
405 415
503 189 68 170 68 331 149 68 405 68 390 43 158 199 85
607 68 550 501 68 397 68 550 501 68 607 158 68 59 67 85 189
5 189 359 68 43 158 68 261 158 68 550 430 359 68 389 339
189 68 5 189
211 222 68 389 339 68 158 543
43 430 299 258 68 194 213 211 85 347 189 68 241 85
593 108 68 330 68 617 68 54 86 68 339 68 19 136 339
158 189 550 149 517 499
389 199
54 86
517 635 189 643
607 158 68 494 68 241 570 68 241 108 68 447 158
397 68 54 86
564 68 87 68 158 108
261 86 68 158 152 68 213 458
87 68 170 68 417 68 397 68 397 68 321
43 158 68 503 158 68 642 211 390
564 68 640 68 611 149
241 85 68 19 108 68 390 68 261 86 68 43 158 68 390 68 607 50 68 438 359 68 245 449 68 607 158 68 5
197 108 68 54 86 68 607 158 68 153
64 211 430 68 607 50 68 85 149
189 68 550 501 68 397 68 501 85 517 199 68 36 85 152 68 170 68 170 68 397 68 390 68 5 155 458
87 359 68 158 108 68 569 68 397 70 430 359 68 339 551 517 189 68 189 68 246 68 406 158 359 68 507 472 85 359
503 189 68 5 68 87 543 68 397 68 5 68 405 237 108
261 86 68 43 158 68 501 85 4 189 108 68 640 68 5 149 68 43 158 543
607 158 68 550 339 68 321 189 68 158 85 68 525
640 85 79 359 68 370
153 108 68 197 86
607 158 68 197 108 68 85 617 68 531 158 85 68 331 149 68 607 158 68 550 86 68 321 68 607
569 68 426 479 68 390 68 472 68 258 359
531 158 299 85
503 158 108
153 68 170 359 68 19 359 68 87 449 68 607 158 68 503 158 68 607 158 68 54 86
153 189 479
564 68 87 68 5
640
276 85 68 211 152 68 85 359 68 197 86 68 43 158 68 354 68 189 68 517 85 359 68 70 189 68 153 189
246 68 339 68 430 4 507 211 68 640 68 397 68 299
197 85
651 123 68 115 479 108
189 68 4 240 68 607 158 68 261 149 68 321 247 85 68 607 158 68 158 290 85 359
640 68 331 149 68 81 68 607 158 68 64 389 339 68 397 68 550 85 152 68 241 68 85 359
290 149 643 359
135 68 494 68 158 108 68 642 149 550 86 68 43 158 68 266 158 68 405 152
607 50 68 550 501 68 397 68 550 501 68 607 158 68 158 290 299 211 68 170 299 68 5 108
390 85 4 85 68 197 86
517 43 178 68 479 611 189 149
472 359 68 607 158 68 43 158 68 543
87 359
79 430 189 74
261 86 68 158 189 68 197 86 68 430 68 158 108 68 211 240 359 68 397 68 43 158 189
64 211 430 68 240 359 68 331 149 68 405 68 149 550 86 108 68 569 68 258 359
231 240
503 158 108 68 354 68 189 68 525 551 68 569 68 517 85
258 68 331 149 68 607 158 189 68 197 86 189
607 50 68 197 27
189 68 550 501 68 158 108 68 189 68 517 85
344 339
607 158 68 261 158 240 68 189 68 611 149 68 231 240
640 266 50
564 68 607 158 68 189 68 390 68 19 359
4 240 290 85
503 85 68 158 108 68 331 149 68 54 86 189 54 86
189 68 321 247 85 68 97 68 550 430 359 68 389 339
611 149 68 331 149 68 611 158 68 405 152 68 189 68 447 158 247 149 68 158 295 359
531 85 299 152 68 517 85 390
447 155 643
207 68 397 68 197 85 359
87 359 68 569 68 4 108 173 68 640 68 237 108 68 85 347 158 108
577 68 213 51 108 68 397 199 551
189 68 5 189 359 68 577 68 569 68 85 359 68 43 158 189 16 430
331 149 68 5 68 97 68 611 514 85 359 149 550 158 359 68 638 68 321 189 68 79 430
405 108 68 170 211 68 607 158 68 503 158 152 68 564 222 476
611 514 85 359 149 550 158 222 68 638 68 197 86 68 36 149
447 158 543 68 563 158 85 68 135
87 359 68 295 108 68 197 86 189 68 359 85 4 189 68 85
564
189 635 189
86 163 68 550 501 68 397 68 43 158 68 517 199 68 258 551 68 283 68 87 189 68 43 158
189 68 607 50 68 577 68 97 68 97
189 68 197 86 68 607 158 85 189 149 426 487
231 51 86 68 241
607 158 68 405 199 258 240 299 68 5 189 68 252 155
494 68 158 36 149
389 158 299 211 415
261 86
87 68 81 68 218 85
246 68 19 108 68 607 158 68 211 359 68 447 189
258 405 266 50 68 390 68 19 85 68 517 155 68 607 158 213 68 158 213 211 543 68 64 211 108
258 247 299 415
170 68 189 68 394 68 220 211 240 68 158 240 68 158 240 299 68 222 476 68 158 189 68 158 189 211 189 211 189
231 51 86 68 87 359 68 517 68 189 68 640 68 241 85 68 397 68 299 86 85
331 149
531 85 299 640 68 4 85 359
19 108
49 68 5 68 417 68 331 149 68 607 158 85 152
501 85 447 158 118 68 607 158 359
189 68 550 501 68 97 68 531 149 68 246 68 607 158 68 501 85 4 189 68 59 67 68 517 85 68 43 158 68 43 158 68 501 68 501 68 501 68 43 158 68 501 85 68 501 68 517 85 68 531 158 68 43 158 68 517 85 68 153 189 68 517 85 68 531 158 68 531 158 68 531 158 68 501 85 68 517 85 68 517 85 68 406 158 68 406 158 85 68 501 85 68 501 68 153 189 68 406
182 108
550 501 68 569 68 490
189 68 607 50 68 330 211 543 211 85 68 569 68 79 430 359 68 149 550 158 543 108
158 85 68 45 240 68 158 108 68 517 85 4
495 68 607 68 189 68 611 359 68 201 240 68 19 108 68 430 68 241 68 569 68 283 68 283 68 569 68 569 68 569 68 569 68 253 569 68 569 68 569
189 68 550 501 68 397 68 517 68 321 149
19 108 68 563 430
197 108 68 237 149 68 517 68 158 189 68 354 68 321 189 68 569 68 79 359 68 85 347 158
64 211 430 68 611 543 85 68 241 108 68 158
211 240 152
189 532 108
370 68 640 68 5 189 68 237 643 85
607 158 68 245 449
4 64 68 87 68 339 68 241 199 68 158 213 458
65 199 108
64 211 359
19 79 359 68 155 68 183 339 68 531 149 68 405 68 5 108 68 517 85 68 149 68 569 68 290 569 68 569 68 290 149
607 158 570 389
501 85 438 68 5 68 503 158 108 68 607 158 68 607 158 68 607
170 149 68 97 68 133 68 607 158 68 211 471 211 68 85 152 68 569 68 115 479 68 390 569
201 258 68 197 108 68 87 68 87 149 68 19 543 68 201 258 68 569 68 550 339 68 550 501 68 397 68 43 158 68 339 68 64 211 68 201 85 68 201 85 36 85
194 543
564 68 261 86 68 158 85 68 189 68 231 240 68 331 149
19 136 430 68 54 86 68 54 86 68 189 68 321
158 155
204 152 68 331 149 68 241 108 68 611 74
189 68 607 68 527 68 76 85 68 657 359 68 563 158 108
564 68 64 211 430
158 85 68 158 108 68 158 108 68 183 189 16 189 16 430
577 68 321 240
87 359 68 153 68 494 68 550 501
158 108 68 189 68 222 476 68 331 108 68 5 108
97 68 197 86 68 170 149 68 246 68 241 158 68 153 108
158 108 68 189 68 258 321 563 158
19 85 359
64 517 68 321 543 108
607 158 415 68 389 85 68 389 158 189
87 108 68 390 68 569 68 389 85 359 438 68 397 68 569 68 472 85
607 68 550 501 68 397 68 550 501 68 607 158 68 283 551
611 569 85
283 68 197 86 68 5 68 5 68 331 149 68 538 158 149 68 241 158 118
347 158
640 68 331 149 68 607 158 68 607 158 68 241 68 162
525
258 543 507 68 517 199
503 158 108
331 149 68 158 108 68 207 68 155 51 86 68 397 68 417 68 241 68 189 426 86
189 68 472 85 471 68 643 449 68 607 158 68 81
135 68 261 158 543 68 158 449 189 85 347 158 85 68 331 149
517 68 189 68 607 158 152 68 607 158 68 447 158 85 68 153 108
593 517 359 68 288 68 97 68 405 149 517 258 68 97 68 638 68 397 68 640 68 321 240 68 321 240
43 158 240 299 572
283 68 192 194 108
136 479 76
472 85 447 430 68 4 85 359
153 108 68 97 68 390
19 108
607 158 68 197 108 68 85 152 68 569 68 607 50 68 261 339 68 607 158 247 85
43 158 199
97 68 552 85 359 68 397 68 569 68 158 68 258 359 68 258 299
189 68 153 68 153 136 158 222 68 438
517 68 331 149 68 79 430 68 246 68 607 158 152 68 70 501 85
517 68 189 68 577 68 569 68 472 85 447 158 118 68 149 550 158 543 108
599
501 85 517 199 68 162 85
135 68 503 339
607 158 68 494 68 241 570 68 241 68 430 68 158 189 68 158 199 189 458
65 86 68 390 68 430 68 158 64 68 182 149
640 68 331 149 68 81 68 569 68 211 390
97 68 87 430 68 240 68 240 194 68 189 68 611 189 149 68 133 68 550 339 68 550 158 189
517 5 189 359 68 517 85
64 211 258 68 397 68 5 68 331 149 68 5 68 152 550 158 68 430 68 241 68 430
503 85 68 517 68 189 68 417 68 45 240 643 359
503 158 108
87 359 68 331 68 640 68 514 240 302 68 640 68 237 149 68 607 158 543 68 569 68 517 118
611 514 85 359 149 550 158 359 68 390 68 201 108 68 330 60 68 153 108 68 241 85 68 241
153 189 68 222 68 5 189 68 638 68 51 86
87 85 211 607
213
97 68 405 189 643 68 339
531 158 85 68 331 149 68 5 108 68 390 68 607 50 68 607 158 68 569 68 158 189 569 68 657 299
86 163 68 503 158 543 68 5 108 68 252 155 108 68 218
397 68 569 68 218 68 261 86 599 68 64 211 108 68 261 86 68 261 86 68 43 158 68 97 68 189 68 97 68 97 68 569 68 569 68 97 68 97 68 569 68 569 68 569 68 569 68 97
97 68 569 68 517 85 68 19 189 68 321 108 68 43 158 240 299 70 158 108
64 211 430 68 240 149 68 331 149 68 405 68 189 68 569 68 321 247 85 68 517 85 299 211 4 85 359
197 85 359 68 253 68 87 85
321 189 68 569 68 245 570
607 50 68 85 149
531 158 299 211 302 68 59 295 19 85
577 68 213 51 108 68 397 199 551 68 36 149
501 85 438 68 5 68 64 211 430 68 149 68 640 68 569 68 19 108 68 222 108
611 152
155 68 183 339 68 70 189 68 19 152 68 331 149
607 158 415 68 85 68 642 149 550 86
359 152
599 211 241 68 149 550 158 543 108
5 211 85
430 331 359 68 76 85
564 68 153 68 64 550 430 68 389 158 60 68 283 68 246 68 389 85 68 246 68 197 86 108 68 64 51 189 68 64 51 189
569 68 447 158 108 68 158 108 68 241 406
517 68 331 149 68 76 85 68 97
258 189 550 158 189
158 85 68 642 211 68 149 550 158 543 108
19 108 68 347 158 390
607 158 68 85 241 68 390 68 611 74
651 123 68 494 68 135 68 321 507 149
447 158
390 68 651 123 68 397 68 405 68 204 85 43 158 68 517 211 189 211 189
517 68 87 68 577 68 607 158 68 136 155
390 189 643 359 68 220 88
86 163 68 550 501 68 397 68 258 68 472 68 149 550 86 68 241 194 149
321 211 87 85
207 68 70 85 68 331 149
212 85 347 189
54 86 68 426 339 68 339 68 607 158
394 51 213 607 479 68 642 211
569 68 347 501 68 158 85 68 158 108 68 197 86 68 370
503 85 68 640 68 189 68 517 152 68 607
569 68 258
5 19 108
197 86 247 211 108 68 197 86
87 68 247 149 68 76 152 68 149 68 640 68 642 85 68 70 158 108 68 405 241 68 87 543 211 543
211 251 85
569 68 347 158 68 390 68 43 158 189 451 68 64 550 158 85
158 189 550 149 517
517 68 331 149 68 599 68 158 68 87 108 68 569 68 389 240 359 438 359 68 115 479 68 246 68 189 68 189 68 189 68
54 86 68 397 68 607 158 68 240 550 479
4 189 149
189 68 124 68 449 68 430 247 68 189 68 607 158 189 68 158 406 211 189 299 359
640 68 331 149 68 81 68 607 158 68 158 241 222 68 359 70 158 108 68 397 551
97 68 490 68 54 86
197 86 68 349 68 349 68 607 158 68 607 50 68 397 68 569 68 241 359
607 158 570 389
189 68 54 86 189 68 397 68 222 476 68 155 643 449 68 611 189 108 258 299 68 189 68 321 290 85 359 68 246 68 321 27
194 543
611 149 68 331 149 68 197 86 68 288 68 569 68 261 149 68 51 86
153 108 68 390 68 569 68 438 359 68 390 68 5 189 68 79 158 299 68 241 68 4
640 68 331 149 68 640 68 390 611 438 359 68 321 569 68 43 430 108 68 87
640 68 331 149 68 607 158 68 607 158 68 390 68 611 189
640
593 108 68 197 86 68 331
135 68 517 68 617 68 331 430 68 197 86 189 68 430 68 241 406 155
65 158 108 68 642 68 343 247 211 189
330 245 211
49 68 5 68 258 68 331 149 68 261 158 543 68 611 149 550 359 435 213
302 68 611 86
347 189
87 359 68 347 158
607 158 68 330 85
611 514 85 359 149 550 158 359 68 390 68 201 108 68 330 60 68 153 108 68 241 85 68 241
204 152 68 331 149 68 241 108 68 611 74
87 359 68 158 108 68 331 149 68 552 85 359 389 430 359
97 68 490 68 158 543 149 68 397 68 87 449 68 390
87 449
189 68 81 68 607 158 68 213 389 158 108
607 50 68 550 501 68 397 68 4 85 68 5 108 68 331 211 64 389 339 68 158 155 458
261 86 68 43 158
4 240 108
189 68 253 68 331 149 68 569 68 490 68 321 240 68 343 543 389 85 359 68 569 68 331 430 68 158 108
607 68 550 501 68 397 68 43 158 68 261 158 68 68 430 85 251
189 543 302 359
54 86 68 405 85 68 153 543 68 607 158 68 389 479 68 640
5 68 331 149 68 158 152 68 607 158 68 59 67 85 405 189
85 213 359
370 68 640 68 642 85
87 359 68 158 543 149 68 397 158 108 321 85 642
85 68 394 359
654
97 68 85 607 158 189 389 570 68 517 68 430 68 5 189 68 390
87 359 68 189 68 273 68 85 331 359 68 397 68 426 430 68 87
253 359 68 640 68 246 68 54 86 189 68 397 68 405 68 642 211 68 569 68 79 359
189 68 550 501 68 397 68 517 406 155 68 334 68 59 67 85 531 299
231 51 86 68 651 68 211 68 93 51 149 68 258 68 258 290 514 199
222 476 68 607 68 569 68 347 158 68 430 68 607 158 85
189 68 651 123 68 397
189 68 550 501 68 397 68 43 158 68 43 158 68 152 211 213 211 247 68 79 430 68 79 430 170 108
479 85 471
189 569 108 68 201 258
153 68 158 152 68 153 543 68 45 27 68 59 295 68 564 68 607 50 68 36 211 607 158 68 153 68 45 108 68 153 189
87 359 68 295 108 68 490 68 611 152 517 623
19 108 68 5 430
246 68 607 158 85 68 153 108 68 153 189 359
611 290 85
189 405 68 611 158 68 241 108 68 93 550 158 149 550 158 108
189 68 241 68 97
5 19 108
87 359 68 158 108 68 331 149 68 115 479 108 68 430 45 108 68 59 290 85 359 70 189 643 359
611 189 241
5 68 607 68 397 68 350 68 607 158 68 640 68 390 68 321 189 68 5 189 68 85 405 241 194 543
97 68 79 158 189 623 68 189 68 194 543 68 389 339
170 199
648
49 68 158 68 54 86
59 67 85 405 299 68 189 241 68 339
4 240 108 68 640 68 64 211
189 68 648 240 68 638 211 570 389 158 570
59 67 85 405 299
607 68 550 501 68 607 158 68 240 389 430 68 569 68 261 487 149 258
189 68 607 158 543 68 258 68 220 211 543 68 564 68 87 543 68 569 68 258 68 430 199
189 68 607 50 68 152 51 86 68 261 86 68 397 68 59 295 290
321 68 19 136 430 68 87 449 68 36 149 68 87 108 68 211 607 50
189 68 354 68 189
97 68 288
54 86 68 321 189 68 569 68 108 68 246 68 213 211 108
331 149 68 390 446 68 607 158 68 222 4 240 68 115 479 68 189 458
43 158
158 85 68 165 68 87 68 253 68 397 189
331 108 68 197 68 197 86 68 158 108 359
389 158 189 68 149 550 86 108
261 86
607 68 550 501 68 397 68 211 543 68 43 158 68 43 86 68 231 85
43 158 68 417 68 149 258 85 379 68 158 149 517
261 86 68 569 68 503 339 551 68 397 158 108 68 397 85 321 86
517 19 517 149 68 170 108
406 85 299 60 194 108
45 108
59 155
189 68 81 68 430 64 389 158 359 359 68 79 158 189 68 290
261 86 68 607 86 68 550 501 68 397 68 365 152 68 607
343 158 199 85 347 158 299 68 517 85
569 68 531 158 85 68 390 68 197 86 68 405 149
189 68 426 158 85 68 79 199 68 241 68 87 152
79 85 189 359
543 68 54 86 189 570 68 397 68 569 68 158 108 68 85 379
222 68 97 68 471 211 68 149 68 211 359 68 517 68 54 86 68 64 211 430
389 85 359 68 640
87
640 68 331 149 68 81 68 430 64 302 64 68 241 85 68 540 189 451
204 152 68 331 149 68 241 108 68 611 74
189 68 607 158 543 68 607 158 68 405 189 85 68 517 85 152
158 199 108
261 86 68 124
471 389 158 108 68 417
204 152 68 331 149
347 158
611 240
189 68 607 158 68 607 158 68 517 406 299 68 321 189 68 569 68 87 449
115 479 199
611 79 158 189
503 189 68 640 68 331 4 189
87 108
158 108 68 183 155 68 347 158
503 158 108 68 390 68 569 68 213 194 152 68 136 479 68 222 543
43 158 199
258 334
222 68 607 158 68 149 550 158 543 85 68 607 158 68 283 68 149 389 85 359
355 108 68 87 68 87 339 68 158 108 68 36 149 68 51 86 189 68 241 85
246 68 651 123 68 321 240 68 85 4
258 247
43 158 68 158 189 643 359 68 261 85 359
5 68 237 19 543 68 197 86 68 253 68 51 86 108 68 153 108 68 231 240
607 158 85 359
197 85 359 258
97 68 170 108
503 85 68 390 68 569 68 640 19 85 222 68 133 68 197 108
64 211 430 68 153 108 68 158 68 135 149
211 543
211 86 68 189 108
211 543
64 550 158 85 68 4 85 222
97 68 430 68 577 68 85 222 85 359
503 85 68 390 68 569 68 611 299 149
607 50 68 389 339 551
87 359 68 5 68 331 149 68 222 68 397 68 258 189 68 339 68 339 68 569 68 218
87 359 68 347 158 74 68 158 543 68 261 158 68 607 158 68 43 339
189 68 550 501 68 97 68 189 68 158 108 68 550 158 449 68 607 158 68 51 86 359
189 68 211 68 397 68 517 406 155 68 43 158 68 64 389 339
593 108 68 397 68 331
87 359 68 390 68 569 68 253 68 79 64 550 158 108 68 607 339
258 4 85 155 301 359
240 213 507 211 68 397 68 64 389 430
115 479
517 359
607 158 68 51 359 68 349 152
213 550 86 68 93 225 68 197 86 68 19 85
87 359 68 5 85 68 246 68 321 189 68 569 68 149 550 155 194 211 108 68 397 68 299
36 108 68 79 430 438 551 68 64 211 430
564 108
64 93 435 334 4 240
87 359 68 347 158
153 108 68 97 68 390
87 359 68 426 158 299
607 158
258 152
607 158 85 68 347 158
607 158 68 494 68 241 570 68 241 68 158 290 85 359 68 170 299 68 283 68 397 68 405 241 68 490
97 68 540 68 85 68 5 155 458
246 68 569 68 490 68 76 85 68 189 68 517 68 321 290 85 68 237 108 68 331 149
212 85
87 359
517 68 331 149 68 43 158 68 321 247 108 68 321 189 68 503 189 643 85
397 68 607 479 68 406 334 68 64 211 430
479
607 158 68 79 158 68 36 85 152
222 476 68 607 68 569 68 347 158 68 430 68 607 158 85
189 68 472 68 531 85 331
261 158 189 517 85
87 152 68 19 68 331 149
405 85 68 45 240 68 189 68 201 258 68 220 211 68 189 68 629 68 158 108
397 68 347 501
258 359 68 189 68 642 68 642 68 85
261 86 68 640 68 189 68 158 64 108
390 68 569 68 76 85 68 189 43 517 149 517 68 394 149 68 258 85 43 158 108
569 68 5 189
64 211 430 68 149 68 331 149 68 552 85 68 417 68 397 68 569 68 569 68 79 339 551 68 79 339
189 569 108 68 201 258
389 570
43 158 199
87 449
503 339 68 607 158 68 189 149 68 64 211 430
599 68 158 68 201 240 68 331 149 68 211 607 158 68 607 158 68 252 155 68 135 68 531 299 68 97 68 97
517 68 189 68 81 68 258 68 153 68 153 189 241 430
246 68 331 108 68 503 158 240 68 231 240 68 339 68 607 158 68 607 158
4 240 643 85
189 68 211 543 68 331 149
607 158 68 570 550 158 68 397 68 153 108 68 19 85 359
607 158 68 577 68 347 158 570 68 321 240 68 153 108
86 163 68 550 501 68 36 85 211 607 68 642 68 253 359 68 241 68 241 68 182 149
447 158
503 85 68 158 108 68 569 68 517 85 642 118
245 258 136 479 68 115 479
201 108 68 54 86 189 68 397 68 197 86 68 199 290 389 158 189 643 359
231 240
19 108
517 68 189 68 577 68 607 158 68 59 240 359
642 158 68 258 85 531 158 543 68 261 86 68 158 85 68 81 68 231 240 68 331 149
246 68 651 123 68 158 213 211 543
607 158 68 273 68 607 158 68 607 158 68 87 501 85
640 68 237 149 68 501 85 517 199 68 640 68 194 543 68 79 487 149 438 359
607 50 68 494
201 240 68 331 149 68 211 543 68 331 108 68 550 158 68 135 68 135 68 70 158 68 218 68 617 68 397 68 85
331 149 68 517 359 68 4 189 68 607 155 68 253 68 283 68 4 189 108 68 290 258 189
153 68 347 158 108 68 397 68 552 85 119 211 282 430 68 430 68 5
258 189 211 68 339 68 569 68 261 86 258 394
149 611 152
87 359 68 79 86 149 438 359 68 158 108 68 321 189 68 258 390
517 68 331 149 68 517 149 68 640 68 607 158 68 389 158 251 68 276 85 68 153 108
189 302 108 517 68 611 158 290 222 290 85
607 158 68 158 189 149
564 68 331 149 68 517
640 68 331 149 68 81 68 158 189 331 149 68 241 85 68 517 85 68 438 359
158 108 68 189 68 231 240 68 331 149
189 68 212 85 359 68 97 68 153 108
283 68 258 405
611 149 68 331 149 68 405 68 70 501
189 68 517 359 68 51 570 68 321 189
569 68 158 339 68 390 68 149 550 86 108 611 152
266 158 68 611 189 211 611 189
517 68 189 68 577 68 607 158 68 503 240
197 85
170 199
76 85 359 68 640 68 155
607 158 68 629 68 16 158
207 19
189 68 503 189 68 331 149 68 397 68 211 295 68 651 123 108 68 85 68 85 68 85 68 258 189 68 638
569 68 65 155 49 68 246 68 213 194
135 68 258 68 331 149 68 261 158
64 211 430 68 258 189 68 158 68 339 68 501 85 623
19 642 68 607 158 68 607 158 68 290 85 68 276 85 68 64 211 108
59 67 85 405 299
4 85 607
64 211 430 68 538 430 68 331 149 68 153 189 68 201 240 68 331 149 68 607 158 543 68 19 79 430 299
87 359 68 347 158 68 640 68 331 149 68 577 68 19 79 359
43 158 68 517 85 68 640 68 158 152 68 158 152 68 569 68 240 643 85 68 240 643 85
158 108 79 85 359
607 158 68 607 158 68 321 240 68 170 108 68 170 108
569 68 550 158 543 108 68 390 68 189 85 359 68 531 149 68 354 68 331 149 68 85 68 397 415
189 211 251 389 339
5 108
189 68 241 68 197 86 299 82 68 189 68 569 68 197 86 149
261 86 68 124
115 479
87 89 487
97 68 394 68 550 501 68 97 68 490 68 261 86 85
599 211 241 68 149 550 158 543 108
405 155
564 68 640 68 331 149 68 261 158 543 68 258 415
87 359 68 347 158
189 68 651 123 68 261 149 68 607 50 68 640 68 97
97 68 390 68 241 68 321 240 68 640 68 354 68 283 68 531 155 194 514 199
447 158 64 643
189 68 430 68 258
207
136 479 389 479
607 158 68 405 108 149 74 68 5 68 136 339
136 158 4 85 359
426 240
246 68 19 108 68 258 415 261 86 68 212 569 85 201 108 68 331 149
222 68 607 158 68 640 68 405 553
135 68 503 158 543 68 331 149 68 258 68 607 158 543
4 240 108
276 339
479
472 85 152
51 86 189 68 189
149 550 158 240 51 85 359
331 68 390
290 415
86 149 550 86 68 331 149 68 517 68 5 68 417
189 68 81 68 472 149 543
261 405 390
153 108
276 158 490 334 68 517 85
158 108 68 331 149 68 211 543 68 607 158 213 68 607 158 85 68 426 158 85 68 165
87 359 68 640 68 331 149 68 70 501 85 68 158 108 68 331 149 68 552 85 359 68 359
321 240 68 611 74 68 5 68 331 149 68 158 152 68 607 158 68 158 290 299 211 359
517 5 189 359 68 517 85
189 68 651 123 108 68 607 68 607 170 199 68 426 158 68 611 74 551 68 397 68 70 189 68 569 68 70 158 108
87 359 68 331 68 640 68 638 68 569 68 5 68 331 149 68 87 189 359
87 359
43 158 68 390 68 189 643
97 68 430 68 349 68 430 68 430 68 397 611 152
290 570 211 108 359
261 86 68 43 158
331 149 68 81 68 397 68 5 68 389 339 68 550 158 359 68 87 359
189 68 550 501 68 397 68 501 85 517 194 514 199 68 359 68 85 68 170 68 397 68 617 458
207 68 5 68 93 211 240 68 97
517 68 189 68 607 158 152 68 607 158 68 447 158 85 68 153 108
192 211
97 68 390 68 241 68 321 240 68 640 68 354 68 283 68 531 155 194 514 199
87 359 68 136 158 4 85 222 149
76 85 569 68 64 51 108
321 189
149 85 152 88
261 86 68 640 68 577 68 397 68 651 123 643 85
197 85
189 68 503 189 68 569 68 258 68 158 406 211 406 158 189 68 430 68 651 123
153 108 68 240 359 70 189 68 170 108 68 189 68 331 68 158 449 68 5
642 149 532 68 108
607 158 68 197 108 68 85 152 68 189 68 517 359 68 79 50 68 4 85 359
503 189 68 640 68 331 158 543 68 189 68 189 241 199 118 68 258 390 189 426 487
189 68 550 501 68 607 158 68 261 86 68 87 258 68 253
189 68 550 501 68 397 68 213 68 70 158 68 149 550 430
153 108 68 447 158 543 68 158 108 68 638 68 51 86
640 68 331 149 68 149 550 487 359 68 87 189 68 503 158 68 430 331 503 189
87 359 68 331 68 640 68 136 158 213 68 170 149 68 593 163 68 550 501
43 158 199
405 189 550 155 68 290 159
97 68 490 68 54 86 68 397 68 222 476 68 397 68 237 149 68 397
359 611 152 68 607
651
607 158 68 607 158 68 321 4 70 158 68 447 158 85 197 86 189
564 68 550 158
321 543 108
231 240
261 86 189 68 170
503 339
389 339
331 108 68 136 155
569 68 79 220 88 299 68 189 68 406 158 189 68 390 68 321 247 85 68 321 247 85 68 531 155 194 213 68 213
76 85 359
158 155
611 152 68 64 211 430
640 68 189 68 81 68 397 68 490 68 344 199 406 155
86 163 68 550 501 68 397 68 54 86 68 370 68 283 68 87
19 85 359
290 570 211 108 359
397 415
97 68 438 415 211 68 430 68 640
4 108 68 59 295 85
347 158
503 158 108 68 5 68 331 149 68 472 420 108 68 43 85 68 406 155
321 189
241 359
211 108
231
59 155 359 389 67
640 68 331 149 68 81 68 158 152 68 43 158 189 54
76 85 241 430
321 211 87 85
273 68 97 68 189 211 85 347 158 118
241 359
64 550 158 85 68 45 27
189 68 517 359 68 252 158 189 68 321 189 68 162 68 570 302
197 86 108
389 158 240 68 490 359
65 108 68 246 68 339 551 517 347 158 118
258 471 643
189 68 87 108 68 607 158 68 158 70 158 68 115 158
170 220 258 390 68 189 211 85 359
564 108
207 68 246 68 170 108
86 163 68 550 501 68 397 68 577 68 607 158 68 447 158 68 642 68 640 68 5 189 68 607 170
135 68 417 68 331 149 68 331 149 68 607 158 68 321 189
5 68 607 68 503 339 68 503 339 68 538 158 189 68 397 189 54 86
87 359 68 390 68 651
135 68 517 68 365 152 68 266 158 68 405
261 158 643
189 68 211 607 50 68 241 108 68 607 158 68 349 531 158 213 194 213
651 123 68 4 68 64 211 108 68 36 85 68 331 149
189 68 550 501 68 397 68 321 290 68 607 158 68 321 189 68 258 85 68 430 68 479 240 51 86 189 68 517 359
543 258 68 258 359
70 189 68 599 68 158
87 68 247 149 68 577 68 359 68 65 199 108 68 5 108 68 321 569
290 213 211
321 68 19 136 430 68 87 449 68 36 149 68 87 108 68 211 607 50
189 68 550 501 68 397 68 550 501 68 607 158 68 290 85 197 86 108 68 290 85 568 68 611 85
503 240
54 86 68 397 68 149 550 158 108 68 19 108
640 68 331 149 68 5 68 201 240 68 577 68 607 158 68 611 85 68 640 68 651 123
189 68 607 68 527 68 76 85 68 657 359 68 563 158 108
135 68 5 543 68 397 68 569 68 389 85 359 68 359 68 397 68 531 158 240
607 158 68 607 158 68 70 339 68 290 85 197
517 359 68 640
503 189 68 87 543 68 5 406 158
65 158 108 68 642
471 68 5 68 527 68 490 359
189 68 211 5 68 638 108 79 430 68 253 68 426 86 85
4 64 49
97 68 295 149 68 189 68 194 543
97 68 334 68 531 158 85 359 68 85 299 68 4 85 359
261 86 68 5 68 331 149 68 389 501 68 569 68 321 247
87 359 68 501 85 4 189 108 68 640 68 5 149 68 607 158 543
85 152
405 240
97 68 87 430 68 194 213 194 149
97 68 426 158 108 68 5 155 458 68 241 68 43 158 68 517 85 359 68 43 158 68 222 68 253 68 5 108 68 64 211 108 68 158 68 158 108 68 158 85 68 158 108 68 211 108 68 158 108 68 158 108 68 43 158 108 68 201 85 68 517 68 517 85 68 158 85 68 158 108 68 201 85 68 517 258 68 189 258 68 158 108 68 158 85 68 85 68 85 68 189 85 68 189 68 189 258 570
607 158 68 54 86 189 68 189 68 569 68 258 68 5 108 68 189 68 389 339 68 124 68 397 415
189 302 108
611 189
503 339
97 68 430 68 438 415 68 569 68 258 551
593 517 359 68 417 68 158 152 68 158 406 189 68 170 299 149 68 339 68 79 430 85 438 551
607 158 68 51 359 68 189 211 85 438 359 68 189 68 197 85 379
189 68 517 359 68 258 189 68 158 155 302
261 86 68 43 158 68 390 68 97 68 70 189
354
607 158 68 197 108 68 85 152 68 569 68 64 389 339 68 189 426 86 85 68 5
607 158 68 258 85 517 85 68 397 68 5
97 68 494 68 550 501 68 607 158 68 607 158 155
331 149 68 152 51 86 68 283 68 607 158 68 158 189
97 68 158 543 68 405 299 68 531 85 68 70 189 68 494 68 494
569 68 199 189
503 85 68 390 68 501 85 359 68 149 550 158 543 108 68 321 189
189 68 211 5 68 517 68 43 158 68 158 189 299 211 189 68 517
240 359 68 321 569 68 331 108 68 531 155 49
87 449 68 189 68 331 149 68 158 64 68 397 68 370 68 43 158 240 550 158 290 152 85
569 68 36 85 211 607 68 222 68 170
569 68 76 85 68 390 68 155 68 183 339
64 211 430 68 87 85 79 430
5 343 158 149 68 64 211 108
189 68 503 189 68 397 68 517 152 68 651 123 68 321 479 68 64 211 199
201 240 199 212 359
640 446
246 68 651 85
87 359 68 331
189 212 517 68 5 339
97 68 430 68 258 247 68 321 247 68 503 189 643 503 158 85
85 68 218 68 261 430 68 607 158 68 85 149 152 68 124 68 607 155 68 70 158
240
97 68 394 68 550 501 68 97 68 490 68 261 86 85
211 199 68 218
261 86 68 43 158
4 152 88 152
241 85 68 158 108 68 158 189 149 643 359
261 158 389 487 68 19 68 153 189 68 321 247 85 68 343 85 70 189 290 570 389 158 359
417
189 68 211 5 68 54 86 68 397 68 569 68 59 295 85
189 68 517 359 68 517 68 405 149 550 430 68 189 68 81 68 339 68 397 415 211
158 471 389 158 189 68 611 189 359
611 149 68 87 68 81 68 640 68 569 108 68 430 68 430 68 569 68 245 449 68 397 68 569 68 359 68 611 189
155 68 245 449
640
331 149 68 494 68 331 149
517 359
406 155 149
651 123
331 108 68 155 68 155 68 258 359
189 108 189 68 569 68 640
4 189 540 299
607 158 68 517 149 68 640 68 611 240 68 64 211 430
552 85 359
59 290 85 438
189 149
261 86 68 124 68 607 158 543 68 331 149 68 153 68 362 222 4
490 359 68 447 158
321 189 68 87 449 68 642 68 642 149 194 108
231 240 68 331 149
189 68 607 50 68 330 211 543 211 85
607 50 68 261 158 543
261 158 240 68 531 158 85 299 108 68 397 68 331 149
261 86 68 135 68 390 68 153
201 64 643 389 213
76 85 569 68 64 51 108
417 68 640 68 43 158 68 252 155
5 189 68 397 108
607 158 68 321 149
569 68 115 479 108 68 170 359 68 359 68 397 189
189 68 503 189 68 397 68 59 240 359 68 607 158 68 19 240 359
406 155 108
607 50 68 550 501 68 397 68 258 189 68 651 85 68 501 85 68 638 68 253 68 525 551 68 5 189 68 155 389 158 189 68 5
564 68 359 68 85 152 68 397
207 68 607 158 68 569 68 159 68 159
640 68 331 149 68 607 158 68 607 155 68 321 247 85 68 389 339 551 68 389 339
5 189 258 359
189 68 426 86 85 68 51 85 68 447 430 68 339 68 397 415 68 197 108 68 253
321 635 108
87 359 68 5 68 331 149 68 158 108 68 189 108 68 607 170
517 68 189 68 577 68 607 158 68 517 85 68 87 415
4 85 152 68 426 479
4 108
394 359
153 108
64 211 430 68 197 86 68 153 108
51 108 68 76 85 68 189 438
197 108 68 135 68 211 251 68 611 152 68 397
87 359 68 5 68 331 149 68 222 68 397 68 258 189 68 339 68 339 68 569 68 218
87 108
611 295 430
246 68 19 359 68 85 19 489
189 68 503 189 68 397 68 577 68 607 158 68 577 68 517 85 152 149 517 149
607 158 68 4 85 68 64 211 430
330 245 211
87 68 170 108 68 222 611 152 68 158 543 68 550 158 189 149 68 339 68 339 68 19 85 241 85 379 85 379
651 85
5 68 607 68 607 158 68 24 334 438 551 68 241 68 517 68 43 158 68 43 158 68 158 189 68 158 189 68 607 479
87 108 68 64 532 108 68 162
321 189 108
153 108
405 199
64 211 430 68 642 68 149 68 640 68 43 85 68 213 253
51 159
611 149 68 331 149 68 531 158 108 68 246 68 258 68 447 158 189 149 74
390 68 569 68 4 85 331 158 189 149 68 471 149 517 68 569 68 640 68 5
189 68 405 68 607 158 68 51 359 68 158 240 299 85 68 158 155 458
64 211 430 68 240 149 68 331 149 68 550 514 199 68 321 189 68 569 68 115 479
389 501 68 651
334 189 68 97
503 189
494 68 158 108 68 642
503 85 68 158 108 68 331 149 68 54 86 189 54 86
321 290 68 331 108 68 5 569 68 503 158
517 359 68 640
201 258 68 197 85 68 19 68 189 68 406 149
273
611 149 68 331 149 68 213 211 189 68 651 149
503 85 68 390 68 569 68 389 85
607 158 68 222 476 68 447 158 543 68 213 302 430
651 85 68 430 68 405 108 68 321 240 68 76 85
569 68 552 85 68 246 68 213 211 85
266 158 68 405 553
241 68 552 85 68 397 68 347 189 68 607 68 569 68 321 189 85 389 199
607 158 213 194 149
213 51 487
503 339
189 68 79 430 68 135 68 531 68 405 68 19 108
189 68 170 152 68 331 149 68 531 149 68 331 149 68 170 152 68 417 68 397 68 64 211 240
607 158 85 359
158 85 68 550 514 199 68 390 68 158 390 68 158 74
97 68 258 339
517 68 189 68 19 68 607 158 68 170 220 68 642 211 85
79 339 415
4 213
517 85 189 458 68 397 68 638
97 68 170
197 85 359 258
87 152 68 158 85 347 158 299
189 68 241 359 68 397 68 577 68 97 68 417 68 241 68 569 68 43 158 68 43 158 68 213 211 85
201 258 68 54 86 189 68 397 68 503 339 68 97 68 51 86 68 389 339
261 158 282 85
97 68 261 158 108
19 266 155 194
503 158 108
158 245 449 189
231 51 86 68 261 86 68 43 158 68 5 68 331 149 68 87 359
64 211 258 68 397 68 5 68 331 149
321 543 68 19 108
153 108
87 240
59 479 359
5 68 81 68 397 68 4 85 152 68 189 68 70 158 68 258 551
321 27 68 569 68 258 68 258 68 389 339 68 246 68 354 85 359 68 158 108 68 153 108
261 86 68 430 68 349 68 349 68 261 86 68 158 108 68 331 149 68 64 389 158 189 68 241
321 189 68 5 108 68 70 479 68 64 211 430
64 108 507 85 347 158 79 359
564 68 70 189 68 389 359 68 517 194 514 199 68 569 68 430 149
115 479 68 189 68 153 68 149 517 68 657 299 85
283 68 339 68 607 158 68 59 295 85 347 189 241
189 68 5 189 68 158 189 68 397 68 550 501 68 36 149 68 158 108
283 68 607 158
394 149
158 85 68 4 415 68 170 108 68 241 68 241 68 43 158 68 245 449
64 211 258 68 397 68 5 68 331 149 68 5 68 152 550 158 68 430 68 349 68 5
5 68 331 149 68 108 68 331 108 68 158 295 68 253 68 331 487 108 68 153 189 68 394 569 68 64 211 108
514 85 359
51 570 68 347 158 68 607 68 258
87 359
189 68 211 607 68 397 68 124 68 503 339
158 108 321 531 158 213 68 501 85 406 430
5 85 68 321 240
503 189
64 211 430 68 240 359 68 5 189 68 569 68 503 189 359 68 124
390 68 19 136 479 68 189 550 517 68 514 199 68 43 158 68 124
49 68 158 68 501 85 607 158 189 68 331 149 68 158 108 68 158 108
447 189
525 211 220 68 158 471
213 211 290 570 68 192 359
607 158 68 158 189 149
563 158 68 607 68 152 51 86
640 213
503 85 68 390 68 569 68 640 19 85 222 68 133 68 197 108
76 85 359
397 68 261 86
503 339
43 158 68 517 85 68 430 68 162 68 5 189 68 321 189 68 569 68 261 86 85
189 68 81 68 607 158 68 430 299 85
222 476 68 153 551
531 85 299 607 158 85
261 86 68 158 108 68 331 149 68 607 170 570
261 86 68 124 68 170 68 189 68 81 68 397 68 503 339 68 241 85 68 43 158 68 136 479 68 211 241 68 211 85
43 158 68 252 199 68 607 158 68 4 359 68 394 149 68 550 158 543 68 569 68 261 86 85 359
390 68 97 68 45 108 68 153 108
331 149 68 288 68 523 68 19 85 189 149 68 607 158 68 220 51 570 359
189 68 550 501 68 258 64 211 64 211 68 213 68 397 68 397 68 115 479
5 68 295 149 68 426 86 68 607 158 68 51 85 68 19 68 501 85 68 334
153 155 359 68 390 569 85 517 68 517 85
85 149 211
479 64 301
43 158 68 252 155 68 158 108 68 517 68 261 240
240 359 68 158 68 19 85 189 149
258 189
49 68 430 68 276 501 68 97 68 501 85 359 68 70 158 68 70 189
503 85 68 390 68 569 68 87 85 68 241 70 189 299
258 189 68 158 189 68 607 158 68 158 471
564 68 261 86 68 158 85 68 189 68 231 240 68 331 149
87 359 68 295 108 68 64 389 339 68 149 550 158 543 108
153 108 68 390 68 5 68 59 247 85 405 189 68 189 241 68 389 158 222 406 158 299
189 405 68 43 158 68 397 68 59 247 543 68 347 158 222 4 299 211 189 359
246 68 19 108 68 607 158 68 640 222 85 359 68 133 68 211 108 68 211 543 108
611 149 68 189 68 162 68 607 158 68 405 189
389 479 68 397 68 5 68 331 149 68 43 158 68 550 158 68 430 68 349 531 158 189 68 5
503 339 68 87 68 211 68 397 68 43 158 68 245 211 68 607 170
231 240
79 430 149
321 68 331 149
59 295 499 211
405 189
189 68 651 123 108
564 68 87 68 5
517 68 331 149 68 4 108 68 158 108 68 359 503 189 359 68 5 155 458
607 158 68 607 158 68 258 189 108 68 189 68 611 74
189 68 611 189
76 85 359
59 295 19 85 359 68 211 85
640 68 189 68 426 339 551
197 158 68 182
288 68 222 68 607 158 68 389 158 251 68 321 240 68 569 68 430 68 430 68 246 68 189 68 550 487
97 68 390 68 569 68 321 27
517 68 189 68 417 68 640 68 212 85 642 68 607 158 68 559 211 189 68 43 158 189 68 43 158 189 68 189 68 189 68 189 68 406 158 68 189 68 189 68 531 158 189 68 517
651 123 68 607 50 68 19 85 321 68 607 158 68 87 449 68 85 623 68 85
64 211 430 68 599 68 344 158 68 397 68 517 155 68 158
211 607 158 189 68 158 611 118 108
503 158 108
564 68 153 108 68 97 68 246 68 246
607 158 68 258 108 68 331 149
525 551
550 158 68 640 68 569 68 447 155
135 68 211 543 68 607 158 68 430 74
201 108 68 577 68 339 68 397 68 258 149 68 331 149 68 430
525 211 220 68 64 211 430
607 158 68 490 68 5 68 93 435 334 68 283 68 158 85
501 85 517 199 68 330 359
261 86 68 5 68 607 158 68 651
5 334 108
258 189 68 347 158 543 68 472 420
158 85 68 54 86 189 643
607 158 68 211 222 222
302 359 68 347 158
189 68 390 581 211 471 211 390
189 68 550 501 68 194 213
64 211 430 68 197 86 68 153 108
569 68 321 247 430
87 68 213 51 487 68 339 68 189 577 68 189 68 70 189 68 343 543 389 349
197 240 359
189 68 343 339 68 397 68 397 68 43 158 149
189 68 577 68 430 299 389 158 189 68 258 189 643 299 68 189 68 331 68 430 68 87 189 68 503 189 68 153 189 68 153 189 68 153 189 68 153 189 68 153 189 68 70 158
517 68 331 149 68 577 68 651 123 68 321 189 68 97
189 68 81 68 607 158 68 417 68 640 68 136 158 108
607 158 68 197 108 68 85 617 68 258 68 397 68 97 68 189 68 183 339 68 607 158 85
479
253 472
246 68 651 123 199 68 4 199 108
153 108 68 97 68 390
43 158 68 218 68 261 430 68 405 189 68 261 158 247 68 611 213 194 213 194 213
607 158 570 302 359
611 85
261 158 189 68 149
640 68 331 149 68 81 68 158 152 68 405 199 68 397 68 280
5 405 390
87 543 68 258 607 68 231 51 86
189 68 5 189
471 211 611 189 438
64 211 430 68 149 68 640 68 640 68 331 149 68 517 471 68 241 68 173
189 569 108 68 64 211 438
189 68 5 68 607 158 68 201 258 501
51 86 189 68 406 158 68 438 359 68 321 189 68 569 68 158 189 68 158 359 51 85
495
54 654
158 240 299 108 68 607 158 152
607 155 643 359
261 86 68 124 68 354 68 97 68 405
19 359
517 85
389 158 189
331 108 68 211 390 68 390 68 197 86 68 4 85 359
390 611 569
517 213
241 68 552 85 68 397 68 347 189 68 607 68 569 68 321 189 85 389 199
246 68 651 123 68 538 158 189 68 240 550 85 68 152 550 501 68 550 501 68 211 543 389 158 247 85 68 339 551 68 359 16 430
222 476 68 189 149
189 68 607 50 68 531 299 68 417 68 501 85 359
207 68 607 68 607
153 108 68 447 158 543 68 158 108 68 638 68 51 86
258 152 189 178
321 189 68 321 189
640 68 331 149 68 607 158 68 607 158 68 261 86 68 43 158 108
211 359
607 158 68 76 85 359 68 189 68 5 68 93 225
640 68 331 149 68 152 51 86 68 241 68 258 415
503 158 108 68 390 68 569 68 394 51 86 68 354 68 642 158
213 532 108
213 211 517 359 68 517 213
64 211 517
607 158 68 153 108 68 321 189 68 405 299
593 163 68 51 570 211 68 607 158 85 152 68 36 85 68 211 607 68 397 68 405 68 405 108 68 405 68 517 85
359 170 299 85 85
19 152 68 390 68 517 85 347 158 189 68 5 189 68 5
189 68 569 68 5 189 68 642 86
97 68 527 68 76 85 68 79 359 68 70 158 108 68 19 85 68 397
503 158 108
189 68 607 158 68 607 158 68 577 68 347 158
503 189 68 189 68 213 550 86 68 124 68 19 108
211 240 152
607 158 570 389
503 85 68 390 68 569 68 124 68 607 158 68 241 149 532
182 149 550 158 108
258 189 211 68 390 68 389 339 68 189 68 189 68 334 68 258 359
5 189 68
189 68 321 569 68 5 189 68 331 152
321 68 189 68 611 569
241 68 149 550 158 543 108
347 501 359
607 158 68 607 158 85 68 155 108
82 152 68 331 149 68 648 240 68 569 68 261 158 199
19 108 68 390 68 51 86 68 321 189 68 266 158 359 68 211 68 153 189 108
189 68 550 501 68 197 158 68 189 241 68 158 199 347 158 118 68 211 543 68 218
261 86 68 43 158 68 390 68 97 68 607 158 68 389 339
577 68 321 240
87 108 68 517 68 189 68 222 476 68 158 189 68 158 108 68 531 149 68 397 68 19 85 68 153 189
517 68 189 68 222 476 68 638 68 569 68 64 211 189 68 64 211 189
640 68 331 149 68 81 68 158 152 68 43 86 108 68 153 189
36 211 607
189 68 211 5 68 222 476 68 607 158 68 241 85 136 339 68 241
222 476
273 68 97 68 189 211 85 347 158 118
640 68 331 149 68 81 68 642 211
390 43 158 199 108
550 430 359 68 563 430 68 4 240 643 85
189 68 651 123 68 135 68 246 68 211 178
611 611 517 108
211 68 331 149 389 158 68 153
79 430 68 321 189
76 85 359
87 359 68 158 108 68 5 68 321 27 85 359 389 158 118 68 241 85 68 241 359
59 479 359
158 199 108 607
607 158 68 471 149 517 359 68 629 68 607 158 68 334 108
258 611 189 68 231 240
430 299 389 339
222 476
607 86 68 389 501 68 607 158 68 70 339 68 642 158 68 64 211 108
359 170 299 85 189 68 415
189 68 158 359 68 447 189 68 183 430
405 487
189 68 607 68 170 570 68 503 339 68 222 189 389 158 189 68 389 349
405 68 70 158 359
64 211 430 68 611 438 359 68 569 68 36 85 211 607 158 68 158 235 85 68 51 86
19 108 68 563 430
501 85 136 158
19 359 68 87 85
261 86 68 246 68 331 108 68 231 85
611 240
607 158 68 199 68 5 189 68 5
503 85 68 390 68 569 68 76 85 222 68 642 158
330 359 68 4 85 68 290
189 68 81 68 607 158 68 85 149 152 68 124
569 68 115 479 68 261 158 68 45 240 68 430 68 149 68 531 299
54 86 189 570 68 640 68 5 189 68 607 170
87 359 68 640 68 331 149 68 87 359
189 211 85 359 211 251 68 517 155 68 517
290 570 211 108 359
611 213 108
321 189 68 569 68 64 211
97 68 390 189
640 68 331 149 68 607 158 68 607 158 68 237 199 68 241 199
640 68 213 211 189
527 68 237 149 68 517 68 494 68 339 68 569 68 241 68 241 85 68 189 241 194 222
261 158 299 86
405 430 68 158 108 68 394
135 68 240 68 331 149 68 19 85 68 430 68 430 68 197 86 68 430 68 569 68 218 68 246 68 246 68 189 643
321 68 189 68 577 68 97 68 51 86
607 158 4 85 359
194 543
495 68 79 158 359 68 569 68 651 85 359
611 74 551 149 611 189
397 68 5 68 430
87 359 68 390 68 19 108 68 397 68 258 68 158 108 68 153 189 68 153 189 108
135 68 339 68 607 158 68 331 199
97 68 430 68 51 570 68 133 108
85 189 240
189 68 81 68 5 108 68 390 43 158 68 19 85 68 569 68 390 68 5 85
607 68 550 501 68 397 68 525 68 158 68 517 85
447 158 543 68 5 108 68 240 68 86 155 458 68 640 68 54 654
19 136 430 68 155 68 183 339
97 68 59 155 194 152 68 607 50
503 158 108 68 517 68 189 68 417 68 517 68 43 155 68 517 85 5
599 68 344 158 68 397 68 503 339 68 607 158 68 343 158 359
189 68 517 359 68 153 108 68 331 149 68 64 211 430 68 258 152 88 68 149
517 471 643
501 85 4 189 149 68 517 499 389 85
189 68 550 501 68 397 68 640 68 189 241 359 68 261 86 85 68 5 189 68 5 155 458
607 50 68 152 68 501 68 569 68 258 359 68 64 211 430
87 359 68 569 68 5 339 68 397 68 299 501
261 86 68 43 158 68 158 108 68 331 149 68 354 68 321 189 68 640 68 201 258 68 79 158 189 68 79 158 85
611 149 68 331 149 68 330 611 189 68 258 68 258 68 490 68 258 85
503 189 68 390 68 331 108 68 64 389 339 68 211 543
65 199 108
207 68 607 50 68 390 569 68 611 299 68 607 158 85 68 5 189 68 321 569 68 321 569 68
552 85
640 68 331 149 68 79 86 543 68 149 611 438 415
503 189 68 517 68 189 68 76 152 68 97 68 149
87 359 68 331 68 640 68 162 68 640 68 237 149 68 550 501
517 68 189 68 81 68 607 158 68 405
197 108 68 86 68 86 149 68 331 149 68 550 501 68 397 68 350 68 189 68 189 211 471 211 68 246 68 246 68 64 389 158 189
241 85 136 339 68 241 65
87 359 68 347 158
389 85 197 86 108 68 115 479
569 68 640 68 397 68 599 68 5 68 19 68 189 68 81 68 397 68 405 68 405 241 68 569 68 64 389 158 359
640 68 331 149 68 196 68 447 158 19 68 642 211 108 68 220 550 158 108
246 68 19 108 68 430 64 211 108 68 246 68 514 85 359 68 430 299 68 607 158 108 68 607 170 108
85 68 207
611 136 479 359
261 158 543 68 331 149 68 153 108 68 97 68 246 68 430 149 68 430 68 258
87 359 68 390 68 339 68 5 68 640
97 68 638 68 85 65 189
189 68 503 158 543 68 397 68 170 152
479 406 158 189 299 359
517 149
531 430 68 517 85 347 158 240 406 158 299
651 123 68 211 390 68 607 158 68 54 86 68 158 189 68 158 108
197 86 611 51
76 85 68 86 68 5 108
389 85 359 68 517 85
97 68 64 51 86 189 68 54 86
207 68 607 68 607
258 85 299
89 487 359 68 258 611
213 211 189
87 359 68 182 68 197 86 68 189 68 417
331 149 68 607 158 543 68 5 68 611 51 86 189 438
405 149 550 158 213 302
246 68 19 108 68 607 158 85 68 158 406 158 299 68 331 149
135 68 19 108 68 405 68 607 158 68 70 158 68 321 189 68 651 123
611 149 68 331 149 68 447 158 543 68 5 68 569 68 241 68 149 550 158 108 68 241 108 68 189 68 438 85
65 86 85
331 149 68 611 149 68 54 86 68 241
79 479 68 430 68
54 86 68 389 339
261 86 68 43 158 68 390 68 569 68 430 331 68 76 85
261 86 85 152
189 85 321 569
153 189 108 635 430
503 158 108
331 123 199 85 299
495 68 390 68 569 68 158 149
87 359 68 5 68 331 149 68 430 68 569 68 550 158 68 640 68 569 68 447 155 458
564 68 155 68 59 295 85 241 68 158 108 68 4 108 68 640 68 189 68 43 158 108
417
49 68 158 68 222 476 68 331 149 68 397 68 569 68 158 299 389 158
189 68 81 68 607 158 68 64 211 108
