87 108 68 64 191 68 162
5 68 36 149 68 261 158 189 68 405 199 68 514 199 68 397 68 517 152
359 59 290
569 68 525 68 246 68 149 532 85 611 152
241 630 299
430 359 68 330 85
321 189 68 241 359
346 211 258 390
97
189 68 253 68 36 149 68 569 68 490 68 640 68 343 543 68 82 68 189 550 487 68 330 108
134 222 108
4 189 149 430
258 108 68 577 68 607
261 405 607
531 108 68 54 86
49 68 5
261 68 430 68 104 85 68 261 86 68 158 108 68 36 149 68 394 194 108
36 149 68 76 517 68 569 68 64 211
51 346 68 258 68 76 625
346 532
472 68 390
321 68 334 68 87 569 68 56 68 321 189 68 19 85 359
170 524 258 68 607 359 68 189 222 85 359
378 85 551
189 68 261 158 543 68 135 68 258 189
204 152 68 36 149
258 505 68 389 339
283 68 36 149 68 389 501 68 397 68 276 359
54 334 253
5 68 617 149 68 64 550 86 68 158 68 525
447 158 517 197 86
64 211 430 68 87 108 68 651
346 68 5 68 607 158 68 152 347 158 68 36 149 68 211 390 68 231 240
170 149 68 607 158 68 79 158 438 85 68 189 241
36 149 68 197 86 68 525 551 569 68 97 68 405 85 68 607 68 569 68 321 85 68 5 189
607 158 68 5 149
192 532 86 68 158
503 85
201 4 85 359
158 68 158 48 68 158 108 68 642 68 85 189 570
87 449
246 68 607 158 68 389 339 68 347 158 68 347 158 68 158 108 68 19 68 607 158 48
158 152 435 334
36 149 68 5 189 68 158 593 89 158 68 115 479 68 426 155
548
19 85 68 149
527
43 158 199
196 68 36 108 68 59 258 199 189 523 405 118 68 19 531 85
11
196 68 331 68 640 68 136 158 213 68 86 149 68 170 152 68 550 237 19 108
136 479 68 76 438
444 68 640 68 97 68 54 654 68 397 68 405 68 569 68 79 158 68 19 68 79 359 438 359
189 68 261 158 543 68 397 68 5 189 68 204 222 68 517 299
344 405 152 550 86
657 68 36 149 68 517
97 68 494 68 389 501 68 607 158 68 343 189 68 158 213
189 68 389 501 68 97 68 275 68 607 158 68 417 68 417 108 68 501 85 4 189 68 182 149 68 517 68 201 149 68 201 108 68 503 189 68 406 158 240 68 343 189 68 343 189 68 531 158 240 299 68 531 158 152 68 339 68 343 189 68 405 68 343 189 68 189 68 189 68 406 501 68 189 68 531 158 240 68 189 68 406 501 68 406 501 68 389 158 240 68 389 158 152 68 189 68 189 68
211 237 247 85
5 68 189 68 231 240 68 527 108
258 607 158 68 97 68 517
133 68 426 570
87 68 126 68 158 108 68 183 158 543 68 339 68 447 158
189 68 196 68 569 68 426 158 68 158 68 158 245 406 189 68 430 68 651
344 108 68 97 68 390
611 19 68 331 149 68 426 86 68 158 68 36 108 68 347 501 108 68 347 501 551
204 152 68 36 149
261 309 68 531 85 86 85 68 397 68 295 149
64 211 258 68 642 68 149 68 36 108 68 93 51 86 108 68 302
4 149 258 390
607 158 408 189
19 108
189
261 86 68 51 570 68 126 68 189 68 261 158 543 68 397 68 4 189 85 68 241 68 43 158 68 389 290 85 359 68 211
222 85
5 68 36 149 68 261 158 189 68 417
153 108 68 390 68 569 68 438 222 611 68 5 211 85 68 241 68 241 68 241 68 4
231 240
196
64 211 430 68 136 158 152 68 640 68 36 108 68 197 86
607 222 189 211 251 68 5 211 471
607 68 19 85 68 5 225
390 68 607 158 68 258 240 211 406 155 68 5 68 397 87 449
79 155 68 389 158 149 68 446 68 642 211
246 68 196 68 189 68 87 189 68 87
389 85 359 68 517 85
503 189 68 517 194 68 53 68 97 68 288 68 288
97 68 485 430 68 607 158 68 136 155 68 65 237
611 199 251 211 222 149 349 359 68 36 197 85 68 45 108 68 81
651 123 68 390 68 607 50
5 19 68 64 211 258
258 59 67 68 64 550 189
397
447 189
51 159
490 359 68 76 517
196 68 550 158 543 108
611 194 108
201
204 68 517 299 347 158 118
389 570
261 86 68 43 158 68 390 68 97 68 607 158 68 550 339
611 19 163 68 550 501 68 607 158 68 183 258 299 68 241 68 19 108 68 5 68 258 85 68 426 158 85 623 68 570 19 85 359 68 5 189 550 86 85 359 68 241 359 68 5 149 68 397 68 397 538 158 85 359 68 5 189 68 189 68 189 68 189 68 359 68 359 68 189 68 189 68 359 68 5 68 5 68 189 68 189 68 5 189 68 397 68 5 149 68 189 68 189 68 189 68 189 68
261 86 68 43 158
189 68 389 501 68 158 108 607 158 68 517 85
241 189 68 149 550 158 543 108
87 543 68 258 189 68 231 51 86
503 4
261 86 68 5 68 189 68 611 51 86 149 68 36 108 68 346
59 611 189
611 152
189 68 5 189
261 86 68 137 430
5 68 36 149 68 149 550 487 299 68 196 68 189
321 290 68 36 108 68 5 569 68 532
87 85 79
503 85
517 194 149
607 158 68 51 50 68 15 237 189
196 68 607 158 68 189 149 397 68 64 211 258
426 158 240 321
189 68 211 68 397 68 258 85 447 430 68 253 158 543 68 266 50
389 240 68 490 359
189 68 170 152 68 550 237 68 397 68 607 50 108 68 51 86
64 532 68 149
158 68 261 487 68 158 108 68 517 85 4 4 4 4 4
607 158 85 68 657 222 149 68 189 299 68 5 189 68 5 189
514 211 199 68 136 158 213 13
115 158 145
51 359 68 115 479
321 68 36 149
87
321 189 68 321 189
611 240
517 68 36 149 68 49 68 5 68 81 68 354 68 189
607 155 225
607 158 408 189
503 85 68 197 86 149 68 189 68 525 551 569 68 517 85 68 517 85
447 158 247 68 330 108 258 85 68 638
5 225 68 569 68 447 158 517 68 607 155 68 394 68 246 68 85 517 82
417
5 68 331 149 68 196 68 447 158 108 68 321 85 68 59 149 550 158 108
64 211 430 68 548 68 5 189 68 569 68 87 359 194 514 199 68 389 158 623 68 389 339
5 68 189 68 197 86 152
189 68 211 68 430 299 68 430 222 211 359 68 321 189 68 517 85
153 108 68 201 258 68 657 334 258 199 299 68 189 68 189 4 189 211 390
189 68 389 501 68 397 68 245 570 68 5 189 68 599 389 158 247 68 79 158 189 85 197 86 85 68 79 501 85
158 194 149 517 258 189 68 264 299
51
4
607 158 68 531 149 426 569 68 334 68 222 415
330 197 189 550 158 213
197 85 152
5 189 68 346 68 5
189 68 5 189
211 258
19 108
517 194 68 5 543 68 397 68 607 158 68 170 487 68 258 551
97 68 189 68 241 68 241 359 68 19 68 283 68 405 359 68 70 158 68 617
261 158 170 152
607
51 68 189 68 5 189
19 85 68 430 68 538 339 68 85 68 275 68 405 68 5 108 68 517 82 68 189 68 76 85 222 149 68 569 68 70 149
197 86 19 189 68 85 68 253
517 194 68 275 68 347 501 68 474 68 241 85 68 397 68 611 152
87 189 68 54 654 68 201 240 359
261 86 68 43 158 68 5 225 68 97 68 438 359 68 607 155
283 68 36 149 68 389 501 68 397 68 211 543 68 607 158 68 654 559 211 570
5 189 68 531 158 85 152 68 97
189 68 389 501 68 607 158 68 211 251 68 532 152
79 158 543 108 68 321 85 68 64 211 197 339 517
189 68 261 158 68 607 158 68 64 442 68 347 158 85
517 415 149
5 68 431 149 68 346 194 68 241 211 359 258
182 149
503 85 68 390 68 569 68 5 290 85 222 189 68 133 68 197 108
397 68 54 86 68 64 211 258
197 86
194 19 189 643
258 189 426 158 543 68 197 331
261 86 68 36 108 68 405 108 68 569
640 334
5 189
201
657 68 153 189 68 64 211 390 68 211 346 85 68 283 68 13 85 68 253 85 68 505 68 85 68 192 194
258 4 240 258 390
5 68 189 68 231 240 68 527 108
64 550 158 517
36 108 68 495 149 68 390 68 197 86 68 4 222 85 359
194 543
607 158 68 149 68 640 68 611 4 240 68 64 211 390
607 158 68 5 149 365 85 68 158 194 68 197 189
503 85
43 158 199
503 189 68 5 68 527 149 68 261 158 543 68 189 241 68 258 397 189 68 258 189 643
97 68 273 68 158 68 64 211 430 108
36 330
201
290 213 211
5 225 68 189 85 359 68 153 108
642 149 532 68 359
97 68 394 13 68 389 158 152 68 390 68 405 189 68 261 149 258 85
196
97 68 64 51 189 550 349
494 68 189 550 158 48
182 108 68 390 569 438 359 68 258 611 189
503 85
577 68 611 258 85 68 359 16 569 108
611 189 4 189 211 68 36 85 68 607 359 68 334 222 85
189 68 651 123 68 19 543 68 64 149
158 68 15 430 68 261 359
64 68 321 247 85
611 19 68 331 149 68 344 339 68 97 68 149 68 158 408 189
149 258 85 68 197 86 68 197 86
189 68 261 158 189
87 108 68 607 68 569 68 51 570 68 170 189 158 189
258 85 68 54 86 68 607 158 261 86
149 550 158 543
67 415 68 258 359
43 158 199
196 68 79 50 68 158 48 68 158 108 68 197 155 68 426 155
76 85 430 359 68 59 158 68 197 86 68 196 108
389 501 68 651
97 68 170 643 85
389 240 359 68 241 85 68 19 68 5 449
245 258 438 68 258 68 197
126 68 152 550 86
397 68 54 86
4 517 199
531 85 447 158 85
266 158 415
642 158 258 68 334 543 68 261 86 68 261 86 68 607 158 68 231 240 68 36 149
97 68 43 158 68 331 85 635 68 4 85 359
397 5 607 158 68 390 68 158 64 68 192 211 85 68 5 85
517 194 68 85 449 68 321 85 68 212 86 85 68 607 158 68 54 86 189 68 43 158 189 68 517 194
196 68 5 68 36 149 68 430 68 569 68 550 158 68 640 68 569 68 447 155 68 87 189 68 137 430
36 149 68 5 189
569 68 16 189
51 68 189 68 607 158 68 51 415 68 170 449 68 158 189 334 543
153
79 158 108
569 68 258 611 189 68 384 68 430 68 485 430 359 68 405 570 389 570
149 517
503 85 68 517 194 68 189 68 417 68 607 158 68 79 222
36 108 68 197 86 68 258 85 359
189 68 651 123
64 211 430 68 258 189 68 5 68 501 85 359 68 158 74
290 213 211
158 389 85 68 642 85 68 635 189
611 19 85
657 222 149
189 68 321 247 68 97 68 550 430 359 68 550 339
136 501 68 149 397
189 68 5 68 607 158 68 189 426 158 152
196 68 331
197 85 152
347 430
514 430
389 501 68 490 359
133 68 283 68 607 158 68 339 68 158
158 85 241 85 359
261 86 68 51 570 68 261 158 543 68 593 89 158 68 362 222 4 572
145 108
135 68 611 86 68 576 152 68 197 86
201
5 225 68 280 68 197 86 68 577 68 155 51 570 68 283 68 569 68 321 85 68 406 155
158 245 189
258 85 68 36 149 68 517 189 68 551 68 97 68 321 189 68 569 68 76 85 222 68 642 211
657 68 189 68 389 501 68 87 222 85 611 51 86 108 68 79 359
158 449 68 517 85 68 201 258 607 197 570
189 68 550 501 68 397 68 550 501 68 607 158 68 657 523 405 299
189 68 5 85 4 240 68 321 240 68 197 86
64 191 68 158 240 211 240
65 86 68 136 479
347 309 108 19 85
196 68 390 68 97 68 5 68 640
261 86 68 135
607 155 68 85 343 339 68 611 258 68 258 607 359 68 321 247 334
607 309 68 569 68 258 64 240
607 50 635 149 517
354
189 68 189 643 581 211 474
343 543 85 152 266 50
64 211 430 68 501 85 302 149 68 276
149 68 640 68 5 189 68 36 85
135 68 240 359 68 36 149 68 569 68 430 68 197 86 68 430 68 569 68 346 68 136 155 68 189 68 447 189 643
607 158 68 5 149
607 155 68 5 85
162
345 85
5 225
45 85 189
330
651 123 68 569 68 507 449 68 258 251 68 258 222 189
261 86 68 43 158 68 246 68 569 68 158 64 389 479 68 241 68 4 189 68 4
503 85 68 158 108 68 569 68 517 85 36 572
189 68 196 68 397 68 354
196 68 258 347 158 299
330 359
611 279 194 68 261 158 543 68 5 108 68 136 487
189 68 5 189 68 577 68 569 68 85 189 16 569
97 68 11
189 68 5 189
657 222 149 550 158 551 68 211 85
158 4 642 68 192 68 390 68 5 158 85
347 158
261 86 68 51 570 68 126 68 569 68 5 4 85 222 149 68 405 68 5 189 68 5
170 68 607 158 68 87 85 5
158 245 189 68 446 68 59 290 85 359
201
197 86 211 189
162 68 559 211 189 430
330 607 189 68 642 211
36 85 607 68 79 487 149 438 359
149 51 251 68 136 189
261 86 68 5 68 527 149 68 569 85 359 68 36 85
5 149
552 85 19 550 213 68 153 48
438 222 68 5 155 211 199 118 68 241 68 241 550 158
657 68 405 149 68 517 149 68 569 68 189 569
196 68 158 108 68 569 68 359 70 85 620 359 68 339
196 68 5 68 331 149 68 87 189 359
548 68 97 68 321 569
64 211 258 68 197 334 189 68 189 550 487 68 569 68 426 158 85 68 389 158 85 68 389 158 189
517 85 359 68 517 85 5
607 158 408 189
517 189 68 651 123 68 5 189 68 137 158 565
569 68 276 299 199 68 390 68 245 163 68 241 85 68 397 85 68 397
189 68 261 158 543 68 397 68 5 189 68 607 158 4 189 68 43 155 49 68 346
149 211
517 152
201
531 158 258 68 406 85 359 76 346 299
503 189
158 152 68 165 68 273 68 430 299
344 108 68 97 68 390
5 68 36 149 68 607 158 68 525 551 149 68 347 501 68 347 501 551
158 108 68 36 149 68 330 93 389 68 89 359 435 359 68 36 149
346 211 240 258 390
49 68 158 68 258 68 36 149 68 261 158 543 68 611 189 149 68 43 359 68 189 531 158 118
196 68 331 68 640 68 636 68 5 68 36 149 68 607 158 543 68 339 68 569 68 517 189 51
276 85 189
261 158 48
4 240 68 334 85 68 135
503 85 68 390 68 569 68 5 290 85 222 189 68 133 68 197 108
231 51 86 68 651 68 390 68 36 149 68 36 149 68 258 68 4 237
611 240
5 68 36 149 68 43 158 68 344 108 68 321 290
197 86 189 68 390 68 189 299 570 389 158 299 68 189 68 258 339
201 4 85 359
577 68 321 240
189 68 261 158 543 68 258 149 550 349
447 4 4 4 108
611 19 68 36 149 68 43 158 68 576 68 607 68 447 158 543 68 5 189 149 657
569 68 65 155 49 68 390 68 213 51 152 532
517 68 189 68 577 68 569 68 258 149 4 199 197 108 68 149 550 158 247 19 85
189 68 211 68 397 68 517 211 213 68 5 68 64 550 339
36 108 68 36 85 68 390 68 531 85 68 54 86
196 438
503 85 68 390 68 569 68 246 405 85 68 258 118
246 68 19 108 68 607 158 68 5 4 85 222 68 197 108 68 211 189 68 389 158 85
19 85 68 87 449
36 149 68 5 189
611 5 68 607 68 550 501 68 36 149 258 390 68 339 68 607 158 68 280
4 258 153
5 68 593 149 68 158 189 68 43 158 68 321 247 4 85 347 158 118
135 68 16 158 543 68 36 149 68 158 68 5 543 406 158 543
64 211 430 68 13 299 68 397 68 569 68 16 158 68 70 163
36 108 68 330 68 525 68 54 86 68 339 68 354
266 569
5 189
517 85 359 68 517 85 5
657 68 36 149 68 517 68 494 68 339 68 362 68 182 85 68 189 241 85 68 189 550 158 222 343 158 222 343 158 222
189 68 211 68 397 68 81 68 569 68 389 570 177 68 640 68 362 68 133 204 222 68 261 86 85 299
5 68 36 149 68 261 158 189 68 517 85 68 517 194
321 152
346 532
607 158 158 68 189 199 299 68 517 85 5
149 517 68 189
397 68 258 155
97 68 343 543 211 68 531 299 108 68 204 68 97 68 51 488
261 86 68 5 68 607 158 68 651 123
115 247 299
607 158 68 494 68 241 85 68 158 189 68 4 85 359 68 170 299 68 170 108 68 405 108 68 266 158 189 85
503 85 68 390 68 569 68 189 264 576 108
152 51 86
5 507 258 199
196 68 347 158
196 68 36 108 68 490 359 68 611 152 576 68 607 155
276 85 68 657 68 158 108 68 16 158 158 245 68 149 68 158 189 68 87 222 85
321 563 158 85
64 211 258 68 397 68 276 359 68 36 149 68 5 68 550 158 68 246 68 104 85
397 68 569 68 218 68 397 68 154 599 68 64 211 258 68 261 86 68 43 158 68 246 68 343 339
196 68 347 158 4 199 222 149 68 390 68 97 68 397 68 5 449
149 68 640
51 86 68 204 152 68 593 149
189 569 108 68 64 211 591
97 68 136 158 152 68 607 158 266 50 68 299 149 68 158 189 149 657 68 405 108
273 359
607 158 158 514 85 347 158 189
503 189 68 517 194 68 258 68 36 149
158 48 189
64 211 430 68 133 68 153 108
261 86 68 43 158
149
196 68 347 158 68 5 68 36 149 68 577 68 288 68 19 489
389 479 68 397 68 276 359 68 36 149 68 550 158 68 550 158 68 246 68 104
503 189 68 527 68 36 108 68 447 155 68 5 442 68 397 68 158 64 389 248 194 85
153 108
346 532 68 5 189 406 189
54 86 68 321 189 68 569 68 59 189 68 517 85
189 68 343 543 152 68 36 149
153
153 108 68 97 68 390 68 246 68 97 68 397 68 213 194
158 108 68 19 108 68 501 85 4 189 211 189 68 136 479 68 136 479 48
170 199
657
5 155 389 543 85 68 59 67
5 189 68 494 68 149
36 149 68 211 607 68 397 68 189 570 13
569 68 347 501 68 136 479 68 158 108 68 197 86 68 321 149
321 247 85 68 19 108
196 68 158 108 68 569 68 359 70 85 620 359 68 339
246
54 86 68 405 85 68 261 158 543 68 607 158 68 211 517 68 5 85
189 68 389 501 68 397 68 550 501 68 607 158 68 170 334 165
607 158 408 189
607 158 266 149 68 19 108 68 5 225
5 68 36 149 68 607 158 68 211 68 149 550 158 189
19 108 68 330 85 258 85
8
503 85 68 390 68 569 68 76 359 343 189 199 68 642 211
283 68 97 68 133 68 430 68 158 189 68 155 211 222 85 68 197 86 68 197 86 68 258 299 68 474 569 68 359
495 68 79 158 222 68 651 123 68 76 346 551
261 86 68 43 158
54 86 68 397 68 607 158 68 447 158 517
204
503 85 68 390 68 569 68 247 85 321 189 158
258 321 152
196 68 241 68 197 86 68 189 68 134 569 68 247
607 158 85 68 189 569 108 68 133
503 85
5 343 158 199
258 607 359 68 36 108 68 657 19 189
54 86 68 657 222 149
54 86
611 149 68 87 68 261 158 543 68 321 85 68 321 85 68 430 68 569 68 611 189 68 640 68 569 68 569 68 359 16 569 68 36 85 68 640 68 36 149 68 36 85 359 68 36 149 68 36 85 36 85 36 85 68 36 299
153 449 68 51 570 68 347 158 68 253 68 258
5 189 108
158 36 85 68 19 85 359 68 390 68 197 86 189
283 68 405 68 607 158 68 517 85
261 86 68 43 158 68 246 68 19 85 68 4 85 68 241 85 68 346 194 204 189
134 458
657 68 201 211 68 13 359 194 222
97 68 405 189 68 54 86
611 19 79
607 158 68 321 149
569 68 405 85 68 494 68 389 501 68 36 149 68 503 158 240
189 68 550 501 68 397 68 517 258 68 651 123 68 517 152
64 211 430 68 548 68 36 108 68 258 359 68 576 152 68 397 68 569 68 85 79 553 68 241 68 189 241
261 86 68 51 570
196 68 64 51 85 68 158 108 68 36 149 68 54 86 68 397
196 68 158 108 68 569 68 261 158 247 199
97 68 258 68 389 501 68 343 543 85 152 435 240
501 85 517 623 68 525
517 194 149 68 426 86 68 5 68 354 68 607 68 569 68 426 86
5 155 389 158 199
651
87 68 162 68 149 68 607 158 68 283 68 607 158 54 86
189 68 517 442 68 258 189 68 607 155 643
246 68 136 501 68 607 158 68 389 339 68 640 68 569 68 158 189 68 430 68 97 68 51 86
153 108
531 359
321 189
283 68 36 149 68 389 501 68 397 68 258 68 321 569 85 68 240 194 149 517 359
5 68 527 149 68 261 158 543 68 258 85 4 517 68 5 155
283 68 197 86
189 68 651 123 108 68 5 189 68 197 654 68 197 86 68 611 258 68 321 189 68 19 85 68 569 68 19 85
87 68 611 253 68 339 68 189 16 569 68 19
503 85 68 158 108 68 36 149 68 54 86 68 397 68 197 86 68 222 85
390 68 19 108 68 607 158 68 211 222 240 211 189
258 607 158 68 339 68 389 551 68 640 68 253 64 211 108 68 189 43 86 163
607 158 569 108 68 550 339
97 68 189 68 569 68 321 240 253 359 68 5 104 85 68 397 189
189
5 68 189 68 136 158 543 68 253 4 68 638 447 158 118
135 68 134 85 607 68 617 149 68 607 158 68 51 189
87 68 170 68 405 68 397 68 397 68 321 189
153 68 170 359 68 19 85 359 68 87 68 607 158 68 283 68 54 86
196 68 5 68 390 68 97 68 321 569 68 211 85 68 517 194 85 68 397 189 211 85
657 551 51 321
189 68 196 68 397 68 577 68 607 158 68 570 211 334 213 68 149
5 68 189 68 426 569 108
189 543 13 359
162
189 68 197 85 359
607 158 68 213 211 5 189 68 344 85
611 51 86 68 346
201 258 68 4 85 68 36 359
149
283 68 36 149 68 389 501 68 197 86 68 5 343 85
19 85 68 5 158 85
64 211 430 68 548 68 36 108 68 89 158 199 68 149 532 85 68 258 359
135 68 5 543 68 321 189 68 397 68 211 501 85 359 68 397 290 517
607
517 194 68 261 158 543 68 197 86 68 344 158 68 153 189 426 487
5 68 189 68 211 68 447 523 438 85 68 241 68 85 68 611 85 68 5 189 68 607
59 199 149 68 64 211 258
149 68 640 68 607 50 108
611 85 359
43 158 199 390
189 68 170 152 68 36 149 68 36 149 68 503 189 359 68 576 152 68 397 68 64 211 240
189 68 253 68 36 149 68 607 155 68 405 447 189 643
189 68 5 158 543 68 397 85 152
406 85 258
607 158 390 359
201 211 68 211 531 189 68 397 85 86 85 51 86
266 158 194 68 290 68 182 149
607
290 213 211
5 517 551
189
36 85 607 68 657 222 149
201 258 68 115 479 240 68 331 149
5 189 68 152 51 86
346 258
261 86 68 43 158
321 189 68 588 194
189 642
283 68 36 149 68 389 501 68 397 68 276 359 68 607 158 68 4 194 68 321 290 68 607
97 68 153 68 158 108
607 68 550 501 68 397 68 5 152 68 158 189 68 158 290 222 189 68 170 299 68 170 108
194 543
503 189
136 479 68 189 406 158 189
49 68 5 68 275 68 36 149 68 607 158 68 5 152
5 68 36 149 68 607 158 68 79 158 68 241 68 162
201
430 222 258 359
397 68 5 225
5 68 36 149 68 136 158 543 68 397 5 5 607 158 85
189 68 426 86 68 51 108 68 447 158 438 359 68 339 68 638 85 68 397 85 253
503 189 68 527 68 36 85 68 134 415
5 68 36 149 68 152 550 86 68 359 68 426 158 415
503 189 68 5 390 68 569 68 525 551 149 68 189 68 211 543
503 189 68 189 68 213 51 86 68 253 68 19 108
189 68 389 501 68 36 149
70 158 108
611 19 68 36 149 68 192 68 569 68 550 158 85 68 241 85 68 4 108 68 241
201 240 68 593 607 170 359 68 133 68 97 68 126 68 405 68 5 189 451
261 86 68 43 158 68 246 68 569 68 4 85
5 390 68 19 85 68 189 550 487 149 68 43 158 68 406 550 569 48
569 68 389 189 68 246 68 490
189 19 108 68 201 258
657 68 261 86 68 5 68 189 68 231 240 68 36 149
189 68 211 68 397 68 54 86 68 397 68 569 68 657 551 51 86
97 68 517 4 4 290 85 68 569 68 321 569 108 68 611 79 359 48
189 68 389 501 68 397 68 330 359 68 517 85
611 51 86 68 346
135 68 211 543 68 607 158 68 158 258 258
503 85
5 68 36 149 68 261 158 189 68 158 189 152 435 240 68 517 85 197 152 68 517 643
197 86 189 68 339 68 569 68 154 258 290 118
189 68 241 211 390 68 135 68 405 108
258 350
246 68 651 339 68 607 158 405 118 213 194 213
64 211 258 68 182 108 68 36 149 68 134 415 68 19 108 68 321 247 68 517 258 85 222
4 64 359
97 68 397 68 158 149 657 68 241 5 68 344 108
197 279 194 68 222 68 551
495 68 607 68 189 68 54 86 68 569 68 426 158 85
64 211 258 68 5 189
5 155 108 68 162
657 68 569 68 211 299 68 517 551 68 19 68 246 68 569 68 531 359
158 85 347 158 346 68 189 115 155 211 222 189 211 189
607 158 68 197 85 68 189 68 135 68 134 194 149 68 158 68 51 86 68 321 189
201 240 68 593 149 68 607 158 543 68 152 550 158 68 550 158 68 599 68 344 158 68 397 68 517 68 93 435 68 550 158 149 68 196 68 189 331 149 68 397 68 158 152
321 68 189 68 577 68 189 68 51 86
415 211 68 347 158 118
607 155 68 85 343 339
189 68 261 158 543 68 258 543 85 68 611 189 4 347 158 118
261 86 68 390 68 97
201
76 258 189
4 523
490 359
4 222 85 359

4 415
266 158 415 51 86
201
135 68 494 68 158 108 149 550 86 149 68 158 189 68 611 189 68 576 152
321 247 85
13 222 240
211 625 68 246 68 405 85 68 258 222 397 189
51 86 68 189 68 261 158 68 569 68 159
170
5 68 36 149 68 261 158 189 68 607 158 85 68 5 189 108
657
517 68 189 68 136 158 152 68 607 158 68 76 85 222 85 68 153 189
576 152
212 85 189 570
607 158 68 197 85 68 87 68 201 149 258 359 68 81 68 5 68 651 339 68 211 68 389 158 152 68 339 68 321 240 68 201 108 68 201 108 68 201 108 68 36 149 68 246 68 36 149 68 36 149 68 321 4 258 85 68 246 68 189 68 36 149 68 189 108 68 189 108 68 189 108 68 189 108 68 246 68 36 149 68 36 149 68 36 149 68 36 149 68 197 108 68 197 108 68 36 149 68
569 68 222 68 390 68 611 189 451
43 158 199 68 642 211 258
211 543
79 86 108
607 50 68 389 501 68 197 211 68 189 241 199 118 68 607 158 235 68 354 68 611 643 68 611
51 487
201 211 68 607 158 390 359 68 19 85 359
170 472 68 222 68 569
426 155 438
5 68 36 149 68 5 152 68 607 158 68 657 523 405 118
503 339
5 68 36 149 68 607 158 68 64 550 339 68 397 68 211 86 68 36 85 152 68 321 189 68 85 551 68 550 158 543 68 359 68 4 543 68 211 607 158 543 68 550 158 543 68 36 149 550 158 543 68 397 68 593 89 158 189 68 397 149 68 593 149 68 261 86 68 593 89 158 189 68 261 158 543 68 5 68 593 89 158 189 68 635 543 68 635 68 593 89 158 543 68 261 86 68 397 149
54 86 68 405 85 68 343 543 189 36 189
189 68 517 442 68 153 108 68 36 149 68 64 211 258 68 258 79 152 68 19 240
261 86 68 51 570 68 197 86 68 97 68 405 108
79 158 189 643
261 86 68 295 108 68 189 16 430 299
5 68 36 149 68 261 158 543 68 197 86 68 283 68 550 86 108 68 231 51 86
201 258 68 197 108 68 189 68 517 189 68 79 532 85 359 68 4 85 359
36 108 68 136 155
126 68 36 149 68 276 85 68 607 158 108 68 607
158 108 68 158 108 68 607 158 108 68 149 550 158 543
211 68 36 149 389 199
5 108 68 115 158 64
405 68 70 158 359
651 123 68 607 158 68 447 258 189 68 241 108 68 295 149
231 240 222
517 194 514 189 68 64 550 158 334 48
170 108 68 550 158 543 108
517 531 158 85
201 258 68 64 211 199 68 397 68 54 86 68 397 68 211 86 68 36 85 152 68 70 189 68 154 599
503 85
261 86 68 43 158 68 501 85 4 59 479 68 5 68 36 149 68 81
189 68 651 123 68 197 158 108
153 68 246 68 607 158 359 68 569 68 5 189 68 607 158 189
196 68 5 189 68 246 68 97 68 397 5 5 501 85
149 532 85 197 86
97 68 133 82
261 158 517 4 240
517 194 68 261 158 543 68 607 158 68 134 339
5 68 593 149 68 607 158 68 5 211 247 85 68 51 447 158 118 68 115 479 299 68 64 389 158 67
350 580 68 5 136 158 359
36 211 199 85 551 299
611 149 68 36 149 68 247 570 389 158 68 197 86 68 4 189 149 299 149
133
258 247 85
4 258 189 211 359
196 68 569 68 517 4 240 302 359 68 87 449 68 397 68 330 213 68 153 189 108
651 123 68 405 152 503 405 199 68 640 68 447 158 85
54 86 68 359 16 569 108
607 158 158 514 85 347 158 189
201
517 194 68 551 68 19 85 68 290 68 321 569 68 607 50
5 149 213
302 68 517 85 86 163
447 158 543 68 261 532 85
194 543
611 149 68 36 149 68 346 211 68 651 123
447 158 64 225
196 68 390 68 569 68 430 359 68 182 64 211 108 68 607
64 211 258 68 231 240 68 5
569 68 149 550 158 543 108 68 390 68 538 339 68 275 68 189 68 354 68 36 149 68 54 85 68 397 68 569 68 51 570 68 51 570 68 241
321 189 68 569 68 64 550 189
206 68 611 299
246 68 54 86 189 68 397 68 569 68 158 108 241 85 359
197 149 189 68 189 657
517 194 68 577 68 607 158 68 517 85 68 137 430 68 607 158
158 108 68 36 149 68 211 247 68 158 25 68 607 158 85 68 426 158 85 68 607 158 68 137 155
196
283 68 640 68 4 85 222 189
196 68 611 51 86 68 5 68 331 149 68 87 189 359
258 247
517 194 149 68 79 302 261 339 68 97 68 158 189 68 158 152
607
531 199 222 523
196 68 158 108 68 569 68 490 68 258 251 68 362 68 362 68 5 225 68 5 225
189 68 517 442 68 51 570 68 321 189
25 149 550 158 213
136 501
611 472 68 397 68 607 155 68 405 280
607 158 68 197 85 152 68 569 68 64 550 339 68 246 68 405 189 68 5
189 68 165 68 222 476 68 607 158 68 426 86 85 68 405 241 85 68 54 86 68 397 68 405
5 449 68 640
503 158
501 85 447 158 299 68 5 189 68 5 359
503 189 68 607 158 68 503 85 68 5 68 87 68 607 158 68 339
76 85 552 359
258 222 241 85
576 152 68 640 68 158 449 68 261 86
236 447 158 118 389 158 145
517 194 149 68 197 158 108 68 607 158 68 397 68 170 299 85 68 5 189 211 48
321 189 68 87 85
87 222 68 87 68 211 68 397 68 346 211 68 5 189
158 5 211 347 158 213 68 5 189 426 569 572
5 405
149 258 68 197 86 499
607 158 68 189 643 359 68 99 68 607 397 68 276 85 68 158 108
97 68 540 68 158 108 68 5 108 258 642 68 607 158 68 611 4 4 4 4 4 628 68 158 68 158 68 158 108 68 158 108 68 79 158 149 68 158 108 68 158 241 68 79 158 241 68 79 158 635 85 68 397 68 158 108 68 397 68 397 68 389 158 108 68 397 68 397 68 397 68 397 68 397 68 397 68 397 68 346 85 68 397 68 397 68 346 85 68 397 68 346 85 68 397 68 397 68
189 68 389 543 68 189 68 266 158 68 212 158 635 189 68 173
197 85 152
321 405 397 189 643
231 240
201
276 85 258 85 68 460 68 517 204
5 158 517
503 189 68 5 68 211 543 68 397 68 5 245 472 68 405 108
59 611 189
201
64 211 258 68 189 68 550 152 68 97 68 321 247 108
79 158 258 390 68 276
22 68 397 68 197 85 359
503 85 68 517 194 68 189 68 246 68 651 123
49
201
503 339
189 68 261 158 189 68 158 245 406 158 245 359 68 321 189 68 19 68 87 85
201
290 213 223 68 173
201
261 86 68 5 68 36 149 68 651 123
115 479 68 189 68 261 86 68 550 449 68 657 299
430 222 85
115 479
189 68 182 149 68 97
503 85
36 149 68 211 607 158 68 611 4 240 68 158 5 68 430 290 68 241 85 68 241 85 68 19 85 68 261 158 247 85
321 189 68 87 85
495 68 390 68 569 68 158 108
525 213 211 67
246 204 517 68 611 189 68 43 158 290 85
54 86
189 68 258 152 68 158 189 654 559 13 68 158 189 68 406 211 258
346 85
607 155 68 261 158 543 68 569 68 611 51 158 359 68 517 152 68 64 211 258
51 68 189 68 5 189
651 123 108 68 390 68 390 68 347 158 222 240
201
97 68 253 68 253 253
201
389 85 359 68 517 85
189 68 261 158 4 347 158 118 68 405
607 86 85 5
550 158 199
607 158 85 68 347 158
657 68 405 149 68 517 149 68 569 68 189 569
347 501 359
607
283 68 36 149 68 197 86 68 5 68 569 68 87 449 68 397 68 569 68 552 118 68 405 237 347 158 118
189 68 611 189
607 68 550 501 68 397 68 5 79 602 194 68 607 158 68 261 86 85
158 108 68 19 108 68 607 158 85 68 189 569 85 68 64 211 438 359 68 241 68 426 339
503 189 68 517 85 68 117 68 79 487 149 68 241 85 68 389 158 299 68 211 251 68 405 68 5 189 68 211 543 389 85
607 222 189 211 251 68 611 189 68 346 643
36 149 68 246 68 204 68 538 158 108 68 370 68 607 158 68 330 68 550 339
550 501
550 158 199
19 108 68 158 108 68 197 86 68 5 189 68 4 64 68 397 87 449
145 108
196 68 189 550 349 68 246 68 189 68 51 86 68 51 86
355 68 196 68 5 339 68 390 68 97 68 397 5 85
273 261 158
197 86 405 607 50 68 246 68 85 70 158 68 346 194 68 158 247 68 64 211 68 64 211 149 550 430
290 118 347 158 118
76 240 415 68 64 51 85
607
611 5 68 397 68 276 222
70 189
4 189 643 359
607 240 211 406 158 299
657 68 153 68 346 211 390 68 550 430 359 68 430 359 68 359 532
213 191
397 68 343 158 517 68 406 158 430 68 64 211 258
97 68 569 68 490 359 68 447 158 517 68 189 68 517 194 240 389 85 68 36 149
246 204 517
51 56
189 68 196 68 538 158 213 108
406 85 258
59 479 406 309 68 222 343 158 299
5 152 339
517 152
355
158 108 68 36 149 68 283 68 197 86 405 607 50
261 86 68 43 158 68 5 68 189 68 253 569 68 36 149
548
196 68 273 68 569 68 321 85 189 16 155 68 447 155 406 479
51 68 189 68 607 158 68 51 415 68 170 449 68 158 189 334 543
503 189
447 189 643
189 68 5 189
201
261 86 68 43 158 68 5 68 36 149 68 350 68 182 108 68 321 247 85 347 158
79 155 108
5 68 36 149 68 152 550 86 68 19 108 68 51 189 68 170 299
405 253
359 503 189
347 158 85
261 86 68 158 108 68 36 149 68 5 189 570 550 349
347 158
170 152
607 158 68 54 86 189 570 68 569 68 426 158 68 5 199 68 5 189 68 389 158 359
261 86 68 607 68 593 149 68 569 68 154 569 68 154 599
97 68 339 68 258 247 68 321 189 68 170 472 189 68 87 85
321 189 68 266 158 204
246 68 651 123 68 426 155 68 447 479
538 430 68 331 108 68 158 108 68 430
543 389 163
49
189 68 651 123 68 389 570 68 638 68 405 237
517 194 149 68 611 86 68 321 247 108 68 321 247 68 503 189 68 5 189
397 68 261 343 158
204 149 68 149
204 68 36 149 68 189 68 189 68 4 406 158 359 68 97
564 299
417
153 108
135 68 346 68 527 149 68 430 68 197 86 68 430 68 241 258 213
5 225 68 19 68 4 85 359 68 189 211 213 68 70 158 68 5 290 258 551
501 85 394 194
36 108 68 197 86 68 331 487
397 68 213 194
503 85
189
501 85 406 149 68 5 68 503 108 68 607 158 68 607 158 68 189 68 501 108 438 149 68 517 302 68 158
189 68 577 68 347 158 85 68 430 189 643 85
607 158 68 389 251 68 211 359
189 68 389 501 68 607 158 68 240 13 261 158 149 68 495 149 258
97 68 583 68 321 189 68 538 158 189 570
5 472
258 290
201 211 68 211 222 343 158 222
211 359 68 550 339 68 5 247
204 222
196 68 5 68 593 149 68 136 479 68 158 108 68 36 149 68 258 551
196 68 5 68 36 149 68 241 68 170 152
517 68 189 68 577 68 569 68 258 149 4 199 197 108 68 149 550 158 247 19 85
611 149 68 36 149 68 197 86 68 246 68 569 68 280 68 51 86
405 237 4 430 359
607 158 68 4 478 68 64 211 390
261 86 68 43 158
550 430 359 68 5 85
189 68 447 158 543 68 5 189 149 657
599 389 241 68 149 550 158 543 108
16 158 543 68 241 158 68 192 211 85 68 640 68 54 654
51 68 97 68 5 189 68 611 118 68 611 189 68 158 189 68 158 85 68 5 189 68 438 359
97 68 211 67 68 321 189 68 569 68 158 635 68 64 211 108
261 158 170 152
569 68 173 68 183 189 550 349
258 4 240 258 390
213 532 68 152 68 51 258 68 197 86 68 158 635
503 85 68 390 68 569 68 76 359 343 189 199 68 642 211
611 514 85 359 70 149 389 158 299 258 68 607 158 68 525 68 79 602 85 68 182 149
283 68 36 149 68 389 501 68 397 68 517 68 258 359 68 258 415 68 170 108 68 503 158
503 85 68 390 68 569 68 87 222 85 68 182 569 551 68 321 189
36 149 68 517 68 5 543 68 607 68 607 158 68 607 158 68 569 68 154 599 68 258 350
321 189
5
59 199 149 550 158 108 68 5
170 86
204 152 258 68 275 68 135 68 54 86 68 158 108 68 51 189
5 68 189 68 211 408 158 359 68 222 211 189 68 397 68 397 68 397
222 241
231 51 86 68 261 86 68 43 158 68 5 68 36 149 68 196 68 87 189
196
197 86 85 68 261 343 189
51 68 189 68 197 86 68 261 158 543 68 19 85 68 5 225
5 68 189 68 397 68 350 68 4 85 68 5 290 258 359 68 321 189 68 657 523 405 118
503 189
321 189 68 318 194
607
246 68 651 543 389 199 68 4 199 189
569 68 525 68 390 68 347 194 85
5 85 68 321 240 68 607 158 449 85 68 158 108 68 158 108
182 149
503 85 68 158 108 68 36 149 68 54 86 189 108
189 68 389 501 68 397 68 517 194 213 68 158 517 149 68 158 611 299
321 170 108
135 68 548 68 36 149 68 569 68 359 16 158 68 397 68 104 85
651 123 68 638 68 241 19 85 68 607 68 607 158 108 406 211 199
258 580 68 158 4 189 85 136 158 189 359
196 68 330 108 68 158 108 68 36 149 68 607
135 68 261 158 543 68 607 158 189 31 334 68 36 149
651 123 68 607 158 68 258 85 359
76 85 552 359
607
189 68 261 158 68 430 65 158 517 258 478
136 158 152 68 97 68 155 68 485 430 359 68 49 68 5 68 54 86 68 64 211 258
196 68 347 430 68 158 108 68 261 158 247 68 261 158 517 415
36 149 68 517 68 611 258 68 607 158 258 68 321 189 68 569 68 359 564 213 68 397
201 258 68 54 86 68 397 68 347 501 68 189 570 389 570 389 158 108 258 390 68 611 189 68 640 68 19 68 189 426 339
196 68 390 68 651 123
241 654 68 552 85 68 397 189 68 397 68 569 68 5 189 85 550 349
283 68 36 149 68 197 86 68 5 68 569 68 213 149 68 321 189
642 158 517 359 68 611 189 68 607 158 390
211 158 5 189 68 479 65 108
197 617
231 51 86 68 189 68 550 501 68 397 68 258 350 68 397 68 104 258
261 86 68 43 158 68 5 68 527 149 68 261 158 543
389 149 258
189 19 108 68 201 258
196 68 390 68 36 85 68 211 569 68 258 478 406 155
290 85 197 86
273 68 97 68 607 347 211 48 359
192 211 517
196 68 347 158
607 222 85 115 158 299
189 68 389 501 68 397 68 275 68 189 68 64 550 339 68 640 68 19 85 68 79 487
87 85 532
5 189 426 569
261 86 68 51 570 68 5 390 68 97 68 136 158 152 68 548
321 68 189 68 611 569 68 339 68 158 359 68 607 158 85
196 68 569 68 5 359 5 359 68 397 5 222 85
657 523 405 118
261 86 68 5 68 36 149 68 569 68 569 68 5 247 531 607
503 85 68 517 194 68 189 68 266 158 68 346 194 68 517 85 5
346 211 390
5 415
189 68 261 158 68 517 85 68 158 108 68 479 170 299
196 68 390 68 19 108 68 397 68 258 68 158 108 569 68 153 189 68 153 189 108
611 19 163 68 577 68 607 158 68 611 189 68 321 189
196 68 189 68 273 68 359 85 331 199 68 397 68 426 430
196 68 158 108 68 36 149 68 197 108 68 197 654 68 59 67 149 389 349 19 343 189 299 258
266 155
97 68 170
153
189 266 85
321 68 204 152 68 593 149
503 85 68 390 68 97
158 258 550 158 199
196 68 347 158 68 5 225 68 569 68 76 85 359 68 246 68 211 543 68 241 68 51 86 85 152
189 68 211 68 97 68 241 85 68 158 68 8 68 158 64 389 479 299
611 19 68 189 68 162 68 607 158 68 405 189
64 211 258 68 16 158 68 569 68 5 222
189 68 149 68 158 152 68 261 86 189 68 162 68 85 68 570 225
201 258 68 258 108 68 617 68 5 211 152 68 97
197 86 108 258 189 85 68 59 158 70 189
19 68 449
276 85 189
611 51 569
330 611 189 330 359
149 68 640
89 158 108 68 133
201 258 68 197 108 68 397 68 344 108 68 19 85 359
137 158 189 68 346
261 158 189 85 258 390 108
569 68 426 158
501 85 517 199 68 266 569
213 550 501 359
344 339 68 189 302 108 158 517 68 517 85 5
607 240 211 406 158 299
153 68 583 359 68 447 258 189 68 344 189 68 158 299 240 68 607 158 258 189 426 158
577
261 86 68 158 189 68 346 211 390
517 152 68 607
607
97
5 68 36 149 68 261 158 189 68 43 158 68 471 532 349
201 4 85 309
5 189 643 222 199 347 158 299
76 85 222 85
189 68 211 68 607 158 68 640 68 607 158 68 321 563 158 551 68 640 68 479 240 222 517 551
5 108 68 346 211
97 68 405 199 68 339 68 430
16 158 543 68 607 158 68 64 68 264 550 158 152 68 640 68 16 430
196 68 501 85 4 189 211 517 68 5 68 527 149 68 261 158 543
49 68 5 68 275 68 36 149
5 189
201
569 68 531 158 85 359 550 158 430 68 657 222 149 68 158 48 359 68 430 68 569 68 258 85 347 158 68 189 426 86
97 68 290 258 118 68 189 68 194 543 68 97
607 158 68 5 85
64 211 258 68 196 68 49 68 5 68 576 152
51 570 68 347 158 68 207
189 241 85 359 191
97 68 397 68 5 155 211 48
426 86 68 5 68 331 108 68 343 158 199 347 158 118 68 517 85 5
258 85 299
344 517
569 68 447 158 240 302 68 158 108 68 241
246 68 651 85
283 68 36 149 68 16 158 68 36 108 68 36 85 68 153 189 68 246 204 569 68 517 85 68 158 635 189
607
611 86 85
194 543
501 85 517 199 68 85 68 397 68 5 225 68 64 211 258
19 85 51 68 607 158 68 472 85 68 241 68 64 211 390
189 68 211 68 397 68 253 68 503 339
97 68 273 68 197 86 68 290 152 68 189 68 611 189 68 133 68 64 550 158 149 68 550 158 570
79 430 68 321 189
115 158 247 68 192 194
321 189
607
97 68 211 611 68 189 68 194 543 68 97
657 68 64 211 258
642 149 532 68 397 68 64 211 430
51 570 68 87 152
397 68 258 82 68 64 211 258
495
607 68 550 501 68 397 68 321 290 68 607 158 68 321 189 68 258 247 199 68 258 531 149
261 86 68 158 108 68 36 149 68 5 189 570 550 349
258 108 68 189
261 158 189 68 149
192 68 153 108 68 19 85 68 89
611 19 163 68 16 158 68 569 68 173 68 241 68 19 531 85 68 640 68 36 149 68 527 68 189 550 430 108 68 517 194 149 241
5 68 36 149 68 607 158 68 4 68 4 240
346 532 68 5 189 406 189
201 258 68 197 108 68 189 68 201 258 517 136 479 149
158 68 261 487 68 607 158 5 68 4 339 68 394 68 550 158 543 68 607 68 569 68 5 189 570 389
59 479 68 201 240 359
344 108 68 97 68 390
153 108
346 211 68 5 189
406 211 253
54 86 68 5 68 607 158 85
527 68 152 550 86 68 196 68 189 68 276 189 68 607
5 68 189 68 136 479 68 36 108 68 607 50 371 158 108
196 68 347 158 4 199 222 149
346 194 85 68 173 68 162
4
405 240
36 149 68 494 68 36 149
189 68 550 501 68 397 68 517 211 346 68 5 258 68 657 523 405 118
5 339
273 359
569 68 258 85 189 68 170 299
5 569 68 569 68 5 85
517 194 149 68 53 85 68 97 551
196 68 569 68 4 85 173 68 640 68 36 108 68 527 85 347 158 350
87 108 68 54 86 68 397 68 16 158 543 68 607 158 68 295 149 68 397
189 68 389 501 68 194 213 13
261 86 68 43 158 68 246 68 569 68 5 4 115 158 359
197 85 430
79 158 543 68 430 152
76 85 552 359
531 299 211 390 68 59 258 551 19 349 359
189 68 643 359 68 43 158 68 246 104 194 68 158 245 194 68 479 5 189 299
4 115 430
115 158 145
201
189 68 261 158 68 607 158 68 149 152 51 86 85 68 253
607 158 68 607 158 68 447 189 68 640 68 4 86
576 152
261 158 543 68 347 158
552 85
189 241 85 359 191
189 68 99 68 149 570 389 158 68 405 68 607 158 68 405
607 158 108 576 68 501 68 501 85 406 430
189 68 344 163 68 321 189 68 569 68 503 158 415
158 108 68 569 68 258 68 135 68 550 501
321 240 68 611 48 68 5 68 36 149 68 158 152 68 158 189 68 158 290 222 189 222
657 68 87 68 5
611 450 68 261 158 543 68 472 68 197 108 68 405 68 64 211 258 390
19 108 68 390 68 51 487 359 68 640 68 642 211 68 607 68 569 68 576 152
201
503 339 415
577 68 321 240
517 237 349 68 158 517 149 550 359
204 152 68 593 149 68 583 68 569 68 517
517 531 158 85
501 85 359 68 258 390 222 85
189 68 5 189
266 158 204 349 570 68 280
503 85 68 158 108 68 569 68 258 346 643
64 211 258 68 538 430 68 331 108 68 261 86 85 68 201 240 68 334 543 68 607 158 68 70 189 68 117 359
43 430 19 550
64 211 258 68 459 543 108 68 241 108 68 5
5 189
231 240
76 359 68 642 211 68 642 211
495
607 68 550 501 68 397 68 4 68 607 170 108 68 158 68 331 68 189 68 64 550 339 68 158 108
213 51 86 68 152 550 487
607 158 266 569 517
531 85 82 68 517 85 390
657 68 153 189
569 68 76 517 68 390 68 607 155 68 85 189 577
197 85 152
231 240
261 86 68 137 430
51 86 68 97 68 273 68 212 570
657 68 87 68 5
196 68 347 158 68 5 68 36 149 68 261 158 543 68 5 189 108
346 211 68 5 189
97 68 394 13 68 389 158 152 68 390 68 405 189 68 261 149 258 85
611 438 551 611 189
548 68 321 189 68 152 258 85 68 258 359 68 232 359
607 158 68 197 85 152 68 607 158 68 607 158 68 389 339 68 246 68 523 68 85 359 51 86
136 430 359 68 97
201 258 68 517 204 222 68 397 68 5 189 211 569
158 68 211 611 152 68 153 48 68 43 158 68 19 68 189 68 517 85 359 68 222 85 68 153 189 68 153 189
5 155
197 85 540 359 68 87 85
76 290 299
5 189
59 479 68 201 240 359
405 415
43 158 199
5 189 68 527 68 569 68 258 607 158 359 68 64 211 258
405 240
189 68 253 68 617 68 607 155 68 362 359
189 68 196 68 397 68 426 569 68 36 211 68 158 108
417
79 487 149 68 158 108 68 607 158 189 68 426 155
501 85 4 189 517 68 517 299 85
5 68 36 149 68 258 68 331 108 68 189 550 487 68 321 290
611 5 68 189 426 158
19 158 108 68 5 189
651 123
503 189 68 5 390 68 189 68 405 189
87 108 68 211 359
447 189 85 565
19 85 68 5 225
503 85
569 68 65 155 49 68 246 68 321 240 68 607 50 68 635 108
611 48
70 339
517 194 213 532
153 68 273 68 258 136 158 543 68 283 68 607 158 68 152 389 240
189 68 389 240 359 68 36 152 68 607 68 569 68 517 85
158 68 43 155 68 261 158 68 430 68 149 152 85 68 51 487 68 607 155 68 569 68 347 158
4 85 237 68 426 79 158 517
5 68 36 149 68 19 543 68 569 68 211 390
321 290
607 158 173 189 213
569 68 321 247 572
321 240 68 87 68 170 334 85
406 334 199 68 397 68 638
189 68 517 359 68 245 68 405 149 258 68 189 68 261 158 543 68 607 158 68 397 415 406
330 189 330
231 51 86 68 196 68 517 189 68 5 68 182 108 68 36 149 68 397 189 211 85
19 85 359
59 251
135 68 517 152 68 43 158 68 417
201
258 299 68 189 68 642 68 85
231 240
189 68 517 442 68 5 189 85 43 501 68 258 149 68 189 266 158 68 5 343 543 211
49 68 5 68 136 501 68 36 149 68 397 68 569 68 276 299 199 299 199
321 290
97 68 5 189
189 68 569 68 79 50 611 438 359 68 503 569 68 211 65 155 68 189 538 158 159 68 189 16 430
5 211 397 85
189 68 394 68 550 430 149 258
569 68 182 149 550 158 299 68 189 68 406 211 68 390 68 321 247 108 68 241 68 189 68 241 68 25 85 68 59 189
607 158 159 68 16 430
153 68 5 68 261 158 543 68 236 68 59 158 258 68 87 449 68 5 189
258 85 68 170 149 68 397 68 36 149 68 397 68 350 68 397 68 79 155 211 68 189 68 201 258 397 68 279 194
359 503 189 68 552 85 415
607
397 5 222 85
196 68 36 108 68 64 550 339 68 211 543 85 359
19 136 479 68 5 189 68 339 68 158 359 68 36 211 85
36 108 68 330 359 68 640 68 611 85 68 611 48
97 68 405 189 68 54 86 68 136 479 68 397 68 36 149 68 397 68 593 89 158 85
189 68 5 189 68 261 158 543 68 389 248 194 199 68 517 194 68 389 149 68 237 108 68 241 68 158 108 68 158
97 68 330 155 301 85 68 11
564 68 550 158
447 158 247 68 330 108 258 85 68 638
246 189 302 68 517 85
447 158 85
5 68 527 149 68 5 68 189 68 577 68 607 158 68 640 68 640 68 651 123
5 343 85 299 565
344 108 68 5 68 149
158 68 64 550 479
135 68 5 68 527 359
158 68 550 199 199 68 201 258 68 527 68 654 189 570
5 68 36 149 68 552 85 68 607 158 68 22 68 569 85 68 501 85 607 339 211
5 104 85 68 321 149
321 189 68 569 68 607 158 199
261 86 68 43 158 68 246 68 569 68 4 85
241 85 222 607 359 68 241 65
51 346 68 346
5 68 331 149 68 196 68 397 68 54 86 68 472 85 68 155 643
53 85
204 152 68 36 149 68 182 85 68 611 570
283 68 36 149 68 389 501 68 397 68 54 86 68 397 68 283 68 153 68 607
158 68 576 152 68 261 85 359 68 197 86 68 43 158 68 149 517
501 85 359 68 133
261 86 68 51 570 68 158 108 68 87 68 258 222 211 199 68 339 68 651 85 241 85 359
503 85 68 390 68 569 68 359 70 85 620 199 68 189 4 189 68 611 189 68 517 299 108
607 158 68 54 86 189 68 397 68 503 158 68 97 68 51 86 68 51 299 68 359 68 359 191 68 241 68 552 85 68 246
231 240
97 68 538 158 389 349 199 68 517 118 68 158 299 68 5 390
64 550 158 85 68 651
241 654 68 552 85 68 397 189 68 397 68 569 68 5 189 85 550 349
517 194 68 577 68 607 158 68 137 64
189 68 5 189
607 158 68 197 85 152 68 397 68 583 68 36 149 68 87 189 550 349
343 543 85 152
76 85 552 359
258 538 430
261 86 68 115 251
79 487 153 189 68 97 68 417 68 76 625 68 4 85
607 155 68 85 343 339 68 70 189 68 204 68 295 68 36 149
607 158 68 5 68 607 155 301
406 85 299
599 68 344 158 68 397 68 503 339 68 607 158 68 607 158 149
89 158
642 149 532 68 359
19 68 5 155 68 189 158 611 51 64 442
158 389 237 149 517
283 68 36 149 68 346 211 68 5 152
261 86 68 43 158 68 158 108 68 36 149 68 354 68 321 240 68 189 68 222 4 189 68 4 189 211 189 222
194 543 108
126 68 36 149 68 258 68 158 68 158 16 189
76 85 552 359
494 68 5 331 149 258 149 258
189 68 261 158 68 607 158 68 276 85 115 158 247 68 517 85 5
201
517 194 149 68 577 68 276 85 68 246 68 517 68 611 189 4 189 108
11
196
607 158 68 51 50 68 189 540 118 68 189 68 197 108 68 197 85 359 258 85
211 581
189 68 261 158 543 68 5 108 68 390 517 334 199 68 362 68 5 225
189 68 196 68 397 68 501 85 517 68 97 68 241 85 68 158 108 68 240 51 450 68 79 50
133 68 15 152 68 189 68 158 194 68 577 68 397 68 569 68 241 359
607 158 68 197 85 152 68 97 68 638 68 51 359 68 330 123 359
390 68 36 108 68 503 240 68 231 240 68 339 68 607 158 68 339 68 280
197 158 163 68 321 189 68 569 68 405 152 225
189 68 550 501 68 397 68 501 85 517 199 68 36 199 68 170 68 397 68 370 68 397 68 5 68 638 211 48
76 85 359 68 640 68 607 155
87 93 93 211 189
657 68 196 68 246 68 97 551
4 523
517 85 417
611 189 4 523
197 85 152
607
97 68 76 85 359 68 5 155 211 48
19 85 68 149
65 86 68 607 158 85 68 611 189
158 68 54 86 189 643
5 68 295 149 68 189 550 152 68 97 68 577 68 189 68 552 85 359 68 258 551
5 415
87
514
211 158 5 189
447 158 68 343 158 199
607 158 68 5 85
350 85
182 149
189 68 261 158 68 213 13 347 430 551
261 158 543 68 36 149 68 153 189 68 246 68 43 158 68 430 149 517 68 426 158
359 70 85 430 359 68 339 551 611 189 643
514 359
196 68 158 108 68 36 149 68 261 158 247
617
362 68 158 204
189 68 192 194 85 209 85 68 241 68 405 261 158 405 108 68 527 359 68 657 299
261 86 68 158 189 68 192 643
196 108
36 149 68 538 158 68 607 158 68 197 86 68 426 189
514 68 189 426 155 211
5 68 593 149 68 607 569 85 68 5 155 643 68 347 85 68 397 68 19 108 68 397 68 651
5 155 211 330
189 68 583 68 321 189 68 472 189 108
503 189 68 126 68 36 149 68 390 68 158 543 258 82
189 68 212 339 68 189 68 344 108
241 85 68 204 68 158 189 149 657
339 68 155
189 68 651 123 68 638 68 390 68 211 237
657 68 5 68 527 149 68 261 158 543 68 258 569 607
514 149
344 339
657 68 607 155 68 657 359 642 211 68 158 108 68 4 108 68 640 68 517
36 108 68 550 430 68 390 68 201 4 85 359 68 158 108 68 569 108 68 642
196 68 347 158
5 68 36 149 68 152 550 86 68 607 158 68 36 149 68 517 211 68 258 68 569 68 170 415
5 68 36 149 68 607 158 68 261 158 68 261 158 68 517 85
503 85 68 158 108 68 36 149 68 54 86 68 397 68 158 64 389 213 68 241 85 68 346 211 199
197 86 68 643 68 607 158 68 430 222 68 79 158 68 79 155 108
136 158 152 68 607 68 19 108 68 347 158 189 68 430 68 607 158 68 5 85
196 68 126 68 36 149 68 405 68 261 158 247
126 68 19 108 68 405 68 607 158 68 70 158 68 638
390 68 607 158 36 211 315 499 49 68 569 68 5 347 158 299
258 149 550 158 85
19 397 68 155 68 85 189 54 86 359
241 85 68 261 86 68 5 189 68 5 189 68 36 149 68 640 108 68 607 359 657 359 68 4 189 68 85 68 607 155 194 222 68 607 155 643 222 68 607 155 643 222 68 607 155 643 222 68 79 359
162 68 640
97 68 36 149 68 189 68 194 543
158 108 68 642 158 149 550 158 531 108
514 430
405 199 189
246 266 158 85 68 258 118
472 68 390
189 135 68 339 68 158 189 449 189 199
607 158 390 359
321 68 189 68 394 68 211 145
241 359
136 158 152 68 607 158 68 405 108 68 405 415
261 86 68 51 570
4 85 217
97 68 405 189 68 607 158 266 50 68 397 68 5 68 189 491 487
347 36
5 68 527 149 68 261 158 68 642 211 68 241 108 68 607 158
5 189 68 389 158 551
197 86 68 79 50
607 251 389 199
241 359
517 194 220
611 514 85 359 70 149 389 158 299 258 68 197 108 68 36 149
503 189 68 390 68 569 68 189 347 158 222 85 68 321
517 194
503 85 68 158 108 68 36 149 68 54 86 189 108
599 68 5 68 189 240 389 149 68 211 5 68 607 158 85 471 389 570 68 189 68 134 525
494 68 158 48 194
261 86 68 51 570
611 19 68 331 149 68 258 189 68 70 158 68 397 68 276 397 68 531 155
321 563 189
246 68 607 569 349 570 68 170 108 68 170 194 570 68 331 149
135 68 261 158 543 68 97 68 5 189 68 405 85 68 447 158 85
5 189 68 494
87 68 261 158 543 68 397 68 472 240 68 569 68 213 194 199
135 68 258 68 36 149 68 280
189 68 5 189 68 577 68 97
633
503 85 68 390 68 569 68 611 299 85
97 68 347 258 19 163
5 339
261 158 543 68 347 158
136 501
189 68 261 158 189
64 211 258 68 397 68 276 359 68 36 149 68 152 550 158 68 152 550 158 68 246 68 426 339
258 189
196 68 5 68 607 158 108 189 438 68 246 68 119 211 155 49 551
189 68 5 189 68 152 550 86 68 397 68 59 197 86 68 59 290
164 85 447 189 68 5
201
245 258 438
36 108 68 397 68 197 86 68 331 487
266 569 85
397 415 531 85 149 258
36 211 390
79 158 240 108
158 36 197 86 68 479 68 261 85 258
231 240 68 36 85 197 108
36 149 68 397
97 68 19 85 331 487 222 211 68 5 158 85
189 68 321 290 68 5 108
97
611 19 68 36 149 68 405 68 406 64 68 97 68 638 68 97 68 197 617
189 68 550 501 68 397 68 405 68 197 86 68 258 4 258 390
19 85 68 258 350 85 359 68 4 85 68 189 68 657 68 189 68 197 86 68 253 68 36 149 68 640 68 569 68 246 68 321 569
189 68 5 189
97 68 54 86 189 68 397 68 197 86 68 330 189 570 389 570
5 108
261 86 68 51 570
321 189 68 569 68 136 213
517 194 68 517 85 68 158 108 68 97 68 212 158 635 189
51 82 68 611 438 68 321 569 68 321 189 68 569 68 5 211 397 85
197 86
201
258 159 189 68 390 569 438 359
158 68 517 85 68 583 68 43 158 68 331 199 68 362 68 240 569 85 68 51 447 430
447 189 643
517 194 68 136 501 68 651 68 638 68 569 68 64 550 158 189
397 68 258 82 68 64 211 258
611 152 68 64 211 258
657 359 68 642 211
189 68 577 68 607 158 68 426 199 68 258 189 643 222 68 189 68 331 68 197 86 68 495 68 503 189 68 45 85
189 68 158 68 258
54 86 68 550 86 359
258 85 447 430 68 4 85 359
347 501 359
64 211 430 68 133 68 153 108
19 339
261 68 189
189 68 196 68 607 158 68 59 67 68 258 359
197 108 68 611 625
97 68 54 86 108 68 629 258 415 211 569 108 68 607 50 68 19 108 68 397 5 343 158 85
189 569 108 68 222
503 189 68 5 390 68 569 68 430 359 68 235 68 241 85 152 68 36 85 152 68 211 543 550 158 543
36 149 68 158 108 68 22 68 155 51 86 68 397 68 405 189 68 79 487 68 241 68 189 550 487
273 68 97 68 607 347 211 48 359
5 68 527 149 68 607 158 68 36 54 654 68 241 199
19 85
607 68 550 501 68 397 68 5 79 602 194 68 607 158 68 261 86 85
261 86 68 43 158 68 246 68 569 68 642 211
611 199
87 68 197 86 68 76 517 68 149 68 640 68 569 68 59 67 68 405 241 68 87 108 68 211 543
201 258 68 54 86 68 397 68 266 19 68 241 68 5 68 593 68 331 199 68 196 68 550 339
517 258
64 223 68 397 68 135 68 474
36 149
5 68 36 149 68 85 149 68 36 108 68 425 149 68 170 108 68 261 149 68 261 563 189 68 64 49 551
196 68 158 108 68 36 149 68 258 551 68 426 569 48
149 68 640 68 607 50 108
5
531 149 435 64
158 68 4 149
189 68 182 149 68 197 654 68 189 570 68 569 68 438 149
158 240 222 85 68 87 152
657 68 153 108 68 97 68 390
246 266 479 359
611 19 68 331 149 68 5 68 569 68 5 607 258 390
149
87 449 68 5 68 295 149 68 158 64 389 158 108 68 397 290 85
158 152 435 334
548 68 5 68 569 82
607 158 68 330 108
525 68 4 108 68 447 523
266 51 86
447 158 438
189 68 389 501 68 607 158 68 5 211 406 85
36 149 68 517 359 68 4 189 211 189 68 430 68 170 149 68 283 68 447 523
189 68 5 189 68 65 152 68 189 68 99 68 569 68 85 343 339 68 611
158 108 68 36 149 68 569 85 359
189 68 158 359 68 447 189 643
517 299 149 68 599 68 5 68 503 85 68 569 68 51 86 68 207 68 197 389 158 299 68 474
153 68 347 158 501 68 397 68 552 85 19 85 68 261 158 48 68 607 158
158 389 85 68 642 85 68 635 189
611 299
397 108 68 241 408 158
503 189 68 5 68 189 68 261 158 543 68 397 85 299 68 97 551
503 85 68 390 68 378 85 359 550 158 405 108 68 321 189
189 68 426 86 68 51 108 68 447 158 438 359 68 339 68 638 85 68 397 85 253
211 359
5 68 527 149 68 321 290 85 68 438 149 68 321 189 68 517 85 68 137 430
153 68 261 430 68 607 158 68 611
241 85 68 93 435 349
153 68 636 68 5 68 607 158 68 22 68 640 68 155 389 158 85
569 68 36 85 607 158 189 68 347 158 68 170
261 86 68 5 68 577 68 397 68 651 123 68 123 108 258 390
651 123 68 258 36 189 68 19 85 68 261 86 68 607 158 85 68 222
261 309 68 211 86 68 330 85
531 149 435 64 68 280
19 85 553
321 68 19 136 430 68 87 449 68 237 19 108 68 211 330 359
517 85 86
344 108 68 97 68 390
4 478
36 149 68 5 68 97 68 611 199 85 222 149 211 474 68 321 189 68 4 189 68 79 158 74
607 158 68 5 149
189 149 266 50
507 449 68 25
189 550 487 108
261 86 68 43 158 68 246 68 569 68 430 237 108 68 447 158 517 359
19 85 189
503 85 68 5 68 189 68 517 152 68 607
19 85 51 68 607 158 68 472 85 68 241 68 64 211 390
389 189 68 149 532 85
134 222 108
5 68 593 149 68 607 158 68 5 48 68 611 189
192 68 651 123 68 283 68 170 415 211
189 68 261 158 68 607 158 68 389 438 359 68 275 68 189 68 5 108 68 189 330 543
283 68 607 158 199
577 68 149
611 447 158 245
527
607 155 68 611 189 68 611 149 389 85
569 68 389 570 45 108 68 607 50 68 390 68 70 339
196 68 5 68 36 149 68 4 543 68 241 108 68 253 108 551
97 68 189 68 241 68 241 359 68 19 68 283 68 405 359 68 70 158 68 617
201 149
189 68 261 158 68 607 158 68 430 347 85
4 523
189 213 51 240 643
517 194 68 611 189 68 136 222 68 569 68 359 85 189 240
136 155 68 258 334 543 68 5 189 643
657 68 87 68 158 108
321 27 68 569 68 258 68 4 189 68 389 158 359 68 246 68 19 85 359 68 276 85
201
611 189
577 68 611 258 85 68 359 16 569 108 68 36 149
19 68 5 43 85 68 397 68 5 68 569 68 261 158 543 68 136 158 543 68 397 68 405 68 519 68 79 487 635 189 68 640 68 397 68 397 68 397 68 397 68 397 4
79 430 241 85 359
657 149 13
5 108 68 115 158 64
599 389 266 158 237 199
5 290 115 359
472 149
136 501 68 344 85 359
204 68 36 149 68 189 68 189 68 4 406 158 359 68 97
607 68 569 68 5 155 68 642
79 222 85
607
346 85 189 85 189
426 158 543 389 570 68 158 611 149
36 149 68 211 607 68 397 68 339 68 517 85 405 85 474 68 189 68 70 189 68 5 189
397 68 347 501 438 359
359 16 569 108
158 449 68 19 458 194 68 134 194 570 68 569 68 36 189 108 68 280
261 86 68 43 158 68 390 68 97 68 569 68 70 189
153
189 543 108
204 152 68 36 149
266 158 359
569 68 258 149 68 390 68 487 359
517 194 68 550 501 68 607 158 68 447 158 108 68 153 108
54 158 68 611 51 569
607 158 85 68 347 158
607 158 68 550 501 68 397 68 550 501 68 607 158 189 68 79 222 68 170 299 68 170 108 68 104 85 68 397 68 43 158 68 321 189 68 550 501 68 321 189 68 51 152 68 321 189 68 397 68 51 152 68 51 152 68 51 152 68 321 189 68 51 152 68 51 152 68 397 68 550 501 68 397 68 397 68 397 68 51 152 68 397 68 397 68 397 68 397 68 51 501 68 397 68 397 68 397 68
97 68 607 158 68 514 222 551 68 4 85 359
261 86 68 5 68 189 68 350 68 241 68 48
490 359 68 258 220 211 48
569 68 134 85 68 390 68 197 86 68 531 149
607
16 240 359
196
283 68 42 247 68 5 68 527 149 68 152 68 330 222 149 68 241
261 86 68 115 479 68 638 68 569 68 5 527 258
64 211 430 68 149 551 68 640 68 36 108 68 346 68 173
611 152 136 479
607
524 199 189 54 349
189 68 389 501 68 569 68 241 222 397 68 197 86 68 490 359
4 108 68 657 551 321
503 85
97 68 330 155 301 85 68 11
196 68 347 158 68 5 68 36 149 68 64 51 487
79 158 240 108
149 51 251 68 503 189
5 507 258 199
657 68 97 68 197 86 68 197 158 68 258 85 438 359 68 36 149 68 197 86 68 152 68 569 68 36 85 68 246 68 246 68 246 68 617 149 68 563 158 359 68 474 85 68 246 68 246 68 617 149
87 68 611 189 68 196 68 158 108 68 36 149 68 494 68 241 551
389 339 68 405 108
231 51 86 68 196 68 517 189 68 5 68 182 108 68 36 149 68 397 189 211 85
201
51 158 189
550 501
517 415 149
201
330 447 189 643
276 85 189
222 240 68 485 479 68 104
346 211 258
158 389 85 68 389 158 189
19 108 68 330 85 258 85
330 68 189 68 152 550 86
158 240 85
189 68 196 68 397 68 258 68 607 158 68 207 108
65 158 108 68 85 86 68 343 543 211 189
79 430 359
447 59 67 85 343 189 241
321 68 201 211 68 197 108
5 68 527 149 68 261 158 543 68 642 211
86 68 389 501 68 397 68 321 290 68 607 158 68 406 85 359 68 158 611 149
79 152
79 240 258 85
189 68 211 189 68 397 68 136 158 68 241 85 359 68 548 68 241 359
189 68 241 99 68 397 68 577 68 97 68 576 152 68 241 68 569 68 64 211 108
51 86 68 189 158 68 189 85 85 331 152 68 640 68 204 570 68 321 189 68 640 68 43 158 68 36 85 68 552 85 68 258 68 258 68 258 68 258 68 540 551
201 258 68 258 136 158 189 68 339 68 607 158 68 154 599
503 85 68 517 85 189 68 136 158 237 68 158 189 68 158 108 68 246 68 397 68 5 68 11 68 607 339 68 154 599
258 299 570 389 570
196 68 5 68 36 149 68 136 158 152 68 397 68 258 321 189 68 339 68 154 599
485 479
49 68 5 68 378 523 68 36 149 68 158 108 68 607 158 48
258 189 68 236 68 330 570 258 158 48
472 211 290 68 192 643
390 68 19 85 68 347 158 85 19 189
201 258 68 258 136 158 189 68 339 68 607 158 68 154 599
611 514 85 359 70 149 389 158 299 258 68 607 158 68 525 68 79 602 85 68 182 149
189 68 196 68 397 68 517 68 651 123 438 68 640 68 550 199
261 86 68 51 570 68 5 390 68 569 68 4 189 85 68 211 517 359
49 68 5 68 136 501 68 36 108 68 347 85 447 523 222 149
204 152 68 36 149 68 182 85 68 611 570
11 68 133 68 197 430
204 152 68 36 149 68 182 85 68 611 570
390 68 158 189 266 50 68 153 108 68 657 359
611 199 4 538 158 149 643 68 321 189 68 349 68 569 68 611 199 68 43 158 68 321 290
517 152 162
36 149 68 397
189 68 5 189
503 189 68 5 390 68 36 108 68 64 550 339 68 211 543
158 68 4 415 68 87 108 68 170 152 258 68 241 85 68 517 68 611 189
330 550 86 68 405 108 68 569 68 540
149 550 158 543 108
64 211 430 68 599 68 344 158 68 397 68 346 211
213 258 359
531 85 68 81 68 189 4 68 197 86 68 64 211 68 99 68 5
494 68 321 149 68 241 85 68 201 211 68 576 237 558 68 149
201
97 68 642 266 85 359
189 68 232 449 68 607 158 68 22 68 158 4 240 222
258 611 189 68 384
4 523
261 86 68 158 189 68 192 68 5 68 189 68 261 158 543 68 397 68 222 501 68 5 343 158 85
189 68 196 68 397 68 346 85 68 149 68 569 68 246 68 5 189 85 258 189 85
97
607 158 149 13
261 86 68 246 68 51 68 426 158 415 68 5 189 68 211 251
5 189 68 577
394 149
607 50 68 389 501 68 397 68 550 501 68 607 158 68 447 523 68 397 68 4 85 197 86 68 346 152 68 397 68 36
258 189 68 5 68 607 158 68 158 607 155
611 85 149 517 299 531 158 118
19 108
196 68 153 189 290 211 189 68 273 68 170 487 68 87 89 123
19 108
189 68 651 123 68 133 68 565 68 5 189 68 97
197 85 152
559 211 5
64 211 258 189 68 397 68 276 359 68 36 149
189 68 258 152
5 68 189 68 417 359 68 331 149
59 19 163 68 43 430
87 442 68 253 68 258
36 108 68 4 258 4 85 359 68 64 211 390
576 152
258 85 5
97 68 552 85 359 68 397 68 569 68 344 339 68 258 299
189 68 211 68 607 158 68 211 68 64 550 339 68 472 149
611 514 149 550 158 222 149 13 68 321 189 68 36 108 68 611 189 68 321 189 68 607 158 108
158 68 642 211 68 261 158 189
189 68 213 550 501
5 189 68 531 299 643
196 68 158 108 68 5 68 321 240 51 85 359 70 158 474 68 241 108 68 241 347 158 189
115 479 189
503 189 68 5 68 36 149 68 97 68 576 152
607 258 299 68 640
657 68 640 68 611 48
266 51 86
204 68 36 149 68 182 108 68 222 476 68 517 85 68 640 68 517 85 68 638
196 68 390 68 36 85 68 197 86 149 68 640 68 19 68 550 339
189 68 261 158 543 68 197 211 68 525 266 158 359 68 495 68 81 68 19 543 68 426 158 258 68 5 211 258
5 189
283 68 343 158 68 64 211 258
503 85 68 5 68 36 149 68 258 290 68 36 149 68 406 163
503 85 68 390 68 569 68 213 550 501 68 136 479 68 136 158 213
246 68 651 123 68 321 519 68 347 309
611 237
607 158
87 68 81 68 346 85
43 158 68 189 68 577 68 607 158 68 447 155 68 430 426 158 189
197 86
189 16 569
651 85 79 199
5 68 189 68 430 152 68 607 158 68 362 347 189
158 68 642 158 68 390 68 397 68 611 51 86
189 68 261 158 68 430 64 51 359 194 222 68 4 189
64 211 430 68 548 68 36 108 68 550 199 68 321 189 68 569 68 258 346
261 86 68 43 158 68 390 68 607 158 68 51 346 68 346
192 211
258 68 36 149 68 607 158 189 68 197 86 189 68 197 86
640 68 611 48 68 189 213 68 405 108 68 19 85
158 240 222 85 68 607 158 68 5 189 569
564 68 607 158 68 390 68 354 551
196 68 569 68 173 68 241 68 19 531 85 68 397 68 59 290 85 359 68 158 68 59 158
51 189 68 133
5 68 36 149 68 261 158 68 79 158 68 79 339 68 283 68 344 158 68 657 299
359 16 569 108
43 430 19 194 85 152
189 68 389 501 68 397 68 245 570 68 43 158 68 93 435 334 68 64 550 339
607 68 569 68 517 85
651 123 68 104 68 104 189 68 5
261 86 68 5 68 189 68 64 191
344 158 108 68 261 487
503 189 68 5 68 527 149 68 321 290
430 359 68 347 158
211 551
87 299 570
607 155 68 85 343 339 68 651 123 68 152 550 158 543 108
43 158 4 149 657
5 68 431 149 68 204 199 68 5 290 222 543 68 182 149 438 551
283 68 36 149 68 389 501 68 405 240 68 321 85 68 527 68 79 487 153 189
607 158 68 273 68 607 158 68 350 85
295 149 68 611 51 86 68 54 86 68 4 189 85
196 68 331 68 640 68 162 68 640 68 5 68 36 149 68 389 501
503 189 68 517 85 189 68 246 68 152 389 158 237 591 551
258 299 654 68 640 253
261 86 68 43 158 68 390 68 607 158 68 51 346 68 346
657 523 405 118
4 85 438
196 68 331 68 640 68 133 68 197 86 68 5 68 331 339
611 258 68 280 68 211 359
657 68 551 68 97 68 189
569 68 79 50 68 246 68 64 550 158 68 64 550 158 359 68 397 68 501 85 611 189 68 339
503 85 68 390 68 569 68 4 85 359
607 158 68 607 158 68 158 189 550 199
5 339 68 158 240 347 85 68 397 158 51 85 321
19 85 68 5 189 149 657
36 149 68 405 68 405 189 68 611 299
211 68 5 108
246 68 19 108 68 197 86 199 68 266 569 68 247 334 199 68 36 149
261 86 68 527 68 593 85 68 394 152
19 108
642 158 189 550 349 68 258 334 543
87 68 197 86 68 577 68 359 16 569 108 68 5 108 68 321 569
189 68 196 68 36 149 68 397 68 158 189 51 86 68 246 68 525
4 247 149 258 68 189 199 189 550 158 199 189 359
607 50 635 149 517
640 68 611 48 68 485 430 68 426 570 68 153 108
196 68 331 68 640 68 5 68 149 115 479 68 640 68 93 389 501
59 430 19 163
517 194 68 4 85 152 68 153 108
133 68 640 68 194 543 459 247
405 108 68 503 189 68 607 158 68 564 152
64 211 430 68 611 222 517 359 68 569 68 36 523 405 68 607 158 405 258 85 68 51 86
599 389 241 68 149 550 158 543 108
136 158 152 68 607 68 19 108 68 347 158 189 68 430 68 607 158 68 5 85
258 532 359
261 86 68 5 225 68 201 85 359
196 68 347 158
246 204 517 68 611 189 68 43 158 290 85
4 415
347 158
611 136 479 359
5 68 36 149 68 261 158 543 68 134 85 68 517 82
197 158 346 194
201 258 68 197 108 68 135 68 258 68 397 68 189 68 183 339 68 85 196 68 550 158 85
5 68 593 149 68 607 158 189 68 79 222 68 158 189 222 68 397 85 86 199
5 211 85
607 158 68 104 189 68 5
607 158 266 149 68 321 189 68 19 85 68 640 68 97
64 211 258 68 16 158 68 5 68 607 158 68 479 68 245 194 359
389 189
189 68 426 86 68 531 85 449 343 189 199
19 85 194 240
70 189 68 599 68 276
189 68 261 158 543 68 241 68 189 531 158 85
321 189 68 5 108 68 485 479 68 64 211 258
550 158 68 640 68 569 68 447 155
158 4 85 222 189 359
196 68 5 68 36 149 68 5 108 68 607
36 108 68 389 85 68 51 570 68 158 85 68 158 334 189 149 68 36 149 68 36 108 68 397 68 405 321 240 68 406 64 211 149
347 158 4 108
5 68 295 149 68 196 68 54 86 68 241 85 68 447 158 145 108 68
207 152 68 5 258 505 68 607 50
189 135 68 503 339
158 299 211 347 158
261 158 299
196 68 153 68 494 68 389 501
5 189
258 334 149 258
19 85 68 5 225
51 86 68 87 108 68 64 68 430 222 4 240 158 240
134 415 68 36 108 68 607 68 5 68 189 241 68 19 108 68 5 189 68 525
246 68 19 108 68 197 86 199 82 68 170 108
503 85
189 68 261 158 543 68 397 68 43 158 68 280 170 152
196 68 36 108 68 607 158 5 108 258 390
389 199 68 218
76 85 222 85 68 5 225
64 211 430 68 189 240 359 68 87 309 68 97
657 68 261 86 68 5 68 189 68 231 240 68 36 149
261 158 543 68 397 68 5
196
49 68 5 68 378 523 68 36 149 68 158 108 68 607 158 48
189 68 261 158 68 607 158 68 417 68 640 68 607 158 4 108
149 611 51 86 108 222 213
5 155 389
550 415
569 68 607 158 68 149 152 68 638 68 397 68 43 158 68 43 158
261 86 68 158 189 68 197 86 68 158 108 68 158 108 68 397 68 5 189 550 158 222 189
266 158 68 405 108
405 237 4 430 359
5 68 527 149 68 182 68 569 68 149 517
5 189 68 261 158 543
155 389 85 51 438
261 86 68 135 68 390 68 153 189
36 149 68 261 158 543 68 397 68 97 68 51 86 68 5 108 68 196
153 108
417 334 447 189
261 158 189 550 487
189 68 261 158 68 514 199 359 68 347 158 359 68 347 158
517 194 149 68 197 158 108
137 158 189 68 288 68 189 540 68 321 247 85
503 85 68 390 68 569 68 51 487 359 68 158 189 68 182 149
517 85 5
64 550 158 85 68 4 607 334 222
189 68 64 389 501 68 189 68 273 68 54 86 68 397 68 5 189 68 5 189
517 194 68 258 68 343 543 435 334 199
137 158 189 68 149 68 36 149
651 123 68 494 68 5 331 487 68 5 149 258
5 68 36 149 68 5 68 158 449 68 211 543 68 550 158 359
196
158 449 68 517 85 68 430 68 162 68 5 189 68 321 189 68 569 68 261 158 85
517 551 68 550 155 68 70 158
189 68 149 68 158 152 68 261 86 189 68 162 68 85 68 570 225
651
261 86 68 43 158 68 246 68 569 68 158 5 211 390 68 241 68 4 189
494 68 389 501 68 36 149 68 196 68 196 68 246 68 4 552 359
611 279 194 108 68 330 68 189 158 189 68 197 86 68 490 68 490 251 211 108
607 158 68 197 108 68 354 68 189 68 611 51 159
97 68 405 68 183 155 442
258 4 538 158 222
51 86 108 68 447 158 438
258 611 189 68 36 149 302 359 68 247 415
531 85 68 204 449 68 4 85 359
503 189 68 87 543 68 5 245
19 349 359
321 189 68 87 449 68 642 149 484
158 4 59 155
261 86 68 51 570
611 149 68 87 68 5 543 68 397 68 19 213 68 136 158 213
501 85 149 258 68 5 68 64 211 258 68 548 68 5 189 68 569 68 222 68 136 158 213
501 85 406 149 68 158
642 405 108
266 158 258 390 68 158 108 68 192
651
261 309 108
350 85
136 158 152 68 607 158 68 19 85 68 158 189 68 273 299 68 149 68 36 149
5 472
290
569 68 552 85 68 390 68 346 211 108
517 194 68 577 68 607 158 68 59 67 68 201 240 359
4 343 85
258 85 479 68 517 68 261 158 199
4 406 155 68 5 430
503 85 68 158 108 68 36 149 68 54 86 68 397 68 197 86 68 222 85
517 194 149 68 577 68 651 123 68 258 189 68 359
246 68 651 123 68 222 189 68 241 68 51 85 152 68 85 152 68 211 247 68 211 531 199 68 339 68 253 68 397 68 397
5 68 189 68 136 158 543 68 253 4 68 638 447 158 118
196
258 123 68 133 82
64 442
196 68 607 158 543 149 68 397 68 65 86 85 321
246 68 19 108 68 607 158 68 258 334 543 68 19 426 339 68 241 68 158 48 68 153 189 68 153 108
204 543 68 36 85 68 182 108 68 189 550 349 68 158
189 68 503 158 108 68 5 19 163 68 115 158 209
43 158 199
5 68 527 149 68 261 158 543 68 258 64 211 258 64 51 570 359
261 68 607 158 68 344 108 68 241 85 68 158 68 334 607 155
611 149 68 36 149 68 405 68 19 489
189 501 68 321 189 68 569 68 134 415 68 197 86
447 158 85
126 68 189 68 394 68 220 88 68 158 240 222 85 68 222 237 85 68 19 237 189 68 5 189 68 5 189
19 108 68 390 68 51 68 321 189 68 405 553 68 550 158 68 153 189 85
170 199
64 211 430 68 258 299 68 607 68 569 68 389 158 189 68 241 85 68 79 85 68 447 189 451
65 158 108 261 86
355 68 197 86 68 197 86 68 397 68 258 68 258 149
651 123 68 211 68 607 158 68 54 86 68 607 158 68 189 538 339
494 68 189 170
611 279 194 68 261 158 543 68 5 108 68 136 487
346 211 68 569 68 170 487
430 237 108 68 447 158 517
607 158 68 494 68 241 85 68 4 85 222
201 258 607 158 68 607 158 68 417 68 640 68 607 158 68 483 261
170 449
258 189
87 68 87 108 68 251 194 178 68 607 158 266 50 68 211 408 68 339 68 19 68 158 85 241 359
197 85 430
258 85
346 85 189 85 189
4 85 70 189
5 68 36 149 68 189 51 570 68 330 570
153
525 551 149
517 194 68 117 68 607 158 68 503 158 643 68 277 551
642 158
503 339 415
97 68 241 253 253 253
5 68 527 149 68 261 158 543 68 258 64 211 258 64 51 570 359
261 86 68 273 68 569 68 540 551
158 68 550 173 68 158 108 68 517 4
64 211 258 68 583 68 97 68 197 85 359
346
204 152 258 68 189 68 406 85 222 189 68 5
607 222 189 211 251 211 251 68 189 330 543 85
321 68 19 136 430 68 87 449 68 237 19 108 68 211 330 359
607 158 68 359 632 68 390 68 611 570
611 5
261 86 68 527 68 36 85 68 153 189 415
87 68 5 189
189 68 211 189 68 397 68 346 211 607
79 359
430 19 108
189 68 211 68 397 68 430 152 68 36 149 68 472 471 211
261 158 189 68 149 4 240 222 68 321 247 85 68 343 85 449 85 252 199
347 189
405 85 68 258 359
189 266 479 68 5 136 158 359
5 155
517 194 149 68 43 339 68 640 68 607 158 68 389 339 68 5 108 68 153 189 108
576 152
438 222 68 5 155 211 199 118 68 241 68 241 550 158
76 240 415 68 64 51 85
158 449 68 611 19 85 68 390 68 189 170
5 68 189 68 136 158 543 68 290 85 152 68 569 68 258 551 339 551
4 64 68 196 68 241 68 158 108 68 183 155 258
54 349 68 149 68 321 85 68 640 68 189
136 501
76 85 68 611 430
158 64
196 68 36 108 68 197 108 68 331 68 359 563 158 240
389 299 415
211 543
158 48 68 258 247 68 4
5 108
4 343 85
503 85 68 517 194 68 189 68 258 68 651 247 607
97 68 607 158 68 51 570 68 197 85 152
503 85 68 390 68 569 68 394 51 86 68 59 479 68 642 211
261 86 68 43 158
430 170 472 85
569 68 189 426 487 68 640 68 5 68 51 474 68 158 108 68 607 155 68 607 155 68 197 108
36 330
196 68 19 85 359 68 189 211 245 213 194 213
607 158 68 490 68 607 158 68 527 220 68 170 449 68 15 158 68 15 158 68 15 158 68 189
64 211 258 68 344 108 68 5 68 607 158 68 321 569
189 68 389 501 68 607 158 68 197 86 68 189 570
36 108 68 607 155 68 258 359
5 68 36 149 68 182 68 153 189 68 344 478 68 246 204 607 158 517
36 149 68 517 359 68 246 68 189 68 266 158 149 258 68 97 68 638 68 569 68 321 240 68 607 50 68 79 158 189 68 19 85
189 68 4 4 108 68 607 158 68 280 108 68 321 247 68 158 290 85 222 189 222
51 346 68 346
527 149 68 261 158 543 68 43 158 68 611 51 213 438
189 68 389 501 68 607 158 68 261 158 189 68 273 261 158
196 68 569 68 517 19 489 68 640 68 569 68 76 85 607
97 68 273 68 5 211 611 438 149
189 68 514 189 68 503 339
5 68 36 149 68 607 158 68 4 543 68 4 543 359 68 197 189 108
241 85 68 569 108 68 5 225 68 261 86 68 43 158 68 5 225 68 97 68 438 359 68 607 158 68 5 449
657 523 405 118 68 189 241 68 189 241
13 551
197 149 343 189 85 68 133
97 68 158 611 48 68 569 68 258 551
201 211 68 339 68 321 189 68 330 359
149 359 85 189 347 189 211 189 241 553 68 189 189
43 158 199
189 68 196 68 397 68 59 290 85 359 68 569 68 246
51 82
5 225 68 651 123 68 397 68 405 68 189 85 152 211 189
158 68 550 199 199 68 201 258 68 527 68 654 189 570
189 68 196 68 397 68 253 68 503 339
283 68 36 149 68 389 501 68 36 85 68 321 189 68 564 222 85 68 241 68 241
5 68 431 149 68 479 240 359 68 136 158 543 108
189 149 551 68 4 68 133
64 211 430 68 5 189
231 51 86
182 108
189 68 261 158 68 550 158 222 85
569 68 222 68 136 158 68 359 532 68 569 68 636 68 158 48 211 149
196 68 347 158
201
201
503 189
261 86 68 43 158
517 85 390
346 85 189 85 189
417 334 447 189
611 149 68 36 149 68 59 4 339 68 569 68 158 189 68 241 68 241 359
280
283 68 551 607 68 390 68 241 85 68 241 68 36 85 152
158 449 68 346 532 68 430 68 405 189 68 261 158 247 68 611 213 194 213 149 68 611 189 643
651
149
517 68 87 68 577 68 607 158 68 136 155
201
158 517 68 135 68 321 247 85
261 86 68 158 108 68 36 149 68 51 570 68 51 570 85 68 197 108 68 197 654
643 359 68 158 189 68 182 149
158 85 201 25 68 347 158
517 194 68 635
581
569 68 241 359 68 640 68 507 449 68 25
261 86 68 51 570 68 5 390 68 569 68 426 155 68 54 86 108
201 258 68 197 108 68 87 68 201 258 517 82
517 442 68 245
54 86 68 258 82 359 68 607 158 261 86
189 569 108 68 154 362
246 68 19 108 68 607 158 85 68 158 5 189 68 36 149
189 68 261 86 68 4 406 155 299 85 68 51 82
503 85
611 5 68 607
347 158
196 68 347 158
276 607 158 108 68 241 65 189 299 565
321 85 68 280
507 449 68 25
657 68 153 108 68 36 149 68 158 108
189 68 359 11 68 189
201
204 152 68 36 149 68 182 108 68 36 85 68 346
531 108 68 54 86
189 68 389 501 68 97 68 189 68 158 334 189 68 261 158 68 607 158 68 51 86 359
54 86 68 397 68 550 158 108 68 569 108 68 70 158
607
503 189
97 68 204 85 68 5 189 68 471 211 48
261 86 68 569 68 503 158 415 68 397 211 108 68 397 85 86 108
189 68 389 501 68 397 68 245 570 68 43 158 68 331 68 430 93
346 68 241
5 68 527 149 68 5 68 189 68 201 258 321 563 158 68 153 108
97 68 16 339 68 397 68 258 68 36 149 68 430 68 654 471 389 570
607
5 472
355 68 49 68 5 68 347 85 152
503 85
517 194 68 550 501 68 607 158 68 447 158 108 68 153 108
115 479
87 68 643 359
517 194 359 68 479 548 68 651 123 68 651
64 211 258 68 211 543 68 607 158 68 258 199 68 19 199 68 104 85 68 104 194
503 85 68 390 68 569 68 189 264 576 68 397 68 569 68 246 68 569 68 134 85
246 68 19 108 68 607 158 68 258 406 155 68 607 158 565 68 64 550 158 108 68 241 68 189 550 158 222 85 68 426 339 551 189 211 189 211 474 68 565 222 580
258 68 36 149 68 197 86 189
64 211 430 68 136 158 152 68 640 68 36 108 68 11
550 501 68 569 68 405
495 68 5 68 189 68 611 118 68 201 240 68 19 85
196 68 5 68 36 149 68 136 158 152 68 397 68 258 321 189 68 339 68 154 599
189
36 149 68 517 359 68 266 158 149 68 5 189 68 170 149 68 283 68 607 158 68 76 85 241
283 68 79 602 194 108
