607 158 68 43 158 68 640 68 240 211 68 64 211 108
189 68 253 68 359 68 79 222 68 266 158 68 405
503 189 68 253 68 569 68 550 158 543 68 405 68 241 68 85 68 64 211 108 68 405 199
201 258 253
85 517 359
503 189 68 607 50 68 370 68 81 68 189 68 189 550 158 118 68 189 68 253
261 86 68 43 158 68 261 86 68 370 68 640 68 241 68 347 158 108
321 189
197 86 85
527 68 607 158 68 550 158 108 68 85 347 158 118 68 447 158 108 68 241 68 517
189 68 79 158 240 211 359 68 189 68 406 158 543 68 189
517 68 189 68 543 68 406 501 68 438 359 68 397 68 397 68 611 51 86
503 189 68 607 158 68 503 189 68 5 68 503 158 68 222
87 359 68 527 68 569 68 405 68 611 152
19 85 359 68 4 85 359 68 85 359 68 158 108 68 189 68 569 68 638 68 569 68 569 68 397 68 397 68 569 68 550 487 149 68 397 68 569 68 19
261 158 240 68 331 487 85 68 19 85 68 397 68 397
36 85 607 158 189
189 68 170 299 68 85 68 85 359 68 339 68 569 68 569
607 158 68 5 68 85 152 68 5 68 64 211 68 64 211 108
5 108 68 253 222
189 68 158 108 68 550 501 68 397
64 211 108 68 240 359 68 397 68 405 68 405 189 68 569 68 19 85
64 211 68 405 108
85 213 211 543 211
543 389 199
503 189 68 517 68 189 68 405 68 158 108 68 85 4 85
261 86 68 124 68 170 68 550 158 68 81 68 397 68 397 68 85 68 517 68 517 118 68 517 118 68 517 359 68 397 68 397 68 241 68 241 68 569 68 569 68 261 86 68 569 68 569 68 569 68 569 68 158 199 68 43 158 68 261 86 68 86 68 261 86 68 283 68 261 86 68 283 68 283 68 569 68 241 68 261 86 68 261 86 68 261 86 68 569 68 43 158 68 569 68 569 68 86
258 405 68 607 158 68 550 85 359 68 85 359 68 241 68 189 68 397
611 189 85 359 550 158 149 68 189 68 253 68 397 68 431 68 397 68 405 68 405 241 68 405 241 68 397 68 85 359
211 68 70 158 68 222 68 397 68 397 68 569 68 70 158 68 189 68 5 189 68 5
389 158 543
517 68 331 149 68 577 68 569 68 430 68 189 68 397
607 158 68 550 339
51 86 68 158 108 149
36 85 607 158 108 68 85 430 299 19 85 359
153 68 405 68 5 68 550 339 68 397 68 64 211
86 68 5 68 507 211
64 211
261 405 189
503 189 68 253 68 569 68 85 569 68 85 365 430 199 68 64 211 108
43 149 68 5 68 550 501 68 158 108 68 430 68 85 299 68 5 189 68 85 359 68 430 68 331 487 359 68 85 359
607 158 68 607 158 68 569 68 607 158 68 253
189 68 240 51 86 68 5 189 68 570 389 158 68 569 68 241
261 86 68 124
64 211 68 153 68 158 108 68 5 68 397
189 68 158 108 68 550 501 68 397
569 108 68 430 68 158 240 68 158 108
153 189 68 640 68 569 68 607 158 68 405 108 68 569 68 85 365 430 199
569 68 170 68 607 158 68 4 189 68 87 68 64 211 108
651 123 68 124 68 253 68 189 550 487 149
405 199 108
564 68 240 359 389 339 68 170 108 68 189 68 331 149 68 70 158
517 68 607 158 68 321 247 68 607 158 68 170 68 253 68 253 359
189 68 64 211 68 152 68 331 68 569 68 517
607 158 68 158 108
189 68 170 299 68 501 85 68 517 68 189 68 241 68 569 68 241 68 569 68 569 68 569 68 397 68 397 68 241 359
162
87 359 68 527 68 19 85 68 5 189
5 189 68 389 339 551
517 68 152 68 550 158 68 70 158 68 81 68 339 68 397 68 64 211 108 68 241 68 405 68 397 68 397 68 397 68 339
253 68 569 68 607 158 68 517 19 68 43 158 68 43 158 68 253
261 86 68 70 189 68 431 149
158 108 68 431 68 149
607 158 68 607 158 68 158 108
339 68 189 68 347 158 68 550 158 108 68 430 68 211 68 64 211 108 68 64 211
237 108 68 124 68 189 68 447 158 68 85 359 68 569 68 607 50
431 68 86 149 68 54 86 68 241
330 607 158 189 68 642 68 5
189 68 70 501 68 569 68 189 68 550 501 68 211 152
611 149 68 189 68 81 68 5 108 68 397 68 253
189 68 5 68 397 68 430 85 447 158 108 68 5 68 266 158 68 405
189 68 430 68 430
283 68 70 158
389 339
447 158 85 359
158 607 158 155
197 86 149 68 189 68 85 359 389 158 240
5 68 431 68 607 158 68 158 108 68 430 108 68 85 347 158 118
607 158 199
197 86 68 550 158 108 68 447 158 108 68 70 158 118
86 68 93 51 86 68 158 108 68 158 108 68 607 158
569 68 158 607 158 68 189 68 359 389 158 108
241 359
607 158 68 550 501 68 189 68 241 68 158 108 68 241 68 517
550 487 85
261 158 240 68 240 211 68 503 158 108
397 68 85 64 211
405 240 211 85
54 86 68 397 68 405 108 68 569 68 19 85
87 68 81 68 406 155 108
197 570
261 86 68 189 68 577 68 397 68 170
201 258 253
517 68 607 158 68 577 68 158 240 68 64 211
397 149 85 359 68 339 68 158 85 359 389 158 118
321 569 68 64 211
19 85 359
237 68 607 68 397 68 253 68 189 68 189
87 569
211 607 158 189
550 158 189
321 68 611 258 108 68 5 68 431 68 607 158 68 607 158 68 241 68 241 68 241 359 389 339
276 85
431 68 158 543 68 43 158 68 611 51 86
261 86 68 43 158 68 507 449 68 569 68 158 108
85 550 189 68 607
339 299 389 158 189
577
189 68 405 68 430 68 64 389 339 68 189 241
70 158 359
241 359
550 339
405
397 68 54 86
51 570 211 68 607 68 253
569 68 152 68 331 149 68 189 68 158 240 222 68 189
253 569 68 149
607 158 68 607 158 85
611 189 85 359 550 158 149 68 189 68 253 85 68 569 68 153 189
503 189
64 211 108 68 87 108 68 569 68 430
189 543 51 86 68 607 158 68 339
261 86 68 607 158 68 527 359 68 241 68 158 108 68 397 68 569 68 339
197 149 389 158 108
87 68 640 68 640 68 261 86 68 189 68 405 189
283
503 189 68 158 108 68 569 68 517 85 68 85 359
447 158 359 149
517 389 199
240 149 68 241 68 19 85 68 339 68 405 359
4 152
607 158 68 607 68 5 68 85 359 68 85 359 68 158 108
503 189 68 158 108 68 431 68 189 68 189
651 123 68 517 68 517 85
87 68 430 359 389 339
261 86 68 189 68 240 550 487 359 68 5 189 68 550 339
51 570 68 503 189
70 158 108
261 86 68 43 158 68 261 86 68 607 158 68 81
87 68 607 50 68 431 68 339 68 397 68 397 68 5 189 68 569 68 569 68 569 68 64 211 108
321 68 607 158 68 607 158 68 397 68 283 68 331 487
189 68 651 247 85 68 158 108 68 4
189 5 108
405 85 152 4 240 359
54 86 68 5 68 85
5 149
189 68 405 189 68 405 68 397 68 397 68 87 449
211 68 5 68 258 68 431 68 405 68 517 68 611 189 68 406 158 118
405 108 68 503 189 68 607 158 68 5 68 253
447 158 118
87 68 405 68 240 68 240 68 503 158 68 550 158
149 85 149
5 543
64 51 86 68 5
231 240
5 108
607 158 68 564 68 607 158 68 158 68 501 85
189 68 64 211 149 68 430 149
339
64 211 68 611 189 68 136 479 68 569 68 211 108 68 405 241 68 405 189 68 405 241
189 68 642 68 640 68 397 68 569 68 240 51 86
4 85 406 430
189 211 389 199
64 211 108 68 517 149 68 43 158 68 5
577 68 570 389 339 68 213
517 258
4 152
153 155 68 45 149 68 158 108 68 517 68 517
4 563 158 359 68 339 68 339
527 68 87 68 607 50
283 68 189 68 569 68 5 68 240 359 68 64 211 108
189 68 550 501 68 189 68 189 68 550 158 108 68 607 158 68 607 158 68 607 158 68 607 158 68 189 68 607 158 68 189 68 607 158 68 607 158 68 189 68 189 68 189 68 189 68 189 68 189 68 189 68 339 68 550 339 68 189 68 189 68 389 155 68 550 158 68 550 501 68 389 550 501 68 189 68 189 68 189 68 189 68 189 68 189 68 347 501 68 189 68 189 68 189 68 189 68 189
347 158 108
261 86 68 124 68 253 68 569 68 4 85 68 241 68 43 158 68 136 479
189 68 430 68 43 158 68 64 211 108
189 68 19 569 258 85
189 85 447 158 543 211 359
517 68 640
85 4
276 85 68 5 189
517 240
611 258 136 479 68 517 68 189
607 158 543 211 149
211 543 211 543 108
189 258 607 158 68 640
261 86 68 43 158 149
283 68 405 68 517
258 247 85 359
431 68 189 68 406 501 68 64 211
19 68 158 108
153 68 430 68 430 68 405 68 170 299 68 607 158 68 189 68 240 211 240 211
5 189 149 68 64 211 108
447 158 240 68 64 51 108
607 158 68 5 189 68 158 108 68 405 85
607 158 68 189 68 517 68 397 68 397 68 359 68 222 85
5 189 543 85 68 85 517 85 359
189 68 607 158 68 85 4 85 359 68 550 501 68 397
607 68 431 68 158 543 68 158 543 68 158 543 68 189 68 54 86
189 68 261 86 68 397
276 85 68 153 68 64 68 607 50
517 82
189 68 4 152
503 189
397 68 253 359 68 430 68 64 211
405 199
447 158 85 4
170 199
64 211 108 68 149 68 85 241 68 640 68 517 68 64 211 108
405 189 68 640
85 347 158
321 189
611 149 68 87 68 503 158 543 68 370 68 5 68 430 68 569 68 19 85 68 397 68 397 68 397 68 611 51 86
607 158 68 550 501 68 253 68 5 189 68 241 68 397 68 81 68 397 68 569 68 54 86
607 158 68 607 68 5 68 85 359 68 85 359 68 158 108
189 68 197 85 85 68 85 68 607 158 68 550 339 68 81 68 397 68 397 68 397 68 124
607 158 68 431 68 405 68 430 108 68 158 240 211 68 607 158
527 68 153 68 258 68 43 158 68 290 85
197 85 359
607 158 68 577 551
607 158 68 577 551
261 86 68 189 68 569 68 19 85
283 68 70 158 108 4 85 359
261 158 108 85 258 258 85
447 430
359
276 85 68 5 68 189 68 397 68 611 51 86
64 211 68 550 430 68 397 68 397 68 569 68 261 86
321 189
642 68 253 68 446 68 261 86 68 607 158 68 19 85 68 64 211 108
503 339
64 211 108 68 189 68 81 68 607 158 68 607 479 68 517 85 359 68 85 359
5 68 431 68 607 158 68 152 68 405 68 93 389 339
611 258 85
222 68 527 359
283 68 70 158
5 149
189 68 19 85 68 19 85
607 158 68 550 501 68 189 68 241 68 430 68 189 68 189 550 158
607 68 431 68 607 158 68 405 68 431 68 5 189 68 447 158 118 68 430 299
651 85
517 543 389 85
283 68 19 163 68 406 158 108
189 68 5 68 70 158 118 68 85 68 241 68 19 85
261 86 68 253 68 189 68 569 108
321 569 68 153 68 577
258 189 68 45 108 68 158 108 68 199
261 86 68 607 50 68 370 68 241 68 569 68 253 359
397 68 85 347 158 118
189
339 68 607 158 68 149 550 158 108 68 158 108 68 5 189 68 389 85 359 68 550 158 149
64 211 108 68 51 86 68 64 211 108 68 517 85 359
347 158
189 240 389 339
321 68 611 258 108 68 189 68 550 158 543 68 569 68 19 85
189 68 237 370 68 359 68 359 68 397 68 64 211 108 68 550 158 543 68 189 68 189 68 189
276 85 68 43 158 240 299 68 189 68 170
5 189 68 543 389 430
503 189
189 68 70 501 68 569 108 68 258 68 253 68 189 68 85 240 211 85
189 68 170 299 68 397 68 85 365 430 199 68 70 158 108 68 365 430 199
258 85
651 123
158 240 359
501 85 611 189 68 54 86 68 397
527
607 158 68 607 158 68 569
607 479 149 389 430 359
158 108 68 569 68 527 359 68 550 501 68 87 152
211 564 68 607 158 68 347 501 68 85 359 68 347 501 68 70 189
213 211 149 550 158 543
431 68 5 68 189 68 611 85 359 389 339 68 389 158 118 68 189 68 240 550 430
569 108 68 347 158 118
569 68 85 240 389 158 68 253 68 550 158 108
258 68 431 68 607 158 68 189 68 253
189 68 258 68 550 501 68 211 543 85 359 68 365 430 199 68 189 68 54 86 68 54 86 68 189 68 124 68 124
503 189 68 253 68 189 68 405 199
283 68 607 50 68 370 68 569 68 241 68 430 199 85 359
564 68 607 158 68 607 158 68 189 68 19
607 158 68 607 158 85
241 149 550 158 108
261 86 68 189 68 607 68 5 68 577 68 569 68 503 158 68 87
85 4 149 389 339
5 108
153 108 68 5 68 397
517 389 199
189 68 87 152 68 370 68 397 68 397 68 503 189 68 405 68 405 68 517
189 68 543 211 68 405 68 240 211 240 550 158 108 68 397 68 54 86 68 397 68 54 86
189 68 550 501 68 321 247
347 501 68 430 68 241 68 158 108 68 189
153 68 85 347 158 68 397 68 258 149 68 550 158 108 68 430 68 430 68 430
85 68 261 86 68 189 68 170
527 68 153 68 153 108 68 189 68 189
4
503 189 68 527 68 370 68 85 81 68 569 68 607 50
189 68 51 86 68 550 501 68 607 158 68 607 158 68 211
577 68 124 68 85 359 68 397
503 189 68 607 68 81 68 397 68 397 68 85 359 389 85 359
261 86 68 527 68 19 85 68 607 158 68 93 389 158
189 68 405 68 258 247 85 68 611 189 241 359
189 68 170 299 68 124 68 503 158 68 189
213 211 68 331 68 253 68 261 86 68 158 108
153 189 68 261 86 68 43 158 68 245 449 68 607 50 68 170 299
503 189
87 68 85 240 5 149 68 430 68 158 108 68 253
64 211 108 68 397 68 5 68 397 149
5 68 431 108 68 405 108 68 19 85 68 503 189 68 569 68 569 68 569 68 569 68 211 543 389 158 108
64 211 68 339 68 211 68 354 68 517 68 550 158
405 68 85 240 389 479
339 551 68 158 108 68 87 152
607 158 68 64 211
222 85
4 449 108
607 158 68 550 501 68 397 68 517 68 240 211 68 222 68 405 199 68 405 241 68 430 199
136 479 189 406 158 189
569 68 430 158
359 550 158 543 389 152
283 68 527 68 19 85 68 430 108 68 158 543 211 543 211 543 211 543 211 543
405 85 152 4 240 359
517 68 651 405 68 43 158 68 153 189
607 158 199
276 85 68 607 158 68 527 68 370 68 607 158 68 70 189
64 211 108 68 611 543 68 241 68 158 108
283 68 70 158 108
189 68 607 158 68 211 68 607 158 68 189 68 569 68 70 189
569 68 152 68 331 149 68 189 68 124 68 85 359 68 569 68 569
189 211 85 359 389 158 118 68 517
417
607 68 431 68 405 68 607 158 68 365 430 199 68 189 68 611 74
543 51 152 68 550 430
517 152 389 158 68 577 68 611 189
569 108 68 253 68 397 68 189 68 189 68 607 158 68 607 158
405 240
189 68 5 68 417 551 68 640 68 85 359
607 158 68 447 189 68 261 86 68 158 108 68 87 449
527 68 5 68 517 68 569 68 85 359
503 189
85 406 158 118
321 68 405 108
607 158 68 550 501 68 397 68 550 501 68 158 108 68 430 199
85 240 389 339
507 258
389 569
189 68 240 68 241 68 211 189
283 68 70 158 68 607 158 68 431 68 397 68 640
87 68 607 158 68 5 68 406 158 108 68 430 149 550 158 359 68 550 339
397 68 253 359 68 430 68 64 211
43 158 189
607 158 189 149 389 158 189 211 359
189 68 430 68 158 108 68 550 158 108
189 68 550 430 68 431 68 5
283 68 158 108 68 569 68 365 430 199
85 211 170
149 550 339 68 359
87 68 189 68 527 68 149 68 149 550 158 149 68 189 68 64 211
607 68 431 68 241 68 5 189 68 611 189 68 611 189 68 253 68 430 199
607 479 43 158 359
389 158 108 68 85 365 430 199
607 158 68 550 501 68 397 68 640 68 189 68 189 68 153 189 68 550 86 108
517 85 359 68 550 158 149 68 70 158
397 68 85 222 158 222
54 86 68 405 68 405 108 68 85 152
359 149 68 241
189 68 430 68 430
189 68 5 68 397 68 136 479 68 158 108 68 85 359 68 569 68 397
607 158 68 550 501 68 397 68 85 152 211 68 5 68 70 158
54 86 68 397 68 569 108
261 86 68 43 158 68 507 449 68 569 68 158 108 68 241 68 153 189 68 517
189 68 517 258 85 68 85 359 68 569 68 517 85 359 68 241 68 85 359
189 68 81 68 149 550 149
607 158 68 5 189 68 503 158 68 354 551
276 85 68 5 68 430 68 405 68 405 189 68 517 118 68 211 85 359
607 68 431 68 240 550 158 108 68 158 108
397 68 640 68 640
283 68 19 240 211 68 5 68 253 68 253 85 68 170 108
503 189
389 85 359 68 517 85
607 158 68 431 68 5 189 68 447 158 68 253 68 5 108
36 85 158 108 68 241 430 149
276 85 68 189 68 5
405 152
197 85 85
607 158 68 5 68 85 152 389 570 389 199
86 155 550 430
607 158 68 607 158 68 85 240 51 86 68 241 68 87 68 253
5 189 85 359 389 158 118
607 158 68 550 501 68 607 158 68 240 389 158 108 68 261 86
261 86 68 124 68 253 68 569 68 550 158 68 397 68 241 68 241 68 241
607 158 68 607 158 68 241 68 517 68 85 152
258 149 68 359 68 189 68 611 359
211 240 359 68 85 68 569 68 607 158
85 359 4
87 51 517 68 87 68 87 68 158 108 68 93 51 86 68 241 68 241 68 241
640 68 85 68 5 189 149
503 189
611 149 68 87 68 503 158 68 430 68 5 68 405 68 405 108 68 405 189 68 64 211 108
503 189 68 577 68 79 359
231 240
189 543 68 158 68 241 68 85 152 68 93 51 86 68 241 430
64 211 68 5 189 68 85 359
240 550 158 118
54 86
503 189 68 397 68 258
81 68 431 68 19 85 68 189 68 430 68 517 68 43 158 68 43 158 68 430
87 68 170 68 543 68 397 68 397 68 397
283 68 153 68 124 68 124
607 158 68 5 68 447 189 241 68 5 189 68 331 149
339 551 68 158 108 68 5 189
611 240 299
4 85 152 68 240 550 158 240
43 158 68 607 68 189
152 51 86
189 68 607 158 68 607 158 68 577 68 158 108
189 68 550 158 543 68 253 68 569 68 569 68 85 4 85 68 64 211 108
189 68 70 501 68 569 108 68 85 68 607 50 68 189 68 611 51 86 68 611 189 68 397 68 397 68 397 68 189 68 611 189 68 397 68 189 68 189 68 354 68 354 68 189 68 189 68 354 68 189 68 189 68 189 68 189 68 189 68 354 68 354 68 354 68 354 68 354 68 189 68 354 68 189 68 189 68 397 68 189 68 189 68 189 68 189 68 611 74 68 397 68 397 68 397 68 85 68
283 68 189 68 651 123
447 158 240 550 430
283 68 527 68 370 68 64 211 68 70 158 108 68 405 108
503 189 68 189 68 569 68 158 85 359
321 189 68 87 68 642 68 642 149 550 86 85 359
611 149 68 593 89 487 68 564 68 569 68 569 68 253 68 253
189 68 158 108 68 607 189 68 577 68 517 68 607 158 68 54 86
85 359
189 68 197 86 85 68 85 68 527 68 43 158 68 517
158 85 158 85 359 211 359
189 68 5 68 527 359 68 85 359 68 70 158 68 569 68 397 68 397
261 86 68 607 68 153 68 153 68 241 68 607 158
189 68 165 68 87 68 85 4 85 68 430 68 397 68 569 68 569 68 569 85
85 430 68 607 158 68 389 339 68 85 359 68 158 108 68 607 158 68 19 85
527 68 189 68 550 501 68 87 68 397 68 85 611 189 68 447 158 118
261 86 68 5 68 607 158 68 64
158 189 68 397 149
611 152
564 68 447 158 68 405 108 68 430 68 51 86
611 149 68 593 149 68 189 68 240 550 430 68 241 430 68 79 430 149
54 86 68 570 389 158 108 68 5 189 68 170
261 86 68 321 240
189 68 211 85 359 68 397 68 569 68 158 359 68 430 68 611 189
611 149 68 593 149 68 405 68 158 108 68 64 211 108 68 189
54 86 68 397 68 607 158 68 189
607 155 68 85 577 68 569 68 359 550 501 68 331 149
152 389 430
261 86 68 607 68 550 501 68 397 68 569 68 406 501
43 158 108 258
607 158 68 577 551 68 189 68 517 85
241 68 569 108 68 430 68 430 68 283 68 43 158 68 245 449 68 607 50 68 397 68 339 68 640 68 640 68 640 68 569 68 397 68 397 68 640 68 640 68 640 68 640 68 640 68 569 68 569 68 43 158 68 569 68 640 68 640 68 640 68 640 68 640 68 640 68 640 68 640 68 640 68 640 68 640 68 640 68 640 68 640 68 241 68 569 68 569 68 569 68 569 68 640 68 640 68 640
569 68 430 149 68 189 68 253 359
527 68 431 68 517 68 550 501 68 397 68 339 68 569 68 241 68 241 68 241 68 241 68 241
5 68 607 68 5 68 85 4 258 85 68 189 68 241 68 5 189 68 5 189 68 189 68 189 68 406 155
19 85 359 68 550 158 108 68 189 68 569 68 405 68 405 68 405 241 68 19 85 68 569 68 569 68 19 85 359
447 189 68 45 359 68 85 68 365 430 199 68 189
5 108
189 68 5 68 397 68 517 211 68 550 158 68 64 211
64 211 108 68 189 68 447 158 68 569 68 569 68 430
189 68 86 163 68 211 240
569 68 347 501 68 430 68 158 108 68 253 68 397 68 397
189 68 569 108 68 5 189 68 70 189 68 543 389 85 68 365 430 199
321 189 68 241 359
607 158 118 68 211 189 68 211
431 68 517 68 543 68 43 158 68 5 189 68 406 158 68 569 68 19 85 68 241 68 241 68 189 68 569 68 241 430 299
283 68 189 68 189 68 5 68 640
607 68 431 68 405 68 430 68 64 211 108 68 241 68 189 68 85 359 389 339
189 68 64 550 339 68 397 68 569 68 365 430 199 68 253 68 638 68 189 68 189 68 189 550 158 108 68 189 68 189 68 189 68 189 68 64 550 158
406 158 85 68 550 155
607 158 68 431 68 607 158 68 81 68 189 68 406 158 199
261 86 68 158 108 68 431 68 607 68 189
153 108 68 189 68 189 68 189
189 68 81 68 189 68 527 152
447 158 108
569 108 68 253 68 405 68 405 68 70 158
51 86 68 253 68 189 43 158 118
503 339
517 85 70 189 68 397
611 258 85
397 68 569 68 189 68 389 569 68 64 211 108 68 64 211 68 430 68 43 158 68 189 68 189 68 397 68 569 68 64 211 108 68 354 68 354 68 397 68 397 68 397 68 397 68 354 68 354 68 283 68 569 68 569 68 354 68 354 68 397 68 397 68 397 68 397 68 397 68 397 68 397 68 397 68 397 68 397 68 397 68 397 68 397 68 569 68 64 550 158 68 569 68 397 68 397 68 397
283 68 70 158
564 68 261 86 68 607 68 397 68 397 68 569 68 5 189 68 241 68 241
261 86 299
431 68 85 68 85 359 68 158 108 68 569 68 550 158 68 550 158 108 68 339
5 189 211 189
197 570
503 189 68 189 68 569 68 405 240 550 501 68 517 359 68 405
54 86 68 5 108 222 149 389 158 118
503 189
517 68 189 68 85 359 68 651 123 68 397
503 189 68 5 68 517 85
405 85 359
153 189 68 564
527 68 431 68 517
406 155 108 68 543 68 405 68 197 86
153 607 158 68 517
611 149 68 593 89 487 68 503 158 68 85 359 68 397 68 406 501
276 85 68 577 68 189 68 189 68 201 258 189
569 68 211 189 68 189 68 543
593 163 68 405 68 158 108 68 85 359 68 447 158 118
149
503 189 68 607 68 87 68 81 68 397 68 189 68 406 158 68 405
347 158 68 543 389 430 68 339 68 339
564 68 607 158 68 158 108 68 261 86 85
158 85 64 211 68 64 51 86 68 607 158
447 158 359 389 569
211 543 543 149
503 189 68 517 68 189 68 258 68 651 123
276 85 68 5
611 569 108
517 68 189 68 405 68 85 68 405 108 68 397 68 253 68 550 158 189 68 517
501 85 517 258 68 5 68 64 211 108 68 640 68 397 68 569 68 569 68 19 85 359 68 339
85 359
397 503 85 68 503 189 68 189
431 68 517 68 611 258 68 607 158 68 5 189 68 577 68 569 68 64 211 108 68 569 68 124 68 517
430 199
405
607 158 68 527 68 607 158 68 431 108 68 607 50 108
569 68 611 51 86 68 607 158 68 64 550 430 68 430 68 543 389 158 149
4 258 189 211 359
189 68 85 68 405 85 359
5 108 68 253 222
54 86 68 51 569 68 577 68 189 68 189 68 517
19
85 550 158 118
64 211 68 607 50
517 68 189 68 347 501 68 189 68 253 68 569 68 240 211
4 64 211 68 503 158 108 68 241 68 158 543
569 68 527 68 5 68 51 86 68 550 501 68 189 68 569 68 241 68 241 68 405
87 152 68 149 68 640 68 569 68 54 86 68 397 68 397 68 405 68 339
347 501 85 68 153 189 68 405 108
189 68 405 68 397 68 550 501 68 158 108 68 577 68 517
189 68 577 68 430 299 389 199 68 570 389 158 68 189 68 331 68 189 68 43 158 68 43 158 68 43 158 68 124 68 158 68 241 68 189 68 189 68 189 68 189 68 189 68 189 68 189 68 189 68 189 68 189 68 189 68 189 68 189 68 189 68 189 68 189 68 189 68 189 68 189 68 189 68 189 68 189 68 189 68 189 68 189 68 189 68 189 68 189 68 189 68 189 68 189 68 189 68
607 479 68 550 158 68 550 158 108
651 123 68 397 68 241 68 64 211 108 68 158 108 68 43 158 68 43 158 68 43 158
611 359 389 339
543 85 570 389 199
607 158 68 577 68 607 158 68 569 68 158 108 68 19 85
189 68 54 86 189 68 397 68 347 501 68 211 199 68 189 68 189 68 189 68 189 550 487 359
189 68 430 149 68 430 68 430 68 550 501 68 397
4 68 43 158 68 430
607 68 431 68 5 189 68 447 158 68 577 68 397 68 241 68 241 68 241 68 189
607 158 68 550 501 68 397 68 222 68 607 158 68 241 68 5 68 43 158 68 5 68 5 68 5 68 5 68 85 359 68 241 68 5 189 68 5 68 5 68 5 189 68 5 189 68 5 189 68 5 189 68 640 68 5 68 5 68 5 68 5 68 5 68 5 68 5 68 5 68 5 68 5 68 241 68 43 158 68 5 68 5 68 241 68 241 68 241 68 43 158 68 85 68 85 68 5 68
261 86 68 5 68 431 68 64 550 86 68 397 68 43 158 68 43 158 68 43 158 68 331
321 152
607 158 68 347 158 68 607
543 68 54 86 68 189 68 397 68 569 68 158 108
43 158 68 405 68 149 68 569 68 253 68 43 158 68 43 158
197 86 68 189 68 570 389
347 158
347 501
43 158 68 397 68 5 68 70 158
607 158 68 550 501 68 397 68 550 501 68 158 108 68 430 199
5 189 68 85 149
283 68 70 158 68 607 158 68 431 68 607 158 68 81 68 189 108
517 211 611 189
153 189 68 240
5 189 108
189 68 124 68 527 68 149 550 158 543 68 607 158 68 517
642 211 68 570 389 158 108
607 68 431 68 158 543 68 607 158 68 64 550 339 68 397 68 85 68 397 68 241 68 93 51 86 68 331 487 359 68 640 68 397 68 93 51 86 68 261 86 68 261 86 68 261 86 68 261 86 68 261 86 68 5 189 68 5 68 261 86 68 5 68 5 68 261 86 68 5 68 261 86 68 261 86 68 5 68 261 86 68 5 68 261 86 68 640 68 569 68 569 68 5 68 5 68 5 68
503 189 68 189 68 569 68 405 199 108
197 85 85
189 68 569 68 253 68 70 158 108 68 397 68 170 199
283
189 68 197 85 68 85 359 68 19 68 189 68 611 189 68 550 158 108 68 517 85 68 93 51 86
189 68 405 68 607 158 68 430 108 68 85 359 68 577 68 189 68 189 68 611 189 68 611 189
64 211 108 68 397 68 5 68 397 68 370 68 331 68 331 68 430 68 430 68 5 189 68 430 199
607 158 68 607 158 68 253 68 189 68 189 68 611 51 86
189 68 593 163 68 501 68 85 152 211 68 607 158 68 550 158 68 550 158 68 93 51 86 68 397 68 397 68 397 68 339 68 339 68 397 68 189 68 189 68 189 68 189 68 189 68 189 68 189 68 19 85 68 550 158 68 189 68 189 68 640 68 640 68 640 68 640 68 189 68 189 68 64 211 68 189 68 189 68 189 68 189 68 64 211 68 550 158 68 93 389 339 68 189 68 189 68 189
253 359 4 189 211
276 85 68 569 68 405
607 68 431 68 158 543 68 607 158 68 241 68 241 68 397 68 397 68 397 68 397
240 149 68 517 118
405 222 149 68 64 211
503 158 108 68 189 68 569 68 170 108 68 550 158 189
87 449 68 85 4 189 68 517 68 245 449 68 607 158 68 81
222 68 569 108
283 68 158 108 68 569 68 397 68 19 85 359 68 85 359 389 158 118 68 189 68 189 68 189 68 189 68 569 68 85 359
261 86 68 43 158 149
607 158 68 431 68 64 51 86 68 158 108 68 211 199
503 189 68 158 108 68 569 68 430 68 517
87 68 550 68 211 68 158 108 68 85 359
189 68 569 68 405 68 85 359 68 85 68 517 68 517 85 68 241 68 640 68 241 68 241
5 68 431 68 158 543 68 607 158 68 81 68 85 359 389 158 118 68 189 68 189 68 189
593 247 68 405 68 611 189 68 517 118
527 68 569 68 153 189 68 430 68 517 68 517 68 569 68 569 68 405 241
153 108 68 527 68 569 108 68 517 359
607 68 431 68 405 68 430 68 64 211 108 68 241 68 189 68 85 359 389 339
85 430 299 405
5 189 68 405 85 152 68 189
397 503 85
189 68 43 158 68 331 149 68 607 158 68 543 68 405 68 124
211 543
569 68 447 158 240 68 158 108 68 85 240 211 85
503 189 68 5 68 431 68 240 550 487 149 68 189 68 261 86
241 68 93 389 158 152
569 68 5 189
611 149 68 593 89 487 68 569 68 253
222 85
397 68 406 158 68 517 258 68 430 68 64 211 108
611 149 68 593 149 68 5 189 68 569 68 397 68 405 68 405 68 405 199
85 85 359
153 108 68 430 68 189 68 189 68 570 389 158 68 189 68 397 68 389 85 359
64 211 108 68 339 68 321 240 68 640 68 569 68 19 85
607 158 118 68 642 68 149 550 86
189 68 405 68 607 158 68 406 211 68 405 68 189 68 189 68 189 68 189
321 189 68 87 449
189 68 170 299 68 158 108 68 211 85 611 74
258 85 68 86 68 86 163 68 550 501 68 397 68 189 68 211 543 211 108 68 211 543 211 543 211
4 258 85 359
189 68 213 68 354 68 569 108
87 68 189 68 569 68 569 68 253 68 158 108 68 607 158 68 153 189 68 153 189
261 85 85 68 149
81 68 397 68 607 50
261 86 68 43 158 68 189 68 189 68 339 68 607 158 359
283 68 261 86 68 158 108 222 85 359
258 247 299
607 158 68 158 68 4 85 359 68 397 108
197 86 68 241 68 611 189 266 158
527 68 405 68 517 149 68 569 68 365 430 199
397 68 241 68 5 189
189 68 253 68 158 108 68 189 149
5 189 68 152
330 240 211 85 611 74
4 149
70 189 68 241 68 569 68 85 365 430 199 68 189
527 68 405 68 517 149 68 569 68 365 430 199
607 158 68 550 501 68 397 68 405 68 64 550 339 68 64 211
397 68 85 347 158 118
43 158 68 607 68 189 258
189 68 430 299 389 158 68 339 68 339 68 397
258 68 431 68 253
87 68 503 158 108 68 550 501 68 189 68 405 68 397 68 389 339 68 389 339 68 85 359 68 397 68 397 68 211 85 359
4 189 149
651 123 68 158 108 68 85 68 241 68 397 68 431 149
276 85 68 577 68 189 68 189 68 201 258 189
258
517 85 365 430 199
261 86 68 607 50 68 370 68 569 68 651 123
261 86 68 5 68 93 51 86 68 569 68 81 68 81
607 158 68 550 501 68 397 68 85 4 85 68 5 68 331 68 447 158 68 430 68 430
503 189 68 261 86 149 68 5 68 85 359 68 569 68 517 85
189 68 550 501 68 158 108 68 189 68 517 85
447 189
501 85 447 158 118 68 607 158 359
397 68 213 550 158
503 189 68 189 68 569 68 397 68 85 359 389 158 118 68 241 68 241 68 517 118
87 359 68 569 68 19 68 339 68 397
503 189 68 189 68 213 68 43 158 68 253 68 569 68 81 68 189 68 189 68 189 68 189
189 68 189 68 430 68 517 118 68 607 158 68 607 50
607 158 85 365 430 199
517 389 199
86 149 68 593 163 68 397 68 5 68 339 68 447 158 68 447 158 68 241 68 189 68 189
261 86 68 43 158 68 507 449 68 569 68 158 108
149 4 68 430 299 70 158
4 258 68 189
321 68 189 68 5 189
405 68 527 68 158 359
87 68 339 68 607 158 68 70 158 68 64 211 108
5 189
189 85 359 245 449
642 149 68 85 359
517 68 189 68 577 68 158 108 68 517 359
258 68 5 189
189 68 430 68 5 189 550 158 108
178
517 68 331 149 68 43 158 68 321 247 68 5 189 68 503 189
258 149 550 158 85 68 19 85
189 68 64 211 68 389 158 68 253 68 253 68 189 68 189 68 189
607 68 5 68 397 68 81 68 569 68 550 487 68 241 68 569 68 569 68 569 68 569 68 569 68 569 68 569 68 569 68 569 68 569 68 189 68 189 68 607 158 189 68 189 68 189 68 189 68 189 68 569 68 569 68 5 189 68 607 68 607 189 68 607 158 68 607 50 68 189 68 189 68 189 68 189 68 189 68 189 68 189 68 189 68 189 68 241 68 569 68 569 68 189 68 189 68 607
564 68 607 158 68 607 158
405 199
607 158 68 550 501 68 397 68 85 359 68 158 108 68 517
397 68 607 158 68 527
153 108 68 189 68 189 68 189
283 68 406 158 68 64 211 108
569 108 68 430 68 158 108 68 81 68 189 68 189 68 241 68 241 68 241 68 85 347 158 118
283 68 70 158
158 108 68 593 149 68 211 543 211 68 550 158 85 68 527 68 430 68 607 158 68 550 158 108
4 240 222 85
517 85
213
189 68 339 68 430 68 405 68 19 85 68 70 158 108 68 430 68 430 68 517 85
85 359 240 240
19 68 607 158 68 607 158 85
406 155 108
189 68 5 68 397 68 430 68 431 68 5 189 68 70 189
283 68 158 108 68 431 68 81
189 68 5 68 397 68 253 68 503 158
517 68 189 68 517 85 68 85 359 68 397 68 405 199
417 551 68 158 85 68 517 258 85
607 158 68 5 189 68 607 158 68 397 68 222 68 607 158 68 152 550 501 85
276 85 68 430 68 158 108 68 149 550 158 543
405 253 68 158 108 68 85 64 211 149
197 86 68 85 152 389 158 152 68 607 68 5 68 397 68 569 68 569 68 241 359
158 108 68 569 108 68 501 85 240 211 85 68 517 68 517 258 85
569 68 152 68 331 149
517 389 199
189 68 527 68 189
258 569
85 4 85 406 158 118
569 68 189 550 487 68 241 68 241 68 85 359 68 430 68 430 68 211 108
503 189 68 189 68 569 68 347 158 118
431 68 517 68 5 68 189 68 607 158 68 331 149 68 569 68 569 68 569 68 19 85 4 152
189 68 5 68 397 68 54 86 68 569 68 569 68 85 347 158 118
607 68 5 68 359 68 347 501 68 397 68 397 68 569 68 569 68 517
4 258 149
253 359
189 68 197 85 85 68 85 569 68 158 108 68 19 85
607 68 431 68 170 68 503 189 68 158 108 68 503 189
87 68 347 501 68 5 68 339 68 213 68 86 163 68 93 51 86 149
64 211 108 68 240 359 68 397 68 405 68 543 389 158 68 569 68 569 68 19 85 68 241 68 19 85 4 189
593 108 68 253 68 5 68 85 359
5 189 68 51 86
261 86 68 124 68 124 68 607 158 68 81
51 543
607 158 68 158 68 607 158 68 607 158
189 258 85 611 189
321 68 569 68 339
517 68 189 68 347 501 68 607 158 68 189 68 569 68 19 85
447 158 85 359 68 640 68 550 155
570 389 85 240 211
241 85 359 68 189 68 640
283 68 70 158
611 149 68 593 149 68 405 68 189 152
153 68 240 359 68 85 240 430 68 189 68 189 68 447 158 118 68 430 68 430 68 430
197 85 85
261 86 68 43 158 68 507 258 68 550 158 68 517
86 149 68 593 163 68 397 68 517 68 517 68 430 68 503 158 68 430 68 569 68 70 158
86 68 550 86 152
189 68 543 68 543 389 158 85 68 607 158 68 503 189
611 149 68 189 68 189 68 405 68 405 189
517 240
201 258 189
64 211 68 158 240 211 108
158 149 70 158 108 68 517 149
527 68 153 68 64 211 68 430 68 189 68 93 51 86 68 365 430 199 68 189 68 189 68 611 85
261 86 68 607 158 68 569 68 651 123 149
577 68 640
397 149 68 85 4 199
517 19 163 68 85
347 155 68 222 68 158 543 68 397 68 569 68 70 158
503 339 551
261 86 68 124 68 253 68 189 68 339 68 397 68 241 68 241 68 397
258 543 68 406 155 68 240 211
607 158 68 550 501 68 607 158 68 70 158 68 397 68 64 211 108
197 86 68 611 152
607 158 68 607 158 68 189 68 359 68 19 85 359
261 86
430 611 51
397 68 85 359 149
211 68 170 108
283 68 158 108 68 158 108 68 158 108 68 189 68 189
607 158 68 431 149 68 5 189 85 359 68 503 158 68 503 189 68 527
569 68 85 240 51 86 68 241 68 339 68 550 155
569 68 158 607 158 68 189 68 149 550 487 85 68 431
87 68 607 50 68 431 68 70 189 68 158 108 68 85 359 68 569 68 85 359 389 339
276 85 68 569 68 87 85 68 85 68 241 68 43 158 68 43 158 68 241
258
211 607 158 189 68 577 68 397
611 543 503 85
607 158 68 550 501 68 397 68 517 68 517 68 43 158 68 85 359 389 158 108
85 245 258 85 359
642 211 68 189 68 517 258
158 543 85 359 389 199
447 158 85 359 68 189 68 213 211 68 87 449
517 68 331 149 68 517 68 640 68 64 211 108 68 70 158 108 68 5 189 68 19 85
87 68 607 50 68 431 68 503 189
517 163
5 189 85
447 430
607 158 68 550 501 68 397 68 253 68 5 68 81 68 331 211 85 359 68 211 189 68 211
253 68 569 68 4 240 211 68 189 68 517 118 68 569 68 569 68 569 68 569
85 4 68 85 347 158 118
447 158 85 359
517 5 68 136 479 108
405 189 152
189 68 170 299 68 397 68 339 68 211 108 68 517 68 43 158 68 517
321 189 68 550 155
577 68 124 68 85 359 68 397 68 569 68 331 149 68 397 68 397 68 397 68 397 68 397 68 397 68 397 68 569 68 397 68 397 68 397 68 577 68 577 68 54 86
503 189 68 189 68 569 68 85 359 389 158 85 68 517 68 569 68 569 68 405
189 68 405 108 68 189 68 389 158 118 68 189
189 68 245 449 68 430 222 68 5 68 331
283 68 607 158 68 577
607 158 68 370 359
189 68 5 68 607 158 68 430 299 68 607 158 68 397 68 43 158 68 43 158 68 43 158 68 189 68 607 158 68 607 158 68 607 158 68 189 68 607 68 607 68 607 68 607 158 68 607 68 607 158 68 5 189 68 189 68 189 68 189 68 607 68 607 68 607 68 607 68 607 68 607 68 607 68 607 68 189 68 189 68 189 68 189 68 607 68 189 68 189 68 189 68 189 68 189 68 189 68
283 68 611 51 86 68 607 50 68 370 68 170 299
503 189
527 68 5 68 431 68 405 68 5 68 70 189
87 68 158 108 68 569 68 405 68 430 68 550 430 68 569 68 430 199
406 487 68 607 50 68 607 158 68 81 68 189
261 86 68 430 68 569 68 430 359
189 68 197 85 85 68 85 68 503 158 68 43 158 68 517
607 158 68 5 189 68 189 68 85 347 158 118 68 189 68 241
153 108
607 155 68 81 68 607 158 68 365 430 199 68 36 211 108
85 359 149
197 86 68 517 211 222 85 359
569 68 149 550 158 543 68 189 68 189 68 189 68 283 68 241 68 397 68 569 68 397 68 397 68 397 68 397 68 397 68 397 68 397 68 397 68 569 68 569 68 569 68 569 68 397 68 569 68 283 68 283 68 569 68 397 68 569 68 569 68 569 68 569 68 569 68 569 68 397 68 397 68 85 359 68 397 68 397 68 569 68 569 68 569 68 240 359 68 241 68 359 68 359 68 569 68 569
79 430 359
189 68 261 158 108
85 577 68 158 108 68 211 607 155
189 68 64 550 158 68 550 501 68 189 68 543 389 158 108 68 81
241 68 261 86 68 607 158 68 331 487 359 68 607 158 68 569 68 241 68 241 68 85 359 68 85 4 389 158 108 68 569 68 241 68 85 359 68 241 68 241 68 640 68 241 68 569 68 569 68 569 68 569 68 569 68 569 68 640 68 640 68 640 68 640 68 640 68 241 68 241 68 241 68 241 68 241 68 241 68 241 68 241 68 241 68 569 68 569 68 569 68 569 68 241 68 241 68 241
5 108 68 577 68 19 85
283 68 70 158
593 108 68 550 158 68 550 430 359
517 152
503 189
258 359
189
261 86 68 527 68 370 68 5 68 189 68 189
283
108 68 19 85 68 607 158 68 550 339 68 397 68 241 68 569 68 430 68 607 158 68 253 68 253 68 253 68 241 430 68 241 68 397 68 638 68 638 68 241 430 68 430 68 241 68 189 68 241 68 241 68 569 68 189 68 430 68 430 68 430 199
283 68 19 85 68 189 68 189 68 241 68 93 51 86 85
189 68 550 501 68 397 68 501 85 517 68 517 68 397 68 85 68 124 68 397 68 124 68 124 68 124 68 124 68 124 68 85 359 68 189 68 5 108
607 158 5 189 68 550 158 189 68 507 258 149
261 86 68 5 68 431 108 68 85 359 68 93 51 240
189 68 517 68 569 68 158 108 68 93 51 240 68 430 68 430 68 79 430 149
607 158 68 431 108 68 189 543 68 550 86 149
86 149 68 5 68 430 68 339 68 211 189 68 389 158 118 68 85 359 68 611 51 86
607 158 68 405 108 258 118 68 189 68 570 389 158 68 406 155
261 86 68 43 158 68 507 258 68 569 68 64 211 108 68 189 68 607 158
527 68 640 68 241 149
651 123 68 158 68 607 158 68 607 158 68 607 158
153 108 68 527 68 370 68 5 68 607 158 68 241 430
231 240
283 68 569 68 569 68 240 211 68 405 108 68 397 68 85 359 68 85 359 68 43 158 68 158 68 283 551
405 240
240 19 85 4
189 68 405 68 430 68 5 189 68 517
211 68 5 68 54 86
189 68 5 68 397 68 211 607 158 68 607 158 68 211 189
607 158 68 54 86 68 189 68 570 389 569 68 607 158 68 189 68 397 68 54 86 68 397 68 397 68 5 189 68 241 68 397 68 397 68 189 68 607 158 68 189 68 189 68 189 68 189 68 189 68 189 68 5 189 68 189 68 5 68 5 68 5 68 5 68 5 68 5 189 68 189 68 189 68 189 68 189 68 189 68 189 68 189 68 189 68 189 68 189 68 577 68 189 68 189 68 189 68
85 430 299 19 85 359
607 158 68 5 189 68 543 68 365 430 199
569 68 170 68 607 158 68 4 189 68 87 68 64 211 108
607 158 68 261 86
5 189 543 211 85
406 158 85 68 550 155
19 85
651 85
651 123 68 158 108 68 189 68 189 68 79 359
607 158 68 550 501 68 607 158 68 550 430 68 241 68 64 211 108
201 258 253
517 258 118 68 517 118 68 158 108 68 241 68 241
321 68 607 68 5 189
189 68 87 68 550 86 68 611 258 149
607 68 607 68 607 68 5 68 283 551 68 189 68 397 68 397
611 85 577 149 550 158 118 68 189 68 36 189 68 431 68 241 68 241 68 241 68 241 68 517
189 240 359
339 68 211 68 189 68 241 68 149 550 158 68 331 68 199 68 189 68 189 68 543 389 158 543
607 479 43 158 189 68 85 240 51 85 359
543
517 68 189 68 430 68 158 108 68 503 189 68 253 85 359
4 189 389 158 118
276 85 359
85 85 359
517 258 149
431 68 397
87 68 158 108 68 85 68 431 68 124 68 430 108 68 447 158 108
211 199 68 261 86 68 607 158 85
81 68 70 158
431 68 261 86 149 68 189 68 253 68 85 359
283 68 331
258 85 68 54 86 68 607 158 68 607 158
189 68 405 68 405 68 54 86 68 339 68 389 501 68 397 68 397 68 397 68 431
4 258 189
189 68 5 543 68 321 189 68 397 68 569 68 85 359 68 85 359
247 85 85
607 158 68 550 158 543 389 158 118 108 68 5
607 158 68 550 501 68 397 68 517 68 430 68 189 68 406 501
85 517
283 68 607 68 189 68 189 68 189 68 397
87 449
222 68 321 189 68 569 68 158 108 68 347 158 68 5 68 331
405 68 430 68 211 108
222 68 607 158 68 607 158 68 405 108
153 189
607 158 68 54 86 68 189 68 397 68 503 189 68 189 68 170 108 68 397 68 85 359 68 331 487 359
503 189 68 5 68 365 430 199
607 158 199
189 258 85 517 68 517 68 43 158 68 240 550 158
607 158 68 550 501 68 397 68 189 68 397 68 397 68 569 68 19 85
189 68 430 68 577 68 158 108 68 85 359
607 158 108 68 211 68 611 189 149
503 189 68 158 108 68 431 68 189 68 189 68 397 68 527 359
642 211
51 543
258 189
550 158 359 389 199 68 5 68 81
569 68 240 51 487 108 68 189 68 570 389 199
261 86
4 240 550 339
87 68 607 50 68 189 68 431 68 19 68 607 158 68 447 158 68 64 211 108 68 430 68 430 68 503 158 118 68 241 68 241 68 64 211 108
607 158 68 5 189 68 64 211 68 189 68 54 86 68 397 68 607 50
501 85 4 189 211 68 517 68 517 85 359
405 108 68 189 68 261 86 149
283 68 245 449 68 86 68 5 68 431 108 68 19 85 68 19 85 68 5
258 68 5 189
607 158 68 19 85 68 189 68 611 569 68 550 86
211 299 389 569
430 68 503 85
607 68 607 158 68 607 158 68 577
124 68 607 158 68 640 68 241
550 158 240 211 68 240 550 158 118
607 68 431 68 607 158 68 405 68 405 199 68 397 68 517
607 158 68 550 339 68 397 68 331 68 85 359
87 68 550 86 68 607 158 68 607 158 68 189 68 347 501
276 85 68 153 68 64 68 607 50
503 189 68 517 68 607 158 68 347 501 68 607 158 68 85 68 569 68 569 68 397 68 19 85 347 158 108
405
283 68 170 68 93 51 86 68 405 68 189
517 68 331 149
405 85
261 86 68 5 68 607 158 68 569 68 253
261 86 68 158 108 68 431 68 607 68 189
87 68 5 189 68 405 68 5 108 68 253 68 189 68 331 149 68 43 158 85 359
170 199 68 240 211 543 108
276 85 68 189 68 85 359 68 85 359
211
87 108 68 54 86 68 189 68 397 68 81 68 431 68 397 68 397 68 397 68 397 68 397
569 68 527 68 527 68 517
189 68 197 85 85 68 85 569 68 64 211 108 68 189 68 189 68 607 158 68 607 158 68 607 158 68 430 68 85
321 68 43 158 68 87 449 68 430 68 430 68 397 68 569 68 85 359
5 189
231 240
564 68 189 68 189 389 85 359 389 85 359
389 569 68 54 86 68 43 158 68 397 68 397 68 569 68 70 189 68 397
406 155 108
189 149
517
503 339
189 68 189 68 189 68 569 68 241 430 68 189 68 189 389 85 359
189 68 4 152 68 211 570 389 158 68 607 158 68 507 258
85 447 158 118 68 5
283 68 158 543 68 397 68 397 108 68 642 211 85
607 158 68 550 501 68 607 158 68 517
189 68 550 501 68 370
607 68 431 68 170 68 170 152 68 36 211 68 517 68 43 158 68 43 158 68 241 68 241 68 397 68 170 299
569 68 607 50 68 81 68 261 86 68 189 68 70 158
54 86 68 405 68 405 68 405 68 607 158 68 189 68 607 158 68 607 479
85 240 389 339
43 158 240 222 85 359
189 543 389 339
527 68 261 86 68 5 68 189 68 550 501 68 640 68 370
261 86 68 550 86 68 577 68 189 68 253
189 68 607 158 68 607 158 68 430 299
158 108 68 431 108 68 211 93 211 68 189 68 347 501 68 189 68 85 152 550 158 108 68 405 68 211 108
569 85 359
611 189 149
543 389 430 68 611 189 68 85 359
189 68 43 158 68 43 158 68 397 68 517 68 81 68 517 149 68 517
87 68 170 68 550 158 108 68 158 543 68 397 68 447 158 68 447 158
607 158 68 550 501 68 397 68 517 68 240 211 68 64 211
211 85 359 68 258 258 85
607 158 68 447 158 108
276 155
54 85 68 54 86 149
611 240 211 68 527 68 370 68 5 189 68 347 501 85 359
237 108 68 211 85 68 189 68 189 68 405 68 431
86 155 389 339 68 550 155
189 68 550 158 543 68 189 68 607 50 68 405 68 85 4 85
607
517 189 68 397 68 517 359 68 569 68 430
640 149 4 85 68 569 68 241
569 68 152 68 331 149
261 86 68 51 86 68 136 479 68 607 158 68 5 68 397 68 85 359 68 607 50
189 68 397 68 543 68 405 68 397 68 397 68 19 85 359
527 68 153 68 261 86 68 550 158 118 68 430 68 430 68 331 149
261 86 68 43 158 68 189 68 189 68 569 68 153 189
607 158 68 607 158 68 241 430 299 68 189 68 517 258
517
430 299 85 68 5 68 577
189 68 607 158 68 569 68 347 158 359 68 189
517 389 199
241 149
607 158 68 5 189 68 152 68 283 68 397 68 85 241 68 241
87 152 68 550 158 68 347 158 359
331 487 108
607 68 431 68 158 543 68 158 108 68 158 108 68 85 359 389 339
564 68 447 158 68 405 108 68 430 68 51 86
241 149 68 189 68 189 43 158 118
276 85 68 430 68 158 108 68 189 68 570 389 199
517 550 430
189 68 241 68 5 189 152
517 359
550 158 240
86 155 389 339 68 550 155
4
189 68 607 158 68 517 68 158 108 68 517
261 85 570 389
607 158 68 430 68 5 68 149 550 158 108 68 189 68 507 258
397 199 551
189 68 405 68 397 68 550 501 68 607 158 68 189 68 85 359 389 339
189 68 543 68 213 211 189
517 68 189 68 607
197 85 359 68 430 68 87 449
189 68 283 68 370 68 569 68 405 68 241 68 405 199 68 365 430 199 68 569 68 85 68 189 68 189
430 152 389 158 108 68 189 85 517
189 68 70 158 68 550 501 68 54 86 68 189 68 405 189
651
527 68 189 68 5 68 389 570 389 570 389 199
359 51 85 359 68 85 359
397 68 640 68 640
611 149 68 189 68 577 68 607 158 68 517 68 607 68 607
170 299 68 43 158 68 370
283 68 5 189 68 189 68 189 68 397 68 593 607 50
611 74 85 359
283 68 70 158 108 68 158 108 68 19 85 68 189 68 347 158 359
240 359 68 189 68 397
5 68 640 68 189 68 54 86 68 189 68 397 68 241 68 241 68 569 68 241 68 569 68 241 359
261 86 68 124 68 189 68 153
607 158 68 85 347 158 118 68 158 189 68 189 68 189 211
607 158 543 68 569 68 70 158 108 68 5 68 321 240
189 68 197 85 85 68 85 93 51 86 68 397 68 397 68 347 158 68 339 68 339
189 68 54 86 68 149 68 240 550 158 68 405 68 405
43 158 68 517 68 430 68 405 108 68 405 189 68 170 299 68 569 68 550 158 199
569 68 152 68 331 149
85 240 389 85 359
5 85 4 68 397
339
86 149 68 593 163 68 211 68 431 108 68 19 85 68 569 68 389 158 108 68 517 85 68 517
51 86 68 124 68 431 108 68 87 68 136 479 68 430 68 430 359
189 68 503 158 108 68 607 158 68 5 68 258
189 68 158 189 68 85 240 211 189
517 189 68 569 68 503 189
503 189
261 86 68 237 108 68 405 108
607 158 68 85 240 51 189 68 189 68 507 258
4 189 149
189 68 569 108 68 430 68 64 211 108 68 430 68 430 68 189 68 189 68 607 158 108 68 189 68 189 68 189 68 430 68 189 68 189 68 189 68 189 68 189 68 651 85
189 240 389 339
189 68 405 68 607 158 68 189 68 241 68 158 108
189 68 197 85 85 68 189 68 93 51 108 68 189 68 607 158 68 607 158 68 607 158 68 607 158 68 430 68 124 68 124 68 607 158 68 5
54 86 68 85 347 158 108 68 569 68 607 158
389 158 543 108
149 389 43 158 85 359 85 359
276 85 68 430 68 158 108 68 517 68 640
258 152
85 197 86 149
501 85 406 158 199 68 158 108
517 189 68 517
607 158 68 431 68 158 108 68 5 189 68 5
87 68 331 68 5 68 321 247 68 197 86 68 593 163 68 64 211
261 86 68 124 68 158 108 68 503 158 68 430 68 331 68 189 68 189 68 85 359
447 158 108
197 86
503 189 68 189 68 569 68 85 359 389 158 189
359 241 68 241
607 158 68 431 108 68 241 430 359
155 68 85 365 430 199 68 43 158 68 189 68 189 68 569 108
569 108 68 607 158 68 70 158
607 68 431 68 170 299 68 158 108 68 5 68 5 108 68 550 158 108
189 68 577 68 158 108 68 397 68 258 68 431 68 189 550 158
503 189
447 158 543 68 158 108 68 253
569 68 158 108 68 158 108 68 222 68 43 158 68 611 258
283 68 158 108 68 431 108 68 85 359 389 85 359 389 199
607 158 68 550 501 68 607 158 68 430 68 5 68 241 68 64 211 108
405 68 241 68 43 158 68 449
503 189 68 189 68 569 68 430 68 405 85 359 68 397
189 68 170 299 68 19 68 158 68 5 189 68 406 158 118 68 430 68 430
517 85
5 189 543 85 68 405 85
607 158 68 607 158 68 70 158 108 68 85 240 51 86
189 68 197 85 85 68 85 359 68 359 68 397 68 331 487 359
5 68 607 68 5 68 321 240 68 607 158 68 321 247 68 189 68 189 68 189 68 189 266 158 118
611 149 68 87 68 5 68 397 68 569 68 339 68 405 222
189 68 517 68 43 158 68 43 158 68 405
189 68 85 447 158 68 189 68 550 158 543 68 569 68 19 85
86 149 68 593 89 487 68 503 158 68 569 68 405 68 405 189
85 85 359 85 359
189 68 5 68 81 68 211 569 68 370 68 241 68 431 68 431 68 431 68 517 68 431 68 517 68 517
611 258 136 479
447 158 543 68 153 189 108
261 86 68 43 158 68 261 86 68 189 68 87 449
86 155 108
85 430 299 19 85 68 211 543 85
158 85 359 447 158 118 68 189 68 430 299 389 158 118
51 543
189 68 43 158 68 43 158 68 85 68 93 211 108 68 331 149
607 158 68 550 501 68 397 68 640 68 189 68 189 68 153 189 68 550 86 108
189 68 170 299 68 397 68 397 68 240 550 501 68 189 68 189 68 189 68 211 199
5 189
503 189 68 158 108 68 431 68 189 68 189 68 397 68 64 211 108 68 64 211 108
569 68 152 68 640 68 640 68 85 152 68 517
517 543 389 85
431 68 517 68 149 68 430 68 189 68 405 68 406 158 68 397 68 397 68 397 68 241 68 19 85
87 68 43 158 68 253 68 54 86 68 397 68 397 68 431
607 158 68 640
231 240
189 68 170 299 68 397 68 430 68 607 50
550 339 551
283 68 158 108 68 43 158 68 241 359 68 85 359 389 158 118 68 241 68 241 68 189
405 222 149
85 240 389 479
189 241 430 213
607 158 68 550 501 68 397 68 550 158 543 68 158 68 43 158 68 153 189 68 153 189
593 108 68 253 68 189 68 607
87 68 81 68 397 68 397 68 569 68 405 68 405 189
261 86 68 43 158 68 507 258 68 550 158 68 517
189 68 517 359 68 51 86 68 611
607 68 431 68 170 299 68 397 68 54 86 68 503 158 68 503 189 68 64 211 108
339 68 550 155
5 68 517 211 189
276 155 68 577 68 241 430 359
153 189 68 564
607 68 431 68 170 299 68 397 68 241 68 447 158 108
189 543 68 158 68 607 158 68 64 550 501 68 397 68 241 430
550 339
5 108
577 68 149
189 68 651 123 68 93 51 85
517 68 331 149 68 211 68 211 68 503 189 68 569 68 569 68 240 389 158 189 68 611 189 68 611 189 68 611 189
153 189 68 406 158 240
261 86 68 607 68 189 68 611 189 68 136 479 68 569 68 64 211 108 68 241 68 405 68 569 68 569 68 569 68 569 68 158 108 68 569 68 261 86 68 261 86 68 261 86 68 261 86 68 261 86 68 569 68 569 68 261 86 68 261 86 68 261 86 68 261 86 68 261 86 68 261 86 68 261 86 68 86 68 86 68 261 86 68 261 86 68 283 68 503 158 68 86 68 86 68 86 68 86
189 68 430 68 430 68 543 51 86 68 170 211 68 331 487
189 68 405 189 68 54 86 68 607 50
276 85 68 189 68 189 68 527 149
611 189
503 189 68 607 50 68 370 68 241
276 85 68 517
550 86 68 189 68 253 68 397 68 611 189 68 331 68 331 68 331 487 149 68 189 68 607 50 68 607 158 118
87 68 124
405 359
261 86 68 19 85 68 564 68 237 68 87 68 503 158 108
189 68 54 86 108 68 54 86 68 564 68 569 68 569 68 569 68 569 68 19 85 359
189 642 211
211 68 153 189 149
153 68 503 189 68 339 68 158 68 87 68 87 68 503 158
261 86 68 5 68 577 68 397 68 569 68 430 68 430 199
611 359
607 158 68 550 501 68 397 68 501 85 517 68 517 68 397 68 550 501 68 397 68 124 68 124 68 607 158 108
503 189 68 607 68 189 68 517 68 189 68 189
550 487 68 245 85 86
569 68 245 449 68 85 359 68 5 68 19 68 19 68 81 68 397 68 405 68 405 241 68 189 68 397 68 397 68 397 68 397 68 19 85 68 569 68 569 68 569 68 569 68 569 68 569 68 569 68 569 68 569 68 569 68 569 68 569 68 569 68 569 68 569 68 569 68 569 68 569 68 397 68 397 68 397 68 569 68 569 68 569 68 569 68 397 68 397 68 569 68 569 68 569 68 569 68
607 158 199
258 189 389 158 118 68 189
607 158 68 5 189 68 81 68 158 240 550 158 68 64 211 108 68 64 211 108
611 152
43 158 68 253 68 5 68 550 339
397 68 45 199
503 189 68 158 108 68 431 68 189 68 189 68 397 68 527 359
543
85 406 158 118
503 339 551
231 51 86 68 651 123 68 550 158 68 36 149 68 569 68 447 158 118
85 359 389 339
543
211 240 68 405 359
607 158 68 54 86 68 189 68 397 68 405 68 241 68 5 189 68 321 569 68 397 68 93 51 86
607 158 68 607 158 68 503 158 108 68 189 108
51 86 178 68 158 108 68 5 189
503 189 68 170 68 93 51 86 68 189 68 189 68 245 258 85
261 86 68 86
569 68 330
607 158 68 347 158 68 607
189 68 85 54 86 68 397 68 577 68 397 68 405 68 241 68 569 68 517
64 211 108 68 339 68 321 240 68 241 68 569 68 253
607 158 68 5 189 68 577 68 569 68 189 68 189 68 517
503 189
569 68 152 68 543 68 339 68 550 158 68 607 155 68 211
87 108 68 550 158 68 339 68 261 85 68 85 68 64 211 108
611 149 68 593 149 68 640 68 569 68 550 158 108 68 241 68 85
189 68 158 543 51 85 68 365 430 199
607 158 199
503 339
211 543 51 240
189 68 569 68 5 189 68 211 108
569 68 397 68 389 158 68 253 68 397 68 640 68 640
503 189 68 189 68 569 68 64 211 108 68 189 68 406 158 118
447 158 85 5
261 86 68 43 158 68 501 85 240 211 85 68 611 189 68 431 68 607 158 68 607 158 68 245 449
607 158 68 431 68 607 158 68 607 158 68 241 68 405
261 86 68 189 68 64 211 108 68 85
569 68 397 68 389 158 68 189 68 405 431
197 85 85
651 123 68 189 68 406 155 68 550 158 68 397 68 397
85 430 68 503 158 68 189 68 503 189
261 86 68 237 108 68 158 108 68 54 86 85 359
43 158 68 406 155 68 430 68 430 68 149 550 501 68 397 68 211 68 211 68 339
5 108
189 68 651 158 68 339 68 158 543 211 543
503 158 108 68 64 211 68 213 68 607 50
283
5 68 431 68 158 543 68 607 158 68 189 68 283 68 503 158 68 19 85 68 19 85
607 155 68 5 68 405 68 405 359
276 85 68 543 550 158 543 68 543 389 199 68 5 189 68 365 430 199
85 241 68 527 68 397 68 359 68 189 68 70 189 68 5 189
189 68 430 299 68 240 51 85 68 158 108 68 87 152
283 68 640 68 5 108
51 86 68 370 68 640 68 5 68 81 68 266 158 68 43 158 68 240 550 501
258 189 68 607 158 68 339 68 569 68 253 359
258 85 651 149
213 51 86 68 331 487
607 68 431 68 170 68 170 68 124 68 651 123
321 240 68 517 68 85 152
417 551 68 158 85 68 158 85 359
5 68 81 68 397 68 405 68 569 68 64 211 108
189 68 170 299 68 19 240 211 68 607 158 68 189
253 299 68 222 68 43 158
276 85 405 108 68 189 68 517 85
197 85 240 258 68 447 158 108
607 158 118 68 642 68 149 550 86
241 68 149 550 158 543 108
507 258
517 258 258 68 550 430 149
153 108 68 430 68 607 158 68 389 339 68 253 68 569 68 241 68 241 68 241
517 68 640
51 149
607 85
85 347 158
258 85 359
211 430
258 189 68 607 68 189 68 189 68 359 389 158 68 331 430 68 331 430 359
64 211 68 430 68 607 158 68 189 68 569 68 211 108 68 241 68 241 68 241 68 85
189 68 165 68 87 68 85 4 85 68 430 68 397 68 569 68 569 68 569 85
283 68 527 68 607 50 68 149 68 640 68 569 68 569 68 331
43 149 68 593 163 68 81 68 569 68 240 550 158 68 241 68 405 68 241 68 241 68 241 68 241 68 241 68 241 430 149
283
607 68 431 68 158 543 68 607 158 68 430 68 517
85 68 158 85 152 68 5 189
569 68 339 68 607 158 68 569 68 569 68 607 158 68 5 189 68 5 189
19 68 43 158 68 517 189 68 158 68 222 68 331
51 86 68 237
447 339 551 68 642 211
527 68 85 359 68 85 359 68 397
189 68 261 85 359
405 189 68 54 86 85 68 5 68 640 68 253 68 569 68 569 68 211 108 68 569 68 569 68 569 68 70 158 108
642 405 108
397 68 261 86 149
501 85 149 68 258 68 5
276 155
503 158
569 85
503 189 68 517 68 189 68 405 68 189 68 189
607 158 68 550 501 68 397 68 258 189 68 569 68 365 430 199 68 85 68 85 68 430 199 85 68 189 68 189 68 189 108
189 68 64 550 158 68 550 501 68 189 68 543 389 158 108 68 81
261 86 68 245 258 68 124 68 569 68 430 68 527
651 123 68 211 189 68 430 68 54 86 68 607 158 68 189 68 189
158 108 85 405 68 550 158 359
543 211 85
87 68 124 68 607 158 68 569 68 189 68 70 189 68 81 68 211 543
283 68 569 68 569 68 517 68 241 68 569 68 447 158 108
607 158 68 85 447 158 68 431 108
607 158 68 431 68 607 158 68 607 158 68 406 501
569 68 152 68 189 68 517 85 359 389 158 85 68 189
517 68 607 158 68 607 158 68 158 68 447 158 108 68 153 189
283 68 527 68 149 68 430 68 189 68 85 359
503 189 68 189 68 189
543 569 108
54 86
81 68 70 158
253 359 68 85 359 68 64 211
189 68 283 68 370 68 550 158 68 569 68 405
503 189 68 189 68 569 68 124 68 607 158 68 241 68 5 189
517 68 189 68 158 240 152 68 153 189 108
261 86 68 607 158 68 64 550 430
347 501
189 68 213 68 517 68 339 68 339 68 158 108 68 430
64 550 158 68 507 258
276 85 359
189 68 550 501 68 189 68 85 359 68 347 158 68 430 68 447 158 68 241 68 241 68 241 68 405 68 331 149 68 430 68 241 68 241 68 189 68 189 68 189 68 189 68 189 68 189 68 189 68 189 68 189 68 189 68 43 158 68 189 68 189 68 189 68 189 68 189 68 189 68 189 68 189 68 189 68 189 68 189 68 189 68 189 68 189 68 189 68 517 68 43 158 68 189 68 189 68 189
447 158 85 359
153 108 68 189 68 43 158 68 85 430 108 68 397 68 189 68 241
222 68 447 158 240 299 149
607 68 431 68 87 68 237 108 68 550 158 118 68 241 68 241
261 359
397 68 347 501 68 517
5 189 258 359
231 51 86 68 189 68 550 501 68 397 68 397 68 447 158 68 430 68 430 68 430
607 158 68 5 189 68 543 389 85 68 569 68 501 85 359
153 108 68 189 68 189 68 189
261 86 68 43 158 149
189 68 54 86 68 189 68 54 86 68 397 68 85 240 389 158 199
86 149 68 593 163 68 397 68 211 543 68 430 68 430 199
19 85 68 550 158 68 550 158 108 68 189
607 158 68 64 211 189 68 570 389 339 68 397 68 397 68 503 189 68 93 51 86 68 430 68 430 68 430 68 85 359
283 68 430 68 569 68 240 51 86 68 241 68 85 359 68 85 359
258 543 68 406 158 68 517
258 108 68 189 68 550 339 68 397 68 611 152 68 397
569 68 517 85 68 503 189 68 359 389 339 68 397
569 68 405 85 152 68 124 68 550 501 68 397 68 503 158 108
197 86 163 68 64
607 158 68 153 108 68 5 189 68 136 479
527 68 64 211 108
550 158 240
607 50
611 85 359
258 569 68 189 68 550 430
4 85
607 68 431 68 607 158 68 397 68 569 68 5 68 253 68 201 258 68 189 68 189 68 189 68 189
564 68 339 68 5 189 68 124 68 550 86
564 551
607 68 431 68 501 85 68 517 68 640 68 569 68 241 68 241 68 569
189 68 569
261 86 68 43 158 68 507 258 68 569 68 430 68 189 68 241
155 550 158 85
503 189
607 158 68 550 501 68 397 68 550 501 68 607 158 68 241 68 241 68 397 68 397 68 397 68 397 68 397 68 241 430 68 241 430 68 397 68 189 68 5 189 68 5 189 68 5 189 68 5 189 68 640 68 241 68 397 68 5 189 68 5 68 5 189 68 5 189 68 5 189 68 5 189 68 5 189 68 241 68 5 68 5 189 68 5 68 241 68 241 68 241 68 85 68 397 68 85 68 5
197 85
611 149 68 189 68 81 68 5 108 68 397 68 253
321 240 359 85 359 389 85 359
611 189 85 359 550 158 149 68 189 68 189 68 189 68 64 211 108 68 64 211 108 68 241 68 241 68 241 430
517 389 199
189 68 569 68 354 68 5 68 81 68 211 85 359 68 503 189 68 503 189
64 211 108 68 240 222 68 5 189 68 569 68 503 158 68 189 68 389 339
222 152
276 85 68 64 550 339
607 170 299
189 68 70 189 68 237 108 68 124 68 5 189 68 397
5 189
607 158 68 447 158 108 68 189 68 331 68 43 158 68 430
517 19 163
189 68 64 51 86
189 68 189 68 189 68 85 359 68 241 68 569 68 81 68 81 68 189
406 430
607 158 68 550 501 68 253 68 64 211 68 517 68 611 189 68 253 68 638 68 124
222 4 85 222 149
447 339
517 68 189 68 189 68 5
64 550 158 68 527 359 4 240
517 258 118 68 517 118 68 158 108 68 241 68 241
189 68 258 247 68 405 397 68 85 359 68 569 68 550 501
503 189 68 189 68 569 68 447 158 359 68 85 359 389 158 118
447 430 199
569 68 405 108 68 189 68 253 68 405 222 149
85 149 68 189 68 158 240 222 85 359 211 359
569 68 152 68 640 68 241 68 43 158 68 189
85 241 359 389 339
51 86 68 5 189
607 158 68 5 189 68 577 68 189
85 447 189
607 158 68 543 85 543 389 158 68 43 158 68 222
261 86 68 124 68 170 68 550 158 68 569 68 158 108 68 405 68 405 189 68 405 199
517 68 5 189
569 68 607 158 68 149 68 189 68 397 68 370 68 43 158
189 68 517 68 43 158 68 397 68 85 517 68 347 158 108 68 158 359
64 211 108 68 240 359 68 397 68 19 85 68 136 479 68 569 68 569 68 569 68 241 68 241 68 569 68 241 359
261 86 68 124
222 68 321 189 68 569 68 158 108 68 347 158 68 5 68 331
5 68 517 68 149 68 569 68 43 158 68 43 158 68 569 68 19 85 68 43 158 68 331 149 68 43 158 68 43 158 68 5 189 68 5 68 5 68 5 68 331 149 68 5 68 70 158 68 70 158 68 43 158 68 19 85 68 5 68 43 158 68 43 158 68 43 158 68 43 158 68 43 158 68 43 158 68 68 68 68 68 43 158 68 43 158 68 43 158 68 569 68 43 158 68 68 68 68
85 430 85 347 158 118 68 189 68 241 430 299
517 85 359 389 158 85
189 68 405 68 397 68 43 158 68 43 158 68 5
258 4 240
389 85 359 68 397
503 189 68 517 68 189 68 189 68 406 501 68 640
189 68 607 158 68 607 158 68 577 68 339
517 5 189
153 108 68 189 68 189 68 189 68 189 68 397 68 405 189
517 389 199 68 64 211 108
261 86 68 527 68 370 68 569 68 550 339
258 68 550 430 108 68 189 68 189 68 81
51 86 68 189 68 87 68 543 389 85
189 68 651 123 68 550 158 108 68 189 68 517
51 86 68 517 68 550 155
397 449
189 68 430 68 611 258 68 569 68 85 359
607 158 68 550 501 68 397 68 85 240 389 85 359 68 569 68 241
339 68 550 158 68 397 68 503 158 68 339 68 607 158 68 70 158
86 68 93 51 86 68 258 68 607 158 68 607 158
5 189 68 43 158 68 43 158 68 5 68 430 68 189 68 359
607 479 551
189 68 550 501 68 569 68 241 359 68 397 68 241 68 405 359
354
607 158 64
607 158 149 68 54 86 149
527 68 87 68 607 50
189 68 81 68 189 68 405 68 405 189 68 189 68 638
607 158 68 5 189 68 85 70 158 108 68 569 68 569 68 241 68 241 430 108
517 85
607 155 68 85 365 430 359 68 189 68 189 68 527 211 543 211 543
261 86 68 124
611 240 211 85
261 86 68 253 68 339 68 339 68 569 68 5 189
189 68 405 68 5 108 68 189 68 517 258 85 68 569 68 430 199
153 68 607 158 68 81 68 189 68 189 68 430 68 253 68 569 68 19 85 68 19 85 68 19 85 68 70 158 108
593 85 68 339 68 550 339
253 68 569 68 4 85 68 406 158 189 68 517 149 68 569 68 430 108
4 85
64 550 158 68 651 149 68 283 68 70 189 108
517 68 607 158 68 607 158 68 158 68 447 158 108 68 153 189
607 68 431 68 189 68 389 155 68 211 68 347 501 68 85 359 389 158 108 68 85 359 68 85 359
86 149 68 593 163 68 397 68 397 68 339
607 158
431 68 261 86 149 68 158 108 68 85 359 68 347 158 68 347 501 68 397 68 189 68 189 68 331
189 68 527 68 607 158 68 550 158 543
189 68 570 389 158 189 68 189 68 550 158 543 68 347 158 359
543 149 68 569 68 359
86 149 68 593 163 68 405 68 241 68 189 68 189 68 64 211
569 108 68 189 68 253 68 321 247 68 19 85 68 70 158 108 68 70 158 108
211 564 68 607 50 68 19 85 68 430 68 569 68 569 68 153 189
85 447 158
607 158 118 68 189 68 189 68 339
85 359 503 158
85 359 51 570 389 158 68 241 430
211 68 70 158 68 149 68 331 149
85 430 85 347 158 118
197 149 68 543 389 158 108 68 640
517 5 189
197 86 405 68 527 359 389 158 118
517 68 5 189
5 189 68 51 86 68 240
189 68 543 211 68 19 68 5 68 85 68 241 68 241 68 241 68 5 189 68 389 158 199
607 158 68 431 68 158 68 607 158 68 431 108 68 241 68 158 199
189 68 569 108 68 607 158 68 430
85 213 211 543 211
261 86 68 124
517 68 189 68 577 68 569 68 4 240 258 85 68 189 68 405 108
81 299 211 258 68 85 359 258 149
503 189 68 189 68 569 68 503 158 108 68 85 359 389 158 359
158 108 85 247 68 517 68 517 258
64 211
64 550 339
527 68 189 68 189 68 430 68 389 158 118 68 85 68 569 68 569 68 569 68 569 68 569 68 569 68 569 68 85 359
189 68 503 158 68 405 85 359 389 85
389 85 359 68 517 85
189 68 197 86 85 68 503 158 68 43 158 68 19 68 569 68 19 85 68 19 85 68 19 85 68 607 158 68 527 359 68 241 68 19 85 68 607 158 68 651 123 68 189 68 189 68 527 68 189 68 19 85 68 19 85 68 5 68 527 68 527 68 189 68 527 68 527 68 527 68 527 68 527 68 189 68 189 68 189 68 189 68 189 68 189 68 569 68 569 68 569 68 339 68 339 68 339 68
189 68 170
543 68 517 68 517 85 359 389 158 118
607 158 68 607 158 68 241 430 299 68 189 68 517 258
503 189 68 189 68 569 68 640 68 85 359 389 158 118 68 85 359
4 85
5 543 85
503 189 68 607 50 68 569 68 607 158 68 189 68 136 479
607 158 199
189 68 430 108 68 93 51 86 68 550 501 68 339
158 108 68 431 68 283 68 5 68 405 241
607 158 68 550 501 68 397 68 550 501 68 607 158 68 503 158
389 85 359 189 189 211 68 189 68 241 430 299
283 68 189 68 253 68 85 359 389 158 68 397 68 527 68 430
405 152
189 68 405 68 607 158 68 213 211 108
64 211 108 68 397 68 569 68 158 108
283 68 158 118 68 158 108 68 158 108 68 81 68 189 68 43 158 68 43 158 68 43 158 68 283
611 152 389 199
189 68 430 68 550 86 68 54 86 85 359
607 158 85 241 85 359
517
607 158 68 431 68 43 158 68 153 189 68 241
189 68 569 108 68 607 158 68 158 240 211 85 359 68 397 68 389 158 108 68 430 199
569 68 152 68 431 68 240 68 569 68 517
189 68 213 550 501
189 68 170 299 68 517 68 158 108 68 19 85 68 70 189 68 5 189 68 607 50
431 68 5 68 607 158 68 241 68 607 158 68 430 68 189 68 241 68 569 68 569 68 569 68 241 68 241 430 199
550 158 158 258 68 5 189 68 569 68 405 85 152
283
276 85
85 241 430 108
517 258 158 199
258 85 4 85 359
64 211 189
170 194
153 155
593 163 68 152 550 339
517 5 68 136 479 108
189 68 64 149 68 397 68 569 68 19 85 68 241 68 5
149 550 487 551
261 86 68 124
189 211 85 359 389 339
4 85 68 642 68 64 211 108
189 68 170 299 68 397
85 430 85 347 158 118
87 222 68 503 189 68 5 68 397 68 43 158 68 5 189
447 158 85 359
5 85 359 189
503 189 68 189 68 569 68 640 68 85 359 389 158 118 68 85 359
189 68 517 359 68 517 68 405 68 517 258 149 68 189 68 569 68 607 158 68 517
569 108 68 158 108 68 253 68 5 189 68 240 550 501 68 640 68 640
517 68 189 68 577 68 158 240 68 517 68 430 199
611 240
651 123 68 189 68 253
607 158 68 5 189
85 4 189 570 389 199
189 68 507 258 68 640 68 431 149
86 149 68 593 163 68 397 68 253 68 397 68 241 68 241 68 569 68 241 68 517 85 359
43 158 68 517 68 85 152 68 79 158 152 68 189 68 569 68 240 550 487 149 68 430
405 240 211 85
197 85 85
258 247
197 86 149 68 124 68 607 158 68 430 68 430 68 447 158 108
607 158 68 577 68 607 158 68 93 389 501 68 189
569 68 152 68 640 68 241 68 43 158 68 189
43 158 68 607 68 607 158 68 607 158 68 431 108 68 430 68 607 158 68 607 158 68 517
85 4 240 68 406 158 68 158
577 68 640
569 108 68 158 85 152 258
211 43 85 359 389 158 118
189 68 237 108 68 503 158 68 64 211 108 68 19 68 70 158
189 68 405 68 253 68 211 108 68 389 158 543 68 503 158 68 569 68 569 68 430 68 430 68 430 68 70 158
5 189 85 359
197 86 68 607 158 68 64 211
564 68 261 86 149 68 640 68 517 68 640 68 405 68 405 68 405 68 405 68 405 68 405 241 68 405 241
611 85
261 86 68 158 108 68 593 163 68 211 152 68 241 68 201 258
261 86 68 607 158 68 64 550 86 68 124 68 607 158 68 607 158 68 607 158 68 607 158 68 607 158 68 170
607 339
189 211 85 359 389 158 189 68 550 158 108 68 189 68 189 68 406 158 118
85 359 68 447 158 108 68 240 51 240
503 189
607 155 68 503 158 359
253 359 389 339 68 397
503 189
389 149
189 68 447 158 543 68 189 68 70 158
170 199
261 86 85 152
651 123 68 5 189 68 397 68 569 68 87 449 68 87 449 68 430 68 430
211 68 70 158 108 68 158 108 68 189 68 431 108 68 430 108
405 189 550 158 68 640 68 5 189
607 158 68 431 68 158 108 68 5 68 241 68 5
149 550 158 85
501 85 611 189 68 577 68 5 108 68 550 158 108 68 64 211 108
517 152
431 68 158 543 68 397 68 607 50 68 189 68 397 68 222 68 503 158 359
85 240 258 359
189 68 70 189 68 81 68 158 543 68 569 68 64 211
607 158 68 550 501 68 189 68 241 68 158 108 68 158 108 68 397 68 397 68 397 68 189 68 189 68 5 189 68 241 430 299 503 158 108 68 5 189 68 5 68 5 189 68 189 68 5 189 68 241 68 640 68 5 189 68 5 189 68 5 68 5 68 5 189 68 5 189 68 5 189 68 5 189 68 189 68 266 158 68 189 68 189 68 189 68 241 68 397 68 397 68 397 68 397 68 339 68
607 155 68 550 158 543 68 158 68 430 68 430 199
189 68 550 501 68 431 68 397 68 5 68 85 68 447 158 68 189 68 430 68 189 68 430 68 189 68 189 68 189 68 241 430 68 189 68 5 189 68 5 68 5 68 5 189 68 5 189 68 5 189 68 640 68 189 68 5 68 5 68 5 68 5 189 68 5 189 68 5 189 68 5 68 5 68 5 189 68 189 68 189 68 189 68 189 68 241 68 241 68 201 258 68 189 68 189 68 5 68
189 68 517 359 68 5 189 68 405 68 430 68 189 68 189 550 158 108
85 359 68 85 5
261 86 68 5 68 158 108 68 607 158 68 87 68 87 449 68 64 211 108
240 211
607 68 431 68 550 158 108 68 240 550 158 108 68 397
51 359 68 550 501 68 370
607 68 431 68 158 543 68 158 108 68 158 240 211 68 447 158
276 85 68 158 108 68 189 68 430 199
241 85 359
261 86 68 5 68 447 158 68 85 68 241 430
189 68 170 299 68 517 68 517 68 189 68 189 68 517 68 240 550 158 199
189 68 569 108 68 158 189 68 331 487 359 68 189 68 331 68 405 68 405 199 68 405 199
389 152
447 158 543 68 158 108 68 253
85 93 85
87 359 68 569 68 517 68 517 118 68 397 68 85 359 68 85 347 158 108 68 569 68 19 85
607 158 68 431 68 607 158 68 607 158 68 152 68 189 68 5 189
197 86 68 406 158 68 607 158 68 550 501 68 569 68 85
189 68 651 123 68 397
189 68 86 163 68 347 501 68 642 68 642 211 108
87 68 607 50 68 189 68 370 68 5 68 189
569 108 68 189 68 124 68 241 68 5 68 81 68 266 158 68 405 68 405
189 68 517 68 550 501 68 431 68 253 68 253 68 241 68 189 68 430
189 68 651 123 68 158 108 68 189 68 241 68 93 389 158 108 68 430 68 211 543 68 430 199 68 430 199 85 68 85 359 68 430 199 68 189 68 189 68 189 68 189 68 189 68 189 68 189 68 189 68 430 199 68 430 199 68 189 68 189 68 189 68 189 68 189 68 189 68 189 68 189 68 189 68 189 68 189 68 189 68 189 68 189 68 189 68 189 68 430 68 527 68 189 68 189 68 189
197 85 359
85 241 149 68 430 68 158 108 68 189 68 550 430
189 68 405 68 158 108 68 149 389 149 68 36 211
607 158 68 550 86 68 397 68 397 68 266 158 68 347 158 68 447 158 68 640
85 240 389 339
153 108 68 189 68 189 68 189
347 501 85 68 153 189 68 405 108
261 86
189 68 245 258 85 68 397 68 569 68 339
550 158 68 607 158 68 569 68 152 550 501 68 241 68 189 68 642 68 446 68 241 68 241 68 446 68 446 68 85
527 68 261 86 68 5 68 189 68 550 501 68 640 68 370
85 430 149 258 149
283 68 5 68 405
64 211 108 68 397 68 569 68 158 108
51 86 68 527 359
189 258 85 517 68 517 68 43 158 68 240 550 158
5 68 81 68 397 68 405 68 569 68 64 211 108
503 189 68 517 68 189 68 405 68 550 158 108 68 517 118 68 517
43 158
527 68 87 68 607 158 68 189 68 189
405 68 405 108
64 211
241 68 85
607 158 68 550 501 68 397 68 517 68 517 68 43 158 68 43 158 68 611 189
189 68 569 68 517 85
611 189 85 359 550 158 149 68 189 68 189 68 189 68 64 211 108 68 64 211 108 68 241 68 241 68 241 430
258 359 68 189 68 642 68 170 108
189 68 197 86 85 68 85 68 266 158 68 189 68 569 68 550 158 543
607 158 68 550 501 68 397 68 241 68 240 211 68 607 158 68 430 68 430 68 517 118
503 339
611 149 68 593 149 68 158 108 68 339 68 70 158 68 189 68 189
321 247
261 86 68 189 68 86 149 550 339 68 339 68 607 158 68 331
19 85 68 430 68 54 86 68 5 189
258 68 5 68 607 158 68 607 158
86 68 550 158 68 64 211 68 64 211 108 68 158 240 359 68 569 68 569 68 189 68 189 68 189 68 64 211 108
607 158 68 550 501 68 607 158 68 5 189 68 253
261 86 68 124 68 158 543 68 431 68 607 158 68 569 68 365 430 199
64 211 68 430 68 5 68 158 108 68 501 68 85 222 68 430 199
611 85 577 149 550 158 118 68 189 68 611 189 68 189 68 189 68 240 389 158 240 211
197 405 240 359
261 85 85 68 149
261 158 240
85 447 430
261 86 68 43 158 68 507 449 68 569 68 5
550 430 68 158 85 158 108 68 430 68 158 240
170 152
517 85 4 149
258 247 68 527 68 189 68 569 68 136 479 68 550 158 108 68 550 158 240 211 543 211
64 211 108 68 354 68 189 68 397 68 405 85
611 149 68 593 163 68 405 68 406 501 68 189 68 189 68 447 158 118
607 158 68 87 189 68 189 68 241 68 158 108 68 517
607 158 68 431 68 517 68 85 359 68 158 543 68 430 68 517
397 68 158 503 158 68 85
189 68 430 68 253 68 240 389 149 68 189 68 611 51 86 68 397 68 240 359
503 189 68 189 68 237 108 68 290 550 158 68 339 68 397 68 64 211 108
189 68 43 158 68 331 149 68 607 158 68 543 68 405 68 124
503 189 68 517 68 189 68 258 149
447 189 550 430
189 68 158 543 68 339 68 397 68 370 68 43 158
189 68 430 68 5 189 68 550 158 108 68 241 68 43 158 68 43 158 68 5 68 5 68 430 68 43 158 68 85 359 68 5 189 68 5 68 651 85 68 651 85 68 651 85 68 354 68 5 68 5 68 43 158 68 5 68 5 68 339 68 339 68 339 68 339 68 85 68 85 68 85 68 85 68 85 68 85 68 85 68 85 68 85 68 85 68 43 158 68 43 158 68 339 68 339 68 339 68
607 158 68 607 158 68 85 501 68 124
43 158 68 569 68 158 108 68 253 68 124
550 158 85 247 85
276 85 68 550 158 68 397 68 430 68 253
321 240 68 331 149 68 5 68 283 68 170
87 152 68 149 68 189 68 253 68 158 543
158 240 359
158 108 68 569 108 68 607 158 68 237 108 68 569 68 64 211 108 68 54 86 68 189 68 569 68 211 199
607 158 68 607 158 68 569
87 85 4
64 211 108 68 64 211 68 447 158
365 430 68 124
607 158 85 365 430 199
283 68 70 158 68 607 158 68 431 68 124
64 211 108 68 569 68 240
51 86 108 68 85 4 406 430
189 68 577 68 189 108 68 430 155 389 158 85
607 158 68 607 158 68 189 68 501 85 359 68 158 108
607 155 68 339 68 339 68 331
197 86 189 68 237 247 68 517 68 405 85
430 299 70 158
64 211 108 68 501 68 189 68 189 68 253 359
593 189 68 397 68 211 68 607 158 68 577 68 158 108
261 86 68 43 158 68 507 258 68 82 152 68 189 68 189 68 189 241
86 149 68 593 163 68 397 68 397 68 397 68 397 68 70 158 68 70 158
247 85 85
51 487
64 211 108 68 397 68 5 68 397 68 370 68 331 158 68 607 158 68 607 158 68 5 189 68 241 68 64 211
54 86 68 607 68 189 68 339
261 85 359
503 189 68 158 108 68 431 68 189 68 189
593 85 68 158 108 68 550 158 68 54 86 68 397 68 339
501 85 149 68 258 68 503 158 108 68 158 108 68 607 158
258 85
607 158 68 5 189 68 258
517 189 211
397 68 54 86 68 64 211
283
189 68 607 158 68 607 158 68 517 68 607 68 397 68 503 158 68 503 158
153 68 430 68 607 158 68 611
517 68 189 68 577 68 569 68 4 240 258 85 68 189 68 405 108
258 85 359
189 68 5 189 68 570 389 158 108 68 85 68 189 68 365 430 199
517 68 503 158 68 577 68 339 68 213
237 68 211 68 397 68 339 68 136 479 68 405 68 85 68 70 158 108 68 189 68 189 68 189 68 189 68 189
258 405 68 85 152 68 85 70 158 108
87 85
5 68 447 158 68 241 68 240 211 68 503 189 68 607 158 68 153 189 68 153 189
258 405 68 607 158 68 517
517 68 211 68 607 158 68 331 68 331 149 68 607 158 68 153 189
189 68 79 158 240 359 68 593 163 68 430
240 222 68 70 158 108
64 211 108 68 430 68 405 68 189 68 569 68 430 299 68 64 211 108
607 158 68 550 501 68 397 68 222 68 607 158 68 607 158 68 241 68 5 189 68 5 189 68 5 189 68 5 189
158 258 68 527 68 370 68 158 108 68 430
149 550 86 68 503 189
85 241 68 527 68 397 68 359 68 189 68 70 189 68 5 189
211 189
5 189 68 406 501 68 569 68 430 68 64 211 108
261 86 68 124
87 68 607 50 68 431 68 640 68 640 68 397
253 68 517 68 124 68 54 86 68 397 68 550 501 68 397 68 569 68 569 68 569 68 569 68 569 68 569 68 569 68 569 68 569 68 569 68 569 68 569 68 569 68 261 86 68 261 86
607 158 68 550 501 68 397 68 517 68 431 149
87 85
211 68 640 68 569 68 64 211
222 240
517 68 64 211
197 86 155 389 199
517 359
153 108 68 189 68 569 68 517 258 118 68 517 118 68 85 68 241 68 241 68 241
253 68 651 123 68 397 68 405 68 405 85 68 93 389 158 108
503 189 68 430 68 189 211 85 359 389 85 359
607 158 68 431 68 607 158 68 347 158 68 397 68 397
447 158 85 359
607 158 68 550 501 68 397 68 241 68 158 108 68 517 85 359 68 517
577
564 68 189 68 189 389 85 359 389 85 359
517 68 331 149 68 189 68 189 68 45 149 68 331 149
261 86 68 43 158 149
189 68 550 158 543 68 431 68 370 68 5 68 406 158 543
87 68 331 68 5 68 240 359 68 93 51 86 68 397 68 359
503 189 68 189 68 569 68 611 189 85 359
431 108
197 86 68 5 68 85 68 70 158 108 68 189 68 397 68 517
231 240 68 431 108
569 68 152 68 640 68 85 501 68 389 158 152 68 517 68 241 68 569 68 241 68 638 68 638 68 397 68 397 68 240
261 86 68 51 86 68 136 479 68 607 158 68 5 68 397 68 85 359 68 607 50
321 189 68 87 449
87 51 517
211 68 331 149
405
87
240 213 283 68 241
607 158 189 149 389 517
237 108 68 430 241 430 85 68 64 211 108
189 68 430 68 640 68 43 158 68 43 158 68 5 189 68 70 189 68 389 158 108
517 152
397 68 189 68 152
158 189 211 68 405 108 68 19 85 359 68 569
258 68 5 68 347 158 359
211 68 70 158 68 222 68 431 108 68 85 222 85 222 85 359
5 68 81 68 397 68 85 152 68 158 152 68 569 68 569 68 85 359
5 543
189 85 359 245 449
261 86 68 43 158 68 189 68 569 68 640 68 253 359
189 68 197 85 85 68 85 68 189 68 517 68 241 68 79 430 359
430 85 19 85
569 108 68 430 68 607 158 68 211 68 331 68 431 68 43 158 68 43 158 68 43 158 68 5 68 70 158 68 397 68 397 68 43 158 68 569 68 569 68 569 108 68 569 68 569 68 569 68 569 68 43 158 68 43 158 68 569 68 569 68 569 108
153 189 108 261 86
261 86 68 189 68 347 339
189 68 550 86 68 550 501 85 68 5 189 68 517 68 43 158 68 43 158 68 43 158
199 19 19
607 158 68 431 68 607 158 68 81 68 569 68 607 158 68 430
43 158 68 406 155 68 430 68 405 189 68 405 189 68 611 189 68 611 189
189 68 43 158 68 43 158 68 405 68 611 152
607 158 68 213 211 189 68 570 389 158 108
607 68 431 68 158 543 68 569 68 550 430
503 189 68 189 68 569 68 447 158 359 68 85 359 389 158 118
51 86 68 124 68 406 155 194
189 68 430 299 389 158 68 339 68 339 68 397
253 503 158 68 397 68 569
611 149 68 593 149 68 19 85 68 339 68 79 158 68 189
85 447 158 68 577
86 149 68 593 163 68 501 68 158 152 68 158 108 68 397 68 241 68 5 189 68 241 68 189
405 152
170 68 607 158 68 550 158 108
189 68 283 68 370 68 550 158 68 64 211 108
430 299 68 189 68 359
253 569 85
405 85 68 54 86
87 449
503 189
607 68 607 68 189 68 189 68 85 4 68 405 241 68 189 68 189
261 86 68 43 158 149
397 68 527 68 189 68 158 108 68 64 550 86 68 607 158 68 607 50
222 152
86 149 68 593 163 68 258 68 5 68 5 108
87 68 607 50 68 431 68 339 68 397 68 397 68 5 189 68 569 68 569 68 569 68 64 211 108
611 149 68 593 149 68 43 158 68 5 189 68 258 68 405 199 68 430 199
607 68 607 158 68 607 158 68 431 68 640 68 339 68 397 68 517
276 85 68 527 68 158 108 68 43 158 68 5 68 241 68 158 108
607 158 68 550 501 68 397 68 213 194 258 149 68 43 158
607 158 68 389 339 68 550 339
406 155 108
527
593 85 68 397 68 189 68 331
447 158 108
607 68 431 68 405 68 607 158 68 543 68 405
258 4 240
543
389 339 68 397 68 197 85 359
417 551
189 68 170 299 68 158 108 68 569 68 430 359
158 108 149 68 5 68 543 211 68 240 211
417 551
550 501 68 405 397
276 85 68 430 68 607 158 68 241 68 569 68 211 543 211 68 405 68 70 158 108 68 189 68 70 158
5 189
569 68 158 222 68 189 68 507 258 189 68 240 389 158 108
189 68 158 108 68 189 68 397 68 569 68 503 158 108
397 569 108 149
64 211 68 211 68 158 543 68 158 68 430 68 430 68 569 68 211 108 68 517
85 213 211 543 211
276 85 68 447 158 108 68 158 108 68 517
611 152 68 64 211
64 211 68 5 189 68 569 68 85 68 93 389 158 85 359 68 85 359 68 136 479 68 405 222 149
503 189
54 430
517 68 189 68 258 68 405 85 359 389 85
517 68 331 149 68 430 108
501 85 64 211
189 68 85 4 85 68 607 158 68 253 68 321 247 68 158 108 68 158 108
222 152
189 68 550 158 543 68 569 68 517 68 611 51 86 68 517
64 211 108 68 158 108 68 189 68 431 108 68 607 158 68 241 68 19 68 19 68 430 68 19
85 517 359
517 85 611 189
550 430 68 70 158
261 86 68 43 158 68 261 86 68 189 68 397 68 611 189 68 550 339
87 68 87 68 564 68 261 85 68 189 68 607 158 68 447 158 108
158 543 85 85 247 85
321 152
283 68 64 211 108 68 158 108 68 431 68 189 68 54 86
501 85 359
503 189 68 503 158 68 517 68 406 158
189 68 430 68 85 68 5 68 550 158 108
607 158 68 431 68 607 158 68 607 158 68 152 211 68 331
240 211
607 158 543 68 569 68 569 68 430
431 149
189 68 170 543 68 397 68 85 152
5 189
276 85 68 5
642 149 550 50 68 85 64 211 108
569 108 68 5 189
189 68 5 68 607 68 503 158 68 64 550 487 149 68 153 189
321 68 5 108 68 189 68 517 68 64 211 108
517 85 4 149
321 247 68 569 108
569 68 85 240 299 68 406 158 68 64 211 108 68 503 189 68 397 68 517 68 517
222 68 397 68 397
261 86 68 607 158 68 93 211 430
503 189 68 517 68 569 68 241 68 446 82 68 64 211 108 68 189 68 5 189 68 405 68 430 68 64 211 108
517 389 199
189 68 543 68 431 149
607 158 68 550 501 68 607 158 68 607 158 108
261 86 68 43 158 149
4 85
211 68 70 158 68 149 68 431 68 607 158 68 5 189
189 68 569 108 68 430 68 517 118 68 607 158 68 189 68 189 68 189 68 241 68 241 68 189 68 189 211 85 359 389 158 118
189 68 240 51 86 68 189
431 68 517 68 79 158 68 5 189 68 430 68 550 158 118 68 569 68 569 68 241 430 199
569 108 68 158 85 152 258
86 85 152
189 68 550 158 85 68 430 68 158 152 68 607 158 68 569 68 241 68 241 68 397 68 189 68 189 68 189 68 189 68 241 68 241 68 189 68 189 68 607 158 68 607 158 68 189 68 189 68 607 158 199 68 189 68 189 68 189 68 607 158 68 607 158 68 607 158 68 607 158 68 607 158 68 550 158 68 189 68 189 68 189 68 189 68 550 158 68 189 68 81 68 189 68 189 68 189 68 607
276 85 68 5 189 68 405 108
607 158 68 607 68 607 158 68 266 158 68 640 68 19 85
607 158 68 550 501 68 607 158 68 339 68 19 85 68 550 501
108
4 406 158 68 550 430 68 430 199
197 86
569 68 241 149 550 158 118 68 189 68 189 68 189 68 189 68 189 68 241 68 241 68 241 68 405 241 68 189 68 189 68 241 68 241 68 569 68 569 68 569 68 569 68 569 68 569 68 569 68 189 68 189 68 189 68 569 68 569 68 569 68 569 68 569 68 569 68 569 68 569 68 569 68 569 68 569 68 569 68 569 68 569 68 569 68 569 68 189 68 241 68 569 68 569 68 569 68 569
503 189 68 253 68 237 108 68 64 211 68 569 68 550 158 543
569 68 152 68 640 68 241 68 189 266 158 68 189 68 70 158
189 68 651 85
397 199 551
86 149 68 593 89 487 68 503 158 68 569 68 87 68 397 68 405 68 405 68 405 241 430 68 397 68 397 68 397 68 397 68 397 68 397 68 397 68 397 68 261 86 68 261 86 68 283 68 261 86 68 569 68 569 68 397 68 397 68 86
405 68 611 189 611 189
607 158 68 550 155 108 68 189 68 397 68 240 211 564
211 85 430 359 68 430 149 68 430 68 397 189
283
517 68 331 149 68 85 68 85 359
51 543
569 68 5 68 550 430 68 43 158 68 64 211
189 68 517 359 68 430 68 5 189 550 430
64 211 108 68 189 68 85 359 68 158 240 359
258 152 389 158 189
240 149
569 68 152 68 640 68 241 68 43 158 68 189
258 68 640
321 68 189 68 253 68 550 158 543 68 569 68 569 68 527
607 158 68 577 68 189 68 54 86 68 640 68 569 108
189 68 607 158 189 68 503 158 359
158 85 64
397 68 197 86
51 86 68 517 68 550 155
569 68 339 68 550 158 68 5
517 68 189 68 577 68 517 68 158 108 68 564 68 253
4 449 108
611 149 68 593 149 68 517 68 189 68 651 123
607 68 431 68 607 158 68 607 158 68 152 550 158
87 85 359
5 189
189 68 81 68 241 68 189 68 331
276 85 68 5
64 211 108 68 240 359 68 397 68 550 158 68 577 68 54 86 68 517
607 158 68 550 501 68 397 68 517 68 550 158 68 43 158 68 93 389 339
64 211 68 87 68 607 158 68 211 68 517 68 517
5 189 68 577
611 189 149 389 158 118
197 158 85 68 527 359 389 85
593 189 68 397 68 211 68 397 68 64 211 108 68 397 68 569 68 569 68 19 85 68 19 85 359
431 68 158 108 68 607 158 68 397 68 240 389 570 389 199
5 152
51 86 118
447 158 359 68 593 163 68
155 68 85 365 339
607 158 68 550 501 68 397 68 543 68 331 149 68 64 211 108 68 569 68 569 68 397 68 638 68 5
569 68 152 68 331 149 68 189 68 158 240 222 68 189
253 68 189 68 569 68 569 68 330
607 158 543 68 569 68 564 68 64 211
607 158 68 405 189 68 5 68 93 51 86 68 283 68 365 430 199
517 155
85 4 189 266 158 68 570 211 199
405 85 68 19 85 68 189 68 201 258 68 54 86 68 5 68 5 68 5 108
87 68 607 158 68 527 68 189 68 397 68 569 68 211 108 68 211 85 152 68 607 158 68 607 158 118
607 158 68 158 108 68 64 211 430
405 152
417 551
261 86 68 569 68 503 158 108 68 569 68 397 503 158 108
85 85 359
87 152 68 149 68 64 211
517 389 199 68 5
447 158 85 359
607 68 431 68 430 68 253 68 253 68 397 68 503 189 68 503 189 68 64 211 108
283 68 158 108 68 569 68 397 68 19 85 359 68 85 359 389 158 118 68 189 68 189 68 189 68 189 68 569 68 85 359
261 86 68 43 158 68 19 85 68 431 68 70 189 68 189 68 241 68 241 68 241 68 241 68 241 68 241 68 241 430 68 241 68 241 68 241 68 241 68 241 68 241 68 241 68 241 68 189 68 189 68 189 68 241 68 5 68 5 68 640 68 283 68 569 68 241 68 241 68 241 68 241 68 241 68 241 68 241 68 241 68 241 68 241 68 241 68 241 68 241 68 241 68 241 68 241 68 241
389 339 68 405 108 68 158 108
593 85 68 189 68 189 68 397 68 241 430 149
517 85 247 449 85 222
189 68 189 68 189 68 85 359 68 241 68 569 68 81 68 81 68 189
189 211 85 359 389 158 189 68 550 158
447 158 240 68 64 51 108
211 68 70 158 108 68 158 108 68 189 68 431 108 68 430 108
261 158 108
550 430 68 607 158 68 85
503 189 68 517 68 189 68 405 68 430 68 430 108
517 85
258 85 68 431 68 517 68 85 359 68 85 359 68 189 68 189 68 189 68 189 68 397 68 638 68 638 68 638 68 85 359 389 339
189 68 405 68 607 158 68 405 108 68 430 68 189 68 640
431 68 170 68 87 68 339 68 607 158 68 607
258 247 68 54 86 68 517 149
507 258
189 68 430 359 51 570 389 85
87 68 339 68 5 68 253 68 569 68 85 359 68 405 68 405 68 405 241 68 241 68 241 68 405 241 68 241 68 430 68 405 241 68 241 68 397 68 397 68 19 85 68 569 68 569 68 569 68 569 68 569 68 405 241 68 405 68 283 68 283 68 283 68 283 68 283 68 283 68 283 68 283 68 569 68 241 68 503 158 108 68 503 158 68 569 68 569 68 241 68 241 68 569 68 569 68 158
321 240
86 68 5 68 507 211
261 86 68 43 158 149
321 68 607 158 68 607 158 68 397 68 283 68 331 487
503 189
517 68 607 158 68 81 68 5 68 5 189 68 241 430
569 108 68 5 189
261 86 68 19 85 68 564 68 237 68 87 68 503 158 108
517 68 607 158 68 81 68 607 158 68 405
211 543
87 68 51 86 108 68 503 189 68 503 158 68 503 158 68 189
189 68 197 85 85 68 85 152 68 397 68 240 550 158 68 170 299
87 68 331 68 5 68 79 430 68 245 449 68 593 163 68 64 211
527 68 153 68 153 108 68 370 68 158 108
321 189 68 213 194
158 240 155
607 158 68 607 158 68 569
170 108
5 68 431 68 19 85 68 607 158 68 397 68 569 68 19 85 68 501 85 68 19 85
405 85 68 54 86
642 149 68 85 359
389 479 68 397 68 5 68 370 68 370 68 607 158 68 607 158 68 5 68 5 68 607 158 68 607 158 68 211
517 189 211
189 68 405 68 607 158 68 64 211 108 68 85 359
321 68 611 258 85 68 85 359 68 430 68 189 68 153 189
189 68 339 68 152 550 158 543 68 189 68 517 258
607 158 68 550 501 68 397 68 405 68 430 68 5
51 86 68 189 68 607 158 68 569 68 5 189
651 123 68 405 68 405 108 68 241 68 447 158 108
517 68 331 149 68 430 108 68 158 108 68 503 189 68 93 51 86
211 543
189 68 569 108 68 607 158 68 550 158 68 189
431 68 158 108 68 397 68 550 158 68 87 68 397 68 189 68 241 68 189 68 189 68 189
189 68 64 51 108 68 158 108 68 241 68 405 68 405 199 68 85 152
611 152 68 5 68 93 51 86 149 68 397
54 86 68 189 550 158 118
607 158 68 550 501 68 189 68 241 68 85 4 240 222
81 68 527 68 170
503 189 68 189 68 501 85 359 68 70 158 108 68 405 189
406 155
86 68 550 569 68 405 68 158 108 68 607 158 68 189 68 189 68 253
359 51 85 359 389 85 359
405 68 70 158 359
593 108 68 397 68 359 389 199 68 550 158 85 68 5 189 68 431 68 607 158 68 397 68 405 68 397 68 397 68 241 68 397 68 397 68 397 68 397 68 19 85 68 19 85 68 397 68 397 68 5 189 68 5 189 68 5 68 397 68 617 68 431
261 86 85 152
54 430
405 108 70 158
517 68 331 149 68 564 68 5 68 19 68 189 68 569 68 253 68 253
197 108 68 577 68 189 68 189
5 68 189 68 570 389 158 108
569 68 501 85 68 158 189 68 222 68 170
569 68 158 189 299 68 189 68 189 68 517 258 149 68 5 108 68 241 68 397 68 397 68 397
397 68 503 189 68 570 389 158 68 339
240 213 283 68 397 68 389 430 359
85 517 189 543 68 85 347 158 108 359 211 359
258 240
517 68 152 68 54 86 68 43 158 68 527 68 430 68 43 158 68 43 158 68 43 158 68 517
321 240
283 68 370 68 607 158 68 158 108 68 85 359 389 85 359
607 158 68 431 108 68 189 68 81 68 569 68 389 158 189 68 517
189 68 189 550 158 118
68 503 158 108 68 85 240 550 501 68 93 51 86
241 149
261 86 68 189 68 253 85
197 85 359
569 68 81 68 158 211 430 68 85 359 68 430 299 68 397 68 85 359 389 158 108 68 569 68 569 68 569 68 397 68 397 68 569 68 569 68 569 68 569 68 569 68 569 68 569 68 569 68 569 68 19 85 359 68 569 68 569 68 569 68 569 68 569 68 569 68 569 68 569 68 569 68 569 68 569 68 569 68 569 68 569 68 569 68 569 68 569 68 85 359 68 569 68 569 68 569 68 569
253 569 85
550 339
158 5 189
550 158 85 359
389 501 68 651
321 240 359 85 359 389 85 359
517 68 189 68 611 189 68 70 189 68 569 68 85 359
564
321 240 68 569 68 4 240 68 5 68 189 68 347 158 108 68 70 158 68 19 85 68 569 68 569 68 569 68
51 86
86 149 68 593 163 68 550 158 68 405 68 517
85 577 68 158 108 68 64 211 108
231 240
431 68 397
5 189 68 81
87 68 347 501 68 5 68 240 211 68 5 68 431 68 365 430 199 68 19 85 68 569 68 517
231 240
543 149
550 158
527 68 503 158 68 158 108
197 85 85
5 189 68 517 68 211
321 247 406 158 118
503 158
261 86 68 607 158 68 189 68 611 189 68 611 85 359 68 517
503 158 68 430 68 189 68 153 189
258 189 211
