5 213 211 543 85
126 68 189 68 394 68 472 85 68 158 433 551 68 136 158 189 68 569 68 5 68 158 406 211
43 158 349
599
189 68 87 189 68 397 68 70 158 359
657 68 155 68 657 299 68 642 211 68 158 108 68 240 330 68 640 68 261 158 108
136 158 152 68 321 189 68 19 108 68 347 430 68 607 158 68 5
283 68 331
79 19 438 359 68 158 108 68 321 189 68 426 155
370 68 334 543 68 81 68 253 68 170 415 68 51 86 108 68 231 240
330 5 68 405 553 68 569 68 540
651 123 68 607 158 68 657 299 68 241 85 68 331 149
76 261
201 258 213
607 158 68 4 108 68 64 211 108
607 86 68 389 501 68 397 68 266 5 68 117 220
389 479 68 397 68 5 68 331 149 68 334 68 331 158 68 390 68 607 158 68 5
538 339 68 4 108 68 447 565
517 194 68 517 85 152 68 97 68 51 68 212 158 85
517 189 68 577 68 607 158 68 175 359
201 240 68 617 68 211 543 68 36 149 68 550 158 68 135 68 599 68 218 68 397 68 43 158 68 370 68 339 68 189 68 607 158 108 68 550 158 68 550 158 68 550 158 68 607 158 68 550 158 68 550 158 68 550 158 68 550 158 68 87 93 550 158 68 550 158 68 87 449
189 68 577 68 390 299 570 550 108 68 258 189 68 201 258 51 189 68 334 359 68 42 247 68 503 189 68 158 108
189 68 241 430 68 135 68 405 68 19 108
389 240 359 68 241 68 569 68 5 334
201 258 68 197 108 68 135 68 258 68 397 68 97 68 538 339 68 426 158 85
189 85 264 149 43 86 149
517 189 68 577 68 569 68 246 68 183 67 68 302 108
197 158 189
54 86 68 359 16 85
189 68 607 50 68 330 405 199 108
261 240 68 607 68 343 158 68 54 86 68 569 68 426 158 85 68 87 85
359 68 640 68 321 85
607 170 68 389 501 68 397 68 321 290 68 607 158 68 321 211 334 85 68 115 479 68 479 68 607 479
64 211 108 68 611 299 68 569 68 36 85 68 36 211 68 158 490 449 68 51 86
51 359 68 115 479
276 85 68 406 430 68 261 158 290 68 261 158 247 68 406 570 326 149 68 189 643
87 543 68 426 158 68 231 51 86
36 149
189 569 108 68 64 550 158 438
64 213 223 68 241
81 68 43 158 68 397 68 59 479 68 607 158 68 81 68 280 68 149
5 104 471
201 258 68 514 189 68 204 222
189 68 607 50
611 414 68 346
201 258 68 430 299 570 68 339 68 607 158 68 154 599
569 68 5 405 390
607 170
153 108
196 68 79 86 68 565 569 68 189 68 247 570 550 339
276 85 68 115 479 68 45 108 390
13 149 136 479 68 43 158 290
405 553
86 163 68 389 406 189
355 68 49 68 607 158 68 347 85 152
390 68 651 68 569 68 60 301 359
503 108 68 390 68 569 68 124 68 158 189 68 241 359
204 359
97
5 68 189 68 81 68 397 68 490 447 158 118 290
642 450 68 85 64 211 390
390 68 19 108 68 607 158 68 115 479 68 607 158 390 68 607 258 390 68 64 211 189 68 241 85 68 189 211 85 68 246 359 68 390 569 68 390 569 85 620 149
79 158 108
5 108
204 178 68 189 68 406 85 299 389 158 189 68 5
389 501 68 651
283 68 347 158
406 334 85 258
607 86 68 389 501 68 397 68 189 241 430 359 68 261 86 163 68 471 211 390
201 258 68 153 189 68 321 247 68 266 158 299
321 19 163
490
54 86 68 389 339
370 68 295 149 68 81 68 426 158 64 225 68 241 68 540 299 570
290
201 258 68 405 136 430 299 4 189 68 334 68 593
201 258 68 197 108 68 189 68 201 258 346 194 149 68 136 158 50
189 68 253 68 629 68 569 68 490 359 68 640 68 19 85 252 199 68 354 68 334 85
503 189 68 408 68 99
657 68 196 68 390 68 97
87 68 170 68 417 68 397 68 397 68 321 189
154 213
517 194 68 331 149
43 86 68 189 68 43 158 152 68 607 158 68 657 85 334 222 68 241 68 19 85 68 5 68 430 299 180 282 568 68 389 349 85 359 68 389 158 85 299 68 389 158 85 299 68 389 158 85 299 68 389 158 85 299 68 389 158 85 299 68 389 158 85 237
201 258 68 197 68 607 158 390
196 68 158 108 68 36 85 68 133 85 68 565 82
149 51 158 241 85 623
189 68 426 86 85 68 85 68 85 447 430 68 339 68 189 569 108 68 133 85 258
189 68 517 359 68 51 570 68 321
201 258 68 607 158 68 321 563 158 438 359 68 4 108 565
87 68 607 50 68 81 68 5 108 68 390 68 5 189 68 331 149
134 222 85
54 86 68 397 68 607 158 68 76 507
607 86 68 389 501 68 607 158 68 158 189 406 334 85
97 68 390 68 241 359 68 640 68 19 85 68 283 68 531 158 149 68 279 194 108
531 85 68 54 86
194 149
283 68 569 68 406 158 240 68 87 359 68 87 152 68 397 68 339 68 538 158 213 68 153 108
261 86 68 158 189 68 394 68 370 68 5 68 81 68 397 68 136 158 152 68 607 158 68 5
231 51 86 68 196 68 517 189 68 189 68 640 68 36 85 68 397 189 550 158 85
261 86 68 43 158
258 97 68 339 68 389 85 359 68 640 68 472 64 79 551 68 538 86 299
211 543
189 68 389 501 68 158 199 85 68 43 158 85
370 68 295 149 68 81 68 426 158 64 225 68 241 68 540 299 570
517 189 68 295 149 68 350 68 97
321 68 569 68 64 550 158 189
196 68 5 85 68 390 68 397 68 569 68 550 158 108 68 43 155 211 85 68 397 189 211 237
64 550 479
182 108
651 85 447 189
607 86 68 389 501 68 397 68 5 213 68 651 123
607 155 68 346 68 295 149 68 430 68 426 86 68 430 68 173 213
97
43 86 68 189 68 577 68 607 158 68 64 211 189 68 321 189
4
64 211 430 68 607 50 68 85 442
153 108 68 97 68 390 68 390 68 97 68 397 68 213 211 607 170
569 68 194 543 550 158 543 68 246 68 525 68 189 68 261 152 68 354 68 36 149 68 54 86 68 397 68 569 68 170 108 565
189
189 68 261 158 543 68 617 68 331
503 339
425 499 643
170 86 68 295 149 68 197 86 68 276 85 68 87 449 68 397 68 569 68 246 68 149 165 68 638 68 397 189
97 68 394 68 389 501 68 390 68 405 189 68 261 149
350 85
447 189 569 359 307
189 68 607 50 68 334 543 211 266 85 68 569 68 4 258 85 359 68 149 550 158 543 85
548 68 97 68 359
261 86 68 51 570
192 211
261 86 68 43 158 68 390 68 569 68 640 321 27
43 155 211
321 189 68 5 108 68 485 479 68 64 211 258 390
503 108 68 390 68 569 68 213 211 517 85 152 68 136 479
231 240
43 149 241
331 149
87 108 68 158 108 68 331 149 68 54 570 68 397 68 339 68 158 64 93 51 108 68 346
507 359 68 218
390 68 158 189 68 607 158 68 514 189 565 359 68 569 68 189 51 189
517 189 68 295 149 68 611 240 68 607 158 68 389 339 68 158 108 68 153 108
64 211 108 68 258 189 68 607 158 68 552 85 359 68 444 472 74
370 68 36 149 68 43 158 211 68 240 68 611 118
49 68 158 68 258 68 552 149 68 79 158 543 68 611 149 389 85 359 68 189 540
253 68 651 123 68 397 68 405 68 85 152 68 517 194 5
5 68 189 68 231 240 68 593 149
261 86 68 569 68 503 339 551 68 397 334 85
261 86 68 5 68 617 149 68 389 501 68 569 68 321 247
321 68 5 68 196 68 426 430 68 321 189 68 19 85
201 258 68 607 68 527 68 76 85 359 68 330 108
76 85 359 68 212 158 68 426 158 68 196 551
201 258 68 197 85 152 68 390 68 22 68 330 123 359 68 657 359
43 158 68 87 68 577 68 607 158 68 136 155
189 68 81 68 397 68 43 158 152 68 607 158 68 19 85 68 346
97 68 430 68 479 85 438 415 68 133
196 68 607 50 68 593 149 68 136 501 68 397 68 5 189 68 339 68 261 430 241 430
503 189
321 68 189 68 577 68 97 68 51 86
5 68 295 149 68 5 68 607 158 68 657 523 405 118 189
599 389 241 68 149 550 158 543 108
189 68 253 68 617 149 68 155 68 9
43 430 19 394
261 158 635 108 258 85
344 108
158 258 5
51 346 68 346
81 68 611 86 108 68 241 85 68 211 330 85
197 247 85 390
577 68 321 240
321 68 204 149 68 36 149
253 68 569 68 76 85 406 479 68 189 550 487 149 68 246 68 19 85
611 414 68 346
64 211 108 68 548 68 331 149 68 633 68 607 68 569 68 321 543 68 5 68 611 4 85 222
4 85 68 158 570
204 149 68 135 149
349
204 152 68 331 149 68 189 68 158 68 447 158 85 406 158 359 68 97
628 222
447 158
347 158 152
611 178
196 68 347 158 68 5 68 331 149 68 577 68 569
261 158 611 86 85 152
514 199 68 136 158 213 68 390
611 189
607 50 68 389 501 68 397 68 501 85 517 82 68 389 199 85 68 170 68 397 68 370 68 5 68 638 211 258 85
607 86 68 194 543 68 397 68 266 158 68 201 68 347 158 68 359 68 640
611 158 68 397 68 5 68 607 158
258 343 339 68 607 158 68 517
321 68 201 258 68 197 108
189 68 389 501 68 97 68 189 68 155 301 85 68 607 158 68 261 86 68 22
273 68 97 68 189 540 85 565
577
283 68 607 479 68 64 550 430
136 158 152 68 321 189 68 19 108 68 347 430 68 607 158 68 5
11
43 158 4 85 390
85 70 158 359
189 145 152
153 527 68 607 158 68 5 108 68 261 85 258
5 189 108
135 68 636 68 295 149 68 426 158 68 607 158 68 5
59 479 359
405 68 258 359
196 68 390 136 158 118
390 68 651 123 68 347 189 68 241 85 68 36 85 68 211 543 68 211 235 68 339 68 339 551
87 68 197 86 68 447 158 152 68 640 68 19 85 68 85 70 430 68 405 241 108 68 87 543
607 158 68 158 189 149
607 251 211 349
607 170 68 389 501 68 397 68 266 152 68 189 68 64 435 85 68 640 68 330 68 54 86 565
4 531 158 118 68 158 189 570 211 108
261 86 68 43 158 68 390 68 569 68 158 64 389 158 118 68 4
657 68 87 68 607 158 108
5 290 4 68 438 359
54 321 199 117
642 68 149 550 158 543 108
231 240
79 152 68 321 189 68 569 68 417 68 115 158
607 158 68 5 68 607 155
201 258 68 155 389 85 570 68 397 68 4 43 158 438
59 290
276 85 68 507 68 430 68 607 158 68 85 149 152 51 68 638 68 155 68 569 68 347 158
196 68 611 86 85 68 370 68 36 149 68 87 359
389 85 359 68 517 85
4 85 607
197 152
115 479 68 81 68 517 199
189 68 87 189 68 397 68 253 68 503 158 359
189 68 4 85 68 607 158 68 280 68 321 247 85 68 607 158 68 158 108 222 85 359
87 93 334 68 158 359 211 474
389 199
211 158 48 68 246 68 149 87 449 68 347 158 299
192 149
189 241 85 359 68 359 191
657 523 405 118 189 68 189 241 85 347 158 299
231 240
201 258 68 258 108 68 617 149 68 550 501 68 97
657 359 68 370 68 517 189 68 494 68 339 68 362 68 241 85 68 189 240 51 85 68 359
79 339 108
355
43 158 85 240 149
133 68 640 68 194 543 68 212 517 189
155 68 183 339 68 70 189 68 204 222 68 36 149
503 108 68 158 108 68 331 149 68 54 86 68 397 68 540 334
64 211 430 68 13 299 68 397 68 569 68 408 158
170 51 86
657 222 149
390 68 19 108 68 607 158 68 472 64 211 108 68 514 543 68 390 68 339 68 158 635 189 68 153 189 108
76 85 359 68 640 68 135
607 68 197 85 359
76 85 359 68 64 51 85
503 108 68 517 189 68 189 68 266 158 68 85 241 343 85 222
657 68 405 68 531 158 149 68 569 68 189 415 406 472
347 85
201 258 68 607 158 68 321 563 158 438 359 68 4 108 565
87 359
64 211 430 68 459 543 108 68 241 108 68 607 158
344 405 68 565
189 213
201 258 321 152
189 68 261 152 68 43 158 68 301 68 390 68 247 237
189 149 266 50
87 108 68 607 68 569 68 170 108 68 550 158 189
406 85 251 68 43 158 68 117 19
64 211 258 68 153 108 68 607 158 68 359
170 86 68 334 149 68 389 501 68 397 68 5 68 79 158 189 68 290 5 68 640 68 563 189
97 68 253 359 68 76 359 68 43 158 68 266 50
19 85 321 158 359
231 51 86 68 261 86 68 43 158 68 370 68 36 149 68 158 189 359
196 68 158 108 68 36 149 68 261 158 247 570
607 158 68 359 241 68 390 68 189 611 514 199
241 158 68 552 85 68 397 68 347 189 68 135 68 569 68 550 85
548 68 321 189 68 36 85 68 258 359 68 232 359
97 68 405 189 296 68 339 68 426 430
126 68 295 149 68 158 108 68 276 85 68 607
261 86 68 43 158 68 390 68 569 68 430 331 68 85 447 158 245
253 68 569 68 4 334 359 68 189 43 158 68 135 149 68 569 68 640 68 390 359
201 258 68 76 85 359 68 607 68 43 158 68 93 225
550 158 359
5 68 295 68 36 86 68 241 68 258 551
201 258 68 4 349 359
197 85 152
261 158 194 68 137 430
5 108 68 569 68 5 85
5 68 321 240
19 108 68 5 225
197 85 365 430 359 68 87 152
85 79 213 211
51 86 68 189 68 5 189
611 447 158 593
527 222 85
503 189 68 189 68 213 51 86 68 5 258 68 19 85
321 359
611 543 136 158 543 108
189 108 258
158 152 68 607 569 108 68 197 173
189 68 261 158 68 607 158 68 389 339 211 85
201 4 359
355 68 196 68 283 68 158 108 68 36 149 68 494 68 241 108
158 85 68 192 68 505
43 158 68 593 89 158 68 16 479 68 241 68 240 51 68 149 550 158 543 68 640 68 36 149 68 640 68 246 68 43 158
494 68 607 170
503 189 68 87 543 68 5 211 406 158 5
196 68 331 68 640 68 390 93 68 5 68 331 149 68 170 299
503 339
196 68 136 158 258 68 158 108 68 261 158 247 68 607 158 68 5 415
472 290 85 68 192 68 64 643
43 569 390
494 68 389 501 68 36 85 68 87 149 68 390 68 430 68 79 430 359
503 108 68 390 68 569 68 359 70 85 359 68 189 241 85 347 158 118 68 517 85
189 68 87 189 68 397 68 430 68 607 158 68 5 343 85
64 211 108 68 397 68 5 68 331 149 68 43 158 68 152 550 158 68 390 68 607 158 68 5 189
43 158 68 189 68 550 501 68 607 158 68 447 158 108 68 344 199 108
189 68 389 240 359 68 43 476 68 189 68 569 68 517 85
189 68 261 86 68 344 4 359 390 68 405
514 189 565 359
390 68 651 68 4
261 158 225 68 19 85 68 261 158 543 68 321 543 108 68 343 543 204 222 4 85
607 170 68 389 501 68 397 68 4 85 68 5 108 68 331 68 64 389 158 359 68 158 568 550 430
189 68 211 543 68 607 158 68 212 158 635 189 68 261 149 68 261 149
607 170 68 389 501 68 397 68 550 501 68 607 158 68 4 189 222 68 170 299 68 5 108 68 349 258
158 258 5
231 51 86 68 189 68 389 501 68 397 68 258 152 68 397 68 550 158 118
76 438
49
636 68 569 68 258 64
406 472 189
241 85 359 68 548 68 241 65
43 158 68 394 359
4 108 68 657 85 397
514
261 86 430 68 36 85 68 189 451 299
607 158 68 5
189 68 5 189 68 577 68 569 68 435 334 359 68 261 158 189 570
211 68 36 149 68 153
43 86 68 87 68 81 68 426 158 68 5 108 68 405 199 68 64 211 430
135 68 5 543 68 321 189 68 569 68 389 240 359 68 397 79 602 406
43 86 68 593 163 68 569 68 390
189 642 163
258 85 68 577 68 607
64 211 430 68 85 68 405 261 194 68 569 68 426 158 85 68 389 158 85 68 389 158 189
503 108 68 390 68 569 68 204 85 550 158 359 438 359
189 68 81 68 115 309 108 68 611 258 299
64 442
397 68 258 178 68 64 211 258 390
87 68 81 68 397 68 85 379 68 569 68 213 211 570
550 158 551
97 68 54 86 108 349 258 68 503 339 551 68 288 68 19 108 68 65 86 85
607 86 68 389 501 68 197 158 64 550 479 68 43 158 68 643 68 397 68 197 86
514 189
503 158 108
201 258 68 51 152 68 241
569 68 158 359 68 390 68 347 189 85
194 543
607 170 68 389 501 68 397 68 550 501 68 607 158 68 170 85 165
261 86 68 51 570 68 5 68 97 68 222 476 68 417 68 548
170 86 68 334 149 68 389 501 68 397 68 211 543 68 607 158 68 444 334
390 222 68 640
370 68 295 149 68 241 206 68 231 85 68 246 204 479
266 569 85
405 240
43 158
201 258 68 197 108 68 87 68 253 43 158 68 135 149 550 158 222
64 550 158 85 68 79 158 85
607 170 68 389 501 68 397 68 550 501 68 607 158 68 447 85 565 68 640 68 346 68 397 68 346 152 68 397 68 189 68 189
406 472 85 643 68 162
359 16 85
397 68 258 178 68 64 211 258 390
593 89 50 68 97 68 611 514 85 359 68 241 430 68 321 189 68 79 430 438 359
246 552 85
115 247 299
43 86 68 189 68 261 158 543 68 5 108 68 136 126
189 68 261 158 543 68 266 158 68 640 68 607 158 68 136 309 108
607 50
642 158 68 115 479 85 68 280 68 261 86 68 189 68 231 240 68 593 149
201 258 68 490 68 657 64 68 283 68 8
503 108 68 390 68 569 68 5 343 85 222 68 133 85 359
64 211 108 68 548 68 331 149 68 550 514 199 68 321 189 68 569 68 426 155
321 27 68 569 68 258 85 68 389 339 68 390 68 45 85 359 68 70 158 68 231 85
204 152 68 370 68 583 68 569 68 406 158 189 68 261 158 189
266 158 108 321 158
550 86 149
5 68 295 149 68 607 158 68 5 68 81 85 237 247 85 68 389 158 118 68 550 339
651 123 68 302 68 607 158 68 54 86 68 607 158 68 189 538
155 68 183 339
196 68 347 158 68 5 68 331 149 68 81 68 5 189 108
370 68 334 543 68 81 68 607 158 68 4 108 68 158 240
170 86 68 334 149 68 389 501 68 397 68 406 570 389 158 359 68 258 68 283 68 5
389 85 359 68 517 85
514 430
495
389 339 343 189 415
19 349 359
51 487
283 68 607 158 266 339 68 397 54 86 108 170 487
503 189 68 158 189 68 503 108 68 607 86 68 87 68 158 359
447 565
85 347 158
501 85 4 189 211 189 68 517 551
201 4 359
607 170 68 389 501 68 397 68 43 158 68 334 68 334 213 68 347 158 152 68 79 158 74 68 640
201 258 68 45 4 68 189 68 43 158 68 231 240
97 68 472 68 389 501 68 343 543 85 252 199 85 68 54 654 68 170 108 68 170 68 362 68 607 158 68 82
460
189 68 87 189 68 501 85 406 334 199 68 97 68 241 85 68 189 569 85 68 79 149 43 86 149
201 258 68 136 570 68 447 158 543 68 406 430
425 499 607 158 359
261 86 68 51 570
295 149 68 204 68 607 158 68 133 68 426
137 158 152 68 19 149 68 331 108 68 54 86 68 397 68 405 68 550 158 359
76 359 211 415
36 149 68 517 189 68 607 258 68 158 321 189 68 321 189 68 19 108 68 359 355 543 68 638
204 152 68 370 68 241 85 68 189 531 158 299 68 158 570 68 158
390 68 19 108 68 607 158 68 211 4 85 359 68 133 68 197 108 68 211 85 417
19 108
201 258 68 426 158 108 68 397 68 5 343 339
153 108 68 390 68 5 68 657 523 266 158 299 68 189 241 85 347 158 118
5 104 85 299
97 68 405 189 68 54 86
370 68 5 68 152 51 86 68 158 152 51 152 68 607 158 68 517 189 68 430 359 68 149 68 640 68 283
51 346 68 115 479 406 155 643
370 68 36 149 68 258 68 36 85 68 135 550 430 68 321 569
189 68 394 68 550 430 149
611 152 136 158 68 318
196
87 68 93 51 258 68 339 68 158 359 68 189 68 569 68 343 543 389 570 389 158 199
231 240
343 543 51 173
321 68 19 572 68 283 68 36 149 68 87 108 68 550 158 359
283 68 347 158
514 68 430 359 211 251 211
569 68 552 68 390 68 406 155 108
657 68 261 86 68 5 68 189 68 231 240 68 593 149
524 173
657 299 68 447 158 68 13 359
201 258 68 503 189 623 68 241 68 346
350 85
389 152
97
54 570 13 68 640 68 642 68 607 170
97 68 273 68 5 68 64 550 430 108
426 299
517 189 68 295 149 68 577 68 638 68 136 158 189 68 246 359
162 68 640
370 68 334 149 68 5 68 201 240 68 189 68 197 86 68 344 108
162 68 559 211 74
43 158 68 517 85 68 390 68 201 258 426
97 68 170 359 68 261 158 290 68 607 158 189
43 158 211 643
657 359 68 153 68 611 258 68 211 447 285 68 246 159 85
189 68 354 68 5 68 321 543 68 607 68 389 501 85 359 68 87 152
201 258 68 607 158 68 290 85 68 321 240 68 4 68 253
158 570 389 339 68 108 68 5 68 5 189 550 158 85 68 64 211 108
170 86 68 370 68 389 501 68 36 85 68 321 569 68 564 222 85 68 241 68 241
189 68 211 5 68 54 86 68 397 68 569 68 657 85 65 158
153 68 447 158 543 68 330 85 258 85 68 607 50
196 68 153 68 494 68 389 501
246 538 479
149 519 68 347 189
76 359
189 68 5 543 68 397 68 170 152
657 68 70 189 68 49
189 68 211 5 68 211 359 68 64 435 334 359 68 390 155
76 359 189 68 642 68 642 211
283 68 5 68 617 149 68 5 108 68 607
276 85 68 99 68 390 68 85 126 194
261 158 543 68 397 68 5
283 68 295 149 68 490 359 68 611 152 68 346 211 607 155
197 86 189 68 339 68 569 68 438 359
43 86 68 593 68 197 86 68 246 68 569 68 261 86 68 240 550 86
43 158 68 331 149 68 49 68 158 543 68 81 68 19 85 68 135 68 350 68 370 68 266 158 68 397 68 43 158 108
88 331
158 240
346
64 211 430 68 261 152 68 97 68 321 543 108
231 85 68 246 68 607 158 108 68 517 68 517 85
158 108 343 85 5
19 108 68 390 68 642 68 321 68 266 158 359 68 196 68 550 158 108
261 86 68 43 158
607 170 68 389 501 68 397 68 183 430 68 334 68 334 149
49 68 607 158 68 136 501 68 36 85 68 222 4 108
64 211 430 68 231 240 68 607 158
611 514 85 359 68 347 158 299 389 158 295 68 197 86 68 36 85 68 54 86 68 397 68 405 68 607 158 68 19 85
599 389 501 543 301
651 123 68 430 68 349 68 607 50
417 85 447 189
19 359 430 68 240 211 85 359 68 4 108 68 189 68 577 68 390 68 189 68 472 68 331 149 68 640 68 569 68 70 189
19 85 68 149
344 158 108 68 607 158 68 359
135 68 548 68 370 68 19 85 68 397 68 79 158 568
611 299
153 68 246 68 339 68 339 68 569 68 5 189 359
261 86 68 43 158 68 253 68 97 68 438 359 68 189 68 155
43 86 68 593 89 158 68 459 152 68 189 68 447 158 543 68 79 359 438 359
503 108 68 43 158 68 189 68 266 85 68 430 389 237 48
390 68 19 85 68 347 85
97 68 261 158 85 5
5 104 85
628 222
607 86 68 389 501 68 397 68 85 79 359 68 362 68 241 430
397 5
503 189 68 253 68 97 68 405 570
503 189 68 607 170 68 87 543 68 397 68 5 68 405
258 85 68 135 68 577 68 611 152 68 397
261 86 68 51 570
261 86 68 158 68 189 68 611 189 68 431 68 36 85 68 346
43 86 68 593 149 68 405 68 70 152
447 158 64 225
517 189 68 577 68 607 158 68 517 85 68 137 430
5 189 565 85 347 158 321 189
189 68 211 5 68 430 347 158 222 68 321 189 68 43 158 68 517 85
276 85 68 430 68 158 108 68 408 158 68 640 68 19 194 68 87 359
517 189 68 295 4 85 68 158 108 68 347 158 68 359 68 126 442 68 638
170 449
70 189 68 599 68 158
283 68 347 158
135 68 5 68 657 359
370 68 295 149 68 5 68 201 240 68 577 68 607 158 68 406 158 68 640 68 354 565
197 158 68 79 86
447 158 543 68 384 211 108
247 68 611 189 85 347 158 299
295 108 68 79 430 241 85 359 68 64 211 258 390
370 68 494 68 237 108
330 211
43 86 68 87 68 81 68 321 19 85 68 321 108 68 430 68 569 68 611 86 68 397 68 640 68 569 68 331 149 68 211 415
321 86 189 108
370 68 295 149 68 607 158 68 607 158 68 5 108 258 607 86
276 85 68 158 108 68 158 108 68 183 189 570 389 158 189
611 85
657 68 153 108 68 36 149 68 607 158 108
134 415 123 85 68 290 85 359
19 108 68 430 68 607 158 68 154 599 68 43 158 68 197 86 68 517 189 68 5 189 68 97 68 241 359 68 158 108 68 158
79 339
43 158 68 212 359 68 384 551
43 158 68 189 68 550 501 68 607 158 68 447 158 108 68 344 199 108
5 415
155 68 538 339 68 651 123 68 334 68 149 389 19 85
197 85 152
607 170 68 389 501 68 397 68 550 501 68 607 158 68 657 523 405 118
651 123 68 607 158 68 115 85 359
531 430 607 158 68 406 85 347 158 222 189
5 68 189 68 81 68 397 68 490 447 158 118 290
79 158 189 623
321 4 68 170 237 108
201 258 68 607 158 68 70 339 68 447 85 197 189
246 532 152
569 68 79 19 517 68 390 68 64 550 158 503 158 68 189 68 503 189 68 397 68 501 85 365 194 450 68 347 158 199 68 359
49 68 158 68 405 68 331 149
359 68 640 68 321 85
261 158 611 86 85 152
503 108 68 390 68 569 68 204 85 136 479 68 397 68 569 68 246 204 449
657 68 64 211 258 390
76 359
607 299 108 211 347 158 118 68 346 225
290 359 438 359
503 339 108
153 108
261 86 68 51 570 68 5 68 569 68 426 155 68 54 86 68 241 108
97 68 583 68 321 189 68 330 331
503 189 68 253 68 331 149 68 64 389 158 359 68 211 543
76 85 68 611 118
81 68 611 86 68 397 68 59 479 68 347 158 222 68 347 158 222
347 430 359 68 97
158 570 362 68 607 158
194 543
359 68 640 68 5 189 68 253 85
97 68 390 68 569 68 189 241 430 222 68 5 343 85 438 359
64 213 223 68 65 318 118
246 204 68 390 68 347 158 299
153 68 447 158 543 68 330 85 258 85 68 607 50
212 479
657
321 359
261 86 68 43 158 68 390 68 569 68 79 158 334 108
283
550 415
196 68 126 68 370 68 405 68 261 158 247 570
657
201 258 68 197 108 68 189 68 517 189 68 79 359 68 290 85 359 258
517 85
4 178
261 86 68 43 158 68 390 68 569 68 642 158
5 108 68 115 158 64
599 68 45 211 68 397 68 503 339 68 607 158 68 189 149
54 86
196 68 64 51 108 68 158 108 68 36 149 68 54 86 68 397
85 79 213 211
36 149 68 211 607 68 397 68 426 68 362
165 68 607 170 108 68 503 189 68 503 543 68 5
97 68 394 68 389 501 68 189 540 68 405 189 68 261 149
406 643
59 479 68 347 158 222 211 222 211 359
321 290
503 108 68 158 108 68 331 149 68 54 86
201 258 68 211 247 570 68 397 54 86 108
189 68 211 5 68 517 414 68 43 158 68 64 389 339
607 50 359 258
5 211 471 389
569 68 241 359 68 640 68 507 152 68 218
607 68 213 458 152
196 68 607 50 68 370 68 354 68 158 108 68 36 85 68 85 359 389 570 177 359
438 65 158 68 5 68 318 211 85 65 189 68 241 330
201 258 68 54 86 68 397 68 503 339 68 97 68 51 86 68 359
5 68 54 86 565
162
283 68 42 247 68 5 68 617 149 68 408 158 359 68 290 85 359 68 241
503 158 108
390 68 19 108 68 607 158 85 68 158 406 158 299 68 36 149 68 237 543 68 405 68 136 158 178 68 59 295 149
6
19 85 68 607 68 607 158 68 4 68 5 108 68 64 211 258 390
201 258 68 197 108 68 343 158 68 607 158 68 389 339 68 213 68 246 68 538 86 68 389 86
51 570
261 86 68 158 189 68 43 430
19 85 359
394 68 430 359 68 4 240 211
390 68 651 405 199 68 4 199
607 158 68 158 189 149
189 68 261 158 543 68 5 258 551
5 68 295 149 68 610 543 68 642 211
97 68 115 247 68 531 299 108 68 204 222 68 97 68 494
149 51 251 68 503 189
189 68 577 68 347 501 68 158 74
189 68 153 189 68 158 517 245 499 49 68 321 68 569 68 87 449
370 68 295 149 68 81 68 607 158 449 68 241 68 517 85 390 68 390
258 85 339
241 359 68 494 68 19
657 359 68 642 158
49 68 607 158 68 136 501 68 370 68 397 68 569 68 158 359 389 158 199 68 642 68 642 211
503 189 68 370 68 607 158 68 81 68 525 551 68 97 68 97
158 108 68 19 108 68 607 158 85 152 68 189 19 85 68 64 550 158 438 415 68 241 68 390 569
253 68 19 85 68 189 43 158 68 570 211 334 68 43 158 68 550 487 359
253 359 68 5 136 479
19 359 68 5 343 85
426 155 68 115 247 85 68 5 643
370 68 485 430 359 68 330 189 68 538 339 68 607 158 68 211 199 68 389 339
76 85 474 359
283
261 86 68 273 68 569 68 540 359
261 158 643
79 155 108
339 211 474
517 266 158 359
490
43 158 68 189 68 117 68 607 158 68 170 643 68 99 551
5 85 93 211 189
485 430 359 68 136 158 68 607 158 68 389 339 68 321 240 68 569 68 158 359 68 430 68 97 68 390 68 51 86
86 163 68 389 406 189
347 158 240
261 86 170
196 68 331 68 640 68 162 68 54 86 68 640 68 36 149 68 389 158 152
189 68 170 299 68 370 68 397 68 211 145 68 651 123 68 657 68 330 220 68 426 339 68 638 211
266 339
43 86 68 87 68 321 543 68 397 68 19 266 158 359 68 136 309
87 108 68 197 86 68 45 149 68 189 68 525 68 569 68 517 85
607 158 68 82 68 405 68 543 389 189 68 135 211 85
158 108 68 347 155 68 347 158
192 68 153 108 68 19 85
501 85 438 68 607 158 68 64 211 430 68 548 68 189 68 569 68 330 85 68 339 213
331 149 68 447 158 152 68 569 68 64 550 479
611 514 85 359 68 347 158 299 565 68 36 85 68 245 570 68 640 68 79 158 108
283 68 149 550 158 543 108
189 68 158 64 51 570 68 241 68 334 68 405 261 158 405 108 68 657 85 4 85 390 85
19 108 68 158 108 68 197 86 68 158 189 68 4 64 68 222 4 85
5 68 295 149 68 81 68 607 158 68 76 359 68 283 68 344 158 68 657 299
241 68 149 550 158 543 108
158 108
283
321 189
261 86 68 43 158 68 390 68 97 68 607 158 68 389 339
657 68 370 68 517
607 68 607 158 68 158 359
406 472 189
472 68 607 158 68 607 158 68 158 318
197 245 173
5 189 68 447 430 438
87 68 565 569 68 577 68 359 16 569 108 68 321 85 68 321 27
153 68 583 68 290 657 189 68 45 258 68 607 158 258 189 565 240 68 5
189 68 517 359 68 344 158 108 68 36 149 68 64 211 390 68 430 68 149
517 85 212 158 118
43 158 68 165 68 137 430 68 133 290
162
346 211 68 607 170
115 479
135 68 211 543 68 607 158 68 158 74
347 189
261 158 194 68 137 430
231 240
189 68 261 158 543 68 64 442 68 347 158 85
295 149 68 81 68 43 158 68 611 189 68 158 438
87 68 126 68 158 108 607 158 543 68 339 68 59 290
651 123 68 494 68 5 290 406 158 149
97 68 405 189 68 54 86 68 136 155 68 397 68 397 68 295 149 68 397 68 299 4 152
607 86 68 389 501 68 397 68 43 430 68 651 123 68 280
134 415 123 334
196 68 347 158 4 85 359 85 222 85 68 390 68 189 550 158 85
196
370 68 334 149 68 43 158 68 344 108 68 321 569
196 68 370 68 36 149 68 79 158 543 68 241 258 85 359
211 85 155
194 543 211 405 108
283 68 136 479 68 189 68 246 68 241 68 36 85 152
196 68 607 50 68 331 149 68 170 359
503 108 68 390 68 501 85 359 68 194 543 85 68 321 189
5 189 397 189
170 86 68 295 149 68 197 86 68 5 68 569 68 213 149 68 321 189
390 68 389 479 68 189 68 194 543 68 97
43 158 68 13 68 158 108 68 9 290
447 349 290 359
405 108 68 170 68 607 68 607 158 68 253 85
201 258 68 430 299 570 194 68 241 108 68 87 152
196 68 158 108 68 569 68 359 70 85 359 68 339 551 68 136 479 68 189 68 359 13 68 507 85
503 108 68 390 68 569 68 76 359 16 158 359 68 642 211
87 359 438
170
189 68 321 247 85 68 97 68 550 430 359 68 389 339
170 108 4
189 68 87 189 68 397 68 426 339 68 43 158 68 252 158 85
607 170 68 389 501 68 397 68 550 501 68 607 158 68 4 189 222 68 170 299 68 5 108 68 485 158 85 68 339 68 207 68 207 68 207
97 68 54 86 68 241 68 397 68 85 379 68 330 189 570
158 108 241 85 359
517 189 68 189 68 321 543 68 397 68 503 158 68 472 420
607 170 68 389 501 68 607 158 68 261 158 189 68 273
503 189 68 517 189 68 253 68 36 149
397 68 426 155
97 68 11
569 68 405 449 68 494 68 389 501 68 36 149 68 170 240
370 68 36 149 68 354 68 135 68 577 68 607 68 389 339 68 258 551
36 149 68 51 359 68 133 68 471 550 158 282 108 68 331 149 68 5 68 397 68 405 68 543 68 43 158 68 550 158 64 211 108
36 85 189 68 79 602 194 438 359
5 68 189 68 197 152
153 68 540 68 5 189 68 638 68 550 86
158 240 222 85 68 607 158 68 132
444 551
211 237 543 108
642 211 347 158 108 68 611 258
154 86 68 36 85 68 531 85
68 213
241 85 68 19 68 5 108 68 261 86 68 43 158 68 159 68 390 68 97 68 438 359 68 607 158 68 5
170 282 68 607 158 68 447 158 85 438 85 201 189 299
19 108 189
189 68 87 189 68 538 158 213 108
390 68 19 108 68 197 158 189 569 68 170 108
59 19 163 68 43 430
43 158 152 68 569 68 490
261 86 68 43 158 68 501 85 4 85 406 334 189 68 370 68 36 149 68 607 309
370 68 517 189 68 5 543 68 189 68 158 359 334 68 569 68 261 149 258 68 246 68 390 68 5
189 68 241 99 68 397 68 577 68 189 68 633 68 241 68 569 68 550 158 189 108
495 68 390 68 569 68 607 158 569 85
389 158 189 68 149 51 86 199
43 158 349
417
64 211 430 68 548 68 43 158 68 321 189 68 87 189 68 550 85 68 13 359
503 189
189 68 261 152 68 19 85
54 86 68 405 85 68 81 68 607 158 68 389 479 68 5 343 85
158 108 68 593 89 158 25 68 155 330 123 68 390 136 158 85 68 607 158 68 384
64 211 108 68 170 240 68 362
397 68 347 158 152 438 359
5 68 189 68 211 397 68 350 68 607 158 68 189 241 430 359 68 5 68 657 523 543 85 68 339
261 350
406 334 199 68 397 68 66
196 68 189 415 68 390 68 97 68 397 5 343 85
640 68 611 85 258 68 135 68 405 68 19 108
343 543
158 517 406 158 189 359
231 51 86
189 68 495 149 68 370 68 266 50 68 170 359 68 266 479 68 397 68 258 240
196 68 331 68 640 68 136 155 68 86 163 68 593 501 85
503 189 68 517 189 68 173 68 241 438 551 68 64 389 158 68 5 68 426 155 68 390 68 5 543 389 158 543 85
153 68 261 430 68 607 158 68 611 86
569 68 115 85 68 170 68 170 359 68 19 85 68 321 189
607 68 569 68 517 85
149 532 85 565
517 189 68 189 68 85 152 68 362 68 290 85 359
564 551
569 68 531 158 299 68 158 258 68 657 299 68 158 108 68 245 85 438 415 68 390 359 68 390 68 189 426 86
283 68 79 19 438 359 68 158 108 68 321 189 68 426 155
201 258 68 494 68 241 85 68 607 158 68 321 240 68 321 4
153 108
189 212 85 517
444 514 199
538 430 68 331 149 68 158 108 68 334 258
417
261 86 68 43 158 68 390 68 569 68 79 158 108 68 241 85 68 406 472 108
19 489 68 258 43 158
43 86 68 593 89 158 68 59 290 359 68 19 189 68 241 359
359 170 359 68 13 415
514 189
490 359 68 472 85 430
321 68 19 572 68 283 68 36 149 68 87 108 68 550 158 359
197 85 152
503 108 68 390 68 569 68 246 204 222 68 390 136 158 189
5 68 295 149 68 607 158 543 68 5 189 68 158 85
651 123 68 569 68 507 152 68 218 68 390 569
158 389 415 68 642 68 642 149
657 68 153 68 64 211 295 68 389 479 68 170 415 68 246 68 302 108 68 42 247 68 241 68 85 59 295
390 68 97 68 607 158 68 115 479 68 5 343 85 68 397 4 152
607 158 68 137 430 68 158 189 68 607 158 68 350 85
189 85 264 149 43 86 149
158 389 415 68 389 158 189
43 158 68 194 514 199 68 390 68 201 258 426
19 108 68 330 85 430
344 108 390 68 36 85 68 523 406 158 359
43 158 68 261 430 68 158 108 68 9 290
5 415
370 68 295 149 68 241 206 68 389 149
370 68 36 149 68 81 68 607 158 68 237 108 68 241 577 199
503 108 68 158 108 68 569 68 517 85 189 85 474
577 68 19
283 68 390 68 354
158 389 149 68 43 158 349 359
607 68 13 581 211
196 68 607 50 68 593 149 68 136 501 68 397 68 5 189 68 339 68 261 430 241 430
76 517 118
4 85 217
607 68 569 68 5 104 471 68 642
4 565
189 68 241 569 68 426 158 222 415 68 189 68 569 68 246
64 211 108 68 607 50 68 19 85 68 36 85 68 406 334 199 85 359 68 405 359 68 117 68 607 158 85
607 170 68 389 501 68 197 158 68 189 241 343 85 222 68 261 149 68 354 68 507 258 68 611
54 86 68 405 85 68 343 543 85 36 189
247 458
503 158
657 68 85 68 97 68 97 68 321
569 68 241 430 68 183 189 570 550
389 349 531 430
503 108 68 390 68 569 68 247 85
569 68 36 211 607 68 347 158 68 170
503 108 68 517 189 68 189 68 266 449 173
569 68 426 158
170 108 225 68 607 68 189 347 85 359
514 189 565 359
657 68 87 68 607
607 158 68 330
370 68 593 89 479 240 359 68 347 158 213 108
201 258 68 494 68 241 68 4 85 68 4 108
36 149 68 211 607 68 397 68 517 85 68 247 334 222 430 68 390 68 189 68 569 68 5 189 570 389 339
321 211 68 87 152
64 211 430 68 548 68 331 108 68 633 68 149 532 108 68 569 68 258 359
194 543
406 570 435 334 199 68 64 550 158 85
133 68 15 152 68 607 158 68 158 189 68 577 68 397 68 569 68 241 359
19 359 68 165
261 86 68 51 570 68 288 68 97 68 405
283 68 347 158
370 68 607 170 359 68 211 5 68 607 158 68 408 158 108
43 86 68 593 149 68 79 86 68 550 158 149 68 211 158 85 152 68 241 68 5
503 158 108
189 19 85 68 189 540
189 68 153 68 607 158 68 517 85 68 479 503 189 359
651 123
197 158 299 570 389 158 199 68 643
88 331
79 302 261 339 68 417 68 651 123
59 295 149
406 570 68 642 68 277
495 68 370 68 189 68 611 85 359 68 201 240 68 19 108 68 430 68 241 359 68 283 68 569 68 288 68 288 68 288 68 288
261 86 68 43 158
43 158 68 459 4 108 68 390 68 189 68 89 86 189
261 86 68 51 570
569 68 158 359 194 570 389 339 68 390 68 5 68 241 68 397 108 68 65 86
261 86 68 51 570 68 158 108 68 87 68 430 299 570 389 339 68 339 68 638 68 19 85 241 85 359
197 85 152
158 258 85
503 108 68 390 68 97
201 258 68 64
642 68 359 68 85 379
389 85 359 68 258 657 551
378 553
5 189 68 346 68 158
261 86 68 43 158 68 390 68 569 68 607 158 68 430 189 68 241 68 4
607 299 108 211 347 158 189 68 158 471
97 68 390 68 241 253
503 108 68 43 158 68 189 68 266 158 68 607 158 68 346 194 570 68 517 85
158 108 68 569 68 657 299 68 607 158 152
158 359 191
158 258 5
642 68 359 68 85 379
246 266 158 359 68 36 85 68 657 19
201 258 68 197 108 68 135 68 417 68 295 68 36 149 68 607 68 321 189
607 170 68 389 501 68 397 68 258 189 68 236 68 417 68 189 211 251 68 321 189 68 5 211 471
51 86 68 189 68 347 158 213 68 81 68 19 108 68 5
189 569 108 68 261 572
503 339
550 158 359 68 389 339 68 5 543
276 85 68 4 108 68 170 152 68 241 68 607 158 68 611 258 85
611 158 68 607
43 158 68 642 158 68 390 68 397 68 43 158
204 152 68 370 68 640 68 241 68 43 158
261 86 68 607 170 68 390 68 153
503 189 68 390 68 36 85 68 447 155 68 607 50 68 397 68 158 64 550 449
5 68 390 68 331 149 68 607 158 68 430 68 189 149 397 189
51 346 68 346
231 240 68 231 240
43 86 68 189 68 162 68 607 158 68 247 607 158 189
330 43 158 299 211
347 85 189 68 321 240
189 68 426 158 543 85 85 252 199
51 570 68 43 158 68 611 258 149 68 321 569 68 569 68 158 108
201 258 68 359
64 211 390 68 85 379 68 344 108
54 86 68 397 68 194 543 85 68 19 108
607 50 68 577
189 68 389 501 68 569 68 241 222 68 438 149 68 490 359
189 68 81 68 607 158 68 389 158 438 359 68 189 68 607 170 68 5 68 204 222 543
189 68 607 50 68 354 68 189 68 99 68 569 68 538 339 68 261 158 189 570 211
503 189 68 253 68 569 68 550 430 359 68 241 108 68 51 86 85 152 68 569 68 211 543
192 211
87 359 68 87 68 211 68 211 86 68 43 158 68 43 158 68 170
189 68 261 158 543 68 149 389 85 149
51 295 85
611 514 85 359 68 347 158 118 68 201 258 68 330 550 155 68 68 4 334 350 68 241 85 68 36 149
43 86 68 593 89 158 68 517 85 64 68 390 68 390 68 617
261 86 68 158 189 68 657 359 68 158 108 68 389 240 359 68 397 68 5 189 68 204 222
5 43 158 189 359 390
135 68 81 68 569 68 611 51 346 211 359 68 43 158 152 68 64 211 390
76 85 359 68 64 51 85
577 68 43 487 108 68 359 16 85
339 68 155
607 158 213 68 213 211 517
158 389 149 68 517
283 68 569 68 76 85 173 68 640 68 36 149 68 85 68 85 447 158 240
149 550 158 543 108
158 635 189 68 115 247 68 4
19 359 68 155 68 183 155 68
19 449
607 170 68 389 501 68 607 158 68 211 85 581 68 494
406 5 551 390
136 158 152
417 68 295 85 68 321 19 68 189 565 359 68 607 158 68 19 108 68 5 189 415
607 158 108 321 247 68 501 85 406 334 199
4 85 438 359 68 241
258 359 68 189 68 642 68 642 68 85
158 108 68 19 108 68 501 85 4 189 85 406 334 189 68 136 479 85 390
170 86 68 370 68 346 68 43 158 68 543 68 266 479
189 68 261 158 543 68 430 397 70 158 68 9
87 449 68 593 89 158 68 394 68 397 68 370 68 43 158 290 85
501 85 4 199 347 189 68 5 189 68 577
503 189 359 68 397 68 258
258 299 296
136 158 152
389 359 68 133
426 86 149
76 85 474 359
97 68 638 68 5 68 135 458 68 241 108 68 43 158 68 136 479 68 517 85 68 607 158 68 5 68 135 211 108 68 430 108 68 43 158 108
19 108 68 390 68 22 68 640 68 642 68 607 68 569 68 136 479
189 68 211 5 68 346 68 158 189 68 158 189 211 189 517
137 158 152 68 19 68 390 68 321 543 108
189 68 389 501 68 97 68 134 359 68 390 68 607 158 68 501 85 24 334 543 68 241 68 5 189 68 430 359 68 517 68 503 189 68 503 189 68 136 479 68 569 68 517 68 406 334 199 68 389 339 68 503 189 68 569 68 569 68 158 359 68 158 359 68 158 359 68 136 479 68 136 479 68 240 359 68 64 389 240 359 68 43 158 359 68 136 479 68 136 479 359 68 43 158 68 43 158 68
261 86 68 390 68 241 68 43 158 68 5 189 68 550 158 359 68 550 158 359
19 85 68 149
503 158 108
189 68 212 450 68 19 85
8
501 85 64 211
87 108 68 394 68 162 68 162
503 158 108
43 86 68 593 89 487 68 70 158 68 397 68 266 158 68 405 68 607 155
607 50 68 389 501 68 397 68 321 290 68 607 158 68 531 85 359 68 479
642 68 189 68 607 158 68 51 359 68 170 449 68 158 449
97 68 494 68 389 501 68 607 158 68 158 108
331 149 68 517 189 68 4 68 158 211 471 211 68 170 108 68 548 68 4 258 85 565
472 158 5 68 321 189 68 569 68 417
54 86 68 321 189 68 569 108 68 390 68 43 158 68 64 211 108
231 85 241 438
5 213 211 85 68 220 88 359
36 149 68 152 51 86 68 283 68 189 68 158 189
321 68 213 471 389 170
201 258 68 64 550 349 68 397 68 54 86 68 397 68 211 86 85 152 68 362 68 218
611 240
253 68 406 155 68 197 86 68 577 68 471 570 389 339 68 170 334 68 189 569 108 68 261 86 85 68 218
321 290 68 36 85 68 5 68 503 158
538 155 108 68 5 108 68 318
245 258 438
438 359
397 68 390 68 158 240 68 158 85 471 68 192
241 540 299 570
201 258 68 16 299 68 321 240 68 344 334 108
201 258 68 51 359 68 189 211 85 258 68 607 68 197 290 85 359
321 519 68 321 189
149 389 85 152 68 42
170 152
517 266 158 359
170
201 258 68 79 158 108 68 330 108 68 607 50
43 430
283
389 189
201 258 68 607 158 68 5 108 68 183 158 543 85
283 68 426 158 247 85
158 359
258 85 447 430 68 290 85 359
158 570 389 339 68 212 158 415
472 19 321 68 158 85 136 158 189 359
189 68 261 158 543 68 85 149 152 51 68 253
201 258 68 494 68 241 85 68 607 158 68 4 85 222 68 170 415 68 397 68 405 51 86 68 405
607 86 68 389 501 68 397 68 189 241 430 359 68 261 86 163 68 471 211 390
189 68 261 158 68 4 85 347 158 346 152 68 194 85
283 68 295 149 68 93 435 85 68 389 339 68 543 389 158 543 108
135 68 339 68 158 152 68 158 189 252 199
51 86 68 201 258 68 354 68 640 68 241 68 43 189 68 321 189 68 640 68 43 158 68 43 158 68 438 359 68 552 85
321 563 158
43 158 68 642 158 68 149 550 158 543 108
4 158 321 149
201 258 68 430 68 472 85 68 607 68 126 442
273 68 97 68 189 540 85 565
189 68 153 247 359 68 153 68 334 68 447 158 85 68 241 108 68 607 158 68 51 570 211
503 189 68 370 68 607 149 68 211 68 97 68 266 479
261 86 430 68 36 85 68 79 158 189 68
81 68 295 149 68 153 635 68 97 68 540 68 430 68 426 158
97 68 405 189 68 607 158 405 189 68 397 68 5
633
126 68 19 108 68 405 68 607 158 68 370 68 321 189 68 651 123 108
189 68 261 158 543 68 213 13 85
607 170 68 389 501 68 397 68 501 85 406 334 199 68 36 211 189 68 170 68 397 68 370 68 5 68 430
389 570
189 68 153 247 359 68 405 189 68 64 550 158 189 68 321 569 108 68 490 68 405 108 68 51 570
201 258 68 54 86 68 397 68 136 158 152 68 158 389 248 194 68 611 85 258 118 68 189 68 430 299 180 282 568 68 136 479
189 68 261 152 68 569 68 321 68 390 68 211 237 189
70 158 359
158 85 394
494 68 158 635 189
54 86 68 5 68 19
258 85 189 149
241 430 108
657 68 405 68 531 158 149 68 569 68 189 415 406 472
43 158 68 189 68 261 158 543 68 633
569 68 115 479 68 218 68 430 68 261 430 359 68 531 149
258 213 68 64 550 158 189
507 173
241 258 343 430 68 607 158
503 430 68 36 85 68 657 523 405 118 68 194 266 158 543 85
283 68 347 158
472 68 389 339
189 68 517 359 68 503 86 68 405 89 158 390 68 189 68 261 158 543 68 397 415 211 68 196
607 158 68 5 449 85 68 158 189 68 197 189
189 68 155 458 68 136 158 152 68 607 158 68 261 86 85 68 405 241 108 68 54 86 68 397 68 405 68 569 68 266 158 152
550 251 68 405 237 108
599 389 241 68 149 550 158 543 108
189 68 5 189 68 266 50 68 173
136 158 152 68 607 158 68 149 550 158 543 68 87 359 68 149 435 68 331 108 68 517 68 43 155 194 70 158
490 359
531 149 68 347 158 240
64 211 108 68 430 299 68 607 68 569 68 389 158 189 68 241 108 68 241 330 570 568
261 158 517 607 158
158 152 68 347 158
189 85
133
5 68 189 68 531 158 359 68 331 149
192 68 651 123 68 283 68 70 158 68 149
503 158 189 68 79 68 505
531 149 68 347 158 240 68 261 158
189 540 118
189 68 253 68 617 149 68 607 155 68 490 359
43 158 68 189 68 261 158 543 68 426 158 189 241 430 438 359
607 158 19 321 68 408 158 149
397 68 54 86
201 258 68 197 85 152 68 397 68 344 108 68 19 85
321 563 158 68 331
607 50 397 85
189 569 108 68 136 158
370 68 36 149 68 81 68 607 158 68 4 241 359 68 204 222 321 85
5 213 389 158 85 68 417
611 152
346 211 290 258
19 108
43 158 349
189 68 87 189 68 577 68 607 158 68 16 85 68 231 68 517 85 149
531 85 152 68 45 4 68 343 158 68 197 86 68 189 68 189 68 99 68 5 290 550 86 85 5
503 158 108 68 158 108 68 569 68 426 155 643
490 68 54 86 68 397 68 569 68 158 108 241 85 359
276 85 565 334 68 517 85
64 211 108 68 211 543 68 607 158 68 444 570 68 19 85 68 485 158 189 68 346 211
479 406 5 189 68 59 290 85 359
517 189 68 295 149 68 577 68 331 430 149 68 136 479 68 611 290 85
201 258 68 607 158 68 134 68 134 359 68 607 158 68 85 425
137 158 152 68 640 68 346
517 189 68 189 68 247 85 68 162 85 68 607 158 68 514 189 68 430 68 43 158 189
607 158 68 246 438 359 68 99 68 189 359 68 158 108
49 68 158 68 378 523 371 158 189 68 36 85 68 158 108 258 85
76 359
64 211 390 68 501 85 438 149 68 607 158
346 211 68 607 170
43 86 68 593 89 487 68 43 158 68 331 149 68 347 501 359
472 643 68 236 108 68 330
36 85 68 559 225 68 390 68 158 433 359 68 158 334 85 68 642 149
321 531 158 85 299 390
331 149 68 517 359 68 266 19 68 158 406 189 68 170 149 68 283 68 607 158 68 85 24 85 68 241 359
5 68 189 68 81 68 397 68 4 85 152 68 189 68 472 85 339
189 68 87 189 68 280 68 651 123 68 447 158 438 68 640 68 550 158 199
36 149 68 158 108 68 51 359 68 155 389 158 68 397 68 405 189 68 79 68 241 68 189 426 86
97 68 273 68 5 406 158 438
261 86 68 51 570
564 68 321 68 607 158 68 390 68 19 359
81 68 607 158 299 68 397 68 43 158 68 70 149
370 68 607 50 68 211 517 68 397 68 192 68 135 149 68 569 68 640 108 359 108 68 517 85 299 85
204 152 68 370
241 85 68 261 158 189 68 158 108 68 5 189 362 68 36 149 68 640 68 189 68 389 85 359 68 240 299 68 246 68 5 189 550 158 359
43 487 68 397 68 607 155 68 531 155 643
426 86
503 189 68 517 189 68 76 68 76 85 359 68 359
189 68 5 189 68 158 189 68 397 68 43 158 152 68 36 149 68 158 108
212 479 68 640 68 5 68 261 158 189
321 290
43 158 68 194 514 199 68 390 68 201 258 426
135 68 261 158 543 68 97 68 607 170 68 405 68 290 85
115 158 108
359 426 430 359
397 68 261 158
135 68 261 158 543 68 158 152 389 570 389 158 108 68 36 85 68 261 158 247 570
97 68 517 4 240 389 85 68 204 222 68 370 108 68 43 158 68 136 85 390
569 68 42 247 85 68 397 68 5 68 19 68 189 68 261 158 543 68 397 68 490 68 318 76 346 211 68 640 68 569 68 359 51 86 68 397 68 640
49 68 158 68 378 523 371 158 189 68 36 85 68 158 108 258 85
657 523 405 118 189
4 85 438
79 158 568 68 354 68 642 68 642 158
241 85 68 85 68 158 189 149 540
65 86 68 607 158 85 68 241
347 158 152
426 155 211 85 438 359 68 59 295 199 189 211 474
607 479 241 406 189
153 68 170 359 68 19 85 68 87 449 68 607 158 68 503 155 68 54 86
408 158 68 43 158 68 643
370 68 517 359 68 117 68 97 68 531 158 149 68 97 68 246 68 397 68 640 68 189 85
201 258 68 531 108 149 68 43 158 68 334 359
5 68 295 149 68 19 68 347 158 68 397 343 158 85
65 86 68 85 149 517
330 258 321 189 213
5 104 85
65 158 108 321 247 68 343 543 389 570
258 517 194
189 543 389 501 68 5 359
5 68 295 149 68 390 569 68 22 68 241 108 68 569 68 378 553
82 152 68 617 149 68 135 68 54 86 68 76 85 359 68 70 189
370 68 36 149 68 81 68 607 158 68 406 155 194 85
201 258 68 494 68 241 108 68 79 430 68 45 189 68 158 145 189 643
197 86 189 68 390 68 390 68 331 68 189 68 334 68 472 68 258 359
330 68 189 68 152 550 86
261 86 68 158 108 68 370 68 494 68 241 68 241 85 68 70 158 359
155 68 5 334
212 85 390
204 152 68 370 68 640 68 241 68 43 158
64 211 108 68 183 430 68 36 85 68 261 158 189 68 640 68 331 149 68 261 158 68 607 158 68 117 359
426 158 241
261 86 68 370 68 189 68 607 158 68 64 489
189 68 607 158 68 426 430 68 149 51 85 68 189 68 426 86
389 501 68 490 359
405 178 359
607 86 68 389 501 68 397 68 133 68 321 569 68 19 68 136 479
397 68 213 211 189
241 359
54 86 68 657 359 68 657 299
266 359
503 189 68 390 68 36 85 68 134 85
607 158 68 5
657 359 68 153 108 68 97 68 390
196 68 331 68 640 68 79 158 444 68 370 68 81 68 339 68 569 68 43 430 68 43 430 189 51
430 212 458 68 158 611 189 149
5 68 189 68 426 86 85
569 68 607 170
607 158 543 68 19 108 68 5 108 68 390
405 178 359
136 158 152
4 85 359 68 5 607 158 359
76 85 474 359
321 68 569 68 136 155
201 158 189 76 85 65 189
258 68 295 149 68 607 158 189 68 197 86
201 258 68 51 359 68 394 211 199 68 54 86 68 607 50 68 397 5 343 85
261 350 68 134 85 19 307 68 397 68 36 149
8
517 189 68 577 68 607 158 68 137 158 64
607 86 68 389 501 68 607 158 68 426 158 241 68 76 85 359 68 64 211 258 390
189 68 261 158 543 68 430 64 85 347 158 299 68 79 158 189
97 68 339 68 115 247 68 321 189 68 503 189 643 85
261 86 68 390 68 97
5 68 189 68 231 240 68 593 149
212 479
86 163 68 617 149 68 405 240 68 640 68 76 478
189 68 514 199 68 503 339
261 86 68 189 68 389 501 68 397 68 517 68 607
43 158 68 642 158 68 261 158 565 359 68 405 189 68 43 158 189 68 657 359
417
65 158 321 85
54 86
201 158 189 76 85 65 189 68 517 85
36 149 68 81 68 397 68 5 68 97 68 51 222 85 68 196 68 196
350 85
295 543 68 405 189 68 611 189 68 611 359
64 550 158 85 68 460
86 163 68 617 149 68 397 68 54 86 68 397 68 283 68 158
222 85
607 170 68 389 501 68 607 158 68 19 85 68 607 50 68 236 149
97 68 59 67 68 5 104 85
204 178 68 45 149 68 189 68 54 86 68 155 194
390 68 651 123 359 68 607 158 213 211 213
79 158 334 108
43 359 68 321 240
79 479 68 430
642 211 607 68 258 543 68 183 479
97 68 330 155 68 11
149 85 347 158 299 68 135 68 189 241 68 19 299
651 123 68 430 68 607 50 68 19 85 68 170 449 68 85 430
97 68 430 68 339 68 607 158 68 426 155 68 397 611 152
79 86 108
607 68 447 158 543 68 189 149 389 149
258 611 189 68 231 240
651 123 108 68 246 68 390 68 347 158 240
370 68 334 543 68 81 68 642 158 68 241 85 68 158
611 514 85 359 70 158 118 68 295 68 36 85 68 45 108 68 261 86
321
213 51 86 68 43 158 68 51 487
196
514 189
189 68 343 543 68 36 149
201 258 68 447 189 68 261 86 68 158 108 68 36 149
370 68 36 149 68 81 68 607 158 68 417
507 359 68 218
5 104 471
283 68 640 4 85 222 85 359
503 108 68 158 108 68 331 149 68 54 86
189 68 261 158 543 68 5 108 68 390 334 199 68 362 68 5
158 108 68 36 149 68 170 415 68 197 86
97 68 569 68 490 359 68 85 447 158 245 68 189 68 517 189 68 321 240 68 331 149
389 199
64 211 108 68 503 339 68 49 68 158 68 517
4 85 222 189 211 359
87 108 68 54 86 68 397 68 636 68 334 149 68 607 158 68 133 68 397
196 68 607 50 68 370 68 5 68 241 85 152
359 458 68 607
640 68 611 85 258 68 485 430 359 68 426 189 68 344 108
321 189
390 68 158 152 550 86 85 68 153 108
611 85 258 390
261 86 68 43 158 68 5 68 331 149 68 261 158 543
43 86 68 189 68 261 158 543 68 5 108 68 136 126
607 158 64
158 570 362 68 607 158 68 503 158 108 68 607 158 68 189 68 343 158 199 149 438 68 5 68 87
503 158 108
189 68 261 152 68 197 86 68 397
564 68 550 158
196 68 9 290 389 580 68 189 68 273 68 170 108
607 86 68 389 501 68 397 68 517 389 158 68 334 68 657 85 68 59 247
194 543
517 189 68 189 68 136 158 152 68 607 158 68 76 85 68 344 199
503 339 68 607 158 68 158 189 149 68 64 211 258 390
170 86 68 334 149 68 408 405 68 36 85 68 593 89 155 49 68 246 204 479 68 517 85 5
19 108
5 68 295 149 68 85 36 149 108 68 657 359 68 170 415 68 331 487 149 68 290 258 68 241 359
196 68 158 108 68 569 68 490 359 68 472 471 108 68 362 68 607 158 365 430
507 173
196 68 607 158 68 607 158 108 68 406 430 68 149 550 158 25 68 339
611 149
657 149
346 68 241
565
43 86 68 593 89 158 68 330 189 5 68 115 158 68 490 359 68 258 59 67
51 569 68 331 149
517 189 68 189 68 4 85 152 68 153 108
231 240
201 258 68 607 68 527 68 76 85 359 68 330 108
390 68 36 85 68 503 158 240 68 231 240 68 339 68 321 240 68 5
64 211 472 68 397 68 5 68 331 149
261 86 68 390 68 36 85 68 231 85
569 68 5 155 68 390 68 43 158 64 442
134 415 68 517 68 517 85 390
261 86 68 43 158
97 68 390 68 241 359 68 640 68 19 85 68 283 68 531 158 149 68 279 194 108
197 158 213 68 390 68 390 68 45 149 68 43 158 68 346 68 158 213 68 607 158 543 550 158 543 68 64 211 390 68 64 550 158 213 68 430 68 43 158 213 68 43 158 213 68 136 479 68 64 550 158 213 68 43 158 213 68 158 213 68 158 213 68 158 213 68 158 213 68 158 213 68 158 543 68 43 158 213 68 43 158 213 68 43 158 213 68 43 158 213 68 43 158 213 68 158 213 68
126 68 152 550 86
189 68 211 5 68 397 68 136 158 68 241 85 359 68 241 65 108
347 158
43 359 68 321 240
657 68 97 68 390 68 617 68 607 158 68 258 85 359 68 438 415 68 246 68 5 68 583 68 397 68 617 149 68 638
569 68 136 158 68 19 85 194 68 569 68 514 68 158 108 68 158 635 189
19 108
258 350
283 68 569 68 173 68 241 68 543 108 68 397 68 59 290 85 359 68 607 158 68 406 334
472 471 389 85 359
651
158 359 191
189 68 426 86 85 68 85 68 85 447 430 68 339 68 189 569 108 68 133 85 258
525
593 89 487 68 5 68 607 158 68 347 158 240 68 115 479 68 246 68 318
524 194
5 68 189 68 211 199 68 359 538 339 68 538 158 189 570
153 108 68 97 68 390
261 86 68 51 570 68 81 68 593 163 68 362 334 222 4
5 334 222 85 68 397 85 68 397 334 51 86
124 68 158 189 68 241 149 484
531 85 68 133
447 67 415
189 68 261 152 68 189 68 81 68 569 68 64 149
261 86 68 43 158 68 5 68 331 149 68 350 85 68 640 68 343 158 199
189 68 81 68 397 68 43 158 68 280 170 152
657 359 68 189 68 389 501 68 87 85 611 85 68 79 359
5 189 68 611 86 68 280 68 550 430 359 68 13 359
97 68 359 68 158 189 149 540 68 290 85 68 153 108
158 48 321
201 258 68 54 86 68 607 68 569 68 426 158 68 5 108 406 158 299 68 389 158 359 68 638 68 397 68 577 68 359 16 85
266 430 68 158 108 68 79 158 85 68 135
552 85 220 68 153 85 430
70 158 213 211 85
64 211 430 68 583 68 97 68 197 85 359
390 68 397 68 5 108 68 135 211 85
231 85 68 607 479 68 479 149
651 123 68 405 108 68 321 405 240 68 76 85
261 405 390
153 108 68 97 68 390
503 108 68 517 189 68 347 501 68 607 158 68 158 108 241 85 359 68 490 68 397 68 5 68 339 68 154 599
43 158 211 570
59 64 211 108
43 350
5 68 295 149 68 459 543 108 68 5 471 211 68 201 258 471 85 68 397 68 651 123
426 158 85 68 5
507 173
611 290 85
550 158 68 640 68 569 68 447 155
517 189 68 189 68 417 68 640 438 68 241 68 397 611 152
444 621
261 86 68 43 158 68 390 68 97 68 70 189
607 158
196 68 158 108 68 43 158 68 331 4 85 359 70 158 118 108 68 241 68 85 65 189
343 543 85 331 487
87 68 87 108 68 347 501 68 607 158 68 266 339 68 550 158 189 570 68 339 68 339 68 19 85 241 85 68 158 85
273
64 211 108 68 16 158 543 68 607 158 68 158 517 245 499 49 68 59 290 85 359
43 430
611 240
43 158 349
359 70 85 359 68 339 551 4 85 222 611 390
43 158 68 517 85 68 583 68 43 158 237 68 362 68 149 68 240 194 331 430
394 68 321 543 85
569 68 79 602 194 68 266 68 261 158 68 507 211 68 390 68 321 543 68 321 189 68 241 359 68 354 68 213
86 163 68 617 149 68 426 158 68 5 108
189 68 321 290 68 5 104 152
97
444 359 68 640 68 390 68 54 86 68 397 68 405 68 241 68 569 68 85 4 189 149 68 85 359 426 430
503 339 108
97
201 258 68 559 211 86 149 68 93 389 158 152 68 97
5 68 189 68 136 158 152 68 36 85 68 321 85
5 68 295 149 68 569 68 211 258 607 309
607 170 68 389 501 68 397 68 43 158 68 252 199 68 64 389 339
43 86 68 593 149 68 417 68 638 68 334 68 4 149 359
531 85 68 54 86
196 68 501 85 4 189 211 85 406 334 68 640 68 261 158 543
577 68 321 240
390 68 19 108 68 197 158 189 569 68 212 85 68 204 222 68 334 189 149
261 86 68 370 68 36 149 68 152 550 86 68 569 68 288
569 68 65 155 49 68 390 68 640 68 640 68 189 85
283 68 390 68 97 68 5 68 640
189 68 81 68 426 158 68 524 389 158 359 68 495 68 261 158 543 68 569 68 426 158 68 5 258 68 390
64 211 68 135 149
261 86 68 43 158 68 5 68 189 68 321 569 68 593
201 258 68 5 290 85 241 194 68 331 149
201 258 68 213 211 199 68 344 108
447 158 211 390
189 68 87 108 68 607 158 68 344 149 68 115 158 108
531 85 194 5
197 247 389 158 108 68 197 240
611 222 628 359
43 155 68 115 346 68 43 158 42
517 189 68 651 68 158 479 211 189 68 137 430 42
51 570 211 68 347 158 68 51 68 258
201 258 68 197 85 152 68 19 68 189 68 43 158 68 359 68 339 68 430 108 68 617 149
49
330 123 194 68 642 68 642 158
133 68 283 68 261 570 389 339 68 158
517 359 68 70 86
189 68 517 499 68 642 152 68 405 261 430 68 5 68 189 85 531 158 334 570
447 155 643
517 194 149 68 295 4 108
201 258 68 197 108 68 87 68 117 359 68 81 68 201 258 390 68 19 85 68 339 68 550 501 68 339 68 158 108 68 640 68 36 85 68 640 68 640 68 640 68 19 85 68 343 158 108 68 343 158 108 68 640 68 19 68 640 68 640 68 19 68 640 68 640 68 19 85 68 19 85 68 640 68 640 68 640 68 640 68 640 68 640 68 640 68 640 68 19 68 19 68 640 68 640 68 640 68
607 86 68 389 501 68 397 68 517 389 158 68 334 68 158 517 85 68 359
370 68 565 569 68 525 551 68 97 68 417 68 204 68 189 68 569 68 5 189 570 389 158 199
16 158 543 68 158 68 241 85 359 68 5 85 430 68 640 68 54 654
231 51 86 68 196 68 517 189 68 189 68 640 68 36 85 68 397 189 550 158 85
266 569
43 158 349
42 282
135 68 417 68 617 149 68 607 158 68 51 86 68 321 189
640 241 430 359
503 189 68 370 68 36 149 68 321 290
359 170 359 68 552 85
189 241 85 359 68 359 191
321 563 158 152
64 211 472 68 397 68 5 68 331 149 68 550 158 68 390 68 485 430 68 5 189 68 115 158 359
283
321 68 569 68 343 158 199
430 331 68 240 389 334
611 149 223 347 158 118
607 170 68 389 501 68 397 68 258 189 68 236 68 405 68 501 85 24 68 642 68 59 295 85 68 5 68 607 155 68 43 158
19 108 68 330 85 430
611 152 68 64 211 258 390
503 108 68 43 158 68 189 68 258 68 651 123
438 65 158 68 5 68 318 211 85 65 189 68 241 330
212 155
397 68 5 225
43 158 68 158 108 258 68 158 108 68 149 550 158 543
607 158 543 68 397 189 68 19 85 68 640 68 97
76 85 240 415
611 514 85 359 68 347 158 118 68 201 258 68 330 550 155 68 68 4 334 350 68 241 85 68 36 149
196 68 158 108 68 569 68 261 158 247 570 334
36 149 68 211 607 158 68 459 4 68 607 158 68 430 447 158 108 68 241 85 68 19 299 68 430 212 158 108
158 152 68 347 158
261 158 189 68 149
531 199 85 343 189 211 85
503 189 68 390 68 569 68 189 211 85 531 158 359
394 359
189 68 607 50 68 152 51 86 68 261 86 68 397 68 657 241
607 479 241 406 189
189 68 87 189 68 59 173 85 359 68 607 158 68 344 240 359
611 85 359
196 68 273 68 569 68 321 199 68 321 189 68 85 447 158 438 359
503 158 108 68 334 68 295 85 359
97
87 68 124 359
189 68 607 50 68 81 68 189 389 149 68 5 189 68 517 189 68 36 149 68 459 543 108 68 640 68 5 343 543 211
231 51 86 68 651 123 68 36 149 68 36 149 68 258 4 178 68 258 607
283 68 347 158
261 86 68 43 158
405 68 70 158 359
64 211 390 68 85 379 68 344 108
261 86 68 253 68 97 68 19 85 359
607 170 68 389 501 68 397 68 550 501 68 607 158 68 657 523 405 118 189
65 108 68 241 408 334
51 501 68 5 68 657 359 68 359
406 5 359 68 517 85
158 570 389 158 199 68 538 158 359
258 85
517 194 359 68 479 240 222 4 68 362
97
19 85 68 607 68 607 158 68 4 68 5 108 68 64 211 258 390
503 189 68 370 68 370 68 81 68 189 241 343 189 68 258 611 258 390
331 108 68 183 158 359 68 183 158 240 68 245 85 258
222 158 85 68 133
503 189
153 68 636 68 607 158 68 51 359 68 640 68 607 155 194 331
51 487 359 640
607 155 68 435 334 68 611 158 68 133 68 321 543 108 68 153 108
405 240
485 479
346 225
490 359 68 76 406 479
390 68 170 484
189 68 5 68 607 158 68 201 258 136 152
189 68 389 501 68 194 213
51 86 108 68 447 158 438
43 158 68 64 550 479
59 479 359
593 68 43 158 68 54 86 68 640
212 158 85 189 68 261 149 68 261 149
261 86 68 5 68 189 68 339 68 651
97
607 170
370 68 295 149 68 321 4 68 390 611 438 359 68 321 189 68 87 478 390
607 299 108 211 347 158 247 68 5 104 85
136 158 152 68 607 158 68 640 68 405 553
153 68 330 86 68 397 68 552 85 68 153 108 68 430 68 158 258
503 430 68 36 85 68 158 108 68 5 48
85 222 79 479 68 607 158
76 517 222 149
97 68 550 501 68 607 158 405 629 359 68 19 108 68 321 415
397 68 54 86 68 64 211 390
642 405 108
266 158 194 68 4 68 79 602 194
196 68 347 158 68 5 108 68 253 68 76 85 359 68 246 68 211 543 68 241 68 240 51 85 68 241 68 85 152
196
246
485 430 359 68 283 68 189 68 87 359
261 86 68 343 158 68 153 108 68 241 108 68 43 158 68 135
261 158 189 406 158 240
115 479 359
241 359
447 349 290 359
390 68 64 51 570 326
4
196 68 390 68 36 85 68 246 68 640 68 569 68 5
36 211 607
79 158 543 68 330 85 197 86
115 158 237
86 163 68 246 68 339 68 211 471 211 68 85 152 68 85 632 68 133 68 390 569
517 194 68 642 68 642
211 543
321 211 68 87 85 68 642 68 642 569 108
64 211 108 68 347 85 189 68 321 240 68 617 108 68 346 68 173
321 85 68 607 158
628 85
642
135 68 196 68 339
472 68 390
261 158 85 258
657 68 5 68 370 68 81 68 426 158 359
261 86 68 51 570 68 126 68 569 68 640 4 85 359 68 405 68 5 189 550 158 85 5
196 551
201 85 194 543 211 343 189 359
503 339
503 189
447 565 359
5 543 16 430
136 309 108 222 149
642
189 68 87 359 68 569 68 426 158 68 158 245 406 158 189 68 430 68 19 390
158 237 347 158 222 68 390 611 189 68 390
36 149
87 68 81 68 346 85
517 189 68 189 68 343 543 68 343 543 85 252 199
447 349 290 359
158 389 415 68 389 158 359
330 222
43 86 68 593 89 158 68 344 339 68 640 68 79 158 189
36 211 607 68 657 222 149
97 68 397 68 5 68 318 85 430
261 86 68 51 570 68 5 68 569 68 447 334 85 241 68 211 517 258 359
370 68 36 149 68 192 51 86 68 607 158 68 524 240
87 449
447 158 4 108
503 108 68 390 68 569 68 611 569 85
426 158 359
261 86 68 370 68 189 68 350 68 241 430
503 108 68 390 68 569 68 76 359 16 158 359 68 642 211
196 68 331 68 640 68 43 158 68 42 68 640 68 36 149
5 108 68 115 158 64
196 68 390 68 36 85 68 194 149 68 115 479
503 108
197 86 68 189 68 347 189 68 359 258 85
258 68 295 149 68 197 189
51 158 189
258 611 189 68 36 149 296 359 68 247 334 108
201 258 68 321 290 68 321 4 68 170 108
64 211 258 68 136 158 152 68 321 240 68 36 85 68 197 108 68 253
447 158 543 68 330 85 197 86
212 479
43 86 68 593 149 68 43 158 68 13 68 288
158 189
517 189 68 189 68 136 158 152 68 638 68 569 68 64 550 158 189
19 85 68 607 158 68 54 86 68 189 159
70 339
204 152 68 370 68 241 85 68 36 149 108 68 346
158 240 222 85 68 607 158 68 189 415
258 85 68 334 149 68 517 189 68 347 85 68 97 68 321 189 68 569 68 76 359 68 241 68 642 68 642 68 642 68 642 68 406 158
503 189 68 126 68 370 68 405 68 246 68 607 158 85 442
189 68 261 158 543 68 241 430 68 189 68 417
196 68 607 170 68 617 149 68 426 158 85 68 550 158 68 640 68 569 68 447 158 48 68 165
346 211
330 43 158 299 211
79 339 108
64 211 258 68 136 158 152 68 321 240 68 36 85 68 153 359
158 389 415 68 642 68 642 149
370 68 36 149 68 471 51 158 108 68 330 570
503 189 68 253 68 569 68 525 551 68 45 290 68 389 158 543
290 149 258
611 514 85 359 68 347 158 299 68 321 189 68 15 189 68 569 68 611 258 85
36 211 199 85 299
472 68 390
189 68 81 68 397 68 43 158 152 68 607 158 68 201 85 299 68 43 155
503 108 68 390 68 569 68 4 85 359
212
197 85 359 258
135 68 494 68 158 635 189 68 158 189 68 611 68 136 479
426 155 643
503 158 108
370 68 36 86 68 152 550 86 68 87 108 68 349 68 170 359
430 359 307
517 189 68 593 68 599 68 158 68 503 108 68 569 68 51 240 194 515 299 68 258 43 189 68 115 479
611 152
170 68 607 158 68 607 158 108
494 68 246 359 68 241 68 158 68 343 158 68 266 158 68 331 68 149
135 68 258 68 370 68 334
607 86 68 389 501 68 607 158 68 559 225 68 640 68 405 108 68 64 211 258 390
196 68 390 68 19 85 68 397 68 258 68 158 635 189 68 153 189 108
19 359 68 158 479 261 189 68 607 158 68 334 68 5 189 68 51 85
51 570 211 237
97 68 211 67 68 321 189 68 569 68 76 85 68 64 211 108
355 68 197 86 68 197 86 68 54 86 68 397 68 258 149
97 68 538 158 189 68 570 389 158 623 68 607 158 68 638
158 108 343 85 5
540 68 517 499 389 158 118
97 68 290 85 568 136 479 68 189 68 194 543 68 97
204 152 68 370 68 640 68 241 68 43 158
588 149 68 213 643
5 68 189 68 211 68 607 158 68 51 85 628 222 68 241 85 68 43 158 68 43 158 68 158 406 211 189
64 211 108 68 16 158 543 68 569 68 5 211 347 430
261 86 68 593
43 158 68 517 85 68 430 68 162 68 607 170 68 321 189 68 569 68 261 158 85
261 86 68 43 158 68 390 68 607 158 68 51 346 68 346
569 68 189 426 487 68 640 68 334 68 638 359 13 85 68 158 108 68 607 155 68 197 108
405 189
189 68 394 359 68 550 501 68 189 68 54 654 68 397 68 5
321 68 295 149 68 607 158 68 54 86 19 359
261 86 68 370 68 189 68 577 68 397 68 362 68 607 158 390
189 68 211 5 68 397 68 295 149 68 426 158 85
503 158 108
642 158
355 611
611 152 162
189 550 487
153 68 158 152 68 79 158 543 68 236 108 68 564 68 607 170 68 607 170 359 68 593 89 158 68 344 149 68 19 68 370
370 68 36 149 68 81 68 134 85 68 517 68 517 85 390
569 68 16 290
514 430
642 68 189 68 261 158 68 569 68 370
43 158 85 240 149
189 68 261 158 543 68 607 158 68 531 158 334 68 640 68 517 85
189 68 211 5 68 406 158 152 68 640 68 607 158 68 389 85 68 640 68 607 479 79 359
222 85 189
559 211 5
43 158 349
258 85 4 85 359
213 13 68 438 359 68 517 551
657 523 405 118 189
197 86 68 607 158 68 331 149 68 343 189 199 85 299 68 517 85
136 158 152 68 344 199 85 359
517 189 68 577 68 569 68 246 68 183 67 68 302 108
204 152 68 370
331 108 68 599
189 68 261 158 68 577 68 16 158
36 149 68 197 86 68 430 68 5 108 359
611 290 85 68 36 85 68 189 170 359
76 85 474 359
76 85 474 359
261 86 68 43 158 68 390 68 569 68 79 158 334 108
331 390
115 247 85
283 68 569 68 5 68 397 68 397 343 158 85
13 149 136 479 68 43 158 290
196 68 189 550 570 13 68 97 68 51 86
331 149 68 397
657 68 564 68 334 68 290 85
276 85 70 158 68 64 211 108
4 430 241 85 359
347 158 85 5
189 68 124 68 5 68 19 194 68 607 158 68 430 68 517 189 68 406 158 359
503 158 240
253 359 68 213 211 240
569 68 211 199 212 85 68 607 50 68 390 68 70 339
346 68 158 68 158 152 550 158 68 607 158 68 359 68 593 211 240 68 231 240
370 68 334 149 68 170 359 68 447 158 68 321 19 108 68 194 231 85
196 68 158 108 68 569 68 359 70 85 359 68 339 551 68 136 479 68 189 68 359 13 68 507 85
261 86 68 158 189 68 192
189 68 583 68 321 189 68 211 209 189
389 158 240 68 490 359
593 108 68 330 538 155 68 54 86 68 339 68 196
189 570 389 415
115 247
236 4 607 68 209 501
538 155 211 108 68 64 211 108
170 86 68 370 68 389 501 68 397 68 5 68 339
4 430 68 321 189
76 85 359 68 5 85 568 458
479 68 155 68 321 543 68 321 247 85
321 68 189 68 611 189 68 339 68 158 359 68 158 36 85
204 152 68 370 68 241 85 68 136 158 108 68 43 158 108 68 640 68 231 51 86
370 68 36 149 68 81 68 607 158 68 45 240 68 517 85
211 158 189
495 68 79 222 5 68 362 68 76 85 222 85
283 68 569 68 43 430 68 43 430 68 569 68 447 158 108
514 240 359
201 258 68 559 211 68 397 68 153 108 68 19 85
607 86 68 389 501 68 397 68 81 68 359
189 68 211 189 68 459 543 68 569 68 124 68 640 68 362 68 261 85 359 211 189
607 170 68 389 501 68 397 68 261 158 189 68 334 68 295 220
607 50 68 389 339 551
189 68 87 189 68 397 68 517 85 68 640 68 569 68 246 204 222 85 565
136 479 68 76 85 359 70 430
5 68 295 149 68 153 543 68 517 499 389 158 222 343 543 68 390 136 309
42 334 199
211 430 359 68 330 85 390 68 79 430 108
258 189
406 85 299 389 158 85
503 108 68 390 68 569 68 87 222 85 68 241 299
158 635 189 68 611 189 68 611 222 85
51 86 68 97 68 273 68 212 85
611 189
97 68 43 158 68 76 85 359 68 347 158 68 344 108 68 397
503 158 108
79 158 108 68 642 68 64 211 438 359
97 68 273 68 197 68 240 194 515 68 189 68 279 194 108 68 426 339 68 550 158 149
152 51 86
133 68 426 86
370 68 36 149 68 81 68 607 158 68 4 531 158 85 359 68 197 86
51 237 108 68 158 635 189 149
355 68 283 68 5 68 390 68 97 68 397
189 68 99 68 133 68 417 68 607 158 68 405
321 211 68 87 152
45 108
503 108 68 390 68 569 68 5 343 85 222 68 133 85 359
241 85
189 68 607 50 68 261 158 543 68 607 170 68 64 225 68 189 68 4 85 347 158 149 68 85 64 550 158 108
344 158 108 261 487
19 163
611 152
261 158 543 68 347 158
408 158 149 266 158 359
158 85 583
153 68 273 68 390 136 158 543 68 170 415 68 607 158 68 152
517 189 68 577 68 607 158 68 4 406 155 68 430 199
261 86 68 158 108 68 331 149 68 5 189 570
189 68 607 50 68 577 68 97
447 189
241 108 68 43 158 68 550 237
569 68 447 430 68 158 108 68 241 85 209 189
54 86 68 390 136 339 68 607 158 5
97 68 136 158 178 68 266 158 359 68 397 68 189 149 362 68 266 158 68 517 85
4 406 155 68 444 334
276 85 68 384 68 607 158 68 4 359 68 394 68 149 550 158 543 68 189 68 569 68 5 189 68 170 108
611 158 68 607 68 5 68 331 19 85 258 85 258 438 68 339 68 280
153 108 68 97 68 390
115 158 108
189 68 211 5 68 474 85 290 258 68 197 86
189 68 5 189 68 258
642 68 189 68 607 158 68 51 359 68 170 449 68 158 449
569 68 65 318 359 68 390 68 213 47 359
651 123 68 390 68 189 550 86
642 68 189 68 607 50
189 68 87 359 68 607 158 68 85 390 68 552 359
19 108 68 158 189 149
97 68 59 67 343 339
201 258 68 241 68 36 330
153 85 68 51 570 211 68 347 158 68 51 68 258
607 158 568 225
42 247 330
154 86 68 197 86
370 68 334 149 68 170 359 68 397 68 426 158 334 85 68 472 85 68 302
85 433 359
43 158 108 258 118
321 189 68 241 359
85 70 158 359
211 430 359 68 5
241 85 68 390 347 158 359 68 258 189 258 390
611 85 299 85 299
97 68 16 339 68 397 68 253 68 331 149 68 43 158 471
517 189 68 295 149 68 79 302 68 97 68 430 68 70 85
136 158 152 68 97 68 155 68 485 430 359 68 49 68 158 68 54 86 68 64 211 390
204 152 68 370
5 189 397 108
4 152 430
189 68 86 163 68 397 68 321 635 108 68 51 86
607 158 68 158 189 149
64 211 430 68 546 68 370 68 36 85 68 43 158 68 22
607 170 68 389 501 68 370 68 397 68 5 68 330 68 290 85 68 354 68 638 68 43 158 68 201 258 68 280
390 68 651 68 569 68 79 158 479
517 189 68 189 68 611 299 149 68 569 68 85 447 158 240
261 86 68 51 570 326 68 189 68 81 68 397 68 503 158 359 68 241 85 68 136 479 68 479 79 158 189 68 389 85 359
494 68 5 189 406 158 438
201 258 68 209 85 68 607 158 68 394 68 389 501 68 79 359 68 79 359
253 68 133 68 133
531 359
261 86 68 43 158 68 158 108 68 36 149 68 354 68 79 152 68 640 68 189 68 347 158 85 68 640 68 79 222
211 158 189 68 501 68 479 397 85
331 149 68 397
611 158 68 189 565
4 64 442
261 86 68 370 68 36 149 68 117 68 651
11 68 246 173
153 108 68 97 68 390
97
189 68 5 68 447 158 189 643
43 158 517 414 68 517
503 158 108
607 158 68 460 68 640 68 611 240 68 64 211 258 390
213 307 359
189 68 354 68 19 85 68 5 189 68 197 86 68 611 258 85 68 85 299 68 321 247 68 19 108
189 145 152
153 68 447 158 299 570 246 136 487 68 5 68 331 68 5
417 85 447 189
642
196 68 347 158 68 5 68 331 149 68 93 51 487
406 472 189
5 189 108
189 68 472 420 68 471 550 158 68 158 189 68 406 211 643
258 189 565 68 197 237
370 68 334 543 68 81 68 19 85 4 68 43 158 68 135
425 499 643
51 86 68 97 68 5 565 359 68 611 222 68 158 189 68 158 36 85 68 642 68 5 189 68 42 247
79 222 85
370 68 36 149 68 81 68 607 158 68 252 199
406 5 359 68 517 85
607 86 68 389 501 68 397 68 204 359 68 607 158 68 517 85
261 86 68 43 158
136 158 152 68 135 149
16 158 543 68 607 158 68 394 68 136 158 189 152 68 640 68 514 430
569 68 158 359 68 390 68 149 532 85 611 152
201 258 68 5 189 68 503 339 68 136 158 189 570
321 543 108
611 222 85
204 152 68 331 149 68 189 68 158 68 447 158 85 406 158 359 68 97
447 158 543 68 330 85 197 86
22 68 397 68 197 85 359
370 68 36 149 68 81 68 607 158 68 241 68 162
503 108 68 158 108 68 331 149 68 54 86 68 397 68 540 334
49 68 158 68 54 86
19 85 68 135 68 538 339 68 134 415 68 405 68 43 158 108 68 43 158 524 240 68 189 68 569 68 70 85 359
158 108 343 85 5
19 108 68 347 158 118
607 68 19 108 68 5 152 258 390
170 86 68 334 149 68 389 501 68 397 68 258 68 370 108 68 211 86 149 68 79 359 438 359
397 415 543 85 390
196 68 330 85 68 158 108 68 36 149 68 607
370 68 295 149 68 149 389 85 299 68 196 68 201 258 68 426 158 334 189 570
135 68 611 158 68 136 479 68 197 86
607 50 68 331 43 152 68 569 68 258 339 68 64 211 258 390
321 68 5 68 471 51
158 108 68 36 149 68 330 85 68 189 70 158 359 68 331 149 68 36 85 68 241 152 68 607 170 68 330 359 68 607 339
525 551
158 85 347 158 290 68 189 550 258 68 189 211 347 158 282
390 611 189 85 201 149
189 68 232 449 68 607 158 68 22 68 158 240 222 85 68 158 155 643
158 108 68 36 149 68 19 85 359
43 430 19 485 155 68 170 152
390 68 19 108 68 607 158 68 550 339 68 447 189
370 68 36 149 68 81 68 607 158 68 405 514 199 68 397 68 569 68 517 152
189
408 85 79 602 194
201 258 68 430 299 570 68 339 68 607 158 68 154 599
569 68 389 189 68 390 68 85
240
247 68 405 553
406 472
197 85 152
197 86 68 389 430 68 607 158 68 430 299 569 68 79 158 568 108
321 240 68 611 85 258 68 5 68 331 70 158 152 68 607 158 68 158 290 85 359
64 550 430 68 548 68 36 85 68 258 551 68 517 68 397 68 569 68 19 478 85 68 241 430 299 180 282 568 68
258 85 68 54 86 68 607 158 68 344 158 108
347 158
189 68 517 499 68 472 68 607 155
201 258 68 115 479 68 640 68 36 149
245 258 438 68 115 479 397 611 189
135 68 64 442 68 370 68 19 85 68 430 68 51 189 68 430 68 569 68 346 68 246 68 79 302 261 86
370 68 36 149 68 170 359 68 397 68 54 86 68 640 68 76 85
503 158 108
261 158 543 68 347 158
241 158 68 552 85 68 397 68 347 189 68 135 68 569 68 550 85
196 68 158 108 68 36 85 68 438 415 68 390 68 523 543 149 68 59 295
657 68 261 86 68 5 68 189 68 231 240 68 593 149
49 68 158 68 266 158 68 617 149 68 607 158 68 189 85 331 152
189 68 5 189 68 417 68 569 68 345 85 359
162
607 170
370 68 36 149 68 501 85 4 189 68 123 406 158 543 68 79 158 543 68 538 487 359
201 258 68 349 68 5 189
531 299 211 258 68 657 222 85 211 85 359
97
258 85 68 86 163 68 617 149 68 397 68 350 68 189 68 246 68 318 299 211 68 638 211 68 189 68 64 389 158 149 68 135 68
321 543 108 68 19 108
201 258 68 550 339 68 321 189 68 330 359
261 86 68 5 68 617 149 68 19 85 68 36 85 258 240
231 240 68 36 85 258 85
51 86 68 87 108 68 394 85 68 390 222 4 240
64 211 108 68 599 68 344 158 68 397 68 346 68 158
485 430 359 68 607 251 68 347 158 68 359 70 158 68 158 108 68 569 68 158 118
540 68 207
85 347 158
657 68 87 68 607
76 85 173
189 19 85 68 189 540
87 68 162 68 640 68 607 158 68 503 155 68 54 86
359 16 85
189 68 211 5 68 397 68 253 68 503 158 359
343 543 204 252 199
189 359
189 68 19 68 79 158 149 438 359 68 5 68 170 415 68 211 149 68 135 68 189 550 85 474
283 68 607 158 108
258 85 430
657 85 65 158
651 123 68 638 68 79 602 194 108 68 189 68 607 158 68 59 479
258 189
503 158 108
447 158 85 222 85
5 68 295 149 68 607 158 68 607 158 68 13 152 550 158
79 158 334 108
362 68 158 349
306 68 189 406 158 189
189 531 430 359
640 68 607 158 68 321 240 68 607 158 449 108 68 158 108 68 642 68 344 149 68 153 108
607 158 68 389 339 68 550 339
189 68 472 420
211 258
321 189 68 212 158 85
599 68 158 68 201 240 68 640 68 211 5 68 430 252 199 68 135 68 135 68 550 339 68 97 68 85 359
201 258 68 54 86 68 397 68 266 158 68 426 158 68 79 86 68 640 68 36 149 68 170 359 68 87 189 68 252 199
607 50 68 494
241 430 359
283
406 158 189 68 569 68 170 550 487
397 68 406 479 68 406 334 258 68 64 211 258
192 51 86 68 607 158
36 85 68 261 149 68 390 68 638 68 85 433 359
36 211 607
196 68 390 68 569 68 444 359 68 79 158 108 68 607 158 108 68 189 68 189 68 390 68 569 68 5 68 540 68 334
569 68 426 479 68 390 68 253 359
126 68 295 149 68 607 158 68 158 68 514 199
283 68 136 309 108 4 85 222 149
201 158 189 76 85 65 189
503 189
246 68 565 85 321 189
479 68 189
4 258 189 51 339
189 68 43 158 68 252 158 189 68 321 189 68 162 68 213 458
253 68 97 68 19 85 359 68 344 334
607 170 68 389 501 68 397 68 266 158 68 426 158 68 390 222 4
447 158
569 68 347 158 152 68 158 108 68 426 86 68 607 50
495
213 51 86 68 5 68 253 68 426 158 85
569 68 447 479 68 390 68 155 68 183 158 359
189 68 43 158 68 252 158 189 68 321 189 68 162 68 213 458
503 108 68 390 68 569 68 79 155 49 68 446 68 642 68 642 158
189 68 204 79 602 68 246 68 640 68 438 415
43 158 68 212 479 68 19 85 474 68 638 68 43 158
201 258 68 197 108 68 266 50 68 189 68 607 50 68 81 68 607 158 85
134 222 85
261 86 68 43 158
97 68 330 155 68 11
517 189 68 295 149 68 472 68 43 158 68 354 68 189 68 426 86
87 108 68 550 158 359 68 19 85 68 19 85 68 64 211 258 390
607 86 68 389 501 68 607 158 68 70 158 359 68 642 68 64 211 430
569 68 158 321 569 68 390 68 397 68 43 158
657 68 640 68 611 85 258 85
97 68 389 85 359 68 397 68 569 68 158 359 68 158 359 68 258 611 189
87 108 68 370 68 189 68 231 152 68 607
87 189 211 163
108 359 68 4 108 68 258 68 173
201 240 68 331 149 68 607 50 68 133 68 97 68 126 68 405 68 5 189 68 607 158 108 390
149 550 158 543
4 64 68 503 158 359 68 241 108 68 158 213
85 79 213 211
261 86 68 158 108 68 331 149 68 5 189 570
158 152 191 222 149 211 85 211 85 359 68 189 68 5 189
197 85 359 258
611 258 68 607 158 68 550 339
321 68 189 68 394 68 189 209 85
135 68 479 68 43 158 68 417
607 86 68 389 501 68 397 68 211 543 68 43 158 68 406 155 68 45 108
189 68 241 194 68 97
657 299 149 68 211 85 68 211 85 417
302 68 43 86 163
19 108 68 5 225
85 65 108 68 321 27
201 258 68 550 158 222 68 657 359
136 309 108
552 85
36 85 68 36 211 607 68 390 68 531 85 152 68 54 86
43 158 68 236 247 68 405 108 68 569 68 569 68 5 189 68 261 158
503 108 68 607 170 68 295 149 68 290 68 36 85 68 43 86 85 68 607 170
607 170 68 593 163 68 449 68 211 405 68 550 240 299 570 326
406 85 390
283 68 394 5 108
4 85 152 68 426 479
359 241
211 68 5 343 543 108
231 240 68 211 87 68 330 68 334 222 85
283
189 68 153 163 68 397 68 569 68 503 339 551
397 68 569 68 218 299 68 154 599 68 64 211 258 390 68 261 86 68 246 68 354
517 189 68 295 149 68 611 158 68 321 247 68 170 108 68 503 258
196 68 19 85
390 569 68 5 258 611 189 359
115 479 68 189 68 261 158 68 135 149 68 657 299 85
593 108 68 155 68 552 359
569 68 405 108 68 390 68 197 86 68 531 149
189 68 43 569 68 472 68 472
635 406 158 222 85 211 85 5
196 68 189 68 273 68 85 331 570 68 397 68 430 68 273
577 68 43 390 85 68 359 16 569 85 68 36 85 68 359 68 22 68 79 68 79 68 189 68 359 68 569 68 241 68 569 68 173
565
197 85 152
201 258 68 197 108 68 569 68 64 389 158 359 68 390 68 405 189 68 5 189 550 158 85 68 5
70 158 199 68 241 359 565
189 68 389 501 68 36 149
189 68 261 152 68 370 68 295 149 484 68 370 68 339
5
261 86 68 43 158 68 390 68 607 158 68 51 346 68 346
45 359 68 266 158 68 517 68 517 85
170 472 68 347 158 415
189 149
189 68 211 5 68 97 68 241 68 8 68 158 64 389 158 118
201 258 397 68 117 85 68 397 68 5 68 19 517 85 68 65 331
276 85 68 389 152 68 19 85 68 197 86 68 43 158 68 19 359 68 189 68 517 499 68 550 158 68 5
321 189
201 258 68 76 406 158 152 68 607 158 551
370 68 36 149 68 607 158 68 81 68 64 389 339 68 397 68 211 85 152 68 321 189 68 485 155 68 569 68 19
261 86 68 430 68 104 189 68 261 86 68 158 108 68 36 149 68 394 389 570
548 68 607 158 68 19 478
607 86 68 389 501 68 607 158 68 197 290 570
43 50 68 5
79 602 194 108
569 68 4 68 390 68 189 550 349 68 64 550 158 85
64 211 108 68 408 339 551 4 85 68 97
390 68 189 85 70 189 68 170 108 331 68 331 149
153 108 68 390 68 569 68 438 359 211 68 5 104 471 211 68 241 68 241 85
201 258 68 197 85 152 68 397 68 583 68 36 149 68 503 189 570
370 68 36 149 68 81 68 607 158 68 525 551 68 347 501
211 430 359 68 347 158
261 86 390 68 85 632 68 362 68 607 158 362
447 158 85
389 199 68 218
514 189
