607 158 68 607 158 68 5 68 5 68 189 68 189 68 397 68 397 68 397 68 397
607 158 68 5 68 5 68 5 68 5 68 5 68 5 68 5 68 5 68 5 68 5 68 5 189
85 359 68 430 359
607 158 68 5 189 68 189
607 158 68 607 158 68 5 68 5 68 5 68 5 68 5 68 5
211
607 158 68 607 158 68 189 68 569 68 189 68 189 68 189 68 189 68 189 68 569 68 189
607 158 68 5 68 5 189 68 189 68 189
607 158 68 607 158 68 5 68 5 68 5 68 5 68 5 68 5 68 5 68 5 68 5 68 5 68 5 68 5 68 5 68 5 68 5 68 5 68 5 68 5 68 5 68 5 68 5 68 5 189
607 158 68 5 68 5 68 5 68 5 68 5 189 68 397 68 5 189
430
607 158 68 607 158 68 189 68 189 68 189 68 189 68 189 68 189 68 189 68 189
85 359
607 158 68 607 158 68 5 68 5 68 189 68 189 68 397 68 397 68 397 68 397 68 397
85 359
607 158 68 397 68 517
607 158 68 607 158 68 569 68 569 68 189 68 189 68 397 68 397 68 397 68 397
607 158 68 607 158 108 68 397 68 397 68 189
85 359
607 158 68 607 158 68 569 68 569 68 569 68 569 68 569 68 569 68 569 68 569 68 569 68 569 68 569 68 397 68 397 68 397 68 397 68 397 68 397 68 569 68 5 189
607 158 68 5 68 5 189 68 5
607 158 68 5 68 5 68 5 68 5 68 5 68 5 68 5 68 5 68 5 189
607 158 68 5 68 5 68 5 68 5 189
607 158 68 430 68 189
607 158 68 607 158 68 189 68 189 68 189 68 189 68 189 68 189
607 158 68 607 158 68 5 68 5 68 189
607 158 68 607 158 68 5 68 5 68 5 68 5 68 5 68 5 68 5 68 5 68 5 68 5 68 5 68 5 68 5
85 359
607 158 68 5 68 5 189 68 397 68 189 68 189 68 397 68 397 68 189
211
607 158 68 5 68 5
607 158 68 607 158 68 5 68 5 68 189 68 189 68 5 68 5 68 5 68 5 68 5 68 5 189
607 158 68 607 158 68 5 68 5 68 5 68 5 68 397 68 397 68 5 189
211
283
607 158 68 5 68 5 189 68 397 68 397 68 397
607 158 68 5 68 5 189 68 397
261 86
607 158 68 607 158 68 5 68 5 68 189 68 189
607 158 68 607 158 68 189 68 569 68 189 68 189 68 397 68 189
607 158 68 5 68 5 189 68 397 68 189
389 158 108
607 158 68 5 68 5 68 5 68 5 68 189
240
607 158 68 5 68 5 189 68 189 68 189
607 158 68 607 158 68 189 68 189 68 189 68 189 68 397 68 189
607 158 68 5 68 5 189 68 5 68 5 189
85 359
607 158 68 5 68 5 68 5 68 5 68 5 68 5 68 5
607 158 68 189 68 189 68 189 68 189 68 189
85 359
607 158 68 5 68 5 189 68 397 68 189
607 158 68 5 68 5 189 68 397
607 158 68 607 158 68 5 68 569 68 189 68 189 68 569 68 569 68 569 68 569 68 569 68 189
607 158 68 5 68 5 189 68 397
607 158 68 5 68 5 68 5 68 5
607 158
607 158 68 607 158 68 5 68 5 68 189 68 189 68 397 68 189 68 189 68 5 68 189
607 158 68 5 68 189 68 189
85 359
607 158 68 607 158 68 189 68 569 68 189 68 189 68 569 68 189 68 189 68 569 68 569 68 189
607 158 68 5 68 5 68 5 68 5 68 5
607 158 68 5 68 5 68 5 68 397
607 158 68 5 68 5 189 68 189 68 189
607 158 68 607 158 68 5 68 569 68 189 68 189 68 397 68 189 68 189 68 569 68 397 68 189
211
607 158 68 607 158 68 189 68 189 68 189 68 189 68 189 68 189 68 189 68 189 68 189 68 189 68 189 68 189 68 189 68 5 68 5 68 5 68 5 68 5 68 5 68 5 68 5 68 5 189 68 5 68 5 68 5 189 68 607 158 68 607 158 108 68 5 189 68 5 189 68 5 211 108 68 5 189 211 108 68 5 189 550 158 85 359 550 158 189 211 85 359
211 108
607 158 68 607 158 68 189 68 189 68 189 68 189 68 189
86 108
607 158 68 158 108
211 108

359
607 158 68 5 68 5 68 5
607 158 68 607 158 68 569 68 569 68 189 68 189 68 569 68 569 68 569 68 569 68 569 68 189
85 359
607 158 68 607 158 68 5 68 5 68 189 68 189 68 5 68 189 68 189 68 5 68 5 68 5 68 5 68 5 68 5 68 5 68 5 68 5 68 5 68 5 68 5 68 5 68 5 68 5 189 68 5 68 5 68 5 189 68 5 68 5 189 68 5 189 68 5 189 211 108 68 5 189 68 5 189 68 5 189 211 108
211 108
607 158 68 607 158 68 5 68 5 68 189 68 189 68 397 68 189
607 158 68 5 68 5 68 5 68 5 189
86 108
283
607 158 68 607 158 68 5 68 5 68 5 68 5 68 5 68 5 68 5 68 5
607 158 68 607 158 68 5 68 5 68 189 68 189 68 397 68 189 68 189 68 5 68 5 189
85 359
607 158 68 607 158 108 68 189 68 189 68 189
607 158 68 607 158 68 5 68 5 68 189 68 189 68 397 68 189
607 158 68 607 158 68 5 68 5 68 189 68 189 68 397 68 189
261 86
607 158 68 5 68 189 68 397 68 397
607 158 68 430 68 189 68 517
607 158 68 607 158 68 5 68 5 68 189 68 189
607 158 68 569 68 189 68 397 68 397 68 189
607 158 68 607 158 68 5 68 5 68 5 68 397 68 397 68 397 68 397 68 397 68 397
607 158 68 5 68 5 189 68 397
261 86
607 158 68 397 68 640
607 158 68 430
607 158 68 5 68 189 68 189 68 189
607 158 68 607 158 68 5 68 5 68 189 68 189 68 569 68 189 68 189 68 569 68 189
85 359 68 430 108
607 158 68 607 158 68 5 68 5 68 189 68 189 68 397 68 189
607 158 68 189 68 189
85 359
607 158 68 5 68 5 68 5 68 5 68 5 189
261 86
607 158 68 5 68 189 68 517
607 158 68 607 158 68 189 68 189 68 189 68 189
607 158
607 158 68 189 68 189
607 158 68 397 68 640
85 359
607 158 68 430 68 517
607 158 68 5 68 189 68 397 68 189
607 158 68 640
607 158 68 607 158 68 5 68 397 68 189
607 158 68 5 68 5 189 68 397
607 158 68 5 68 5 68 5 68 5 68 5
607 158 68 5 68 189 68 189 68 189
607 158 68 569 68 189 68 397 68 397
607 158 68 607 158 68 189 68 569 68 189 68 189 68 189 68 189 68 189 68 569 68 189
607 158 68 5 68 5 189 68 397 68 397
607 158 68 5 68 5 68 5 68 5
607 158 68 607 158 68 5 68 5 68 189 68 189 68 397 68 189 68 189 68 5 68 5 68 5 189 68 5 68 5 68 5 68 5 68 5 68 5 68 5 68 5 68 5 189 68 5 68 5 189 68 5 68 5 68 5 189 68 5 211 108 68 5 189 68 5 189 211 108 68 5 211 108 68 5 189 68 5 189
607 158 68 607 158 68 189 68 189 68 189 68 189 68 189 68 189 68 189 68 189 68 189
607 158 68 607 158 68 5 68 5 68 189 68 189 68 397 68 397 68 397 68 397 68 397
607 158 68 5
607 158 68 5
85 359
607 158 68 607 158 68 189 68 569 68 189 68 189 68 569 68 189
389 158 108
607 158 68 5 68 5 189 68 397
607 158 68 607 158 68 569 68 569 68 569 68 569 68 569 68 569 68 569 68 569 68 569 68 569 68 569 68 397 68 397 68 397 68 397 68 397 68 397 68 397 68 5 189 85 359
607 158 68 5 68 5 189 68 397
607 158 68 430 359 68 189 68 189
607 158 68 189 68 189 68 189 68 189
607 158 68 607 158 68 189 68 569 68 189
607 158 68 5 68 5 68 5 68 5 189
607 158 68 5 68 5 68 5 68 5
86
607 158 68 5 68 5 68 5 68 397 68 397 68 397 68 397
85 359
607 158 68 569 68 569 68 569 68 569 68 189 108
607 158 68 5 68 5 68 5 68 397 68 397 68 397 68 397 68 397 68 397 68 397 68 397 68 397
607 158 68 5 68 5 68 5 68 5 68 5 189 68 397 68 397 68 397 68 397 68 397
607 158 68 5 68 5 68 5 68 5
261 86
607 158 68 569 68 569 68 397 68 397 68 397 68 397 68 397
607 158 68 607 158 68 5 68 5 68 189 68 189 68 397 68 189 68 189 68 397 68 189
607 158 68 607 158 68 5 68 569 68 189 68 189 68 397 68 189 68 189 68 569 68 397 68 189
86 108
607 158 68 607 158 68 5 68 5 68 5 68 5 68 5 68 5 68 5 68 5 68 5 189
607 158 68 607 158 68 189 68 189 68 189 68 189 68 189
607 158 68 5 68 5 68 5 68 5 68 189 68 397 68 397 68 5 189
607 158 68 607 158 68 5 68 5 68 5 68 5 68 397 68 397 68 5 68 397 68 5 68 5 189
607 158 68 607 158 68 5 68 569 68 189 68 189 68 569 68 569 68 569 68 569 68 569 68 189 68 397 68 397 68 5 68 397 68 397 68 5 68 5 68 5 68 5 189 68 5 68 5 189 68 5 68 5 68 5 189 68 5 211 108 68 607 158 108 68 5 189 359 211 108 68 5 211 108 68 5 189 68 5 189
607 158 68 5 68 5 68 5 68 5 68 5 189
211
607 158 68 607 158 68 189 68 569 68 189 68 189 68 189 68 189 68 189 68 569 68 189
607 158 68 5 68 5 68 5 68 189 68 189

85 359
607 158 68 607 158 68 5 68 5 68 5 68 5 68 397 68 569 68 569 68 569 68 569 68 5 189 68 397 68 5 68 5 68 397 68 5 68 5 68 5 68 5 68 5 189 68 5 68 5 189 68 5 68 5 68 5 189 68 607 158 108 68 607 158 108 68 5 189 211 108 68 5 211 108 68 5 189 68 5 189
607 158 68 5 68 5 189 68 397 68 397
607 158 68 5
211
607 158 68 607 158 68 5 68 5 68 189 68 189 68 397 68 189
607 158 68 607 158 68 5 68 5 68 5 68 5 68 397 68 397 68 5 68 397 68 5 189
607 158 68 5 68 5 68 5 68 5 68 5 68 397 68 397 68 397 68 397 68 397 68 5 108
607 158 68 569 68 189 68 189 85 359
607 158
607 158 68 5 68 5 68 5 68 189 68 189
607 158 68 5 68 5 189 68 397 68 5 189
607 158 68 5 68 5 68 5 68 5 68 5 189
211 108
261 86
607 158 68 607 158 68 5 68 5 68 189 68 189
607 158 68 517
430
85 359
85 359
85 359
211
607 158 68 607 158 68 189 68 189 68 189 68 189 68 189 68 189 68 189 68 189 68 189 68 189 68 189 68 189 68 189 68 5 68 5 68 5 68 5 68 5 68 5 189 68 5 68 5 189 68 5 68 5 68 5 189 68 5 211 108 68 607 158 108 68 5 189 68 5 189 68 5 211 108 68 5 189 68 5 189 211 108
85 359
607 158 68 5 68 5 189 68 397 68 397 68 397
607 158 68 607 158 68 569 68 569 68 189 68 189 68 569 68 569 68 569 68 569 68 569 68 569 68 397
607 158 68 189 68 189
607 158 68 607 158 68 5 68 569 68 189 68 189 68 569 68 569 68 569 68 569 68 569 68 189 68 569 68 397 68 5 68 397 68 397 68 5 68 5 68 5 68 5 189
189
607 158 68 607 158 68 5 68 5 68 189 68 189 68 5 68 5 68 5 68 5 68 5 68 5 189
607 158 68 607 158 68 5 68 5 68 189 68 5 68 397 68 189
607 158 68 569 68 569 68 569 68 569 68 569 68 569 68 569 68 569 68 569 68 19 85 359
211 108
607 158 68 607 158 68 5 68 5 68 189 68 189 68 397 68 397
607 158 68 607 158 68 5 68 569 68 569 68 569 68 397 68 569 68 569 68 569 68 569 68 397 68 397 68 397 68 397 68 397 68 397 68 5 68 5 68 5 68 5 189
607 158 68 189 68 189
607 158 68 607 158 68 5 68 5 68 5 68 5 68 397 68 5 68 5
607 158 68 5 68 5 68 5 68 5 68 5 189
85 359
85 359
85 359 85 359
211
607 158 68 5 68 5 189 68 397
607 158 68 5
85 359 68 85 359 68 189 85 359
85 359
607 158 68 607 158 68 189 68 189 68 189 68 189 68 189 68 189
607 158 68 5 68 5 189 68 397 68 189
211
261 86
607 158 68 189 68 189
211 108
430
607 158 68 607 158 68 5 68 5 68 5 68 5 68 5 68 5 68 5 68 5 68 5 68 5 68 5 68 5 68 5 68 5 68 5 68 5 68 5 68 5 68 5 68 5 68 5 68 5 189
607 158 68 5 68 5 68 5 68 5 68 5
607 158 68 607 158 68 5 68 5 68 5 68 5 68 397 68 397 68 397 68 397 68 397
607 158 68 569 68 569 68 569 68 569 68 189 68 569 68 569 68 569 68 569 68 569 68 569 68 569 68 569 68 397
607 158 68 607 158 68 569 68 569 68 189 68 189 68 397 68 569 68 569 68 569 68 569 68 397
283
283
607 158 68 5 68 5 68 5 68 397 68 397 68 397 68 397
607 158 68 607 158 68 5 68 5 68 5 68 5 68 5 68 5 68 5 68 5 68 5 68 5 189
85 359
607 158 68 607 158 68 189 68 569 68 189 68 189 68 397 68 189
607 158 68 5 68 5 68 5 68 5
607 158 68 5 68 5 68 5 68 5 189
607 158 68 607 158 68 5 68 5 68 5 68 5 68 5 68 5 68 5 68 5 68 5 68 5 68 5 68 5 68 5 68 5 68 5 68 5 68 5 68 5 68 5 68 5 68 5 68 5 68 5 68 5 68 5 68 607 158 68 607 158 108 68 607 158 108 68 5 189 68 5 189 68 5 189 68 5 189
283

607 158 68 607 158 68 5 68 397 68 189 68 397 68 397
607 158 68 5 68 5 68 5 68 5 189
607 158 68 5
607 158 68 607 158 68 5 68 5 68 5 68 5 68 5 68 5 68 5 68 5 68 5 68 5 68 5 68 5 68 5 68 5
189
607 158 68 5 68 5 68 5 68 5 68 5 68 5
607 158 68 5 68 5 189 68 5 68 189
607 158 68 5
607 158 68 607 158 68 189 68 397 68 189
607 158 68 607 158 68 5 68 5 68 189 68 189 68 397 68 189 68 189 68 5 68 5 68 5 189 68 397 68 5 68 5 68 5
607 158 68 607 158 68 189 68 189 68 189 68 189 68 189 68 189
607 158 68 5 68 5 68 5 68 5 68 5 189 68 397 68 397 68 5 189
607 158 68 5 68 5 68 5 68 397 68 397 68 397 68 397
607 158
607 158 68 607 158 68 5 68 5 68 189 68 189 68 397 68 189
85 359
607 158 68 607 158 68 5 68 5 68 189 68 189 68 397 68 189 68 189
607 158 68 5 68 5 189 68 397
607 158 68 607 158 68 189 68 189 68 189 68 189 68 189 68 189
607 158 68 5
607 158 68 158 108
607 158 68 5 68 5 68 5 68 5 68 5
607 158 68 5
85 359
607 158 68 5 68 5 68 5 68 5 68 5 68 5
211 108
85
607 158 68 5 189 68 189 68 189
607 158 68 607 158 68 5 68 5 68 189 68 189 68 397 68 189
607 158 68 569 68 189 108
607 158 68 5
85
607 158 68 5 68 5 68 5 68 5 68 5
607 158 68 5 68 5 68 5 68 5 189
607 158 68 5
607 158 68 5 68 5 68 5 68 5 68 5 189

607 158 68 607 158 68 5 68 5 68 189 68 189 68 397 68 189
607 158 68 430 359
607 158 68 430
607 158 68 189 68 189
85 359
607 158 68 189 68 189 68 189
607 158 68 5 68 189 68 397 68 189
607 158 68 607 158 68 5 68 5 68 5 68 5 68 397 68 397 68 5 68 397 68 5 68 5 189 68 397 68 5 68 5 68 397 68 5 68 5 68 5 68 5 68 5 189 68 5 68 5 189
607 158 68 607 158 68 5 68 5 68 189 68 189 68 397 68 189 68 189 68 5 68 5 68 5 189 68 5 68 5 68 5 68 5 68 5 68 5 68 5 68 5 68 5 189 68 5 68 5 189 68 5 68 5 68 5 189 68 607 158 108 68 607 158 108 68 607 158 108 68 5 211 108 68 5 189 68 5 189
85 359
85 359
607 158 68 607 158 68 5 68 5 68 5 68 5 68 5 68 5 68 5 68 5 68 5 68 5 68 5 68 5 68 5 68 5 68 5 68 5 68 5 68 5 68 5 68 5 68 5 68 5 68 5 68 5 68 5 68 5 68 5 68 5 189
607 158 68 5
607 158 68 607 158 68 5 68 569 68 189 68 189 68 397 68 189 68 189 68 569 68 569 68 189

607 158 68 607 158 68 5 68 5 68 189 68 189 68 397 68 189
607 158 68 607 158 68 5 68 5 68 5 68 5 68 397 68 397 68 397 68 397 68 5 68 5 189
283
85
607 158 68 5 68 5 68 5 68 189 68 189
607 158 68 5 68 5 68 5 68 5 68 5 189
607 158 68 5 68 5 189 68 397 68 189
607 158 68 430 68 517
607 158 68 5 68 5 189 68 5 68 189
607 158 68 607 158 68 5 68 5 68 189 68 189 68 5 68 189
607 158 68 5 68 5 68 5 68 5
607 158 68 607 158 68 5 68 5 68 5 68 5 68 397 68 397 68 5
607 158 68 607 158 68 5 68 5 68 189 68 189 68 397 68 189
607 158 68 607 158 68 569 68 569 68 189 68 189 68 569 68 569 68 569 68 569 68 569 68 189
85
85 359
607 158
607 158 68 189 68 189
607 158 68 607 158 68 5 68 5 68 189 68 189 68 397 68 189
607 158 68 5 68 5 68 5 68 5 68 5 68 5 68 397 68 5 189 68 397 68 5 189
430
85 359 68 85 359 68 85 359
85 359
85 359
607 158 68 5 68 5 68 5 68 5 68 5 68 5 68 5 68 5 189
607 158 68 607 158 108 68 569 68 397 68 397 68 397 68 397 68 397
607 158 68 5
607 158 68 607 158 68 5 68 5 68 189 68 189 68 189 68 189
86
261 86
607 158 68 5
607 158 68 517
211
607 158 68 569 68 569 68 569 68 569 68 189
607 158 68 5 68 5 68 5 68 5 68 5 189
85 359
607 158 68 158 108
607 158 68 5 68 5 189 68 397 68 5
389 158
85 68 85 359 68 430 108
607 158 68 607 158 68 5 68 5 68 5 68 5 68 5 68 5 68 5 189
607 158 68 5 68 5 68 5 68 5 68 189 68 5 68 5 189
86
607 158 68 189 68 189
607 158 68 607 158 68 5 68 5 68 189 68 189 68 397 68 397 68 5 189
607 158 68 5 189 68 517
607 158 68 5
607 158 68 189 68 189 68 189
607 158 68 607 158 68 5 68 569 68 189 68 189 68 569 68 569 68 569 68 569 68 569 68 5 189
607 158 68 607 158 68 189 68 569 68 189 68 189 68 189 68 189
211 108
607 158 68 607 158 68 5 68 5 68 189 68 397 68 397 68 397
85 359 68 85 359 68 189 85 359
85 359 211 108
607 158 68 5 68 5 189 68 397 68 397

607 158 68 607 158 68 189 68 189 68 189 68 189 68 189 68 189 68 189 68 569 68 189
85 359 211 108
607 158 68 5 68 5 189 68 397 68 189
607 158 68 189 68 189
607 158 68 5 68 5 68 5 68 5
607 158 68 607 158 68 189 68 189 68 189 68 189 68 189 68 189 68 189 68 189 68 189
607 158 68 5 68 5 68 5 68 397 68 189
607 158
607 158 68 607 158 68 5 68 569 68 189 68 189 68 397 68 189 68 189 68 569 68 569 68 189 68 397 68 397 68 5 189 68 397 68 5 68 5 68 5 68 5 189
85 359
85 359 68 430 359 68 85 359
85 359
607 158 68 5 68 189 68 189 68 189
607 158 68 5
607 158 68 607 158 68 5 68 5 68 5 68 5 68 397 68 397 68 569 68 397 68 397 68 5 189
85 359
607 158 68 607 158 68 5 68 5 68 5 68 5 68 397 68 397 68 397 68 397 68 397 68 5 189
261 86
607 158 68 5 68 5 68 5 68 5
607 158 68 5 68 5 68 5 68 5 68 5 189 68 397 68 397 68 5 189 68 397 68 5 189
389 158 108
85 359
85 359
607 158 68 607 158 68 569 68 569 68 189 68 189 68 397 68 397 68 569 68 397
607 158 68 5
261 86 68 5
607 158 68 607 158 68 5 68 397 68 5 68 397 68 397 68 397 68 397 68 397
607 158 68 607 158 68 5 68 5 68 189 68 397 68 397 68 397 68 397 68 397
211 108
607 158 68 5 68 5 68 5 68 5 68 189 68 397 68 397 68 189
211
389 158 108
607 158 68 5 68 5 189 68 397
607 158 68 5 68 5 68 5 68 5 68 5 68 5 68 5 68 5 189
607 158 68 5 68 5 189 68 5 68 189 68 189
211 108
430
607 158 68 5 68 5 189 68 189 68 189
607 158 68 158 108
607 158 68 5 68 5 189 68 397 68 397 68 397 68 397 68 397
607 158 68 607 158 68 189 68 189 68 189 68 189 68 189 68 189 68 189 68 189 68 189
85 359
607 158 68 5 68 5 189 68 397 68 189
607 158 68 607 158 68 5 68 397 68 189
85 359
607 158 68 607 158 68 5 68 397 68 189 68 397 68 397 68 397
607 158 68 607 158 68 5 68 5 68 5 68 5 68 5
607 158 68 5
607 158 68 607 158 68 5 68 5 68 5 68 5 68 5 68 5 68 5 68 5 68 5 68 5 189 68 5 68 5 68 5 68 5
86
85 359
607 158 68 607 158 68 5 68 5 68 189 68 5 189 68 397 68 5 189
85
85 359
211 108
607 158 68 607 158 68 5 68 397 68 189 68 189 68 397 68 189
607 158 68 607 158 68 5 68 397 68 189 68 189 68 397 68 189
607 158 68 5 68 5 189 68 5 68 189
607 158 68 430 359 68 517
607 158 68 189 68 189 68 189 68 189
607 158 68 5 68 5 68 5 68 5 68 5 68 5 68 5 68 5 68 5
85 359
607 158 68 607 158 68 5 68 569 68 189 68 189 68 397 68 189 68 189 68 569 68 189
607 158 68 607 158 68 189 68 189 68 189 68 189 68 189 68 189 68 189
283
607 158
607 158 68 19 85 68 19 85 359 68 430
607 158 68 607 158 68 189 68 189 68 189 68 189 68 189 68 189 68 189 68 189 68 189
283
85 359
607 158 68 607 158 68 5 68 5 68 189 68 189 68 5 68 189 68 189 68 5 68 5 68 189
607 158 68 5 68 5 68 5 68 5 68 5 68 5 68 5 68 5 189
85 359
607 158 68 607 158 68 189 68 189 68 189 68 189 68 189 68 189 68 189 68 189 68 189
211 108
607 158 68 430
607 158 68 607 158 68 5 68 5 68 5 68 5 68 397 68 397 68 397 68 397 68 397

607 158 68 5 68 5 68 5 68 5 68 5 68 5 68 5 68 5 68 5 68 5 68 5 189
607 158 68 5 68 5 68 5 68 5 68 5 189
607 158 68 607 158 68 189 68 189 68 189 68 189 68 189
85 359 68 19 85 359 68 517
85 359
607 158 68 607 158 68 5 68 5 68 189 68 189 68 397 68 189
607 158 68 5 189 68 189
607 158 68 607 158 68 5 68 569 68 189 68 189 68 397 68 397 68 569 68 397 68 397 68 189
607 158 68 607 158 68 189 68 569 68 189 68 189 68 397 68 189
607 158 68 5
85 359
607 158 68 607 158 68 5 68 5 68 5 68 5 68 397 68 397 68 397 68 397 68 397
607 158 68 5 68 5
85 359
607 158 68 607 158 68 5 68 397 68 189 68 189 68 397 68 189
607 158 68 607 158 68 569 68 569 68 189 68 189 68 569 68 569 68 569 68 569 68 569 68 189
607 158 68 5 68 5 68 5 68 5 68 5 68 5 68 5 68 5 68 5
607 158 68 430
607 158 68 607 158 68 5 68 569 68 189 68 189 68 397 68 397 68 569 68 397 68 397 68 189
607 158 68 607 158 68 5 68 5 68 189 68 189 68 397 68 189 68 189 68 397 68 189
607 158 68 607 158 68 5 68 397 68 189 68 397 68 397 68 397 68 397 68 397
607 158 68 5 68 5 189 68 5 68 5 189
607 158 68 5 68 5
607 158 68 5 68 189 68 189 68 189 68 189
211 108
607 158 68 607 158 68 5 68 5 68 189 68 189 68 397 68 189
607 158 68 607 158 68 5 68 569 68 189 68 189 68 397 68 397 68 569 68 397 68 397 68 5 189
211 108
607 158 68 5
607 158 68 5 189 68 517
607 158 68 430
85
607 158 68 397 68 640
85 359
607 158 68 607 158 68 5 68 5 68 189 68 189 68 397 68 189 68 189 68 5 68 189
607 158 68 5 68 5 189 68 397 68 397
607 158 68 607 158 68 189 68 569 68 189 68 189 68 569 68 189 68 189 68 569 68 189
607 158 68 5 68 5 189 68 5
607 158 68 607 158 68 5 68 5 68 5 68 5 68 5 68 5 68 5 68 5 68 5 68 5 189
607 158 68 5 68 5 68 5 68 5 68 5 189 68 397 68 5 189
607 158 68 607 158 68 5 68 5 68 5 68 5 68 397 68 397 68 569 68 397 68 5 68 5 68 397 68 397 68 5 68 397 68 5 68 5 68 5 68 5 68 5 68 5 68 5 68 5 189 68 5 68 5 68 5 189 68 5 211 108 68 5 189 68 5 189 211 108 68 5 211 108 68 5 189
607 158 68 607 158 68 569 68 569 68 189 68 569 68 569 68 569 68 569 68 569 68 569 68 569 68 569 68 397
86 108
607 158 68 607 158 68 5 68 397 68 189 68 189 68 397 68 397 68 189
85 359
607 158 68 607 158 68 5 68 5 68 5 68 5 68 397 68 397 68 5 68 397 68 5 189
607 158 68 569 68 189 68 397 68 397 68 189
607 158 68 5 68 5 68 5 68 5 68 189 68 5 68 5 68 5 189
607 158
607 158 68 5
607 158 68 607 158 68 5 68 5 68 5 68 5 68 397 68 397 68 5 68 397 68 5 68 5 68 5 68 397 68 5 68 397 68 5 68 5 68 5 68 5 68 5 68 5 68 5 68 5 189 68 5 68 5 68 5 68 5 68 5 189 68 5 189 68 5 189 211 108
607 158 68 5 68 5 68 397 68 397 68 397 68 397 68 397
85 359
211
503 189
607 158 68 5 68 189 68 189 68 189

85 359
607 158 68 607 158 68 5 68 5 68 189 68 189 68 397 68 397 68 397 68 397 68 397 68 5 189
86
85 359
607 158 68 5
607 158 68 189 68 189
607 158 68 5 68 5 189 68 397
240
85 359
389 158 108
211 108
607 158 68 5
211
607 158 68 607 158 68 189 68 569 68 189 68 189 68 397 68 189 68 189 68 397 68 189
607 158 68 5 68 5 68 5 68 189
607 158 68 430 68 430
607 158 68 607 158 68 189 68 189 68 189 68 189 68 189
607 158 68 607 158 68 189 68 569 68 189 68 189 68 569 68 189 68 189 68 569 68 189
607 158 68 607 158 108 68 569 68 397 68 397 68 397 68 397
85
261 86 68 5
607 158 68 5 68 5 68 5 68 397 68 397 68 397 68 397 68 397
607 158 68 5 68 5 189 68 397 68 189
607 158 68 607 158 68 5 68 5 68 189 68 189 68 397 68 189
283
607 158 68 5 68 5 68 5 68 5 189
607 158 68 5 68 5 68 5 68 5 68 5 189 68 397 68 397 68 397 68 397 68 5 189
607 158 68 5
607 158 68 640
86 108
85 359
607 158 68 5 68 5 68 5 68 5 68 5
607 158 68 607 158 68 5 68 569 68 189 68 189 68 569 68 569 68 569 68 569 68 569 68 5 189 68 397 68 397 68 397 68 397 68 5 68 5 68 5 68 5 68 5 189 68 5 68 5 189 68 5 68 5 68 5 189 68 5 211 108 68 5 189 68 5 189 211 108
607 158 68 189 68 189 68 189 68 189 68 189
607 158 68 607 158 68 5 68 569 68 189 68 569 68 569 68 569 68 569 68 569 68 569 68 5 189
607 158 68 607 158 68 5 68 5 68 5 68 5 68 397 68 397 68 5 189
607 158 68 5
607 158
607 158 68 5 68 5 189 68 5
607 158 68 607 158 68 5 68 569 68 5 68 397 68 397 68 397 68 397 68 397 68 397 68 5 189
607 158 68 569 68 189 68 189 85 359
607 158 68 5 68 5 189 68 397 68 397
607 158 68 607 158 68 5 68 5 68 189 68 189 68 5 68 5 68 5 68 5 68 5 68 5 68 5 68 5 68 5 68 5
607 158 68 5 68 5 68 5 68 5 68 5 68 5 68 5 68 5 68 5
607 158 68 5 68 5 68 5 68 5 68 5 68 5 68 5 68 5 189
85
607 158 68 607 158 68 5 68 5 68 189 68 5 68 5 68 5 68 5 68 5 68 5 68 5 189
607 158 68 5 68 5 68 5 68 5 68 5 189
607 158 68 607 158 68 5 68 5 68 189 68 189 68 397 68 189 68 189 68 397 68 189
607 158 68 189 68 189
607 158 68 640
607 158 68 5 68 5 68 5 68 5 68 5 189 68 397 68 397 68 397 68 397 68 397
607 158 68 607 158 68 189 68 189 68 189 68 189 68 189 68 189
607 158 68 607 158 68 5 68 5 68 5 68 5 68 397 68 397 68 397 68 397 68 397 68 5 189
85 359 68 430 359 68 85 359
607 158 68 5 68 5 189 68 5 68 189
607 158 68 607 158 68 5 68 5 68 189 68 189 68 397 68 189
607 158 68 607 158 68 5 68 5 68 189 68 5 68 397 68 5 68 5 68 397 68 5 189
607 158 68 607 158 68 569 68 569 68 189 68 189 68 397 68 19 85
607 158 68 607 158 68 189 68 569 68 189 68 189 68 569 68 189 68 189 68 569 68 569 68 189 68 569 68 397 68 189
607 158 68 607 158 68 5 68 5 68 5 68 5 68 397 68 5 68 5 68 5 68 5 189
607 158 68 5 68 5 68 5 68 5
607 158 68 5 189 68 397 68 397
607 158 68 5 68 5 68 5 68 5 68 5 189
607 158 68 5 68 5 189 68 189
85 359
607 158 68 5
607 158 68 5 68 5 68 5 68 5 189
85 359
85 359
607 158
607 158 68 607 158 68 5 68 5 68 189 68 189 68 189 68 189 68 189 68 189 68 189 68 189 68 5 68 5 68 189
607 158 68 607 158 68 5 68 5 68 189 68 189 68 397 68 189
607 158 68 5 68 5 68 5 68 5 68 5
607 158 68 5 68 5 68 5 68 5 68 5 68 5 68 397 68 5
607 158 68 607 158 68 5 68 569 68 397 68 397 68 397 68 397 68 397
607 158 68 158 108
607 158 68 607 158 68 189 68 189 68 189 68 189 68 397 68 189 68 189 68 397 68 189

211
607 158 68 5 68 5 189 68 397
261 86 68 5
85 359
607 158 68 569 68 189 68 397 68 397
607 158 68 5 68 5 68 5 68 5
607 158 68 607 158 68 189 68 569 68 189 68 189 68 397 68 189
607 158 68 5 68 5
607 158 68 607 158 68 189 68 189 68 189 68 189 68 397 68 189
607 158 68 607 158 68 5 68 5 68 5 68 5 68 5 68 189 68 5 68 5 68 5 68 5 68 5 68 5 68 5 68 5 68 5 68 5 68 5 68 5 68 5 68 5 68 5 68 5 68 5 68 5 68 5 68 5 68 5 68 607 158 108 68 5 189 68 5 189 68 5 189 68 5 189 68 5 189 68 5 189 397 68 5 189 397 68 5 189 397 68 5 189
607 158 68 189 68 189
85 359
607 158 68 607 158 68 5 68 5 68 5 68 5 68 5 68 5 68 5 68 5 68 5 68 5 189
607 158 68 5 68 5 189 68 397 68 397
607 158 68 5 68 5 68 5 68 5 68 189
85 359 68 85 359 68 189 85 359
85 359 68 19 85 359 68 189 85 359
607 158 68 5 68 5 189 68 397 68 189
283
211 108
607 158 68 607 158 68 189 68 189 68 189 68 189
607 158 68 569 68 569 68 569 68 569 68 569 68 569 68 19 85 359
607 158 68 607 158 108
85
607 158 68 607 158 68 5 68 5 68 5 68 5 68 397 68 397 68 397 68 397 68 397
607 158 68 5
607 158 68 569 68 189 108
607 158 68 5 68 189 68 189 68 189
85 359
211
261 86
85 359
607 158 68 5 68 5 68 5 68 5 68 5 189
389 158 108
607 158 68 607 158 68 5 68 5 68 189 68 189 68 397 68 189
85 359
607 158 68 5 68 5 189 68 5
85 359
607 158 68 5 68 5 68 5 68 5 68 189 68 397 68 397 68 5 189
607 158 68 607 158 68 5 68 397 68 397 68 397 68 397 68 397
607 158 68 5 68 5 68 569 68 397 68 397 68 397 68 397
607 158 68 607 158 68 189 68 569 68 189 68 189 68 569 68 189 68 189 68 569 68 189
86 108
607 158 68 607 158 68 5 68 569 68 397 68 397 68 397 68 397 68 569 68 397 68 397 68 397
607 158 68 430 68 517
607 158 68 569 68 189 68 19 85 359
607 158 68 607 158 68 5 68 5 68 189 68 189 68 189 68 189 68 189 68 189 68 189
607 158 68 607 158 68 5 68 569 68 189 68 189 68 397 68 397 68 569 68 397 68 397 68 397
607 158 68 5 68 5 68 5 68 5 68 5 189
607 158 68 5 68 5 189 68 569 68 189
85 359
607 158 68 5 68 5 68 5 68 5 68 5 189
607 158 68 607 158 108 68 569 68 397 68 397 68 397 68 397
85 359
607 158 68 5 68 5 68 5 68 5 68 5 189
607 158 68 5
607 158 68 607 158 68 189 68 569 68 189 68 189 68 569 68 189 68 189 68 569 68 189
211 108
85 359
85
607 158 68 5 68 5 68 5 68 5 68 5
607 158 68 5 68 189 68 189
607 158 68 5 68 189 68 189
607 158 68 5 68 5 189 68 569 68 189 68 189
607 158 68 607 158 68 5 68 5 68 5 68 5 68 397 68 397 68 397 68 397 68 397
85 359
607 158 68 5 68 5 68 5 68 5 68 5 68 5 68 397 68 5
607 158 68 569 68 569 68 569 68 569 68 569 68 569 68 19 85 359
607 158 68 569 68 569 68 569 68 569 68 189 108
85 359 68 430 85 359
607 158 68 5 68 5 189 68 397
607 158 68 607 158 68 5 68 5 68 5 68 5 68 5 68 5 68 5 68 5 68 5 68 5 189
607 158 68 189 68 189 68 189
211 108
607 158 68 5 68 5 68 5 68 5 68 5 189
607 158 68 607 158 68 5 68 5 68 189 68 189 68 397 68 189
607 158 68 607 158 68 189 68 189 68 189 68 189
430
607 158 68 607 158 68 5 68 5 68 189 68 189 68 397 68 397 68 189 68 397 68 397 68 189 68 397 68 397 68 5 68 397 68 5 68 5 68 5 68 5 68 5 189
607 158 68 5 68 5 68 5
607 158 68 5 68 5 189 68 397
607 158 68 430
607 158 68 5
607 158 68 5 68 5 189 68 397 68 397
607 158 68 607 158 68 189 68 569 68 189 68 189 68 189 68 189
607 158 68 607 158 68 5 68 5 68 5 68 5 68 397 68 397 68 397 68 397 68 397 68 5 189
607 158 68 607 158 68 189 68 569 68 189 68 189 68 569 68 189 68 189 68 569 68 189 68 189 68 569 68 189 68 189 68 397 68 5 68 5 68 5 68 5 68 607 158 108 68 607 158 108 68 5 68 5 68 607 158 108 68 607 158 108 68 607 158 108 68 607 158 108 68 5 211 108 68 5 189 68 5 189 211 108
607 158 68 607 158 68 5 68 5 68 5 68 5 68 5 68 5 68 5 189
607 158 68 5 68 5
85
607 158 68 607 158 68 5 68 5 68 189 68 189 68 397 68 189
607 158 68 607 158 68 5 68 5 68 189 68 189 68 397 68 189
607 158 68 5 68 5 68 5 68 5 68 5 68 397 68 397 68 397 68 397 68 397 68 5 189
607 158 68 607 158 68 5 68 569 68 189 68 189 68 397 68 569 68 569 68 569 68 569 68 189
607 158 68 5 68 5 189 68 397
607 158 68 5 68 5 68 5 68 397 68 397
85 359
283
607 158 68 5 68 5 68 5 68 5 189
607 158 68 5 68 5 189 68 397 68 397 68 397 68 397 68 397 68 397 68 397
607 158 68 607 158 68 5 68 5 68 189 68 189 68 397 68 189 68 189 68 5 68 189
607 158 68 397 68 189 68 397
607 158 68 5 68 5 189 68 397 68 397 68 397 68 397
607 158 68 5 68 5
607 158 68 189 68 189 68 189 68 189
607 158 68 607 158 68 5 68 397 68 189 68 397 68 397 68 397 68 397 68 397 68 397
607 158 68 5
607 158 68 5 68 189 68 189 68 189 68 189
607 158 68 607 158 68 5 68 569 68 569 68 397 68 397 68 569 68 569 68 569 68 569 68 397 68 397 68 397
607 158 68 5 68 5 68 5 68 5 68 5 68 5
211
607 158 68 607 158 68 189 68 158 68 189 68 189 68 189 68 189
283
607 158 68 607 158 68 5 68 569 68 5 68 5 68 397 68 397 68 569 68 397 68 397 68 5 189
607 158 68 640
607 158
607 158 68 607 158 68 5 68 397 68 397 68 397 68 397 68 397
607 158 68 607 158 68 189 68 569 68 189 68 189 68 569 68 189 68 189 68 569 68 189
607 158 68 607 158 68 5 68 5 68 189 68 189 68 397 68 189 68 189 68 397 68 397 68 189
607 158 68 5
607 158 68 607 158 68 5 68 5 68 189 68 189 68 5 68 189 68 189 68 5 68 189 68 189 68 5 68 5 68 5 68 5 68 5 68 5 68 5 68 5 68 5 189
607 158 68 5 68 5 68 5 68 5 68 5 68 5 68 5 68 5 68 5
607 158 68 607 158 68 5 68 5 68 5 68 5 68 5 68 5 68 5 189 68 5 68 5 189
85 359
607 158 68 5 68 189 68 189 68 189
607 158 68 607 158 68 5 68 5 68 5 68 397 68 397 68 397 68 397 68 397 68 397 68 397
607 158 68 5 68 5 189 68 397
607 158 68 5 68 5 68 5 68 5 68 189 68 397 68 397 68 189
607 158 68 5 68 5 68 5 68 5 68 5 68 5 68 5 68 5 189
211 108
85
607 158 68 5 68 5 68 5 68 5 68 5 68 5
607 158 68 5 68 5 68 5 68 5 68 5 189
607 158 68 607 158 68 189 68 189 68 189 68 189 68 189 68 189
85 359 68 430 359 68 189 85 359
503 189
607 158 68 607 158 68 569 68 569 68 189 68 189 68 569 68 569 68 569 68 569 68 569 68 189
211
607 158 68 5
607 158 68 607 158 68 189 68 189 68 189 68 189 68 189 68 189
607 158 68 607 158 68 5 68 5 68 189 68 189 68 189 68 189 68 189 68 5 68 189 68 189 68 5 68 5 68 5 68 5 68 5 68 5 68 5 68 5 68 5 68 5 68 5 68 5 189 68 5 68 5 68 5 189 68 607 158 68 607 158 108 68 607 158 108 68 5 189 68 5 189

86
607 158 68 5 68 5 68 5 68 5
607 158 68 5 68 5 189 68 397 68 189
607 158 68 5 68 189 68 189 68 189
607 158 68 607 158 68 5 68 5 68 189 68 397 68 397 68 397 68 397 68 397 68 397 68 5 189
607 158 68 607 158 68 189 68 189 68 189 68 189 68 189 68 189
607 158 68 607 158 68 5 68 5 68 5 68 5 68 397 68 569 68 569 68 569 68 5 68 5 68 397 68 397 68 5 68 397 68 397 68 5 68 5 68 5 68 5 68 5 68 5 68 5 189 68 5 68 5 68 5 189 68 5 68 5 189 551 68 5 189 68 5 189 211 108 68 5 189
607 158 68 397
607 158 68 189 68 189 68 189
607 158 68 607 158 68 5 68 5 68 189 68 189 68 397 68 189 68 189 68 5 68 5 68 189 68 5 68 5 68 5 68 5 68 5 68 5 68 5 68 5 68 5 189
607 158 68 5 68 5 68 5 68 5 68 5 189 68 397 68 397 68 397
211 108
85 359 85 359
607 158 68 5
607 158 68 5 68 5 189 68 397 68 397
607 158 68 5 68 5 68 5 68 189
607 158 68 5 68 5 68 5 68 5
607 158 68 5 68 5 68 5 68 397 68 397 68 397 68 397 68 397 68 397 68 397 68 397
607 158 68 569 68 189 108
607 158 68 5 68 5 68 5 68 5 68 189
607 158 68 5 68 5 68 5 68 5 68 5 189
85 359
607 158 68 569 68 569 68 569 68 569 68 189 108
607 158 68 607 158 68 5 68 189 68 189 68 189 68 189
85 359
607 158 68 607 158 68 189 68 189 68 189 68 189 68 397 68 189
85 359
607 158 68 5 68 5 189 68 397
607 158 68 607 158 68 189 68 189 68 189 68 189 68 397 68 189
85 359 211 108
607 158 68 607 158 68 5 68 569 68 189 68 189 68 397 68 569 68 569 68 569 68 397 68 5 189
211 108
607 158 68 5 68 189 68 189
85 359

607 158 68 607 158 68 5 68 5 68 189 68 189 68 189 68 189
607 158 68 5 68 5 68 5 68 5 68 5 68 5 68 397 68 5 68 5 68 5 68 5 189
211
607 158 68 5 68 189 68 397 68 189
607 158 68 569 68 569 68 397 68 430
85 359
607 158 68 5 68 5
211 108
607 158 68 607 158 68 5 68 5 68 189 68 189 68 569 68 189 68 569 68 569 68 5 68 189 68 5 68 5 68 5 68 5 68 5 68 5 68 5 68 5 68 5 68 5 68 5 68 5 189 68 5 68 5 68 5 68 5 68 607 158 108 68 5 189 68 5 189 211 108 68 5 189 68 5 189 68 5 189
607 158 68 5 68 5 189 68 5
607 158 68 19 85 359 68 189 68 189
607 158 68 607 158 68 5 68 5 68 5 68 5 68 397 68 5 68 5 68 5
607 158 68 5 68 5 68 5 68 397 68 5 189
607 158 68 5 68 5 189 68 397 68 189 68 397 68 397 68 397 68 397
607 158 68 397 68 517
211
211
607 158 68 607 158 68 5 68 5 68 189 68 189 68 397 68 397 68 397 68 397 68 397 68 5 189
607 158 68 5 68 189 68 397 68 189
607 158 68 607 158 68 189 68 189 68 189 68 189 68 189 68 189
607 158 68 607 158 68 189 68 189 68 189
607 158
607 158 68 5
607 158 68 5
607 158 68 5 68 5 189 68 5
607 158 68 5 68 5 189 68 397 68 189
85 359
607 158 68 607 158 68 5 68 5 68 189 68 5 68 5 68 5 68 5 68 5 68 5 68 5 189 68 5 68 5 189
607 158 68 607 158 68 5 68 5 68 5 68 5 68 397 68 5 68 5 189
607 158 68 5 68 5 68 5
607 158 68 607 158 68 5 68 397 68 397 68 397 68 397 68 397 68 397 68 397
607 158 68 607 158 68 5 68 569 68 189 68 189 68 569 68 189 68 189 68 569 68 569 68 189
607 158 68 607 158 68 189 68 189 68 189 68 189
607 158 68 430 359
607 158 68 607 158 68 607 158 68 5 68 189 68 189 68 189 68 189 68 189 68 189 68 189
607 158 68 5 68 189 68 189
607 158 68 607 158 68 5 68 5 68 5 68 5 68 397 68 397 68 397 68 397 68 397
607 158 68 5 68 5 68 5 68 397 68 397 68 397 68 397
607 158 68 5
607 158 68 397 68 189 68 397
607 158 68 5
85 359
607 158 68 397 68 640
607 158 68 5 68 5 189
607 158 68 5 68 5 68 5 68 5 189 68 397 68 397 68 189
607 158 68 5 68 5 68 5 68 397
211
607 158 68 5 68 5 189 68 397 68 397 68 397
607 158 68 607 158 68 189 68 189 68 189 68 189 68 189 68 189 68 189 68 189 68 189 68 189 68 189 68 189 68 189 68 5 68 5 68 5 68 5 68 5 68 607 158 108 68 5 68 5 68 5 68 5 68 607 158 68 607 158 68 607 158 108 68 607 158 108 68 5 189 68 5 211 108 68 5 189 68 5 189 211 108
607 158 68 5 68 5 68 5 68 5 68 5 189
607 158 68 430
607 158 68 607 158 68 5 68 5 68 5 68 5 68 397 68 5 68 5 68 5 68 5 68 5 68 5 68 397 68 5 68 5 68 5 68 5 68 5 68 5 68 5 68 5 68 5 68 5 189
85 359
607 158 68 5
607 158 68 5 68 5 189 68 397 68 189
85 359
85 359
607 158 68 607 158 108 68 569 68 397 68 397
607 158 68 158 108
607 158 68 5
211
607 158 68 5 68 5 68 5 68 5 68 189
607 158 68 607 158 68 5 68 5 68 5 68 5 68 5 68 5 68 5 68 5 68 5 68 5 68 5 68 5 68 5 68 5 68 5 68 5 68 5 68 5 68 5 68 5 68 5 68 5 189 68 5 68 5 68 5 189 68 607 158 108 68 5 189 68 5 189 68 5 189 68 5 211 108 68 5 189 68 5 189 211 108
607 158 68 607 158 68 5 68 5 68 5 68 5 68 397 68 5 68 5 68 5 68 5 189
211 108
607 158 68 607 158 68 569 68 569 68 189 68 189 68 569 68 569 68 569 68 569 68 569 68 189
607 158 68 5 68 5 68 5 68 5 68 5
607 158 68 607 158 68 5 68 5 68 189 68 5 68 5 68 189
607 158 68 607 158 68 5 68 569 68 189 68 189 68 397 68 189 68 569 68 569 68 569 68 189
607 158 68 607 158 68 5 68 569 68 189 68 189 68 569 68 189 68 189 68 569 68 569 68 189 68 397 68 397 68 5 189 68 397 68 5 68 5 68 5 68 5 189
607 158 68 5 189 68 189
85 359
607 158 68 5 68 5 68 5 68 5 189
607 158 68 607 158 68 189 68 189 68 189 68 189 68 189
607 158 68 430 68 517
607 158 68 607 158 68 189 68 189 68 189 68 189 68 189 68 189 68 189 68 189
85 359
607 158 68 569 68 189 68 189
607 158 68 5 68 5 189 68 397
607 158 68 607 158 68 5 68 569 68 189 68 189 68 397 68 189 68 189 68 569 68 397 68 189
607 158 68 5 68 5 189 68 397
607 158 68 5 68 5 68 5
607 158 68 5 68 5 189 68 397
607 158 68 607 158 68 5 68 5 68 189 68 189 68 397 68 189 68 189 68 5 68 189
85 359
211 108
607 158 68 607 158 68 189 68 189 68 189 68 189 68 189 68 189 68 189 68 189 68 189 68 189 68 189 68 189
607 158 68 158 108
607 158 68 607 158 68 5 68 397 68 189 68 397 68 397
607 158 68 158 108 68 189 68 189 211
607 158 68 189 68 189
607 158 68 607 158 68 5 68 5 68 189 68 189 68 397 68 189 68 189 68 569 68 189
607 158 68 189 68 189 68 189
211 108
607 158 68 5 68 5 68 5
85 359
211 108
607 158 68 607 158 108 68 569 68 397 68 189
607 158 68 607 158 68 5 68 5 68 5 68 5 68 397 68 5 68 5 68 5 68 5 68 5 189
607 158 68 397 68 640
607 158 68 607 158 68 5 68 5 68 189 68 189 68 397 68 189 68 189 68 397 68 5 189
607 158 68 607 158 68 5 68 5 68 189 68 5 68 397 68 397 68 5 189
261 86
85 359 85 359
607 158 68 5 68 5 189 68 397
503 189
607 158 68 189 68 189
607 158 68 607 158 68 189 68 189 68 189 68 189 68 189 68 189 68 189 68 189 68 189
211
607 158 68 5 68 5 189 68 5
607 158 68 189 68 189 68 189 68 189
211 108
607 158 68 5
607 158 68 5 68 5 68 5 68 189 68 189
85 359
607 158 68 607 158 68 5 68 5 68 189 68 189 68 189 68 189 68 189 68 189 68 189
607 158 68 5 68 5 68 5 68 5
607 158 68 5
85 359 85 359
607 158 68 607 158 68 5 68 5 68 189 68 189 68 397 68 397 68 189
607 158 68 607 158 68 5 68 5 68 5 68 569 68 397 68 397 68 569 68 569 68 397 68 5 68 397 68 397 68 5 68 397 68 397 68 5 68 5 68 5 68 5 189 68 5 68 5 68 5 189 68 5 68 5 189 68 5 211 108 68 607 158 108 68 5 189 68 5 189 68 5 211 108 68 5 189
85 359
607 158 68 5
607 158 68 607 158 68 5 68 5 68 189 68 189 68 5 68 189
211 108
607 158 68 5
607 158 68 430 68 189
607 158 68 607 158 68 5 68 5 68 189 68 189 68 397 68 189
211
607 158 68 607 158 68 5 68 5 68 189 68 189 68 397 68 189 68 189 68 397 68 5 189
607 158 68 607 158 68 5 68 5 68 5 68 5 68 397 68 397 68 5 68 397 68 397 68 5 189
607 158 68 5 68 189 68 189 68 189 68 189
607 158 68 5 68 5 189 68 397
607 158 68 5 68 5 68 5 68 5 68 5 68 5 68 5 68 5 189
607 158 68 607 158 68 5 68 5 68 5 68 5 68 5 68 5 68 5 68 5 68 5 68 5 68 5 68 5 68 5 68 5 68 5 68 5 68 5 68 5 68 5 68 5 68 5 68 5 189 68 5 68 5 68 5 68 5 68 5 189 68 5 189 68 5 189 211 108 68 5 211 108 68 5 189 68 5 189
607 158 68 607 158 68 5 68 5 68 189 68 189 68 397 68 189 68 189 68 5 68 189 68 189 68 5 68 5 68 5 68 5 68 5 68 5 68 5 68 5 68 5 189
85 359 68 430 359
607 158 68 607 158 68 5 68 569 68 189 68 189 68 397 68 189
607 158 68 607 158 68 5 68 5 68 5 68 5 68 397 68 397 68 5 68 397 68 5 189
607 158 68 5 68 5 68 5 68 5
607 158 68 607 158 68 5 68 5 68 189 68 5 68 5 68 5 68 5 68 5 68 5 68 5 189
607 158 68 607 158 68 5 68 5 68 5 68 5 68 397 68 397 68 397 68 397 68 397

211
607 158 68 5 189 68 189
85 359
607 158 68 5
607 158 68 5 68 5 189 68 397

607 158 68 189 68 189 68 189
607 158 68 5 68 5 68 5 68 5 68 5 189 68 397 68 5
607 158 68 5 68 5 189 68 397 68 397
430
189
607 158 68 607 158 68 5 68 5 68 189 68 189 68 397 68 189 68 189 68 569 68 189
607 158 68 569 68 189 68 569 68 397 68 189
607 158 68 5 68 5 68 5 68 189
85 359
607 158 68 5 68 5 68 5 68 5 189 68 189
85 359
607 158 68 569 68 569 68 397 68 430 359
607 158 68 5 68 5 68 5 68 5 189 68 189
607 158 68 5
607 158 68 158 108
607 158 68 607 158 68 569 68 569 68 189 68 189 68 397 68 569 68 569 68 569 68 569 68 189
607 158 68 5 68 5 189 68 5 68 189
85 359 85 359
607 158 68 397 68 640
85 359
211
607 158 68 607 158 68 5 68 5 68 189 68 189 68 397 68 189
607 158 68 5 68 5 189
607 158 68 5
389 158 108
607 158 68 517
607 158 68 189 68 189
607 158 68 5
607 158 68 607 158 68 189 68 569 68 189 68 189 68 397 68 189 68 189 68 569 68 189
607 158 68 607 158 68 5 68 5 68 189 68 397 68 397 68 397 68 397 68 397 68 397
607 158 68 607 158 68 189 68 189 68 189 68 189 68 189 68 189
85 359
240 211
607 158 68 397 68 640
211 108
607 158 68 607 158 68 5 68 569 68 189 68 189 68 397 68 189 68 189 68 569 68 189
607 158 68 607 158 68 5 68 569 68 189 68 189 68 397 68 397 68 569 68 397 68 397 68 397
607 158 68 189
607 158 68 5 68 5 68 5 68 5 68 5 189
607 158 68 5
607 158 68 607 158 68 5 68 5 68 189 68 189 68 189 68 189 68 189 68 189 68 189
607 158 68 607 158 68 5 68 5 68 189 68 189 68 5 68 189
85
607 158 68 5 68 5 68 5 68 5 189
607 158 68 607 158 68 5 68 5 68 189 68 189 68 397 68 189 68 189 68 397 68 189
607 158 68 5 68 5 68 5 68 5
607 158 68 607 158 68 5 68 5 68 5 68 5 68 5 68 5 68 5 68 5 68 5 189
607 158 68 5
607 158 68 5 68 5 68 5 68 5 68 5 189 68 397 68 397 68 397 68 397 68 397 68 5 189
607 158 68 430 68 517
607 158 68 5 68 5 68 5 68 189 68 189
85 359
607 158 68 5 68 5 68 5 68 397
607 158 68 5 68 5 189 68 397 68 189
607 158 68 5 68 5 189
607 158 68 5 68 5 68 5
607 158 68 5 68 5 68 5 68 189
607 158 68 607 158 68 5 68 5 68 189 68 189 68 397 68 189
607 158 68 158 108
607 158 68 607 158 68 189 68 569 68 189 68 189 68 397 68 189 68 189 68 569 68 189
607 158 68 5 68 5 68 5 68 5
607 158 68 189 68 189
607 158 68 5 68 5 68 5 68 397 68 5 189
607 158 68 5 68 5 68 5 68 5 189 68 189
85
607 158 68 5 68 5 68 5 68 5 68 5 189 68 397 68 5
607 158 68 5 68 5 68 5 68 5
607 158 68 430 68 517
607 158 68 430 68 517
85
607 158 68 5 68 5 189 68 189 68 189
211
607 158 68 607 158 68 5 68 5 68 5 68 5 68 397 68 397 68 397 68 397 68 5 189
607 158 68 607 158 68 189 68 189 68 189 68 189 68 189
607 158 68 607 158 68 5 68 569 68 189 68 189 68 397 68 397 68 569 68 397 68 569 68 189
607 158
607 158 68 158 108 68 189 68 189 68 189
607 158 68 607 158 68 5 68 5 68 189 68 189 68 397 68 189
607 158 68 607 158 68 5 68 5 68 189 68 189 68 397 68 189 68 189 68 5 68 189
607 158 68 607 158 68 5 68 5 68 5 68 5 68 397 68 397 68 569 68 397 68 5 68 5 189
607 158 68 607 158 68 5 68 5 68 5 68 5 68 5 68 5 68 5 68 5 68 5 68 5 189
607 158 68 607 158 68 569 68 569 68 189 68 189 68 397 68 189
607 158 68 607 158 68 5 68 569 68 189 68 189 68 397 68 189
607 158 68 607 158 68 5 68 5 68 5 68 5 68 397 68 397 68 5 68 397 68 5 189

607 158 68 607 158 68 189 68 189 68 189
85 359 85 359
607 158 68 5 68 5 68 5 68 5 68 5 189
607 158 68 5 68 5 68 5 68 397
261 86
607 158 68 5 68 5 189 68 397 68 189
607 158 68 607 158 68 569 68 569 68 189 68 189 68 569 68 569 68 569 68 569 68 569 68 189
607 158 68 430
607 158 68 5 68 5 189 68 397
211
607 158 68 607 158 108 68 569 68 397 68 189
607 158 68 607 158 68 5 68 569 68 189 68 189 68 569 68 189 68 189 68 569 68 189
607 158 68 5 68 189 68 189 68 189
85 359
85 359
607 158 68 5
607 158 68 607 158 68 5 68 5 68 189 68 189 68 397 68 397 68 189 68 397 68 397 68 5 189
607 158 68 5 68 189 68 189 68 189
211
607 158 68 607 158 68 5 68 5 68 189 68 189 68 397 68 5 68 5 68 5 68 5 68 5 189 68 5 68 5 68 5 68 5 68 5 68 5 68 5 68 5 68 5 189 68 5 68 5 189 68 5 68 5 68 5 189 68 5 211 108 68 5 189 68 5 189 68 5 189 68 5 211 108
607 158 68 5 68 5 68 5 68 5 68 5 189
85 359
607 158 68 189 68 189 68 189
85 359
607 158 68 5 68 5 68 5 68 397 68 189 68 397 68 397 68 397 68 397 68 397 68 397
85 359
607 158 68 607 158 68 5 68 5 68 189 68 189 68 5 68 189
607 158 68 5 68 5 68 5 68 5 68 5 189
211
607 158 68 607 158 68 5 68 5 68 189 68 189 68 397 68 189 68 189 68 5 68 5 68 5 189 68 5 68 5 68 5 68 5 68 5 68 5 68 5 68 5 68 5 189 68 5 68 5 189 68 5 68 5 68 5 189 68 607 158 108 68 607 158 108 68 5 189 211 108 68 5 211 108 68 5 189 211 108
607 158 68 607 158 68 5 68 5 68 189 68 189 68 5 68 189 68 189 68 5 68 189 68 189 68 5 68 5 68 5 68 5 68 5 68 5 68 5 68 5 68 5 68 5 68 5 68 5 189 68 5 68 5 68 5 189 68 607 158 68 607 158 108 68 607 158 108 68 5 189 68 5 189
607 158 68 607 158 68 189 68 397 68 189
607 158 68 5 68 5 189 68 5 68 189
607 158 68 607 158 68 5 68 5 68 189 68 189 68 397 68 189 68 189 68 397 68 189
607 158 68 5 68 5 68 5 68 189 68 189
607 158 68 640
240 211
240
607 158 68 158 108
85 359 68 19 85 359 68 85 359
607 158
607 158 68 5 68 5 68 5 68 5 68 5 68 5 68 5
607 158 68 158 108

607 158 68 607 158 68 5 68 5 68 189 68 189 68 397 68 5
607 158 68 5 68 5 68 5 68 5 189
607 158 68 607 158 68 189 68 189 68 189
607 158 68 607 158 68 189 68 569 68 189 68 189 68 569 68 569 68 569 68 569 68 569 68 189
607 158 68 5
607 158 68 640
607 158 68 607 158 68 189 68 189 68 189 68 189 68 189 68 189 68 189 68 189
607 158 68 5 68 5 68 5 68 5 68 5 68 5 68 5
85 359
607 158 68 5 68 5 68 5
607 158 68 5 68 5 68 5 68 397 68 397 68 397 68 397
607 158 68 5 68 189 68 189 68 189
607 158 68 5 68 5 189 68 397 68 397
607 158 68 5 68 5 68 5 68 5 68 189
607 158 68 607 158 68 5 68 5 68 189 68 189 68 397 68 189
607 158
607 158 68 5 68 5 189 68 5
607 158 68 5
607 158 68 569 68 189 108
607 158 68 607 158 68 5 68 569 68 189 68 189 68 397 68 397 68 189
85 359
607 158 68 607 158 68 5 68 5 68 5 68 5 68 397 68 569 68 569 68 397 68 397 68 5 189
607 158 68 5 68 5
211
607 158 68 607 158 68 5 68 397 68 189
607 158
607 158 68 5 68 5 68 5 68 5
607 158 68 607 158 68 5 68 5 68 189 68 189 68 397 68 189
607 158 68 569 68 189 68 397 68 397
607 158 68 5 68 5 189 68 397
607 158 68 607 158 68 569 68 569 68 189 68 189 68 569 68 569 68 569 68 569 68 569 68 189 108
607 158 68 607 158 68 5 68 397 68 189 68 397 68 397 68 397 68 397 68 397 68 397
607 158 68 5 68 5 189 68 5 68 189
607 158 68 607 158 68 5 68 5 68 189 68 189 68 397 68 189 68 189 68 569 68 189
607 158 68 397
607 158 68 5 68 5 68 5 68 5
607 158 68 607 158 68 5 68 569 68 189 68 189 68 397 68 189
607 158 68 607 158 68 5 68 5 68 5 68 5 68 5 68 5 68 5 68 5 68 5 68 5 189
261 86
85 359
607 158 68 607 158 68 189 68 189 68 189 68 189 68 189 68 189 68 189 68 189 68 189
607 158 68 5 68 189 68 5 68 189 68 189
607 158 68 607 158 68 189 68 189 68 189 68 189 68 189
85 359
607 158 68 607 158 68 569 68 569 68 189 68 189 68 569 68 569 68 189 68 569 68 569 68 189 108
607 158 68 5 68 5 68 5 68 5
211
85 359 68 19 85 359 68 85 359
607 158 68 607 158 68 569 68 569 68 189 68 189 68 569 68 189 68 189 68 569 68 569 68 189 108
85 359 68 430 359 68 19 85 359
607 158 68 607 158 68 5 68 569 68 189 68 189 68 569 68 189 68 189 68 569 68 569 68 189 68 397 68 397 68 189
261 86
607 158 68 397 68 517
607 158 68 607 158 68 189 68 189 68 189 68 189 68 397 68 189

607 158 68 5 68 5 68 5 68 5
607 158
607 158 68 5 68 5 68 5 68 5
85 359
607 158 68 607 158 68 5 68 5 68 5 68 5 68 5 68 5 68 5 68 5 68 5 68 5 68 5 68 5 68 5
607 158 68 607 158 68 5 68 397 68 5 68 397 68 397 68 397
607 158 68 5 68 189 68 397 68 189 68 189
607 158 68 607 158 68 5 68 569 68 189 68 189 68 397 68 189
607 158 68 430 68 189 68 517
607 158 68 5 68 5 68 5 68 5
85 359
607 158 68 5 68 5 68 5 68 5 68 5 68 5 68 5
261 86
607 158 68 607 158 68 5 68 569 68 189 68 189 68 397 68 189 68 189 68 569 68 569 68 189
211
607 158 68 5

85 359
607 158 68 607 158 68 569 68 569 68 569 68 569 68 397 68 569 68 569 68 569 68 569 68 397
85
85 359
607 158 68 5 68 5 189 68 5
607 158 68 5
211
85 359
607 158 68 607 158 68 189 68 189 68 189 68 189 68 397 68 189
607 158 68 5 68 5 189 68 397 68 397 68 397 68 397
607 158 68 5 68 5 189 68 397 68 189
211
607 158 68 607 158 68 5 68 5 68 5 68 5 68 397 68 397 68 5 68 397 68 5 68 5 189
607 158 68 158 108
607 158 68 5 68 5 68 5 68 5 68 5
85 359
607 158 68 189 68 189
211 108
189
607 158 68 5 68 5 68 5 68 5 68 5 68 397 68 397 68 397 68 397 68 397 68 5 189
607 158 68 607 158 68 189 68 569 68 189 68 189 68 397 68 189

607 158 68 607 158 68 5 68 5 68 189 68 189 68 397 68 189 68 189 68 5 68 5 68 5 189 68 5 68 5 68 5 68 5 68 5 68 5 68 5 68 5 68 5 189 68 5 68 5 189 68 5 68 5 68 5 189 68 607 158 108 68 607 158 108 68 607 158 108 68 5 211 108 68 5 189 68 5 189
607 158 68 569 68 189 68 397 68 397
607 158 68 607 158 68 569 68 569 68 189 68 189 68 397 68 397 68 569 68 397
607 158 68 607 158 68 189 68 189 68 189 68 189 68 189
607 158 68 607 158 68 5 68 5 68 5 68 5 68 397 68 397 68 397 68 397 68 5 68 5 189
607 158 68 5 68 5 68 5 68 5 68 5 189 68 397 68 397 68 5 189
85 359
607 158 68 607 158 68 5 68 5 68 5 68 397 68 397 68 397 68 397 68 397 68 397
211
607 158 68 5
607 158 68 607 158 68 5 68 5 68 189 68 5 68 5 68 5 68 5 68 5 68 5 68 5 189 68 5 68 5 68 5 68 5
607 158 68 5
607 158 68 5 68 5 68 5 68 5 68 189
607 158 68 607 158 68 189 68 189 68 189 68 189 68 189 68 189 68 189
607 158 68 5 68 5 68 5 68 569 68 5 68 397 68 397 68 569 68 397 68 397 68 5 108
607 158 68 5 68 5 189 68 397
607 158 68 5 68 5 68 5 68 397 68 397 68 397 68 397 68 397
85 359
85 359
85 359 68 19 85 359 68 19 85 359
607 158 68 607 158 68 5 68 5 68 189 68 189 68 189 68 189 68 189 68 189 68 189 68 189 68 189 68 189
607 158 68 607 158 68 5 68 5 68 189 68 189 68 189 68 189 68 189 68 5 68 189
607 158 68 5 68 5 68 5 68 5 68 5 68 5
607 158 68 607 158 68 5 68 5 68 5 68 5 68 397 68 5 68 5 68 5 68 5 68 5 189 68 397 68 5 68 5
607 158 68 607 158 68 5 68 5 68 189 68 189 68 397 68 189
607 158 68 607 158 68 189 68 189 68 189
85 359 85 359
261 86
607 158 68 607 158 68 5 68 5 68 5 68 397 68 397 68 397
607 158 68 607 158 68 5 68 569 68 569 68 569 68 569 68 569 68 569 68 569 68 569 68 569 68 397 68 397 68 397 68 397 68 397 68 5 68 5 68 5 68 5 189
607 158 68 607 158 68 189 68 569 68 189 68 189 68 569 68 189 68 189 68 569 68 569 68 189 68 569 68 397 68 189
85 359
607 158 68 430
261 86
607 158 68 5 68 5
607 158 68 607 158 68 5 68 569 68 189 68 189 68 569 68 569 68 569 68 569 68 569 68 189
607 158 68 607 158 68 5 68 5 68 189 68 189 68 189 68 189 68 189 68 189 68 189
607 158 68 5 68 5 189 68 5 68 189
607 158 68 607 158 68 5 68 5 68 5 68 5 68 397 68 397 68 397 68 397 68 397 68 5 189
607 158 68 607 158 68 5 68 5 68 189 68 189 68 397 68 189 68 189 68 5 68 5 68 189 68 5 68 5 68 5 189 68 5 68 5 68 5 68 5 68 5 68 5 189 68 5 68 5 189 68 5 68 5 68 5 189 68 5 211 108 68 5 189 68 5 189 211 108 68 5 211 108 68 5 189 211 108
607 158 68 607 158 68 5 68 397 68 189 68 189 68 397 68 397
607 158 68 5 68 5 68 5 68 5 68 189
607 158 68 430 68 517
607 158 68 397 68 189
85 359
211 108
607 158 68 607 158 68 5 68 397 68 397 68 397 68 397 68 397
85 359
85 359
607 158 68 607 158 68 5 68 569 68 189 68 189 68 397 68 569 68 569 68 569 68 569 68 189
607 158 68 607 158 68 5 68 569 68 189 68 189 68 397 68 189 68 189 68 569 68 189
607 158 68 607 158 108 68 189 68 189 68 189 68 189 68 397 68 189
607 158 68 607 158 68 5 68 5 68 189 68 5 68 397 68 397
389 158
607 158 68 5
607 158 68 5 68 5 68 397 68 397 68 397 68 397 68 397 68 397
607 158 68 430 68 517
261 86
607 158 68 607 158 68 5 68 569 68 189
607 158 68 5 68 5 189 68 397 68 397 68 397 68 397
607 158 68 607 158 68 5 68 569 68 189 68 189 68 397 68 397 68 569 68 397 68 397 68 5 189 68 397 68 5 189
607 158 68 607 158 68 5 68 5 68 5 68 5 68 397 68 397 68 5 68 397 68 5 68 5 68 5 68 5 68 5 68 5 68 5 68 5 68 5 68 5 68 5 189
607 158 68 5
607 158 68 5
607 158 68 5 68 5 189 68 397
430
85 359
607 158 68 607 158 68 5 68 569 68 189 68 189 68 397 68 189 68 189 68 569 68 397 68 189
607 158 68 5 68 5 68 5 68 5 68 5 68 5 68 5
607 158 68 5 68 5 68 5
607 158 68 5
607 158 68 607 158 68 5 68 5 68 189 68 189 68 397 68 397 68 397 68 397 68 397 68 5 189
607 158 68 5 68 5 68 5 68 5 68 5 189
607 158 68 5 68 5 68 5
85
607 158 68 5
607 158 68 607 158 68 5 68 5 68 189 68 5 68 5 68 5 68 5 68 5 68 5 68 5 68 5 68 5 68 5 68 5 68 5 68 5 68 5 68 5 68 5 68 5 68 5 68 5 68 5 68 5 68 5 68 5 68 5 68 607 158 108 68 5 189 68 5 189 68 5 211 108 68 5 189 68 5 189
607 158 68 189 68 189
607 158 68 5 68 5
607 158 68 607 158 68 189 68 189 68 189 68 189 68 189 68 189 68 189 68 189
607 158 68 607 158 68 5 68 5 68 189 68 189 68 189 68 189
607 158 68 607 158 68 5 68 5 68 5 68 5 68 397 68 397 68 397 68 397 68 397 68 5 189
607 158 68 5 68 5 68 5 68 5 68 5
85 359
607 158 68 607 158 68 5 68 5 68 5 68 5 68 5 68 5 68 5 189
607 158 68 607 158 68 5 68 5 68 189 68 189 68 5 68 189 68 189 68 5 68 189
607 158 68 5 68 5 68 5 68 189 68 189 68 397 68 397 68 189
85 68 19 85 359 68 189 68 85 359
607 158 68 5 68 5 189 68 397
607 158 68 5 68 5 189 68 397 68 189
607 158 68 5 68 5 68 5 68 5 68 5 68 5 68 5 68 5 68 5
607 158 68 19 85 359 68 189 68 189
211
85 359
607 158 68 5
607 158 68 5 68 5 189 68 397
85 359
607 158 68 5
85 359
261 86 68 5
607 158 68 5 68 5 189 68 5
85 359
211 108
607 158 68 5 68 5 189 68 397 68 189
607 158 68 607 158 68 5 68 569 68 189 68 397 68 397 68 397 68 569 68 397 68 397 68 5 189
607 158 68 5 68 5 68 5 68 5
607 158 68 5
607 158 68 5 68 5 189 68 5
85 359 68 85 359 68 19 85 359
607 158 68 607 158 68 5 68 5 68 189 68 189 68 397 68 189
85 68 85 359 68 85 359
607 158 68 5 68 5 189 68 397 68 397 68 397
85 359
607 158 68 5 68 5 68 5 68 5
261 86
607 158 68 607 158 68 5 68 569 68 189 68 189 68 397 68 189
607 158 68 607 158 68 5 68 569 68 189 68 189 68 397 68 569 68 569 68 569 68 569 68 189
607 158 68 5 68 5 68 5 68 5 68 189
85 359
85 359 68 430 85 359
607 158 68 607 158 68 189 68 189 68 189 68 189 68 397 68 189
607 158 68 430 68 189 68 517
85 359 68 85 359 68 189 85 359
607 158 68 640
607 158 68 607 158 68 5 68 5 68 189 68 189 68 397 68 189
607 158 68 5 68 5 189 68 397
607 158 68 397 68 189 68 397 68 397
85 359
211 108
607 158 68 5 68 189 68 189 68 189 68 189
607 158 68 5
607 158 68 607 158 68 5 68 5 68 5 68 5 68 397 68 5 68 5 189
85
85
607 158 68 607 158 68 5 68 5 68 5 68 5 68 5 68 5 68 5 68 5 68 5 189
607 158 68 569 68 569 68 569 68 430
607 158 68 5 68 5 189 68 397
607 158
607 158 68 607 158 68 5 68 5 68 5 68 397 68 397 68 397 68 397 68 397 68 397
607 158 68 607 158 68 5 68 5 68 189 68 189 68 397 68 189
607 158 68 397 68 189 68 397
85 359
261 86
607 158 68 607 158 68 5 68 5 68 189 68 189
607 158 68 189 68 189
607 158 68 5 68 5 189 68 397 68 397 68 397 68 397 68 397
607 158 68 607 158 68 189 68 189 68 189
85 359 68 430 359
607 158 68 5 189 68 397 68 397
607 158 68 5 68 5 68 5 68 5
261 86 68 5
607 158 68 5 68 5 68 5 68 397 68 397 68 397 68 397 68 397
607 158 68 5 68 5 68 5 68 5 68 5 68 5 68 5 68 5 68 5 68 5 68 5 189
85 359
607 158 68 607 158 68 189 68 189 68 189 68 189 68 189 68 189
85 359
85 359
607 158
607 158 68 5 68 5 68 5 68 397 68 397 68 397 68 397 68 397 68 397 68 397
607 158 68 607 158 68 5 68 5 68 189
607 158 68 5 68 5 68 5 68 189
607 158 68 5 68 5 68 5 68 189 68 189
607 158 68 607 158 68 189 68 569 68 189 68 189 68 189 68 189 68 189 68 569 68 189
85 359
607 158 68 5 68 5 68 397 68 397 68 397 68 397 68 397 68 397
607 158 68 607 158 68 569 68 569 68 189 68 189 68 569 68 569 68 569 68 569 68 569 68 569 68 569 68 397 68 397 68 397 68 397 68 5 68 5 68 5 68 607 158 108
607 158 68 607 158 68 5 68 5 68 189 68 189 68 397 68 189
607 158 68 607 158 108 68 189 68 189
85 359
607 158 68 607 158 68 189 68 189 68 189 68 189 68 189 68 189
85 359
85 359
607 158 68 5 68 5 68 5 68 5 68 189
607 158
607 158
607 158 68 5 68 189 68 189 68 189

211 108
607 158 68 607 158 68 569 68 569 68 189 68 189 68 397 68 189
607 158 68 607 158 68 569 68 569 68 189 68 189 68 397 68 189
607 158 68 5 68 5 68 189 68 189
607 158
607 158 68 607 158 68 189 68 189 68 189
607 158 68 5 68 5 68 5 68 397
607 158 68 5
607 158 68 5 68 5 68 5 68 5 189
607 158 68 5 68 5 189 68 5 68 189
607 158 68 5 68 5 189 68 397 68 189
607 158 68 607 158 68 189 68 397 68 189
607 158 68 607 158 68 5 68 569 68 397 68 397 68 397 68 397 68 569 68 397 68 397
85 359
607 158 68 607 158 68 5 68 569 68 189 68 189 68 397 68 569 68 189 68 569 68 569 68 189 68 397 68 397 68 397 68 397 68 397 68 5 68 5 68 5 68 5 189 68 5 68 5 189
85
607 158 68 5 68 5 189 68 5
607 158 68 430
607 158 68 607 158 68 5 68 5 68 189 68 189 68 189 68 189 68 189 68 189 68 189
85 359
607 158 68 607 158 68 5 68 5 68 5 68 5 68 397 68 397 68 397 68 397 68 397 68 5 189
607 158 68 607 158 68 5 68 5 68 5 68 5 68 5 68 5 68 5 68 5 68 5 189
607 158 68 607 158 68 189 68 5 68 189 68 189 68 397 68 189
607 158 68 607 158 68 5 68 569 68 189 68 189 68 569 68 189 68 189 68 569 68 189
85 359
211
607 158
607 158 68 5 68 5 68 5 68 5
607 158 68 607 158 68 189 68 189 68 189 68 189 68 397 68 189
86 108
211
607 158 68 607 158 68 5 68 5 68 189 68 189 68 397 68 397 68 189 68 397 68 5 68 5 189

607 158 68 5 68 189 68 189 68 189 68 189
85 359
607 158 68 607 158 68 5 68 397 68 189 68 189

607 158 68 5 68 5 189 68 397 68 397
607 158 68 5 68 5
607 158 68 5 68 5 68 5 68 5
607 158 68 5
85 359 211 108
607 158 68 607 158 68 189 68 569 68 189 68 189 68 397 68 189
607 158 68 189 68 189
85 68 85 359 68 85 359
85 359 68 19 85 359 68 85 359
607 158
607 158 68 189 68 189
211 108
85 359
607 158 68 607 158 68 5 68 5 68 189 68 189 68 397 68 189
607 158 68 607 158 68 5 68 5 68 189 68 189 68 5 68 5 68 5 68 5 68 5 68 5 189 68 5 68 5 189
607 158 68 607 158 68 5 68 569 68 189 68 189 68 569 68 569 68 569 68 569 68 569 68 189
607 158 68 5 68 5 68 5 68 5 68 5 189 68 5 68 5 189
85 359
607 158 68 607 158 68 189 68 189 68 189 68 189 68 189 68 189
607 158 68 5 189 68 189
607 158 68 5 68 5 189 68 397 68 189
607 158 68 607 158 68 5 68 5 68 5 68 5 68 397 68 397 68 5 68 397 68 397 68 5 189
607 158 68 5 68 5 189 68 5
607 158 68 158 108
607 158 68 5 68 5 189 68 5
607 158 68 158 108 68 189 68 397 68 189
607 158 68 5 68 5 68 5 68 5 68 5 189
607 158 68 607 158 68 5 68 5 68 5 68 5 68 397 68 189 68 5 68 5 68 5 68 5 68 5 68 5 68 5 68 5 68 5 68 5 68 5 68 5 68 5 189 68 5 68 5 189
607 158 68 189 68 189
607 158 68 5 68 5 68 5 68 5
607 158 68 607 158 68 189 68 189 68 189 68 189 68 189 68 189 68 189 68 189 68 189
85 359 85 359
607 158 68 607 158 68 5 68 5 68 5 68 5 68 397 68 397 68 397 68 397 68 5 189
240 211
607 158 68 189 68 189
607 158 68 607 158 68 5 68 5 68 189 68 189 68 397 68 397 68 397
607 158 68 607 158 68 189 68 569 68 189 68 189 68 569 68 189 68 189 68 569 68 569 68 189 108
607 158 68 5 68 5 68 5 68 5 68 5 189
85 359 68 85 359 68 189 85 359
607 158 68 5 68 5 68 5 68 5 68 5 68 5 68 5 68 5 68 5
86 108
607 158 68 5 68 5 68 5 68 5
607 158 68 5 68 5 189 68 5 68 189
607 158 68 5 68 5 68 5 68 5
607 158 68 189 68 189 68 189 68 189
607 158 68 5 68 5 68 5 68 5 68 5 68 5 68 5 68 5 68 5 68 5 68 5 189
607 158 68 158 108 68 189 68 158 85 359
607 158 68 5 68 5 189 68 397
359
607 158 68 607 158 68 569 68 569 68 189 68 189 68 569 68 569 68 569 68 569 68 569 68 569 68 569 68 569 68 397 68 397 68 397 68 397 68 569 68 569 68 607 158 108 68 607 158 108 68 5 85 359 68 607 158 108 68 607 158 108 68 607 158 108 68 607 158 108 68 397 68 397 68 5 189 85 359 211 108
607 158 68 5 68 5 68 5 68 5 68 5 68 5 68 5

85 359 211 108
607 158 68 607 158 68 5 68 5 68 5 68 5 68 5 68 5 68 5 189
261 86
211
607 158 68 5 68 189 68 189 68 189
607 158 68 430 359
607 158 68 5 68 5 68 5 68 189 68 189
607 158 68 607 158 68 5 68 5 68 189 68 189 68 397 68 397 68 189 68 397 68 5 189
607 158 68 5 68 5 189 68 397 68 397
607 158 68 5 68 5 68 5 68 189 68 189
607 158 68 607 158 68 569 68 569 68 189 68 189 68 569 68 569 68 569 68 569 68 569 68 189
607 158 68 5 68 5 189 68 397
607 158 68 5 189 68 189
607 158 68 189 68 189
85 359
607 158 68 607 158 68 5 68 5 68 5 68 5 68 397 68 5 68 5 189 68 5 68 5 189
85 359
607 158 68 607 158 68 189 68 397 68 189 68 189 68 397 68 397 68 189
607 158 68 607 158 68 189 68 189 68 189 68 189
607 158 68 607 158 68 569 68 569 68 189 68 569 68 397 68 569 68 569 68 569 68 569 68 569 68 397 68 397 68 397
607 158 68 607 158 68 5 68 569 68 189 68 189 68 397 68 397 68 189
86 108
607 158
607 158 68 5 68 5 68 5 68 5 68 5
607 158 68 5 189 68 189
261 86 68 5
607 158 68 517
607 158 68 5 68 5 68 5 68 5
607 158 68 5 68 5 68 5 68 5 68 5 189
607 158 68 5
211 108
607 158 68 5 68 5 68 5 68 5
607 158
85 359
607 158 68 189 68 189 68 189 68 189
607 158 68 5 68 5 68 5 68 5 68 5
607 158 68 607 158 68 189 68 189 68 189 68 189 68 189
607 158 68 607 158 68 189 68 569 68 189 68 189 68 397 68 189
607 158 68 5 68 5 189 68 5
607 158 68 607 158 68 5 68 5 68 189 68 189 68 5 68 5 68 5 68 5 68 5 189
85 359 211 85 359
607 158 68 607 158 68 5 68 5 68 189 68 189 68 5 68 189 68 189 68 5 68 189
607 158 68 430
85 359
607 158 68 430
607 158 68 5
607 158 68 5 189 68 189 68 397
607 158 68 5
607 158 68 607 158 68 5 68 5 68 189 68 189 68 5 68 189 68 5 68 5 68 5 68 5 68 5 68 5 68 5 68 5 68 5 68 5 68 5 68 5 68 5 189
607 158 68 5 68 5 189 68 397
85 359
607 158 68 607 158 68 189 68 569 68 189 68 189 68 189 68 189 68 189 68 569 68 189
607 158 68 5 68 5 189 68 397 68 189
607 158 68 397 68 189 68 397
283
607 158 68 5 68 5 189 68 397
607 158 68 5 68 5 68 5 68 397 68 397 68 397 68 397
607 158
607 158 68 607 158 68 569 68 569 68 189 68 189 68 569 68 569 68 569 68 569 68 569 68 569 68 569 68 397 68 397 68 397 68 397 68 5 68 5 68 5 68 607 158 108
211 108
85 359 211 108
607 158 68 5 68 5 189 68 5 68 5 189
211 108
607 158 68 189
85 359
85 359
85 359 68 85 359 68 85 359
85 359
607 158 68 430

607 158 68 5 68 5 68 5 68 189 68 189
607 158 68 607 158 68 189 68 569 68 189 68 189 68 569 68 189 68 189 68 569 68 569 68 189
389 158
607 158 68 5
607 158 68 5
85 359
607 158 68 569 68 569 68 19 85 359
607 158 68 607 158 68 5 68 5 68 189 68 189 68 397 68 189
607 158 68 5
85 359
607 158 68 607 158 68 5 68 5 68 5 68 5 68 397 68 397 68 397 68 397 68 397 68 5 189
607 158 68 189 68 189
607 158 68 5 68 5 68 5 68 5 68 189
607 158 68 607 158 68 189 68 189 68 189 68 189 68 189 68 189 68 189 68 189
85 359
607 158 68 5 68 5 189 68 5
607 158 68 5 68 5 68 5 68 5 68 5 189
607 158 68 5 68 5 68 5 68 5 68 5 68 5 68 397 68 5 189
607 158
85 359
607 158 68 607 158 68 189 68 189 68 189 68 189
607 158 68 5 68 5 68 5 68 5 68 5 68 5 68 5 68 5 68 5 68 5 68 5 189
607 158 68 607 158 68 5 68 5 68 5 68 5 68 5 68 5 68 5 68 5 68 5 68 5 189
607 158 68 607 158 68 189 68 569 68 189 68 189 68 397 68 189
607 158 68 607 158 68 5 68 5 68 5 68 5 68 5 68 5 68 5 68 5 68 5 68 5 68 5 68 5 68 5 68 5 68 5 68 5 68 5 68 5 68 5 68 5 68 5 68 5 68 5 68 5 68 5 68 5 68 5 68 607 158 108 68 5 189 68 5 189 211 108 68 5 189
607 158 68 607 158 68 5 68 5 68 5 68 5 68 5 68 5 68 5 68 5 68 5 68 5 189
85
607 158 68 640
607 158 68 5 68 5 189 68 397 68 189
607 158 68 640
607 158 68 607 158 68 5 68 569 68 189 68 189 68 397 68 397 68 569 68 397 68 397 68 189
211
607 158 68 5
85
607 158 68 607 158 68 5 68 5 68 5 68 5 68 5
240
85 359
607 158 68 5 68 5 189 68 5
607 158 68 158 108 68 189 68 158 85 359
607 158 68 607 158 68 5 68 5 68 189 68 189 68 397 68 5 68 5 189 68 5 68 5 189
607 158 68 189 68 189 68 189 68 189
607 158 68 5
607 158 68 397 68 397
607 158 68 607 158 68 189 68 569 68 189 68 189 68 397 68 189
607 158 68 5 68 5 68 5 68 5 68 5 189
85 359
607 158 68 158 108
261 86
607 158 68 607 158 68 189 68 189 68 189 68 189
86 108
607 158 68 607 158 68 5 68 5 68 5 68 5 68 5 68 5 68 5 68 5 68 5 68 5 189
85 359 68 19 85 359 68 19 85 359
607 158 68 607 158 68 5 68 5 68 189 68 189 68 397 68 189 68 189 68 189
607 158 68 607 158 68 189 68 189 68 189 68 189 68 189 68 189 68 189 68 189 68 189
607 158 68 569 68 5 189 68 397 68 189
85 359 68 19 85 359 68 85 359
85 359
607 158 68 158 108
607 158 68 607 158 68 189 68 189 68 189 68 189 68 189 68 189
211 108
607 158 68 5 68 5 68 5 68 5 68 189
607 158 68 5
85 359
607 158 68 569 68 189 68 397 68 189
85 359
85 359
85 359
607 158 68 5 68 5
607 158 68 5 68 5 189 68 397 68 189
607 158 68 5 68 5 68 5 68 5
607 158 68 607 158 68 5 68 569 68 189 68 189 68 569 68 569 68 569 68 569 68 569 68 189
607 158 68 5 68 5 68 5 68 189
607 158 68 397 68 517
607 158 68 397 68 189
607 158 68 430 68 517
607 158 68 5
607 158 68 5 68 5 189 68 5
283
607 158 68 5 189 68 397 68 397
607 158 68 430
607 158 68 5 189 68 189
607 158 68 5 68 5 189 68 397
607 158 68 607 158 68 5 68 569 68 189 68 189 68 397 68 189
607 158 68 5 68 5 189 68 397
85 359 68 430 359
607 158 68 607 158 68 5 68 5 68 5 68 5 68 5 68 5 68 5 68 5 68 5 68 5 189
607 158 68 607 158 68 5 68 397 68 189
607 158 68 607 158 68 5 68 5 68 5 68 5 68 397 68 5 68 5 68 5 68 5 68 5 68 5 68 5 68 5 68 5 68 5 68 5 68 5 68 5 68 5 68 5 68 5 68 5 68 5 68 5 68 5 68 5 68 5 68 5 189 68 5 189 68 5 189 211 108 68 5 189
607 158 68 607 158 68 5 68 5 68 189 68 189 68 397 68 189 68 189 68 397 68 189
607 158 68 607 158 68 5 68 5 68 5 68 5 68 5 68 5 68 5 68 5 68 5 68 5 189 68 5 68 5 68 5 68 5 68 5 68 5 68 5 68 5 68 5 189 68 5 68 5 189 68 5 68 5 68 5 189 68 607 158 108 68 607 158 108 68 5 189 211 108 68 5 211 108 68 5 189 68 5 189
261 86
607 158 68 430 359
85
607 158 68 189 68 189 68 189
607 158 68 5 68 5 68 5 68 5 68 5 189
85 359
85 359 68 85 359 68 189 85 359
607 158 68 5 68 5 189 68 397 68 189 68 397 68 397 68 397
607 158 68 5 68 5 68 5 68 5 189
261 86
389 158 108
85 359
607 158 68 607 158 68 5 68 5 68 5 68 5 68 397 68 397 68 397 68 397 68 397 68 5 189
607 158 68 607 158 68 5 68 5 68 5 68 5 68 5 68 5 68 5 68 5 68 5 68 5 68 5 68 5 68 5 68 5 68 5 68 5 68 5 68 5 68 5 68 5 68 5 68 5 189 68 5 68 5 68 5 68 5 68 607 158 108 68 5 189 68 5 189 211 108 68 5 189 68 5 189 68 5 189
211 108
211 108
607 158 68 607 158 68 5 68 569 68 189 68 189 68 397 68 189 68 189 68 569 68 569 68 189
607 158 68 607 158 68 5 68 5 68 5 68 5 68 397 68 397 68 569 68 569 68 397 68 5 189 68 397 68 397 68 397 68 397 68 5 68 5 68 5 68 5 68 5 189 68 5 68 5 189 68 5 68 5 68 5 189 68 5 211 108 68 5 189 68 5 189 211 108 68 5 211 108 68 5 189
607 158 68 607 158 68 569 68 569 68 569 68 569 68 569 68 569 68 569 68 569 68 569 68 569 68 397
607 158 68 607 158 68 5 68 5 68 189 68 189 68 5 68 189 68 189 68 5 68 189
607 158 68 607 158 68 5 68 5 68 189 68 189
261 86
607 158 68 5 68 189 68 397
607 158 68 607 158 68 5 68 5 68 189 68 189 68 397 68 189 68 189 68 397 68 5 189
211 108
211
607 158 68 189 68 189
211 85 359
211 108
607 158 68 5
607 158
607 158 68 5
607 158 68 5 68 5 68 5 68 397 68 397 68 397 68 397
607 158 68 607 158 68 189 68 189 68 189 68 189 68 189 68 189 68 189 68 189 68 189 68 189 68 189 68 189 68 189 68 5 68 5 68 5 68 5 68 5 68 5 68 5 68 5 68 5 189 68 5 68 5 68 5 189 68 5 211 108 68 5 189 68 5 189 68 5 189 68 5 189 68 5 189 68 5 189 211 108
607 158 68 607 158 68 5 68 5 68 189 68 189 68 189 68 189 68 189 68 189 68 189
607 158 68 607 158 68 5 68 5 68 189 68 189 68 397 68 189 68 189 68 569 68 189
607 158 68 607 158 68 5 68 569 68 569 68 569 68 397 68 569 68 569 68 569 68 569 68 397 68 397 68 397 68 397 68 397 68 397 68 5 68 5 68 5 68 5 189
85 359
85 359
607 158 68 5 68 5 68 5 68 5 68 5 189 68 397 68 5 189
607 158 68 189 68 189 68 189 68 189
607 158 68 5 68 5 68 5 68 397 68 5 189
607 158 68 5
607 158 68 430 359
607 158 68 607 158 68 5 68 5 68 189 68 189 68 189 68 189 68 189 68 189 68 189
607 158 68 5
607 158 68 607 158 68 5 68 5 68 189 68 189 68 397 68 397
607 158 68 607 158 68 5 68 5 68 189 68 189 68 397 68 189
607 158 68 5 68 397 68 397 68 397
607 158 68 607 158 68 5 68 5 68 189 68 189 68 397 68 189
607 158 68 607 158 68 5 68 5 68 5 68 5

607 158 68 607 158 68 189 68 189 68 189 68 189 68 189 68 189 68 189 68 189
607 158 68 5 68 5 68 5 68 5

607 158 68 5 68 5 189 68 397 68 397
86
607 158 68 5 68 5 68 5 68 5 189 68 397 68 397 68 397
607 158 68 5 68 5 68 5 68 5 189
607 158 68 430 68 517
85 359
211
607 158 68 5 68 5 189 68 5
607 158 68 607 158 68 189 68 189 68 189 68 189 68 189 68 189 68 189 68 189
607 158 68 607 158 68 5 68 397 68 189

211

607 158 68 430
607 158 68 158 108
607 158 68 5 68 5 189 68 397
607 158 68 607 158 68 189 68 189 68 189 68 189 68 189 68 189 68 189 68 189 68 189
85 359
85 359
85 359
85 359 68 430 85 359
607 158 68 5
607 158 68 607 158 108 68 569 68 397 68 189
211
607 158 68 607 158 68 5 68 5 68 189 68 189 68 397 68 397
607 158 68 607 158 68 569 68 569 68 189 68 189 68 569 68 569 68 569 68 569 68 569 68 189
211
189
607 158 68 607 158 68 5 68 5 68 189 68 189
607 158 68 607 158 68 5 68 5 68 5 68 5 68 397 68 397 68 5 68 397 68 5 68 5 189
85 359
607 158 68 5 68 5 189 68 397
607 158 68 189 68 189 68 189 68 189 68 189
85 359 359
607 158 68 430 68 569 68 517
607 158 68 5 189 68 189
607 158 68 607 158 68 569 68 397 68 189 68 189 68 397 68 397
211 108
607 158 68 5 68 5 189 68 397 68 189
607 158 68 607 158 68 5 68 569 68 189 68 189 68 397 68 189
607 158 68 607 158 68 5 68 569 68 189 68 189 68 397 68 569 68 569 68 569 68 397 68 5 189 68 397 68 397 68 397 68 397 68 5 68 5 68 5 68 5 68 5 189 68 5 68 5 189 68 5 68 5 68 5 189 68 5 211 108 68 5 189 68 5 189 359 211 108 68 397 68 5 189
607 158 68 569 68 569 68 569 68 569 68 189 108
607 158 68 5
607 158 68 607 158 68 569 68 569 68 189 68 189 68 569 68 189
607 158 108
607 158 68 607 158 68 5 68 569 68 189 68 189 68 397 68 397 68 569 68 397 68 397 68 5 189 68 397 68 5 189
607 158 68 5 68 5 189 68 397 68 397
85 359
211 108
607 158 68 5 189 68 397 68 397
607 158 68 607 158 68 5 68 5 68 5 68 5 68 397 68 5 68 5 68 5 68 5 68 5 68 5 68 5 68 5 68 5 68 5 68 5 68 5 68 5 68 5 68 5 68 5 68 5 189
85 359
85 359
607 158 68 607 158 68 5 68 5 68 5 68 189 68 397 68 397 68 189 68 397 68 397 68 5 189 68 397 68 5 189
607 158 68 189 68 189
261 86 68 5
607 158 68 607 158 68 189 68 189 68 189 68 189 68 189 68 189
607 158 68 607 158 68 189 68 189 68 189 68 189 68 189 68 189
607 158 68 607 158 68 5 68 5 68 189 68 189 68 397 68 397 68 397
607 158 68 5 68 5 68 5 68 5
607 158 68 607 158 68 189 68 189 68 189 68 189 68 189 68 189 68 189 68 189 68 189
607 158 68 397 68 517
85 359
607 158 68 607 158 68 5 68 569 68 189 68 189 68 397 68 397 68 569 68 397 68 397
85 359
607 158 68 5 68 189 68 189 68 189
607 158 68 607 158 68 5 68 569 68 569 68 569 68 569 68 569 68 569 68 569 68 569 68 5 108
607 158 68 5
607 158 68 607 158 68 5 68 5 68 189 68 189 68 189
607 158 68 607 158 68 189 68 189 68 189 68 189 68 189 68 189
607 158 68 607 158 68 5 68 5 68 189
607 158 68 607 158 68 5 68 5 68 189 68 189 68 5 68 5 68 5 68 5 68 5 68 5 68 5 68 5 68 5 68 5 68 5 68 5 68 5 68 5 68 5 189
607 158 68 5 68 5 189 68 397 68 397
607 158 68 607 158 68 5 68 5 68 189 68 189 68 397 68 397 68 397 68 397 68 397
607 158 68 5 68 5 68 5 68 5 68 189
607 158 68 5 68 5 68 5 68 397 68 189
607 158 68 5 68 5 189 68 397
85 359
607 158 68 607 158 68 189 68 189 68 189 68 189 68 189 68 189 68 189 68 189 68 189
607 158 68 607 158 68 5 68 5 68 5 68 5 68 397 68 5 68 5 189
607 158 68 5 68 5 189 68 397
85 359 68 19 85 359 68 85 359
607 158 68 607 158 68 189 68 189 68 189 68 189 68 189 68 189
85 359
607 158 68 607 158 68 189 68 189 68 189 68 189 68 189
607 158 68 189 68 189
607 158 68 5 68 189 68 189 68 189
211 108
211
607 158 68 5 68 5 68 5 68 5 68 5 189
607 158 68 5 68 5 189 68 5
607 158 68 5 68 5 68 5 68 5
607 158 68 607 158 68 569 68 569 68 189 68 189 68 569 68 569 68 569 68 569 68 569 68 189
240
86 108
607 158 68 5 68 5 189 68 397 68 397 68 397 68 397 68 397
607 158
607 158 68 5 68 5 189 68 5 68 189
607 158 68 607 158 68 5 68 5 68 189 68 189 68 397 68 189 68 189 68 5 68 189
607 158 68 5 68 5
607 158 68 5
430
607 158
85 359 68 430 359
607 158 68 607 158 68 5 68 5 68 189 68 189 68 397 68 189
607 158 68 607 158 68 5 68 397 68 397 68 397 68 397 68 397 68 397
85 359
607 158 68 569 68 189 68 397 68 397 68 189
607 158 68 5 68 5 68 5 68 5 68 5 189 68 397 68 397 68 397 68 397 68 397 68 5 189
607 158 68 607 158 68 5 68 5 68 189 68 189 68 397 68 189
607 158 68 5 68 5 189 68 5
211 108
607 158 68 5 68 5 68 5 68 397 68 397
283
85 359 68 19 85 359 68 85 359
85 359
85 359
85 359
607 158 68 607 158 68 5 68 5 68 189 68 397 68 397 68 397 68 397 68 397 68 397

607 158 68 607 158 68 189 68 569 68 189 68 189 68 189 68 189 68 189 68 569 68 189
85 359
607 158 68 607 158 68 189 68 189 68 189 68 189 68 397 68 189
85 359
211 108
607 158 68 607 158 68 5 68 5 68 189 68 189 68 5 68 189 68 5 68 5 68 5 68 5 189
211 108
85 359
607 158 68 5
85 359 68 430 108
211 108
607 158 68 607 158 68 189 68 569 68 189 68 189 68 569 68 189 68 189 68 569 68 569 68 189 108
211 108
607 158
607 158 68 430
607 158 68 189 68 189 68 189 68 189
607 158 68 607 158 68 5 68 5 68 5 68 5 68 5 68 5 68 5 68 5 68 5 68 5 189
607 158 68 430 359 68 517
607 158 68 607 158 68 5 68 5 68 189 68 189 68 397 68 397 68 397 68 397 68 397 68 189
607 158 68 607 158 68 5 68 5 68 5 68 5 68 397 68 5 68 5 68 5 68 5 68 5 68 5 68 5 68 5 68 5 68 5 68 5 68 5 68 5 68 5 68 5 68 5 68 5 189
261 86
607 158 68 5 68 5 68 5 68 189
607 158 68 5 68 5 189 68 5
607 158 68 607 158 68 569 68 569 68 569 68 569 68 569 68 569 68 569 68 569 68 569 68 569 68 569 68 397 68 397 68 397 68 397 68 397 68 569 68 569 68 5 189
607 158
607 158 68 189 68 189 68 397
607 158 68 5 68 5 68 5
607 158 68 607 158 68 189 68 189 68 189 68 189 68 189 68 189
607 158 68 5 68 189 68 397 68 189
85 359 211 108
607 158 68 189 68 189
607 158 68 5
85 359 211 108
607 158 68 430
607 158 68 607 158 68 5 68 397 68 158 108
85 359
607 158 68 607 158 68 5 68 5 68 189 68 189 68 189 68 189 68 189 68 189 68 189 68 189 68 5 68 189 68 189 68 5 68 5 68 5 68 5 68 5 68 5 189 68 5 68 5 189 68 5 68 5 68 5 189 68 607 158 68 607 158 108 68 607 158 108 68 5 189 68 5 211 108 68 5 189 68 5 189 211 108
85
85 359
607 158 68 607 158 68 189 68 189 68 189 68 189 68 189 68 189 68 189 68 189
85 359
607 158 68 5 68 5 68 5 68 5 68 5 68 5 68 397 68 5 68 5 68 5 68 5 189
85 359
607 158 68 607 158 68 5 68 5 68 189 68 189 68 397 68 397 68 189
211
607 158 68 607 158 68 189 68 569 68 189 68 189 68 569 68 189 68 189 68 569 68 189
607 158 68 607 158 68 5 68 5 68 5 68 5 68 397 68 397 68 397 68 397 68 397 68 5 189 68 397 68 397
607 158 68 607 158 68 5 68 397 68 397 68 397
607 158 68 5 68 5 189 68 397 68 189
607 158 68 5 68 5 68 5 68 5 68 5 189 68 397 68 5 189
85 68 19 85 359 68 517
607 158 68 5 68 5 68 5 68 5 189
607 158 68 5 68 5 68 5 68 5 189 68 189 68 397 68 189
211 108

389 158
85 359
607 158 68 607 158 68 5 68 5 68 5 68 5 68 5 68 5 68 5 68 5 68 5 68 5 68 5 68 5 68 5 68 5 68 5 68 5 68 5 68 5 68 5 68 5 68 5 68 5 68 5 68 5 68 5 68 5 68 5 68 607 158 108 68 5 189 68 5 189 211 108 68 5 189
85
607 158 68 5 68 5 68 5 68 397 68 397 68 397 68 397 68 397
607 158
85 359
607 158 68 430 68 397 68 517
607 158 68 607 158 68 5 68 5 68 189 68 189 68 397 68 189 68 189 68 5 68 5 189
607 158 68 5 68 5 68 5 68 5 68 5 68 5
85 359 211 108
607 158 68 607 158 68 569 68 569 68 189 68 189 68 569 68 189
607 158 68 607 158 68 5 68 569 68 189 68 189 68 397 68 569 68 569 68 569 68 397 68 5 189
607 158
607 158 68 5 68 5 68 5 68 397 68 397 68 397 68 397
607 158 68 5 68 5 68 5 68 5 68 5 189 68 397 68 397
607 158 68 5 68 5 189 68 5
607 158 68 5
607 158 68 607 158 68 5 68 397 68 189
607 158 68 5 68 5 68 5 68 5 68 5 189 68 397 68 5 68 5 189
607 158 68 607 158 68 189 68 569 68 189 68 189 68 569 68 189
607 158 68 5 68 5 189 68 397 68 5 189
607 158 68 5 68 5 68 5 68 5
607 158 68 189 68 189
607 158 68 607 158 68 5 68 5 68 5 68 5 68 5 68 5 68 5 68 5 68 5 189
261 86 68 5
607 158 68 5 68 5 189 68 397
607 158 68 607 158 68 5 68 397 68 189
607 158 68 5 68 5 68 5 68 5 68 189 68 397 68 397 68 189
607 158
607 158 68 158 108
607 158 68 430 359
607 158 68 5 68 5 189 68 397
607 158 68 607 158 68 189 68 189 68 189 68 189 68 189 68 189 68 189 68 189
607 158 68 5 68 5 68 5 68 5 68 5
607 158 68 607 158 68 5 68 569 68 189 68 189 68 397 68 189 68 189 68 569 68 189
607 158 68 5 68 5 189 68 397 68 189
359
607 158 68 5
607 158 68 5 68 5 68 5 68 5 68 5 68 5 68 5
607 158 68 607 158 68 5 68 5 68 5 68 5 68 5 68 5 68 5 189
607 158 68 430 359 68 19 85 359
85 359
607 158 68 607 158 68 5 68 5 68 5 68 397 68 397 68 397
607 158 68 607 158 68 189 68 569 68 189 68 189 68 189 68 189 68 189 68 569 68 189
607 158 68 607 158 68 5 68 5 68 5 68 5 68 5 68 5 68 5 68 5 68 5 68 5 68 5 68 5 68 5 68 5 68 5 68 5 68 5 68 5 68 5 68 5 68 5 68 5 189 68 5 68 5 68 5 189 68 5 68 607 158 108 68 5 189 68 5 189 211 108 68 5 189
607 158 68 607 158 108 68 397 68 397 68 189
86 108
607 158 68 607 158 68 5 68 5 68 5 68 5 68 397 68 397 68 397 68 397 68 397 68 5 189
607 158 68 430
85 359
607 158 68 158 108
607 158 68 569 68 569 68 569 68 397 68 397
607 158 68 5 68 5 68 5 68 5 68 5 189
85 359
607 158 68 607 158 68 189 68 189 68 189 68 189 68 189 68 189 68 189 68 569 68 189

607 158 68 5 68 5 68 5 68 5 68 5 68 5 68 5 68 5 189
607 158 68 607 158 108 68 397 68 397 68 397
607 158 68 5 68 517
607 158 68 607 158 68 5 68 5 68 5 68 397 68 397 68 397 68 397 68 397 68 397 68 397
261 86
607 158 68 607 158 68 5 68 5 68 5 68 5 68 397 68 397 68 397 68 397 68 397
261 86
607 158 68 397 68 517
85 359
607 158 68 607 158 68 189 68 189 68 189 68 189 68 189 68 189 68 189 68 189 68 189
607 158 68 5 68 5 68 5 68 397 68 397 68 397 68 397
85
85 359
607 158 68 607 158 68 5 68 5 68 5 68 5 68 397 68 5 68 5 68 5 68 5 68 5 189
607 158 68 607 158 68 5 68 5 68 189 68 189 68 397 68 397
211
607 158 68 5
607 158 68 5 189 68 189
607 158 68 607 158 68 569 68 569 68 189 68 189 68 569 68 569 68 189 68 569 68 569 68 189 108
607 158 68 5 68 5 189
607 158 68 607 158 68 5 68 569 68 189 68 189 68 397 68 397 68 397 68 397 68 397
607 158 68 5 68 5 68 5 68 5 68 5 68 5 68 5 68 5
607 158 68 607 158 68 5 68 5 68 5 68 5 68 397 68 397 68 397 68 397 68 397 68 5 189
607 158 68 5
607 158 68 607 158 68 189 68 189 68 189 68 189 68 189
607 158 68 607 158 68 5 68 5 68 5 68 397 68 397 68 397 68 397 68 397 68 397
607 158 68 607 158 68 5 68 5 68 5 68 5 68 397 68 397 68 397 68 397 68 397
211 108
607 158 68 607 158 68 189 68 569 68 189 68 189 68 189 68 189 68 189 68 569 68 189
607 158 68 607 158 108 68 397 68 397 68 189
607 158 68 607 158 68 189 68 189 68 189 68 189 68 189 68 189 68 189 68 189 68 189
607 158 68 569 68 189 108
261 86
85 359
607 158 68 607 158 68 5 68 5 68 189 68 189 68 189 68 189
261 86
85 359
211 108
607 158 68 607 158 68 5 68 5 68 189 68 5 68 5 68 189 68 5 68 5 68 5 68 5 68 5 68 5 68 5 68 5 68 5 68 5 68 5 68 5 68 5 68 5 68 5 68 5 68 5 68 5 68 5 68 5 68 5 68 607 158 108 68 5 189 68 5 189 68 5 189 68 5 189 68 5 189
85 359
607 158 68 5 68 5 189 68 189
211 108
607 158 68 607 158 68 189 68 189 68 189
607 158 68 5 68 5 189 68 5 68 189
85 359
85 359
607 158 68 569 68 189 68 569 68 158 108
607 158 68 5 68 5 68 5 68 5 68 5 189
607 158 68 5
607 158 68 607 158 68 5 68 569 68 189 68 189 68 397 68 569 68 569 68 569 68 569 68 5 189 68 397 68 397 68 397 68 397 68 5 68 5 68 5 68 5 68 5 189 68 5 68 5 189 68 5 68 5 68 5 189 68 5 211 108 68 5 189 68 5 189 211 108
261 86
211 108
607 158 68 607 158 68 5 68 5 68 189 68 189 68 397 68 189 68 189 68 397 68 5 189
607 158 68 5 68 5 68 5 68 5
85 359
607 158 68 397 68 189 68 397
607 158 68 5
607 158 68 189 68 189 68 189 68 189
607 158 68 5
607 158 68 5 68 5 189 68 397 68 397 68 397
607 158 68 607 158 68 5 68 5 68 5 68 5 68 5 68 5 68 5 68 5 68 5 68 5 189
607 158 68 607 158 68 189 68 189 68 189 68 189 68 189 68 189 68 189 68 189
607 158 68 5 68 5 68 5 68 5 68 5 189
607 158 68 640
607 158 68 607 158 68 5 68 397 68 189 68 397 68 397 68 397 68 397 68 397
607 158 68 5 68 5 68 5 68 5 68 5 189
607 158 68 607 158 68 5 68 5 68 189
607 158 68 607 158 68 5 68 569 68 189 68 189 68 397 68 397 68 397 68 397 68 397 68 189
607 158 68 158 108
85 359
607 158 68 607 158 68 5 68 397 68 397 68 397 68 397
607 158 68 5 68 5 68 5 68 189
85 359
607 158 68 607 158 68 5 68 5 68 189 68 5 68 5 68 5 68 5 68 5 68 5 68 5 189
607 158 68 5 68 189 68 189 68 189
211 108
607 158 68 607 158 68 5 68 5 68 5 68 5 68 5 68 5 68 5
607 158 68 397 68 189
607 158 68 607 158 68 5 68 5 68 5 68 5 68 397 68 397 68 397 68 397 68 397
607 158 68 5 68 5 68 5 68 5 68 5 68 5 68 5 68 5 189
607 158 68 5
607 158 68 607 158 68 5 68 5 68 5 68 5 68 5 68 5 68 5 68 5 68 5 68 5 68 5 68 5 68 5 68 5
607 158 68 607 158 108 68 569 68 569 68 189
607 158 68 607 158 68 189 68 569 68 189
211 108
607 158 68 607 158 68 189 68 569 68 189 68 189 68 569 68 189 68 189 68 569 68 569 68 189 68 569 68 397 68 189
607 158 68 189 68 189
607 158 68 5 68 5 68 5 68 5 68 5 68 5
85 359
607 158 68 5 68 5 68 5 68 5 189
607 158 68 5
607 158 68 5 68 5 189 68 397
607 158 68 5 68 5 68 5 68 5
607 158 68 5 68 5 68 5 68 5 68 5
607 158 68 607 158 68 5 68 5 68 189 68 189 68 397 68 189 68 189 68 5 68 5 68 189 68 5 68 5 68 5 68 5 68 5 68 5 68 5 68 5 68 5 68 5 68 607 158 108 68 5 68 5 68 5 68 607 158 68 607 158 108 68 607 158 108 68 5 189 68 5 211 108 68 5 189 68 5 189 211 108
607 158 68 5 68 5 68 5 68 5 68 5 189
261 86
85 359
211 108
85 359
607 158 68 5 68 5
85 68 85 359 68 430 108
261 86
607 158 68 189 68 189 68 189
211
503 189
607 158 68 397 68 640
85
607 158 68 5 68 5 68 5 68 5 68 5
607 158 68 5 68 5 189 68 5 68 189
211 108
607 158 68 5 68 5 68 5 68 397 68 189

85 359
85 359 68 19 85 359 68 85 359
85 359
607 158 68 397 68 517
607 158 68 5 68 5 189 68 397
607 158 68 430 68 517
607 158 68 5 68 5 68 5 68 397 68 397 68 397 68 397 68 397
607 158 68 5 68 5 68 397 68 397 68 397 68 397 68 397 68 397
85 359
607 158 68 5 68 5 189 68 397 68 189
607 158 68 5 68 5 189 68 5
607 158 68 607 158 68 5 68 5 68 189 68 189 68 397 68 189
85 359
607 158 68 189 68 189 68 189 68 189 68 189
607 158 68 607 158 68 189 68 189 68 189 68 189 68 189 68 189
607 158 68 5 68 5 189 68 397 68 397 68 397 68 397 68 397
607 158 68 5 189 68 189
211 108
607 158 68 607 158 68 5 68 5 68 189 68 189 68 397 68 189
85 359
607 158 68 607 158 68 5 68 5 68 189 68 189 68 397 68 189 68 189 68 397 68 189

607 158 68 607 158 68 5 68 5 68 189
261 86 68 5
607 158 68 607 158 68 5 68 397 68 397 68 397 68 397 68 397
85 359 68 430
85 359 68 430 359
607 158 68 569 68 569 68 19 85 359
85 359
607 158 68 607 158 68 5 68 5 68 189 68 189 68 397 68 189
607 158 68 5 68 5 68 5 68 397 68 397 68 397 68 397
607 158 68 607 158 68 5 68 5 68 189 68 189 68 397 68 189 68 189 68 5 68 5 68 5 189 68 5 68 5 68 5 68 5
607 158 68 5 68 5 68 5 68 5 68 5 189 68 397 68 397 68 397 68 397 68 397
607 158
85 359
607 158 68 5 68 5 189
607 158 68 607 158 68 189 68 189 68 189 68 189 68 189 68 189 68 189 68 189
85 359
607 158 68 569 68 569 68 397 68 397 68 397 68 397 68 397
211
85 359

85 359
607 158 68 5 68 5 68 5 68 5 68 5
607 158 68 607 158 68 189 68 569 68 189 68 189 68 397 68 189
261 86
607 158 68 607 158 68 5 68 5 68 5 68 5 68 397 68 397 68 5 68 397 68 5 68 5 189
85 359 68 430 108
607 158 68 607 158 68 5 68 5 68 189 68 189 68 397 68 189
261 86
607 158 68 607 158 68 5 68 5 68 189 68 189 68 397 68 189 68 189 68 5 68 189
607 158 68 5 68 5 68 5 68 5
607 158 68 5 68 5 68 5 68 397 68 397
607 158 68 607 158 68 5 68 5 68 5 68 5 68 397 68 397 68 397
85 359
607 158 68 430 68 517
85 359
607 158 68 607 158 68 189 68 397 68 189
85 359 68 85 359 68 19 85 359
607 158 68 5 68 5 189 68 397 68 189
607 158 68 5 68 5 68 5 68 397 68 189 68 397 68 397 68 397
607 158 68 607 158 68 5 68 569 68 189 68 189 68 569 68 569 68 569 68 569 68 569 68 189 68 397 68 397 68 397 68 397 68 397 68 5 68 5 68 5 68 5 189 68 5 68 5 189 68 5 68 5 68 5 189 68 5 211 108 68 607 158 108 68 5 189 359 211 108 68 5 211 108
607 158 68 607 158 68 569 68 569 68 189 68 189 68 569 68 569 68 569 68 569 68 569 68 569 68 569 68 397 68 397
607 158 68 430 68 189
607 158 68 5 68 5 68 5
607 158 68 5 68 5 68 569 68 397 68 397 68 397 68 397 68 397 68 397 68 397
607 158 68 5 68 5 68 5 68 5 68 5 189
607 158 68 5
607 158 68 397 68 189
85 359
607 158 68 5 68 5 68 5 68 397 68 189

