189 68 85 370 68 607 50 68 638 68 640 68 189 68 64 211 108 68 5 189
222 476 68 189 68 550 430 149 68 85 359 68 397 68 54 86 68 64 211
607 68 189 68 81 68 397 68 85 152 68 189 68 569 68 258 85 359
607 50 68 370 68 81 68 607 158 68 261 86 68 45 108
607 155 68 81 68 569 68 517 68 611 178 68 517 68 517 68 64 211 108
607 50 68 370 68 550 158 359 68 290 258 68 5 108 68 211 85
43 158 68 152 68 370 68 577 68 331 430 149 68 389 158 118 68 240 550 158 85
5 108 68 201 258
4 152 389 158 178 68 517
447 158 543 68 501 85 68 189 68 550 86
43 430
68 245 449 68 550 430 68 430 108 68 149 550 158 68 331 68 231 240 68 70 158
258 4 85 222 85
430 222 211 222
49 68 158 68 501 85 123 189 68 501 85 19 85 68 430
258 68 36 149 68 638
5 213 108 68 85 247
189 68 170 299 68 638 68 124 68 503 339
189 68 405 189 68 543 51 86 68 607 50 68 189 68 397 68 593 89 50
189 68 550 158 543 68 158 152 550 339 68 331 149 68 19 85 68 189 550 158 543
49 68 158 68 258 68 36 149 68 237 247 68 611 189 68 406 158 359 389 158 118
189 68 211 517 68 517 68 405 149 68 430 68 189 68 81 68 569 68 261 339
611 51 570 211 222 149 68 189 68 331 149 68 19 85 68 153 108
189 68 64 211 68 152 68 152 68 189 68 569 68 517 85
189 68 170 299 68 397 68 501 85 406 158 359 68 189 68 241 68 19 85 68 640 68 517 85
607 158 68 607 68 5 68 527 359 68 222 85
5 189 108
5 68 189 68 570 211 108
430 397 68 283 68 570 211 68 339
189
321 152
43 155 68 517 359 68 211 155
503 158 108 68 158 108 68 569 68 430
651 123 68 405 108 68 405 68 241 68 447 158 108
170 108 68 430 68 390 569 85 299
211 543
189 68 211 68 607 158 68 240 68 64 389 339 68 569 68 231 240
51 487 359
330 258 189 550 158 213
261 86 68 158 189 68 331 68 64 51 86 68 189 68 81 68 397 68 550 501
550 339
43 155 108
19 152 68 36 149 68 501 68 569 68 569 68 517
201 258 68 339 68 607 479
577 68 640
189 68 430 68 569 68 370 68 5
5 68 527 68 607 158 68 330 19 68 640 68 19 68 170 108
51 570 389 339
258 247 68 517 68 517 85
5 68 550 430 68 607 158 68 290 68 359 68 64 211 68 543 389 158 68 354 68 189 68 389 158
162
153 68 87 68 397 68 19 68 87 449 68 189 68 261 86
43 158 68 607 68 611 189 68 70 149 68 569 68 85 359
241 85 347 158 85 359 68 640
405 108
170 51 86
405 178
43 155
237 108 68 5 68 607 479 68 241 68 607 158 68 430 68 189 68 241 68 19 85 68 241 68 241 430 199
330 543 503 158 68 85 222 85 299 211
503 158 108
87 68 611 51 86 68 5 68 331 149 68 339
390 68 569 108 68 158 189 68 331 487 359 68 189 68 331 149 68 405 189 68 550 501 85 347 501 68 189 68 189 68 189 68 189 68 189 68 19 85
68 85 68 51 487 149 68 19 85
64 211 258 68 354 68 189 68 321 247 85
70 189 68 211 68 211
87 359 68 430 299
189 68 158 543 68 640 68 189 550 487 543
64 211 68 501 68 4 68 189 68 569 85 359
237 108 68 158 108 68 430 68 397 68 79 430 199
550 501 68 651
5 68 85 4
36 108 68 85 152 550 158 108 68 390 68 189 68 629
389 339
19 152 68 36 149 68 640 68 642 211
153 189 68 390 68 640 68 5 189 68 405 85 68 85 347 158 85 359
258 108 68 431 68 149 68 158 85 359 68 331 68 189 68 354 68 241 68 241 68 85
258 247 68 517 68 64 550 158 189
261 86 68 607 50 68 390 68 153
607 158 68 527 68 231 240 68 36 149
339 68 430 68 405
82 152 68 36 149
189 68 211 607 158 68 607 158 68 201 258 299 68 397 68 43 158 68 85
417
153 108 68 430 68 607 155 68 638 211 68 569 68 79 85 68 241 68 36 85
86 163 68 617 149 68 397 68 54 86 68 397 68 503 158 68 70 158
569 68 5 68 430 68 43 158 68 64 211
321 240 85 359 389 158 359
149 51 479
347 158 68 85 68 211 199 68 550 430
231 240
550 158 199
51 86 149
501 85 447 158 85 359 68 607 158 359
283 68 189 68 331 149 68 64 550 501 68 397 68 370 68 43 158 68 331
447 430
87 359 68 189 68 430 68 85 331 68 331 487 359 68 430 68 426 86
85 359 68 189 68 397
607 68 550 501 68 397 68 517 68 611 152
149 389 339 68 359
87 68 158 108 68 569 68 405 68 213 68 220 211 258 68 569 68 365 430 199
87 68 87 108 68 339 551 68 189 68 405 241 68 189 550 339 68 19 85 68 19 85 68 85 68 19 85 68 569 68 503 158 359 68 503 339
64 211 258 68 359 68 405 68 261 86 68 569 68 4 85 68 331
189 211 471 389 339
85 4 199 359
607 50 68 194 543 68 397 68 405 68 70 158 68 189 68 19 68 640
87 359
87 68 607 50 68 36 149 68 339 68 397 68 638 211 68 70 158 68 569 68 79 430
19 152 68 36 149 68 640 68 642 211 543 389 158 68 389 158
189 68 405 189 68 158 543 51 86 149 68 397 68 5
607 50 68 550 501 68 397 68 405 68 5 68 430 68 79 430
231 51 86 68 651 123 68 211 149 68 36 211 82 68 4 189 68 79 152
189 68 347 501 68 430 68 405 68 85 359 389 158 118 68 405 85 68 85
189 68 170 299 68 397 68 330 85 359 68 19 68 640
211 240 68 640 68 569 68 19 85
607 158 68 85 241 68 390 68 189 68 611 74
607 158 68 607 158 68 19 85
405 68 70 158 359
189 68 607 68 607 50 68 54 86 68 397 68 569 68 85 347 158 118
231 240
503 189
158 152 68 222 68 158
158 158 108
507 258
237 68 607 50 68 211 199 68 607 158 68 19 85 359 389 158 85 359
607 68 550 501 68 397 68 261 158 199 68 43 158 68 64 389 158 359
261 86 68 36 85 370 68 70 158
611 258 222 68 406 258 611 189
87 85 359
569 68 85 241 68 640 68 406 158 152 68 617
607 158 68 4 108 68 64 211
503 189 68 390 68 569 68 211 543 503 158
237 149 68 211 359 68 4 189 68 607 158 68 430 68 283 68 19 108 68 64 211
36 149 68 330 68 397 68 211 199 68 331 158 85 68 5 189 68 19 108 68 5 68 531 158 108 68 85 68 85 68 85
189 68 158 543 68 607 158 68 405 258 85 68 45 108
447 158 240 68 64 51 108
517 258 149
550 501
19 152 68 36 149 68 189 68 189 240 550 158 359 68 339 68 189
607 68 36 149 68 81 68 607 158 68 64 550 339 68 397 68 36 85 152 68 617 149 68 617 68 607
189 68 64 211 68 189 68 189 68 170 178 68 397 68 189 68 189
194 543
222 476 68 397
405 189 68 331 149 68 5 68 253 68 79 359 68 607 158 68 70 189 68 569 68 158 68 569 68 158 108
189 68 550 501 68 189 68 189 68 211 85 68 607 158 68 5 68 397
201 68 54 86 189 68 54 86 68 397 68 339 68 389 430 299 68 189 550 487 359 68 189 68 640 68 189 241 430 199
261 85 85 68 19
527 68 153 68 5 68 331 68 231 240 68 640
158 108 149 68 550 487 543 68 240 211 68 4
85 4 85 359
86 68 569 108 68 330 68 405 68 189 68 189 68 354
430 155 643
149 389 339 68 503 189
501 85 517 85 68 158 108 68 339
189 211 85 299 389 158 189 68 211 406 155
189 68 651 405 108 68 405 68 4
43 155 68 189 68 81 68 5 68 85 359 68 87
321 189 68 87 85
607 170 68 359 68 430 68 64 211
397 68 640 68 569 108
261 158 68 149
607 158 68 550 501 68 189 68 241 68 430 68 45 4 199 68 158 199
189 68 170 299 68 253 68 607 158 68 607 158 68 446 108
51 86 68 189 68 607 50 68 611 189 68 136 479 68 158 189 68 331 149 68 5 189 68 245 449
569 68 397 68 211 390 68 397 68 370 68 640 68 5 108
19 85 68 430 68 550 158 108 68 354
19 152 68 152 68 370 68 189 68 51 570 68 79 359 68 569 68 70 189
607 158 68 64 149
607 68 550 501 68 397 68 5 68 189 68 339 68 19 85 68 5 189 68 550 487 551
261 86 163 108
290 85 359
501 85 517 85 68 405 241
321 68 189 68 4 64 68 189 85
290 85
51 86 68 87 108 68 64 211 108 68 359 4 240
607 50 68 189 68 347 501 68 222 68 607 158 68 503 158 108
211 543 51 86
640 68 321 189 68 85 68 19 85 68 213 359
86 68 617 149 68 258 68 607 158 68 607 158 189
87 449
64 211 68 517 68 405 108 68 241 68 330
79 158 517 68 430
611 189 290 85
527 68 405 68 517 19 68 569 68 431
283 68 19 85 68 430 68 389 349 85
503 189 68 87 543 68 517
222 476
611 299
158 405 149 68 397 68 211 85 68 189 68 640 68 189
321 68 5 108 68 406 158 149 68 64 211
261 86 68 607 50
86 163 68 617 149 68 5 68 5
43 430 68 607 50 68 397 68 211 543 68 231 240
59 430 68 642 211
607 158 68 19 85
87 359 68 222 4 85 222 108 68 246 68 189 68 607 50
276 19 163 68 430
231 51 86 68 87 68 136 479 68 607 68 640 68 85 68 85 331 487 149
570 240 359
321 247 405 108
19 152 68 36 149 68 189 68 189 240 550 158 359 68 339 68 189
527 68 87 68 5
153 108 68 430 68 607 158 68 570 389 158 85 68 189 68 607 50 68 389 85 359
81 68 222 68 158
43 158 68 211 415 68 503 189
237 247 68 405 68 611 189 68 611 299
5 189 211 85 359 389 158 299
87 359 68 501 85 68 158 108 68 36 149 68 189
517 108 389 339 68 397
189 68 170 299 68 158 108 68 247 68 569
43 158 68 640
158 189 149 51 517
611 570 389 158 85 359 68 607 158 68 638 68 638 68 36 149 68 54 86 68 397 68 569 68 158 108 68 569 68 569 68 85
261 158 108
87 359 68 339 68 158 189 149 68 64 211 108
49 68 158 68 405 149 68 36 149
64 211 108 68 158 108 68 527 68 36 149 68 607 68 189 68 19 68 321 247 149 68 607 158 68 189 68 189 68 4
642 149 550 86 68 85 359
197 86 247 108
538 430 68 85 68 85 149 68 158 108
343 543 551 237 247
189 642 211
339 68 158 108 68 211 93 51 86
607 170 68 347 85 68 158 108 68 347 501
189 68 54 654 85 68 288 68 19 85 68 397 68 569 68 569 68 19 85
607 68 550 501 68 397 68 397 68 240 550 158 68 607 158 68 527 68 211 543 51 570 389 158 118
87 359 68 189 68 651 123
617
54 86
607 158 68 158 68 211 68 5
197 86 85
339 68 158 108 68 405 85 359
158 406 158 299
222 476 68 607 68 569 68 330 359 68 430 68 607 158 85
64 211
607 158 68 370
87 68 347 501
197 158 68 321 189
54 86 68 397 415 211 108
651 123 68 569 68 406 158 359 68 550 430 359 68 397
607 170 359
87 108 68 54 86 68 189 68 54 86 68 189 68 19 68 288 68 397
189 68 607 68 5 68 258
339 68 64 51 86 189 550 86
189 68 550 501 68 339 68 405 149 68 569 68 642 211 68 70 158
514 199 68 339 68 213
158 108 389 158 213 68 347 158 359
397 415 51 108
406 155 149
149 550 158 543
189 68 213 43 158 152
607 158 68 64 550 189 550 339 68 54 86 68 397 68 170 152 68 569 68 617 68 617 68 617 68 617 68 617 68 189
19 85 68 430 68 550 158 108 68 354 68 405 68 405 68 405 68 64 211 108 68 64 211 108 68 19 108
68 245 449 68 201 258 68 201 258 189 458
87 68 347 501 68 607 50 68 64 51 86 68 5 189 68 85 170 299
153 108 68 197 86 68 85 68 517 85 299
447 158 290 569
87 359 68 222 68 430 68 158 108 68 81 68 189 68 158 479 68 19
261 86
189 68 79 158 240 389 158 118 68 189 68 189 68 321 247
189 68 550 158 85 85 68 365 152
87 449
494 68 189 550 487 149
321 563 158
54 86 68 405 68 405 68 607 158 68 607 158 68 607 158 68 527 68 607 50
45 68 430 68 430 68 158 108 68 261 86 68 87 449 68 19 85
201 258 199 85 347 158 189 68 611 85
290
330 611 118 108
642 211 68 158 543 108 68 517 68 261 86 68 607 158 68 365 430 149 68 617 149
501 85 517 68 258 68 64 211 68 430 149 68 640 68 569 68 19 85 68 85 68 213
389 149 550 158 108 68 517 68 43 158 85
19 68 158 479 503 189 68 607 158 68 222 68 331
189 68 158 199 68 5 68 570 389 339
517 258 149 68 170 152
54 86 68 397 68 569 68 570 211 68 390 68 517 85
569 68 158 149 550 158 359 68 390 68 397 68 370 68 43 158 68 245 449
87 449 108
607 50 68 370 68 81 68 569 68 642 211 68 5 68 201 258 68 189 68 430 68 354 551
607 158 68 197 85 68 85 359 68 339 68 189 68 611 51 86 68 397 68 43 158 68 617 149
330 64 211
87 68 87 68 430 68 569 108 68 189 570 389 158 108 68 189 68 85
517 258 85
430 108 68 54 86 68 607 158 68 607 158
503 158 108 68 517 68 607 158 68 258 68 354 68 81
189 68 607 68 189 68 543 68 295 449
607 158 68 405 108 258 85 299 4 199 68 43 158 68 617
36 85 211
189 68 85 4 240 68 370 68 397 68 79 487 149
87 359 68 197 86 108 68 19 85 68 430 299 389 158 543 211 68 405 108
531 85 299 449
417
4 64
642 211 108
607 68 550 501 68 253 68 64 211 68 517 68 253 68 397 68 569 68 124
607 158 68 54 86 68 189 68 397 68 503 158 68 189 68 170 299 68 527 359 68 359 68 501 85 359
577 68 640
87 68 347 501 68 5 68 447 158 68 189 68 431 68 617 149
87 359
189 68 43 158 68 43 158 68 417 68 321 247
79 430 68 321 189
405 199
59 479 4 359
261 86 68 158 189 68 331 64 389 430
43 158 543 359
354 68 288
397 68 45 158 449
503 158 108 68 390 68 569 68 290 85 359
607 158 68 211 85 68 330 68 5
43 158 68 189 68 417 68 347 501 68 640 68 85 241 68 397 68 611 152
503 158 108 68 390 68 569 68 79 359 68 189 68 642 211
514 199
189 68 517 68 43 158 68 397 68 406 158 543 68 211 247 85 299
85 241 211
43 359
261 86 68 124 68 607 50 68 569 68 550 430 68 241 68 640
237 68 43 158 68 321 247 68 607 158 68 331 68 70 158 68 569 68 569 68 527 68 64 211
170 569 68 19 85 68 158 108 68 406 85 359
211 258
68 365 430 149 68 5 189 68 570 389 158 68 569 68 331 487
189 213 194 213
347 501 68 158 152 68 543 211 68 158 108 68 607 158 68 189 68 617 149 68 5 189 68 211 85
276 85 359
189 68 430 149 68 85 68 430 68 550 501 68 397
189 68 517 68 43 158 68 241 68 85 152 550 158 85
321 68 189 68 607 158 68 569 68 370
43 158 68 640
59 430 149 550 158 108 68 211 543 85
517 85 299 389 158 85
189 68 593 89 487 68 607 158 68 397 68 241 68 569 68 501 85 4
503 158 108
36 85 152 68 240 550 487 149
189 68 494 68 158 108 68 158 108 68 607 158 68 5 68 417
503 158 108 68 158 108 68 36 149 68 629 68 397 68 64 550 158 108 68 64 211 108
59 430 149 550 158 85 359
503 85 68 517 68 607 158 68 527 68 152 550 501
51 86 68 430 68 4 64 211 390 359
503 158 108 68 390 68 569 68 158 108
569 68 447 158 108 68 158 108 68 158 240 51 108
158 108 68 36 149 68 158 108 68 617 149 68 189 68 331 149 68 36 211 85 152 68 607 158 85 68 397 68 397 68 607 158 85
569 68 607 50 68 85 397 68 5 68 19 68 607 158 68 81 68 569 68 189 68 569 68 569 68 569 68 569 68 569 68 569 68 569 68 569 68 569 68 569 68 569 68 569 68 569 68 569
321 68 213 194 213
503 85 68 517 68 607 158 68 417 68 45 149
405 359
149 550 487 551
607 50 85
19 68 87 68 334
153 68 4 85 68 85 241 430 68 45 199 68 64 211 68 430 68 430 68 70 158
607 158 68 569 68 85 389 189
405 149 389 158 240 68 231 51 86
43 158 68 189 68 577 68 158 108 68 517 623
85 149
153 108 68 527 68 370 68 607 158 68 607 158 68 430 68 253
390 517 258 85
197 86
531 85 299 449 68 4 85 359
189 68 607 68 397 68 651 123 68 569 68 538 339 68 45 108 68 517
321 85 68 261 487 149
389 158 68 153 189 108
607 155 68 189 68 85 68 43 158 68 253 68 397 68 81 68 153 108
354 551
531 158 85 359
237 108 68 197 86 68 430 359
430 359 68 430 85 51 570
430 359
503 339
397 611 405 108
231 240
85 447 430
261 158 68 397
87 359 68 347 158
189 68 651 123 68 93 51 86 68 222
51 68 607 158 68 607 158 68 397 68 283 68 543 51 86
19 85 68 158 189 211 149
261 158 68 87 68 430
87 68 19 79 158 189 290 68 189 68 170 108 68 170 108
87 68 347 501 68 640 68 162 68 607 50 68 617 68 189 68 617
607 158 68 197 85 68 85 68 569 68 64 389 339 68 189 68 531 211 199
570 389 158 108 170 108
330 149 68 189 68 517 258 149
405 85 178
43 158 199
211 543
397 70 158 108
430 149 550 487 68 158 240 211 222
189 68 607 50 68 397 68 261 86 68 397 68 197 86
189 85 152
86 163 68 617 149 68 397 68 517 68 550 430 68 569 68 503 158 68 503 158
430 550 158 199
607 68 550 501 68 397 68 253 68 397 68 397 68 569 68 569 68 158 108
87 359 68 158 108 68 36 85 359 68 85 359 389 339
189 68 651 123 68 158 108 68 189 68 241 68 85 170 152 68 397 68 550 501 68 189 550 501 68 189 68 189 68 189
321 68 19 152 68 607 158 68 288
607 158 68 211 211 222
5 189 426 339
527 68 68 85 359 68 189 68 611
261 86 68 79 158 189 68 569 68 45 149 68 189 85 359
189 68 4 68 241 68 258 189 570 389 570
189 68 211 607 158 68 431 68 640 68 607 158 68 569 68 85 4 189 68 136 479
197 158 68 321 189 68 339 68 569 68 79 430 359
189 68 607 50 68 197 86 68 447 158 68 266 50
85 93
86 163 68 617 149 68 397 68 5 68 339 68 290 85 68 5 189 68 79 68 79 222
49 68 158 68 501 85 123 189 68 501 85 19 85 68 430
569 68 321 247
430 397 68 189 458
189 68 158 543 68 397 68 370 68 43 158 68 261 86 85 152
607 158 68 405 68 390 68 5 189 68 64 51 86 68 397
87 152 68 19 79 155
417
189 68 593 85 68 247 149 68 19 85 68 527 68 283 68 19 85 68 241 68 290 85
611 570 389 158 85 359 70 189 68 638 68 201 258 68 211 85 68 64 550 158 85 68 85
189 266 158 68 158 68 607 158 68 64 550 501 68 397 68 241 430
189 68 211 607 50 68 81 68 569 68 550 487 359 68 569 68 64 211 108
43 158 189 211 458
189 68 158 543 68 607 158 68 213 194 85
607 158 68 607 158 85
43 158 68 607 68 607
211 85 359
607 68 550 501 68 397 68 253 68 569 68 189 68 501 85 68 501 85 68 189 68 189 68 189 68 189 68 189 211 189 211 189 68 189 68 189 68 189 68 5
189 68 607 50 68 19 543 68 321 247 19 68 5 189 68 331 149 68 43 158 68 5 68 241 68 5 68 81 68 643 85
527 68 607 158 68 550 158 108 68 85 611 258 68 158 108 68 4 68 640 68 517 85
321 4 68 517 68 85 152
607 50 68 237 247 68 607 158 68 430 68 446 68 5
197 86 85
43 158 68 189 68 189 68 5
261 86 68 124
64 389 158 213 68 397
261 86 68 253 68 569 108 68 550 339
43 158 68 550 570 199 68 189 68 201 258 68 570 389 158 199
87 359 68 347 158
354
397 415 211 108
237 68 397
43 155 108
607 50 68 370 68 81 68 158 543 550 158 241 359 211 68 397 68 5 108
231 51 86
517 211 211
397 68 189 68 517 68 43 158 68 64 211 108
43 158 68 43 155 49
261 86 163 108
43 158 199
79 158 189 389 158 359
261 158 85
447 339
189 68 211 607 50 68 397 68 211 211 211 189 211 222
430 330 19
201 258 68 390 68 258
189 68 651 123 108 68 5 189 68 570 211 68 611 74 68 397 68 389 85 359 68 189 68 321 247 85 68 569 68 19 85 68
85 447 158 85
189 68 211 607 50 68 640 68 642 68 158 108 68 405 241 406 158 118
261 86 68 124 68 165 68 607 158 68 81 68 397 68 170 108 68 339 68 43 158 68 136 479 68 136 479 68 136 479 68 569 68 569 68 569 68 136 479 68 569 68 569 68 569 68 569 68 569 68 569 68 569 68 569 68 569 68 569 68 569 68 569 68 569 68 569 68 569 68 569 68 503 158 85 68 569 68 503 339 68 503 339 68 261 339 551 68 446 82 68 446 68 503 158 85 68 503
64 211 258 68 640 68 36 85 68 405 68 189 68 569 68 158 543 211 108 68 5 189 68 290 85 359
36 108 68 550 430 68 390 68 201 258 68 290 85 359 68 19 85 68 607 50
503 189
64 389 158 68 43 158 68 261 86
64 211 258 68 640 68 36 85 68 405 68 149 68 569 68 430 68 569 68 430
651 123 68 70 189 68 607 158 68 54 86 68 189 68 189 550 86 199
389 85 359 68 258 68 258 85
87 359 68 347 158
339 68 430 68 538 86 68 5 108
494 68 158 108 149
607 50 68 370 68 81 68 642 211
607 158 68 570 211 68 593 149 68 189 68 347 501
339 68 64 211 68 550 501 68 189 68 417 68 153 189 68 89 487
189 68 550 501 68 397 68 222 68 550 501 68 241 68 447 158 68 397 68 43 158 68 43 158 68 170 108 68 211 68 211 68 406 501 68 170 108 68 5 68 5 189 68 189 68 5 189 68 5 189 68 406 550 501 68 406 501 68 5 68 5 68 5 68 5 68 5 68 189 68 5 68 5 189 68 5 189 68 5 68 5 68 5 189 68 550 501 68 550 501 68 550 501 68 550 501 68 550
405 152
607 50 68 189 68 347 501 68 611 189 68 43 158 68 431 68 611 189
51 86 68 607 68 607 50
261 86 68 253 68 189
152
607 158 68 389 430 68 397 68 54 86 68 397 68 5 108
64 211 108 389 339 68 642 68 642 211
390 517 258 85
158 158 108 199
189 240 211 507 299
503 189 68 517 68 288 68 446 68 288 68 64 211 108 68 201 258 68 189 68 189 68 405 68 405 64 211 543 211 543
295 149 68 231 85 68 330 359 68 85 68 189 68 543 389 85 68 189 68 5 189 68 189 68 85
189 68 651 123 68 189 68 189 68 550 501
86 68 124 68 19 68 607 158 68 527 68 189 68 397
43 158 68 189 68 577 68 569 68 19 85 68 189 643 334 108 68 405 189
36 108 68 330 68 397 68 550 501
397 68 197 155
503 189 68 253 68 569 68 550 430 149 68 405 68 241 68 85 152 68 189 68 550 501
231 51 86 68 261 86 68 43 158 68 261 86 68 370 68 607 339
85 222 68 4 85 68 4 189 108
339 68 64 211 68 550 501 68 189 68 417 68 153 189 68 89 487
503 158 108
204 85
204 85 68 517 211 189
430 85 517
87 68 607 50 68 237 247 68 81 68 640 68 258 85
64 211 258 68 211 543 68 158 68 430 68 569 68 19 85 68 158 189 68 211 211 211 211 211 211 211 108
607 158 68 258 108 68 85 152 550 501 68 550 501 68 189
189 68 211 339 68 54 86 68 397
19 152 68 36 149 68 640 68 85 152 389 158 108 68 517 68 261 86 68 231 240
189 68 550 158 543 68 189 68 607 50 68 405 68 640 68 19 85
321 93 68 607 68 211
321 189 108
607 158 74
189 85 299 149
406 158 449 68 155
4 178
607 158 68 197 85 68 85 68 527 359 68 397 68 19 85 68 607 50
607 158 155
430 299 258 85 68 570 211 108
405 155
321 68 611 74 68 19 85 68 359 389 158 108 68 153 189
397 68 527 68 607 158 68 447 158 108 68 189 68 290 85
447 158 85 359 68 550 86 211 85
19 108 68 390 68 607 68 321 247 68 405 68 19 68 158 108 68 153 189
36 149 68 517 68 611 258 68 607 158 68 54 86 68 397 68 569 68 87 68 81 68 81 68 569 68 569 68 81
68 158 108 68 430 68 158 108 68 70 158 108
43 158 68 607 158 68 607 158 68 4 152 68 153 108
86 163 68 246 68 189 550 158 189 68 211 211 211 85 68 397 68 569 68 359
503 339
189 68 87 68 197 86 68 240 550 68 331 149 68 607 50 68 64 550 158 68 189
211 607 158 199
550 501
86 163 68 617 149 68 405 68 640 68 189 68 45 108
68 85 36 211 68 149 211 543
189 68 170 299 68 158 108 68 211 543 68 517 258 82 152
43 158 68 189 68 577 68 339 68 158 108 68 87 449
405 359
514 430
607 158
87 89 158 68 253 68 54 86 68 397 68 253 68 569 68 331 149
87 359
527 68 153 68 153 68 347 158 68 390
607 158 85 68 330 68 87 152
189 68 213 194 85 68 36 149 68 607 158 68 170 68 170
430 299 68 189 68 359
87 359 68 501 85 4 189 68 517 68 607 50 68 81
189 68 245 149 68 211 359 68 64 211
5 211 211 189
607 158 68 197 85 68 85 152 68 397 68 4 152 68 189 68 170 299
447 189 550 430
189 68 607 68 5 68 611 189 68 211 93 435 85 68 64 389 339
189
87 359 68 189 68 331 149 68 5 68 642
247 85 86 85
607 158 68 197 85 68 85 68 189 68 213 194 68 331 149 68 607 158 68 189 68 5 189
569 68 397 68 211 68 189 68 213 51 501
607 50 68 288 68 51 86 68 43 158 68 201 258
231 85 68 45 149 458 85 68 517 68 517 85
36 108 68 288 68 390 68 638 68 85 4 85 359
87
87 359 68 64 51 108 68 158 108 68 36 189 68 629
79 430 359
241 108 68 390 569 68 517 623
87 359 68 197 86 149 68 64 550 339 68 543 211 108
211 149
197 158 543 68 247 85 68 390 569 68 85 517 68 211 543 211 543 68 405 241 68 517
290 85 359
158 85 359 389 158 406 155 68 189 211 390 299 211 189
527 68 87 68 5
607 68 550 501 68 397 68 501 85 517 82 152 68 607 158 68 170 108 68 5 68 550 487 149 68 5 68 5 68 189 68 189 68 189 68 5 68 5
494 68 607 170
68 85 68 5 68 430 299 68 405 189 68 211 211 211 85 359
503 158 108 68 390 68 569 68 290 85 359 211 68 359 68 397
68 245 449 68 550 430 68 405 68 153 189 68 550 86 149 68 189 550 487 149
607 158 68 288 68 45 152 68 189 68 550 501 68 389 339 68 501 85 359 211 68 339 551
503 85 68 517 68 607 158 68 417 68 241 68 538 158 199
51 86 68 607 158 68 651 123 68 241 68 189 68 570 389 158 189 68 501 85 68 501 85 68 501 68 501 85 68 501 85 68 501 85
87 543 68 430 68 607 50
261 158 543 68 397 68 5
430 108 68 189 68 189 68 550 501 68 397 68 397 68 397
189 550 487 108
68 430 299 517 68 261 85 359
430 211 68 5 189 68 569 68 543 85 178
503 158 108 68 390 68 569 68 64 211 108 68 354 68 5 108
261 86 68 36 85 370 68 189 68 570 389 339
237 108 68 158 108 68 397 68 550 86 68 5 68 189 68 417 68 640 68 189 68 189
49 68 430 68 158 152 68 607 85 359 68 501 85 359 68 70 189
405 240
189 68 79 359 68 640 68 93 211 108
503 85 68 390 68 569 68 359 435 85 359 68 189 241 68 158 108 68 136 479
607 158 68 527 68 189 68 189 68 331 149
503 158 108 68 390 68 569 68 405 85
87 68 51 86 108 68 87 189 68 503 247 68 517 68 189
64 211 258 68 397 68 276 85 68 36 149 68 331 68 607 158 68 5 189 68 607 158 68 607 158 68 607 158 68 64 211
158 405 149 68 569 68 330 68 158 85
321 189 68 471 211
503 189 68 527 68 370 68 79 155 68 607 158 68 339 68 397 68 64 211 108
43 155 108
19 85 68 170 68 607 158 68 4 68 642 68 64 211
5 189 68 136 479 68 5 68 550 430 359 68 354
288
607 158 68 607 158 68 321 240 389 158 118 68 85 241
189 68 158 543 68 158 108 68 85 152 550 487
189 68 158 543 68 258 543 68 446 68 79 359 189 241 359
430 85 359
64 211 68 189 68 189 68 405 68 158 189 68 406 158 108 68 211 85 359
49 68 36 149 389 339
87 359 68 189 550 158 68 189 68 189 68 397 68 170
87 359 68 347 158 68 5 68 36 149 68 81 68 189 211 85
231 240
4 240
5 68 4 85 359 68 397 70 158 108
211 527
36 85 607 158
517 85 261 86 85 299 258 85
405 68 405 108
87 68 81 68 517 415 211 108
241 68 569 108 68 607 158 68 430 68 261 86 68 43 158 68 245 258 68 607 158 68 607 158 68 640 68 85
189 211 85 359 389 158 359
503 158 108 68 390 68 569 68 611 189 149
607 158
43 155 68 189 68 577 68 339 68 211 189
607 170 68 577
237 68 158 543 68 5 68 611 189 68 211 438
189 68 651 123 68 635 149 68 607 50 68 189 68 189
503 158 108 68 390 68 569 68 405 261 359 68 430 299
158 108 68 569 68 330 85 4 85 68 517 299 68 517 258 85
607 50 68 19 68 607 479 68 211 149 68 5 68 43 430
59 67 405 189 550 158 189 68 241 211 199
149 550 158 240 438 551
503 189 68 253 68 36 85 68 64 550 339 68 211 543
158 108 321 247 68 517 85 406 334
222
430 222 4
607 68 550 501 68 607 158 68 261 86 68 607 158 68 430
189 68 165 68 19 68 607 158 68 261 86 68 405 68 405 68 241 68 189 68 189 68 189 266 50
607 50 68 569 68 4 85 359 211 68 406 19 149 68 569 68 569 68 79 487 359
607 68 36 149 68 51 86 68 87 108 68 261 86 68 503 189
339 68 607 158 68 550 86 68 124 85
5 108 68 4 68 640 68 170 334 85 68 158 108 68 607 170 108 68 153 189
527 68 87 68 87 108
261 86 68 124 68 158 108 68 87 68 222 476 68 607 158 68 19 85 68 189 68 85
64 211 258 68 85 68 4 258
531 85 299 449 68 517 85
189 68 241 68 189
569 68 158 189 211 199 68 189 68 406 334 149 68 640 68 5 108 68 85 170 108
189 68 607 158 68 19 79 359 68 189 266 158 68 417
87 359 68 158 108 68 569 68 365 430 199
651 123 68 220 68 201 258 68 447 158 240
194 543
503 158 108
87 152 68 93 211 68 570 389 339
607 158 68 82 152 68 405
86 68 617 149 68 158 108 68 85 152
607 50 68 370 68 81 68 197 86 68 283 68 261 86 68 153 68 231 240
290 211 222 476
87 359 68 642 211 68 390 68 397 68 607 50
330 85 359
222 476 68 447 158 85 359
189 68 64 211 68 430 149 458
514 68 390 359 389 158 118
607 50 68 431 68 5 68 330 68 241 359
189 68 607 68 5 68 85 4 258 108 68 638 68 5
430 85 359
64 211 517
258 247
189 68 405 189 458 68 339
405 199
339 68 211 189 68 406 158 68 189 68 321 247
68 85 68 165 68 339 68 638 68 211
261 158 85 68 417 85 299 449 68 397 68 36 149
607 158 68 5 68 93 211 68 240 211 68 64 211 68 189 68 79 158 189
87 68 189 68 347 189 68 85 359 389 339
189 68 607 158 68 607 158 68 406 158 406 299 68 397 68 569 68 87 449
85 170 570
405 85 178
45 68 607 158 68 81 68 569 68 85 447 158 68 607 158
68 85 64 211 517
189 68 124 68 334 149 68 430 68 607 158 68 607 158 68 211 189 68 517
430 149
189 68 607 68 5 68 347 501 68 607 158 68 85 4 85 68 640 68 397
261 86 68 158 108 68 36 149 68 189 68 189
43 158 68 607 158 68 347 501 68 607 158 68 19 85 68 153 108
397 68 85 4 85
237 68 607 68 5 68 253 68 354
153 108 68 390 68 569 68 438 359 68 5 68 517 85 347 158 118 68 241
405 149 389 158 359
64 149
194 543
19 85 359
189 68 81 68 197 86 68 158 108 68 430 299 68 87 68 81 68 569 68 430 68 430 68 569 68 569 68 430
189 68 253 68 370 68 607 158 68 550 158 240 643 449
339 68 430 149 258 390 85
5 211 85
503 158 359
152 51 86
261 86 68 517 68 45 108 68 569 68 430 68 189 426 86 68 447 189
321 247 85 438 359
189 68 569 108 68 607 158 68 211 240 359 68 189
607 158 68 569 108 68 642 149
189 68 569 108 68 197 86 68 354 68 170 108
406 158 449 68 155
197 86 85
43 158 68 189 68 577 68 339 68 79 155
607 50 68 189 68 19 85 68 569 108
507 258
43 430 258 406 158 68 211 149
87 152 68 640 68 189 68 430 68 446 108
64 211 108 68 642 68 64 68 431 108 68 517 68 569
261 86 68 158 108 68 36 149 68 189 68 189
389 158 240 68 430 359
494 68 370 68 640 68 642 68 607 158 68 417 68 189 68 240 550 501
321 247 68 569 108
430 397 68 85 152 550 501 68 607 158 68 577 68 397 68 569 68 241 359
261 86 68 87 68 569 68 430 359
527 68 607 68 527 359 68 189 68 550 430 68 517 68 397 68 569 68 569 68 64 211 108 68 569 68 569 68 569 68 64 211 108
321 189
237 108 68 211 359 68 266 158 68 5 189 68 406 19 68 397 68 19 85 68 189 241 406 85 68 85 68 85
321 247 85
321 85 68 5
503 189
607 479 68 85
611 152
19 152 68 36 149 68 640 68 85 152 68 43 155
43 155 108
447 158 359
64 211 68 189 68 405 68 569 68 569 68 430 299
261 86 68 158 189 68 93 211 258 390
237 108 68 288 68 158 108 68 54 86 149 68 607 158 68 569 68 550 339
503 158 108 68 158 108 68 36 149 68 629
43 158 199
517 258
339 68 430 68 85 51 570
189 68 189 266 158 68 397 68 85 152
339 68 527 68 370 68 189 68 194 543
189 68 651 123 68 607 158 68 569 68 64 149
607 158 68 447 158 108 68 359 68 331 68 93 430
405 149 550 158 213
87 359
43 155 68 189 68 417 68 607 158 68 543
276 85 68 261 158 108 68 390 68 86 68 86 211
59 479 4 359
64 550 158 85 68 447 158 108
550 158 85 543 108
405 194 211 68 640 68 19 570
201 258 149 68 347 158 85 68 19 85
569 68 331 487 359 68 397 68 494 68 189 68 189 68 569 68 405 108
36 108 68 330 68 339
19 85 68 607 158 68 527
87 359
189 68 85 321 27 68 189 68 213 68 405 68 569 108
607 50 68 431 68 517 68 85 222 543 68 430 68 569 68 517 258 149
258 189 68 5 189 68 158 68 607 158
87 359 68 347 158 68 5 68 431 68 124
51 68 607 158 68 607 158 68 397 68 283 68 543 51 86
339 68 430 68 430 68 211 543 68 5 189 68 211 390
189 68 607 158 68 607 158 68 85 359 68 347 158
607 50 68 370 68 81 68 430 64 211 68 241 68 85 347 158 118
54 86 68 85 347 158 108 68 19 68 607 158
503 189 68 158 68 607 158 68 390 68 36 149
222 68 501 68 158 108
607 50 68 550 501 68 607 158 68 149 550 158 68 494
54 86 68 397 68 543 211 68 569 108
43 158 68 607 68 258 68 405 85 299
430 152 389 158 68 85 447 158 85
607 158 85 152
321 68 19 85 68 430 68 365 152 68 86 163 68 339
5 108
43 155 68 593 163 68 569 68 397 68 405 68 405 68 607 158 68 617
87 359 68 85 241 430 149 68 430 68 642 68 550 430
19 85 68 430 68 51 570 389 339 68 189 68 607 50
321 68 569 68 64 211 189
354 68 405 68 158 108
87 359 68 430 68 569 68 430 149 68 640 68 569 68 290 85
153 68 158 543 68 158 68 607 158 68 397 68 397 68 447 158 85 331
87 89 158
321 85 68 339 68 158
390 569 149 51 86
189 68 607 68 5 68 430 68 36 149 68 638 68 70 158
153 158 108 68 261 86
607 50 68 36 149 68 640 68 5 68 550 339 68 45 108
76 85 359
397 68 430 222 68 430 64 211
189 68 593 89 158 68 4 240 68 283 68 283 68 45 108 68 70 158 108
85 607 158
321 68 19 85 68 430 68 365 152 68 86 163 68 339
503 189
607 158 68 54 86 68 189 68 397 68 405 68 5 68 640 68 5 189 68 331 487 359 68 85 68 170 299
447 158 240 68 64 51 108
153 68 527 68 370 68 339 68 569 68 5 189
87 359 68 158 108 68 36 149 68 85 517 258 68 45 108 68 569 68 70 158
651 123
87 68 43 430 68 339 68 189 68 570 389 339 68 569 68 211 543 389 349
321 68 569 68 158 213
85 4 258 85 359 189 241
45 108 68 158 108 68 593 89 487 68 241 68 85 241 68 569 68 389 339
527 68 405 68 517 19 68 569 68 431
43 158 68 152 68 370 68 79 430 68 189 68 331 149 68 331 487 551
197 86 68 640 68 241 194 543
607 158 68 607 158 68 447 501 68 19 85
642 405 108
4
261 86 68 124 68 81 68 36 149 68 607 158 68 569 68 258
87 359 68 390 68 569 68 638 68 397 68 64 550 158 108
258 247 85 359
651 123 68 569 68 543 503 339
503 189 68 86 68 617 149 68 189 68 189 68 406 334 199
87 68 347 501 68 640 68 640 68 213 194 149 68 617 68 617 68 189
43 158 68 43 158 108 68 4 178 68 189 550 501 68 569 68 240 389 240 643 85
611 152 68 64 211 258
405 415
611 189
397 607 158 85
321 189 68 36 149 68 5 68 283
330 570 211 108 68 607 158
607 68 550 501 68 397 68 222 68 607 158 68 330 543 258 189 68 321 247
276
447 158 64
607 50 68 370 68 81 68 430 64 211 68 241 68 85 347 158 118
569 68 240 51 86 68 430 85 570 389 570
261 86 68 607 50 68 607 158 68 430 359
189 266 158 68 158 68 241 85 359 68 617 68 430 68 640 68 79 430
331 487 108 82 189 85
158 108 68 288 68 19 85
527 68 153 68 5 68 331 68 231 240 68 640
607 50 68 370 68 81 68 158 247 68 245 449
397 68 5 85
503 158 108
87 359 68 347 158 68 5 68 253 68 569 68 85 347 158 213 68 149 68 241 68 85 152 68 85
527 68 64 211 68 430
85 149 68 321 240
85 447 189 643
197 86 85
43 158 258 258 85
201 258 199 85 347 158 299
550 430 359 68 70 158
231 240
189 68 19 85 68 85 359
339 68 261 158 108
189 68 607 68 397 68 577 68 189
321 85 68 189 68 347 158
189 68 339 68 607 158 68 79 155 68 607 158 85 68 607 50
261 86 68 607 50 68 593 152 68 569 68 81 68 189 266 158
261 86 68 517 68 19 85 68 36 149 68 354 68 241 68 189 68 79 158 68 4 189 68 79 158 85 68 85 68 4
87 359 68 607 50 68 370 68 87 359
405 85 68 54 86
241 359
247 85 359 68 430 68 87 449
19 85 68 347 158 118
87 85
85 359 68 158 68 569 108
288 68 430 299 517
607 158 68 5 258 189 241 359 68 189 68 331 149 68 36 149
607 158 68 87 68 550 158 68 607 158 68 501 85
43 158 68 152 68 288 68 158 108
64 211 258 68 339 68 321 240 68 640 68 85 68 19 85
607 50 68 370 68 81 68 158 247 68 517
397 415 211 108
607 158 68 87 68 189 347 158 240 68 640 68 158 108
611 240
397 68 430 359 438 359
43 155 68 87 68 81 68 5 68 5 68 405 108 68 405 68 607 155 68 64 211
607 158 68 197 85 68 85 68 87 68 288 68 81 68 201 258 68 569 68 347 501 68 64 211 68 339 68 569 68 569 68 569 68 64 211 108 68 569 68 85 68 85 68 85 68 85 68 85 68 569 68 569 68 569 68 85 347 158 85 347 158 85 68 201 85 347 158 68 201 258 68 189 68 189 68 201 240 68 201 258 68 201 258 85
158 108 68 569 68 330 68 36 85 359 68 569 68 64 211 108 68 54 86 68 189 68 189 68 189
189 68 211 543 68 607 158 68 405 108 68 189 68 629
87 108 68 607 68 569 68 170 108 68 54 654
197 86 247 108 68 390 68 640
189 68 569 68 5 189 68 51 86
43 158 199
431 68 406 19 68 640 68 85
607 158 68 642 68 397 68 54 86
43 189 211 258
43 158 68 5 189
447 430
189 68 577 68 189 108 68 5 189 68 617
321 85 68 189 68 347 158
79 158 149
607 170 68 359 68 430 397
85 241 430 108
611 85
417 68 517 85 359 389 158 118
527 68 607 50 68 593 89 158 68 638 68 5 189
87 359 68 158 108 68 36 149 68 81
158 152 68 222 68 158
651 123
607 158 74
397 68 85 359 149
569 68 405 68 213 51 178 68 189 68 331 149 68 85
189 68 258 68 197 86 68 347 501 68 19 85 68 189 458 68 189 68 170 299 68 569 68 569 68 569 68 170 108
189 68 651 85
85 347 158 118 68 640
87 359 68 197 86 149 68 158 108 68 390 85
607 158 68 527 68 43 501 68 640 68 370
189 68 87 108 68 607 158 68 70 158 68 189 68 406 158
503 158 108
607 68 550 501 68 607 158 68 19 85 68 390 68 189 68 569
651 123 68 430 68 158 189 68 5 189
607 158 68 527 68 231 240 68 36 149
153 108 68 158 68 5 149
550 430 68 607 158 85
197 86 149 68 189 68 189 68 85 240 389 240
517 85 64 149
87 68 527 68 569 68 330 68 253 68 158 108 68 607 170 108 68 153 189
321 189
607 68 36 149 68 81 68 158 152 389 339 68 241 68 85 611 178
258 4 68 5 189
36 108 68 4 258 85 68 85 68 64 211
430 108
607 158 68 19 79 158 85 68 189 68 617 149 68 231 240
189 68 607 158 68 607 158 68 201 258 152
4 108
43 158 68 152 68 370 68 211 68 87 68 503 189 68 569 68 241 68 507 211 241 68 507 299
321 189
607 158 155
607 158 68 577 68 189 68 570 240 51 86 68 569 108
237 108 68 607 158 68 550 430 359
607 158 68 85 370 68 640 68 5 68 253 359 68 397 68 211 85 68 430 68 564
43 155 68 593 163 68 253 68 390
189 68 64 149 68 397 68 19 85 68 629 68 430 68 430 68 430
430 149 389 299 68 189 550 487 359
237 108 68 607 50 68 607 50 68 640 68 64 51 86 68 569 68 19 85 68 19 85 68 517 85 68 569 68 19 85
607 158 68 607 158 68 321 240 68 517 68 446 108
569 68 258 611 189 68 158 240 68 79 430 149 68 19 85 68 543 389 349
87 68 197 86 149 68 640 68 406 501 68 640 68 19 85 68 189 68 405 68 569 68 4 64 211 108
503 158 108 68 158 108 68 36 149 68 629 68 397 68 430 68 339
231 51 86 68 87 68 136 479 68 607 68 640 68 85 68 85 331 487 149
189 68 158 158 68 158 359 389 339
569 68 85 447 158 68 189 68 430 68 550 85 359
503 158 108
189 68 170 299 68 19 79 158 189 68 240 550 158 189
43 158 199
189 68 64 149 68 397 68 569 108 68 629 68 430 68 607 158 68 569 68 64 211 68 64 211 68 189 68 189
153 108 68 189 68 527
261 158 108 258 85 258 85
405 108 68 170 68 607 158 68 5 189 68 564
43 158 570 389 158 199
43 155 68 189 68 607 158 68 158 108 68 430 299 266 158 68 241 68 569 68 85 347 158 85 347 158 118 68 501 68 501 85 68 85 68 85
288 68 640 68 189 68 54 86 68 397 68 405 68 405 68 569 68 85 359 70 158 108
87 359 68 5 68 158 108 68 406 211 149 68 430 149 68 617
405 152
339 299 389 158 299
331 487
189 68 607 158 68 85 4 85 406 155 68 617
201 258 68 390 68 258
569 68 389 430 68 390 68 241 68 85 359 68 85 347 158 118 68 211 108 68 550 158 108
87 68 347 501 68 607 50 68 79 158 68 5 68 36 149 68 19 68 430 68 569 68 430 68 607 158 118
607 158 68 197 86 68 158 108 149 68 189 426 487 149
494 68 550 501 68 189 68 85 68 170 108 68 283 68 79 430
339 68 517 68 45 108 68 430 68 5
189 68 4 152
197 86 163 85 68 330 68 70 158 108
4 240
189 211 85 299 389 158 189 211 68 211 471
543 331 4 189
36 85 152 68 158 108 258 85 299 149
158 406 299 211 359 68 85 4 85 359
213 211 68 152 68 638 68 197 86 68 158 108
330 290 85
607 158 68 607 158 68 4 258 189 68 640 68 87 68 253
406 158 149
430 4 152
64 211 258 68 339 68 321 240 68 640 68 288 68 197 86
397 68 54 86
189 68 87 68 81 85 359 389 339
64 211
70 158 359
261 86 68 189 68 607 158 68 54 86 68 189 68 577 68 430 68 87 449
43 158 68 607 158 68 81 68 158 543 68 405
87 108 68 211 49 68 19 85 68 85 149 68 64 211 430
237 108 68 211 149 68 246 68 405 68 405 149 68 189 68 397 68 569 68 19 85 68 241 68 241 68 569 68 85
607 50 68 370 68 81 68 569 68 155
517 68 162
527 68 607 158 68 431 68 550 501 68 397 68 19 68 569 68 79 553 68 241 68 241 68 241
189 68 569 108 68 5
87 359 68 347 158 68 5 68 36 149 68 577 68 640
4 415
87 359 68 158 108 68 569 68 397 68 246 68 339 551 68 389 339 68 189 68 189 550 487 359 68 85 359
189 68 577 68 430 299 570 389 158 74 68 607 158 68 189 68 331 487 149 68 43 158 68 43 158 68 503 158 68 365 430 199 68 45 108 68 283 68 283 68 45 108 68 45 108 68 283 68 283 68 45 108 68 503 158 68 45 4 258 68 365 430 199 68 189 68 189 68 189 68 503 158 68 503 158 68 189 68 5 68 5 68 189 68 189 68 189 68 189 68 189 68 189 68 503 158 68 503
4 85 406 155
247 85
517 85 299
43 155 68 87 68 81 68 370 68 5 68 85 68 430 68 569 68 569 68 43 158 68 569 68 569 68 569 68 569 68 569 68 569 68 569 68 569 68 569 68 85 517 85 517 85 517 479 68 569 68 569 68 569 68 569 68 43 158 85 517 258 82 152 68 245 449 68 43 501 68 43 569 68 43 85 68 43 501 85 517 258 149 68 5 68 5 68 517 85 517 85 517 258 85 517
261 86 68 390 68 569 68 19 85
607 170 68 617
19 108 68 430 68 607 158 68 447 158 108
261 158 68 87 68 430
503 158 108 68 390 68 569 68 124 68 607 50 68 241
85 241 430 359
54 86
607 50 68 36 149 68 501 85 123 199 68 447 158 543 68 19 85 68 640
501 85 517 68 43 158 68 87 68 87 108 68 607 158
189 68 651 123 108 68 197 86 68 5 189 68 290 85 359 211 85
261 86 68 124 68 607 50 68 347 501 68 397 68 405 241
607 50 68 370 68 5 68 189 68 447 158 68 339 68 640 68 640 68 569 68 189
189 68 550 501 68 321 247
517
261 158 85 68 152 68 87 449 85
607 158 68 607 158 68 189 458 68 19
87 152 68 19 85 68 36 108 68 54 86 68 397 68 405 68 405 68 339
339 68 211 155
43 158 543 359
124 68 607 158 68 640 68 149
321 68 611 258 108 68 189 68 213 68 569 68 330
611 299 136 479
607 50 68 370 68 81 68 158 543 550 158 199 68 54 86 68 397 68 245 449
359 68 339 68 550 158 359 68 211 85 359 68 158 108 68 5 189 68 19 85
81 68 222 68 158
155 68 189 570 389 339
447 189
51 487
189 68 593 163 68 158 108 68 430 85 299 389 158 118
155 211 85
347 158 240 51 189 68 211 543 211 85
85 447 158 68 577
189 68 43 158 68 211 93 51 487 68 288 68 430 68 241 430 68 213 194 213
189 68 170 299 68 517 68 517 68 651 123 68 517 68 64 211 108 68 64 211 108
261 86 68 124 68 165 68 569 68 4 85 359 68 19 85 68 405 68 607 50
503 158 108
43 158 189 550 158 68 136 479 68 640
85 347 158
347 501
19 247 211 155
330 359
261 86 68 517 415
517 85 64 149
397 70 85 359 68 339 551 611 118
211 85 623 68 247 149 68 430 359 389 158 299
389 158 299 389 85
517 85 299 68 517 85
201 258 611 74
43 155 68 517 359 68 211 155
258 68 36 149 68 607 158 68 189 68 638 51 86
197 86 68 550 487 68 189 68 430 68 222 4 563 158 108
189 266 158 108
261 86 189 170
503 158 108
331 149
503 189 68 527 68 370 68 405 85 299 449
417 68 189 68 189 68 397 68 569 68 158 108
237 108 68 330 68 550 158 199 68 607 50 68 339 68 19
569 68 570 211 108
651 123 68 397 68 79 155 149 68 158 189 68 158 108 68 158 189 68 158 108
607 479 68 550 155 68 321 247 85
211 543
405 85 68 19 79 158 85 68 189 68 54 86 68 189 68 189 68 5 108
607 158 68 527 68 607 158 68 36 149 68 607 158 68 288
79 158 406 155 68 158 74
124
87 108 68 64 149 68 617
19 85 68 430 68 54 86 68 5 189
241 85 68 85 152 389 158 149
51 86 68 397 68 430 68 405 199
527 68 68 36 149 68 517
43 158 68 189 68 577 68 339 68 79 158 199 68 430 199
405 108 68 258
405 189 258 68 42 247 85
85 241 430 68 43 158
158 189 149 550 517 503 189
189 68 158 543 68 607 158 68 64 211 108 68 189
153 543 68 295
261 86 68 607 50 68 288 68 569 68 390
70 189
189 68 607 170 108 68 330 405 68 569 68 4 258 85 68 240 389 158 108
115 479 68 189 68 607 158 68 550 149 68 245 449 68 158 85
85 4 199 359
87 359 68 430 68 569 68 241 68 70 158 108 68 405 68 397 68 85 68 43 158 68 85
189 68 86 68 503 339
503 189 68 607 50 68 370 68 81 68 241 68 201 258 189 211 390 68 390
503 158 108 68 430 68 43 158 68 85
19 359
503 158
87 359 68 640 68 197 86 149 68 189 68 189 68 543 570 389 339
607 50 68 36 149 68 240 51 85 68 189 570 389 339
59 67 551 389 158 118
258 189 68 550 487 149 68 570 389 85 359 68 569 108
247 85
136 479 189 406 158 189
629 85
607 158 68 550 501 68 189 68 240 51 108 68 241 68 447 158 290
158 108 51
550 487
607 158 68 197 85 68 85 68 201 258 68 607 155 68 347 158 68 189 68 283 68 170
189 68 550 501 68 36 149
241 19 85
86 163 68 617 149 68 397 68 5
189 68 550 501 68 397 68 405 68 5 68 406 155
321 68 43 158 68 431 68 430 68 295 68 607 68 569 68 85 347 85 359
189 68 405 108 68 189 68 339 68 430 299 68 354
189 68 405 189 68 211 397 68 370 68 43 158
258 108
569 68 405 108 68 189 68 253 68 405 241 359
64 211 258 68 359 550 158 68 607 68 569 68 64 211 108 68 241 68 241 68 189
189 550 405 68 517 68 339
43 155
4 85
87 359 68 430 68 569 68 85 4 258 68 640 68 85 68 85 359
611 152 258 607 155
49 68 158 68 54 86
389 339 68 405 108 68 158 152
158 543 68 81 68 569 68 231 240
64 211 430 68 640 68 569 108 68 570 389 339 68 261 86 68 569 68 517
607 158 68 153 108 68 642 68 211 543 299
51 570 68 87 152 211
607 68 550 501 68 397 68 222 68 550 501 68 241 68 447 158 359 68 43 158 68 5 68 45 108
642 569 108 68 85 447 158 68 64 211
607 158 68 4 85 68 642 68 158 108
43 211 211
189 68 651 123 68 158 543 211 213
5
607 158 68 430 68 517 85 68 397 68 607 158
87 359 68 430 68 569 68 517 623 68 170 108 68 397 68 19 85 68 153 189
607 158 68 405 108 258 149 68 331 68 569 68 569
531 299 211 68 430 68 330 85 299 149
607 68 550 501 68 397 68 642 211 68 43 158 68 331 149
503 158 108 68 430 68 365 430 359
189 68 607 50 68 330 211 543
43 158
189 68 54 86 68 397 68 54 86 68 397 68 417 68 640 68 569 68 43 158 68 85
261 86 68 517 68 45 108 68 569 68 4 85
261 405 108
64 550 487 359 68 4 240
569 108 68 430 68 261 86 68 607 68 5 68 85 152 68 43 158 68 331 68 5 189 68 5 68 85 68 330 68 330 68 642 68 642 68 642 68 5 68 5 189 68 569 68 569 68 330
197 86 85
283 68 85 359 389 158 68 189 68 79 152 68 170 152 68 85
389 85 359 68 517 85
607 68 550 501 68 397 68 397 68 240 550 158 108 68 389 85 359 68 611 189
607 68 550 501 68 397 68 211 543 68 43 158 68 334 68 231 240
43 569
19 85 68 430 68 158 108 68 501 85 347 189 68 241 68 447 158 118 68 569 68 85 347 501 68 85 347 501 68 569 68 569 68 569 68 569 68 569 68 569 68 85 347 501 85 569 85
211 390 68 446 87
85 152
258 299 68 189 68 642 68 642
593 152 68 607 68 152 550 86 149
87 68 189 68 347 189 68 85 359 389 339
197 158 68 70 189 68 211 390
43 158 68 607 158 68 258 68 607 158 68 85 447 430 149 68 19 108
405 199 85 347 158 108
43 155 68 237 108 68 543 458 68 370 68 5 68 4 189 68 19 79 430 149
197 86
607 50 68 36 149 68 640 68 5 189 149
607 170 68 617 68 640 68 19
189 68 569 68 405 68 405 85 68 189 68 406 158 189 68 241 68 19 85 68 640
447 189 68 45 68 189 68 417 68 640 68 85 447 158 85
82 152 68 36 149
607 50 68 36 149 68 5 189 68 85 51 86 68 430 68 201 258 189 550 158
153 68 87 68 430 359 266 50 68 189 68 503 501 68 189
405 415
43 359
189 68 158 543 68 397 68 158 152 68 607 158 68 241 68 85 347 158 118
51 86 68 189 68 85 347 158 543 68 569 68 330 152 258 85
149 389 85 347 158 118 68 241 211 241 222
527
87 359 68 197 86 149 68 405 68 397 68 611 178
85
607 50 68 550 501 68 430 68 430 241 68 447 158 118 68 64 211 108
501 85 64 211
261 86 68 189 68 261 86 68 201 258 68 607 50 68 189 68 550 339
607 50 68 370 68 550 339 68 397 68 54 86 68 87 68 87 108
189 68 81 68 397 68 158 152 550 501 68 550 158 359 68 211 85 359
4
569 68 430
43 158 199
607 158 68 447 189 68 261 86 68 87 449 68 85 331 149
607 158 68 389 339 68 211 49
43 158 68 152 68 370
43 155 68 237 108 68 330 359 68 569 68 607 158 68 607 158 68 79 359
158 108 68 36 149 68 550 158 543 68 189 68 211 85 68 607 158 68 19 68 87
503 158 108 68 158 108 68 569 68 517 85 359
43 155 68 237 19 68 189 68 405 68 569 68 241 68 153 189 68 531 108 68 19 85 68 158 108 68 331 149 68 19 79 158 85 68 85
611 189 290 85 68 36 149 68 189 68 359 389 85 359
158 543 19 211 517
607 158 4 85 359
54 86 68 607 158 85
330 222
406 155 68 241
158 152 68 397 68 569 68 85 359
189 68 651 123
577 68 640
503 189 68 607 50 68 569 68 85 359 389 149 68 64 211 543
64 211 258 68 170 299 68 211 68 517 68 517
607 50 68 370 68 5 68 447 158 68 201 258 68 261 86 85
507 258
339 68 405 189 68 543 51 86
607 158 68 607 158 85
607 50 68 607 68 5 68 503 339 68 158 108 389 339 68 189 68 397
651 123 68 158 108 68 240 389 85 68 241 68 85
87 359 68 397 68 258
607 68 550 501 68 397 68 517 258 68 569 68 406 501
231 51 86 68 189 68 5 68 347 501 68 640 68 4 85 68 430 68 430
87 359 68 222 4 85 222 108
43 158 68 152 68 370 68 577 68 651 123
607 50
607 158 68 569 108 68 642 149
79 430 189 550 158 359
503 158
503 158 108 68 390 68 569 68 79 359 68 189 68 642 211
194 543
611 189 149 517 359 389 158 118
321 68 189 68 430 68 85 152 85
258 247 299
261 86 68 517 68 45 108 68 569 68 642 211
651 85
607 158 68 70 189
153 108 68 189 68 527 68 189 68 189 68 397 68 543 51 86
430 149 517 359
503 158 108 68 158 108 68 36 149 68 629
607 158 68 607 158 68 321 240 389 158 118 68 85 241
607 68 550 501 68 397 68 517 68 211 93 211 68 85 68 430 299
189 68 158 543 68 607 158 68 211 390 68 405 68 189 68 321 247 85 68 189 68 189
261 86 68 607 50 68 189 68 397 68 651 123 108
189 149
86 163 68 19 570 211 68 36 149 68 85 68 153 189 68 158 108 68 517 85 406 155 108 68 517 85
258 189 68 45 108 68 538 430 199
36 108 68 527 68 607 50
189 68 158 543 68 390 569 85 149
79 359 389 339 68 642 211
237 149 68 406 501 68 569 68 64 211
389 85 258 85 68 245 449
222 68 607 158 68 5 68 405 68 19 85
189 68 550 158 543 68 321 247 68 397 68 569 68 501 85 359 68 640
607 85 359
503 189 68 607 50 68 36 149 68 607 50 68 417
170 68 607 158 68 550 158 108
405 359
197 86 85
43 158 68 258 68 261 158 68 211 339
607 158 68 197 85 68 85 68 397 68 19 85 68 19 85
19 152 68 36 149 68 640 68 642 211
19 85 359
258 4
607 50 68 370 68 81 68 158 247 68 417
607 50 68 85 4 64 68 86 68 158 108 68 189 68 189 550 487
330 570 211 108 68 64 211
569 68 36 85 152 68 158 189 68 158 108 68 51 86
607 170 68 85 149
189 68 85 4 85 68 607 158 68 288 68 158 543 68 158 108 68 158 290 85 359 211 240 211 68 339
261 86 68 607 50 68 36 86 68 170 152 68 569 68 651 123
85 241 430 68 501 85 68 397 68 211 189 68 70 158 108 68 389 158 189
170 299 68 43 158 68 370
241 68 261 86 68 158 189 68 331 487 359 68 288 68 19 85 68 64 211 108 68 64 211 108 68 339 551
189 68 651 123 68 570 68 189 68 417
86 163 68 288 68 503 158 68 569 68 213 194 149 68 607
153 108 68 201 258 68 85 68 258 85 299 68 189 241 68 290 85 359 70 158
240 149
503 158 108 68 197 86 68 189 68 189 108 68 85 299 68 19 85
607 158 68 607 68 5 68 527 359 68 222 85
82 152 68 36 149
527 68 153 68 153 189 68 93 211 68 617 68 283 68 45 108 68 569 68 85 68 85 68 64 211 108
359 503 189 331 299
153 68 85 347 158 108 68 397 68 501 85 4 149 68 430 68 430 68 70 158
85 4 199 359
189 68 43 85 517 68 43 158 68 405 199
170 68 197 86 163
501 85 222 85
397 68 54 86 68 64 211
564 222 108
607 158 5 189 347 158 68 550 487 149 68 611 118
19 85 68 607 158 68 527
51 152 68 5 68 93 51 86 149
43 158 68 152 68 370 68 517 68 640 68 607 158 68 389 158 68 5 108
405 68 640 68 79 158 68 607 158 189
64 211 258 68 607 50 68 569 68 85 170 108 68 406 158 108 68 136 479 68 19 85 68 339
5 213 211 85 68 85 406 158 359
430 211 438 359
153 189 211 517
607 50 68 370 68 81 68 607 158 68 406 501
365 152 68 607 68 550 501
4 240 68 642 68 64 211 430
607 170 68 136 479 68 211
607 50 68 370 68 81 68 607 158 68 241 68 189 68 629
607 68 5 68 347 501 68 501 85 517 82 68 170 108 68 170 108 68 5 68 124 68 5 68 5 189 68 5 189 68 550 487 359
189 68 170 299 68 54 86 68 397 68 577 68 158 108 68 517 68 245 449
607 68 36 149 68 81 68 607 158 68 211 543 68 85 331 487 359 68 189 68 189 241 406 155
607 158 68 321 569 68 64 211 68 124 68 607 50 68 397
153 158 108 517
87 359 68 390 68 85 152 68 617 68 569 68 79 155
45 108
76 85 359
51 158 189
569 68 158 158 359 68 430 149 68 550 501 85 611 152
222 476
397 68 87 68 170 108 68 211
87 68 170 68 543 68 397 68 397 68 321 189
197 158 68 321 189 68 390 68 189 68 570 389 158 68 331 430 68 222
241 108
43 158 68 607 68 607 158 68 550 501 68 288 68 81 68 569 68 5
189 68 211 339 68 158 189 68 331 359
607 68 189 68 211 607 50 68 640 68 607 158 68 189 68 447 158 68 430 68 189 68 189 68 189 68 189 68 189 550 487 359 68 5 68 5 543 68 5 543 211 543 389 158 543 68 189 68 5 189 68 5 68 5 189 68 5 68 5 68 321 189 68 5 68 5 189 68 5 189 68 5 189 68 5 189 68 5 189 68 321 189 68 5 189 68 5 189 68 5 189 68 5 189 68 5 189 68
189 68 86 163 68 347 501 68 5 189 68 642
503 189 68 253 68 189 68 531 158 570
241 68 85 152 68 189 550 501
189 68 550 501 68 397 68 517 68 570 211 68 222 476 551 68 189 68 640 68 550 487 85
158 108 550 86 68 405 108 68 569 68 430 359
19 85 68 158 108 68 430 68 5 189 68 331 4 85 68 397 68 5
124
153 68 617 68 577 68 607 68 253 68 253
517 479 68 570 389 158 149 68 611 359
189 68 158 543 68 607 158 68 430 299 258 85 68 570 211 68 211 108 68 611 189
503 158 108 68 517 68 607 158 68 347 501 68 607 158 68 189 68 85 68 19 85 68 397 68 569 68 569 68 569 68 85
158 108 68 569 68 527 359 68 471 211 68 87 152
85 87 240
189 68 87 68 5 211 406 158 149
405 108 51 570 68 261 86
430 211 85
543 331 4 189
54 86 68 405 68 405 85 543 51 189
503 158 108 68 607 68 189 68 406 501
201 85 4 258 108 68 4 85 359
430 85 347 430
607 68 550 501 68 201 258 68 189 68 241 194 222 68 189 68 19 85 68 397 68 617 149 68 569 68 85
237 68 390 68 405 237 4 68 158 108 68 447 158 118 68 389 158 199
607 158 68 607 68 607 158 68 417 68 640 68 430 149
447 430 199
59 67 551 389 158 118
405 240
550 430 68 85 68 158 108 68 4 258 85
87 359 68 197 86 149 68 85 152 68 189 68 222 4
43 158 68 607 158 68 81 68 197 86 68 153 189
19 85 68 607 158 85
189 68 607 50 68 543 68 543 389 339 68 569 68 501 85 359
564 68 607 158 68 607 158 68 390 68 339
43 158 68 331 149 68 197 86 68 87 68 339 68 189 68 607 158 68 569 68 253
607 50 68 370 68 81 68 201 258 68 607 50
189 68 213 68 158 108 68 397 68 339 68 290 258 68 430
19 152 68 430 68 569 68 213 68 51 570 68 607 155
189 68 569 108 68 197 86 68 354 68 405 241 68 19 85 68 331 149
397 68 430 222 68 430 64 211
241 359
87 359 68 390 68 339 68 5 68 640
261 86
54 86 68 397 68 607 479 68 507 611
607 158 68 607 158 68 70 158 68 290 85
85 290 85 359
158 108 68 36 149 68 170 487 359 68 5 247
390 85 359
447 158 108
87 359 68 347 158
211 517 551
321 240 85 359 389 158 359
607 68 550 501 68 397 68 405 68 331 149 68 64 389 339 68 569 68 290 85
85 70 158 359
170 152
611 570 389 158 85 359 389 158 118 68 642 68 189 68 389 158 85 68 241 68 43 158 68 241
405 68 430 68 211 108
564 68 607 158 68 607 158
43 158 68 152 68 370 68 5 68 81 68 642 68 87 189 550 487
45 68 607 68 5 68 347 501 68 446 68 507 211
447 158 108
5 108 68 201 258
87 85
283 68 5 68 4 85 359
153 68 158 68 19 405 68 81 68 430 68 197 86 68 170 449 68 607 50 68 5 68 19 85 68 569 68 569 68 569 68 569 68 5 68 569 68 569 68 19 85
527 68 607 158 68 189 68 211 199
189 68 550 501 68 158 108 68 607 158 68 19 85
87 449
158 211 471
503 158 108 68 390 68 189
158 158 108 199
43 158 240 149
283 68 607 158 68 577
430 108 68 577 68 189 68 189
430 85 299
19 152 68 197 86 68 517 85 359 389 158 85 68 189 68 189
43 158 68 152 68 288 68 158 108 68 503 189 68 359 51 86 85 359
347 501
321 68 405 108
19 85 68 607 158 68 158 108
321 189
189 68 607 68 5 68 124 68 503 339
607 479 149 211
261 86 68 124 68 607 50 68 569 68 4 85 68 241 430 68 43 158 68 430 299
607 158 199
607 170 68 347 501
261 85 85 68 19
290 85 68 330 359 70 158 108
211 199 68 231 51 86
607 50 68 651 123 68 397 68 405 85 68 93 211 85
607 158 68 347 501 68 189 68 447 158 543 68 430 438
607 155 68 45 108 68 354 68 201 258 68 331 149 68 405 68 405 108
5 189 359
321 68 189 68 577 68 189 68 397
611 240
189 68 258 543 68 543 389 85 359 68 569 68 550 501 68 397
153 68 339 68 211 68 321 247 68 5
189 68 43 158 68 43 158 68 607 158 68 543 51 570 389 158 74
85 70 158 359
87 359 68 170 108 68 617 68 405 68 189 68 570 389 158
607 68 550 501 68 397 68 5 543 68 64 51 86 68 201 258
19 85
611 85 359
321 85 68 64 211 430
607 68 550 501 68 397 68 222 68 158 152 68 158 543 68 158 247 85
276 258 82
51 85 359 68 550 501 68 288
43 158 240
503 189 68 607 50 68 370
189 68 494 68 550 501 68 607 158 68 211 199
64 211 258 68 569 68 370 68 321 569 68 503 189 68 389 158 623 68 389 339
261 86 68 517 415
189 68 517 68 43 158 68 397 68 406 158 543 68 81 68 517
389 158 189
231 51
607 50 68 370 68 81 68 642 68 5 68 330
189 68 170 299 68 397 68 211 108 68 19 68 447 158 68 201 258 189 550 487 359
550 158 359 389 339
607 158 68 211 543 389 158 359 68 397 68 642 503 158
607 158 68 197 85 68 85 68 189 68 136 479 68 241 68 290 85 359
189 68 64 51 570 389 158 108 68 241 68 405 68 81 68 189 68 211 85
189 68 550 158 543 68 36 149 68 5 68 5 543 68 406 158
261 86 68 158 68 607 479 68 611 189 68 431 108 68 617 149
617 68 331
569 108 68 189 68 197 86 68 397 68 241 68 5 68 347 501 68 213
569 68 430 68 158 108 68 359 68 43 158 68 569 68 365 430 199
189 68 538 158 108 68 5 68 550 430 68 241 68 446 82 68 517 68 43 158 68 85 68 241 430 68 189 68 189 68 189 68 5 68 170 108 68 189 68 189 68 5 68 5 68 5 68 85 517
189 68 550 501 68 189 68 405 68 347 158 118 68 189 68 501 68 640 68 569 68 517 68 517 68 531 158 108 68 406 158 108 68 189 68 189 68 189 68 406 158 543 68 189 68 85 4 64 211 517 68 406 155 68 406 155 68 189 68 406 155 68 406 501 68 417 68 189 68 189 68 189 68 189 68 189 68 189 68 189 68 189 68 189 68 189 68 189 68 189 68 85 447 158 108 68 406 155
569 68 222 68 430 68 43 158 68 570 389 158 85 68 64 211 108
5 68 607 68 5 68 290 85 406 158 118 68 241 68 85 241 68 5 189 68 406 334
43 158 68 417 68 569 108 68 638 68 370 68 43 158 68 245 449
607 170 68 347 501 68 517 68 569 68 430 68 64 211
51 85 359 68 43 158 68 253 68 397 68 397 68 70 158 108 68 5 189
231 51 487 359
651 123 68 494 68 189 68 550 487 149
4 85
43 155 550 430
43 155 108 68 211 543 68 162
607 158 68 527 68 339 68 36 85 152 68 5 108
189 85 299 149
607 68 5 68 550 501 68 430 68 638 68 405 68 405 108 68 64 211 108
261 86 68 517 68 245 449 68 370 68 640 68 85 241 68 330 359 70 158
283 68 438 415 68 607 50 68 189 68 629 68 19 85 68 79 158 108
321 247
49 68 158 68 347 501 68 36 149 68 397 68 569 68 70 158 108 68 321 569
124 68 51 86
4 85 406 155
4 85 222 68 607 158 359
19 85 68 197 86 68 543 68 405 68 569 68 211 155
189 479
85 241 430 68 501 85 68 397 68 211 189 68 70 158 108 68 389 158 189
189 68 54 86 68 189 68 54 86 68 397 68 85 447 189 550 158 359
607 158 199
430 149 68 170 430 359 389 158 299
241 68 211 149
64 211 68 640 68 569 68 85 68 430 68 266 158 68 397 68 569 68 550 501 85 359 68 189 68 189 241 359
503 189 68 517 68 189 68 417 68 640 68 19 79 359
204 149 68 570 211 68 607 158 85
85 4 247 149 68 152 550 158 199
339 68 189 68 607 68 569 68 447 430 359 68 189 503 158 118
189 577 68 211 415
43 158 199 570 389 158 68 64 211 108
43 158 68 607 158 68 85 152 68 153 108
503 158 108
189 68 211 68 569 108 68 85 152 68 617 68 430 68 4 152 68 640
359 503 189 643 85
189 68 607 158 68 607 479 68 158 108 68 189 211 299
607 170 68 19 266 158
231 51 86 68 85 68 405 85
237 569 68 81 68 397 68 607 50 68 397 68 158 108 68 70 158 108
85 68 517 299 211 222 68 85
261 86 68 607 50 68 611 189 68 136 479 68 569 68 158 108 68 569 68 569 68 569 68 569 68 569 68 569 68 569 68 569 68 569 68 569 68 569 68 569 68 569 68 569 68 569 68 569 68 569 68 569 68 569 68 569 68 569 68 569 68 569 68 503 339 68 569 68 569 68 569 68 503 339 503 339 503 339 68 5 68 5 68 569 68 569 68 569 68 85 87 86 85 87 86 163 68 87
189 68 43 158 68 43 158 68 607 158 68 543 51 570 389 158 74
430 85 222 85
261 86 68 124
87 359
266 339
503 189
4 64 68 87 68 339 68 241 108 68 189 85 347 158 118
189 68 197 86 85 359
64 211 258 68 258 189 68 5 68 501 85 359 68 258 82
607 50 68 517 68 124 68 54 86 68 397 68 51 570 389 339 68 569 68 569 68 85 68 569 68 569 68 569 68 569 68 569 68 569 68 569 68 569 68 569 68 569 68 569 68 569 68 569 68 569 68 569 68 569 68 569 258 415 211 258 415 211 446 569 68 569 68 569 68 569 68 569 68 569 68 446 569 426 569 68 569 68 5 189 550 487 85 68 5 189 426 86 85 517 503 189 503 189
189 68 607 50
261 86 68 517 415
189 68 158 68 339 68 290 85
321 189 68 87 85
261 86 68 517 68 45 68 189 68 569 68 153 189
36 149 68 51 86 68 87 68 339 68 607 158
261 86 68 517 68 45 108 68 569 68 64 211 108 68 189 68 290
339 68 158 108 68 211 93 51 86
607 68 550 501 68 397 68 253 68 569 68 189 68 417 68 389 158 189 68 607 158 68 607 158 68 607 158 68 5 189 211 189 68 189 68 5 189 68 5 189 211 471 211 189 68 5 189 68 5
43 158 68 517 85 68 430 68 543 51 86 68 5 189 68 170 68 261 86 68 365 152
153 68 430 68 607 158 68 194
642 211 68 136 479 68 5
189 68 85 370 68 211 543 68 36 149 68 607 158 68 607 158 68 617 68 617 68 617 149 68 569 68 617 68 617 68 569 68 617 68 617 68 617 68 43 158 68 43 158 68 189 68 617 68 617 68 569 68 569 68 569 68 569 68 283 68 365 430 68 283 68 283 68 283 68 283 68 283 68 550 339 68 85 68 85 68 85 68 189 68 189 68 189 68 189 68 64 550 158 68 550 158 85 68
19 85
564 68 447 158 543 68 158 108 68 430 68 5
339 551 68 158 108 68 5 189
213 550 501
321 27 68 569 68 569 68 64 211 68 201 258 68 189 68 85 347 158 85 68 569 68 64 211 108
607 68 550 501 68 397 68 85 447 189 68 569 68 569 68 64 51 487 359
550 339
86 163 68 19 149 68 43 158 68 417
261 86 68 517 68 45 108 68 569 68 4 85
607 155 68 189 68 569 68 70 189 68 550 501 68 36 149
607 158 68 642 68 189 68 211 85 359 68 390 68 189 241 430 359
247 85 86 85
241 19 108
237 68 397
43 158 68 550 570 199 68 189 68 201 258 68 570 389 158 199
68 237 570 211 390
43 158 68 189 68 577 68 569 68 19 85 68 189 643 334 108 68 405 189
527 68 569 68 211 68 211 82 68 517 68 569 68 531 149 68 569 68 517 623
527 68 607 68 189 68 550 501 68 136 479 68 642 211 68 79 359
43 158 68 152 68 370 68 189 68 501 85 359
153 108 68 189 68 527
189 68 170 299 68 638 68 85 347 158 359 68 70 158 108 68 334 222 85
5 68 4 85 68 170 152 68 197 86 68 640 68 43 158 68 240 550 158 68 331
359 68 85 68 87 68 189 68 170 299
86 68 189 68 447 158 68 64 211 108 68 4 85 359 68 347 501 68 189 68 43 158 68 406 155
189 68 629 68 189 68 5 68 321 247 68 501 85 68 501 68 569 68 501
222 476 68 607 68 569 68 330 359 68 430 68 607 158 85
527 68 153 68 517 68 64 211 68 430 68 550 487 149
607 158 68 70 189
43 258 321 27 68 5 108 68 158 118 68 241 68 642 211
503 158 108 68 390 68 569 68 170 108 68 241 359 389 339
70 158 359
430 4 152
503 158 108
231 240
261 86 68 517 68 245 449 68 370 68 607 158 543
170 152
517 68 189 68 189
503 158 108 68 189 68 189 68 288 68 36 149 68 245 449 68 189 68 5
261 86 68 569 68 87 449 68 158 108 68 397 68 642 211 108
517 85
339 68 517 68 19 85 68 19 85 68 607 158 68 446 68 85 347 158 118
87 359 68 158 543 149 68 397 68 5 108
261 86 68 158 189 68 295 359 68 79 158 108 68 211 68 397 68 19 68 158 189 550 339
339 68 607 158 68 43 158 68 149 458 68 642 211 68 153 108
189 68 629 68 189 68 569 108
258 189 643 359 68 417
503 339
397 68 397 68 197 86 85 359
85 222 4 68 406 158
330 611 211
220 389 158 199
54 86 68 607 68 189
607 158 68 36 149 68 81 68 158 152 550 158 68 5 68 81 68 430 299 70 158
59 430 149
607 50 68 370 68 81 68 158 108 68 85 359 389 501 85 359 68 517
43 155 68 189 68 81 68 5 68 85 359 68 87
577 68 611 74 68 397
607 158 68 397 68 405 149 68 397 68 607 50 68 19 68 607 50
607 68 189 68 81 68 397 68 405 68 189 241 406 155
43 158 68 136 479
158 108
64 211 258 68 397 68 569 108
501 85 517 68 43 158 68
538 158 108 149
64 211 68 577 68 189 85 359 68 447 158 359
86 163 68 288 68 503 158 68 569 68 87 449 68 397 68 569 68 550 487 359 68 543
607 155 149
629 68 640 68 370 68 5 189
237 108 68 5 68 397 68 339 68 405 85 68 365 430 199 68 70 189 68 189 68 389 158
64 211 258 68 231 240 68 4
162 68 640
19 85 68 430 68 85 359 68 85 4 85 68 189 68 246 68 64 68 569 68 79 487 149 68 640 68 569 68 569 68 569 68 569 68 569 68 569 68 569 68 569 68 569 68 569
607 68 550 501 68 397 68 222 68 607 158 68 4 189 68 85 241 68 517 68 617 68 397 68 339 68 339 68 189 68 189 68 189 68 189 68 5 189 68 5 189 68 5 189 68 5 189 68 5
261 86 68 517 68 45 68 189 68 339 68 189 550 339
87 68 81 68 397 68 638 68 569 68 405 189 213 194
189 68 158 108 68 189 68 397 68 569 68 503 339 68 19 85
397 68 640 68 5 189
222 476
447 430 68 397 68 79 155
330 211 543 389 430
189 68 211 222 68 258 189 68 5 211 430
569 68 389 158 199 108 68 261 86 68 189 68 390 569 68 70 158
339 68 197 86 68 5 189 68 85
611 570 389 158 85 359 68 189 68 638 68 36 149 68 43 158 68 331
611 189
189 68 607 68 189 68 85 240 51 86 68 640 68 19 68 189 266 50 68 189 550 487 359
170 68 189 68 517 68 64 211
261 86 68 517 68 45 108 68 569 68 4 85 68 640 68 45 108
87 359
43 158 189 68 158 108 68 638 211
447 158 118
5 211 543 108
43 155 68 237 149 68 43 158 68 417 68 189 68 447 158 543 389 158 68 70 158
86 163 68 617 149 68 397 68 211 543 68 607 158 68 430 68 82
189 68 607 158 68 607 158 68 45 4 199
189 68 87 68 43 158 68 64 211 108
87 359 68 430 68 569 68 339 68 607 50
607 158 68 550 339 551 68 158 108 68 607 170
569 68 517 85 68 170 68 170 299 68 149 68 642 68 321 189
339 68 607 158 68 446 68 569 68 85 347 85 359
222 476
189 550 487 359
347 158 68 45 68 397 68 397 68 503 158 68 607 158 359 389 158 359
43 155 68 87 68 321 247 68 397 68 19 68 158 213
43 155 68 593 89 487 68 288 68 569 68 288 68 370 68 87
564 68 447 158 543 68 158 108 68 430 68 5
607 158 68 607 158 68 197 86 68 189 68 642 211 199
430 85 517
237 68 5 68 189 68 397 68 570 389 339 551 68 189 68 241 430 68 241 430
43 158 68 189 68 417 68 642 68 642 68 54 86 68 430 68 189 550 158 189
607 158 68 54 86 68 189 68 189 68 569 68 430 68 5 189 68 85 359 51 570 211 68 397 68 569 68 569 68 54 86
503 189 68 607 50 68 607 158 68 397 68 85 359 389 85 359 68 189
87 449 108
447 158 118 68 213 194 68 5 68 87 108
611 570 389 158 85 359 70 189 68 638 68 201 258 68 211 85 68 64 550 158 85 68 85
64 211 258 68 389 430 359 68 397 68 569 68 189
54 86 68 5 258 85 222 149 458 359
503 189 68 189 68 213 68 85 36 211 68 569 68 538 430 68 189 68 189 68 189 68 189
607 68 550 501 68 397 68 642 68 339 68 158 108
43 158 68 339 68 397 68 569 68 158
51 86 108 68 85 447 158 118
189 68 651 123 68 430 68 64 211 108
153 108 68 189 68 527
51 517 68 517 68 155
247 85 570 389
189 211 199 68 79 359
405 68 611 189 211 222 611 189
204 240 68 640 68 370
189 68 607 68 550 50 68 577 68 569 68 85 406 339 68 261 158 199
87 359 68 149 211 543
611 74
290 85 359 68 330 68 197 86
389 85 359 68 517 85
222 4 85 222 85
607 170 68 543 149 68 390 569
607 50 68 370 68 81 68 607 158 68 54 654 68 85 4 199
543 570 389 158 199
189 68 253 68 370 68 569 68 405 68 397 68 4 85 68 365 430 199 68 569 68 365 430 199
607 50
59 295 19
569 68 222 68 158 108 68 389 85 359 68 569 68 158 108 68 607 158 189
397 68 347 501
607 158 68 570 211 68 607 50 68 19 85 68 339
211 68 640 68 569 68 64 211
607 68 550 501 68 397 68 5 68 189 68 339 68 19 85 68 5 189 68 550 487 551
405
170 258 68 5 68 569
189 68 4 152 68 211 199 68 261 86 68 607 68 81
19 152 68 36 149 68 640 68 642 211
43 155 68 237 149 68 517 68 430 68 354
261 86 68 189 68 189 68 569 108 68 85 347 158 118
550 158 359 389 339
405 85 68 5
290 85
503 158 108 68 390 68 569 68 158 108 68 211 517 68 397 68 569 68 365 430 149
197 158 68 354
503 158 108
153 108
241 170 108
517 85 299 68 517 85
531 158 85 359
261 86 68 124 68 635 149 68 189 68 405
213 51 86 68 331 487
607 50 68 370 68 81 68 258 85 4 149 68 607 155
201 258 199 85 347 158 299
43 158 68 607 68 390 68 607 50
68 85 4 149
211 222 389 339 68 397 68 81
347 158 68 43 158 68 85 359 68 85 347 158 68 153 108 68 569 68 397
43 155 68 593 89 487 68 569 68 550 158 149 68 331 108 68 5 68 4 108
51 570 68 347 158 68 607 68 253
527 68 607 68 640 68 288
5 68 43 158 149 68 85 347 158 68 189 68 170
261 86 68 124
330 570 211 68 642 211
87 199 68 570 389 339
607 155 194 68 517 68 611 85 359
607 68 550 501 68 189 68 370 68 397 68 43 158 68 85 68 64 211 68 43 158 68 651 123 68 45 108 68 45 108 68 569 68 569 68 569 68 569 68 197 86 68 651 123 68 5 68 569 68 569 68 569 68 406 501 68 5 68 5 68 550 501 68 5 68 5 68 5 68 5 68 5 68 5 68 5 68 5 68 5 68 5
503 189 68 607 50 68 81 68 397 68 607 50 68 189 266 50
261 86 68 517 68 45 108 68 569 68 430 68 570 389 158 108
607 68 550 501 68 397 68 517 68 570 211 68 93 211 68 93 211
517 299 85 68 550 430 149
607 158 68 70 189
64 211 258 68 397 68 5 68 36 149
258 189
64 389 158 68 158 108 68 640
19 85 68 607 158 68 158 108
158 108 68 397 149
389 149 550 158 108
607 68 550 501 68 607 158 68 430 68 550
189 68 211 543 68 197 86 68 569 68 19 85 68 64 211 108
19 85 68 170 68 607 158 68 4 68 642 68 64 211
87 517 258
343 543 152 389 85
430 211 447 189 68 64 389 158 118
87 68 197 86 68 550 50 68 397 68 577 68 5 108 68 241 68 290
85 241 430 149 68 430 68 642 68 550 430
501 85 517 82 68 54 86 68 5 68 85 64 211 430
517 258 85
189 68 569 108 68 430 68 64 211 108 68 4 74 68 430 68 189 550 158 108 68 5 189 68 569 68 189 68 19 85
189 68 81 68 189 68 617
43 158 68 354 68 405 68 158 108 68 503 189 550 487
339 68 197 86
43 155 68 593 163 68 85 68 36 149 68 347 501
170 189
68 252 158 68 430 68 158 108 68 517 68 4
189 68 430 68 430 68 43 158 68 149 51 108 68 189 68 611 51 86
569 68 158 68 339 68 390 68 211 85

261 86 68 197 86 68 231 240 68 569 68 607 158 85
261 86 68 124
43 258 321 27 68 5 108 68 158 118 68 241 68 642 211
43 155 68 237 108 68 517 68 5 189 68 253 68 405 118 68 85 347 158 118
538 158 108 68 430 68 86
527
189 266 50
149 517
49 68 390 68 370 68 569 68 543 389 339 68 189 68 70 189
607 50 68 36 149 68 51 86 189 68 36 85 68 607 158 68 43 158 68 569 68 640 68 569 68 569 68 569 68 569 68 569 68
607 158 68 550 501 68 189 68 240 51 85 68 607 158 68 85 299 68 170 108 68 5 68 170 108 68 170 108
330 170
201 258 390
569 68 85 640 149 68 406 158 68 64 550 86 68 189 68 170 299 68 501 85 68 189 68 501 85
201 258 68 339 68 607 158 68 211 85 359 68 64 211 108 68 241 359
43 158 199
51 86 68 607 68 607 50
569 68 81 299 211 68 430 108 68 430 299 19 85 68 430 68 569 68 569 68 569 68 569 68 569 68 569 68 569 68 569 68 426 569 68 569 68 569 68 569 68 569 68 569 68 569 68 569
607 50 68 550 501 68 607 158 68 70 158 108 68 5 68 64 211
430 85 51 570 68 85 241 430
87 68 170 211 108 68 158 543 68 339 68 339 68 4
213 51
85 170 570
261 86 68 517 415
189 68 87 152 68 36 149 68 397 68 36 149 68 405 68 397 68 347 501 68 64 211
283
87 68 607 50 68 36 149 68 339 68 397 68 638 211 68 70 158 68 569 68 79 430
189 68 158 108 68 189 550 158 570 389 158 623 68 607 50 68 54 86
321 189
64 211 108
261 86 68 517 415
258 149 68 211 149
189 240 211 507 299
43 158 68 189 68 85 359 68 527 68 241 68 397
189 68 170 299 68 397 68 70 158 359
359 51 86 189
197 86 68 87 68 36 108 68 201 258 199 68 189 266 158 108 68 5 189
543 85 36 211 68 550 430
607 158 68 607 158 68 87 68 189 543 85
258 108 68 86 68 86 149 68 593 152 68 189 68 397 68 79 158 189 68 64 211 68 64 211 68 389 158 189 68 64 211 68 389 158 68 389 158 68 149 68 149 68 149 68 85
607 170 68 359 68 339 68 136 479
405 152
158 108 68 64 51 86 68 124
189 68 5 68 5 68 405 359
347 501 85 347 501
43 158 68 607 479 68 158 108 68 189 68 397 68 543 51 86
276 85 68 430 68 158 108 68 158 108 68 570 389 570 389 158
339 68 405 108 170 211 189
197 86 85
43 158 68 87 68 577 68 339 68 405 189
607 158 199
43 85
642 211
87 359 68 158 108 68 5 68 79 359 70 189 68 246 68 79 158 108 68 241 359
611 258 222 438
397 68 213 194
158 189 569 108 68 85 389 339
54 654
86 163 68 617 149 68 189 68 642 211 108 68 170 108 68 241 68 640
43 158 68 5 189 68 170
87 68 162 68 640 68 607 158 68 261 86 68 54 86
85 359
517
5 108
64 51 86 68 87
430 85 82
607 158 68 430 359 389 158 85 68 339 68 607 158 68 569
339 68 43 158 68 331 108 68 19 85 68 290 85 359
85 241 211
389 149 550 158 108 68 517 68 43 158 85
642 211 68 570 389 158 543 68 406 158 543
68 152 550 501 68 569 68 85 197 86 68 43 158 68 19 68 354 68 43 158 68 85 68 85 68 158 68 85
43 158 68 607 158 68 321 247 68 397 68 607 158 68 170 430 299
43 85 87 86
390 569 85
607 50 68 370 68 81 68 158 247 68 5 189
607 158 149 68 189 68 189 570 211
494 68 189 550 158 108 68 5 189
607 50 68 288 68 36 108 68 189 68 85 51 86 68 241 68 290
153 108 68 189 68 527
5 108
527 68 153 68 258 68 85 152 68 189 290
447 158 543 68 149 550 86 85
651 123 68 237 299 68 397 68 19 85 68 170 108 68 339 551
189 68 569 108 68 607 158 68 290 85 359 211 68 359 68 397 68 405 85
64 211 258 68 397 68 569 108
389 158 68 397 68 5 68 359 68 36 149 68 331 430 68 607 158 68 5 189 68 5
64 51 108 68 405 108
201 258 189 211 68 241 68 64 51
49 68 158 68 405 149 68 36 149 68 607 158 68 85 152
564 68 19 359 68 570 51 86 68 390 68 5 68 331 149
189 68 158 247 299 68 405 189 68 64 550 158 85 68 629 68 321 247 85 68 617 68 617
158 108 152
339 68 430 68 253
503 158 108 68 158 108 68 36 149 68 629 68 397 68 430 68 339
288 222 64 211 108
211 570
189 68 607 68 189 68 85 240 51 86 68 640 68 19 68 189 266 50 68 189 550 487 359
43 158 68 152 68 370 68 5 68 81 68 19 68 339 68 189 68 64 550 501 68 85 68 397 68 85 68 85 347 158 85 68 85 68 85 68 85 68 85 68 43 158 85 43 158 85 68 85
5 68 642 68 189 68 397 68 611 51 86
189 68 253 68 370 68 607 158 68 569 68 405 359
189 68 158 543 68 5 108 68 189 68 406 334 199 68 569 68 365 430 199
153 189
87 68 607 50 68 36 149 68 354 68 158 108 68 36 85 359 68 569 68 426 339
607 158 68 4 85 359 550 158 359
87 359 68 347 158
222
607 299 85 347 158 118 68 211 543 108 68 189 68 85 406 211 438 359
503 158 108 68 517 68 189 68 417 68 607 158 68 389 158 108 68 189 550 86
64 211 258 68 149 68 642 68 241 68 85 517 68 64 51 189
189 68 347 501 68 241 68 158 108 68 189 550 339
447 158 543 68 501 85 68 189 68 550 86
607 68 189 68 81 68 397 68 405 68 189 241 406 155
321 68 569 68 577
261 86 68 517 68 45 108 68 569 68 79 487 359
258 189 68 5 68 64
189 68 158 543 68 607 158 68 64 389 339 68 189 68 79 158 189
87 89 158 68 87 68 87 68 158 108 68 593 163 68 241 194 85
501 85 4 189 389 158 85 68 517 299 108
87 68 569 68 494 68 494
81 68 36 149 68 569 108 68 607 50 68 390 68 430 68 153 68 153 158
397 70 158 108 68 87 543 389 349
339 68 170 68 170 152
87 68 124
86 68 86 68 211 68 359 68 85 359
189 68 240 299 68 85 152 389 501
261 86 68 124
607 50 68 370 68 550 339 68 397 68 54 86 68 189 68 85 4 108
405 68 85 359 389 158 85
76 85 359
321 68 189 68 611 51 86 68 339 68 158 189 68 331 158 108
211 86 68 189 108
59 155 149
87 359 68 607 158 68 527 68 189 68 397 68 569 68 211 85 299 68 550 158 85 68 607 158 85
189 68 258 108 68 446 82 68 5 68 170 108 68 19 85 68 389 158 189 68 189 550 487 359
607 158 68 430 359 389 158 85 68 241 68 87 152 68 87 152
503 158 108 68 390 68 569 68 213 43 501 68 517 623 68 213
51
85 241 211
51 517 68 517 68 155
607 170 68 211 68 389 339 551
189 68 170 299 68 569 68 397 68 211 85 359 68 527 68 189 68 211 68 617 68 617 68 617 68 617
85 149
321 189 68 79 359
201 258 85 241 222
64 550 158 68 507 258
5 189 85
330 611 211
4 240
430 299 458 68 517
261 86 68 517 68 501 85 4 189 68 406 334 68 607 158 68 370 68 81
527 68 87 68 607 158 68 390 68 189
189 85 406 158 118
79 430 438 359
76 85 359
405 85 68 54 86
222 476
85 447 430 199
64 211 68 607 50
405 258 68 158 108 68 64 149
607 158 68 550 501 68 189 68 240 51 85 68 4 149
189 68 158 543 68 607 158 68 133 82
64 211 258 68 611 189 68 136 479 68 569 68 158 108 68 158 189 68 543 51 86
261 86 68 607 50 68 189 68 64 550 158 85
517 194 211 155
189 68 170 299 68 430 68 430 68 5 189 68 406 158 189 68 430 68 45 430
201 258 390
43 155 68 237 149 68 405 68 406 501
211 607 158 68 570 211 517 551
85 4 258 299
211 222
261 86 68 607 50 68 189 68 19 85
607 50 68 431 68 211 240 68 640 68 446 82
569 68 640 19 85 68 189 550 68 189 68 507 211 68 189 68 321 247 85 68 397 68 543 68 543 68 569 68 531 211 85
86 163 68 617 149 68 397 68 253 68 569 68 85 51 86 85 359 68 397
87 359 68 390 68 36 149 68 638 68 640 68 569 68 19 85
189 68 241 68 197 86 68 354 68 189 68 354 68 430 149
261 86 68 517 68 45 108 68 607 158 68 517
64 211 258 68 501 85 517 68 70 158
64 211 258 68 607 68 85 359 68 149
503 158 108 68 390 68 569 68 290 85 359 211 68 359 68 397
607 50 68 550 501 68 607 158 68 158 149 389 158 108
43 158 68 5 68 406 211
339 68 211 85 359 68 397 68 569 68 158 108 68 430 299 389 158 189
321 189 68 87 449 68 642 68 642 359 389 158 118
85 149 68 517 623
85 347 158
189 68 543 51 86 149
64 389 339 68 45 149 68 640 68 283 68 149
189 68 577 68 158 108 68 397 68 253 68 36 211 68 389 158 199
389 85 359 68 359
570 211 339
569 85
189 68 158 247 68 569 68 158 108 68 5 68 85 447 158 108 68 241 68 189 68 189 68 389 158
87 189 85
189 68 607 50 68 43 158 68 158 68 397 68 550 501 68 36 211 85
503 339 68 87 68 607 68 397 68 136 479 68 5 189
189 68 165 68 87 85 68 447 158 118 68 339 68 569 68 85 347 158 118
43 155 68 237 569 68 607 158 68 339 68 19 79 158 199
611 74 85 359
607 158 68 5 189 68 570 389 339 68 85 359 389 158 189
189 68 211 543 68 158 543 68 430 68 258 82
197 86 68 640
79 155 108
189 68 389 430 211 211 68 359
43 158 68 64 389 158 108 68 517 68 4 240
201 258 390
261 86 68 607 50 68 189 68 79 158 108 68 430
87 359 68 189 68 527 68 288 68 19 68 607 158 68 607 158 68 569 68 64 211 108
339 68 430 68 158 108 68 339 68 85 359
87 68 607 50 68 19 68 158 543 68 170 108 68 201 258 68 331 149 68 85
189 85 152
189 68 569 68 517 85
153 68 607 158 68 607 158 68 85 197 86
158 158 108 199
87 359 68 158 108 68 569 68 397 68 246 68 339 551 68 389 339 68 189 68 189 550 487 359 68 85 359
611 51 240
189 68 550 501 68 569 68 640 68 397 68 288 68 405
607 158 68 550 158 68 397 68 5 189 68 85 359
607 158 68 550 155 108 68 189 68 397 68 4 258 82
87 359
651 123 68 430 359
501 85
405 68 527 68 339
158 85 152 68 258 85 19 85 68 158 189 68 389 158
607 158 68 527 68 5
85 170 570 211 68 405 108
607 158 68 19 79 68 640 68 4 240 68 64
569 68 149 211 543 68 189 68 189 68 570 389 339 68 189 68 347 501 68 397 68 569 68 241 68 241 68 569 68 569 68 85
607 158 68 213 211 543 68 570 211 108
189 68 85 370 68 170 68 447 155 240 68 64 550 158 68 569
577 68 43 155 108 68 397 68 569 108 68 85 36 85 68 397 68 569 68 241 359 68 189 68 354 68 354 68 569 68 569 68 189
189 68 593 163 68 152 550 158 543 68 617 68 189
642 149 550 86 68 85 359
389 430 299 68 640
611 189 149
49 68 158 68 347 501 68 36 85 152 68 70 158 108
503 189 68 607 158 68 87 108 68 5 68 87 68 359
359
347 158 240 51 189 68 211 543 211 85
397 68 640 68 569 108
43 155 68 607 158 68 550 158 359 68 331 149 68 607 68 153 189
189 68 211 339 68 85 152 550 501 68 517 258 149 68 189 68 189 550 86
607 68 550 501 68 397 68 85 4 85 68 5 189 68 85 68 64 211 68 64 211
527 68 153 68 330 68 370 68 607 158
321 68 611 258 108 68 189 68 331 149 68 370 68 607 158 68 240 550 158 359 68 359
447 158 406 85
43 158 68 607 158 68 347 501 68 354 68 607 68 569 68 64 211
607 158 68 430 359 389 158 85 68 339 68 607 158 68 569
189 68 197 86 68 354 68 170 108 68 331 199 68 331 149
79 430 199
258 211 68 211 543 85 68 189 68 365 430 199
189 68 158 543 68 607 158 68 189 68 640 68 339 68 4 85
569 68 347 501 68 517 68 158 108 68 550 487 149 68 397
607 158 68 197 85 68 85 68 201 258 149 517 623 68 339
347 158 68 211 68 447 158 85 68 36 211 607 68 331 68 331 68 189 68 213 194 85 68 189 68 213
158 108 321 85 359
569 68 430 149 68 517 68 253
261 86 68 517 415
607 158 68 197 85 68 85 68 405 68 189 68 607 68 569 68 19 68 211 543
189 68 447 158 543 68 70 158 359
64 211 258 68 599 68 45 108 68 397 68 43 158 68 211
503 158 108 68 390 68 501 85 359 211 68 405 189 68 607
201 258
64 211 258 68 158 108 68 158 108 68 370
321 68 36 149 68 158 108 68 607 158 68 19 85 359
261 86 68 517 415
347 501 68 189
359 68 339 68 550 501 68 189 68 211 85 359 68 640 68 569 68 390 68 189 68 253 68 253
201 258 189 570 389
607 158 68 197 85 68 85 68 189 68 617 68 397 68 189 68 19 85 68 339
189 68 550 158 85 68 607 158 68 570 389 339 68 569 68 321 569
86 68 611 152 611 152
390 68 569 108 68 430 68 79 158 189 68 211 471 211 68 189 68 85 241 68 85 359 68 189 211 85 347 158 118 68 189 241 68 189 241 68 189 241 430 149 68 189 211 85 347 158 118 68 430 359 389 158 118 68 390 569 68 390 569 68 390 569 68 189 569 68 189 550 487 359 389 158 118 68 189 550 487 359 550 487 85 253 85 253 85 347 158 118 68 201 258 85 201 258 85 359 389 158
261 86 68 517 68 261 86 68 189 68 170 149
261 86 68 517 68 245 258 68 189 68 397 68 638 68 607 155 68 607 155
76 85 359
211 543 149
79 155 359
514 430
430 222 4
189 68 54 86 68 359 51 570 68 405 68 405 68 405
43 158 68 5 68 406 211
397 68 569 68 231 51 86 68 397 68 231 240 68 4 68 153 68 283 68 283 68 81 68 189 68 569 68 569 68 569 68 569 68 569 68 283
607 158 199
552 85 149 550 155 68 19 85
64 211 258 68 397 68 276 85 68 36 149 68 331 68 607 158 68 45 108 68 45 108 68 45 108
189 68 165 68 87 85 68 447 158 118 68 339 68 569 68 85 347 158 118
290 85 359
201 258
43 155 68 237 108 68 405 68 158 108 68 64 389 430 68 189 68 617
607 158 68 197 85 68 85 68 87 68 406 155 149 517 623
611 189 149
5 108
4 415
231 240 68 36 149 258 85
189 68 607 50 68 19 543 68 158 85 152 550 158 68 241 68 189 68 85 406 155 108
276 85 68 365 430 199 68 158 108
36 108 68 330 68 189 68 640 68 640 68 288
283 68 64 550 86 108
87 68 607 50 68 36 149 68 640 68 85 170 152
149 550 158 543 108
611 152
607 50 68 370 68 81 68 607 158 68 241 68 162
651 123 68 189 68 189 68 86
231 240
347 158 108
569 68 389 158 68 189 68 417
261 86 68 517 68 45 108 68 607 158 68 517
607 50 68 370 68 81 68 607 158 68 4 240 68 607 158 68 4 68 640
607 50 68 370 68 81 68 189 266 50 68 245 449
87 359 68 347 158
222 4 85
607 158 68 258 68 569 68 85 406 155 149 68 211 149 68 64 211 108
197 86
136 155
4 178
405 189
569 68 527 68 527 68 517 68 211 108
550 501 68 405 359
43 158 68 607 158 68 607 158 68 4 152 68 153 108
