426 158 85
258 68 390 68 390
87 359 68 390 68 36 85 68 197 86 68 640 68 569 68 607 158 85
607 68 550 501 68 397 68 85 447 189 68 569 68 173 68 241 430
5 68 331 149 68 607 158 68 642 211
569 68 5 211 68 201 258 68 346 299
651 123 68 494 68 5 68 5 189 550 487 149
397 70 85 359 68 339 551 406 158 118
607 158 68 54 86 189 570 51 86 68 503 158 68 189 68 397 68 51 86 68 397 68 552 85 359
189 68 170 299 68 501 85 517 82 68 189 68 189 68 241 68 158 108 68 19 85 68 241 359
85 87 240
258 85 189 149
5 189 211 189
321 68 405 108
87 68 189 68 189 68 211 85 347 158 118
43 158 68 607 68 390 68 5
390 479 82
197 86 163 68 201 108 68 19 85 68 43 158 68 158 68 158 543 211 68 64 211 108
261 86 68 189 68 97
85 152 68 64 51 487
261 86 68 189 68 331 108 68 153 155
189 68 79 501 68 389 501 68 430 68 607 158 68 245 258 189
607 158 68 213 194 211 199 68 153 108
569 68 42 247 68 397 68 5 68 19 68 189 68 81 68 397 68 405 68 405 68 241 68 189 68 569 68 241 68 241 68 241 68
607 50 68 152 51 86 68 607 158 85 152 68 607 158 68 431 68 43 158 68 569 68 79 359
85 347 158
64 211 258 68 397 68 5 68 331 149
611 514 85 359 70 158 359 68 638 68 321 569 68 331 149 68 43 158 68 241 68 241
231 240
19 85 68 189 68 607 158 68 4 68 5 108 68 64 211 430
607 68 550 501 68 397 68 5 543 68 640 68 651 123
64 211 258 68 501 85 43 158 68 607 158
527 68 569 68 211 68 211 82 68 517 68 569 68 430 149 68 531 149 517 359
43 158 68 394 149
79 152 389 570 68 79 158 199

503 85 68 189 68 569 68 503 158 359 68 241 222 149
87 359 68 258 68 517 68 517 258 68 87 449 68 397 68 19 85 68 153 189
43 158 189 51 359 68 158 517 359 68 354
449
543
189 68 651 123 68 189 68 189 68 550 501
87 68 162 68 640 68 607 158 68 283 68 607 158 68 54 86
447 158 64
397 415 211 108
64 211 258 68 189 240 359 68 85 79 359
321 240 68 611 258 108 68 359 68 430 68 189 68 153 189 108
45 108 68 158 108 68 36 149 68 494 68 241 68 241 68 43 158 68 283
158 158 108 389 607
607 479 611 85
527 68 153 68 153 108 68 97 68 390
189 299 85 347 189
346 85
4 415
569 68 531 158 108 68 189 68 253 68 405 149 68 64 389 149
607 68 550 501 68 189 68 331 149 68 5 68 334 222 68 85 68 240 643 68 354 68 43 158 68 43 158 68 406 501 68 406 501 68 5
170 152
290 85 379
261 86 68 517 149 68 189 68 569 68 430 68 240 389 479 85
359 503 189 359 389 415
611 447 158
79 430 68 321 189
189 68 43 501 68 245 152 68 5 68 405
87 449 108
405 415
503 189 68 253 68 237 108 68 64 389 339 68 211 543
197 86 247 643 85
189 68 19 85 68 607 158 68 5 290 85 359 68 133 68 359 211 543
64 211 258 68 211 543 68 607 158 68 430 68 569 68 19 68 158 189 211 68 211 471 211
430 359 68 222 476 68 607 158 68 389 339 68 640 68 569 68 643 359 68 607 158 68 253 68 253 68 253
607 68 550 501 68 397 68 5 68 253 68 607 158 68 70 189 108 68 5 189
514 189 68 136 158 108 68 213
189
503 189
261 86 68 517 449
43 487 149 68 237 68 197 86 68 5 68 331 149 68 347 501
189 68 607 158 68 85 4 136 479 68 617 68 607 569 68 389 339
321 563 158
261 86 68 124
607 170 68 389 339 551
189 68 550 158 543 68 569 68 517 68 446 82 68 517 68 64 211 430
241 108 68 204 222 68 359
153 68 607 158 68 5 108 68 261 86 85
189 68 211 607 158 68 607 158 68 258 222 68 321 189 68 331 158 108
5 189 397 108
189 68 170 299 68 331 149 68 397 68 211 295 68 651 123 108 68 85
503 85 68 189 68 569 68 640 211 85 299 211 359 68 133 551
82 152 68 237 108 68 241 68 43 158 199
321 189 68 5 108 68 68 89 158 68 64 211
189 68 405 189 68 570 51 86
261 86 68 607 50 68 331 149 68 152 68 569 68 638
79 359 68 321 68 331 108 68 258 68 405 359
261 158 359 51 86
258 108 4 258 68 79 158 85 359
276 222
321 108 68 261 158
397 415 211 108
607 158 68 607 158 68 290 85 68 321 240 68 4 68 170 108
607 170 68 347 501 68 517 68 569 68 79 158 359 68 64 211
569 68 149 211 543 68 189 68 189 85 347 158 359 68 531 149 68 354 68 237 108 68 321 247 85 68 569 68 241 68 241 68 241 68 19 85 68 19 85 68 19 85 68 569 68 569 68 569 68 359 550 86
43 158 68 152 68 197 108 68 4 68 136 158 68 359 68 593 85
552 85
253 68 189 68 19 85 68 153 108
85 4 240 359 68 158 517
397 68 87 449 68 501 68 241
158 108 389 189 68 43 158 149 389 299 108
261 158 85 68 417 334 222 68 397 68 397 68 237 149
51 346 68 346
283 68 347 158
196
405 149 359 70 158 505
527 68 607 158 68 211 85 359 68 85 379 211 68 158 108 68 4 240 68 569 68 517 85
189 68 241 68 197 86 70 189 68 189 570 389 339 68 638
189 68 211 607 50 68 640 68 19 68 550 487 359 68 640 68 569 68 258 189 426 569 68 607 170 108
158 108 68 19 85 68 501 85 4 189 85 406 211 68 136 479 108
19 79 359 68 85 359 68 85 359 68 79 158 108 68 189 68 246 68 569 68 240 643 359 68 640 68 321 27
162 68 570 211 68 430
241 170 108
503 189 68 527 68 331 108 68 531 85 359
85 70 158 359
76 85 359
607 50 68 237 247 68 607 158 68 607 158 68 43 158 189
538 339 68 4 108 68 290 85
153 108 68 97 68 189 68 390
189 68 607 170 68 81 68 189 68 211 199 68 5 189 68 43 158 68 331 149 68 241 68 640 68 5 189
538 158 68 397
19 152 458 152 68 266 50 68 189 68 54 86 68 607 155
261 86 68 295 85 68 5 189 68 189 451
517 258 149 68 170 152
85 79 359
503 85
43 158 68 503 68 577 68 339 68 339
189 68 607 170 68 354 68 189 68 54 86 68 569 68 85 359 68 517
330 258 189 213
189 68 211 543 68 237 19 68 638 68 607 158 543 68 158 405
5 68 54 86 189 643
501 85 4 189 406 211 68 517 299 108
64 211 258 68 222 476 68 640 68 295 85 68 197 86
189 68 170 299 68 397 68 517 68 651 123 68 241 68 517
64 211 258 68 222 476 68 640 68 237 108 68 19 359
503 189
253 299 68 158 68 158 517 415
607 155 68 85 354 68 70 189 68 82 152 68 36 149
43 158 68 152 68 397 68 599 68 503 158 108 68 569 68 321 189 68 240 550 487 359 68 189 68 189
593 85 68 189 570 189 68 640 68 611 85 68 611 258
79 222 68 569 108 68 629
82 152 68 237 108 68 241 68 43 158 199
19 85 68 5 189
503 189 68 87 543 68 5 189
189 68 211 543 68 607 158 68 331 359 68 331 149 68 237 108 68 81
5 68 189 68 426 86 85
19 85
153 68 430 68 607 158 68 43 487
258 543 359
397 611 405 108
321 189 68 158 85
153 68 189 68 397 68 339 68 569 68 5 189
447 158 406 85
158 152 68 569 68 405 68 405
569 68 241 359 68 640 68 406 158 359 68 231 85
5 68 82 68 247 68 531 158 108 68 569 68 5 189 68 261 86 68 5
115 479
550 158 240 359
43 158 68 607 158 68 607 158 68 607 158 68 447 158 108
126 211 611
347 501 359
5 68 93 435 258 68 158 108 68 517
87 359 68 295 108 68 152 68 426 569 68 222
189 68 170 299 68 253 68 607 158 68 607 479 68 446
79 430 241 85 359
654
346 68 241
611 152
153 68 87 68 430 299 543 68 170 299 68 607 158 68 550 501
43 158 68 5 189 406 211 189
607 158 68 570 211 68 593 149 68 550 501
607 68 550 501 68 397 68 253 68 569 68 417 68 501 85 4 258 68 64 211 108 68 189 68 158 108
346 211
189 43 479
189 68 607 158 68 607 158 68 517 85 68 158 406 299
607 68 550 501 68 397 68 253 68 569 68 417 68 331 299 211 85 359 68 339 211 68 607 158 68 189 211 189 211
158 68 527 68 189 68 531 158 359 68 331 149
82 152 68 593 68 189 68 54 86 68 189 68 79 359 68 569 68 70 189
331 149 68 359 68 85 359 68 85 379 68 19 85 68 607 158 68 550 86 359
197 85 152
36 85 211 68 79 487 149
283 68 126 68 617 149 68 405 68 607 158 189
189 68 197 85 359
153 189 68 149 68 19 68 607 170 68 321 247 85 68 531 299 85
607 158 68 197 85
607 158 68 211 543 389 158 68 397 68 65 86 108
189 68 43 158 68 334 68 607 158 68 607 68 543 51 152 68 570 225
390 85 359
503 240
261 86 68 189 68 189 68 54 86 68 54 86 68 569 68 258 68 87 449
321 68 19 136 158 359 68 564 68 237 108 68 87 108 68 389 339
51 86 68 189 68 5 189 68 611 299 68 158 189 68 158 189 68 331 149 68 5 189 68 42 247
5 68 331 149 68 607 158 68 607 158 68 81 68 550 158 359 68 389 339
231 240
87 68 170 108 68 347 501 68 189 68 158 543 68 550 339 68 550 339 68 19 85 68 241 359
607 68 550 501 68 397 68 347 501 68 607 158 68 170 334 85
64 211 611 68 347 158 118
189 68 330 213 211 93 51 86
611 86 68 189 68 577 68 607 158 68 211 189 68 321 189
5 68 642 211 68 149
283 68 331 487 68 640 68 19 68 607 479 68 593 152
189 68 86 163 68 397 68 5 108 68 642 85 51 86
197 158 189
19 152 68 237 108 68 241 68 339 68 517 68 517 68 241 68 517 68 564
64 211 258 68 359 211 68 607 68 569 68 389 158 189 68 64 51 108
189 68 405 68 607 158 68 51 85 359 68 4 85 68 158 155
276 85 68 19 85 68 170 152 68 640 68 241 68 43 158 68 331
170 68 607 158 68 607 158 108
503 189 68 253 68 569 68 330 85 359 68 426 86 68 64 211 543
607 50 213
494 68 5 68 115 479
261 86 68 158 189 68 430 397 68 430 68 211 85 68 211 241 68 19 68 339
64 211 258 68 359 149 68 321 240 68 237 108 68 517 68 64 211 108
19 85 68 5 189
201 240 438 213 201 213
87 359 68 258 68 569 68 240 211 68 149 211 543 68 397 68 85 379 85 68 43 158 68 339
4 85 438
189 68 211 607 50 68 54 86 68 397 68 569 68 85 299 70 158
189 68 607 158 68 79 487 189 68 189 68 417
170 299 68 43 158 68 370 68 397
85 241 68 552 85 68 397 68 359 68 607 68 70 189 68 642 211 199
501 85 64 211
115 479
503 85 68 158 108 68 237 149 68 629
607 158 68 153 108 68 321 189 68 405 299
43 158 389 199
43 211 607 158
162 85
607 158 68 258 299 563 189 68 339 68 607 158 68 231 240
201 258 390
85 299 570 225
283 68 347 158
87 359 68 258 68 569 108 68 79 487 149 68 640 68 85 379 85 68 85
517 406 158 152 68 607 158 611 189 149
261 86 68 158 189 68 64 389 430 68 607 68 189 68 81 68 397 68 222 476
607 158 68 64 550 158 189 68 359 68 397 68 54 86 68 397 68 152 68 569 68 430
201 240 389 405 189 299
36 85 211 68 330 359 258 85 359
258 611 359
189 68 426 86 85 68 64 211 108 68 4 258 68 397 68 569 85 359
153 108 68 97 68 189 68 390
346 85
189 68 5 189 68 417 68 197 86
189 68 394 68 550 430 149
189 68 43 158 68 43 158 68 397 68 525 68 607 158 68 517 68 149 68 640
189 68 611 189 149 68 359 68 211 79
86 163 68 617 149 68 43 158 68 417
607 158 68 503 189 359 389 339 68 241 68 517 68 346
253 299 68 133
135 68 640 68 288 68 19 85 68 397 68 5 68 430
599 389 158 178
599 68 5 68 189 68 152 68 211 189 68 607 158 68 331 68 189 68 213 194 85 68 189 550 339
346 85
245 258 222 438 359
651 123 68 607 170 299 68 19 85 68 87 449 68 158 108 68 339 551
607 158 68 170 108 68 237 211 68 394 68 64 211 152 68 79 158 359
261 158 189 406 158 240
189 68 494 68 550 501 68 607 170 68 607 158 68 5 68 405 68 417
321 189
79 155 149
525 551
629 68 89 487 68 5 189
158 108 68 237 108 68 330 93 435 68 189 149 389 339 68 331 149 68 349 531 158 359 68 339 68 339
222 476 68 321 569 108 68 70 158 68 430 68 607 158 68 607 158 85
651 123 68 430 68 189 68 5 189
258 189 426 359 68 390 68 426 152
189 68 651 85
651 123 68 397 68 79 155 149 68 607 158 68 607 158 68 158 108
158 158 349 85
158 108 531 155 68 347 158
5 68 406 158 108 68 201 258 68 189 458
599 389 240 68 211 68 149 389 158 108
607 158 68 197 108 85
87 449
153 68 447 158 543 68 189 68 158 108 68 607 50
261 86 68 5 68 390 68 153
87 68 197 86 68 577 68 397 68 577 68 5 108 68 5 189 68 241 359
222 476 68 397
189 68 197 68 5 189 149 68 79 158 543 68 5 108
261 86 68 253 68 189 68 19 85 359
611 152 158 222
550 152
569 68 115 479 68 607 158 68 231 240 68 430 149 68 89 487
607 158 68 569 108 68 389 189
19 85 68 430 68 607 158 68 501 85 365 430 199 68 321 290 68 5 68 85 359 68 347 501 68 397 68 569 68 19 85 359
19 359 68 430 68 550 339 68 189
231 247 85 68 85 68 525
611 299 85
189 68 253 68 617 149 68 339 68 569 68 405 359
36 85
5 68 331 149 68 607 158 68 607 158 68 237 108 68 79 158 199
607 68 550 501 68 397 68 330 68 201 258 68 5 68 370
87 359 68 607 50 68 593 89 158 543 68 241 430 85 623
494 68 550 501 68 189 68 85 68 87 149 68 283 68 79 430 359
389 339
321 240 68 611 258 108 68 5 68 331 149 68 607 158 68 607 158 68 240 550 158 299 70 189
43 158 68 189 68 222 476 68 158 240 359 68 569 108
85 149 68 258 359
261 86 68 517 149 68 390 68 569 68 4 85
43 158 68 593 149 68 640 68 569 68 550 158 149 68 550 487 108 68 241
397 68 426 155
189 68 19 85 68 607 158 68 115 479 68 607 158 68 5 189 68 240 643 359 68 241 68 339 551 68 339 551
211 85 623 68 426 86 85 68 359 389 158 299
189 68 241 577 68 397 68 577 68 189 68 417 68 85 241 68 569 68 43 158 68 85
155 68 85 347 339
173 79 222 68 189
503 85 68 189 68 569 68 405 299 70 158
133 68 189 68 158 240 550 158 359 211 359
64 211 258 68 231 240 68 5
607 158 68 211 222 68 321 189 68 85 152 68 389 359
64 211 517
607 68 550 501 68 397 68 43 430 68 354 68 517
82 152 68 331 149
611 152 68 64 211 430
321 68 19 136 158 359 68 564 68 237 108 68 87 108 68 389 339
397 68 607 158 85 68 430 68 64 389 158 118 68 640 68 5
136 158 290 85 359 149
189 68 211 543 68 321 247 68 569 68 19 85 68 64 211 108
607 170 68 417 70 189
607 68 550 501 68 397 68 517 68 611 68 158 68 431 149 611 359
531 149 68 54 86 68 397 68 569 68 158 108 68 158 108
503 189
397 68 397 68 197 85 359
354 551
231
607 50 68 295 149 68 258 149 68 331 149 68 550 430 68 397 68 241
503 85
43 158 68 397 68 397 68 158 359 68 158
194 543
607 50 68 331 149 68 85 241 68 211 149
189 68 97 68 430 68 4 406 155 68 607 158 68 397 68 299
87 359 68 158 108 68 569 68 19 266 158 189
5
607 158 68 87 68 607 158 68 607 158 68 503 158
64 211 258 68 503 339 68 211 68 517 68 517
189 68 87 152 68 331 149 68 531 149 68 237 68 170 299 68 136 479 68 397
607 158 68 197 86 85 68 85 68 87 68 288 68 81 68 201 258 68 397 68 569 68 347 158 118 68 85 359 68 347 158 240
295 149 68 231 85 68 330 359 68 189 85 68 347 158 68 359 68 331 68 70 189
43 158 68 5 189
611 406 108
87 359 68 607 158 68 607 158 406 334 406 211 68 149 68 19 68 607 158 68 339
189 68 550 501 68 607 158 68 258 261 158 68 79 487 359 68 64 211 108
64 211 258 68 599 68 45 158 68 397 68 43 158 68 211
599 389 240 68 211 68 149 389 158 108
607 158 68 607 158 68 417 68 158 152 68 158 108
5 85 68 339 551 68 397 70 158 108
607 158 68 158 189 550 158 68 5
446 405 108
321 68 569 68 64 211 189
87 359 68 153 68 494 68 550 501
569 68 258
611 299
607 158 189
133 68 197 86
189 68 607 158 68 607 158 68 158 405 258 478 68 517 85
19 85 68 189 68 607 158 68 4 68 5 108 68 64 211 430
43 158 68 607 68 607
189 240 211 438 359
527 68 321 240 68 611 85 68 253
189 68 43 158 68 43 158 68 417 68 638
49 68 5 68 258 68 331 149 68 607 158 543 68 611 189 68 406 158 359
5 213 108 68 162
517 85 64 149
70 158 359
87 152 68 640 68 43 155
405 85 68 19 79 158 85 68 189 68 638 68 54 86 68 189 68 54 86 85 359
64 211 258 68 640 68 36 85 68 405 68 149 68 569 68 569 68 430 359
607 158 68 258 517 85 68 397 68 5 68 5
85 347 158
126 68 152 51 86
258 189 68 86 163 68 93 435 152 68 397 68 339 68 79 158 189 68 149 68 64 211 68 64 211 108 68 64 211 108 68 64 211 108
64 550 158 543 68 321 108
64 550 158 449 68 45 240
43 158 68 152 68 295 68 261 86 68 569 68 607 158 68 189 68 569 68 426 86
607 68 550 501 68 607 158 68 240 149 389 282 568 68 253
607 68 550 501 68 397 68 266 158 68 189 68 64 389 158 359 68 640 68 569 68 241 430 199
64 211 258 68 389 430 299 68 397 68 569 68 570 389 158
389 85 258 85 68 611 189
527 68 87 68 158 108 68 158 108
231 51 86 68 36 85 68 405 415
258 247 68 517 68 517 82
607 158 68 197 85
189 68 430 68 430 68 570 389 158 108 68 189 68 189 68 611 51 86
158 64 389 158
19 359 68 87 449
607 158 68 607 158 189 451 68 354
405 189
607 158 68 211 222 222
569 68 347 158 359 68 189 68 638 68 397 68 640 68 446 85
503 85 68 189 68 569 68 211 85 299
19 359 68 430 68 54 86 68 5 68 189
261 86 68 517 149 68 189 68 607 158 68 194 68 517
258 68 237 19 570 211 68 197 86
503 339
527 68 261 86 68 5 68 607 158 68 231 240 68 593 149
607 170 68 397 68 494 68 19 79
231 51 86 68 261 86 68 5 68 607 68 593 89 158 189 68 339
85 241 430 359 68 158 108 68 321 189 68 430
162
347 158
152 51 86
43 158 68 607 68 5 68 397 68 607 158 68 170 299 68 426 339
447 158 240 68 64 51 108
405 68 405 108
19 85 68 158 108 68 430 68 5 189 68 4 93 51 86 68 397
503 85
607 170 68 577
283 68 189 68 97 68 5 68 640
85 241 211
503 189 68 189 68 213 68 93 211 68 253 68 569 85 68 213 194 68 607 170 299
607 158 68 155 194 85 577 68 397 68 4 189 68 430
527 68 607 50 68 593 89 158 68 197 222
283
607 158 68 135
87 359 68 258 68 517 149 68 517 68 640 68 569 68 447 158 108
5
607 68 550 501 68 397 68 347 501 68 607 158 68 240 550 158 240 299 68 359 68 5 68 550 501 68 5 189 68 5 189 68 550 501 68 550 501 68 5 189 68 550 501 68 550 501 68 5 189 68 550 501 68 550 501 68 550 501 68 550 501 68 5 189 68 550 501 68 5 189 68 5 189 68 5 189 68 5 189 68 5 189 68 550 501 68 5 189 68 5 189 68 5 189 68 550 501 68
158 108 611 406 158 68 501 85 406 334 438
607 158 68 405 253 68 5 68 93 435 240 68 283
607 5
321 531 158 438 359
346 85
611 370 68 593 68 405 68 19 152
237 108 68 158 108 68 339 68 550 86 68 5 68 397 68 417 68 241 68 189 426 86
330 359
261 158 108
197 86 149 68 189 68 97 68 85 240 389 349
321 27 68 569 68 79 487 68 211 68 389 158 359 68 189 68 354 85 68 617 68 153 189
253 68 19 68 189 68 389 158 149 68 570 211 68 43 158 68 124
607 170 68 152 51 86
503 85 68 189 68 569 68 64 211 108 68 354 68 642 211
343 543 85 359 389 339
189 68 430 85 611 258 68 569 68 258 85 359
245 258 222 438 359 68 115 479
321 68 189 68 359 68 430 68 162 85
266 569
189 68 405 189 68 405 266 158 149 68 397 68 87 449
222 68 390 68 359
153 108 68 97 68 189 68 390
607 50 68 237 247 68 607 158 68 330 359 68 136 479 68 347 501
261 86 68 189 68 349 68 43 158 68 170 299 68 5 189 68 550 339
321 68 189 68 611 189 149 68 339 68 607 158 68 158 85 152
321 68 189 68 394 68 189 68 211 152
19 85 68 430 68 158 108 68 447 158 108
19 85 68 330 430 85
189 68 43 158 68 170 108 68 189 68 405 149 68 189 68 189 211 543
87 68 124 359
231 240
389 85 359 68 517 85
503 189 68 43 158 68 189 68 417 68 97 68 640
607 158 68 5 189 68 503 158 359 68 85 347 189 68 85 389 570 389 158
189 68 258 405 253
405 487
283 68 136 158 68 158 108 68 607 158 68 81 68 607 158 68 158 68 283
43 158 68 607 68 611 359 389 299 149 68 569 68 85 447 158 290
201 258 189 570 389 339
347 85
389 85 359 68 136 487
241 85 68 93 389 152
261 86 68 517 149 68 189 68 569 68 158 64 211 247 299 68 241
607 158 68 607 158 68 321 240 68 517 68 170 108
283
514
153 108
611 240
397 68 5 258
321 85 68 189 68 347 158 118
4
261 86 68 607 68 189 68 339 68 354
430 299 258 85 68 5 108
651 123 68 189 68 607 86
5 68 331 149 68 607 158 68 158 240 68 4 108 68 607 158 68 607 50
162
495 68 390 68 569 68 158 149
19 359
550 158 240 359
51 570 389 339
189 68 211 339 68 158 152 389 85 359
607 158 68 197 85
64 389 158
405 415 211
87 85 359
64 93 225 68 136 158 240
569 68 136 158 68 359 68 149 211 68 569 68 514 199 68 158 108
189 68 607 158 68 5 108 68 189 68 42 247 68 569 68 158 108
5 108
5 68 331 149 68 149 389 85 359 68 87 68 283 68 201 258 189
569 68 152 68 527 68 43 158 108
64 211 258 68 640 68 36 85 68 405 68 189 68 19 68 321 247 85 68 5 189 68 136 479
87 359 68 295 108 68 330 258 85 299 68 370 68 389 158 543 211
346 211 359 68 517
201 258 390
82 152 68 237 108 68 241 68 43 158 199
5 189 643 85 359
607 158 68 64 149
158 334 68 189 68 231 240 68 593 149
162
43 158 68 5 189
222 476 68 550 158 543 68 158 108 68 607 158 68 170 299 68 617 149 68 517
189 68 651 123 68 189 68 189 426 152
79 430 199
607 68 569 68 517 85
261 86 68 517 68 607 50 68 189 68 507 258 68 189 68 607 155 68 607 155
5 85
258 108
189 531 430 359
527 68 189 68 189 68 85 347 158 68 607 158 68 258 85 299 68 295 149 68 569 68 64 51 86 108 68 569 68 569 68 569 68 64 51 86 108 68 569 68 569 68 85 359
59 67 266 158 299
349 27
611 152
79 359 389 339 68 642 211
299
517 68 189 68 607
51 570 68 87 152 211
153 68 170 299 68 19 68 87 449 68 607 158 68 503 158 68 607 158 68 54 86
189 68 430 68 158 543 85 359 70 189
237 19 68 607 158 68 5 189 68 611 189 438
527
43 158 389 199
261 158 68 170 152
607 50 68 431 68 517 359 68 85 136 155 108 68 517 258 149
19 85 68 189 68 124 68 640 68 642 68 642 211 68 19 68 266 158 68 162
87 359 68 527 68 36 85 68 607 158 258 551
261 158 85
158 334 68 189 68 231 240 68 593 149
607 158 68 607 68 5 68 76 85 359 68 449
155 389 85 359 51 487 359
64 389 479 68 241
189 68 569 68 405 68 531 85 359 68 447 158 68 189 68 321 240 68 241 68 85
211 607 158 68 640 68 569 68 64 211
405 68 611 189 68 136 479
85 241 430 68 5
258 211 643
189 68 79 158 299 389 158 118 68 189 68 194 543 68 189 68 97
321 290
527 68 261 86 68 5 68 607 158 68 231 240 68 593 149
85 70 158 359
261 86 68 517 149 68 607 50 68 237 4 68 241 68 446 68 70 158
194 543
189 68 170 299 68 85 155 211 108 68 517 68 564
5 68 331 149 68 607 158 68 158 152 68 5 189 68 36 85
170 108 438 359
189 68 158 247 543 68 19 68 5 68 447 158 108 68 640 68 241 68 5 189 68 347 158
607 50 449 290 85 68 430 68 197 640
158 158 108 389 607
607 68 550 501 68 397 68 266 158 68 370 68 253 68 359 258 68 79 430
638 68 397 68 189 68 189 458 68 397 68 397 68 405 68 241 68 569 68 290 85 359
222 85
4 258 449
4 189 43 479
405 240
577 68 321 240
283 68 189 550 570 68 189 68 359 68 397
189 266 158 68 43 158 68 397 68 446 68 85 347 158 118
569 68 430 149 517 68 189 68 472 359
153 189 108 68 45 487
189 68 651 123 108 68 607 170 68 607 170 211 68 611 189 68 611 189 68 359 68 85 299
607 158 68 241 158 68 642 68 36 85
405 199 347 158 118
283 68 347 158 68 5 68 331 149 68 43 487
607 68 550 501 68 397 68 501 85 517 82 68 642 68 170 108 68 170 149 68 5 68 550 487 108
5 189 68 136 479 68 5 68 550 430 359 68 389 339
79 430 68 354 68 417 68 651 123 108
321 241 85 359 389 158 359
170 108 68 643 359 68 189 85 299
258 266 158 359 68 331 108 68 330 149 258
43 158 68 152 68 431 68 370 68 607 158 68 389 339 68 389 158 108 68 5 108
87 359 68 5 189 68 390 68 97 68 397
189 68 237 19 68 211 543 68 237 108 68 607 158 68 389 158 68 135 68 617 68 617 149 68 397 68 339 68 339 68 339 68 550 501 68 550 339 68 339 68 339 68 339 68 339 68 339 68 339 68 339 68 569 68 569 68 569 68 550 158 85 68 170 149 68 550 158 85 68 170 108 68 170 211 170 211 85 68 170 389 158 240 51 86 543 68 550 158 240 550 158 240 550 86 85 68 550 158
607 158 68 197 108 85
189 68 170 299 68 124 68 87 68 503 339
550 430 359 68 158 108 68 79 430 108 68 4 258
517 85 162 85 222 476
359 503 189 359 68 501 85
607 158 68 405 108 258 240 299 389 158 199 68 245 449 68 617
607 68 550 501 68 607 158 68 430 68 43 158 189
389 85 359 389 158 299 68 189 68 189 241 158 118
189 68 19 85 68 197 86 70 189 68 162 85 68 531 158 108 68 36 85
85 241 211
503 189 68 607 68 189 68 81 68 397 68 85 359 389 339
237 405 68 405 189 68 611 189 68 245 299
87 68 81 68 507 258 85
86 163 68 81 68 189 68 5 68 19 85 68 153 189 68 149 458 85
189 68 651 123
261 158 359 68 149
136 479 389 479
261 86 68 124 68 197 86 68 189 68 397 68 405
503 85 68 517 68 607 158 68 347 501 68 607 158 68 158 108 68 397 68 531 158 108 68 569 68 397 68 569 68 569 68 85 359
501 85 359
503 339
189 68 607 158 68 397 68 550 501 68 607 158 68 607 158 68 189 64 550 158 68 346 211
283
276 85 68 81 68 517 85
321 189
19 359 68 5 85
189 68 550 158 85 68 222 476 68 430 68 261 86 85 68 405 241 68 54 86 68 397 68 405 68 405 68 397
158 152 331 359
222 258 359 68 97
253 68 569 68 4 85 222 68 189 211 611 189 149 68 569 68 640 68 253 359
611 514 85 359 70 158 359 68 638 68 321 189 68 359 389 158 359 68 43 158 68 241
197 86 85 359 68 359 68 87 449
321 68 189 68 607 170 299
189 68 430 68 550 86 68 133 85 359
43 158 68 152 68 577 68 577 68 651 123 359
189 68 5 68 5 68 405 359
85 4 438 551 241 359
115 479 108
527 68 153 68 153 108 68 237 108 68 158 108
64 211 258 68 136 158 85 68 405 189 68 569 68 430 68 430 299 68 93 211 189
158 108 68 19 85 68 607 158 68 36 85 68 19 85 68 64 51 570 68 640 68 569 68 241
258 247 68 4 68 64
389 339 68 405 108 68 405
158 189 149 207
4 240 85
189 68 607 158 68 607 158 68 64 211 108 68 347 158 85
4
503 85
189 68 651 123 68 426 569 505 68 607 50
447 158 240 68 64 51 108
503 85
531 430 359
189 93 225 68 331
258 68 5 68 389 339
189 68 211 543 211 543 68 607 158 68 430 199
189 389 85 299 389 158 118 68 346
189 68 607 158 68 607 158 68 213 389 430 551
76 85 359 68 640 68 155
430 4 152
503 85 68 517 68 189 68 417 68 607 158 68 346 211 68 517 85
290 85 68 611 118
189 68 390 68 240 51 85 359 68 640 68 569 68 283 68 531 158 149 68 189
43 86 163 68 607 50 68 390 68 390 569
607 50 68 237 158 299 68 397 68 54 86 68 241 68 79 155
5 189 108
237 108 68 36 85 152 68 189 68 81 68 54 86
79 359 68 97 68 397
54 86 68 397 68 607 158 68 447 189
642 211 68 115 479 68 261 86 68 261 158 68 607 158 68 81 68 64 550 149
569 68 347 158 359 68 189 68 213 51 152
389 158 517 68 397 68 5 68 331 149 68 5 68 607 158 68 430 68 5 189
59 430 149
495
158 108 68 569 68 617 68 339 68 87 152
607 50 68 237 247 68 19 68 211 607 155
189 68 204 543 68 397 68 170 152
607 158 68 189 68 607 158 68 417 68 640 68 430 149 68 149
87 108 68 189 68 569 68 170 108 68 124
189 68 321 240 68 5 189
321 569 108 68 638 149 258
194 543 68 158 68 607 158 68 64 550 501 68 397 68 241 430 68 79 430
241 85 359
153 68 158 449 68 607 158 68 81 68 330 68 189 426 86 68 245 449 68 607 158 68 569 68 607 158 68 19 108
503 85
201 158 158 199 85 347 158 189
253 68 517 68 231 51 487 68 577 68 607 158 68 170 299 68 569 68 569 68 569 68 611 85
162 85
607 479 149 211 474
611 189
426 86
346
158 108 149 51 86 68 258 543 68 4
189 68 577 68 430 299 570 389 570 389 430 68 607 158 118 68 331 68 43 158 68 331 149 68 503 158 68 503 158
189 68 389 158 543 68 607 158 68 405 189 108 68 261 86 68 189 426 487
54 86 68 189 550 339
222 476
241 359
87 359 68 331 487 68 640 68 85 68 593 89 158 68 359 68 170 299
49 68 5 68 501 85 158 189 68 237 108 68 19 85
5 68 331 149 68 607 158 68 569 68 5 108 68 253 68 201 258 85 359 68 397 68 354 68 607 339
54 86 68 321 68 569 68 577 68 189 68 507 211 108
503 339
43 158 68 607 68 19 68 607 158 68 170 108 68 85 68 446 82
43 158 68 607 68 201 108
189 68 426 86 85 68 593 89 158 108
189 68 550 158 543 68 189 68 607 170 68 405 68 85 68 79 158 85
321 189 68 241 359
389 85 359 68 517 85
525
43 158 68 93 550 339 68 189 68 201 258 68 189 570 389 570
253 68 5 68 136 339
45 68 430 68 349 211 68 261 86 68 261 86 68 85 68 569 68 64 211 108
70 158 359
237 569 68 81 68 397 68 607 50 68 5 68 550 339 551 68 196
87 359 68 347 158 68 5 68 569 68 447 158 108 68 189 68 213 458 68 550 501 68 170 108 68 170 108
79 158 149
170 570
517 85
593 163 68 430 359
42 189
19 85 68 390 68 607 68 321 189 68 266 158 68 569 68 158 189 68 153 189
79 258 189
43 155 68 593 149 68 258 68 569 68 397 68 266 158 68 405 68 405 68 607 155
189 68 607 158 85 152 68 607 158 189 451 68 569 68 5 189
170 299 149 68 339 68 158 108 68 447 158 118 241
70 189 68 599 68 158
231 51 86 68 189 68 550 501 68 397 68 640 68 4 152 68 397 68 5
331 149
405 85 68 54 86
87 359 68 189 68 331 108 68 93 211 68 240 643 406 155
321 68 189 68 607 158 68 569 68 607 170
43 158 68 607 68 577 68 607 158 68 517 68 87 449
611 155 458
170 405 607 50
261 86 68 124 68 165 68 569 68 640 19 85 68 405 108 68 405 68 593 607 158 85
19 108 68 430 68 607 158 68 231 240 68 607 68 334 68 611 152 68 607 158 68 5 68 5 68 640 68 5 189
405 189 211 471 68 79 487 199
189 68 577 68 189 108 68 607 158 68 430 93 435 85
593 163 68 51 570 211 68 607 158 68 331 108 68 36 85 68 607 68 397 68 405 68 405 68 405 68 405 68 405 68 405
503 85 68 607 68 189 68 406 501 68 189
5 68 331 149 68 85 68 237 108 68 607 158 68 253 68 283 68 149 68 240 643 85 68 240 389 158 85 359
158 108 68 237 149 68 170 449 68 197 86 266 50
261 86 68 124 68 607 158 68 237 149 68 607 158 68 569 68 258 68 79 222
170 299 68 397 68 258
231 51 86 68 87 68 43 158 68 43 158 68 189 68 640 68 85 379
43 158 68 211 68 569 68 170 487
447 430
241 68 261 158 68 607 158 68 5 189 68 550 487 149 68 237 68 241 68 19 85 68 64 211 108 68 64 211 108 68 64 211 108
607 158 68 607 68 5 68 76 85 359 68 449
607 68 550 501 68 397 68 43 158 68 611 570 68 430 68 397
87 85
261 86 68 51 570 68 5 68 569 68 4 108 68 290 85 359 68 430 299
538 158 189 68 266 158 68 405 68 359
531 359
397 68 569 68 135 68 607 569 68 64 211 68 64 211 68 261 86 68 43 158 68 283 68 189
189 68 158 68 331 68 417 334 222 85 68 79 359
85 93
330 64 211
321 27
43 158 68 607 68 258 68 189 543 85 347 158 359
261 86 68 124 68 5 68 97 68 222 476 68 162 68 241
550 158 85 359
189 68 607 170 299
85 447 189 458
527 68 87 68 283 68 189 68 97
261 85 359
237 149 68 43 158 68 321 247 68 607 158 68 607 158 68 70 158 68 253 68 189 68 64 211 68 79 158 85
607 68 607 158 68 158 359 389 339
189 68 258 108 68 446 82 68 607 158 68 170 299 68 158 359 68 550 339 68 189 108
87 68 189 570 389 339
189 68 133
405 415
189 68 648 240 68 321 189 550 158 199
283 68 347 158 68 5 68 237 247 68 607 170 108
343 543 85 162
261 86 68 517 449
189 68 430 253
258 108 68 54 86 68 607 158 68 607 158
607 158 68 607 158 68 321 240 347 158 118 68 4 189 85
231 240
527 68 607 158 68 201 258 68 389 339
189 68 158 199 68 87 68 503 339
607 158 68 189 149
19 85 359
5 68 430 68 158 108 68 158 108 68 517
525 503 158
158 240 299 108 68 607 158 68 87 152
607 158 68 19 85 68 642 149 550 487 149
189 68 258 247 68 405 299 85 68 19 68 189 68 397 68 124
36 85 211
527 68 359 68 85 347 501 68 321
503 85 68 158 108 68 237 108 68 629 68 397 68 339 68 64 51 86 85 68 64 211 108
406 85 359 389 158 85
258 108 68 237 149 68 43 158 68 85 359 68 189 68 397 68 189 68 354 68 79 359
261 86 68 189 68 550 501 68 397 68 517 68 81 68 189
405 240 430 241 430 359
607 158 85 359 68 70 158
133 569 68 474 68 611 359
126 68 189 68 394 68 426 158 85 68 158 240 359 68 339 68 339 68 550 501 68 43 158 68 389 158 189
241 108
503 189
19 85 68 158 189 149 389 430 359
211 258
133 68 170 68 283 68 339 68 158
611 86 68 189 68 162 68 607 158 68 266 158 189
607 158 68 330
19 152
503 339
189 68 517 299 68 258 189 68 158 155 458
237 68 211 607 50 68 397 68 426 569 68 651
527 68 237 149 68 43 158 68 550 501 68 339 68 339 68 569 68 241 68 79 158 290 85 359
472 389 158 189 68 241 68 64
550 339
87 359 68 330 68 158 108 68 158 108 68 331 149
237 149 68 417 68 569 68 64 211
51 152 68 5 68 93 211 240 359
86 163 68 93 51 152 68 5 68 5 108
397 68 213 194
189 68 5 189 68 158 189 68 397 68 222 476 68 331 149 68 607 158 68 331
258 85 347 430
607 68 550 501 68 607 158 68 19 68 642 68 642 211 68 64 211
87 359 68 158 108 68 569 68 397 70 158 108 68 339 551 68 136 479 68 189 68 189 68 507 299
253 299 68 426 86 4 240
607 158 118 68 5 189 68 42 247
607 50 68 331 149 68 5 189 68 189 68 577 68 517 68 640 68 640 68 569
611 370 68 593 89 68 570 225 68 638 211 68 4 149
283 68 189 68 569 68 638 68 241 68 64 211 108 68 607 339
642 211
87 68 5 68 331 149 68 607 158 68 617 68 397 68 370 68 43 158 68 331
321 68 19 152 68 152 68 593
51 86 68 87 108 68 394 68 19 85 68 640
397 68 347 501 68 359
258 155 68 258 247 85 68 5 189 68 390
43 158 68 507 231 240 68 430 68 158 108 68 149 152 68 607 158 68 550 158 68 569 68 85
43 158 68 607 68 577 68 607 158 68 79 155 68 430 68 430 199
258 222 240
42 155 108 258 68 45 108 68 330 19 68 359 258 474
569 68 79 487 149 68 97 68 64 550 86 68 189 68 503 189 68 397 68 501 85 299
4 85
651 123 68 569 68 417 68 651 123 68 189
189 240 211 438 359
607 68 550 501 68 397 68 330 359 68 158 108 68 517 85
258 68 390 68 390
577
126 68 331 149 68 158 108 68 607 158 68 607 158
54 86 68 85 347 158 359 68 607 158 68 607 158
43 430
189 68 447 158 543 68 189 149 389 430 359
43 158 389 199 68 642 211
261 86 68 517 149 68 390 68 569 68 4 108 68 241 68 85 406 334
527 68 405 68 405 149 68 569 68 331 487 359
261 86 68 158 189 68 93 211 258 430
189 68 5 108 68 607 50 68 640 68 197 86 68 231 51 86
390 569 149 51 86
211 68 611 152
569 68 241 68 430 68 189 570 389 570
346 211 359 68 517
5 68 607 68 211 199 68 283 68 85 347 189 68 397 68 397
231 247 85
607 158 85 68 569 108 68 197 86 359
87 359 68 607 50 68 331 149 68 354 68 158 108 68 295 85 359 68 19 570 389 339
426 158 68 5 68 321 189 68 19 85 152
258 222 240
79 155 108
189 68 426 86 85 68 64 211 108 68 4 258 68 397 68 569 85 359
213 194
189 68 430 397 85 359 51 570
593 85 68 330 68 617 68 54 86 68 339 68 19
5 211 85
447 158 438
211 607 158 189 570
64 51 487 68 397 68 607 155 68 405 68 231 240
189 68 158 543 51 86 68 153 108 68 153 189
527 68 87 68 5
593 163 68 347 501 68 189
189 68 651 123 108 68 197 86 68 607 68 189 211 85 299 4 85
607 158 68 370
189 68 607 158 68 390 569 85 152 550
189 68 158 247 359 68 405 189 68 64 389 158 85 68 607 170 108 68 189 68 211 199
517 82 152
397 68 45 108
503 85
607 50 68 237 4 108 68 640 68 189 550 487 359 68 207 68 158 108 68 564
5 85 68 321 240
389 158 299 70 189
654
607 158 68 5 149 577 68 607 158 68 638 68 607 170
189 68 170 643 85
607 170 299
189 68 197 158 359 389 339 68 170 108 68 170 108 68 331 149
607 50 68 431 68 501 85 406 158 199 68 640 68 447 158 543 68 85 299 149
43 158 189 211 643
43 158 68 607 158 68 81 68 607 158 68 405
189 68 211 240 68 5 68 152 68 607 68 569 68 517 85
607 158 68 258 108 68 617 149 68 550 501 68 189 68 97 68 97
170 108 68 570 211 543 211 108
607 68 550 501 68 397 68 347 501 68 607 158 68 4 189 426 86 85 68 64 211 108 68 397 68 397
149 258 68 133 222
503 189
189 68 170 299 68 397 68 211 108 68 19 68 70 158 68 201 258 189 108
189 266 158 118 68 5
607 68 550 501 68 197 86 68 189 68 189 241 211 199 68 158 543 68 397 68 569 68 346 211
51 487 359
330 290 85 438
503 85
607 158 68 494 68 189 570 389 158 108 68 79 430 68 261 158 189 68 158 199
447 158 543 68 384 108
189 68 86 152 68 397 68 501 85 517 82 68 359 68 85 36 211 68 170 108 68 5 68 550 487 108
569 68 389 158 199 162 85 68 189 68 189 68 70 158 359
426 86
531 430 68 258 85
261 86 68 517 149 68 501 85 447 189 108 68 5 68 237 68 81
258 247 299
189 68 87 430 68 85 93 211 68 64 211 108
43 158 389 570 389 339 68 64 211 108
651 123 68 158 108 68 240 643 359 68 241 68 237 108
5 68 81 68 397 68 405 68 261 86 79 359 438 359
49 68 5 68 501 85 158 189 68 237 108 68 19 85
189 68 494 68 550 501 68 607 158 68 607 158 68 607 155
503 189 68 527 68 36 108 68 79 155 68 607 158 68 397 68 640 68 339
237 108 68 607 158 68 607 158 240 68 517 68 607 158 68 607 158 68 201 108 68 569 68 359 51 86
569 68 389 158 68 189 68 417
97 68 222 476 68 158 543 68 85 347 158 68 189 68 543 389 158 118 108
607 50 68 237 108 68 79 158 68 153 189 68 261 86 68 189 149 458 85
87 359 68 527 68 331 108 68 64 389 158 359 68 149 211 108
607 158 68 87 68 430
607 50 68 152 51 86 68 397 68 5 189 68 258 415
258 189
189 68 170 299 68 397 68 70 339
607 158 68 197 108 85 152 68 189 68 359 68 642 68 330 68 330 152
5 68 430 68 607 158 68 5 189 68 4 240 68 240 211 68 389 158 68 189 68 70 158
189 68 19 359 68 85 347 158 359
59 67 266 158 299 70 189 68 189 290 85 359
189 68 426 158 108
87 359 68 189 68 593 89 158 68 19 68 607 158 68 321 68 640 68 569 68 64 211
430 74
611 258 85
503 85 68 189 68 569 68 213 211 152 68 136 479 68 136 155
51 86 108 68 85 447 158 438
527
189 68 607 68 189 68 569 68 321 27 68 5 189 85 299
197 86 68 643 68 550 501 68 430 299 258 68 79 155 108
397 607 158 85
87 68 607 170 68 81 68 5 108 68 253 68 189 68 331 149 68 43 158 68 331 149
426 158 85
607 68 550 501 68 607 158 68 607 158 189 149 517
126 68 331 149 68 258 68 607 158 68 607 158 189
211 570
87 85 211 607
495
189 68 241 68 189
503 85 68 158 108 68 569 68 517 85 611 118
189 68 85 405 108
607 68 550 501 68 397 68 347 501 68 607 158 68 330 543 258 189
115 479 68 189 68 607 158 68 550 149 68 564 222 85 68 19 85
321 85 68 136 158 108
19 489 68 607 155 68 85 347 158 359 68 531 149 68 266 158 68 446 68 64 211 108 68 569 68 64 211 108
447 158 85 359
43 155 68 237 108 68 330 211 68 5 189 68 405 68 531 158 118 108
64 51 86 68 5
189 68 607 158 68 607 158 68 389 158 359 211 85
189 68 651 123 68 430 68 64 211 108
5 108
321 247 85
155 211 123 449
87 359 68 607 50 68 593 89 487 68 170 152
651 123
49 68 607 50 68 189 149 68 405 68 149 389 339 68 211 68 153 189
5 68 331 149 68 158 349 85 68 330 570 389 339
189 68 430 149 68 339 68 430 68 43 158 68 397 68 359
115 479 68 237 149 389 199 68 531 85 359
76 85 359
197 85 152
85 611 86
64 211 258 68 611 85 68 241 108 68 158 108
158 240 299 108 68 607 158 189
611 370 68 593 89 158 68 85 359 68 651 123
153 108 68 97 68 189 68 390
569 68 158 158 359 68 189 68 149 389 237 85 611 152
503 158 359
503 85 68 158 108 68 237 149 68 629
283 68 640 68 19 85 299 211 359
197 86 85
569 68 607 158 68 339 68 189 426 86 68 397 68 19
194 543 68 5 68 241 85 68 5 155 108 68 640 68 54 654
149 389 85 359 211 189
569 68 189 643 68 321 27 68 5 68 152 389 85 359 68 430 68 158 108 68 430 68 430
231 85 68 189 68 201 258 85 299 149 68 517 85
543 389 339 68 237 108 68 189 68 640 68 189 426 339 68 158 108 68 70 189 68 569 68 85 299
389 85 359 68 258 82 85
527 68 153 68 231 240 68 64 389 158 85 68 607 68 283 68 45 108 68 240 643 85 68 64 211 108
503 85 68 607 50 68 593 149 68 290 85 68 431 108 68 245 449
85 241 68 552 85 68 397 68 359 68 607 68 70 189 68 642 211 199
64 211 258 68 617 68 569 68 331 149 68 64 51 487 359
4 108 68 642 68 64 68 64 389 479
197 158 359 389 339 68 211 390 68 389 430
607 170 68 85 149
5 108
222 476
607 170 68 136 155 68 158 155
189 266 158 68 43 158 68 241 108 68 93 211 68 550 158 85
651 85
405 189 635 189 68 261 487 149
638
231 240
4 189 68 577
189 68 607 170 68 152 51 86 68 261 86 68 397 68 85 4 189
149 359 68 126
330 389 158 199
417
153 68 85 152 68 4 258 189 643 199 68 45 211 68 79 158 199 68 339 68 430
503 85 68 197 86 149 68 189 68 330 359 68 85 359 68 19 85
550 430 359 68 607 158 85
321 68 43 158 68 87 449 68 430 68 253 68 415 211 85 359
162 68 640
346 211 149
231 51 86
261 86 68 124
189 68 550 501 68 321 247
503 85
261 86 68 517 68 607 68 189 68 321 86 68 593 149
43 158 389 199
607 50 68 237 247 68 81 85 359 68 19 85 68 517 258
85 447 158 543 149 68 189 458 299 211
261 86 68 517 149 68 189 68 569 68 643 359
54 430 68 189 458
49 68 331 149 389 199
136 158 290 85
607 158 68 607 158 85 68 211 617
158 4 85 222
283
189 68 43 155 194 68 331 149 68 430 68 638 68 430 68 253 68 241
189 68 607 158 68 197 86 68 330 211 222 68 564 68 87 68 81 68 569 68 430
5 68 331 149 68 133 68 607 158 68 51 85 359 68 19 85 68 501 85 68 158 334 222 149
87 108 68 211 222 68 261 85 149 68 85 152 68 64 211 430
197 85 152
64 211 258 189 68 5 189 68 339 68 501 85 347 158 623
64 389 479
611 86 68 593 149 68 330 359 68 569 68 158 189 68 158 189 68 241 359
261 86 68 517 149 68 390 68 569 68 4 85
43 158 68 607 68 577 68 569 68 258 108 68 89 487 68 149 68 543 211 108
5 68 517 68 430 68 162 85 68 607 170 68 607 68 415 211 68 283
115 479
321 247 85 68 19 85
4 64 68 87 68 170 108 68 241 68 158 108
495 68 607 68 189 68 611 222 68 189 68 569 68 430 68 430 68 64 211 108 68 569 68 569 68 569 68 503 158 359
189 68 390 68 240 51 85 359 68 640 68 569 68 283 68 531 158 149 68 189
430 359 68 607 158 68 389 339 68 347 158 108 68 607 158 68 5 189 68 19 85
189 68 426 158 108 68 5 155 108 68 79 430 68 446 68 43 158 68 43 158 68 85 68 241 68 5 189 68 42 247 85 68 170 108 68 170 108 68 170 108 68 149 68 149 68 430 68 5 189 211 199
331 149 68 397
201 240 149
189 68 211 607 50 68 638 108 68 246 68 197 86 405 237 405
189 68 607 170 68 577 68 189 68 97
611 514 85 359 70 158 359 68 189 68 189 68 201 108 68 330 68 231 240 68 85 68 89 487
569 68 447 158 108 68 158 108 68 241 152
261 86 68 517 149 68 189 68 569 68 642 211
607 68 550 501 68 397 68 321 290 68 158 68 517 85 149 68 136 479 68 611 189
261 86 68 158 108 68 237 370 68 5 189
607 158 68 189 149
389 189
19 222 68 158 517 194 68 607 158 68 339 68 5 189 68 237
389 349 531 149
527 68 405 68 405 149 68 569 68 331 487 359
607 170 68 494
607 50 68 331 149 68 43 158 68 153 108 68 241 359
43 158 68 152
189 68 607 158 68 607 158 68 406 158 406 299 68 397 68 569 68 87 449
501 85 43 258 68 5 68 503 158 108 68 607 158 68 189
43 158 68 189 68 417 68 642 68 162 85 68 607 158 68 570 211 68 43 158 68 607 479
261 86 68 124 68 158 108 68 87 68 253 68 359 68 339 68 19 85 68 189 241 85 359
54 86 68 397 68 543 211 108 68 19 85
211 5 189 68 136 479 108
607 158 68 447 158 551 68 189 68 331 68 93 225
552 85 149 550 158 93 211 108
197 86
642 149 51 85 359 68 64 211 430
189 68 651 123 108 68 85 68 241 68 170 108 68 36 85 68 211 68 211 199 68 389 339 68
189 68 430 149 258 390 85
87 359
79 155 359
607 158 68 494 68 189 570 389 158 108 68 607 158 68 321 240
426 85 359
170 299 51 86
153 68 85 347 158 108 68 397 68 501 85 19 93 211 258 68 430 68 5
189 85 299 149
237 68 43 158 68 611 68 438 68 607 158 68 321 189 68 569 68 85 359 68 359 503 158 68 359
158 108 68 237 19 68 211 543 68 607 158 68 550 158 334 68 430 68 569 68 165 68 165
417
59 85 379 211
397 68 258 222 152 68 64 211 430
261 405
503 85 68 189 68 569 68 258 543 68 19 331 487 359
405 108 68 170 68 170 68 607 158 68 283
283 68 347 158
189 68 43 158 68 153 108 68 19 85 68 64 211 430 68 240 643 85 68 149
503 189 68 607 158 68 503 108 68 5 68 87 68 87 359
87 68 81 68 397 68 430 397 68 569 68 213 211 199
87 359 68 258 347 189
397 70 158 108
321 68 295 108 68 607 158 68 629 334 222
397 68 640 68 5 108
517 85 299 68 517 85
43 158 68 152 68 370 68 43 158 68 321 247 68 170 68 87 449
447 189
64 211 258 68 359 68 640 68 153 108
19 85 68 253 68 321 247 68 569 68 158 155
426 189
430 85 359
87 359 68 607 50 68 593 152 68 397 68 638 68 5 189 68 339 68 569 68 64 211 241
189 68 237 108 68 503 158 68 231 240 68 607 155 68 5 68 5
4 85
577 68 321 240
503 85 68 189 68 501 85 347 158 359 68 543 211 68 321 189
642 149 51 86 68 85 359
607 68 550 501 68 397 68 517 68 82 152
611 370 68 593 149 68 405 240 68 64 389 158 149 68 189 68 246
170 570
283 68 158 266 158 149 68 397 70 158 108
189 68 607 158 68 135 68 617 68 201 85
642 211 359 389 158 359 68 43 158 68 245 258
136 158 85
87 359 68 158 108 68 5 68 321 290 85 359 70 189 68 79 158 118 68 241 359
607 158 68 258 299 563 189 68 339 68 607 158 68 231 240
501 85 43 258 68 276
189 68 19 85 68 607 158 68 211 222 240 68 447 189
241 359
607 50 68 331 149 68 354 68 135 68 577 68 189 68 501 85 299 258 68 258 551
4 64 359
189 68 607 158 68 607 158 68 189 426 501
211 199 68 231 51 86
189 68 607 170 68 81 68 607 158 68 240 550 430 68 189 68 240 550 158 240 359
170 51 86
503 85 68 158 108 68 569 68 258 611 258
86 163 68 258 149 68 607 158 68 211 211 211 222 85 68 517 118 68 43 487 359
85 299 570 93 51 86 68 79 487
321 85 68 5
211 543
607 68 569 68 158 68 5 68 642 86
266 569 85
189 68 170 299 68 577 68 339 68 607 158 68 570 211 68 517 479 240
607 50 68 237 247 68 430 68 253 68 283 68 51 86 108 68 153 189
5 68 331 149 68 607 158 68 607 158 68 390 85 68 245 258
149 359 68 599
607 158 68 240 389 570 389 339
447 158 543 68 330 68 189 643 85
283 68 347 158
43 158 68 417 68 19 85 68 638 68 43 158 68 19
261 158 240 68 211 68 152 68 158 108
85 152
564 68 158 108 68 158 108 68 359 68 43 158 68 93 225
607 158 189
531 299 211 158 68 330 68 85 347 158 118 108
43 158 68 607 158 68 607 158 68 607 158 68 447 158 108
5 68 136 479 68 261 149
531 430 359 68 85 406 158 359
5 68 331 149 68 607 158 68 158 152 68 43 158 68 406 158 543 258 68 430 299 70 158
189 68 405 189 643 359 68 339
517 85 64 149
189 68 54 86 68 359 570 389 158 68 405 68 405
5 240 68 640 68 397
149 550 158 543
607 158 68 494 68 189 570 389 158 108 68 4 240 19 290
501 85 43 258 68 276 68 64 211 68 79 158 149 68 241 68 569 68 222 476
189 68 607 158 68 607 158 68 85 152 194 68 321 27
189 68 211 607 50 68 611 189 68 211 68 93 435 334 359
607 158 68 577 359 389 339 68 321 240 68 153 108
54 86 68 397 415
79 152
607 158 68 64 211 108 68 430 68 194
162 85
258 266 158 359 68 607 158 68 211 85 359 68 638 68 258 240 299 68 189 149 51 86
569 68 321 247 430
158 68 527 68 607 158 68 331 149 68 607 158 68 19 489
501 85 517 82 68 54 86 68 593 89 158 108 68 64 211
283 68 189 68 651
479 406 158 299 68 85 68 330 359
517 331 359
43 158 68 189 68 85 359 68 527 68 79 68 241 68 288
237 108 68 43 158 68 543 149 68 405 189 68 170 299 68 170 299 149 68 158 108
611 51 85 359 136 158 222 149 68 638 68 237 108 68 19 85
59 155 359
87 359 68 5 85 68 189 68 397 68 415 211 68 389 85 68 517 85 299 68 5 189
64 550 158 85 68 79 158 108
321 240 68 611 258 108 68 135 68 405 68 19 108
79 569
503 189 68 253 68 189 68 531 199
261 86 68 607 68 189 68 607 155 152
19 152 68 237 149 68 189 68 158 290 85 359 68 189 406 158 359
607 158 189 643 359
607 158 68 197 85 68 85 152 68 354 68 607 170 68 19 68 607 158 68 430
87 64 211 68 87 68 196 68 158 108 68 617 149 68 241 68 241 85
447 430
651 123 108 68 189 68 201 258 68 201 240
43 258 299 258 68 42 247 85 299 68 241 68 158 108
4 240 85
4 108 68 59 295 499
43 158 68 194 68 189 68 158 152 68 158 108 68 330 543 389 158 189 68 241 68 569 68 550 339 68 339 68 339 68 501 85 359 211 199
5 108 68 201 258 68 93
237 108 68 4 258 79 551 68 64 211 430
86 163 68 550 501 68 397 68 5 68 339 68 158 240 68 5 189 68 241 68 5 189
405 240
607 155 85 152
189 68 170 299 68 397 68 330 85 359 68 339 68 19 79 359
397 68 640 68 5 108
426 85 359
59 19 149 550 158 359 68 211 543 108
197 158 68 640 68 607 170
577 68 43 487 108 68 397 68 19 85 68 237 108 68 36 149 68 397 68 241 359 68 354 68 241 359
43 158 68 86 68 87 68 81 68 370 68 5 108 68 430 68 430 68 569 68 43 158 68 397 68 397 68 569 68 569 68 611 51 86
593 163 68 197 158 108
525
136 479 68 189
503 85 68 189 68 569 68 359 70 430 551 68 189 241 222 68 158 189 68 611 189 85 359
87 68 51 86 108 68 5 189 68 503 158 68 87 543 68 42 247
189 68 211 607 50 68 430 68 36 149 68 43 158 68 283
64 389 85 68 153 108 68 640
81 68 237 19 108 68 153 68 189 68 651 123 68 430 68 258
211 240 68 430 359
222 476
283 68 19 158 359 68 430 68 189 43 158 213 211 543
189 68 124 68 334 149 68 430 68 189 68 607 158 68 607 158 68 479 68 607 170 299
43 158 68 152 68 93 211 68 607 158 68 81 68 19 68 189 68 64 550 501 68 397 68 162 85 68 397
321 290
189 68 607 158 68 81 359 347 158 118 68 405
611 514 85 359 70 158 359 68 189 426 487 108 68 295 85 68 629 68 397 68 397 68 19 85 68 19 85
607 299 85 347 158 118 68 5 189 68 390 85 68 389 430 189 550 487 299
517
43 158 68 152 68 331 149 68 189 426 158 68 339 68 331 149 68 406 501 85
189 389 85 299 389 158 118 68 607 158 189 211
258 108 68 577 68 189 68 189
607 68 194 543 68 397 68 266 158 68 189 68 97 68 97 68 640
607 158 68 4 108 68 64 211 430
607 158 68 577 68 5 68 569 68 19 85 68 19 359
189 68 405 189 68 54 86 68 397 68 347 501 68 397 68 397 68 593 89 158 85
76 85 359
503 339 68 503 158 68 211 607 50 68 43 158 68 5 189
5 68 607 68 607 50 68 397 68 4 85 68 607 50 68 397 68 5 189 68 204 543 389 158 543
189 68 258 85 68 5 189 211 85
43 85
569 68 531 299 211 222 68 330 359 258 85 359 68 158 108 68 430 68 569 68 253 359 70 158 359 68 189 68 397
189 68 211 607 50 68 640 68 158 108 68 607 158 68 405 64 389 158 118
321 152
599
611 118 108 359 70 189
651 123 68 517 68 406 158 359 68 231 85 68 359
54 86 68 405 68 405 68 607 158 68 607 158 68 607 479 68 607 158 85
321 189 68 135 389 158 189
503 85 68 158 108 68 237 149 68 629 68 397 68 426 339
85 447 479
405 68 70 158 359
517 359
54 86
607 479 68 155 68 194 543
283 68 87 68 569 68 321 189 570 389 158 108 68 447 189
189 68 550 501 68 97 68 189 68 211 85 68 607 158 68 607 158 68 607 158 68 397
607 158 334 85 390 85
189 68 394 68 550 501 68 189 68 253 68 405 189 68 261 149
247 85
189 68 158 359 68 447 189 643 359
170 449 68 406 158 68 64 211 430
283 68 42 247 68 5 68 593 89 158 68 538 158 240 68 4 108
43 155 68 607 158 68 607 158 222 222 68 237 68 211 607 68 231 240
51 86 68 189 68 607 170 299
81 68 222 68 347 158
607 158 68 543 149 458 68 43 158 68 222 476
51
611 85
43 158 68 152 68 331 149 68 189 68 97
501 85 447 158 85 347 189 68 5 189 359
390 479 82
189 68 170 299 68 397 68 426 339 68 43 158 68 334 68 334 85
507 449 68 231 85
258 108 68 189 68 135 68 577 68 611 152 68 397
607 50 68 237 158 299 68 85 4 199 68 642 68 642 68 538 155 108
550 339
197 158 189 68 607 158 68 339 68 569 68 261 359
201 158 158 199 85 347 158 189
258 266 158 359 68 607 158 68 43 543
258 189 68 517 299 211 474 85
503 189 68 607 50 68 237 247 68 189 290 85 359 68 158 189 68 390 569
189 68 321 247 85 68 189 68 550 430 359 68 389 339
321 68 189 68 354 68 550 501 68 640 68 43 158 68 261 339 68 321 189 68 241 68 85 359 68 359
43 158 68 258 68 261 158 68 211 222
153 108 68 430 68 607 158 359 68 135 68 638 211 82 68 241 68 85
158 108 152 359
503 85
503 85 68 517 68 607 158 68 417 68 158 108 68 79 158 199
607 158 68 197 85 85 68 397 68 347 501 68 237 19 68 170 299
550 158 247 85
43 158 68 189 68 417 68 347 501 68 241 68 397 68 397 68 611 152
86 163 68 550 501 68 397 68 258 68 253 68 569 68 240 51 86 149
153 108 68 97 68 189 68 189 68 189 68 397 68 266 155 68 550 487
4 415
261 86 68 124
87 359 68 390 68 19 85 68 397 68 258 68 158 108 68 607 170 108
607 50 68 237 247 68 607 158 68 607 158 68 45 108 68 245 449
54 86
43 158 68 607 68 406 334 108 68 97 68 266 158 68 405 199
51 487
43 158 68 651 123 68 158 479 503 189 68 87 449
43 158 570 389 339
43 155 68 593 163 68 405 68 189 68 79 158 543 68 189 68 70 158 189
85 241 430 359
397 68 54 86
607 158 68 54 86 189 68 189 68 569 68 258 68 5 189 68 389 85 359 68 397 68 54 86 85 359
283
43 158 258 85
258 4 85 359
5 68 81 68 397 68 4 85 152 68 189 68 569 68 258 85 359
87 359 68 258 68 569 68 607 158 68 397
237 108 68 430 149 68 189 68 638 68 241 68 85 359
241 108 68 390 299 438 359 68 430
87 359 68 158 108 68 36 108 68 42 247 108 68 45 108 68 64 211 108
283 68 347 158 68 5 68 237 149 68 577 68 640
397 415 247 85 149
197 86 359
133 68 640 68 321 247 406 158 189
170 152
189 642
115 479 68 607 158 68 231 240
258 68 237 370 68 197 86
347 501 359
577 68 149
87 359 68 189 68 593 163 68 607 158 68 607
607 68 550 501 68 397 68 517 68 611 68 85 68 330 543 258 189 266 158 118
593 152 68 87 68 87 68 189 68 607 158 189
563 189 211 199 85 359
5 68 331 149 68 607 158 68 607 158 68 550 501
189 68 253 68 617 149 68 607 158 68 45 4 189 643
430 299 68 85 65 189 108
607 158 189
43 158 68 607 158 68 81 68 197 86 68 153 189 241
607 158 68 253 4 240 118 68 189 299 68 331 149
607 50 68 237 247 68 607 158 68 543 68 417
607 158 189 643 359
503 85 68 517 68 189 68 417 68 245 258
64 211 258 68 640 68 5 189 68 569 68 503 189 68 389 158 359 68 389 430 359
115 479
196
87 359 68 189 68 87 68 85 347 189 68 397 68 430 68 426 158 85
607 158 68 85 379 68 189 68 390 68 43 158 189
607 158 68 607 158 85
321 334 85
607 158 68 397 68 162 68 397 68 5 68 397 68 19 68 397
197 85 152
189 68 550 501 68 222 476 68 19 85 68 70 189 68 253
43 158 68 607 68 607 68 550 501 68 237 108 68 253 68 430 68 569 68 261 158
261 86 68 517 449
449
85 290 258 359
43 189 643
607 68 550 501 68 397 68 5 68 253 68 607 158 68 70 189 108 68 5 189
426 86
339 299 389 189
593 163 68 211 68 397 68 64 389 158 68 370 68 569 68 19 85 68 158 108 68 517 85 299 149
51 189
5 68 642 68 430 299 68 405 68 211 68 211 607 68 93 211 85 359
405 199
321 68 189 68 607 158 68 397 68 170 449 68 607 158 85 152
59 67 266 158 299
517 258 149
642 149 51 86 68 85 359
321 68 189 68 577 68 189 68 51 86
517 258 85 258
607 68 550 501 68 607 158 68 607 158 68 87 68 564
158 68 527 68 201 258 152
153 68 79 359 359 359 68 170 108 68 253 68 189 68 331 149
447 158 85 359 68 5 155 108
43 158
261 86 68 607 68 189 68 79 158 85 68 79 430
43 158 68 406 155 68 430 68 405 189 68 607 158 543 389 158 543 68 611 74
607 158 68 189 149
189 68 651 123 108 68 4 68 4
569 68 79 222 149 68 189 68 607 68 43 158 68 81 68 189 68 321 247 85 68 241 68 189 68 213
261 85 85 68 149
5 108 68 5 68 321 240 68 607 158 449 68 158 108 68 607 170 108
607 158 68 447 189 68 261 86 68 607 158 68 85 152
607 68 550 501 68 397 68 347 501 68 607 158 68 240 550 158 240 299 68 359 211 68 204 222
283 68 347 158
43 430 115 479 68 550 158 149 68 517
531 85 359
86 163 68 550 501 68 397 68 517 68 517 623 68 430 68 503 158 68 503 158 68 503 158 68 359
394 51 86 261 359 68 446 68 642 211
5 68 19 85 68 189 68 426 86
569 68 158 189 347 158 359 68 189 68 115 479 68 245 449 68 640 68 397 70 158 108
643 68 611 86
261 86 68 607 50 68 295 149 68 569 68 651 123
222 476 68 607 158 68 405 68 405 415
397 68 258 222 152 68 64 211 430
5 68 331 149 68 607 158 68 642 68 241 68 330
189 68 115 479 68 189 68 189 68 194 543
87 68 126 68 158 108 68 189 68 339 68 339 68 136 158
550 430 359 68 347 158
527 68 64 211 430
4 149 643 359
79 85 189 570 389 339
158 240 359
54 86 68 189 85 623 108
64 211 258 68 359 68 640 68 153 108
405 68 321 240 68 5 189 68 607 158
347 158
607 158 68 607 158 68 321 240 347 158 118 68 4 189 85
261 86 68 158 108 68 237 370 68 5 189
503 85
81 68 222 68 347 158
189 68 211 607 50 68 397 68 222 68 158 108 68 241 85 347 158 118
231 240 68 237 108
189 68 64 359 68 331 149 68 19 85 68 430 68 430 68 638 68 569 68 430 68 64 389 158 189
430 299 211 222
49 68 158 68 222 476 68 331 149 68 136 158 108
405 240 430 241 430 359
543 258 189 643 68 611 299 85
321 68 569 68 577
389 430
5 68 331 149 68 19 68 347 158 68 397 68 299
237 108 68 570 568 68 201 258 68 4 152 68 607 158 68 607 170 108
189 68 253 68 593 449 68 405 68 640 68 321 247 85 68 85 359 68 354 68 389 158 85
43 158 68 136 479
49 68 5 68 417 68 607 158 68 5 189 85 152
607 158 68 321 359 68 394 194 68 54 86 68 54 86 68 397 68 5
430 331 570 389 158 108 68 447 158 406 158
64 211 258 68 397 68 5 68 431 68 331 158 68 331 68 158 68 158 189 68 158 240
43 155 68 87 68 81 68 397 68 19 68 136 155
607 155 68 85 347 158 359 68 43 158 68 115 158 68 321 247 85 68 153 108
607 68 550 501 68 397 68 266 50 68 5 68 149 517
276 19 163 68 64
97 68 87 68 197 86 68 240 194 68 189 68 611 189 68 359 68 359 51 570 568 68 550 339
527 68 87 68 5
189 550 158 199 68 241 68 79 487 359
87 449
189 68 607 158 68 397 68 550 501 68 607 158 68 149 389 85 359 68 43 158 68 135
607 50 68 237 158 299 68 397 68 54 86 68 253 503 158 108 68 231 240
189 68 5 189 68 258
79 158 189
607 68 550 501 68 397 68 133 68 370 68 607 569 68 569 68 85 517 85 517 85
397 68 406 158 68 517 68 43 158 68 64 211 430
189 68 213 194 85 68 331 149 68 607 158 68 607 68 170
189 68 531 155 194 211 189 359
607 158 68 347 501 68 189 570 389 158 543 68 43 430
261 86 68 51 570 68 165 68 607 158 68 81 68 397 68 196 68 43 158 68 64 211 108 68 136 479 68 136 479 68 136 479 68 136 479 68 136 479
569 68 36 85 211 68 136 158 68 170
87 68 189 68 189 68 211 85 347 158 118
189 68 170 299 68 158 240 211 68 607 158 68 607 158 189
607 50 68 237 247 68 607 158 68 607 158 68 79 222 68 359 211 68 397 70 158 108
189 68 170 299 68 569 68 430 68 158 189 68 158 189 68 430 68 430 68 19 79 430
189 68 607 170 68 330 211 543 211 85
538 430 68 331 108 68 158 108 68 158 108
189 68 550 501 68 158 108 68 607 158 68 517 85
43 158 68 607 68 577 68 569 68 258 108 68 89 487 68 149 68 543 211 108
503 189 68 607 50 68 237 4
607 68 550 501 68 197 86 68 446 68 43 487 68 397 68 569 68 611 258
87 359 68 19 79 158 189 68 607 50 68 87 68 170 108
607 158 68 197 86 68 607 158 68 501 85 197
321 189
19 85 68 330 430 85
577 68 43 487 108 68 397 68 577 551
261 86 68 517 149 68 189 68 607 158 68 194 68 517
283 68 158 108 68 331 149 68 607 158 543 389 158 189
82 152 68 331 149
51 346 68 115 479
153 152 68 51 570 68 347 158 68 607 68 253
447 158 543 68 330 68 189 643 85
607 158 85 359 68 70 158
569 68 607 170 299 68 494 68 550 501 68 354 68 405 241 68 405 108
59 359 68 642 211
64 211 258 68 397 68 5 68 331 149 68 5 68 152 211 68 430 68 5 189 68 430 68 354
417 68 517 85 347 158 290 299
189 68 607 158 68 607 158 68 417 68 640 68 339 68 136 158 108
564 222 108
162 85
5 68 331 149 68 64 51 86 68 158 108 68 330 570 389 158 189
607 158 189
4 85 299 68 5 189
5 68 81 68 397 68 405 68 261 86 79 359 438 359
517 258
124 68 607 158 68 640 68 241 149
64 211 258 189 68 611 136 479 68 569 68 642 211 108 68 405 68 430 68 543 51 86
343 543 51 240 643 359
607 68 550 501 68 397 68 211 543 68 43 158 68 617 68 231 85
19 152 68 237 149 68 189 68 158 290 85 359 68 189 406 158 359
64 211 68 607 50
82 152 68 593 68 648 68 569 68 517
397 68 54 86 68 64 211 430
189 68 607 158 68 607 158 68 133 82
330 189 550 158 199 68 642 211
231 240
290 85
449 68 189 68 189 68 152 51 86
158 108 51
189 68 189 458 222 211 68 359
87 68 197 86 149 68 640 68 417 68 569 108 68 85 531 149 68 405 68 405 68 87 189 68 503 158 543
503 85
149 550 158 240 359 241 85 68 213
79 430 359
82 152 68 331 149
503 189 68 607 68 87 68 81 68 397 68 42 247
85 359
503 85
607 170 68 237 247 68 430 64 211 68 241 68 85 68 347 189 426 359
64 211 258 189 68 607 50 68 19 85 68 237 108 68 406 158 359 68 531 158 359 68 359
607 170 68 19 266 158 543
261 86 68 517 149 68 189 68 569 68 158 258 189 258 189 68 4 189
189 68 5 189 68 79 359 68 43 158 68 162 85
64 211 258 68 354 68 189 68 321 247 85
79 430 189 426 158 359
593 85 68 197 86 68 189 550 487
607 158 68 149 68 640 68 43 240 68 64 211 108
189 68 607 158 68 607 158 68 577 68 136 158 189
531 85 359 68 607 158 85 359 68 290 85 359
321 68 189 68 197 108 68 197 85
607 170 68 347 85 68 405 68 97
211 359 68 258 152 68 607 158 68 189 68 501 85 359 70 158 68 70 189
503 85 68 189 68 569 68 79 359 68 241 68 642 211
607 170 68 237 247 68 430 64 211 68 241 68 85 68 347 189 426 359
79 158 240 517
64 211 258 68 640 68 36 85 68 550 339 68 321 189 68 569 68 430
447 158 85
231 51 86 68 87 68 43 158 68 43 158 68 189 68 640 68 85 379
189 68 54 86 189 570 389 339 68 638 68 85 379 68 158 189 570 389 570
149 550 479
49 68 5 68 347 501 68 36 149 68 397 68 70 158 68 158 189
49 68 5 68 417 68 331 149
648
295 68 153 68 611 64 211 68 550 430 68 149 68 149 550 158 85
16 240 359
321 531 158 118
276
201 158 158 199 85 347 158 189 68 517 85
253 68 569 68 76 85 68 189 550 245 149 68 640 68 19 85 68 64 211 108
5 68 211 152 68 19 85 68 638 68 569 68 19 68 189 68 43 158 68 43 158 68 331 149 68 569 68 43 158 68 211
593 163 543 68 405 68 339 68 85 447 158 240 68 189 211 199
237 149 68 43 158 359 68 4 68 607 158 68 430 211 390 68 170 299 70 158
283 68 347 158
276 85 68 158 108 68 158 108 68 149 550 158 543
87 68 165 68 5 68 607 158 68 189 68 97 68 397
550 158 359 389 339 68 354 68 321 247
517 331 359
503 189 68 43 158 68 638 68 569 108 68 241 430 359 68 241 68 389 158 68 189 266 158 68 405 199
5 68 43 158 240 299 108 68 189 68 170 170
321 68 189 68 607 158 68 397 68 170 449 68 607 158 85 152
189 550 487 108
607 155 359
211 543
153 68 514 543 68 158 68 607 158 68 51 86 68 79 158 189 68 331
87 359 68 241 68 197 86 68 189 68 189 68 417
170 108 68 354 68 5 85
189 68 19 85 68 197 86 68 354 68 124
189 68 430 359 68 258 543 68 321 189 68 87 189 643 334
149 389
43 155 68 593 149 68 197 86 68 253 68 569 68 321 569 68 170
531 158 222 85
550 339
651
5 68 331 149 68 158 152 68 607 158 68 330 543 258 189
651 123 68 430 359
153 68 447 158 543 68 189 68 158 108 68 607 50
417
189 68 19 85 68 607 158 68 430 64 211 108 68 577 68 430 68 339 68 189 550 158 108 68 153 189
87 152 68 5 189 68 347 158 359
189 405 68 158 299 68 397 68 397 68 19
321 93 68 321 189
43 487 149 68 87 68 607 158 68 197 86 68 5 108 68 405 68 64 211 108
430 359 68 196 68 189 68 170 299
189 68 237 370 68 607 50 68 133 68 189 68 359 68 126 68 405 108
19 85 213
79 85 189 570 389 339
494 68 189 68 158 108 68 5 189
397 68 85 359 149
222 476 68 19 85 359
607 50 68 237 247 68 607 158 68 543 68 405 199 68 397 68 569 68 406 501
258 247
517 258 189 68 397 68 599
189 68 550 501 68 397 68 531 149 68 189 68 430 68 189 68 501 85 299 68 64 211 108 68 517 68 517 68 517 68 517 68 517 68 64 211 108 68 517 68 517 68 517 85 517 85 517 85 517 68 136 479 240 211 108 68 446 68 446 68 517 68 517 68 406 501 68 531 158 189 68 517 68 517 85 68 85 68 85 68 550 501 68 339 68 189 68 189 68 85 4 240 389 158 240 389 158 240
517 85 299 68 517 85
503 85
261 86 68 158 189 68 79 155 643
231 51 86 68 651 123 68 211 149 68 237 4 68 258 290
197 85 152
261 86 68 569 68 87 68 87 449 68 397 70 158 108
189 68 79 158 240 359 68 593 85 155 458
189 68 430 68 258 149 68 331 19
607 50
189 68 607 158 68 607 158 68 430 299 258 85 68 5 189 68 607 68 389 158 118
189 68 550 501 68 607 158 68 570 225 68 321 27 68 405 68 64 211 108
87 152 68 640 68 189 68 638 68 321 247 85
5 68 331 149 68 607 158 68 158 152 68 43 155 108
339 68 211 155
261 86 68 124
593 163 68 211 68 607 158 68 514 108 149
517 299 85 68 43 158 68 70 158
189 68 607 170 68 330 211 543 68 569 68 79 430 68 241 430 359 70 158 108
5 68 642 68 189 68 397 68 611 86
503 189 68 390 68 70 189 68 389 349 531 158
153 108 68 430 68 430 68 426 158 85 68 189 68 607 170 299 68 389 85 359
651 123 68 211 68 607 158 68 54 86 68 5 189 108
241 68 19 85 68 5 68 430 68 261 86 68 245 449 68 189 68 397 68 245 258 68 607 158 68 607 158 85
189 68 213 550 501
503 85 68 189 68 569 68 124 68 607 158 68 241
59 258 149 550 158 359
5 108 68 201 258 68 93
607 158 68 607 158 68 211 108 68 5 189 108
501 85 517 199 68 538 158 359
4 85 517
49 68 5 68 54 86
607 158 68 321 359 68 359 68 359 51 570
87 68 43 158 68 197 86 68 54 86 68 397 68 258 149 68 36 149
527 68 153 68 564 68 43 158 68 447 189
283 68 64 51 108 68 158 108 68 237 108 68 629 68 397
607 158 68 607 158 68 258 189 108 68 189 68 611 64 211 199
189 68 629 68 189 68 5 68 321 247 68 501 85 68 501 85 359 68 87 152
359 449 241
283 68 331
87 359 68 85 241 359 68 430 108 68 5 189 68 430
85 347 158 240
87 359 68 158 108 68 331 149 68 430 299 570 389 85 359
283
331 149 68 494 68 331 149
330 149 389 158 108 68 517 258 149
158 108 68 135 68 79 487 68 5
197 85 152
189 577 189 569
153 108 68 390 68 569 68 43 158 68 288 68 5 189 211 85 359 68 241
261 86 68 517 449
261 86 68 158 85 68 189 68 611 189 68 431 108 68 617
569 68 115 479 108 68 170 299 68 359 68 397 68 321 189
240
19 570 389 339
531 85 359 68 245 449 68 517 258
189 68 517 258 4 108 68 19 68 321 569 68 446 70 158 118 108
503 189 68 43 158 68 189 68 258 149
237 108 68 158 189 68 430 397 68 426 86
283 68 79 86 108
330 170
189 68 54 86 85 577 68 253 68 87 449 68 569 108 68 569 68 19 85 68 397
189 68 211 607 50 68 517 68 43 158 68 607 158 189 211 222
189 149
149 550 158 543 108
503 85 68 189 68 569 68 640 211 85 299 211 359 68 133 551
86 163 68 197 86 68 5 68 569 68 87 449 68 397 68 569 68
158 108 68 237 149 68 569 551
54 86 68 405 68 405 68 158 247 85
158 68 527 68 339 68 347 501 68 36 85
283 68 611 85 68 5 68 331 149 68 87 359
321 189 68 158 85
405 149 347 158 222 149 68 261 158
87 359 68 158 108 68 569 68 405 68 258 68 258 85 68 569 68 430 68 607 158 85
261 86 68 517 149 68 607 50 68 237 247
43 86 163 68 81 68 5 108 68 397 68 253
189 68 211 607 50 68 124 68 503 158 359
503 85 68 189 68 97
494 68 158 108 68 607 170
43 569
607 50 68 237 247 68 607 158 68 64 389 339 68 397 68 211 108 68 36 85 152 68 607 339 68 607
321 240
237 108 68 211 68 397 68 607 158 68 517 85 162 85 68 607 158 68 189 68 70 158 108
170
43 158 68 64 550 479
593 85 68 599
283
76 85 359
4 240 85
51 86 68 189 68 617 68 607 158 68 19 108 68 5 68 158 334
607 158 85 68 85 623 149 550 158 359 68 607 68 5 189
231 240
5 108
5 68 359 389 430 68 19 85 359
321 240
607 158 68 87 68 430
389 158 189 68 384 108
87 152 68 640 68 36 85 68 54 86 68 54 86 68 397 68 405 68 550 339
189 68 64 51 86 189 550 487
607 50 68 237 247 68 607 158 68 79 158 543 68 189 68 426 339
607 50 68 197 487 149
79 149
426 86 68 5 68 331 108 68 189 550 158 199 85 359 68 517 85
283 68 331 487 68 640 68 339 68 86 163 68 617 149
42 247
417
494 68 397 68 241 108 68 5 68 189 68 417 68 89 487
189 68 43 158 68 331 108 68 359 68 347 158 68 153 68 19 85 68 397
503 85 68 189 68 569 68 79 359 68 241 68 642 211
550 501 68 651
503 189 68 607 50 68 152 211 68 607 50 68 405
153 543 68 152 51 86
321 241 85 359 389 158 359
261 85 85 68 149
527 68 189 68 550 501 68 87 359 68 170 108 68 241 68 79 222 189
405 85 68 54 86
189 68 651 123 68 617 68 359
189 68 43 158 68 334 68 607 158 68 607 68 543 51 152 68 570 225
430 189 458 68 479 611 189 149
43 158 68 406 158 108 68 648 68 158 152 68 339 68 569 68 240 643 85 68 240 643
564 68 607 68 189 68 189 68 19 79 359
538 155 211 108 68 158 155
189 68 85 447 158 68 189 68 135 68 405 68 19 85
87 543 68 258 607 158 68 231 51 86
43 158 68 152 68 197 108 68 4 108
87 68 43 487 68 339 68 607 158 68 189 68 189 68 70 158 189
5
189 68 87 108 68 607 158 68 5 149 68 201 258 152
503 85 68 158 108 68 237 149 68 629 68 397 68 426 339
54 86 68 5 85
607 158 68 197 85 68 85 152 68 569 68 19 85 68 19 359
189 85 299 149
87 359 68 158 108 68 569 68 397 70 158 108 68 339 551 68 136 479 68 189 68 189 68 507 299
189 68 430 68 339 551 68 4 85 359
593 89 158 68 288 68 189 68 531 149 68 517 258 149 68 397 68 189 68 370 68 5 108
321 247 85
607 158 68 321 359 68 189 211 85 299 258 68 189 68 390 68 240 359
133 68 162 68 607 158 68 607 158 68 577 68 397 68 569 68 241 359
330 611 118 108
503 85 68 189 68 569 68 211 85 299 68 397 68 569 68 89 487
165
158 189 149 207 211
607 158 68 54 86 189 68 397 68 266 158 85 68 197 86 68 640 68 5 189 68 339 68 339
153 108 68 527 68 36 108 68 607 158 68 607 158 68 79 487 108
430 359
405 149 550 158 213
64 211 108 68 430 68 5
276 85 68 527 68 158 108 68 577 68 5 68 19 68 240 550 158 359 68 170 108
45 68 189 68 153 108 68 153 108 68 241 68 5 189 68 158 155
170 449 68 197 86 405 237
430 85 359
503 339
76 85 359 68 213 194 68 197 158 68 87 108
261 86 68 517 449
64 211 258 68 189 68 607 158 68 607 158 68 158 189 68 158 189 108 68 85 64 211 108
51 359 68 115 479
43 158 68 93 550 339 68 189 68 201 258 68 189 570 389 570
321 85 68 189 68 347 158 118
51 86 68 158 152 68 593 149
569 68 447 158 406 158 68 189 68 155 68 538 339
629
158 85 347 158 406 158 406 155 68 189 643 222
607 158 68 197 108 85 152 68 189 68 189 211 611 258 222 149
607 158 68 389 430 359 68 54 86 68 397 68 5 68 330
405 155
51 570 389 339 68 43 158 68 638 68 397 68 415 211 68 70 189 108
87 85
258 189 68 607 158 68 607 158 68 607 158 189 211 471
607 155 68 85 354 68 354 68 201 258 68 152 211 68 70 158 108
189 68 550 158 359 68 339
283 68 607 158
241 68 211 543 211 543
607 158 68 258 299 563 189 68 241 68 607 158 68 87 152
321 189 68 87 449 68 642 68 642 149 389 339
258 390 68 45 108 68 538 430 199
607 158 68 389 339 68 211 222
5 68 331 149 68 607 158 68 607 158 68 241 68 162
87 359 68 136 158 290 85 359 68 19 85 68 189 68 397 68 299
617
569 68 577
158 155
261 86 68 607 170 68 593 149 68 569 108 68 295 359
517 258 85
261 86 68 124 68 5 68 569 68 430 68 54 86 68 241 68 241
517 359
189 68 394 51 570 68 241 68 5 108 68 405 68 81 68 85 68 85 299
64 550 339
607 68 550 501 68 607 158 68 550 158 359 68 220 51 86
189 458 85 611 68 43 158 68 43 158 68 331
607 50 68 617 149 68 43 158 68 241 108 68 611 118
158 155
495 68 79 158 299 68 569 68 79 359 68 447 158 85 359
527 68 68 331 149 68 43 158 68 611
194 543
503 339 68 607 158 68 189 149 68 64 211 430
258 247 85 359
64 211 258 68 85 4 68 354
261 86 68 517 449
189 68 330 213 211 93 51 86
276 85 68 430 68 158 108 68 189 68 85 570 389 570
189 68 211 607 158 68 43 158 68 611 85 68 607 158 68 389 85 359 68 640 68 517 299
231 240 68 85 347 158 359
87 359 68 331 487 68 640 68 514 240 68 5 68 295 149 68 607 158 68 569 68 607 479 68 607 158 189
189 68 550 501 68 331 149
283 68 331 487 68 640 68 162 68 607 50 68 593 152
189 68 577 551 68 339 68 253 68 258 149 68 43 158 68 617
51 346 68 346
607 158 68 197 85 68 85 152 68 19 68 189 68 611 189 149 68 430 68 85 64 211 108
189 68 394 68 550 501 68 189 68 253 68 405 189 68 261 149
197 158 189 68 607 68 390 68 189 426 359 68 189 68 331 158 68 430 359
189 68 651 123 68 81 68 569 68 64 149
611 79 4 108 68 331 108 68 189 299 359
261 86 68 607 68 189 68 577 68 397 68 19 85 68 158 118
607 158
189 68 211 501 85 359 68 397 68 569 68 158 68 430 299 438 359
43 158 68 607 68 577 68 607 158 68 503 240
86 163 68 197 86 68 5 68 569 68 213 194 149
211 86 68 170 108
261 86 68 295 85 149 68 79 155
405 124
599 68 81 68 397 68 503 339 68 607 158 68 607 158 222 149
189 68 64 389 501 68 189 68 503 430 68 54 86 68 397 68 54 86
153 189 426 487
43 158 68 5 189 406 211 189
321 85 68 64 211 611 430
611 222 517 359
189 68 43 158 68 43 158 68 517 149 517 258 149 68 189 68 607 158 68 81 68 569
431 68 611 213 68 629 68 241
189 68 153 108 68 189 68 397 68 569 68 87 449 68 170 334 85
97 68 258 68 550 501 68 189 68 405 237 389 199 68 54 654 68 170 108 68 569 68
611 370 68 593 89 158 68 97 68 19 68 79 158 189 68 79
611 51 85
261 86 68 517 449
51 86 149
153 68 359 211 68 5 189 68 124
86 163 68 550 501 68 397 68 5 68 339
189 68 162 68 97 68 153 108
189 426 158 85 68 640
87 108 68 64 149 68 213 194 152
447 158 290 299
87 68 170 68 543 68 397 68 397 68 321 189
611 514 85 359 70 158 359 68 189 68 189 68 201 108 68 330 68 231 240 68 85 68 89 487
611 149 389 479 359 389 158 359
331 149 68 397
607 158 68 115 479 68 321 240 68 431
158 158 108 389 607
87 449 108
189 68 211 607 158 68 607 158 68 64 389 339 68 517 68 43 569
607 50 68 237 247 68 607 158 68 607 158 68 241 68 241 430 68 43 158 68 406 158 152
43 158 68 607 158 68 347 501 68 354 68 321 68 569 68 64 211 189
417
43 339 68 640
189 68 211 543 68 331 149
538 155 108 68 64 211 430
153 108 68 390 68 5 68 59 67 551 68 189 241 68 189 241 222
4 406 155 68 158 74
237 68 5 68 97 68 611 51 85 359 68 389 158 118 68 241 68 430
43 158 68 93 51 86 149 68 189 68 158 543 68 569 68 240 51 189 149 68 240 550 158 108 68 43 158 85 68 245 449 68 245 449 68 245 449 68 5 189 149 68 43 158 85 68 5 189 68 5 189 68 5 189 68 245 449 68 245 449 68 245 449 68 5 189 68 5 68 5 189 68 5 189 550 86 149 550 86 349 531 158 85 36 149 68 237 531 158 543 51 86 349 531 158 85 68 550
253 68 651 123 68 397 68 405 68 204 85 68 85
607 68 550 501 68 397 68 43 158 68 611 570 68 43 158 68 64 389 339
261 86 68 517 149 68 158 108 68 237 149 68 354 68 241 68 189 68 359 211 68 240 550 158 240 359
19 152 458 152 68 189 68 406 211 359 68 593 607
189 68 87 430 68 5 189 406 158 149
87 108 68 54 86 189 68 397 68 577 68 189 68 237 68 430 68 397 68 397
85 241 430 108
642 211 68 570 211 543 108
397 108 68 79 170 199
5 68 331 149 68 607 158 68 607 158 68 211 543 68 152 51 85 359 68 189 68 64 389 158 118
607 158 266 149 68 19 85 68 5 189 68 430
503 85 68 189 68 569 68 290 85 359
651 123 68 405 68 405 68 321 240 68 447 158 108
51 570 68 347 158 68 607 68 253
507 449 68 231 85
189 599 389 339
43 158 389 199
347 158 85
405 258 68 158 108 68 394 149
64 211 258 68 158 108 68 189 68 237 108 68 607 158 68 45 149 68 607 158 68 81 68 189
79 85 189 570 389 339
261 86 68 517 68 189 68 189 68 354
570 64 435 290
258 299 68 189 68 642 68 642
261 86 68 124 68 569 68 347 487 359
222 476 68 189 68 211 149 68 430 68 211 68 550 158 359 68 577 68 64 211 430
611 85 359
211 85 359
43 158 189 570 389 339
607 158 68 189 68 570 389 158
321 247 266 158 108
503 85 68 517 68 189 68 417 68 152 389 158 152
86 163 68 550 501 68 405 68 640 68 85 68 189 68 79 487
158 152 331 359
4 517 68 158 178
501 85 517 68 405 68 162 415
261 86 68 253 68 43 158 68 569 68 5 258 152
5 68 607 68 607 158 68 4 108 68 85 406 158 118 68 241 68 43 158 68 5 189 68 389 158 189
607 158 266 149 68 321 189 68 354 68 640 68 189 68 97
405 68 258 68 258 359
189 68 651 123 68 158 213 211 213
189 68 19 85 68 5 189
261 158 68 170 152
290 85 359
19 85 68 347 158 118
321 4 68 170 108 68 170 108
189 68 426 86 85 68 5 211 155 108
5 108 68 43 158 189 211 607
607 68 550 501 68 397 68 43 158 68 611 570 68 158 68 222 543 68 240 643 85
189 68 85 4 108 68 607 158 68 253 68 321 247 85 68 158 240 68 339 211 222
115 479 108
86 163 68 550 501 68 397 68 54 86 68 397 68 283 68 70 158
5 68 165 68 87 68 253 68 397
503 189 68 253 68 569 68 550 430 359 68 89 487 68 240 68 170 108 68 237 108
417
503 85 68 189 68 569 68 611 189 149
197 86 247 108 68 197 86 68 197
43 158 240 149 290 85
153 108 68 527 68 36 108 68 330 359
189 458 85 611 68 43 158 68 43 158 68 331
43 158 389 199
87 359 68 607 50 68 593 89 158 189 359
64 211 258 189 68 607 50 68 85 149
397 68 640 68 5 189
81 68 397 68 5
64 211 258 68 153 108 68 5 68 370
189 68 607 158 68 607 158 68 64 389 339 359 68 79 158 189 68 79
569 68 405 543 68 494 68 550 501 68 189 68 85 170 108
158 240
19 85 68 458 68 51 570 68 189 68 43 158 68 5 189
189 68 79 501
321 189 108
43 86 163 68 81 68 5 108 68 397 68 253
321 68 569 68 136 155
197 158 359 389 339
85 347 479
330 222
87 359 68 501 85 447 189 406 211 68 607 68 237 68 607 158 68 81
86 163 68 550 501 68 397 68 211 543 68 607 158 68 430 68 607 158 68 577
87 359 68 607 50 68 593 152 68 397 68 638 68 5 189 68 339 68 569 68 64 211 241
189 458 85
76 85
189 68 170 299 68 158 108 68 189 68 258 415
261 86 68 517 68 45 149 68 97 68 607 158 68 389 339
189 68 390
607 68 550 501 68 397 68 4 85 68 446 68 331 4 68 64 211 68 64 211
82 152 68 237 108 68 241 68 189 531 299 68 158 199
607 158 68 569 108 68 389 339
64 211 258 68 189 68 276 85 68 569 68 5 189 68 430
213 51 86 68 152 68 124
607 158 68 19 85 68 642 149 550 487 149
189 68 517 68 51 570 68 321 189
43 240
82 152 68 237 108 68 241 68 36 149 68 517
261 86 68 5 68 617 149 68 550 501 68 5 68 81
189 68 295 149 68 189 68 194 543
189 68 607 158 68 397 68 370 68 43 158 68 261 86 85 152
607 158 68 607 158 68 70 158 359 68 290 85
86 163 68 550 501 68 189 68 36 85 68 446 68 170 108 68 241 68 241
426 569 290 570 68 64 389 430
43 339 68 640
258 543 68 426 158 85 347 158 299
607 50 68 152 51 86 68 86 68 503 189 108 68 261 86 189 68 170 299
43 158 68 189 68 79 501 85 68 153 108
64 211 258 152 68 640 68 189 68 426 85 359
85 241 211
569 68 347 501 68 430 68 158 108 68 638 68 607 50
165 68 211 68 211 68 85 359
222 476 68 447 158 118 108
211 240 68 241 108 68 569 68 158 152
213 211 152 359
261 86 68 5
607 158 68 197 108 85
135 68 5 543 68 397 68 397 68 569 68 501 85 359 68 397 68 211 241
354 68 405 68 158 108
64 389 430 68 45 149 68 43 158 68 170 449 68 70 189
550 501 68 405 359
607 158 68 45 4 85 68 189 68 611 149 68 231 240
607 158 68 494 68 189 570 389 158 108 68 607 158 68 240 211 68 359 68 170 299 68 5
258 4 241
514 149 359
4 85
64 211 258 68 640 68 36 85 68 258 551 68 162 68 397 68 569 68 19 85 68 241 359
283 68 85 347 189 68 189 68 79 108 68 240 68 550 501 85
525 68 81 68 85 299 211 222
283 68 149 211 543 108
321 189 68 213 194
79 158 222 359 389 570
189 68 648 68 321 189 211 570
430 170 108
241 85 347 158 359 68 241 359
283
158 108 241 85 359
261 86 68 124
189 68 5 189 68 577 68 569 68 538 339 68 43 158 68 611 51 570
611 189 241
290 85
43 158 68 152 68 577 68 570 211 68 331 149 68 158 245 258 68 43 158 68 331
611 240
321 290 68 237 108 68 5 68 283
43 258 299 258 68 42 247 85 299 68 241 68 158 108
222 476 68 321 569 108 68 70 158 68 430 68 607 158 68 607 158 85
517 85 299
189 68 19 85 68 607 158 68 607 158 68 158 406 158 299 68 237 247 149 68 531 158 108 68 550 501 85
43 158 389 199
525 503 158
194 543
517
321 247
189 68 550 501 68 569 68 241 359 68 638 68 638 68 405 241 430 359
5 68 331 149 68 607 158 68 258 85 4 149 68 607 155
45 108
569 68 158 158 359 68 189 68 359 211 85
346
347 85 68 321 240
494 68 607 170
564 68 211 68 607 158
503 189 68 126 68 331 149 68 405 68 261 86 85
283 68 136 158 290 85 359 70 158 108
158 543 149 550 158 406 158
397 70 158 108 68 503 189 68 405 199
611 79 4
283
189 68 607 158 68 607 158 68 389 611 643 359 68 189 68 607 170 108
569 68 136 158 68 201 258 68 611 189 570 211 68 64 211 108
189 68 5 189 68 417 68 569 68 136 158 359
5 68 331 149 68 607 158 68 607 158 68 447 158 359 68 283 68 334 222 68 607 50
158 240 359
330 211 222 68 430
79 158 299 258 359 438
211 5
531 158 222 85
607 50 68 331 149 68 5 189 68 447 158 68 197 86 68 153 108
517 194 213
503 85 68 517 68 607 68 258 68 569 68 81 68 5
189 68 607 158 68 258 543 68 517 68 611 118 299
447 189 211 390
607 68 550 501 68 397 68 321 290 68 607 158 68 321 189 68 334 543 68 430 299 149 68 136 479
76 85 359
126 68 569 108 68 405 68 607 158 68 189 149 68 359 51 487 359
417
479 406 158 299
531 359
5 189 85
189 68 538 158 189 389 570 389 339 68 517 118 68 607 50
201 258 390
213 211 68 152 68 124 68 197 86 68 607 158 108
153 108 68 5 68 397
43 158 68 607 68 577 68 607 158 68 525
189 68 245 258 85 359 258 68 430 68 607 158 85
87 359 68 197 85 68 569 108 68 438 359
607 68 550 501 68 397 68 347 501 68 607 158 68 330 543 258 189
189 68 54 86 189 68 397 68 222 476 68 211 199 68 611 189 68 611 74 68 359 68 241 430 299 68 339
405 241 68 569 68 258 240
153 158 158 517
607 158 68 607 158 85
