189 240 211 68 607 158
607 158 68 607 158 68 607 158 68 5 68 397 68 397 68 397 68 397 68 189 68 189
261 86
85 359 51 85
607 158 68 19 85 68 607 158 68 19 85 68 19 85 68 19 85 68 189 68 189
261 86 68 5 68 397 68 397 68 397 68 397
397 85
85 359
397 68 5 68 397 68 397 68 397 68 397 68 397 68 397 68 397 68 397
51 86
149 550 158
283 68 607 158 68 607 158 68 607 158 68 569 68 569 68 569 68 569
607 158 68 550 501 68 397 68 397 68 517 68 517 68 517
607 158 68 5 68 5 68 5 68 5 68 5 68 5 68 5 68 189
370 68 5 68 607 158 68 5 68 5 68 19 85 68 5 68 397 68 189 68 189 68 189
240 68 19 85 359 68 397
607 158 68 607 158 68 607 158 68 607 158 68 607 158 68 5 68 607 158
607 158 68 339 68 607 158 68 569 68 569 68 517
189 68 5 68 5 189 68 5 68 5 189
569 68 64 211 108
189 85
607 158 68 85
503 158 68 517
607 479 68 517
5 68 5 68 5 189
607 158 68 81 68 189 68 189 68 19 85 359 68 189 68 19 85
211 108 68 85 359
189 68 607 158 68 189 68 189 68 189 68 189
607 158 68 5 68 397 68 397 68 397 68 397 68 397 68 397
85 359
569 68 569 68 569 68 569 68 569 68 569 68 569 68 85 359
283 68 5 68 189 68 189 68 189 68 189 68 189 68 189
240 299
607 158 85 359
503 189 68 5 68 5 68 5 68 5 189 68 5
85 359
607 158 68 607 158 68 607 158 68 607 158 68 607 158 68 550 158 68 189 68 189 68 607 158 68 607 158 68 189 68 189 68 607 158 108
607 158 68 5 68 5 189 68 5 189
211 108 68 158 108 68 189 68 158 108 68 189 68 158 108
189 68 5 189 68 189 68 189 68 189 68 189
240 550 158
189 68 158 108 68 189 68 189 68 19 85
607 158 68 607 158 68 607 158 68 5 68 5 68 5 68 5 68 189 68 189
240 299 68 241 68 241
564 68 5 68 5 68 5 189 68 5 189
189 550 158 108
261 86 68 5 68 397 68 397
607 158 68 5 68 5 68 5 68 5 68 5 68 5 68 5 68 189 68 189 68 189
283
503 189 68 5 68 5 68 5 68 5 68 5 68 5 68 5 68 189 68 189
607 158 68 607 158 68 607 158 68 517 68 517 68 517
607 158 68 607 158 68 607 158 68 5 68 607 158 68 5 68 397
189 68 43 158 68 397 68 397
261 86 68 607 158 68 5 68 5 68 189 68 189 68 189 68 189 68 189
564 68 569 68 569 68 569 68 569 68 569 68 569 68 517 85
503 189 68 5 68 569 68 569 68 569 68 569 68 569 68 569 68 569
5 68 5 68 5 189 68 189 68 189
43 158 108
569 68 5 189 68 5 189 68 5 189 68 189
430 85
189 68 5 68 397 68 397
607 158 68 5 68 397 68 189 68 189 68 189 68 189
503 189
569 68 569 68 569 68 569 68 85 359
240 211 68 607 158 68 397 68 241 68 640
321 240
607 158 68 397 68 397
189 68 5 68 189 68 189 68 189 68 189
211 108 68 85 359
211 68 430 68 430
189 68 607 158 68 5 68 189 68 5 189 68 189 68 5 189 68 189 68 189
5 68 5 68 397 68 397
479 551
149
85 4 258 85
607 158 68 517 68 189
283 68 5 189 68 5 189 68 5 68 19 85
189 68 607 158 68 607 158 68 5 68 189 68 189 68 5
261 86 68 321 247
564 68 5 189 68 5 189
283 68 607 158 68 607 158 68 397 68 569 68 397 68 517 68 397 68 397
85 4 258 149
607 158 68 550 501 68 189 68 189 68 64 211 108 68 64 211 108 68 211 108
211 543 68 64 211
189 68 607 158 68 607 158 68 607 158 68 607 158 68 607 158 68 189 68 189 68 189
261 86 68 607 158 68 397 68 397 68 569 68 569 68 569 68 569 68 397
564
503 189 68 5 68 5 189 68 5
503 189 68 5 68 607 158 68 5 68 5 68 5 68 5
569 68 397 68 397 68 397 68 397 68 397
283 68 339
564
503 189 68 5 68 5 68 5 68 5 68 5 189 68 5
240 211
283 68 339 68 339 68 569 68 569 68 569 68 569 68 569 68 569 68 569 68 569
240 211
527 68 5 68 5 68 189 68 189 68 189
261 86 68 517 359
607 158 68 5 68 5 68 5 68 5 68 397
261 86 68 5 68 5 189 68 5 189 68 640
85 4 258 149
321 359
479 68 517
607 158 68 19 85 68 189 68 19 85 68 569 68 569 68 19 85
261 86
479 68 517
607 158 68 5 68 607 158 68 5 68 607 158 68 5 68 5 68 397 68 189 68 189 68 607 158 68 189
283 68 5 68 5 189 68 5 189 68 5 189
370 68 5 68 5 68 5 68 5 68 5 68 5 189 68 5 68 189 68 189
261 86 68 5 68 5 68 5 68 5 68 5
261 86 68 607 158 68 189 68 189 68 189 68 189 68 189 68 189 68 189
240 299
503 189 68 19 85 68 19 85 68 19 85
189 68 607 158 68 5 189 68 5 189 68 189 68 189
240 550 158 68 430
501 85 68 5 68 517 85
503 189 68 5 68 5 68 5 68 5 68 5 189 68 5 68 5 189 68 189
321 247
189 68 189 68 5 189 68 189 68 189 68 189 68 189
283 68 607 158 68 397 68 189 68 19 85 68 189 68 5 68 397 68 189
240 550 501 68 85 359 68 517
283 68 607 158 68 607 158 68 5 68 569 68 569 68 5 68 569 68 569
397 68 517 68 189
397 68 5 68 397 68 397 68 397 68 397 68 397 68 397 68 397 68 397
339 68 607 158 68 607 158 68 607 158 68 607 158 68 569 68 569 68 569 68 569 68 569 68 607 158
607 158 68 607 158 68 5 68 5 68 64 211 108
321 247 68 517
5 68 5 68 5 189
564
240 51 85 68 85
564
19 85 359 68 19 85
189 68 189 68 189 68 189 68 189 68 189
189 68 607 158 68 5 189 68 5
503 189 68 607 158 68 607 158 68 569 68 569 68 189 68 64 211 108
503 158 68 5 68 5 68 5 68 5 68 5
503 189 68 5 68 5 68 5 68 5 68 397 68 5 68 397 68 397
607 158 68 607 158 68 607 158 68 607 158 68 607 158 68 517 68 64 211 108
189 68 5 68 5 189 68 5 68 5 189 68 5
527 68 5 68 5 68 189 68 5 68 189 68 189 68 5 189 68 189 68 189 68 189
189 68 5 189 68 5 189 68 5 189
283 68 607 158 68 397 68 397 68 569 68 569 68 569 68 85 359
43 158 68 517 68 517
211
607 158 68 550 501 68 517
283 68 607 158 68 607 158 68 397 68 397 68 569 68 397 68 397 68 397
607 158 68 607 158 68 607 158 68 5 68 607 158 68 397 68 397 68 64 211
607 158 68 64 211 108
189 68 189 68 189 68 189 68 189 68 189
321 247
261 86 68 607 158 68 5 68 5
503 189 68 607 158 68 607 158 68 607 158 68 607 158 68 569 68 569 68 569 68 607 158 68 607 158 68 189
607 158 68 517 85 359
283 68 5 68 5 189 68 5
607 158 68 5 68 5 68 5 68 5 68 5 68 5 68 5
261 86 68 5 68 5 68 5 68 5 68 5 189 68 5
397 68 5 68 5 189 68 189 68 19 85
321 247 85
211 108 68 5 189
261 86
5 189
149 550 158 108 68 5 189
85 241 194
607 158 68 397 68 397 68 397
527 68 5 68 5 68 5
51 86 68 5 189
261 86 68 5 68 189 68 189 68 241 68 189 68 189
339 551 68 85 359
607 158 68 607 158 68 5 68 5 68 5 68 5 68 5 68 5
64 211 108 68 517
189 68 569 68 85 359
64 211
283 68 607 158 68 607 158 68 5 189 68 607 158 68 5
564
607 158 68 5 68 5 68 5 68 5 68 397 68 5 68 397 68 397
430 108
64 211 108 68 430 68 640 68 640 68 640
397 68 85 359
359 68 85 359
240 51 86 68 64 211 108
261 86 68 5 68 5 68 5 68 5 68 5 68 5
189 389 158 359
261 86
370 68 5 68 5 68 189 68 5 189 68 241 68 397 68 241 68 397
569 68 5 68 189 68 189 68 189 68 569 68 569 68 64 211 108
241 240
607 158 68 607 158 68 5 189 68 241 68 241 68 64 211 108
607 158 68 5 68 5 68 5 68 5 68 5 68 5 68 5 68 397 68 189 68 5 189
607 158 359
370 68 5 68 5 68 5 68 5 68 5 68 5
5 189 68 5 189
479
149
189 85 359 389 158 108
339 551 68 5 68 189 68 189 68 569 68 569 68 569 68 569 68 569 68 569
85 68 5 189 68 189 68 189 68 64 211 108
189 68 189 68 64 211 108 68 189 68 189 68 189 68 189
503 158 68 158 108 68 339 68 158 108
569 68 5 68 5 68 397 68 241 68 241 149
359 68 5 68 5 68 241 68 241 68 241 359
607 158 68 607 158 68 5 68 5 68 189 68 189
189 211 108 68 189 68 189 211 108
370 68 5 68 5 68 5 68 19 85 68 19 85
389 85 359
607 158 68 85 359
607 158 68 5 68 5 68 5 68 5 68 5 68 5 68 5 68 189 68 189
283 68 430 68 430 359
527 68 5 68 5 68 189 68 5 68 5 189 68 5 189 68 189 68 189 68 189 68 189
85 240 211
607 158 68 607 158 68 607 158 68 607 158 68 607 158 68 517
64 211
339 551 68 569 68 569
479 68 430 199
189 68 211 543 211
503 189 68 607 158 68 5 68 5 68 5 68 5 68 5 68 5 68 5 68 5 189 68 5 189 68 5 189 68 5 189 68 5 189 68 5 189 68 5 189 68 5 189 68 5 189 68 5 189 68 5 189 68 5 189 68 5 189 68 5 189 211 108 68 5 189 68 607 158 108 68 5 189 68 158 108 68 158 108 68 158 68 5 68 5 68 5 68 5 68 5 68 5 68 86 68 86 68
370 68 5 68 5 68 189 68 189 68 189 68 189 68 5
607 158 68 5 68 5 68 5 68 5 68 5
607 158 359
283
370 68 5 68 5 68 5 68 5 68 5 68 5 68 5 68 5
607 158 68 607 158 68 607 158 68 607 158 68 607 158 68 517 68 517
503 189
607 158 108
283 68 5 68 5 68 5 68 241 68 19 85 359
607 158 68 189 68 189 68 189 68 189 68 189
211 108
261 86 68 5 68 5 68 5 68 5
283 68 607 158 68 5 68 5 68 5 68 5 68 5 68 397 68 397 68 189
85 359
479
189 68 607 158 68 607 158 68 607 158 68 607 158 68 5
607 158 68 5 68 5 68 5 68 5 68 5 68 517 68 517 85
189 68 607 158 68 5 68 5 68 5 189 68 5 189 68 5
283 68 189 68 189 68 189 68 189 68 189 68 189 68 189
283 68 607 158 68 339
261 86 68 5 68 5 68 5 68 5 68 5 68 5 68 5 68 5
389 339
607 158 68 19 85 359 68 19 85
283 68 607 158 68 5 189 68 5 189
85 4 258 149
261 86 68 5 68 5
261 86 68 607 158 68 397 68 397 68 19 85 68 397 68 19 85 359
189 240 51 86
607 158 68 5 68 5 68 5 68 5 68 5
503 189 68 569 68 189 68 189 68 569
189 68 5 68 5 189 68 5 68 5 68 5 189 68 5 68 189
189 68 5 68 5
189 68 189 68 189
5 189
149 550 158
370 68 5 68 5 68 189 68 5 189 68 19 85 359
189 163 68 550 501 85
501 68 550 501 68 517 68 517 68 64 211 108
261 86 68 5 68 5 189 68 5 189
189 68 527 68 5 68 189 68 397 68 19 85 359
569 85 359
85 359 68 85 359
189 85 359 389 158 118
5 189
283 68 19 85 68 569 68 569 68 85 359
283 68 607 158 68 607 158 68 607 158 68 607 158 68 5 68 569 68 189 68 189 68 607 158 68 189
189 68 569 68 569 68 569 68 569 68 569
503 189 68 5 68 397 68 397 68 569 68 569 68 569 68 569 68 397
189 68 5 189
339 68 607 158 68 607 158 68 397 68 607 158 68 397 68 397 68 397 68 397 68 64 211 108
261 86 68 5 68 5 68 5 68 5 68 397 68 397 68 397
85 359 389 158 108
607 479 68 550 501
5 68 241 68 397 68 397
85 359
607 158 68 569 68 569 68 189 68 569
261 86 68 85 68 397 68 397 68 85 359
607 158 68 607 158 68 607 158 68 5 68 607 158 68 397 68 397
64 211
370 68 5 68 5 68 5 68 5 68 5 68 5 189 68 5
211 68 5 68 5 189 68 5 189
564 68 5 68 5 68 5 68 5 68 397 68 397 68 5 68 397
5 189 68 5 189
283
397 68 397
607 158 68 607 158 68 5 68 5 68 189 68 189 68 5
261 86 68 5 68 5 189 68 5 189 68 5 189 68 5 189 68 5 189 68 5 189
607 158 68 5 68 5 68 397 68 397 68 397 68 517 68 517 68 397 68 64 211
211 68 5 189
261 86
240 389 85
241 359
607 158 68 517 68 397 68 397 68 241 68 241
240 51 86 68 397 68 397
85 359
5 68 5 68 569 68 241 68 241 68 240 211 108
85 397
240 550 158 68 5 68 5 189 68 241
85 359 68 158 108 68 607 158 68 19 85 68 19 85 68 19 85
283 68 339
261 86 68 5 68 5 68 5 68 5 68 5 68 5
607 158 68 527 68 5 68 5 68 5 68 5 68 5 68 5
85 359 68 5 189 68 397
283 68 5 68 5 68 5 68 5 68 5 68 5
283 68 607 158 68 5 68 5 68 5 68 5 189 68 5
283 68 158 108 68 19 85 68 19 85 68 19 85 68 19 85
64 211 68 189 68 189 68 189 68 189 68 189
85 359
189 68 189 68 189
149
370 68 5 68 5 189 68 189 68 5 189 68 189 68 189 68 189 211 108
607 158 68 5 68 5 68 5 68 5 68 5 68 5
607 158 68 527 68 189 68 5 68 189 68 189 85
370
189
430 359
397 68 397
370 68 5 68 5 68 5 68 5 68 19 85
339 551 68 569 68 339
607 158 68 5 68 5 68 5 68 5 68 5 68 5 68 5 68 189 68 189
261 86 68 5 189 68 397 68 397 68 241 359
5 189
261 86 68 124
85 241 194
85 4 258 149
51 86
564
283 68 5 68 5 68 5 189 68 5 68 5 189 68 5
189 68 5 68 5 68 189 68 5
283
370 68 5 68 5 68 5 68 5 68 241 359
370
85 4 258 85
607 158 68 5 68 5 68 5 68 5 189 68 5 189 68 5 68 189 68 189 68 189
261 86 68 5 68 5 68 5 68 5
503 189 68 607 158 68 607 158 68 19 85 68 607 158 68 64 211 108
189 68 569 68 569 68 397 68 397 68 569
564 68 5 68 189 68 189 68 189
370 68 5 68 5 68 5 189 68 5 189 68 5 189 68 5 189 68 189
527 68 607 158 68 5 68 517 68 517
359 68 607 158 68 5 68 5 189 68 5 189 68 5
261 86 68 5 68 5 68 5 68 5
283 68 607 158 68 607 158 68 607 158 68 607 158 68 158 68 158 68 607 158 68 607 158 68 607 158 68 607 158 108
64 211
607 158 68 81 68 189 68 189 68 569 68 569 68 569 68 85
51 86
564 68 5 189 68 5 189
240 211 68 5 68 189 68 189 68 5 189
607 158 68 5 68 5 189 68 5 189 68 5 189
359 389 158 108 68 241 359
607 158 68 550 501 68 189 68 189 68 64 211 108 68 64 211 108
240 211
189 68 5 68 5 68 189 68 5 68 5 189 68 5
261 86 68 5 68 5 68 5 68 5 68 5 189 68 5 68 397 68 397
261 86
85 359 68 240
569 68 19 85 68 607 158 68 397 68 19 85 68 397 68 397 68 397 68 397 68 397 68 397 68 189
607 158 68 607 158 68 607 158 68 19 85 68 607 158 68 550 158 68 64 211
261 86 68 5 68 5 189 68 5 189 68 397 68 5 189
189 68 607 158 68 397 68 397 68 397
607 158 68 85 68 397 68 397 68 397 68 397 68 397 68 397 68 397
405 108 68 517 68 517
283 68 607 158 68 569 68 569 68 569 68 569 68 569 68 569 68 569
261 86 68 397
5 189
5 189 68 5 189 68 5 189 68 5 189
85 359 68 430 149
397 68 397
607 158 68 5 68 397 68 397 68 241 68 241 68 241 68 241 68 397
479 68 517
261 86 68 5 68 5 68 5 68 5
283 68 607 158 68 397 68 397 68 397 68 397 68 397
321 247 85 68 430 149
479
370 68 607 158 68 607 158 68 5 68 5 68 5 68 5 68 397 68 189 68 189 68 189
149 68 189 68 189
503 189 68 19 85 68 19 85 68 19 85 68 569 68 569 68 64 211 108
607 158 68 5 68 5 68 5 68 5 189 68 5 189 68 5 68 397
283 68 5 68 5 68 5 68 5 68 397 68 397 68 397 68 397 68 397
564
607 158 68 5 68 397 68 397 68 397 68 397 68 397 68 397 68 397 68 397 68 397 68 397 68 189
607 158 68 550 158
370 68 5 189 68 5 189
189 68 569 68 569 68 569 68 569 68 569 68 569 68 569
569 68 397 68 607 158 68 397 68 397 68 397 68 397 68 397
240 550 501 68 85
370 68 5 68 5 68 189 68 5 189 68 241 149
607 158 68 607 158 68 607 158 68 19 85 68 607 158 68 64 211 108
86 68 85 359 68 85 359
240 389 158 68 19 85
211 68 64 211
564
370 68 5 68 5
240 211 68 607 158 68 607 158 68 550 158 68 64 211 68 517
339 68 5 68 5 189 68 5 189 68 241
607 158 68 85 359 68 189 68 241 68 19 85 359
607 158 68 85 359 68 397 68 397 68 85 359
607 158 68 5 68 397 68 397 68 397 68 397 68 397 68 397 68 397 68 397 68 397 68 397 68 397 68 397 68 397 68 397 68 5 189 550 501 85
607 158 68 5 68 397 68 397 68 241 68 397 68 517 68 517
283 68 607 158 68 607 158 68 569 68 569 68 569 68 569 68 569 68 569
339 68 607 479 68 607 158 68 5 68 517
85 359
607 158 68 19 85 68 607 158 68 19 85 68 607 158 68 19 85 68 64 211 108
240 299 68 569 68 189 68 397 68 19 85
261 86 68 5 68 5 68 5 68 5 68 5
607 158 68 85 359 68 397
240 240
189 68 607 158 68 607 158 68 607 158 68 607 158 68 5
149
261 86 68 5
283 68 189 68 189 68 189 68 189 68 189 68 189 68 189
240 211 68 430 68 430 68 241
607 479 68 5 189
85 51 86 68 5 189
503 189 68 5 68 5 68 5 68 5 68 5 189 68 5
19 85 359 68 430 359
261 86 68 5 189
607 158 68 607 158 68 5 68 5 68 5 68 5
261 86 68 607 158 68 607 158 68 5 68 5 68 5 68 5 68 189 68 189 68 189
501 85 68 607 158 68 397 68 397 68 569 68 569 68 569 68 569 68 569 68 569 68 569
85 359 389 158 108
607 158 68 5 68 189 68 189 68 189 68 189 68 189 68 189
261 86 68 85 68 397 68 397 68 397 68 397 68 397
479 68 517
569 68 569 68 569 68 569 68 569 68 569 68 569 68 85 359
607 158 68 607 158 68 607 158 68 607 158 68 607 158 68 517
189 68 5 68 5 189 68 189 68 5 189 68 189 68 5
240 299 68 241 68 241
607 158 68 517 68 64 211 108
189 68 607 158 68 5 68 5 189
189 68 5 68 397
607 158 68 517 68 517 68 240
370 68 5 68 81 68 189 68 189 68 19 85 68 189 68 64 211 108
569 68 5 68 189 68 189 68 189
283 68 339 68 339 68 339
564
64 211 68 607 158 68 607 158 68 5 68 607 158 68 5 68 397 68 397 68 189 68 189
189 68 5 68 5 68 397 68 241 68 241 359
503 189 68 5 68 189 68 189 68 189 68 503 189
43 158 68 5 189 68 5 189 68 5
261 86 68 5 68 5 68 5 68 5 68 5 189 68 5 68 397 68 397 68 5 189
211 108 68 19 85 359 68 19 85 359
85 359 68 158 108 68 158 108
261 86 68 5
283 68 339
189 68 5 189 68 189 68 189 68 189 68 189 85
607 158 68 5 68 397 68 397 68 397 68 397 68 397 68 397 68 397 68 397
527 359
189 68 607 158 68 607 158 68 189 68 189 68 189
339 551 68 569 68 19 85
64 211 68 640
189 389 85
479 551
339 68 607 158 68 607 158 68 5 68 5
189 68 607 158 68 19 85 68 19 85 68 19 85 68 19 85
283 68 607 158 68 607 158 68 397 68 569 68 569 68 397
261 86 68 5 68 189 68 189 68 189 68 189 68 189 68 189 68 189 68 189
85 4 189
64 211
607 158 68 5 68 5 68 189 68 5 68 189 68 189 68 64 211 108
479
5 68 5 68 397
607 158 68 517 68 517 68 397 68 517
397 68 85 359
359 389 158 118
261 86 85 359 68 339
189
261 86 68 607 158 68 607 158 68 550 158 68 517
261 86 68 5 68 5 189 68 5 189 68 5
158 108
370 68 5 68 5 68 5 68 5 68 189 68 189 68 5 68 189 68 189 68 189
283 68 607 158 68 607 158 68 189 68 189
85 241
527 68 5 68 517
189 68 189 68 397 68 397 68 397 68 241 359
240 211 68 430 68 430 68 241 68 19 85
617 68 517
339
189 68 5 68 5 68 5 189 68 5 68 569 68 5 68 64 211 108
564 68 607 158 68 5 68 5
607 158 68 5 68 5 68 5
85 359
283 68 607 158 68 397 68 397 68 397 68 397 68 397 68 397 68 397 68 397 68 189
85 359
607 158 68 607 158 68 607 158 68 607 158 68 607 158 68 517
85 359 51 85
189 68 569 68 569 68 189 68 569 68 569 68 569 68 569 68 569 68 569
501 85 68 517 85
397 68 397 68
569 68 5 68 5 189 68 5 189 68 5 189
283
479
189 68 19 85 68 158 108 68 5 68 397 68 397 68 397
607 158 68 607 158 68 607 158 68 607 158 68 607 158 68 550 158 68 64 211 68 550 158 68 607 158 68 189 68 189
189 68 607 158 68 607 158 68 189 68 189 68 189
189 68 189 68 189 68 189
85 564
189 68 19 85 68 569 68 189 68 569 68 569 68 189 68 85
607 158 68 5 68 189 68 189 68 189 68 189 68 189
261 86 85
607 479 68 517
5 68 5 189 68 5 189
211 108
607 158 68 607 158 68 607 158 68 607 158 68 607 158 68 607 158 68 189 68 607 158 68 607 158 68 189 68 189 68 189
607 158 68 5 68 397 68 189 68 397 68 397 68 397 68 397 68 397
479 211
189 68 5 68 5 68 5 68 5 68 5
240 550 158 108 68 517
261 86 68 5 189 68 5 189
241 85
430 149 550 158 149
607 158 68 5 68 5
283 68 339
607 158 68 607 158 68 517 68 517
261 86 68 397 68 397
503 158
283 68 607 158 68 569 68 569 68 569 68 569 68 569 68 85 359
261 86 68 5 68 5 189 68 5 68 5 189 68 5 189
607 158 68 5 68 189
261 86 68 5 68 5 68 5 68 5
389 339
607 158 68 5 68 189 68 189 68 5 68 189 68 189 68 189
85 359 68 569 68 85
261 86 68 5 68 5 68 5 68 5 68 5
607 158 68 550 158 68 5 189
607 158 68 5 68 607 158 68 5 68 5 68 5 68 5 68 189 68 189
85 359 68 241
283 68 5 68 5 189 68 5 68 241 68 241 68 5 189 68 241 68 189
607 158 68 607 158 68 5 68 5 68 5 68 5 68 5 68 517 68 64 211 108
321 247 68 640
569 68 5 68 607 158 68 5 68 5 68 397 68 5 68 397 68 397 68 397 68 189 68 397 68 189
607 158 68 607 158 68 5 68 5 68 5 68 5 189 68 5
283
189 68 189 68 607 158 108
261 86 68 5 68 5 189 68 5 68 19 85 68 5 189 68 189 68 189
240 211 68 19 85 359 68 19 85
85 85 359 68 85
607 158 68 607 158 68 189 68 189 68 189 68 189 68 189 68 189 68 189 211 108
189 68 607 158 68 189 68 189 68 189 68 189
240
479 551
617
85 359 389 158 108 68 19 85
189
64 211 108 68 517 68 241 68 241 68 64 211 108
189 68 5 68 19 85 68 5 68 5 68 189 68 397 68 397
569 68 527 68 5 68 5 68 5 68 189 68 189 68 5
51 86 68 5 68 640
261 86 68 5 68 397 68 397 68 397 68 397 68 397
85 4 258 149
261 86 68 5 68 5 189 68 5
211 108 68 5 68 189
397 68 5 189 68 5 189
261 86 68 607 158 68 339 68 339
189 68 5 189 68 569 68 189 68 19 85 359
261 86
283 68 5 68 5 68 5 68 5
321 247
607 158 68 607 158 68 5
359 68 19 85 68 19 85 68 397 68 19 85
240
19 85 68 19 85 359 68 19 85
370 68 5 68 5 68 5 68 5
503 189 68 5 68 5 68 5 68 5 68 5 68 5 68 64 211 108
501 68 607 158 68 607 158 68 5
85 359 389 158 108
607 158 68 550 501 68 189 211 149
261 86 68 517
283 68 5 68 5 189 68 189 68 5 189
607 158 68 5 68 397 68 397 68 5 68 397 68 397 68 397 68 397 68 189
339 68 339
607 158 68 607 158 68 189 68 189 68 189 68 189
64 211 108 68 607 158 68 5 68 19 85 68 607 158 68 5 68 189 68 189 68 189 68 189 68 189
359
607 158 359
283
339
261 86 68 5
503 189 68 5 68 5 189 68 5 68 569 68 5 189 68 569 68 189
607 158 68 430
189 68 607 158 68 607 158 68 5 68 5 189 68 5 189
479 68 5 189 68 5 189
194 149
607 158 68 19 85 68 339 68 19 85
607 158 108 68 517 68 517 85
43 158 68 517 68 189 68 189
189 389 85 68 607 158 108 68 189 68 189 68 189 68 189
607 158 68 5 68 5 68 5 68 241 68 517 68 517 68 517 68 64 211 108
241 68 397 68 397 68 397
85 68 517
240 211
397 68 85 359
261 86 68 5 68 5 68 5 68 5 68 397 68 397
370 68 5 68 5 68 5 68 5 68 241 68 5 189 68 241
189 68 527 68 5 68 5 68 5 68 5 68 189
607 158 68 189 68 189
51 86 68 5 68 5 68 5 68 517
85 359 51 85
85 4
261 86 68 5 68 5 189 68 241 68 241 149
503 189 68 85
258 85 68 430 149
527 359
607 158 68 19 85 68 189 68 19 85 68 19 85
5 68 5 68 397 68 397
211 543 211
149 389 149
261 86 68 607 158 68 607 158 68 5 68 397 68 397 68 397 68 397 68 189 68 189 68 189
240 550 158 118
569 68 607 158 68 5 189 68 5 189 68 569 68 569 68 640
189 68 607 158 68 397 68 397 68 569 68 569 68 569 68 569 68 569
5 68 5 68 5 68 5 189 68 5 68 5 189 68 5 189 68 5 189
51 86 68 517 68 517 359
211 68 5 68 5
339 68 607 158 68 607 158 68 607 158 68 607 158 68 5 68 19 85 359
241 149
64 211 108 68 19 85 68 397 68 19 85 68 19 85 68 19 85 68 397 68 241
149 389 85 359
240 550 430
397 68 397
569 68 5 68 19 85 68 189 68 19 85 359 68 19 85
149 550 158 68 430 359
339
189 68 607 158 68 607 158 68 5 189
607 158 68 607 158 68 189 68 189 68 189
85 4 258 68 158 108
261 86 68 607 158 68 607 158 68 5 68 5 68 5 68 5 68 5 68 5 68 5 68 607 158 68 5 68 5 189 68 5 189 68 5 189 68 5 189 68 5 189 68 607 158 68 5 189 68 5 68 5 189 68 5 189 68 5 189 68 5 189 68 5 189 68 607 158 68 5 189 68 5 68 5 68 5 68 5 68 607 158 68 5 68 5 68 5 68 5 68 5 68 5 68 86 68 86
607 158 68 397 68 397 68 397 68 189
370 68 5 68 5 68 5 68 5 68 5 68 5
261 86 68 124
479 551
503 158 108 68 158 108 68 339 68 85 359
607 158 68 607 158 68 607 158 68 607 158 68 607 158 68 607 158
85 241 68 85
503 189 68 569 68 569 68 569 68 569 68 569
607 158 68 81 68 189 68 189 68 158 108
189 68 19 85 68 19 85 359 68 19 85
261 86
339 68 607 158 68 517 68 517 68 517 68 517
240 550 158
85 359
240 299
149 389 158 108
85 359
85 359 68 158 108 68 19 85
339 551 68 339 68 339
19 85 68 19 85 68 397 68 569 68 569 68 569 68 569 68 569 68 569
211 68 5 68 5 68 189 68 569 68 569 68 569 68 569 68 569
564 68 5 68 5 68 397
503 158 68 607 158 68 607 158 68 607 158 68 607 158 68 517 68 64 211 108
607 158 68 607 158 68 607 158 68 607 158 68 607 158 68 607 158 68 64 211 108
158 108 68 158 108 68 158 108
240 211 68 607 158 68 607 158 68 19 85
283 68 5 68 5 189 68 5 68 5 189
503 189
607 158 359
283 68 5 68 5 68 5 68 5 68 5 189 68 5 68 5
503 189 68 607 158 68 5 68 5 68 19 85 68 5 68 5 68 397 68 189
189 68 64 211 108
261 86 68 5
283 68 607 158 68 397 68 397 68 569 68 569 68 569 68 569 68 397
283
261 86 68 5 68 5 68 5 68 5 68 5
564 68 5 68 5 68 189 68 189 68 64 211 108
607 158 68 607 158 68 5 68 5 68 5 68 5 68 5 68 5 68 189 68 189
339 68 569 68 569 68 397 68 569 68 569
503 189 68 5 68 5 68 5 68 5 189 68 5 189 68 5 189 68 189
607 479 68 5 189
85 359
607 158 68 5 68 189 68 189 68 189 68 189 68 189 68 189 68 189 68 189
261 86 163
370 68 5 189
503 189 68 5 189
240 51 86 68 397
339 551 68 339
261 86 68 5 68 5 189 68 5 68 5 189
564
283 551 68 339 551
51 86 149
189 68 550 501 68 607 158 68 5 68 5 189 68 5 189
503 189 68 607 68 607 158 68 5 68 189 68 189
607 158 68 607 158 68 607 158 68 569 68 189 68 189
189 68 5 68 5
189 68 19 85 68 607 158 68 189 68 189
607 158 189 211 189
607 158 68 607 158 68 607 158 68 5 68 5 68 5 68 5 68 189 68 189 68 189
503 189
607 158 68 5 68 5 68 5 68 5 68 5 68 5 68 5 68 397 68 189 68 189 68 189
85 359
85 359 389 85 359
370 68 5 68 5 189 68 5 189 68 5 189
501 85 68 607 158 68 189 68 19 85 68 569 68 189 68 569 68 189 68 189
261 86
389 158 359 68 5 189
211 108 68 19 85 68 430 68 240
189 68 5 68 189 68 189 68 189 68 189 68 189
370 68 158 108 68 19 85 359
607 158 68 5 68 189 68 189 68 5 68 189 68 189 68 64 211 108
479
607 158 68 19 85 68 19 85 68 19 85 68 569 68 569 68 569 68 569 68 569
211 199
189 68 607 158 68 607 158 68 5 68 607 158 68 5 68 5 68 189 68 189 68 189
283 68 607 158 68 397 68 397 68 397 68 397 68 397 68 397 68 397 68 397
283 68 607 158 68 397 68 397 68 569 68 569 68 569 68 85
397 68 517 68 517
370 68 5 68 5 68 5 189 68 5 189 68 5
240 211
19 85 68 430 68 430
503 189 68 85 68 158 108 68 569 68 569 68 85 359
370 68 5 68 5 68 5 68 5 68 5 68 5 68 5 68 5 68 397 68 5
240 359 68 19 85
607 158 68 607 158 68 607 158
569 68 569 68 85 359 68 189 68 19 85
430 68 430 68 430
607 158 68 607 158 68 5 68 5 68 241 68 5
149
339 68 339
370
261 86 68 607 158 68 5 189
607 158 68 5 68 5 68 5 68 5 68 5
189 68 5 68 5 189 68 5 68 5 189 68 397 68 5
240 211 543
240 389 85
261 86 68 5 68 5 68 5 68 5 68 5 68 5 68 5 68 5
564 68 5 68 5 68 5 68 5 68 397 68 397 68 5 68 397
503 189 68 569 68 189 68 189 68 19 85
564
261 86 68 607 158 68 5 68 5 68 5 68 5 68 5 68 397
503 189 68 607 158 68 5 68 5 68 5 189
5 189 68 5 189
85 4 258 68 430 149
189 85 359
261 86 68 261 86
85 359 51 86
189 389 158 108
211 68 607 158 68 189 68 189 68 189 68 189 68 189
370 68 5 68 189 68 189 68 189 68 569 68 189 85
85 359 68 158 108 68 607 158 68 569 68 569
479
397 68 5 68 569 68 397 68 397 68 569 68 397 68 397
607 158 68 607 158 68 607 158 68 550 501 68 607 158 68 64 211 68 64 211 108
339 68 339
211 68 607 158 68 607 158 68 397 68 397 68 397 68 397 68 397 68 397 68 397 68 569 68 397
240 299
503 189 68 5 68 5 189 68 5 68 241
189 68 607 158 68 607 158 68 189 68 189
240 211 68 19 85 68 397 68 241 68 19 85
564 68 5 189
283 68 607 158 68 19 85 68 19 85
261 86
241 359
607 158 68 5 68 5 68 189 68 5 68 189 68 5 189 68 64 211 108
339 551 68 5 189
261 86 68 5 68 5 68 5 68 5
370 68 5 68 5
85 359 68 85 359
564
321 247
370 68 5 68 5 189 68 5 189
240 211 543
607 158 68 5 68 5 68 189 68 5 68 189 68 5 189 68 189 68 189 68 189 68 189
430
261 86 68 5 189 68 5 189 68 5 189
261 86 68 569 68 569 68 569 68 569 68 569 68 569
85 359 68 19 85
261 86 68 5 189 68 189 68 19 85 359
607 158 68 607 158 68 607 158 68 607 158 68 607 158 68 517
261 86 68 5 68 397 68 397 68 397 68 397 68 397 68 397 68 397 68 397 68 397 68 397
240 149
85 359
261 86 68 85 68 5 68 5 68 85 359
607 158 189 211 149
397 68 397 68
503 189 68 5 68 5 68 397 68 397 68 397
261 86 68 5 68 397 68 189 68 189 68 189 68 5
339 551 68 19 85 359
149 389 158 108
85 299 68 5 189 68 640 68 241 359
479
85 68 607 158 68 607 158 68 517 68 517 68 517 68 517 68 517 85 68 64 211 108
85 359
240 550 158 108
189 85 359 389 158 108
261 86 68 5 68 5 68 5 68 5 68 5
85 359
283 68 5 68 5 68 5 68 5 68 19 85
370 68 607 158 68 607 158 68 5 68 569 68 569 68 569 68 397 68 397
607 158 68 607 158 68 5 68 5 68 5 68 5 68 5 68 241 68 64 211 108
240 299 68 430 68 430
261 86 85
283 68 5 68 397 68 397 68 397 68 397 68 397 68 397
261 86 68 5 68 5 68 5 68 5 68 5 68 5
503 189 68 607 158 68 607 158 68 241 68 569 68 569 68 397 68 397 68 189
283 68 158 108 68 569 68 569 68 517
283 68 607 158 68 569 68 569 68 569 68 569 68 569 68 85 359
283 68 430 551 68 430 108
607 158 68 5 68 5 68 5
288 68 430 68 430
503 189 68 81 68 189 68 189 68 19 85 68 189 68 19 85 68 64 211 108
564 68 158 108 68 189 68 189
397 68 607 158 68 397 68 397
85 68 158 108 68 158 108 68 189 68 158 108
564
503 189 68 569 68 569 68 569 68 569 68 569 68 569 68 85 359
607 158 68 5 68 5 68 5 68 5 68 5 68 5 68 5 68 189 68 189
261 86 68 5 68 5 68 5 68 5 68 5 189 68 5
283 68 19 85 68 19 85 68 19 85
283 68 5 68 5 189 68 5 68 5 189
261 86 68 5 68 5 68 5 68 5
569 68 569 68 569 68 569 68 569 68 569 68 569 68 569 68 85 359
527 68 5 68 5 68 189 68 189 68 189
527 68 5 68 5 68 5 189 68 5 189
240 211 68 5 189
85 359 68 158 108 68 158 108 68 19 85 68 158 108 68 158 108
189 68 5 68 5 68 5 68 5 68 241 68 241 68 5
261 86 68 430 68 430 68 517
189 68 569 68 569 68 397 68 569 68 569 68 569 68 569
321 359
283 68 5 68 5 189 68 189 68 189 68 607 158 108 68 189 68 189 68 189

283 68 607 158 68 607 158 68 607 158 68 607 158 68 5 68 397 68 397 68 607 158 68 607 158 68 189 68 189 68 607 158 68 607 158 68 607 158 68 607 158 68 607 158 68 607 158 68 5 68 5 68 5 189 68 607 158 68 607 158 68 607 158 68 607 158 68 607 158 68 607 158 68 158 68 158 68 607 158 68 607 158 68 158 68 158 68 607 158 68 607 158 68 86 68 86 68 86
370 68 5 68 5 68 5 68 5 68 5 68 5 68 5 68 397
607 158 68 607 158 68 607 158 68 569 68 569 68 569 68 569 68 569 68 189
51 86 68 5 68 397 68 397 68 397 68 397 68 5 189 68 397 68 397
261 86 68 5 68 5 68 5 68 5
5 68 5 68 5
607 158 68 85 359 68 64 211 108
397 68 5 68 5 68 397 68 5 68 241 68 397 68 5
85 359
339 551
397 68 397 68 397 68 397 68 397 68 397 68 397 68 397 68 397
339 68 339 68 607 158 68 339 68 569 68 569
397 68 5 68 5 68 189 68 64 211 108
149
283 68 607 158 68 607 158 68 5 68 607 158 68 5 68 397 68 397 68 189 68 189 68 607 158 68 189 68 189 68 189 68 607 158 108
569 68 607 158 68 5 68 5 189 68 5 189
479 85 359
85 359 68 158 108 68 430 359
85 359 389 158 118
240 211 68 607 158 68 189 68 241 68 19 85 359
339 68 5 68 5 189 68 5 189 68 241
569 68 569 68 19 85 68 189 68 5 68 189 68 189 68 19 85
283 68 607 158 68 397 68 397 68 397 68 397 68 397 68 397 68 397 68 397
283
5 189 68 241 359
189 68 5 68 5
564 68 5 68 5 68 5 189 68 19 85
397 68 397 68 397 68 397
261 86 68 5 68 5 68 5 68 5 68 5
564 68 430 68 430
479 240 550 158
261 86 68 607 158 68 397 68 397 68 397 68 397 68 397 68 397 68 397 68 189
5 189
261 86 68 5
607 158 68 607 158 68 607 158 68 189 68 189 68 189
261 86
261 86 551
283 551 68 19 85 68 189 68 241 359
5 189
501 68 5 189 68 5 189 68 5 189
607 158 68 607 158 68 607 158 68 607 158 68 607 158 68 550 158 68 397 68 189 68 607 158 68 607 158 68 189 68 607 158 189 68 607 158 68 607 158 68 607 158 68 607 158 68 607 158 68 607 158 68 5 189 550 501 68 607 158 189 550 158 189 211 189 68 607 158 189 68 607 158 68 158 68 607 158 68 607 158 68 607 158 68 158 68 189 68 189 68 189 68 189 68 189 68 189 68
189 68 5 189 68 189
261 86 68 5 68 5 189 68 19 85
261 86 68 5 189 68 5 189
5 189
85
569 68 189 68 189 68 189 68 189 68 189 68 189 68 189 68 189 211 108
85
607 158 68 5 68 189 68 189 68 189 68 189
189 68 189 68 189 211 108
51 86 68 517
240 211 68 607 158 68 607 158 68 19 85 68 569 68 64 211 108
503 189 68 5 68 5 68 5 68 5 68 5
607 158 68 5 68 397 68 397 68 397 68 397 68 397 68 397 68 397 68 189
189 68 501 68 85 359 68 189 68 189
261 86 85
85 4 258 85
503 189 68 19 85 68 569 68 569 68 569 68 569
607 158 68 5 68 5 68 189 68 5 68 189 68 5 68 5 68 189 68 189 68 189
503 189 68 5 68 5 68 189 68 569 68 569 68 189
261 86 85
85 359 68 397 68 397 68 397 68 397
240 550 158 68 430 149
479 211 551
370 68 5 68 5 68 5 68 5 189 68 5 189 68 5 68 5 189 68 189
564 68 5 68 5 68 5 189 68 5 189 68 5
503 158
564 68 5
564 68 5 68 189 68 189 68 189 68 189
370 68 5 68 5 68 189 68 5 68 19 149
283 68 19 85 68 569 68 569 68 241
607 158 68 607 158 68 607 158 68 607 158 68 607 158 68 5 68 189
85 359 68 430 149
261 86 68 5 68 397 68 397 68 397 68 397 68 397 68 397
607 158 68 607 158 68 607 158 68 607 158 68 607 158 68 550 158 68 211
607 158 68 397 68 397 68 397 68 397 68 397 68 397 68 397 68 397
370 68 5 68 5 68 5 68 5 68 5 68 5 189 68 5 68 189 68 189
607 479 68 5 68 5 68 5 68 5
149
240 211 108
607 158 68 5 68 397 68 189 68 569 68 569 68 64 211 108
149 68 19 85 359
607 158 68 5 68 189 68 189 68 189 68 189
85 68 479 68 517
321 247
370 68 5 68 5 68 5 68 5 68 19 85 359
503 189 68 5 68 189 68 189 68 64 211 108
85 85 359 68 85
189 68 5 189 68 5 189
189 68 189 68 569 68 189 68 189
189 68 5 68 5 189 68 5 68 5
607 158 68 5 68 5 68 5 68 5 68 5 68 5 68 5 68 397 68 189 68 189
569 68 5 68 189 68 189 68 189 68 189 68 189 68 5 189 68 189 211 108
189 68 189 68 189 68 189 68 189 68 189 68 189
240 299 68 640 68 640
211 68 607 158 68 430 68 430 68 430
564 68 5 68 5 68 5 68 5
527 68 607 158 68 607 158 68 189 68 607 158 68 5 68 189 68 189 68 189 68 189
64 211 108
283 68 607 158 68 607 158 68 5 68 569 68 569 68 569 68 569 68 569 68 569 68 569 68 189
607 158 68 19 85 68 189 68 19 85
261 86 68 607 158 68 430 68 517 68 430
339
607 158 68 607 158 68 607 158 68 607 158 68 607 158 68 5 68 5 68 5 68 5 68 607 158 68 5 68 5 68 5 189 68 5 189 68 607 158 68 5 189 550 501 68 607 158 68 5 68 5 68 5 189 68 5 189 550 158 149 550 158 149 550 158 149 68 607 158 149 68 5 68 158 149 68 158 68 158 68 158 68 158 68 158 68 158 68 5 68 5 68 5 68 5 68 189 68 158
85 199
283 68 5 68 569 68 569 68 569 68 569 68 569 68 85 359
370 68 5 68 81 68 189 68 19 85 359
607 158 68 5 68 607 158 68 5 68 5 68 5 68 5 68 189 68 189
479
189 68 5 68 5 189 68 189 68 189 68 189
569 68 85 68 64 211 108 68 189 68 64 211 108
283
189 68 5 68 5 189 68 5 189
261 86 68 5 68 5 189
569 68 5 68 5 189 68 5 189 68 5 189 68 5 189 68 5
321 247
607 158 68 5 68 397 68 397
261 86 68 5
85 359 68 189 68 189
51 86 68 5 189 68 5 189
607 158 68 189 68 189 68 189
370 68 5 68 607 158 68 397 68 19 85 68 397 68 64 211 108
283 68 5 68 5 68 189 68 241 68 241 68 5 189 68 241
261 86 68 5 68 397 68 397
607 158 68 5 189 68 397
240 211 68 430 68 430 68 339 68 158 108 68 430 68 430
261 86 68 5 68 5 68 5 68 5
397 68 5 189
607 158 68 81 68 189 68 189 68 189 68 189 68 189 68 64 211 108
339 68 397 68 397 68 397 68 397 68 569 68 397 68 397 68 397 68 397
339 68 607 158 68 607 158 68 607 158 68 607 158 68 158 68 397 68 397 68 397 68 607 158 68 607 158 68 189
189 68 607 158 68 5 189 68 5 189 68 5 189 68 5
240 299
430 194 149
261 86 68 5 68 5 68 397 68 241 68 397 68 397 68 397 68 397
261 86 68 85 359
261 86 68 5 68 5 189 68 5
261 86 68 5 68 5 68 5 68 5 68 5
261 86 68 550 501 68 517 68 517 68 64 211 108
283 551 68 569 68 569 68 189
241 359
261 86 68 5 68 607 158 108 68 5 189 68 189 68 189
85 359 389 158 118
240 211 68 607 158 68 607 158 68 550 158 68 607 158 68 550 158 68 211 108 68 550 158 68 607 158 68 607 158 108
370 68 5 68 5 68 5 68 5 68 5 68 5 189 68 5 68 5 189 68 5 189
479
211 543 68 5 189 68 5
5 68 5 189 68 5 189
85 359 68 19 85
189 68 189 68 189 68 189 68 189 68 189
158 108
189 550 501
64 211 108 68 640
261 86 68 607 158 68 397 68 397 68 397 68 397 68 397 68 397 68 397 68 397 68 397 68 397 68 189
397 68 189 68 189 68 397 68 189 68 189 68 397 68 189
240 299 299
397 68 397 68 397 68 397
370 68 5 68 5 68 5 68 5 68 19 85 68 5 68 5 68 64 211 108
607 158 68 550 501 68 607 158 68 550 158 68 607 158 68 550 158
607 158 68 607 158 68 607 158 68 607 158 68 607 158 68 607 158 68 607 158
503 158 108
569
479 551
479 551 68 19 85 359 68 19 85
240 211 108 68 189 68 189
189 68 5 189 68 5 189 68 5 189
607 158 68 5 68 241 359
261 86 68 5 189 68 5 189
261 86 68 5 68 5 68 5 68 5 68 5 189
370 68 5 189 68 189
85 359
607 158 68 5 68 397 68 397 68 397 68 397 68 397 68 397 68 397
240 550 158 149
607 158 68 550 501 68 607 158 68 64 211 108
479 551
261 86 68 158 108 68 158 108 68 158 108
189 68 189 68 189 211 149
607 158 68 607 158 68 607 158 68 5 68 607 158 68 397 68 397
569 68 5 189 68 189 68 189 68 189 68 189
261 86 85
503 158
283 68 339
479
339 68 339 68 339
261 86 68 5 68 397 68 189 68 397 68 397
261 86 68 397 68 397 68 397 68 397 68 397 68 397
283 68 607 158 68 607 158 68 607 158 68 607 158 68 397 68 397
397
189 68 189 68 189 68 189 68 189 68 189
607 158 68 5 68 397 68 189 68 5 189 68 189 68 189 68 397 68 189
430
241 240
607 158 68 527 68 189 68 189 68 189 68 189 68 189 68 64 211 108
5 189
339 551 68 85 359
564 68 158 108 68 189 68 189
397 68 85 359
564
607 158 68 5 68 5 68 5 68 5 68 189 68 5 189 68 64 211 108
527 68 5 68 5 68 189 68 5 189 68 189 68 189 68 569 68 397 68 189 68 189
85
370 68 189 68 189 68 189 85 359
607 158 68 607 158 68 607 158 68 607 158 68 607 158 68 189 68 189 68 189
261 86 68 5 68 5 68 5 68 241 68 5 189 68 5
370 68 5 68 5 68 5 68 5 68 5 189 68 5 189 68 5 189 68 5 189
430 108
261 86 68 85 359
241 149
370 68 5 68 5 68 189
321 247 85
85 4 258 68 5 189
607 158 68 607 158 68 607 158 68 607 158 68 607 158 68 397 68 397 68 189
149 389 158 149
503 189 68 5 68 5 189 68 5 189
283 68 339 551 68 569 68 569 68 19 85 359
211 68 339
240 211 68 5 68 640
241 68 397 68 85
85 359 389 158 108
430 85 359
261 86 68 5 68 5 68 5 68 5 68 5 68 5 68 397 68 397
607 158 68 81 68 189 68 189 68 189
389 158 108
370 68 5 68 5
189 68 5 68 5 189 68 189 68 189 68 189
607 158 68 189 211 108 68 189 68 189 389 158 149
359 68 5 68 5 68 5 68 5 68 241
241 359
189 68 189 68 189 68 189 68 189 68 189 68 189
85 359 389 158 108
607 158 68 81
189 68 5 68 5 189 68 189 68 241 68 189
261 86 68 5
339 551 68 607 158 68 397 68 569 68 569 68 569 68 569 68 569 68 569
569 68 64 211 108
397 68 189 68 189 68 397 68 189 68 189 68 397 68 189
240 51 86 68 240
261 86
501 85 68 124
189 68 5 68 5 189 68 5 189 68 5 189 68 5 189 68 5 189 68 189
211 108 68 19 85 68 19 85 68 19 85 359 68 19 85
189 211 108 68 211 108 68 189 68 211
430 68 5 189 68 5 189
370 68 5 68 5 68 5 68 5 68 5 68 5
479
607 158 68 607 158 68 607 158 68 19 149
564 68 158 108 68 189 68 189
607 158 68 5 68 189 68 5 68 5 189 68 189 68 189
389 85 359 389 158 108
85 359 68 397
389 85 359 68 189 211 108
283 68 607 158 68 397 68 397 68 19 85 68 569 68 19 85 68 397 68 189 68 189
261 86
5 68 5 68 5 189 68 397 68 241 68 397 68 397 68 640
607 158 68 5 68 5 189 68 5 68 5 189 68 5
189 68 607 158 68 5 68 189 68 189 68 189 68 189 68 189
527 68 5 68 5 68 397 68 397 68 241 68 397 68 397
240 211 68 19 85 68 19 85 68 19 85 68 19 85 68 19 85
261 86 68 607 158 68 607 158 68 5 189
283 68 339 551 68 19 85 359 68 19 85
607 158 68 5 68 189 68 189 68 5 68 189 68 189 68 189 68 189 211 108
503 189
370 68 5 68 5 68 5 189 68 5 189 68 5
261 86 68 517
339 551
564 68 5 68 5 68 5 68 5 68 5 68 5
149 389 158 149 68 189 149
370 68 5 68 5 68 189 68 5 68 569 68 189 68 5 68 397 68 189 68 189
283 68 5 189 68 5
370 68 5 68 5 68 5 68 5 68 5 68 5 189 68 517 68 64 211 108
569 68 569 68 569 68 569 68 569 68 569
607 158 68 5 68 5 68 5 68 5 68 5 189 68 5 68 189 68 189 68 189
85 550 158 108 68 5 189 68 5 189
261 86 68 5 68 5 189 68 5 189
607 158 68 5 68 5 68 5 68 5 68 5 68 5 68 5 68 189 68 189
607 158 68 607 158 149
85 359 389 158 108 68 241 68 241
149
569 68 607 158 68 607 158 68 5 68 189 68 189 68 189
261 86 68 85 68 19 85 68 5 68 19 85 68 397 68 19 85
211 68 5 189 68 5 189
240 211 199
501 85 68 430 149
607 158 68 5 68 397 68 397 68 397 68 397 68 397 68 397
607 158 68 81 68 189 68 189 68 19 85
283 68 5 68 5 68 5 68 5 68 5 189 68 5 189 68 397 68 189
397
261 86 68 607 158 68 189 68 5 68 19 85 68 189 68 189 68 189 68 189 68 189
607 158 68 5 68 5 68 5 68 569 68 569 68 569 68 569 68 569
240 550 158 68 430
607 158 68 5 189 68 189 85
189 68 5 68 5 189
189 68 43 158 68 397 68 397
503 189 68 158 108 68 569 68 569 68 569 68 569 68 569 68 85 359
240
85 240 211
261 86 68 5
211 240
85 359 551
479
430 199 68 430
240 550 158 118
85 359
189 68 5 68 5 189 68 5
261 86 68 5 189
607 158 68 81 68 189 68 189 68 19 85 359 68 189 68 19 85
607 158 68 5 68 5 68 5 68 5
211 108 68 85 359
261 86 85
240 211 68 241
189 68 5 68 5 189 68 5 68 5 189 68 5 189 68 5
240 550 158 108
189 163 68 550 501 85
261 86 68 5 68 397 68 397 68 5 68 397 68 397 68 397 68 397
240 211 108
189 68 189 68 569 68 189 68 189 68 569 68 569
370 68 5 68 5 68 5 189 68 5 189 68 5 189 68 397 68 397
503 189 68 5 68 5 189 68 5 189 68 5 189 68 5 189 68 397 68 189
261 86
370 68 5 189
503 189 68 5 68 189 68 189 68 19 85
607 158 68 607 158 149
607 158 68 5 68 5 68 5 68 5 68 5 68 5 68 5 68 189 68 189 68 5 189
240 389 85
240 211 108
479
503 189 68 569 68 569 68 569 68 569 68 569
397 68 5 189 68 640
189 85
569 68 19 85 68 19 85 68 19 85 68 19 85 68 19 85 68 19 85
5 189 68 241 359
430
503 189 68 607 158 68 607 158 68 64 211 68 517 68 517 68 64 211 108
211 68 569 68 569 68 569 68 569 68 569 68 569 68 569 68 569
503 158 68 85 359 68 158
189 85 359 68 85 359
283 68 607 158 68 607 158 68 5 68 19 85 359
503 189 68 5 68 5 68 5 68 5 189 68 5 189
85 4 258 149
211 68 189 68 19 85
211 240 211
501 68 607 158 68 607 158 68 5 68 5 68 5 68 5 68 397 68 189 68 189 68 189
261 86 68 5 189
339 68 607 158 68 607 158 68 607 158 68 607 158 68 158 68 397 68 397 68 397 68 607 158 68 607 158 68 189
211 68 5 68 5 189 68 5 189 68 189 68 189 68 5 189 68 189 68 189
211 108 68 517 359
397
321 247 85
5 189
261 86 68 5 68 5 68 5 68 5 68 5 189 68 64 211 108 68 189 68 189 68 189 68 189
189 68 5 68 5 189 68 5
261 86 68 5 68 5 68 5 68 5 68 5 68 5 68 5
283
85 359 51 85
85 68 158 108 68 19 85
430 108 68 430 68 430
64 211 108 68 607 158 68 189 68 569 68 569 68 189 68 64 211 108
564
261 86 68 517
283 68 5 68 5 68 5 68 5 68 5 189 68 5
85 389 158 118
261 86 68 5 68 5 68 5 68 5 68 5
240 211
607 158 68 5 68 5 68 5 68 5 68 5 68 5 68 5 68 189 68 189 68 189
607 158
569 68 517 359
283
607 158 68 19 85 68 189 68 189 68 64 211 108
564 68 5 68 5 68 5 68 5 68 5 68 5
261 86 68 5 68 5 189 68 5 189 68 5
503 158 108
240 211
359
503 189 68 607 158 68 607 158 68 19 85 68 569 68 569 68 569 68 569 68 569 68 569 68 569 68 189
240 299
149 389 158 108 68 405 108
569 68 5 68 397 68 397 68 397 68 397 68 397 68 397 68 397 68 397 68 397 68 397 68 397
503 189 68 607 158 68 397 68 397 68 397 68 397 68 397 68 397 68 397 68 64 211 108
261 86 68 5 68 5 68 5 68 5 189
607 158 68 19 85 68 189 68 189 68 189 68 189
564 68 158 108 68 189 68 189
261 86 68 5 68 397 68 397 68 5 189
503 189 68 5 68 5 189 68 5 189
261 86 68 5 68 5 189 68 397 68 569 68 397 68 5 189 68 397
261 86 68 124
503 189 68 5 68 5
240 299
370 68 19 85
149 389 85
51 86 68 517
370 68 5 68 5 68 5 68 5 68 5 68 5 189 68 5 68 189 68 189
240 211 68 430 359
503 158 359
339
339 68 607 158 68 607 158 68 339 68 569 68 569 68 517
261 86 68 5
283 68 5 68 5
85 359
607 158 68 5 68 397 68 397 68 397 68 397 68 397
261 86
479 551
339 551 68 517
607 158 68 5 68 5 68 5 68 5 68 5 68 5 68 5 68 397 68 189 68 189
211 108
564
283 68 5 68 5 189 68 5 68 5 189
397 68 397 68 397
261 86 68 5 68 5 68 5 68 5 68 5
607 158 68 5 68 189 68 189 68 189 68 189 68 189
85 359 68 517
189 68 5 189 68 5 189
283 68 607 158 68 397 68 5 68 5 68 397
241 359
261 86
283 68 5 68 5
85 359 68 19 85 68 569 68 85
503 189 85
527 68 5 68 5 68 5 68 5 68 5 68 5
240 211 543
85 359
607 158 68 5 68 397 68 189 68 64 211 108 68 517 68 64 211 108
240 550 158 108
283 68 607 158 68 189 68 189 68 189 68 189
607 158 68 607 158 68 189 68 189 68 189 68 189 68 64 211 108 68 189 68 189 68 189 68 189
283 68 5 68 5 68 5 68 5 68 5
240
240 211
189 68 607 158 68 189 68 189 68 189 68 189
569 68 5 189 68 189 68 189
189 68 5 189 68 189 68 189 68 189
241 68 5 189 68 5
261 86 68 397 68 397
240
211 108 68 85 359
339 68 607 158 68 430 68 158 108 68 158 68 569
240 299
503 189
607 158 68 5 189 68 189 85
240 211 68 550 158 68 240
64 211 108 68 189 68 64 211 108
261 86 68 5 68 5 68 5 68 569 68 569 68 64 211 108
189
189 68 189 68 569 68 189 68 189 68 569 68 189
43 158 68 550 158
261 86 85 359
564
503 189 68 569 68 569 68 569 68 569 68 569 68 569 68 85
359 240
397 68 517
64 211 108 68 430 68 517
261 86 68 5 68 5 68 5 68 5 68 5 189 68 5 68 5
503 189 68 5 68 5 68 5 68 5 68 5 189 68 5
359
189 68 550 501
569
51 86
189 68 569 68 569 68 189 68 569 68 569 68 569
189 68 607 158 68 5 68 5 189 68 5
503 189 68 5 68 607 158 68 5 68 397 68 397 68 397
607 158 68 5 68 607 158 68 5 68 607 158 68 397 68 397
189 68 19 85 68 189 68 189 68 19 85
211 543 68 241 359
321 247 68 241 149
339 551 68 430 68 397
85 359 389 158 108
283 68 339 68 339 68 339 551 68 19 85 68 339 68 517 68 569 68 569 68 569 68 569 68 569
19 85 359 68 430 359
240 389 85 359
607 158 68 5 68 189 68 189 68 189 68 189 68 189 68 189 211 108
449 68 527 68 5 68 5 68 5 68 5 68 5 68 5 68 64 211 108
607 158 68 607 158 68 607 158 68 5 68 5 68 5 68 5 68 189
503 189 68 569 68 569 68 569 68 569 68 569 68 569 68 85
240 389 158 359
397 68 640 68 640
397 85 359
607 158 68 607 158 68 397 68 397 68 397 68 397 68 397 68 397 68 397 68 189
370 68 5 68 5 68 5 68 5 68 5 189 68 5
607 158 68 5 189 68 5 189 68 241
189 68 607 158 68 5 189 68 5 189 68 5 189 68 5 189
283 68 607 158 68 607 158 68 189 68 569 68 189 68 569 68 569 68 189 68 189
261 86 68 5 189
261 86 68 5 68 5 68 5 68 5 68 5
211 240
85 68 158 108 68 607 158 108 68 19 85
240 299
261 86 68 5 189
261 86 68 5 68 397 68 397 68 241 68 397 68 397 68 397 68 397
607 158 68 5 68 5 68 5 68 5 68 5 68 5 68 5 68 397 68 189 68 189
189 68 5 68 397 68 397 68 397 68 241 68 397
189 68 607 158 68 607 158
370 68 5 68 5 68 5 68 5 68 5 68 5
189 68 5 189 68 5 189
189 68 607 158 68 607 158 68 5 68 397 68 397 68 397 68 397
527 68 5 68 5 68 5 68 5 68 5 68 5
261 86 68 5 68 5 68 5
607 158 68 5 68 189 68 189 68 189
51 86 68 5 189 68 5 189
405
64 211 359
261 86 85 359
503 189 68 158 108 68 189 68 189 68 158 108
158 108
19 85 68 5 68 397 68 397 68 241 68 189
261 86 85
607 158 68 5 68 5 68 5 68 5 68 189
479
283 68 19 85
397 68 5 68 397 68 397 68 397 68 397 68 397 68 397 68 397 68 397 68 397 68 397
503 189 68 607 68 607 158 68 607 158 68 607 158 68 5 68 569 68 503 189
189 211 359
607 158 68 5 68 397 68 397 68 5 68 397 68 397 68 397
189 68 607 158 68 607 158 68 5
607 158 68 569 68 569 68 189 68 569
240 550 158 108 68 19 85
564 68 607 158 68 607 158 68 5 68 397
189 68 607 158 68 569 68 189 68 569 68 569 68 569 68 569 68 569
261 86 68 517 68 517
261 86
283 68 5 68 5 68 189
261 86 68 5 68 5 108
211 108 68 5 189 68 5 189
449 68 517 68 517
339 68 607 158 68 607 158 68 607 158 68 607 158 68 5 68 189 68 189
211 543 211
607 158 68 517 68 517 85
189 68 189 68 189 68 189 68 5 189 68 189 68 5
397 68 5 68 5 68 5 68 5
370 68 5 68 5 68 5 68 5 68 5 189 68 5
564
370
430 85 359
261 86 85
607 158 68 607 158 68 607 158 68 607 158 68 607 158 68 607 158 68 64 211 108
189 68 5 68 5 68 5
240 211
261 86 85
85 359
261 86 85
503 189 68 5 68 5 68 5 68 5 68 5 189
240 299 299
211 68 339 68 397
283 68 5 68 5 68 189 68 5 68 5 189 68 5 189 68 397 68 189 68 189
189 68 189 68 64 211 108 68 189 68 189 68 189 68 189
64 211 108
85 68 479 68 517
607 158 68 607 158 68 189 68 5 189 68 189 68 189
370 68 5 68 5 68 5 68 5 68 5 189 68 5 189
607 158 68 607 158 68 607 158 68 607 158 68 607 158 68 607 158 68 607 158
261 86 68 397
283
607 158 68 5 68 5 68 5 68 5 68 5 68 5 68 5 68 397 68 189 68 5 189
241 359
607 158 68 5 68 5 68 5 68 5 68 5 68 5 68 5 68 5 189 68 5
339 551 68 607 158 68 189 68 189 68 19 85 359
189 68 607 158 68 607 158 68 607 158 68 607 158 68 5 68 64 211
370 68 5 68 5 68 5 68 241 68 19 85 359
85 149
240 211 68 5 68 241
607 158 68 85 68 19 85 68 569 68 569 68 85 359
85 359
607 158 68 5 189 68 5 189 68 241 359
85 359 68 5 189 68 241 68 241 68 19 85
85 51 86
607 158 68 5 68 5 189 68 5 189 68 5
85 359
527 68 19 85 68 430 68 241 68 19 85
261 86 68 5 68 189 68 189 68 370 68 5 68 5
211 108
607 158 68 5 68 5 189 68 5 68 241 68 189 68 5 189 68 189 68 189
370 68 5 68 5 68 5 68 5 68 19 85 68 5 68 64 211 108
564
85 359 68 19 85
85 68 158 108 68 158 108 68 158 108
283 68 19 85 359 68 569 68 19 85
189 389 158 108 68 19 85 359 68 19 85
211
397
370 68 5 68 5 68 5 68 5 68 5 68 5 68 5 68 64 211 108
397 68 517
85 4
479 68 517 68 5 189
211 68 5 189 68 189
51 86 68 5 68 397 68 397 68 397 68 397 68 397 68 397
503 189 85 359
261 86 68 5 68 5 189 68 5 189
607 158 68 430
261 86 68 607 158 68 397 68 397 68 397 68 397 68 397 68 397 68 397
189 68 5 189 68 5 189
607 158 68 5 68 5 189 68 5 189 68 5 189
370 68 5 68 5
240 211 108
607 158 68 5 68 5 68 5 68 5 68 5 68 5 68 5 68 64 211 108
240 51 85 359
607 158 68 5 68 5 68 5 68 5 68 5 68 5 68 5 68 397 68 189 68 5 189 68 5 189 68 5 189 68 5 189 68 5 189 68 5 189 68 5 189 550 501 68 5 189 550 501 68 5 189 68 5 189 68 5 189 550 501 68 5 189 211 108 68 5 189 68 5 189 68 5 189 68 5 68 5 68 5 68 5 68 5 68 5 68 5 68 5 68 5 68 5 68 189 68 189 68
189 68 5 68 5 189 68 5 68 5 68 5 189
339 551
569 68 517 68 517 68 517
607 158 68 607 158 68 5 68 5 68 5 189
189 68 607 158 68 607 158 68 5 68 5 68 189 68 5 68 189 68 189
211
370 68 5 68 5 68 5 189 68 5 189 68 5 189 68 5 189 68 189
397 68 640
261 86 68 124
261 86 68 5
261 86 68 5 68 5 68 5 68 5 68 5 68 5 68 5 68 397 68 397 68 5 189 68 5 189
283 68 5 68 640
370 68 5 68 5 68 5 68 5 68 5
607 158 68 607 158 68 5
189 51 86 85
5 68 5 68 5 68 5
607 158 68 189 68 189
607 158 68 5 68 397 68 397 68 397 68 397 68 397 68 397 68 397 68 397
240 211 108
564 68 607 158 68 397 68 397 68 569 68 569 68 569 68 397 68 397
240 359
189 68 550 501 68 64 211 108 68 64 211 108
240 51 85 359
370 68 5 68 5 68 5 68 5 68 5 189 68 5 189 68 189 68 189 68 189
240 299
283 68 607 158 68 607 158 68 189 68 189 68 189
85 68 158 108 68 607 158 68 19 85 68 19 85 68 158 68 158 108
85 359
607 158 68 397 68 397 68 397 68 397 68 397 68 397 68 397 68 397
261 86 68 5 68 397 68 397 68 397 68 569 68 397 68 397
85 359
85 359
607 158 68 5 68 5 68 5 68 5 68 5 68 5 68 64 211 108 68 189 68 189 68 189 68 189 68 189 68 189 68 189 68 5 189 211 108
261 86
85 4 211
569 68 19 85 68 5 189 68 19 85 68 19 85
85 240 51 85
503 158 108 68 569 68 569 68 85 359
370 68 5 68 5 68 5 189 68 5 189 68 5 189
240 299
370 68 5 68 5 68 5 68 5 189 68 5
370 68 5 68 430 149
569 68 19 85 68 19 85 68 19 85 68 19 85
261 86 68 5 189
85 359 551
503 158 118
607 158 68 5 68 5 68 5 68 5 68 5 189 68 5
321 247
607 158 68 241 68 397 68 241
240 299 68 397 68 397
283 68 5 68 189 68 189 68 189 68 189 68 189
359 299
397 68 5 189 68 569 68 189 68 569 68 569
85 359 389 85
607 158 118
503 189 68 5 68 5 68 5 68 5 68 5 189 68 5 68 397 68 397
64 211 108 68 19 85 68 19 85 68 19 85 68 19 85
283 68 607 158 68 607 158 68 5 68 19 85 359 68 5 68 19 85
370 68 5 189
189 68 189 68 189 68 189 68 189 68 189 68 189
149
607 158 68 5 68 5 68 5 68 241 68 241 68 241 68 241
261 86 68 607 158 68 607 158 68 5 68 19 85 68 5 68 241 68 189 68 189
189
359 68 607 158 68 397 68 397 68 397 68 397 68 397 68 397
607 158 68 5 68 5 68 5 68 5 68 5 189 68 5 68 5
149 550 158 68 430 149 68 430
261 86 68 5 68 5 189 68 5
85 359 389 158 108
189 68 607 158 68 189 149
189 68 5 68 5 189 68 5 68 5 189 68 5 189 68 5
85 359 389 85
240 211 68 19 85 68 397 68 241 68 241 359
503 189 68 607 158 68 607 158 68 5 68 607 158 68 5 68 5 68 607 158 68 5 189
189 68 189 68 189 68 189 68 189
370 68 5 68 5 68 189 85
607 158 68 5 68 607 158 68 5 68 607 158 68 5 68 5 68 189 68 189 68 189 68 607 158 68 189 68 189 68 607 158 108 68 607 158 108
564 68 5 68 5 68 517 68 19 85
569 68 5 68 5 68 5 68 5 68 5 189 68 5 189 68 189
43 158 68 517
189 68 5 68 5 189 68 5 68 5 189 68 189 68 5
359 68 211 68
370 68 5 68 5 68 5 68 5 68 5 68 5 68 5 68 5
85 241 194
19 85 359
370 68 5 68 5 68 5 189 68 5 189 68 5 189 68 241 68 397 68 189
607 158 68 5 68 397 68 397 68 397 68 397 68 397 68 397 68 397 68 189 68 189
85 501 68 19 85
564
607 158 68 5 68 5 68 5 68 5 68 5 68 5 68 5 68 397 68 189 68 5 189 68 189 68 189
240 211 108
501 85 68 124
564 68 5 68 5 68 5 68 5
85 359 389 158 108 68 189 68 189 68 19 85 359
339 551 68 5 189
240 211 68 607 158 68 189 68 240 211
370 68 5 68 5 68 189 68 569 68 569
241 68 5 189 68 241 359 68 241 359
283 68 5 189 68 503 189
370 68 5 68 5 68 5 68 5 68 5 68 5 189 68 5 68 5 189
261 86 68 607 158 68 397 68 397 68 241
261 86 68 5 68 5 68 5
501 85 359 389 158 108
240 211 108
149 389 158
261 86 68 85 68 19 85 68 5 68 19 85 68 19 85
211 543 211
607 158 68 5 68 5 68 5 68 5 68 5 189 68 5 68 5 189
503 158 359
339 551 68 339 68 339
527 68 5 68 5 68 5 68 5 68 64 211 108 68 517 68 397 68 64 211 108
261 86 68 5 189 68 5 189
607 158 68 607 158 68 607 158 68 607 158 68 607 158 68 397 68 397 68 189 68 189 68 189 68 189 68 189 68 189 68 189 68 607 158 108
370
397 68 5 68 5 189 68 397
85 359 68 85 359
527 359
261 86 68 5 68 5 68 5 68 5 68 5 189 68 5
607 158 68 5 68 189 68 189 68 189 68 189 68 189
503 158 108 68 5 68 5 68 5 68 569 68 569
51 86 68 517 149
607 158 68 339 68 607 158 68 397
189 68 607 158 68 5 189 68 5 189
261 86 68 5 68 5 68 5 68 5 68 5 189 68 5
607 158 68 607 158 68 607 158 68 19 85 68 607 158 68 241 68 64 211 108
240 211 68 241 149
607 158 68 607 158 68 397 68 189 68 189 68 189 68 397
569 68 569 68 569 68 569 68 569 68 569
85 359
370 68 5 68 5 68 5 68 5 68 569 68 5 68 5 68 397 68 189 68 189
261 86 68 5 68 5 68 5 68 5 68 5
370 68 5 68 5 68 5 189 68 241 68 241
211 108 68 569 68 85 359
261 86 68 397 68 397 68 397 68 569 68 569 68 397 68 397 68 397 68 397 68 189
240 211
19 85 359
283 68 5 68 5 68 5 68 5 68 397 68 5 189
189 68 5 68 5 68 397 68 5
189 68 607 158 68 430
550 501 68 517
370 68 5 68 5 68 189 68 5 68 5 189 68 5 189 68 189
189 68 5 68 5 189 68 189 68 5 189 68 189 68 5
211 543
189 68 5 68 5 68 189 68 5
240 299
339
564 68 158 108 68 19 85 68 158 108
607 158 68 569 68 397 68 397 68 569 68 569 68 397 68 397 68 397
397 85 359
564 68 158 108 68 607 158 68 517
430
64 211 68 607 158 68 607 158 68 607 158 68 607 158 68 5 68 397 68 189 68 607 158 68 607 158 68 189 68 189 68 607 158 68 5 189 68 607 158 68 5 189 550 501 68 5 189 68 5 189 68 5 189 68 5 189 211 211 430 149 550 158 189 211 189 68 607 158 149 68 158 149 68 158 68 158 68 158 68 158 68 158 68 158 68 158 68 189 68 189 68 607 158 68 189 68 189 68
240 211 68 405 68 405 108
189 85 359 389 158 108
339 68 607 158 68 607 158 68 569 68 569 68 569 68 569 68 569 68 569 68 569 68 569 68 569 68 189
283 551 68 19 85 68 569 68 569 68 19 85
607 158 68 5 68 5 68 189 68 5 68 5 189 68 5 68 397 68 189
397 68 569 68 339
607 158 68 189 68 189 68 189 68 189 68 189
5 68 5 68 5 68 5 68 5 68 5 68 5 68 5
479
240 211 68 5 68 640
479 551
211 68 5 189 68 5 189 68 5 189
607 158 68 5 68 397 68 397 68 397 68 397 68 397 68 397 68 397 68 397 68 397 68 397 68 397 68 397 68 397 68 397 68 5 189
479
607 158 68 5 189
607 158 68 5 68 5 189 68 5 189 68 5 189
64 211 68 5 68 5 68 5 68 5 189
85 359 68 5 68 397 68 397 68 5 189 68 397 68 397 68 397 68 397 68 189
85 68 5 68 5 68 189 68 189
569 68 397 68 397 68 397 68 397 68 397 68 397 68 397 68 397
261 86 149
283 68 5 68 5 68 5 68 5 68 5 68 5 189 68 5 68 189 68 189 68 189 68 189
503 158 68 5 68 5 68 5 68 19 85
430
85 4 258 85
283 68 5 68 5 68 5 68 5 68 5 68 5 68 5 68 5
64 211 68 607 158 68 607 158 68 517 68 517 68 517
240 211 108 68 430 68 241
211 68 5 68 5
501 68 189 68 189 68 189 68 189 68 189 68 189 68 189
51 86
607 158 68 397 68 397 68 397
158 108 68 158 108 68 158 108
607 158 68 5 68 189 68 5 189 68 5 189 68 5 189 68 189
479 551
617
607 479 68 5 68 5 68 5 68 5 68 5 68 5 68 5
211 108
503 189 68 607 158 68 607 158 68 607 158 68 607 158 68 5 68 569 68 569 68 569 68 189
607 158 68 5 68 397 68 397 68 397 68 397 68 397 68 397
283 68 430 68 430 359
503 189 68 607 158 68 5 68 5 68 5 68 5 68 5
607 158 68 607 158 149
240 211 68 517 68 430 68 241 68 241
564 68 158 108 68 569 68 569
240 211
607 158 68 607 158 68 189 68 5 189 68 189 68 189
5 68 607 158 68 5 68 189 68 5 68 5 189 68 5
261 86 68 19 85 68 430
607 158 68 517 68 397 68 397 68 397 68 397 68 517 68 517 68 397 68 64 211 108
85 359
479 68 517
283 68 5 68 245 449
261 86 68 5 189
283 68 607 158 68 5 68 397 68 397 68 397
607 158 68 607 158 68 397 68 397 68 397 68 397 68 85 68 397 68 397
283 68 607 158 68 607 158 68 64 211 68 569 68 64 211 108 68 64 211 108
527 68 5 68 5 68 189 68 189 68 189 68 64 211 108
321 247
607 158 68 5 68 397 68 397 68 397 68 397 68 397 68 397 68 397 68 189
51 86 68 5 189 68 5 189
370 68 5 68 5 68 5 189 68 5 189
5 189
607 158 68 5 68 5 189 68 5 189 68 5 189 68 5 189 68 189
5 189
569 68 569 68 569 68 397 68 397 68 569 68 569
149 389 158 108
85 359 68 5 189 68 241 68 241 68 19 85
189 68 5 68 5 68 5
564 68 5 68 5 68 5 68 5 68 5 189 68 5 189 68 64 211 108
503 189 68 158 108 68 189 68 189 68 158 108
241 68 189 68 189
397 68 241 68 5 189
240 211 543
607 158 68 607 158 68 607 158
607 158 68 5 68 5 68 5 68 5 68 5 189 68 5 68 64 211 108
564 68 5 68 5 68 517 68 19 85
370 68 5 68 5 68 397 68 397 68 397 68 397 68 397 68 397 68 397
261 86 68 5
607 158 68 189 68 189 68 189 68 189 68 189
607 479 68 550 158
569 68 19 85 68 607 158 68 19 85 68 19 85
501 85 68 158 108 68 158 108
85 359 68 397
339 551 68 569
283 68 607 158 68 5
503 158
564 68 5 68 5 68 5 68 5 68 5 68 5 68 5 68 5
240 211 68 430 68 430 359
370 68 5 68 5 68 5 189 68 5 189 68 189 68 5 189 68 189 68 189
527 68 5 68 5 68 5 68 5 68 5
240 211 108 68 19 85 68 189 68 19 85
527 68 5 68 5 189 68 5 189 68 5 189 68 5 189 68 189
240 211
5 189 68 5 189
189 68 5 68 569 68 397 68 5 68 189 68 189 68 5 189 68 397 68 189 68 189
370 68 5 189
261 86 68 5 68 5 68 5 68 5 68 5
240 211 359
261 86
479 68 5 68 5 189 68 5
607 158 68 339 68 339 68 339
479 68 550 501 68 517 68 5 189 68 405
189 68 5 68 5 189 68 5 189 68 5 189 68 5
607 158 68 607 158 68 607 158 68 607 158 68 607 158 68 607 158 68 189
261 86 68 124
43 158 68 397 68 397 68 397 68 397 68 397 68 397 68 397 68 397 68 397 68 397
607 158 68 5 68 397 68 189 68 241 68 189 68 397 68 397 68 189 68 189
607 158 68 5 68 189 68 189 68 189 68 189 68 397 68 397
607 158 68 607 158 68 607 158 68 5 68 5 189
607 158 68 5 68 5 68 5 189 68 5 189 68 5
397 68 5 68 5 189 68 189 68 189
283 68 5 68 19 85 68 397 68 569 68 569 68 569 68 85 359
261 86 68 5 68 397 68 397
189 68 607 158 68 569 68 569 68 569 68 569 68 569 68 569 68 569
211 240
503 189 68 158 108 68 397 68 397 68 569 68 569 68 569 68 85
189 68 5 68 5 189 68 189 68 189 68 189 68 189 68 189
479
261 86 68 5 68 5 68 5 68 5 68 5
240 211 68 5 68 397 68 397 68 241 68 569 68 517 68 517 68 397 68 397 68 241
189 68 189 68 189 211 543 211
240 299
370 68 5 68 81 68 189 68 189 68 189 68 189 68 85 68 85 68 189 68 189 68 189
569 68 5 68 5 189 68 5 189 68 241 68 5
607 158 68 607 158 68 397 68 397 68 397 68 397 68 85 68 397 68 397
564
339 551 68 607 158 68 189 68 189 68 19 85 359
211 108
607 158 68 5 68 5 68 189 68 5 189 68 189 68 5
569 68 19 85 68 189 68 189 68 19 85 359
64 211
370 68 5
149
261 86 68 607 158 68 397 68 5 68 569 68 189 68 189 68 397 68 189 68 189
85 359 389 158 108 68 569 68 569
397 68 85 359
607 158 149
189 68 189 68 189 68 189 68 189 68 189 68 189 68 189
189
607 158 68 5 68 397 68 397 68 397 68 397 68 397 68 397 68 397
283 68 339
240 550 158 108
189 68 517
397 68 5
607 158 68 5 68 189 68 189 68 5 68 189 68 189 68 189 68 189 68 189
503 189 68 5 68 5 68 5 68 5 68 5 189 68 5
607 158 108
370 68 5 68 5 68 5 68 5 68 5 189 68 5
189 68 527 68 5 189 68 189 68 189 68 189 68 189
339 68 5 68 5 189 68 5 189 68 241
189 240 51 86
261 86 68 5 68 5 68 5 68 5
85 4 258 85
261 86 68 607 158 68 607 158 68 569 68 569 68 569 68 569 68 397 68 397
389 158 68 189 68 189
51 86
339 551
370 68 5 68 5 68 5 68 5 68 397 68 397 68 397 68 397 68 397
261 86 68 5 68 5 68 5 68 5 68 5
240 550 158 68 430
283 551 68 19 85 68 19 85 68 19 85
370 68 5 68 5 68 5 189 68 5 189
564 68 607 158 68 5 68 5 68 517
283 68 5 68 5 68 5 68 5 68 5 68 5 68 5 68 5
370 68 5 68 607 158 68 397 68 19 85 68 397 68 64 211 108
359 389 85 359 68 19 85 359
85 359
5 68 5 68 5 189 68 5 189 68 5
261 86 68 5
240 211 108
607 158 68 5 68 5 68 5 68 5 68 5 68 5 68 5 68 397 68 189
607 158 68 607 158 68 607 158
85 240 211
189 68 5 68 5 189 68 397 68 397 68 397 68 397
564 68 5 189
261 86 68 5 68 5 68 5 68 5 189 68 5
261 86 68 607 158 68 607 158 68 5 68 5
189 68 5 189 68 5 189 68 5
240 51 85
211
607 158 68 5 68 5 68 5
564
189 68 189 68 569 68 189
5 68 607 158 68 5 68 189 68 5 68 5 189 68 5
397 551
607 158 68 5 68 189 68 189 68 19 85 359
564
564
607 158 359
339
261 86 68 5 68 517 68 241 68 241
617 68 5 68 5 189
189 68 5 189 68 189 68 189
503 189 68 158 108 68 569 68 569 68 569
370 68 5
503 189 68 607 158 68 397 68 397 68 569 68 569 68 397 68 397
211 108 68 158 108 68 189 68 158 108 68 189 68 158 108
85 550 158 108 68 64 211 108
211 108 68 189 68 64 211 108
85 359 389 158 108
397 68 397 68 397 68 397
607 158 68 5 68 189 68 189 68 189 68 189 68 189 68 189 68 189 211 108
607 158 68 5 68 5 68 5 68 5 68 43 158 68 517 68 517 68 64 211 108 68 64 211 108 68 189 68 5 68 5 68 5 68 5 68 5 68 5 68 5 189 68 5 189 68 5 68 5 68 5 68 5 189 68 550 501 68 5 189 550 501 68 189 68 5 189 68 5 189 68 5 68 430 149 68 158 108 68 158 85 68 43 158 108 68 43 158 68 86 68 86 68 86 68 86 68 86
283 68 5 68 5 68 5 68 5 68 189
189 68 64 211 108 68 397 68 241
189 68 189 68 189 68 189 68 189 68 189
261 86 68 607 158 68 397 68 5 68 397 68 397 68 5 68 397 68 189 68 189
189 68 5 189
550 501 68 517
339 551 68 85 359
240 299
607 158 68 5 68 5 189 149
607 158 68 5 189 68 189
240
397 68 397 68 430
501 85 68 517
64 211 108 68 85
240 211 68 19 85 68 607 158 68 19 85 68 19 85 68 19 85 68 64 211 108
501 85 68 517 68 517
564
503 189 68 5 68 5 189 68 5
189 68 5 68 5 68 189 68 5 189 68 189 68 5
503 189 68 569 68 569 68 569 68 569 68 569 68 569
503 189 68 5 68 5 189 68 640
283 68 5 68 5 68 5 189 68 5
430 108
240 211 108 68 430 68 241
85 359
283 68 607 158 68 5 68 5 189 68 5 189 68 5 189 68 189
569 68 397 68 397 68 397 68 397 68 397 68 397
607 158 68 19 85 68 397 68 397 68 569 68 517
607 158 68 607 158 68 397 68 397 68 397 68 397 68 397
85 359
607 158 68 5 68 5 68 5 68 5 68 5 68 5 68 5 68 397 68 189 68 5 189 68 5 189
64 211 108 68 607 158 68 607 158 68 19 85 68 517 68 64 211 108
503 189 68 5 68 5 68 5 68 5 68 5 68 5
607 158 68 5 68 397 68 397 68 397 68 397 68 397 68 397 68 397
503 189 68 607 158 68 5 189 68 5
189 68 607 158 68 607 158 68 5 189 68 5 189 68 5
370 68 5 68 5 68 5 189
283 68 607 158 68 397 68 397 68 19 85 359
370 68 5 68 19 85 68 189 68 19 85
189 85 389 158 108
479
189 68 5 68 5 68 5
5 68 5 68 5 68 397 68 241 68 241 68 397 68 241
261 86 68 5 68 5 68 5 68 5 68 5 68 5
569 68 397 68 607 158 68 397 68 397 68 397 68 397 68 397
240 51 86
64 211 108 68 241 68 241 68 241 68 241 68 241 68 241
607 158 68 5 68 397 68 397 68 397 68 397 68 397 68 397 68 397 68 397 68 189
261 86 68 5 68 5 68 5 68 5
607 158
527 68 5 68 517
240
189 68 607 158 68 5 68 5 189 68 5
189 68 607 158 68 607 158 68 189 68 607 158 68 5 189 68 211 68 211
85 359 389 158 108
261 86 68 517
211 68 5 189
261 86 68 124
503 189
370 68 5 68 5 68 5 68 5 68 5 189 68 5
283 68 19 85 68 430 68 397 68 19 85
189 68 5 68 5 68 189 68 189 68 189
607 158 68 5 68 5 189 68 5
241 359 68 569 68 397
261 86 68 5 68 5 189 68 5 189
283 68 5 68 5 189 68 189 68 189 68 189
261 86 68 607 158 68 397 68 397 68 569 68 569 68 569 68 569 68 397
607 158 68 5 68 189 68 189 68 189 68 189
339 68 339
189 68 607 158 68 607 158 68 189
503 189 68 517 68 569 68 85
211 543
283 68 607 158 68 607 158 68 5
85 359 68 517 68 397 68 397 68 85
283 68 5 68 5 68 5 68 5 68 5 68 5 68 5 68 397 68 397 68 397 68 397
370 68 5 68 5 68 5 68 5 68 5 68 5
240 211
189 68 5 68 5 189 68 397 68 189 68 189
283 68 5 68 189 68 189 68 569 68 569
607 158 68 607 158 68 397 68 5 68 569 68 569 68 569 68 569 68 397 68 189 68 569 68 189
607 158 68 607 158 68 607 158
261 86 68 5 68 5 68 5 68 640
189 68 189 68 189 68 189 68 189
189 68 607 158 68 397 68 189 68 5 68 64 211 108
283 68 607 158 68 5 68 189 68 19 85
283 68 5 68 5 189 68 397 68 569 68 569 68 569 68 569 68 397
85 359
189 68 19 85 68 607 158 108 68 19 85 68 607 158 68 19 85 68 189 68 189
261 86 68 5 68 189 68 189 68 189
261 86 68 5 189 68 5 189
261 86
370 68 5 189 68 5 189
339 551 68 339
85
283 68 5 68 607 158 68 5 68 5 189 68 5 189
607 158 68 5 68 397 68 189 68 5 189 68 397 68 397 68 397 68 189
370 68 5 68 5 68 397 68 397 68 397 68 397 68 397
607 158 68 5 68 5 189 68 5 189 68 189 68 189 68 189 68 189 211 108
189 68 607 158 68 189 68 189 68 189 68 189 68 189 68 189
339 551
261 86 68 5 189
607 158 68 5 68 5 68 5 68 5
240 550 158 118
397 68 5 68 5 189 68 5 68 5 189
85 68 5 189 68 5 189 68 189
240 211 68 607 158 68 607 158 68 607 158 68 607 158 68 397 68 397 68 189 68 189 68 189
607 158 68 607 158 68 607 158 68 5 68 5 68 5
370 68 5 68 5 68 5 68 5 68 5 68 5 189 68 5 68 189 68 189
64 211
607 158 68 5 68 5
283 68 607 158 68 607 158 68 607 158 68 607 158 68 607 158 68 211
283 68 5 68 5 68 397 68 397 68 397 68 397 68 397 68 397 68 189
85 4 211
607 158 68 607 158 68 189 68 189 68 189 68 189
370 68 5 68 5 68 5 68 5 68 5 189
503 189 68 158 108 68 397 68 397 68 569 68 569 68 569 68 85
283 68 339
503 158
64 211
607 158 68 5 68 189 68 189 68 19 85 68 189 68 189 68 64 211 108
607 158 149
527 68 607 158 68 607 158 68 5 68 189 68 189 68 5 189 68 64 211 108
397 68 397 68 397 68 397
240 211 68 607 158 68 189 68 189 68 569 68 64 211
189 68 19 85 68 158 108 68 158 108
149 550 158 149
370
430
261 86 68 5 68 5 68 5 68 5 68 5 68 5 68 64 211 108
479
64 211
607 158 68 19 85 359 68 189
149
503 189 68 158 108 68 189 68 19 85
359 68 5 68 5
370 68 5 68 5 68 5 68 5 68 5
211 543 211
85 359
503 189 68 569 68 569 68 569 68 85
189 68 5 68 397 68 397 68 397 68 397 68 397 68 397
241 359 51 86
261 86 68 5 68 5 68 5 68 5 68 5
503 189 68 158 108 68 19 85 68 19 85
211 543
189 68 607 158 68 607 158 68 189 68 189 68 189
397 68 397 68 397 68 397
64 211 108 68 19 85 68 19 85 68 19 85 68 19 85 68 19 85 359
607 158 68 5 68 397 68 397 68 397 68 397 68 397 68 397 68 397 68 189
607 158 149
240 389 158 108 68 189 68 189
321 247
370 68 5 68 5 68 5 189 68 5 189 68 5 189 68 5 189 68 189
607 158 68 5 68 397 68 189 68 189 68 189 68 397 68 397 68 397 68 189 68 189
370 68 5 68 5 68 5 68 5 68 5 189
607 158 68 517 68 517
283 68 5 68 5 189 68 5 68 5 189 68 397 68 5 189 68 397
397 68 640 68 189
607 158 149
479 551
85 4 258 149
607 158 68 397 68 397 68 397 68 397 68 397 68 397 68 397 68 397 68 189
564 68 158 108 68 158 108
43 158 189
19 85 359 68 640
503 189 68 158 108 68 607 158 68 19 85 68 607 158 68 19 85 68 569 68 569 68 569 68 569 68 189
397 68 5 68 5 68 5 68 5 68 5
211 108
359
211 108 68 397 68 397 68 397
85 68 607 158 68 607 158 68 607 158 68 397 68 397 68 397 68 397 68 397 68 569 68 569 68 397 68 189 68 397 68 189 68 607 158 108
149 550 158 118
479 85
261 86 85
240 211 68 5 68 5
64 211 108
607 479 68 5 68 5 68 5 68 5
283 551 68 5 189 68 189
240 211 68 607 158 68 607 158 68 550 158 68 607 158 68 64 211 68 64 211 108
261 86
240 299
370 68 5 68 5 68 397
261 86 68 5 68 5 189
240 299
5 68 5 68 5 189 68 5 68 5 189 68 5 189 68 5 189 68 397 68 189
389 158 68 189 68 189
85 4
85 359
283
397 68 5 68 397 68 397 68 241 68 569 68 397 68 397 68 397 68 397 68 189
283 68 607 158 68 607 158 68 607 158 68 19 85
241 359
607 158 68 607 158 68 607 158 68 607 158 68 607 158 68 569 68 569 68 189
85 68 607 158 68 397 68 397 68 397 68 397 68 397 68 397
240 389 158 108 68 189 68 240 211
189 550 501 68 5 189
189 68 19 85 359
211 199
607 158 68 607 158 68 607 158 68 607 158 68 607 158 68 550 158 68 189
479 551
527
607 158 68 607 158 68 5
51 86 68 5 189 68 5
370 68 5 68 5 68 5 68 5 68 5 68 5 189 68 5 68 64 211 108
85 359 68 430 359
261 86 68 5 68 397 68 397
339 551 68 517
321 258 85
283 68 607 158 68 397 68 397 68 397 68 569 68 397 68 397
5 68 5 68 5 68 5 68 5 68 5 189 68 5
370 68 5 68 5 68 5 68 5 68 241 68 5 189 68 241
261 86 68 5 68 5 68 5 68 5 68 5 68 5
283 68 607 158 68 607 158 68 5 68 5 68 5 68 5 68 5 68 397 68 5 189 68 5 189 68 5 189 68 5 189 68 5 189 68 5 189 68 5 189 68 5 189 550 501 68 5 189 68 5 189 68 5 189 68 5 189 68 5 189 550 158 149 68 5 189 68 5 189 68 5 189 68 5 189 68 5 68 5 68 607 158 68 5 68 5 68 5 68 5 68 5 68 86 68 86 68 86
261 86 68 5 68 5 189 68 5 68 85
189 68 5 68 5 189 68 5 189 68 5
397 68 607 158 68 517 68 517
569 68 19 85 68 158 108 68 569 68 19 85 359 68 19 85 68 569 68 569 68 569 68 569 68 569 68 569 68 569 68 569 68 19 85
85 359
189 550 158 108
261 86 68 5 68 397 68 397 68 397 68 397 68 397 68 397
189 68 19 85 68 19 85 68 569 68 19 85 359
85 68 5 68 5 68 5 68 5 68 569 68 569 68 569 68 569 68 569 68 569 68 569 68 569 68 189
607 158 68 5 68 189 68 189 68 189 68 189
607 158 68 5 68 241 359
283 68 607 158 68 569 68 569 68 569 68 569 68 569 68 85 359
283 68 5 68 5
607 158 68 607 158 68 607 158 68 607 158 68 607 158 68 550 158 68 607 158 68 550 158 68 607 158 68 607 158 68 607 158 68 607 158 68 607 158 68 607 158 149 550 158 68 607 158 68 430 149 550 158 149 550 158 149 550 158 149 550 158 149 550 158 149 68 430 149 430 149 68 430 149 68 430 149 68 158 158 158 158 158 158 68 158 149
370 68 5 68 607 158 68 5 68 19 85
283 68 607 158 68 569 68 569 68 569 68 569 68 569 68 85 359
261 86 68 5 68 5 68 5 68 5 68 5 189 68 5 68 397 68 189 68 189
339 551 68 5 189
283 68 5 68 5 68 5 68 397 68 397
503 158 68 19 85 68 19 85 68 19 85
607 158 68 5 68 5 68 5 68 5 189 68 5 189 68 5 68 64 211 108
211 108 68 569 68 64 211 108
397 68 85 359 68 85
