593 85 68 607 158 68 51 359 68 211 607 50 68 397 68 405 241 68 189 550 487
153 108 68 390 68 43 158 68 59 67 343 247 211 68 201 240 51 85 299 70 158
4 258 85 359
19 222 68 123 334
196 68 347 158
531 149 643 68 43 299
5 211 123 108
85 222 359
503 189 68 607 50 68 189 68 19 85 68 525 68 97 68 97
344 405 68 426 86
607 86 68 593 89 158 68 189 68 417
389 339 68 531 501 85 152
4 189 85 152 550 68 115 479
135 68 211 543 68 607 158 68 158 74
503 108 68 158 108 68 569 68 517 85 611 118
97 68 253 253 253 253 253 253 253
201 158 68 54 654 68 397 68 347 501 68 211 199 68 207 68 611 118 68 241 194 68 339 551 68 430 299 180 282 568 68 189
189 68 607 158 68 158 359 435 570 389 339
231 51 86
64 211 108 68 136 501 68 640 68 36 85 68 197 86
261 86 68 43 158 68 246 68 569 68 158 5 189 258 189 68 4 189
97 68 494 68 550 501 68 607 158 68 607 155
266 569 85
79 149 550 158 108
390 68 97 68 607 158 68 115 479 68 5 68 397 68 222 476
196 68 36 211 607 68 640 68 70 43 86 68 593 89 123
158 189 258 123
36 211 199 551
97 68 54 86 108 68 16 430 68 19 108 68 370 68 19 85 68 397 68 5 343 85
43 86 163
261 86 68 124 68 253 68 569 68 426 155 68 54 86 108
426 86 68 86 163 68 93 51 152 68 397 68 350 68 189 68 189 550 158 359 68 201 258 299 68 241 68 279 194 108
153 108 68 527 68 36 85 68 59 290 359
527 68 196 68 189 68 189 68 97
196 68 611 51 85 68 607 86 68 36 149 68 170 359
201 158 211 68 64 389 339 68 397 68 54 86 68 397 68 211 108 68 365 152 68 189 68 617
390 68 569 85 68 550 501 68 158 5 189 68 331 149 68 36 149 68 405 68 339 68 550 85 359
446 405 108
197 85 359 68 87 449 68 87 449
43 158 68 189 68 550 501 68 158 152 68 447 158 108 68 153 108
97 68 253 253 253 253 253 253
5 68 370 68 81 68 607 158 68 189 241 222 68 347 158 299 211 108
430 85 359 334 85
531 85 68 252 158 85 350 68 189 68 638 68 54 86 68 189 68 54 86 199 5 108
153 108 68 607 158 68 370 359
201 258 108 68 197 86 68 189 68 607 158 68 389 339 68 531 450 68 354 68 170
43 170 282
43 86 163 68 426 86 68 288 68 569 68 321 569 68 124
43 86 163 68 550 501 68 158 108 68 59 67 194 68 241 68 569 68 330 123 359 68 430 68 359 389 158 85 359 51 570 211
527 68 153 68 64 211 108 68 240 211 68 93 435 449 68 246 68 149 643 334 68 85 632 68 241 68 279 194 108
87 68 170 108 68 136 479 68 189 550 339 68 211 149 68 550 339 68 19 570 68 19 85 68 158 241 551
97 487 359 68 85 65 189
261 86 68 43 158 68 246 68 569 68 642 211
135 68 494 68 158 108 68 5 189 68 607 158 68 611 258 611 152
87 108 68 64 149 68 93 51 86 68 162
426 86 68 189 68 85 299 240 302 108
495 68 607 50 68 189 68 611 359 68 201 240 299 68 19 108 68 79 155 543 68 569 68 283 68 370 68
79 149 245 438 359 68 158 108 68 321 189 68 426 155
495
85 4 189 211 359
607 86 68 593 163 68 153 108 68 321 290
538 158 5 68 531 158 85 359 68 540 118
36 85
261 86 68 43 158 68 246 68 97 68 607 158 68 389 339
86 163 68 93 389 501 68 253 68 5 108
196 68 36 211 607 68 640 68 162 68 593 89 123 68 550 501
607 86 68 550 501 68 607 158 68 158 189 149 389 85
85 241 359 438 359
503 189 68 607 50 68 152 550 86 163 68 136 479
19 108 68 390 68 158 48 68 640 68 642 211 68 189 68 569 68 266 479
45 68 189 68 153 108 68 640 68 5 108 68 43 158 68 617
196 68 607 50 68 593 89 158 68 397 68 258 189 211 189 68 19 68 569 68 321 64 389 158 118
261 86 68 331 149 68 158 108 68 394 405
54 86
514 199
189 68 430 68 51 86 108 68 76 85 438 359 68 339 68 638 68 569 108
201 240 68 370 68 607 170 68 133 68 97 68 189 68 126 68 405 68 5 189 54 654
607 158 68 189 211 438 359 68 54 86 68 189 68 334 222 108
503 108 68 426 86 68 189 68 525 551 68 569 68 517 85
43 158 68 550 339 68 201 258 68 201 258 82
49 68 607 158 68 258 68 36 149 68 81 68 611 189 68 611 359 438 359
97 68 85 359 68 5 108 68 5 189 68 241 68 517 68 43 158 68 136 479 68 204 222 68 430 68 5 68 19 85 68 64 389 158 108 68 430 199 68 430 68 5 343 189 68 430 199
431
651 123 68 390 68 189 550 86
527 68 153 68 258 68 334 108 68 290
97 68 438 415 211 68 5 258 68 607 158
266 158 85
79 339 334 108
531 85 68 54 86
81 68 347 158
19 359 68 430 68 54 86 68 189 68 5
503 108 68 390 68 569 68 76 85 359 389 158 68 642 211
426 158 189
196 68 569 68 43 158 68 4 240 359 68 87 449 68 397 68 19 85 68 70 155 108
447 158 543 68 334 48 68 86
196 68 36 211 607 68 640 68 136 158 213 68 86 163 68 617
51 359 68 85 359 158 152
447 158 199 68 158 199
43 158 68 189 68 517 85 152 68 97 68 321 189 68 212 158 85
59 290 438
189 68 430 68 405 85 359 435 85
569 68 85 611 189 68 170 359 68 359 68 149 51 189 68 321 189
5 155 211 471
231 51 86 68 189 68 550 501 68 397 68 258 152 4 68 397 68 266 158
607 50 68 550 501 68 397 68 531 149 68 43 158 68 119
261 86 68 124
397 68 5 211 527
194 405 108
51 211 68 85 379
503 189 68 607 50 68 370 68 321 290
593 152 550 86 68 196 68 189 68 158 189
87 68 124 359
607 158 359
607 158 68 494 68 241 68 241 108 68 79 430 68 5 189 68 16 430
43 158 68 607 68 189
503 189 68 527 68 36 85 68 79 211 68 607 158 68 397 68 136 479
189 68 651 85 68 569 68 5 189 68 253 68 611 438 359 68 438 415 68 207 108 68 321 247 108
49 68 607 158 68 531 149 68 331 149 68 607 158 68 5 189
85 79 550 158 213
149 435 213 68 503 189
347 189
231 240
405 240 211 240 359
43 158 68 607 68 577 68 158 108 68 59 290 359
211 87 68 5 543 108
607 86 68 550 501 68 593 89 158 68 577 68 330 68 330 189 68 354 68 201 258 68 201 258 68 197 86 68 638 68 218
158 389 415 68 550 158 108 68 471
189 68 550 158 152 68 136 501 68 430 68 426 86 108 68 405 241 68 189 68 54 86 68 397 68 405
43 158 68 349 359 68 85 359
394 68 426 158 240 222 240
430 149 68 85 517 359
201 258 4 152 68 189 68 507 149 68 231 240 68 231 240
651 123 68 405 258 85 68 640 68 447 158 108
54 86 68 397 68 149 211 543 108 68 19 85
189 68 211 543 68 189 68 212 158 108 68 189 570 389 430 149
527 68 87 68 607 158 68 330
346 68 241
36 108 68 258 108 68 426 158 334 85 359
64 211 108 68 599 68 45 158 68 397 68 43 155 211 68 607
503 339 211 108
85 359
97 68 390 569 68 79 222 68 68 593 163
349 149
43 158 68 331 149 68 43 149 68 640 68 607 158 68 389 339 68 5 108 68 153 189 108
330 68 359
43 158 68 133 82 68 45 108
133 334 85
189 241 85 359 158 359 331 359
370 68 640 68 321 27 108
189 68 5 189 68 577 68 569 68 85 570 389 339 68 43 339
153 108 68 97 68 390
503 108
321 563 501
196 68 347 158 68 5 68 593 163 68 5 189 68 189 108
54 86 68 133 82 68 607 158 68 261 158 5
201 258 108 68 197 86 68 135 68 531 189 68 593 89 158 68 170 68 321 189
517 85 359 550 158 68 149 258
569 108 68 359 435 85 68 65
189 68 5 189 68 85 570 389 339 68 569 68 378 553
64 211 390 68 640 68 97 68 197 85 68 133
343 543 299 570
189 68 81 68 258 85 68 611 189 68 611 258 299
569 68 65 155 49 68 390 68 213 51 86 607 50
189 68 607 50
189 68 211 5 68 97 68 241 68 189 68 64 550 479 79 553
196 68 390 68 36 85 68 246 68 321 27 68 569 68 607 158 85
321 189 68 569 68 136 155
321 189 68 569 68 64 550 158 189
64 211 108 68 339 68 5 68 321 68 569 68 503 158 623 68 389 339
261 86 68 607 86 68 36 149 68 550 86 68 569 68 638 359
607 86 68 593 163 68 201 240 68 577 68 517 68 431 68 640 68 354
517 194 68 85 5
527 68 87 68 607 86
201 258 108 68 197 86 68 97 68 302 359 68 330 123 359 68 330 359
321 290
5 85 359
19 108 68 158 108 68 197 86 68 158 189 68 290 194 64 68 397
201 158 68 607 158 68 70 339 68 290 85
189 68 394 68 550 501 68 189 68 137 430 68 54 86 68 397 68 5 189
5 68 81 68 397 68 4 152 68 189 68 97 68 569 68 85 347 158 359
503 339 211 108
417
196 68 79 86 68 197 86 68 189 68 531 189 68 85 570 389 339
5 189 68 133 68 64 211 108
607 158 86
503 108
261 86 68 124 68 158 108 68 87 68 552 85 68 339 68 354 68 430 635 108
158 240 389 155
153 108 68 97 68 390 68 390 68 97 68 397 68 213 550 86
97 68 16 430 551 68 397 68 258 68 295 149 68 43 158 68 471 550
36 86
196 68 36 211 607 68 321 240 68 93 532 68 593 89 158 189
43 158 68 331 149 68 577 68 43 158 68 331 430 149 550 517 68 43 158 68 241
347 158
43 430 299 258 68 346 194 85 299 68 241 68 158 108
4 108
5 334 199
115 479
189 68 81 68 531 299 68 64 550 158 85 68 370 68 321 569 108 68 531 155 194 213
339 299 70 189
64 211 108 68 133 68 153 108
189 68 211 5 68 607 158 68 64 389 339 68 426 86
231 51 86 68 196 68 517 68 189 68 640 68 36 85 68 370 68 607 50
189 68 211 5 189 68 258 347 158 222 68 321 189 68 43 158 68 158 108
426 158 189 68 339 68 339 68 638 68 438 359
548 68 97 68 359
189 68 211 5 68 431 68 640 68 607 158 68 49 551 68 640 68 517 359 211 241 359
204 501 68 36 149 68 640 68 611 290 570 389 158
593 89 158 189 68 4 189 68 158 189 211 471 211 68 283 68 290 85 347 158 118
189 85 359 532 149
189 569 108 68 64 550 479
406 158 5 359 68 517 85 299
36 149 68 397
607 86 68 550 501 68 607 158 68 261 86 68 87 478
201 149 136 158 359 68 607 158 68 517
4 258 189 51 222
97 68 59 155 211 93 68 607 50
43 86 163 68 81 68 642 68 642 85 390 85 68 430 68 569 68 431 68 43 158 68 370 68 640 68 569 68 569 68 438 415
261 86 68 550 86
503 108 68 390 68 569 68 76 85 359 389 158 68 642 211
503 108
189 569
370 68 640 68 5 189
64 550 213 19 68 65 155 643 359
201 258 241 430 213
19 359
607 158 85 152 550 158
405 240
85 222 240 431 68 430
4
514 199 359
85 241 430 68 607 158
241 359
43 158 68 189 68 611 299 149 68 569 68 85 347 158 240
158 389 339 334 108 68 642 149
97 68 258 390 68 211 543 68 343 543 389 85 359 68 54 654 68 170 108 68 170 487 359 68 607 50
261 86 68 43 158 68 370 68 5 68 252 543
212 85
5 415
321 290 68 36 85 68 5 149 68 283
64 550 479 68 241 189
211 199 68 218
189 68 607 158 68 577 68 330 359 68 347 158
36 108 68 197 86 68 36 189
5 189 68 43 155 68 607 158
531 149 136 158 149 68 135 68 344 158
189 85 359 532 149
261 86 85 86 85
97 68 405 189 68 54 86
201 258 108 68 19 85 68 617 68 607 158 68 97
201 258 136 479 68 607 339 68 339 68 607 158 68 231 51 86
359 70 85 68 85 241 16 158 108
503 189 68 390 68 569 68 550 430 359 68 370 68 241 68 87 152 68 85 68 93 211 543
273
197 86 108
607 50 68 550 501 68 607 158 68 70 339 68 642 211 68 64 211
355
503 189
390 347 158 85
290 85 359 438 359
201 158 211 152 321 189 68 241 85 68 4 149 68 4
261 86 68 43 158 68 246 68 569 68 79 64 550 158 359 68 241 68 4 189
189 211 85 359 51 211 471 68 43 155 643
43 158 68 517 108 68 201 258 68 201 258 189
155 211 5 334
370 68 640 68 321 27 108
189 68 134 415 68 97 68 153 108
158 240 222 85 299
196 68 390 68 97 68 5 68 321 240
19 359 68 79 359 68 85 359 68 4 108 68 189 68 246 68 45 149 68 189 68 426 86 68 640 68 569 68 415 211
135 68 81 68 97 68 607 170 68 405 68 85 447 158 85
211 152 68 490 359
426 158 85 299
43 158 68 607 68 189 643
87 68 197 86 68 577 68 359 16 569 108 68 5 108 68 321 247
189 68 517 359 68 43 86 68 531 149 550 430 68 189 68 81 68 397 68 19 79 553
194 543
569 68 85 79 149 68 97 68 64 550 158 68 64 550 86 68 607 158 68 397 68 501 85 517 85 359
189 68 211 240 359 68 152 68 607 68 97 68 569 68 517 85
189 68 607 158 68 607 158 68 479 299 68 321 189 68 569 68 87 449
651 123 68 321 27 68 79 220 68 607 68 607 158 70 479
65 158 108 86 85
170 643 85 68 189 359 389 349 85 359
196 68 607 50 68 36 149 68 354 68 158 108 68 36 85 359 68 426 569
5 189 108
189 68 426 501 68 570 389 430 68 607 170 68 517 68 384 211 390
611 85 359 70 158 359 51 118 68 321 189 68 36 149 68 611 74 68 640 68 79 158 199
5 334 68 222 85 359 68 397 85 65 86 108
201 158 211 155 211 199 85 68 397 68 4 628
85 347 158
85 70 339
158 108 68 569 68 426 155 68 158 155 211 152
201 258 108 68 197 86 68 87 68 370 68 19 68 343 543 258 68 201 258 68 19 68 64 211 108 68 339 68 569 68 36 85 68 241 152
189 68 550 501 68 158 478 68 517 85 68 43 158 85
19 108 68 5 211 527
321 189 68 471 51
213 550 86 68 152 51 258
87 449 68 189 68 331 149 68 394 68 397 68 370 68 43 158 68 611 189
189 68 211 5 68 359 564 68 85 447 430 68 5 247
503 189 68 390 68 569 68 85 299 149 68 426 158 240 68 64 211 543
261 405 390
133 4 258
189 68 81 68 397 68 5 152 68 607 158 68 201 85 299 68 136 479
97 68 133
135 68 81 68 569 68 611 43 155 68 517 359 68 607 158 68 64 211 390
531 359
321 189
153 68 583 359 68 85 290 74 68 45 108 68 79 155 458 68 339
503 108 68 158 108 68 569 68 426 155 643
527 68 261 86 68 5 68 189 68 231 240 68 593 149
261 86 85 86 85
569 68 607 50 551 68 397 68 5 68 19 68 97 68 81 68 397 68 405 68 569 68 79 553 68 241 68 189
405 189
19 108 68 430 68 158 108 68 447 158 108
607 158 241 85 65 108 359
87 299 570 389 158 85
607 170 68 531 501 85 152 68 97
266 158 85
87 222
5 68 81 68 397 68 405 68 261 86 85 4 116
76 359
5 189 258 85 359 70 189
503 189 68 570 435 240 359
5 415
5 68 593 163 68 158 108 68 59 67 343 543 51
5 189 85 68 569 68 5 85
85 290 389 359
64 211 108 68 133 68 153 108
501 85 43 430 68 607 158 68 64 211 108 68 640 68 397 68 569 68 19 85 68 330 359 213
550 501
189 68 211 5 68 81 68 569 68 389 570 68 638 68 569 68 258 68 197 569 85
49 68 607 158 68 531 149 68 331 149
321 68 189 68 577 68 97 68 51 86
19 108 68 430 68 231 51 86 68 189 68 331 68 197 517 68 370 68 5 68 5 68 339 68 5
426 290 85 68 79 158 568
51 86
359 389 550 517 189
43 158 68 550 339 68 201 258 68 201 258 82
97 68 85 359 68 5 471 550 430
64 211 108 68 339 68 36 85 68 417 68 149 68 149 68 569 68 430 359
87 85
507 24
241 503 108
158 471 389 68 611 189 149 49 551
189 68 81 68 607 158 68 134 359 68 640 68 222 4 108
19 85 68 189 68 607 158 68 4 68 642 68 64 211 108
503 108
261 86 68 43 158 68 246 68 569 68 321 27
607 170 68 36 86
321 211 87 85 68 642 68 642 149 51 85 359
126 68 36 86
426 86 68 390 569
16 158 359
189 68 4 64 389 158 108 68 241 68 334 68 405 68 212 85 68 158 118 85
550 339
261 350
261 86 68 43 158 68 5 68 189 68 321 563 158 68 617 149
201 258 108 68 197 86 68 135 68 258 68 397 68 97 68 189 16 339 68 87 449
531 85 68 54 86
607 50 68 550 501 68 397 68 5 68 330 68 59 67 343 247
258 85 68 54 86 68 607 158 68 261 158 5
494 68 158 85 321 569
593 89 158 68 321 247 68 607 68 158 85 563 158 68 569 68 638 68 569 68 201 258 68 527 359
189 68 81 68 607 158 68 64 550 339 68 347 158 85
153 68 390 68 370 68 339 68 569 68 5 189
43 85 299
5 68 593 89 126 68 158 108 68 59 295
43 158 68 19 85 68 97 68 426 86
201 158 607 68 51 359 68 189 359 389 5 359 68 189 68 426 86 85
222 476
222 476
153 68 550 349 570 211 68 359 550 158 68 253
607 158 68 266 569 68 189 68 354 68 640 68 97
359 16 569 108
201 158 108 68 290 570 211 359
346 643 149
261 86 68 43 158 68 246 68 569 68 430 199 68 76 85 517
5 189 565 359 68 136 479
503 189
517 415 149
261 86 68 331 108 68 5 108 68 189 16 189
97 68 64 51 189 189 570 389 158 85
213
189 68 211 5 68 397 68 346 211 189 299
64 211 108 68 85 4 68 651 123
170 108 68 43 158 68 359 70 158 359
64 211 390 68 501 85 438 149 68 607 158
611 211
170 68 607 158 68 87 189 68 87 85
211 406 158 68 397 68 5 68 331 149 68 43 158 68 152 550 158 68 390 68 607 170
201 158 211 339 68 321 189 68 43 158 68 330 359
599 68 70 158 68 397 68 503 339 68 607 158 68 189 149 389 339
86 163 68 197 86 68 607 158 68 569 68 213 194 149 68 321 189
261 86 68 124 68 45 149 68 97 68 405 68 405
245 258 108
133 68 170 194 68 339 68 339
593 89 68 211 359 68 607 158 68 19 85 68 19 85 51 85 359
86 163 68 295 149 68 5 68 569 68 87 449 68 397 68 569 68 295 405 118 68 389 158 118
189 68 564 68 617 149 68 339 68 569 68 531 158 359
194 543
64 211 108 68 607 50 68 85 299
64 550 339
36 85 607 158 189 68 657 299
426 158 199 68 607 68 415 211 68 405 237
196 68 347 158 68 5 68 36 149 68 577 68 640
213 550 158 68 152 51 258 68 638 68 261 158 108
569 68 36 85 68 136 158 189 68 170 211 68 170
158 108 68 36 149 68 19 85
569 162
97 68 59 155 211 93 68 607 50
196 68 126 68 36 149 68 405 68 261 86
651 123 68 240 302 359 68 241 68 241 68 331 149
607 158 5 68 570 389 158 149
607 158 68 5 68 158 93 435 85
607 50 68 550 501 68 397 68 258 189 68 651 123 68 331 299 211 85 68 211 471 211 68 471 211
201 158 68 5 189 68 503 339 68 85 347 189 68 85 570 389 339
81 68 347 158
389 339
222 476 68 321 189 68 19 108 68 347 258 68 607 158 68 5
261 86 68 43 158 68 246 68 569 68 4 85
607 158 68 54 654 68 397 68 503 339 68 97 68 51 86 68 189 68 253 359 68 359 158 240 643 359
43 158 68 87 68 577 68 339 68 136 158 213
503 108
76 85 222
97 68 213 194 149 550 158 299
503 108 68 158 108 68 36 149 68 54 654 68 397 68 133
503 108 68 390 68 569 68 211 85 299
503 108
569 68 136 158 258 68 390 68 252 199 68 64 550 158 85
189 68 607 50 68 330 405 199 108
97 68 290 264 117 359 68 189 68 135 68 194 543 68 97
19 85 68 19 85
76 85 359 68 266 155 68 253 68 87 68 87 222 85
261 158 108
430 68 189 643 222 505
339 551 68 607 158 68 87 152
196 68 569 68 173 68 240 550 158 543 68 397 68 85 379 68 85 68 339 551 68 406 158
261 86 68 135 68 390 68 153
133 68 85 359 51 570
405 68 405 553
36 85 68 36 85 68 607 158 68 390 68 405 68 54 86
153 108 68 97 68 390
531 149 564 68 258 359
503 108
241 85 68 19 108 68 5 74 68 370 68 5 68 253 68 189 68 397 68 43 158 68 339
201 258 108 68 197 85 68 354 68 189 68 611 51 86 68 158 359 68 152 51 86 68 85 68 617
189 68 81 68 607 158 68 213 13 85
211 430
607 86 68 593 89 158 68 158 189 68 43 155 194 108
640 68 245 258 85 68 149 68 133 68 201 258 189 68 153 189 108
189 569 108 68 201 258
43 158 68 295 247 68 247 570 389 339 68 569 68 5 189 68 252 199
189 68 85 4 108 68 607 158 68 638 68 321 247 68 607 158 68 240 211 222 68 290 85 359
97 68 43 158 68 417 85 299 68 290 85 359
569 68 389 189 68 246 68 295
5 258 68 569 68 350 499 389 149 68 569 68 211 241 68 359
261 86 68 43 158
261 86 68 5 68 527 68 19 85 68 36 149
607 68 19 108 68 5 211 527
569 68 552 68 246 68 43 158 108
261 86 68 124
503 189 68 390 85 36 85 68 64 435 240 68 211 543
607 158 68 4 85 68 64 211 390
85 359 51 570 68 321 27
607 158 68 389 339 68 550 339
158 152 435 359
355 68 49 68 330 68 85 563 158 359
607 170 68 85 299
355 406 158 68 196 68 87 68 158 108 68 617 149 68 241 68 241 85
189 68 43 158 68 252 189 68 607 170 68 85 611 152 68 299 458
5 68 36 149 68 550 86 68 241 68 201 258
550 339
189 68 81 68 397 68 550 501 68 607 158 68 19 570 389 339 68 43 155
331 149
231 240
43 158 68 189 68 222 476 68 638 68 241 68 569 68 64 550 158 189
261 359 68 246 68 79 487 149
79 359
201 158 607 158 68 321 240 68 640 68 170 108
394 149
43 158 68 189 68 81 68 426 158 68 153 189 241 430
503 108
611 189
43 155 430 85 43 158 68 70 158 438 359
43 86 163 68 85 570 389 339 68 638 68 258 68 290 264 117 359
531 85 194
503 189 68 126 149 68 370 68 405 68 189 426 86 85
43 155 68 607 158 68 152 550 222 68 36 149 68 211 607 68 231 240
196 68 149 550 158 543 108
149 550 158 543 108
550 501 68 204 152 68 36 149
359 503 189 68 331 415
43 158
201 258 68 197 85 152 68 189 68 517 359 68 79 359 68 290 85 359
64 211 108 68 136 501 68 640 68 36 85 68 153 68 339
651 123 68 494 68 532 149 68 189 406 158 149
390 68 19 359 68 85 359
607 50 68 550 501 68 397 68 133 68 370 68 321 68 569 68 136 479 85
261 86 68 607 50 68 189 68 350 85 68 54 654
189 211 85 359 51 155 68 158 471 211 68 607 155
607 155 68 85 570 389 415 68 70 189 68 82 152
330 359
569 68 290 85 359 68 640 68 507 449 68 607 155
201 158 108 68 405 240 299 389 570 389 339 68 43 158 68 218
115 479 68 36 149 643 359 68 266 50 68 85
397 68 347 501 438 359
204 222 68 331 149 68 189 68 158 240 389 85 406 158 359 68 97
359 241
569 68 211 199 162 85 68 390 68 246 68 70 158 359
36 85 68 570 225 68 390 68 343 240 222 68 607 158 68 51 86 108 68 321 569
158 543 68 569 68 569 68 426 155
49 68 607 158 68 501 85 211 607 68 36 108 68 607 158 258 85
218 68 36 85 36 85 68 531 149
158 189 258 123
426 86 68 389 339
213 550 501 359
261 86 68 158 189 68 93 225
211 158 48 68 89 158 330 68 426 339
417
607 158 68 5 189 149
607 86 68 36 149 68 550 86 108 68 87 108 68 349 68 170 299
390 68 651 123
85 24 359
550 339
201 158 5 68 189 241 430 299 68 189 68 331 149 68 370
197 152
514 199 359 68 136 158 213
135 68 258 149 68 370 68 261 158
261 86 68 158 189 68 85 379 68 158 108 68 158 108 68 49 68 397 68 343 189 211 359
79 222 68 64 51 108
189 68 87 359 68 397 68 577 68 607 158 68 16 155 68 517 149
253 68 97 68 354 85 68 153 108
43 86 163 68 370 68 569 68 390 569
170 152
201 158 152 68 136 479 68 447 158 247 68 43 430
550 158 68 640 68 569 68 64 389 155
321 68 36 149 68 158 108 68 54 86 108 68 16 158 359
189 68 577 68 347 158 108 68 430 93 435 93
211 359 389 339 68 5 68 321 247
339 68 155
59 430 222 85 359
261 350 68 531 85 299 68 397 68 397 68 36 149
97 68 405 189 643 68 339 68 426 86
126 68 370 68 5 68 158 85 152 68 607 158
261 86 68 124 68 126 68 569 68 640 136 158 108 68 405 108 68 5 189
43 155 211 68 569 68 170 487
189 68 153 108 68 97 68 397 68 569 68 503 339 68 87 108
607 50 68 370 68 501 85 517 85 68 5 189 68 201 240 299 68 85 4 149 438 359
54 86 68 5 68 123
201 258 136 479 68 241 68 158 108 68 607 158 68 87 152
389 189 222 85 415
394 68 153 108 68 19 85
321 68 189 68 507 149 68 339 68 607 158 68 211 36 85
569 68 405 199 68 390 68 638 68 531 149 136 479
64 211 108 68 231 240 68 5
64 389 158
43 158 68 189 68 321 247 68 397 68 503 189 68 426 86
642 211 199 68 115 479 108
43 155 49 68 517
51 86 68 189 68 261 86 68 569 68 370
158 258 199
43 158 68 189 68 417 68 347 501 68 640 68 397 68 397 611 152 68 207
201 258 189
426 158 199 68 447 158
87 68 126 68 158 108 68 158 543 68 339 68 4
261 86 68 43 158
153 68 430 68 607 158 68 86 163
201 158 108 68 4 108 68 527 220 68 607 170
196
426 569 85 68 197 86 68 426 86
426 339
36 108 68 607 155 68 430 68 540
397 68 426 155
51 86 68 607 158 68 51 86 68 283 68 158 152 88 68 5
527 68 607 155 68 330 68 85 299 258 68 158 108 68 4 478 68 640 68 517 82 85
196 68 64 51 108 68 158 108 68 36 149 68 54 86 68 397
517 415 149
189 68 81 68 397 68 43 158 68 280 68 170 152
59 67 415 211 247
43 158 189 570 389 570
97 68 426 158 85 68 76 85 222 68 70 158 68 153 108 68 397
136 479 68 76 85 222 85
550 158 68 189 68 231 240 68 331 487 149
43 86 163 68 406 189
43 339 68 321 240
651 123 68 569 68 134 415 68 426 86
354 68 417 68 607 158 68 517 85
593 163 68 531 237 108 68 339 68 85 447 158 290 68 189 458
503 108 68 527 68 43 158 68 45 48
628 85
97 68 19 85
347 158 199
417
196 68 136 158 4 85 222 85 68 246 68 97 68 397 68 222 331 487
170
54 334 199 149
189 240 211 517 299
87 359
397 68 213 211 189
76 85 359
503 189
569 68 531 158 299 211 68 59 67 68 59 19 85 68 158 108 68 438 415 68 390 68 347 158 108 68 189 426 86
153 68 347 158 108 68 397 68 552 85 149 68 19 85 68 430 68 5
189 149 266 50
525
222 476 68 321 189 68 19 108 68 347 258 68 607 158 68 5
189 68 87 359 68 397 68 70 339
495 68 79 158 359 68 354 68 76 346 85
189 68 81 68 426 158 68 330 211 543 68 564 68 495 68 607 158 68 569 68 430 68 5
321 68 189 68 394 68 189 68 85
525 68 4 108 68 290 85
569 68 347 501 438 359 68 158 108 68 426 86 68 370 68 359
196
79 158 108
564 68 70 299 570 68 170 108 68 253 68 331 68 5
552 85 149 550 158 93 68 158 108
405
189 68 607 50 68 330 222 108 68 569 68 290 258 85 359 68 359 70 158 108
5 211 543 108
5 70 158 68 64 211
607 68 447 158 543 68 189 149 389 430 359
201 85 4 247 222
201 158 211 155 359
189 68 550 501 68 97 68 531 149 68 97 68 339 68 531 158 85 68 501 68 501 68 640 68 517 68 569 68 517 85 365 430 199 68 359 68 359 389 339 68 136 479 240 359 389 158 359 389 158 359 389 85 68 359 68 359 68 570 389 158 359 68 136 479 359 68 136 479 68 359 389 158 359 68 136 479 68 189 68 189 68 246 68 246 68 246 68 189 68 246 68 246 68 246 68 246 68 246
245 564 108
389 189
43 339
501 85 4 389 158 85 359 68 5 189
258 390 68 189 68 642 68 85
611 65 108
133 68 85 36 359 68 607 68 5 68 577 68 397 68 569 68 241 359
43 339
170 449 359 68 339 68 85 24 85 68 79 359
430 51 108
5 68 370 68 81 68 607 158 68 4 68 158 240
607 50 68 550 501 68 397 68 85 79 359 68 569 68 173
5 68 370 68 85 241 68 153 68 231 85 68 189 149 550 430 108
59 155 189 54
5 258 85 68 654 85
430 237 570 68 76 346
64 211 108 68 153 108 68 607 158 68 370 68 359
258 68 36 149 68 607 158 189 68 565
189 68 607 158 68 607 158 68 389 339 211 334
64 211 108 68 611 359 68 569 68 36 85 68 36 189 68 430 68 266 158 390 68 51 86
59 67 415 211 247 68 189 241 85 222 189
517 359 331 68 479 68 607 479 359
189 68 81 68 321 93 68 565
135 68 339 68 158 152 88 359
201 158 211 152 321 189 68 241 85 68 607 158 68 321 4 189 68 321 517
651 123 68 507 449 68 43 158 68 252 155 68 136 158 299
36 149 68 397
201 158 108 68 607 158 68 290 85 68 640 68 87 68 170 487 108
85 611 51 86
64 211 108 68 211 543 68 607 158 68 258 623 68 19 68 349 155 68 136 479
607 86 68 593 85 68 85 81 68 415 207
97 487 359 68 19 163
201 158 108 68 153 108 68 321 247 222 189 68 321 189
43 158 68 607 68 258 68 343 543 301 290 85 359
189 68 87 359 68 397 68 85 379 85 68 607 158 68 569 240 359
97 68 339 68 115 247 68 321 189 68 503 189 643 85
36 108 68 397 68 347 501 68 36 211
4 189 458
569 68 76 85 43 68 246 68 158 155 68 183 339
390 68 36 85 68 503 158 240 68 231 240 68 339 68 607 158 68 153
19 108 68 334 48
86 163 68 550 501 68 397 68 211 543 68 211 543 68 158 74
503 108
593 89 158 189 68 258 68 97 68 531 149 68 158 149 68 97 68 133 68 321 240 68 640 68 5 108
196 68 85 79 487 149 68 158 108 68 321 189 68 426 155
79 487
19 85 68 189 68 607 158 68 4 68 642 68 64 211 108
657 359 68 642 211
197 85
426 158 178
189 68 241 194 68 97
82 152 68 189 68 406 85 299 68 5 189 68 5
5 68 370 68 81 68 642 211
85 4 189 211 359
261 86 68 124
43 158 68 607 68 577 68 607 158 68 517 85 68 87
124 359 68 607 158 189 68 241 149
196 68 390 68 19 85 68 397 68 258 68 158 108 68 153 189 108
538 430 68 36 85 68 158 108
321
51 359 68 397 68 197 85 359
531 149
406 472 85 359
258 247 415
189 68 430 68 430 68 349 85 68 89 68 189 68 426 86
79 155 643
43 339
503 108 68 158 108 68 36 149 68 54 654
43 158 68 607 68 577 68 158 68 4 389 158 118 68 430
5 359
607 86 68 593 240 68 321 240 68 390 569 68 321 569 68 517 258 390
182 108
5 189 68 295 359 643
607 158 68 494 68 241 68 241 85 68 158 189 68 4 189 211 359 68 283 68 569 68 212 86 163
5 68 607 68 5 68 397 68 350 68 5 189 68 397 68 152 550 158 68 330 85 68 330 543 389 158 118
321 189
201 543 68 611 158 68 397 68 59 67 68 607 158 68 517 68 640 149 68 640
276 85 68 430 108 68 158 108 68 59 570 389 570
503 108 68 390 68 569 68 611 299 85
189 68 87 359 68 397 68 85 347 158 199 68 152 550 158 68 43 158 68 252 199 85
241 85 68 85 359 70 158 359
290 213 307 68 503 339 68 241 68 158 108 68 59 155 643
197 247 334 543 108
276 85 158 334 359 68 517 85
115 158 108
212 85
64 211 108 68 538 430 68 36 85 68 261 86 68 607 158 68 527 68 370 68 607 158 68 81 68 189
261 86 68 158 189 68 617 68 607 170 68 189 68 81 68 397 68 347 501 68 607 158 68 5
501 85 64 532
201 158 68 447 189 68 261 86 68 158 108 68 36 149
231 240
651
503 108
204 501 68 36 149
218 68 390 68 126
550 86 149
447 158 543 68 384 108
189 68 651 123 68 638 68 189 68 211 570 389 158 189
261 86 68 390 68 349 68 201 258 415 68 607 68 550 158 359
64 211 108 68 339 68 36 85 68 93 550 339 68 321 189 68 569 68 517 250
201 543 68 43 158 68 397 68 59 67 68 343 543 211 222
87 359 68 295 85 36 149 68 331 68 359
261 86 68 43 158 68 246 68 569 68 4 108 68 640 68 245 550 86 349 108
426 86 68 334 68 36 108 68 70 158 199 85 299 68 517 85
19 359 68 87 449
390 68 651 123 68 359 68 359 64 211 108
196 68 5 189 68 246 68 97 68 397 189 330
64 211 108 68 359
607 479 68 155 68 321 247 108
43 158 68 211 152 68 85 359 68 638 68 43 158 68 19 68 354 68 607 158 68 339 551 68 5 68 19 85
189 68 570 211 189 68 503 339
321 563 158 152
43 158 346 211 86
607 50 68 494 68 640
54 86 68 204 222 85 359 258 189 85
389 67 149
390 68 19 85 68 607 158 68 115 479 68 607 158 68 5 189 426 569 68 64 51 86 108 68 241 430 299 180 282 568 68 189 550 339
607 86 68 550 501 68 397 68 517 258 68 651 123
4 406 155 68 158 74
241 415
258 189 68 607 158 68 607 68 158 68 471 211
417
85 241 487 108
211 199
503 108 68 390 68 569 68 87 136 85 68 241 70 189
503 189
189 68 564 68 617 149 68 261 158 240 68 45 290 643
189 68 87 152 68 593 149 68 397 68 36 149 68 266 479 68 266 479 68 397 68 211 240
540 68 204 222 68 359 389 85 359
64 211 108 68 397 68 5 68 36 149 68 152 550 158 68 607 158 68 527 68 607 158 68 5
577 68 321 240
261 86 68 158 108 68 593 89 487 189 570
196 68 158 108 68 569 68 359 51 85 359 253 359 68 339 211 85 359 68 390 68 189 43 158 68 527 359
531 199 299
253 68 611 68 438 415 68 577 68 158 189 68 170 240 68 283 68 569 68 207 108 68 85
134 415 211 85 68 517 85
189 68 152 550 158 543 68 36 149
45 108 68 158 108 68 593 149 68 494 85 68 241 68 197 569
201 158 607 68 51 359 68 394 458 68 54 86 68 607 50 68 397
189 68 211 5 68 136 479 68 43 158 68 93 435 240 68 194 339
607 86 68 593 89 479 68 85 136 158 213 108 68 438 415
36 149 68 211 5 68 339 68 517 359 68 446 334 85 68 390 68 97 68 70 158 108
196 68 158 543 149 68 397 68 85 65 86 108
283 68 85 136 158 189 68 246 68 241 68 36 85 68 36 85
85 347 158
97 68 136 158 152 68 607 158 68 266 149 68 201 85 299 149 68 266 158 68 405 108
158 108 68 343 155 194 222
222 476 68 133
607 86 68 370 68 81 68 607 158 68 5 258 390 68 611 189
43 339
87 85
5 334 85 153
149 51 85 359 51 155 68 189 68 201 240 299 70 158 189
569 68 136 158 222 68 85 299 68 569 68 16 158 108 68 158 189 149
564 68 550 158 199
417
607 158 85 152 550 158
189 68 5 189 68 417 68 426 487
389 85 359 68 258 334 85 359
430 347 158 222
97 68 79 359 68 350 68 5 189 220 258 85
19 85 321 65 339
43 86 163 68 81 68 5 108 68 136 126
607 68 569 68 517 85
447 158 108
85 4 189 211 359
607 158 359 68 19 108 68 5 68 5 258 527
43 643
343 158 240
607 50 68 389 339 551
134 551
607 86 68 593 89 68 135 68 577 68 189 68 389 85 359 68 430 299 180 282 568 551
494 68 550 501 68 36 85 68 431 68 19 68 201 258 359
607 50 68 550 501 68 397 68 43 158 68 252 199 68 599 389 237 643 68 79 178 68 640
321 68 70 189 68 36 149
261 86 68 43 158 68 158 108 68 36 149 68 331 68 70 189 68 321 189 68 201 240 299 68 241 68 339
607 50 68 550 501 68 607 158 68 570 225 68 640 68 405 108 68 64 211 390
43 4 240
43 158 68 350 359
36 149 108 68 290 258 551 68 64 211 108
607 50 68 550 501 68 397 68 321 290 68 607 479 68 19 85 68 136 479
158 48
134 415 211 85 68 350 85 359
607 68 197 85 359
59 67 85 299 158
607 50 68 494
5 68 370 68 81 68 347 158 68 397 68 222 476
611 514 85 359 70 158 359 68 189 565 149 68 36 85 68 153 189
97 68 569 68 321 189 68 330 189 189 570 389
5 85
19 359 68 430 155 68 435 334 359
4
43 158 68 417 68 45 108 68 288 68 43 158
503 108 68 527 68 43 158 68 517 85
97 68 430 68 611 74 68 569 68 85 347 158 359
153 68 607 158 68 5 85 152 68 261 86 85
261 86 68 124 68 126 68 607 158 68 81 68 397 68 503 339 68 241 68 43 158 68 136 479 68 136 479
569 68 405 68 93 51 86 68 93 435 152 68 36 149 68 503 158 240
261 86 68 5 68 189 68 394
36 149 68 405 189 68 611 189 68 611 359
153 108 68 430 68 189 68 426 158 85 68 426 339 68 607 50 68 389 339 551
507 472 85
607 158 359
593 89 158 189 68 531 158 152 68 158 5 189 68 503 189 68 283 68 79 158 543 438 551
241 85 222 85 359 68 241 65
607 158 68 273 68 607 158 68 5 68 87 89 158 85
197 86
43 430 299 258 68 346 194 85 299 68 241 68 158 108
65 86 68 85 359 43 152
51 295
472 136 479
189 68 550 501 68 97 68 189 68 211 330 85 68 261 86 68 607 50
189 68 81 68 607 158 68 85 152 550 68 321 27
330 5 189 68 642 211
65 86
607 50 68 550 501 68 397 68 517 194 68 43 158 68 431 68 607 569
283 68 394 51 86 108
5 68 370 68 81 68 569 68 211 426 86
126 68 189 68 394 68 426 158 85 68 158 240 68 339 551 68 136 479 68 70 158 68 189
158 155
43 4 240
97 68 569 68 490 359 68 85 447 158 68 189 68 517 194 68 640 68 36 85
51 570 68 87 237
241 68 43 158 68 93 435 178
97 68 349 85 359 68 430 68 5 155 68 397 611 152
43 158 68 331 149 68 49 68 607 158 68 81 68 19 68 354 68 64 550 158 68 36 149 68 397 68 85 611 51 86
19 108 68 638 68 321 189 68 569 68 43 155
355 517
43 86 163
607 50 68 550 501 68 397 68 5 290 68 607 158 68 149 550 86 199 68 5 225 108
607 86 68 370 68 258 68 36 85 68 331 68 189 550 487 359 68 241
636 68 607 158 68 607 158 68 394 68 136 479 68 640 68 54 654
4 178
87 222 68 87 68 211 5 68 397 68 43 158 68 5 189
97 68 273 68 43 158 68 93 225 149
79 155 406 158 149
43 86 163 68 162 68 189 68 405 189
607 86 68 593 89 158 68 54 86 68 54 86 68 426 86 68 158 108 68 87
261 158 189 68 273 334
405 189
43 85 359
405 189 68 36 85 68 189 68 5 68 321 27 68 339 68 5 189 68 19 108 68 638 68 415 211
569
607 155 68 85 570 389 339 68 651 123 68 331 149
5 68 527 68 359 68 359 68 607 158 68 51 86 68 640 68 569 68 501 85 5
426 86 68 390 569
321 68 43 158 68 87 449 68 426 430 68 321 189 68 354 85
5 543 389 85 68 59 67 359
170 108 68 149 550 158 543 108
359 503 189 643 85 359
390 68 651 123 199 68 4 199
527 68 607 86 68 593 149 68 607 158 68 197 569
503 108 68 390 68 569 68 89 158 543 68 426 339
593 163 68 54 86 68 85 241
447 158 85 68 199 197 86 68 86
514 199 359
607 50 68 593 89 158 68 397 68 54 86 68 640 68 189 68 76 85
5 334 199
43 593 68 331 149 68 640 68 569 68 211 149 68 85 331 108 68 640 68 5
607 86 68 370 68 81 68 531 158 85 299 68 517 258 85
43 158 68 331 149 68 577 68 651 123 68 397 68 370
43 158 68 607 158 258 108 68 607 158 68 149 550 158 543
97 68 343 247 68 531 299 108 68 19 85 68 189 68 397 611 152
321 189 68 213 51 471
266 479 68 640 68 43 158 68 252 189
569 68 5 343 543 643
607 86 68 550 501 68 397 68 517 68 370 68 370
196 68 607 50 68 36 149 68 170 359
54 86 68 405 85 68 405 85 36 189
19 85 68 19 85
514 199
503 108 68 158 108 68 36 149 68 54 654
503 108 68 517 189 68 201 152 68 339 68 158 189 68 158 108 68 288 68 397 68 5 108 68 19 85 68 397 611 51 86
189 149 550 479 85 517 68 611 211
266 569
196
81 68 593 89 158 68 189 330 68 246 68 43 158 68 426 430
503 108 68 517 189 68 189 68 149 68 607 158 68 346 194 85 68 517
49 68 390 68 370 68 201 108 68 531 299 68 149 550 86 68 569
153 68 447 158 543 68 563 158 118 68 86
59 479 68 347 543 211 222 343 299
569 68 607 158 68 321 569 68 397 68 370 68 43 158
261 158 108 258 85
189 68 517 359 68 51 570 68 321 189
261 86 68 43 158 68 246 68 607 155 68 346 68 607 155
331 149 68 158 189 68 158 108 68 133 68 246 68 189 570
189 543 68 43 158 68 640 68 5 108 68 93 211 149
189 569 108 68 136 158
273 68 97 68 189 359 389 570 359
494 68 370 68 640 68 330 68 189 68 531 158 405 68 331 149
4 85 43 155
426 86 108 68 135 68 577 68 611 152 68 397
261 86 68 124 68 253 68 97 68 222 476 68 241 68 397
51 517 118 68 447 155 643 359
43 158 68 517 85 68 430 68 85 36 189 68 607 170 68 321 189 68 569 68 252 199
149 389 85 68 197 86 68 85 632
406 85 299
54 86
86 163 68 246 359 68 607 68 211 471 211 68 85 152 68 197 86 68 438 359 68 607 50
43 339
503 108 68 517 189 68 201 258 68 651 123
189
204 222 68 331 149 68 640 68 189 68 570 389 339 68 158
527 68 64 211 390
245 258 359 438
258 85
196 68 273 430 68 569 68 321 570 389 339 68 85 447 158 108
378 85 222 85 359
87 108 68 211 222 68 19 85 68 19 85 68 64 211 108
64 211 108 68 339 68 36 85 68 258 551 68 405 68 397 68 569 68 79 85 447 158 118 68 79 158 118
85 79 550 158 213
43 593 68 331 149 68 565 68 569 68 397 68 405 68 266 158 68 607 155
51 570 211 68 70 158 68 638
426 86 85
405 389 155 68 640 68 149 290 570 550
97 68 211 543 74 68 569 68 354 551 68 64 550 158 108
261 86 68 43 158
211 85 359
201 158 199 85 65 189 68 517 85 299
43 158 68 331 149 68 43 158 68 321 247 108 68 321 189 68 503 487 85
426 158 85
153 68 273 68 359 266 158 543 68 170 569 68 607 158 68 36 211 240
212 85
189 68 241 68 253 569 68 570 389 339 68 97 68 569 68 426 149
201 158 68 550 158 199 68 397 68 153 108 68 19 85
43 158 68 189 68 417 68 642 68 212 86 85 68 607 158 68 54 86 189 68 517 189
607 50 68 550 501 68 397 68 211 543 68 640 68 651 123
189 211 85 359 389 158 299 68 5 189 68 204 543 438 68 389 611
43 86 163 68 81 68 5 108 68 136 126
43 158 4 359 438 551
397 68 426 158 85 68 64 211 108
201 158 68 5 68 331 68 607 68 394 68 64 389 501 68 290 389 339
76 85 359
211 152 68 651
607 50 68 550 501 68 397 68 531 149 68 638 211 68 540 4
417
196 68 5 68 617 149 68 158 108 68 189 68 189
201 158 607 158 68 349 68 607 170
231 51 86 68 261 86 68 43 158 68 370 68 5 68 170 299
45 68 430 68 349 68 349 68 261 86 68 158 108 68 370 68 394 299
607 158 68 5 189 149
76 85 438
607 50 68 550 501 68 397 68 517 194 68 330 68 330 543 258 247 334 189
330 43 158 5 189
97 68 85 158 189 570 389 339 68 517 623 68 607 50 68 124
87 543 68 426 158 68 231 51 86
196 68 347 158
266 158 359
158 389 339 334 108 68 642 149
397 68 85 611 152
79 158 108
170 108
222 476 68 550 158 543 68 149 68 607 158 68 503 339 68 149 550 501 68 36 149 68 517
5 68 370 68 81 68 607 158 68 189 68 550 501
245 258 359 438 68 115 479
359 389 68 640
158 189 258 123
79 155 149
97 68 273 68 638 68 240 194 68 189 68 611 51 86 68 359 51 570 68 64 550 339
607 170 299
97 68 394 68 550 501 68 97 68 490 68 405 189 68 45 108
189 68 261 158 5 85 359 507 359 68 93 435 152 68 189 550 569
135 68 149 68 359 68 569 68 85 629 68 397 68 607 158 258
79 158 108 68 642 68 64 550 158 359
76 85 222 505
189 68 651 123 68 397
550 501 68 43 158 68 657 359 68 370
347 501
196 68 189 68 273 68 85 331 68 397 68 426 158 85 68 273
426 155 68 258 85 68 189 570 389 430 68 390
43 158 68 189 68 136 501 68 76 346 85 359 68 153 108
54 86 68 189 570 389 339
97 68 394 68 550 501 68 97 68 490 68 405 189 68 45 108
196 68 347 158
196 68 261 158 240 211 189 68 189 68 273 68 170 108
577 68 124 108 68 359 16 569 108
136 158 4 85 222 85 359
531 149
87 68 162 68 19 68 607 158 68 126 68 607 158
503 339
201 543 68 339 68 397 68 397 68 43 158 68 70 158
607 487 108
359 70 479
189 68 651 149 68 295 149 68 607 170 68 607 50 68 97
43 155 68 170 170
87 415 438
231 240 68 36 85
4 359
593 494 68 36 149
564 222 85
189 68 5 543 68 397 68 170 85 152
189 240 211 517 299
5 189 68 133 68 321 27
607 50 68 550 501 68 397 68 330 359 68 607 158 68 517 85
189 68 81 68 607 158 68 426 158 85 517 415
189 68 87 359 68 397 68 501 85 517 570 389 339 68 241 68 158 108 68 569 85 68 79 86 149
19 79 359 68 426 158 85
159
531 149 136 158 222 505
133
194 543
651 123 68 607 158 68 258 85 359
569 68 241 430 68 59 570 389 349
5 68 370 68 81 68 607 158 68 43 158 68 611 158 5 108 68 430 299 158 240
70 155 211 199 68 241 359
211 543
43 158 68 252 189 643 68 607 68 4 359 68 394 68 149 211 68 189 68 70 158 68 85
607 50 68 194 543 68 397 68 531 158 149 68 189 68 347 158 5
36 85 607 158 189 68 85 79 487 359
196 68 158 108 68 569 68 490 359 68 258 251 85 68 19 68 430 68 5 189
189 68 517 359 68 565 68 158 471 211 390
517 85 266 50 371 158 118
240 222 68 334 68 85 629
196 68 501 85 4 189 211 85 68 607 170 68 593 149 68 607 309
189 68 85 447 258 68 135 68 405 68 19 108
43 158 68 350 85 68 170 108 68 640 68 158 108 68 611 258
261 86 68 43 158 68 246 68 97 68 70 189
43 158 68 517 108 68 501 68 5 189 68 331 430 68 569 68 240 643 85 68 152
126 68 370 68 258 68 607 158 68 189 451
503 240
607 170 68 81
86 163 68 550 501 68 397 68 253 68 370 68 87 68 240 51 86
201 258 108 68 197 86 68 569 68 64 435 240 359 68 201 258 68 405 237 4 93 211
87 189 68 397 68 258
204 501 68 36 149
426 158 4
43 158 68 607 68 577 68 607 158 68 165
19 108 68 430 68 501 85 68 501 85 241 194 68 640 68 334 543 68 4 247 222 85 68 359 564 222 68 87 359
196 68 158 108 68 36 149 68 252 199
43 158 68 245 222 108 68 201 108 68 390 170
390 68 19 85 68 253 359 389 339 68 170 108
201 258 108 68 197 86 68 87 68 201 258 611 389 149 68 5
642 158 108 68 115 479 68 261 86 68 261 86 68 607 158 68 231 240 68 593
133 68 426
51 487
86 163 68 550 501 68 397 68 43 158 68 426 339 68 426 339 68 283 68 153
253 5 68 347 158 359
607 158 68 5 189 149
390 68 201 258 415 68 170 108 68 170 85 331 149
201 158 158 607 68 321 27 222 68 76 85 359 68 290 258 189 565
133 4 258
211 213 51 64
65 86 68 87 449 68 189
261 86 68 43 158 68 246 68 607 155 68 346 68 607 155
36 108 68 236 149 68 390 68 638 68 85 4 359
149 550 158 241 85 359 213
240 359 68 321 189 68 331 149 68 258 359 68 405 251
133 85 136 158 359
189 68 87 359 68 593 89 68 211 189 68 651 123 68 201 258 68 220 211 68 43 158 68 365 430 199
527 68 36 149 68 517 68 607 158 68 494 68 339 68 569 68 241 68 189 85 290 85 359
349 359 68 196 68 189 68 87 299
79 158 189
59 487 149
503 189 68 517 85 68 651 123 108 68 241 68 64 550 85 68 5 68 430 68 213 211 543 389 158 543 68 189 68 206
426 158 85 70 189 68 302
189 68 87 359 68 569 68 426 158 68 5 189 68 158 189 68 430 68 354
97 68 85 65 543 85 359
43 155 68 170 170
607 158 68 299 241 68 390 68 611 189
201 158 68 550 158 199 68 617 149 68 97 68 97
64 211 108 68 339 68 36 85 68 417 68 607 68 569 68 321 247 334 68 5 68 517 499 49 551
136 309 108
503 189 68 607 50 68 640 68 81 68 201 240 211 70 158 118 68 258 390
261 158 543 68 397 68 5
97 68 189 68 415 211 68 321 27 68 5 189 68 189 85 611 299
266 430 359
565 149
43 158 68 189 68 81 68 607 158 68 405 199
64 211 108 68 397 68 5 68 36 149 68 152 550 158 68 607 158 68 201 258 68 349 531 158 68 638 68 354
607 50 68 550 501 68 607 158 68 211 85 149 68 494
43 86 163 68 321 247 68 397 68 19 68 136 155
87 68 81 68 507 472 85
87 152 68 19 79 430 68 189 68 321 247 85
397 68 569 68 218 359 68 280 68 64 211 108 68 64 550 430 68 43 158 68 45 149 68 638
211 240 152
514 199
189 68 99 68 359 569 68 417 68 607 158 68 405
19 85 290 258 85 68 350 85 359
211 240 68 490 359
189 68 577 68 430 68 359 435 570 389 570 211 68 430 397 68 189 68 331 430 68 43 158 68 252 199 68 415 211 68 70 158
97 68 390 68 241 68 85 359 68 640 68 19 68 283 68 212 149
406 158 5 359 68 517 85 299
196
43 158 68 607 68 607 68 5 68 295 149 643 68 339 68 397 68 70 158
170 51 86
607 50 68 36 149 68 211 85 68 330 570 389 339
611 85
197 85
5 68 593 163 68 201 240 68 189 68 197 86 68 153 108
355 68 635 108 68 503 189 68 87 543 68 5 517
64 211 108 68 16 158 543 68 569 68 5 68 390 581
158 389 149 43 517
201 258 108 68 197 85 68 370 68 189 68 607 170 68 19 68 343 543 550 158 543
222 476
5 108
43 155 211 5
527
43 339
330 222
607 50 68 550 501 68 397 68 43 189 68 334 68 43 158 68 93 225
517 359
51 86 68 87 108 68 394 68 246 68 136 158 240
607 50 68 577 68 577
43 158 68 189 68 19 68 158 108 68 170 643 359 68 642 68 85 359
261 86 68 124 68 253 68 569 68 290 85 241 85 517 85 68 550 430 359
189 68 81 68 607 158 68 430 359 258 85 68 5 108 68 607 68 211 389 85 299 438 415
611 152 136 479
196 68 569 68 569 68 85 173 68 331 487 149 68 85 68 136 479
59 19 108 68 517 258 149
527 68 405 507 258 149 68 569 68 189 68 189 569
503 339
115 158 108
569 68 149 211 543 85 68 246 68 85 68 531 149 68 97 68 569 68 331 487 359 68 54 86 68 241 68 569 68 359
330 123 406 85 299
261 86 68 43 158 68 501 85 4 189 108 68 5 189 68 431 68 81
211 222 85
87 68 124 68 339 68 607 158 68 577 68 189 68 569 68 343 543 389 550
5 258 415 68 189 68 507 149 68 43 158 68 93 51 86
447 158 64 225
5 108 68 115 158 93 359
607 86 68 593 89 487 299 68 196 68 189 68 201 258 68 426 189
97 68 85 299 213 68 5 68 550 430 108
196
189 68 81 68 19 68 607 158 68 330 68 290 85 68 640 68 51 570 211 68 397 68 5
189 550 487 108
43 155 211 5 189
196 68 347 158
593 178 68 569 68 64 550 479
617 149
577 68 19
201 158 68 64 149
201 108 68 153
564 68 5 68 607 158 68 390 68 19 359
189 68 211 5 68 54 86 68 397 68 569 68 59 67 415 211
347 501
222 476 68 359
87 359 68 569 68 607 158 68 5 359 51 86
201 258 136 479 68 607 158 68 389 85 359 68 321 240 68 258 290 85 359 207
43 158 68 607 68 577 68 569 68 19 85 68 19 85 331 487 108 68 70 158 108
49 551 68 550 501 68 97 68 359 389 339 68 347 158 68 70 189
565
204 543 4 85 68 359
5 68 370 68 81 68 258 85 4 68 607 479
611 85 359 438 359
85 568 359
550 86 108 68 76 85 438 359
85 611 152 68 64 550 430
569 68 426 479 68 246 68 503 339
153 108
389 85 359 68 85 379
5 189 68 611 158 68 261 158 68 153 68 550 430 359 68 550 339
79 222 68 642 68 642 211
64 211 108 68 258 189 68 607 158 68 501 85 68 501 85 623 68 426 158
5 68 593 89 158 68 79 158 359 68 189 68 283 68 45 108 68 70 158 118
5 68 370 68 607 158 68 81 68 5 108 68 5 68 201 258 471 211 68 397 68 354
153 108 68 390 68 569 68 438 359 68 5 258 85 68 389 339 211 241 68 241 70 158
389 85 359 68 517 85
64 211 108 68 565 68 189 68 569 68 389 158 189 68 640 68 241 334 108
54 86 68 359 16 569 108
149 435 339 68 347 189
503 189 68 607 86 68 87 543 68 397 68 5 406 158 152 68 405
611 178
607 158 68 19 570 389 158 108 68 607 170 68 565
189 68 607 50 68 577 68 97
261 86 68 607 158 68 189 68 611 189 68 431 108 68 617 149 68 517
261 86 68 390 68 97 68 19 85 359
211 68 36 149
5 68 527 68 149 68 85 36 149 68 330 68 527 68 170 449 68 321 569 68 430 68 640
79 158 359 389 570 643
5 189 389 85 359
349 359 68 607 158 68 389 339 68 85 347 158 68 158 108 68 569 68 19 85 68 430
43 158 68 331 149 68 640 68 97
350 222 68 5 189
321 543 108
607 86 68 550 501 68 158 68 240 302 282 68 261 86 149
527 68 153 108 68 36 149 68 607 158 68 330
87 152 68 19 79 68 36 85 68 54 86 68 397 68 405 68 397
153 68 607 158 68 81 68 45 108 68 657 299 68 87 449 68 607 170 68 370 68 5 68 19 85 68 354
43 339 68 321 240
85 87
189 68 321 569 68 204 222
4 85
394 68 321 247 85
197 85
241 158 85 68 246 68 397 68 343 189 68 189 68 569 68 642 211 85
355 517 68 638 68 54 86 68 54 86 68 397 68 258 149
51 517 118 68 346
201 158 607 158 68 76 85 152 68 607 158 222 85
43 158 68 54 86 189 643
201 149 258 136 359 68 36 85 258 19
189 68 87 359 68 397 68 211 85 68 640 68 569 68 201 258 569 85 170 643 359
607 86 68 370 68 81 68 158 543 389 570 389 158 85 68 640 68 517 258 390 569
607 50 68 550 501 68 397 68 550 501 68 158 240 68 290 85 359 68 397 68 211 611 152 68 397 68 339
607 158 85 152 258 85 222 85 299 68 189 68 5 189
153 68 70 189 68 5 189 68 638 68 550 86
201 158 136 479 68 607 158 108 68 397 68 5 415
201 158 607 68 607 68 43 158 68 76 85 359 68 330
503 189 68 390 68 569 68 189 211 85 359
149 43 569
153 108 68 527 68 36 85 68 607 68 607 158 68 4 258 390 85
196 68 136 158 4 85 222 85 359
211 240 359 68 640 68 569 68 5 334
64 211 108 68 124 299 68 397 68 569 68 16 158
201 158 68 577 359 389 240 359 68 640 68 153 108
194 543
405 240 211 240 359
64 211 108 68 16 158 543 68 5 189 68 158 517 499 49 68 85 379 85 359
389 189 68 384 108
36 149 68 517 550 158 68 438 68 607 68 321 189 68 321 189 68 19 108 68 70 158 68 321 247
85 611 74 68 59 67 68 59 19 108
5 359
79 158 108
503 108 68 390 68 569 68 550 487 359 68 607 170 68 241
517 359 68 43 86 503 86
79 479 68 430
321 68 19 359 68 564 68 36 149 68 87 68 49 551 68 211 222
273 68 97 68 189 359 389 570 359
607 50 68 550 501 68 397 68 501 85 517 68 36 189 68 170 152 68 397 68 241 68 279 194 108
261 86 68 158 108 68 593 89 487 189 570
517
201 158 199 85 299 347 158 189
43 155
501 85 438 359 68 87 68 503 108 68 607 158 68 189
607 50 68 370 68 81 68 607 158 68 85 299 68 347 501 68 347 501
85 79 222 108
503 108
76 85 222 85
258 85 406 501 68 245 570
503 189 68 517 189 68 76 68 76 68 97 68 640
43 86 163 68 406 189
135 68 503 339
36 85
4 199 607 50
36 108 68 330 68 330 93 211 68 54 86 68 339
189 389 85 359 158 349 570 389 570
5 258 415 68 85 507 68 607 68 189 43 155 68 19 64 550 158 108
258 68 36 149 68 638
189 241 85 359 158 359 331 359
189 68 517 359 68 153 108 68 331 149 68 64 211 390 68 64 211 108
189 68 607 50 68 36 86 68 261 86 68 397 68 59 290 51 86
43 86 163 68 59 290 68 569 68 607 158 68 189 68 241 194 359
36 149 68 211 5 68 397 68 390 68 354
196 68 607 50 68 593 89 158 68 397 68 258 189 211 189 68 19 68 569 68 321 64 389 158 118
283 68 197 86 163
189 569 108 68 236 149
651 123 68 607 170 68 19 85 68 87 449 68 158 449
565 517 68 189 68 261 149 68 149 43 569 68 501 85 123 199
261 158 189 68 19 79 158 543 68 5 543 68 321 247 85 68 204 222
514 199
642 211 607 479 68 611 258
189 68 87 359 68 397 68 258 68 607 158 68 207 85
447 158 299 415
426 158 68 79 86
447 189
54 86 68 405 68 81 68 607 158 68 607 158 68 189 68 5
261 158 643
97 68 211 189 43 158 68 189 68 194 543 68 97
43 158 68 252 155 68 430 68 405 189 68 153 189 68 611 51 570 149 643
59 149 550 158 108 68 5 471 211
321 531 158 85 299 565
211 543
43 158 211 390
261 86 68 390 68 97
426 501
43 86 163 68 93 211 189 68 651 123 68 640
245 19 299 643 359
189 550 501 68 5 68 607 158 359
135 68 43 158 68 266 158 152 68 426 86
5 68 370 68 81 68 426 158 290 258 68 321 85 68 540 299
64 211 108 68 397 68 5 68 331 149
514 199
59 67 415 211 247
261 158 189 68 273 334
321 27 68 569 68 426 86 68 389 158 222 68 390 68 97 68 70 158 68 93 211 68 153 108
565 569 68 550 501 68 607 158 68 552 85 359 68 79 155 108
43 158 68 189 68 350 85 68 153 108
611 189 158 108
569 68 607 158 68 339 68 390 68 347 85
397 68 54 86
97 68 152 389 85 359 68 397 68 569 68 607 158 68 258 43 569
85 19 85 68 611 118
651 123 68 430 68 349 68 5 189
550 430 359 68 347 158
266 155 149 550 430
76 85 359 68 640 68 394
43 158 68 651 123 68 607 158 68 503 189
204 501 68 36 149 68 640 68 611 290 570 389 158
87 68 197 86 68 76 68 76 85 68 640 68 569 68 70 543 68 405 241 68 87 68 211 543
261 86 68 438 415 68 569 68 430 68 5 48
290 85 415
162 68 640
354 551
97 68 527 68 370 68 189 68 194 543
189 211 251 194 359
43 339
321 211 87 85
19 108 68 158 189 149 389 158 118
135 68 531 189 85 570 68 607 158 68 607 158 68 321 189 68 321 189
43 170 282
155 389 85 359 207
593 89 50 68 211 517 68 397 68 394 68 370 68 569 68 640 68 517 85 359 70 158 108
189 68 607 50 68 81 68 389 199 149 68 5 189 68 43 158 68 331 149 68 569 68 640 68 5 108
36 108 68 330 570 359 68 640 68 640 68 245 258 85
196 68 5 68 295 149 68 430 68 569 68 550 158 68 640 68 569 68 64 211 108
426 158 85 517 211
211 199 189 68 517 359
43 158 68 397 68 5 68 222
607 158 152 68 569 108 68 133
531 359 68 472 213 108
43 487 149
552 85
82 152 68 531 149 68 417 68 54 86 68 607 155
258 247
65 5 68 527 68 158 64 435 85 68 241 68 390 68 607 158 85
204 543 68 5 68 321 240 68 158 449 108 68 158 108 68 153 189 108
276 85 68 430 68 158 108 68 570 211 68 5 68 19 68 158 189 68 87 85
607 50 68 550 501 68 253 211 64 550 479 68 245 258 68 397 68 438 415
503 108 68 390 68 501 85 359 389 158 543 85 68 321 189 68 321 189
87 152 68 4 64 68 346
211 240 152
76 85 359
607 86 68 550 501 68 430 68 346 194 514
189 68 261 158 5 68 344 359 68 417
607 50
196 68 607 50 68 593 149 68 640 68 5 108 258 85 359
648
258 247 359
494 389 158 199 68 158 108
569 213
390 68 19 85 68 607 158 68 258 64 211 108 68 636 68 133 68 339 194 334 68 607 170 108
135 68 346 211 68 593 89 158 68 565 68 430 68 79 158 543 74
19 85 359
201 158 68 213 532 189 68 153 108
222 430 359 68 97
70 189 68 599 68 158
5 68 527 68 201 240 359 68 331 149
201 258 43 158 68 321 240 68 331 149
449 68 189 68 189 68 36 86
503 108 68 517 194 68 246 68 149 68 430 68 389 85
189 68 5 189 68 258
158 108 68 36 149 68 330 93 211 68 70 158 359 389 339 551 68 36 85 68 36 189 68 19 108
189 68 354 68 189 68 321 247 68 607 68 189 68 501 85 123 359 68 87 152
405 108 65 158
258 85 4 85 359
201 158 108 68 241 330 152
196 68 158 108 68 569 68 252 405 68 570 389 339
607 158 68 330 85
330 43 158 5 189
201 258 68 197 108 68 189 68 201 258 611 389 149 68 211 517 359
189 68 550 501 68 36 149
201 158 108 68 359
153 108 68 97 68 390
261 86 68 124 68 81 68 593 89 158 68 569 68 365 430 199
97 68 54 654 68 397 68 133 68 85 447 189 68 158 189
79 158 565 68 97 68 417 68 79 158 85 68 330
569 68 607 158 68 339 68 246 68 149 207 108
64 211 108 68 607 50 68 19 85 68 36 149 68 406 19 85 68 531 158 118 68 405 241 430 359
64 211 108 68 459 543 108 68 241 68 158
550 158 5
158 389 339 334 85 68 389 339
503 108 68 390 68 569 68 640 19 85 299 68 133 85
593 85 359 68 349 68 85 359 68 538 430 149 68 607 158 68 211 199
5 189
5 334 199
85 347 158 240
607 479 406 158 189 359
405 108 68 170 68 607 68 607 158 68 170 152 68 564 222
607 50 68 550 501 68 397 68 531 149 68 189 68 64 435 240 359 68 640 68 569 68 54 86
189 68 19 68 85 79 487 359 68 5 68 170 68 283 68 158 108 68 389 339 68 189 16 85
569 68 189 643 85 68 640 68 152 550 86 199 68 85 568 68 158 108 68 550 487 108
79 359
503 108 68 390 68 569 68 394 51 86 389 158 118 68 642 211
397 68 426 158 85 68 64 211 108
503 108 68 607 50 68 189 68 280 68 189
43 158 258 334
5 359
397 415 543 415
611 152 68 64 211 390
405 68 611 189 43 299
321 189 68 569 68 16
97 68 405 189 68 54 86 68 54 86 178 68 397 68 397 68 593 163 343 189 93 532 93
565 569 68 189 438 359
290 85 197 86
189 68 81 68 295 149 389 85
507 449 68 550 155
97 68 170 359 68 261 158 240 211 68 607 158 189
359 68 189
261 86 68 273 68 569 68 540 359
607 50 68 550 501 68 397 68 211 543 68 43 158 68 252 155 108 68 153 108
189 68 607 158 68 85 447 189 643
19 108 68 430 359 51 570 389 339 68 189 68 517
607 158 68 85 640 68 517 68 321 4 68 64
136 479 68 136 501 68 266 50 68 19 108 68 5 189 68 638
503 189 68 517 68 189 68 258 68 36 149
43 86 163 68 636 68 343 543 211 68 415 532 68 149 550 158 543 108 68 241 68 189 68 295 149 458 85
607 86 68 370 68 81 68 197 86 68 253 68 86 68 550 86 108 68 231 643
43 158 189 570 389 570 68 64 550 158 85
64 550 158 85 68 79 158 108
283 68 189 517 68 64 211 565
611 85 359 70 155 49 68 189 565 68 330 68 330 152 68 350 68 640 68 85 36 85
550 158 543 108
503 108 68 5 68 331 149 68 426 86 68 36 149 68 245 449
51 158 189
97 487 68 170 152
189 68 211 5 68 136 501 68 339 68 241 85 347 158 359 68 640 68 19
189 85
390 68 651 123 68 430 64 389 479 85
43 170 282
261 86 68 569 68 87 569 108 68 397 85 347 158 108
390 68 354 68 569 68 85 347 189 68 241 68 87 68 85 152 68 93 211 543 68 339 68 426 339 551
527
321 189 108
79 339 334 108
196 68 347 158
170 108
43 158 68 165 359 68 273 68 430 68 65 189
201 158 68 54 654 68 397 68 531 158 152 68 5 68 640 68 5 68 593 89 158 68 170 299
426 108 68 577 68 189 68 189
343 543 85 331 247
261 158 5 189 68 136 479
565 359 389 158 543 68 565
189 68 124 68 43 158 68 295 247 68 189 68 607 479 68 517 189
43 593 68 331 149 68 446 550 158 68 197 86 68 490 68 490 64 108
359 16 569 108
4 189 211 390
87 68 170 68 417 68 397 68 397 68 321 189
97 68 430 68 16 339 68 290 85 359
321 68 201 258 68 197 85
642 149 68 85 379
196 68 390 68 569 68 5 359 68 79 220 68 339 551
5 68 370 68 607 158 68 81 68 5 68 389 349 531 158 359 68 321 290 85 359 68 189 64 389 158 543
87 359 68 295 85 68 490 68 611 359 68 611 152
81 68 189 68 550 501 68 397 68 569 68 331
430 346 211
189 68 5 189 68 158 189 68 397 68 222 476 68 36 149 68 211 334 108
503 108 68 390 68 569 68 405 51 85 359 70 158
503 189
51 517 118 68 346
394 149
607 158 213 550 479 149 517
93 51 86 68 397 68 607 155 68 531 155 643
261 158 5 189
390 68 569 85 68 253 569 68 266 569 68 266 85 68 36 149
599 211 543 194
527 68 189 68 253 68 617 68 607 158 68 258 85 517 85 68 370 68 593 89 487 68 640 68 397 68 64 211 108
149 550 158 405
495
531 299 211 258 68 657 299
503 189 68 607 170 68 87 108 68 5 68 87 359
330
49 68 607 158 68 347 501 68 370 68 397 68 569 68 158 211 199 68 642 211
607 50 68 370 68 81 68 607 158 68 45 235 68 19 85
19 108 68 390 68 321 68 321 189 68 266 158 68 19 550 158 68 153 108
189 68 583 68 321 189 68 211 349 570
76 85 359
134 551
43 299
115 479 68 607 155 68 231 240
593 89 487 68 330 359 68 189 85 359 68 405 68 299 68 189 68 70 158 68 85 570 389 339
570 435 64 211 189
158 240 222 108 68 607 158 68 321 569
79 487
43 339
189 426 158 85 68 321 240
607 68 213 458 152
611 51 86 108
54 189 68 149 68 640 68 642 68 170
321 189 68 79 359
640 68 245 258 85 68 135 68 405 68 19 108
126 149 68 593 89 158 68 43 158 68 266 479
607 50 68 370 68 81 68 550 158 85 68 405 199 68 397 68 569 68 517
201 158 607 68 607 68 339 68 97 68 640 68 158 108 68 288
86 163 68 93 389 501 68 397 68 339
517 19 155
231 240
97 68 201 258 68 359 70 158 68 240 389 158 68 153 108
54 86 68 397 68 607 158 68 79 158 507
36 211 390
607 86 68 370 68 81 68 607 158 68 237 4 68 85 54 654
16 158 68 93 51 86
241 85 68 390 359 438 359 68 258 390
607 86 68 370 68 81 68 607 158 68 241 68 162
49 68 607 158 68 54 86
201 258 108 68 197 86 68 397 68 153 108 68 19 85
134 415 211 449
651 123
70 339
43 158 258 68 344 158 68 211 222
531 430 68 517 85 359 70 158 241 406 158 299
507 24
5 543 389 85 152 68 162
201 258 68 321 189 68 378 85 149
261 86 68 390 68 36 85 68 231 85
642 149 68 85 379
5 68 370 68 607 158 68 81 68 5 189 68 321 563 189
607 50 68 370 68 81 68 158 189 68 43 158 68 261 86
189 68 81 68 241 487 68 189 68 417
417
87 68 607 170 68 81 68 5 108 68 390 569 68 331 149 68 611 85 359
59 479 359
231 51 86 68 196 68 517 68 189 68 640 68 36 85 68 370 68 607 50
5 241 487 359
607 86 68 370 68 81 68 607 158 68 64 435 240 359 68 397 68 152 550 501 68 36 85 68 397 68 569
158 108
261 86 68 5 68 617 149 68 550 501 68 397 68 343 543
189 68 213 87 68 607 158 68 51 85 359 68 158 108 68 158 155 211 390
189 569 108 68 201 258
64 211 108 68 426 158 85 68 405 189 68 569 68 426 158 85 68 93 211 189
607 50 68 593 89 158 189 68 19 85 68 611 74
503 108 68 390 68 569 68 359 70 85 359 68 189 241 85 65 189 68 611 189 68 359
503 339
527 68 70 189 68 211 359 68 153 189 68 517 623 68 569 68 531 299
43 86 163 68 43 158 68 417 68 189 68 79 158 543 68 343 543 149
607 68 189 565 211 471 211
501 85 438 359 68 607 158
196 68 390 68 354
43 593 163 68 344 339 68 97 68 19 570 389 158 189
569 68 65 155 49 68 246 68 370 68 321 240 68 321 85
204 501 68 36 149 68 640 68 611 290 570 389 158
4 258 189 68 321 189
611 155 458 86 607 50
158 108 68 593 89 158 247 68 550 158 199 68 426 86 68 339 68 426 86 68 87 68 617
87 222
569 68 5 155 68 246 68 43 158 64 211 359
514 240 359
405 189 458
405 430 68 158 108 68 85 68 135
607 50 68 550 501 68 397 68 43 158 68 252 199 68 64 389 339
503 108 68 390 68 569 68 213 211 517 152 68 136 479
611 85 359 70 158 359 51 118 68 321 189 68 241 194 68 569 68 43 158 68 431 290
65 86 68 189 517 68 85 517 258 68 64 211 108
258 85 406 158 43 68 64 550 158 189
569 68 447 158 290 68 158 108 68 290 85
85 24 194
196 68 426 339
189 68 550 501 68 569 68 241 65 118 68 246 68 531 359
321 189 68 405 199 85
636 68 158 68 5 85 359 68 640 68 5 258 85 68 640
51 86 68 607 158 68 51 86 68 283 68 158 152 88 68 5
240 550
321 240 68 245 258 85 68 5 68 593 163 68 550 501 68 241 68 339 551
222 85
565 68 45 430 68 330 85
503 108 68 517 194 68 246 68 607 158 68 85 241 577 551
321 543 68 19 108
394 51 86 68 607 158
607 50 68 550 501 68 397 68 321 290 68 607 158 68 321 247 334 543 68 426 158 543 68 611 51 299
126 68 19 108 68 405 68 607 158 68 189 68 149 51 68 354
51 86 68 189 68 607 50
359 70 158 85 359 68 339 551 247 85 359 51
258 189
611 85 359 70 155 211 118 68 638 68 36 149 68 54 86 108 68 397 68 531 158 240 299 68 405 241 68 19 85
189 68 241 85 359 68 397 68 577 68 97 68 405 68 85 5 68 569 68 517 250 551
599 389 241 68 149 550 158 543 108
5 543 85 611 517
204 501 68 36 149 68 640 68 347 501 68 517 85 68 517 85 68 640 68 611 51 86
261 86 68 607 50 68 527 68 19 68 354
64 550 158 85 68 507 472
189 68 394 68 550 430 149
189 68 550 501 68 194 213
390 68 607 158 68 266 50 68 153 108
517 194 359 68 479 240 359 68 354 68 651 123
201 158 108 68 397 68 527 68 397 68 607 50 68 19 68 397 343 158 152
4 607 258 149
607 158 189 550 430
390 569 415 211 123 359
222 476
189 68 261 158 68 517 68 158 108 68 517 85 299
85 4 543 389 430 149 68 389 570 211 359
19 108 68 334 48
135 68 569 68 43 158 68 417
196 68 158 108 68 36 85 68 295 149 550 430 68 85 447 158 108
330 149 550 158 108 68 64 211
197 85
201 240 68 370 68 211 543 68 36 108 68 152 550 158 68 135 68 135 68 70 158 68 397 68 93 51 86 68 19
527 68 153 68 231 51 86 68 517 258 390 68 149 550 86 163
196 68 347 158 68 5 68 569 68 76 85 359 68 531 149 68 430 68 211 543 85 68 170 152
426 86 85
5 68 81 68 397 68 405 68 261 86 85 4 116
321 5 108
159 222 85 68 85 68 426 86
261 158 5 517 415
503 108 68 158 108 68 36 149 68 54 654 68 397 68 133
189 68 86 163 68 397 68 642 68 5 108 68 51 86
5 68 593 89 158 68 447 158 108 70 158 68 642 68 330 570 211 108
196
607 158 68 5
495 68 390 68 569 68 19 85
36 149 108 68 389 339 68 565 68 158 199 68 152 550 158 334 108 68 370 68 5 68 397 68 405 241 68 19 85
43 430
406 501
97 68 390 68 241 68 85 359 68 640 68 19 68 283 68 212 149
222 476 68 153 551
550 569 68 570 211 68 638 68 370 68 241 68 70 189 68 397 611 51 85 359
189 68 607 50 68 354 68 189 68 54 86 68 569 68 85 68 189 550 339
550 430 359 68 330 85 68 79 158 240
135 68 19 68 331 149 68 19 85 68 430 68 426 86 68 430 68 569 68 43 155 68 64 389 158 85 68 158 118
189 68 87 108 68 607 158 68 70 158 68 201 258
153 68 170 359 68 19 359 68 87 449 68 607 158 68 503 155 68 54 86
447 158 438 197
5 68 390 68 153 189 108
85 79 550 158 213
651 85 68 79 359
569 240
550 86 68 189 68 607 50
85 447 189 643
261 158 189 68 19 240
261 86 68 124
527 68 153 108 68 97 68 97 68 390
19 108 68 347 158 258
283 68 5 334 85 359 211 222
87 108 68 54 654 68 397 68 189 68 16 158 149 68 370 68 607 50 68 397
43 158 68 331 149 68 599 68 276 85 68 87 108 68 569 68 321 189 68 241 406 158 118 68 189
43 86 163 68 531 149 68 70 479
43 158 68 64 550 479
189 68 640 68 36 149 68 397 68 640 68 438 415
65 155
321 194 68 321 189
189 68 607 50 68 81 68 607 158 85 152 68 64 550 430 68 189 68 290 85 359
607 158 68 490 68 5 68 93 225 68 170 449 68 189 68 36
70 339
4 85 438
19 85 189
517
607 50 68 550 501 68 397 68 258 189 68 651 85 68 501 85 24 108 68 638 68 5 68 577 211 471 211 471 211
527 68 87 68 607 86
43 569 241
607 50 68 331 68 569 68 258 68 258 339 68 64 211 390
153 68 636 68 5 68 607 158 68 51 86 68 640 68 211 36 359
19 359 68 43 158 245 189 68 339 68 334 68 5 189 68 222
276 85 68 642 68 390 68 397 68 43 155
517 194 68 370
241 359
19 570 389 359
70 158 108
43 158 68 189 68 550 501 68 158 152 68 447 158 108 68 153 108
51 86 68 189 68 133 68 81 68 19 108 68 5 68 527
390 68 607 158 85 36 189 68 570 389 158 118 68 70 158 68 397 189
426 339 68 36 149 68 517 68 85 359 68 97 68 189 68 189 68 569 68 79 222 68 241 406 158
51 86 68 97 68 273 68 212 85
607 50 68 550 501 68 397 68 5 290 68 607 158 68 149 550 86 199 68 5 225 108
196 68 36 211 607 68 54 654 68 5 68 431 68 81 68 339 68 19 68 189 43 158 68 158 565
201 158 607 68 397 68 85 36 189 570
321 68 19 359 68 564 68 36 149 68 87 68 49 551 68 211 222
36 108 68 339 68 211 471
158 85 359 70 155 68 189 68 189 211 565 222 189
189 85
321 189 68 5 108 68 115 479 68 64 211 108
204 501 68 593 149 68 501 68 569 68 517 189 68 16
201 158 158 199 607 359 68 359 389 339
231 51 86
196 68 153 68 494 68 550 501
503 189 68 87 543 68 5 406 158 5
4 178
85 299 569
158 152 435 359
87 85
189 68 43 158 68 252 189 68 607 170 68 85 611 152 68 299 458
97 68 569 68 43 158 240 68 204 222 68 370 68 43 158 68 321 27 551
201 158 607 158 68 211 170 108 68 5 543 85
5 68 189 68 222 476 551 68 36 85
426 158 543 68 189 491 487 359 68 19 85 68 43 155 68 158 211 149 68 213 194 213 68 64 211 390
261 86 68 607 50 68 189 68 577 68 638 68 569 68 158 5 48
204 501 68 36 149
43 86 163 68 197 86 68 158 108 68 36 149 68 347 501
196 68 189 389 570 389 68 390 68 97 68 51 86
43 50 290
54 86 68 321 189 68 569 68 16 189 68 43 430 108
43 158 68 607 68 577 68 569 68 19 85 68 19 85 331 487 108 68 70 158 108
64 550 479
611 85 359 136 479
82 152 68 617 149 68 135 68 54 86 68 201 240 299 68 70 189
517 68 189
321 290
189 149
135 68 16 158 543 68 36 149 68 253 68 607 158 68 81
607 158 68 5
196 68 5 68 607 158 85 406 158 118 68 19 93 211 68 339
607 50 68 550 501 68 397 68 501 85 517 68 359 16 68 642 68 170 108 68 397 68 550 487 108
189 635 189
503 108 68 158 108 68 36 149 68 54 654 68 397 68 189 64 550 158 240 68 85 68 611 189
405 553
189 68 211 5 68 430 68 593 149 68 426 339
531 158 359 68 85 447 158 85
87 359 68 295 85 68 64 435 240 359 68 149 550 158 543 108
593 89 158 68 431 68 611 189 550 487
59 155 4 149
261 339
569 68 158 108 68 330 359 68 43 158 68 93 51 86
201 158 199 85 299 347 158 189
577 68 321 240
87 359 68 295 334 85 68 158 189 643
43 155 643
201 158 68 54 654 68 189 68 569 68 426 158 68 5 189 68 389 339 68 389 339 68 54 86 108
5 189
64 211 108 68 85 135 68 19 85 68 93 51 86 68 43 569
189 68 517 359 68 5 189 68 531 149 68 201 258 517 68 5 189 68 183 67
266 158 85
607 155
196 68 19 359 68 246 68 189 211 85
196 68 334 108 68 158 108 68 36 149 68 189 68 189 550
607 50 68 550 501 68 253 68 189 68 240 550 158 359 68 212 149 68 266 50 68 189 426 86
201 158 211 543 68 389 570 211 68 397 85 170 108
64 211 108 68 359 194 85 68 640 68 36 85 68 517 68 241 68 241 430
85 24
321 189
189 68 81 68 607 158 68 64 435 359 68 79 158 189 68 79 158 189
196 68 36 211
527 68 189 68 471 389 158 68 471 389 349
196 68 607 50 68 593 68 640 68 170 108
201 158 158 607 68 321 27 222 68 76 85 359 68 290 258 189 565
389 487 68 85 611 86 170
607 68 70 158 68 5 68 642 68 642
201 258 136 479 68 607 339 68 339 68 607 158 68 231 51 86
607 50 68 550 501 68 430 68 426 158 241 68 201 240 299 68 64 211 390
527 68 405 507 258 149 68 569 68 189 68 189 569
517 359
87 359
430 531 189 643 68 479 149 207
162
43 155 49 68 517
189 68 430 68 51 86 108 68 76 85 438 359 68 339 68 638 68 569 108
261 86 68 43 158
5 68 370 68 81 68 642 68 241 68 5
196 68 5 68 527 68 97 68 321 189 68 569 68 550 158 108 68 517 499 49 68 5 189
349 359 68 136 501 68 607 158 68 389 339 68 321 240 68 569 68 472 68 390 68 189 426 86 68 397 68 253 68 253
607 569 213
611 85 359 70 155 49 68 189 565 68 330 68 330 152 68 350 68 640 68 85 36 85
189 68 81 68 607 158 68 211 43 430 68 569 68 189 68 607 50 68 5 543
503 108
599 68 607 158 68 189 68 331 149 68 211 5 68 152 88 359 68 550 339 68 213 194 359 68 189 68 189 68 134 359
201 158 607 158 68 258 189 85 68 189 68 611 213 68 611 514 199
43 158 68 331 149 68 79 565 68 97 68 152 550 158 152 68 70 85
501 85 43 189 68 330 570 68 5 108 68 64 211 108
5 68 370 68 81 68 426 158 290 258 68 321 85 68 540 299
577 68 124 68 85 359 16 569 108 68 36 85 68 36 189 68 359 68 201 240 299 68 97 68 397 68 569 68 241 359
189 389 67 359
189 68 5 68 607 158 68 201 258 136 152
97 68 405 189 68 158 189 68 212 149 68 397 68 5 258 527
201 258 108 68 197 86 68 397 68 648 68 593 89 158 189 68 503 189
550 158 68 189 68 231 240 68 331 487 149
93 51 86
593 163 68 97 68 611 85 359 16 299
97 68 273 68 211 471 389 86 149
201 158 158 68 76 85 359 68 189 68 331 68 43 158 68 93 225
503 108 68 390 68 569 68 640 19 85 299 68 133 85
261 86 68 158 189 68 617
196
599 389 241 68 149 550 158 543 108
261 86 68 607 50 68 339 68 339 68 651 123
136 158 152 68 97 68 607 155 68 149 68 19 68 49 68 54 86 68 64 211 390
611 299 108
5 68 593 89 158 68 365 194 543 68 93 435 240 359
611 189 108 68 36 85 68 36 189 68 607 50
503 108 68 390 68 569 68 211 85 359 211 68 397 68 569 68 531 430 237 359
211 5 189
607 50 136 158 251 68 405 68 189 68 5 189 68 550 158 568 108
241 68 261 86 68 158 189 68 5 189 68 638 68 607 50 68 640 68 19 108 68 189 299 4 85 299
189 68 426 158 152
330 211 543 438
565 19
527 68 189 68 550 501 68 87 359 85 611 85 68 79 602 194
494 68 5 471 389 158 118
59 295 222 85 359 68 211 85 152
5 343 543 643
5 430 68 651 123 68 397 68 405 68 85 237 247
43 158 68 331 149 68 258 85 68 607 158 68 299 68 237 64 550 158 108
43 158 68 331 149 68 197 86 68 5 68 19 68 189 68 97 68 426 86
5 108 68 115 158 93 359
158 570 389 415
501 85 43 189 68 212 50
86 163 68 93 389 501 68 36 189 108 68 321 189 68 564 222 85 68 241
189 68 651 85 68 569 68 253 68 189 389 85 359
189 68 87 359 68 85 136 158 213 108 68 438 415
231 240
569 68 426 158
651 123 108 68 246 68 390 68 201 240
43 158 189 68 642 211
189 149 550 479 85 517 68 611 211
607 50 68 550 501 68 397 68 59 295 68 5 68 334 149
231 240
189 149 550 479 85 517
5 68 370 68 81 68 607 158 68 4 247 85 68 426 86
261 86 68 124
5 68 527 68 607 158 68 527 68 607 158 68 19 565
4 108
65 158 108 68 170 108 68 343 543 389 570 389 570
258 85 390 149
97 68 607 158 68 51 570 359 68 133 85
569 68 158 359 389 570 389 430 68 189 68 43 487 149 68 640 68 397 68 5 108 170
64 211 108 68 503 339 68 49 68 607 158 68 517 68 280
196 68 347 158
569 68 5 189 68 51 86 68 494 68 97 68 569 68 405 241 85
36 149 68 211 5 68 517 68 321 240 68 607 158 68 430 85 447 189 68 241 68 19 85 68 19 321 247
87 93 211 68 158 290 359
5 406 334 199
204 501 68 36 149 68 640 68 36 85 68 617
158 108 68 607 170 68 258 247 68 4
321 211 87 85
189 68 87 359 68 397 68 124 68 503 339
503 108 68 390 68 97
85 70 339
394 51 415 68 85 299 68 642 211
5 68 527 68 5
438 359
642 149 51 85 359 68 64 211 108
569 68 16 189
405 240
204 222 68 331 149 68 189 68 158 240 389 85 406 158 359 68 97
189 68 651 123 68 527 68 390 68 85 36 189
390 68 19 85 68 607 158 68 550 339 68 447 189
261 158 85 152 68 211 170 68 330
196 68 158 108 68 43 158 68 331 241 85 359 51 570 389 158 108 68 640 68 85 241 65 189
397 68 45 415
527 68 36 149 68 517 68 517
321 563 158 152
330 189 258 189 213
189 68 406 149 68 359 68 426 158 240
87 108 68 607 68 569 68 170 108 68 550 158 189 68 550 158 189
231 51 86 68 651 123 68 93 211 149 68 569 68 79 178
212 85 68 189 570 389 430 149
231 240
514 240
261 86 68 43 158 68 384 108 68 97 68 438 359 68 189 68 550 155
170 643 449
447 158 108 68 85 19 85 321 158
447 158 543 68 334 48 68 86
503 189 68 189 68 550 86 68 152 550 487 68 569 68 638 68 213 51 86 68 607 50
245 108
390 68 354 68 258 68 158 405 189 211 189
158 108 68 36 149 68 283 68 197 86 68 5 189 68 331 487
85 24 334 222 85 359
135 68 5 68 527 68 490 359
607 50 68 550 501 68 397 68 5 68 330 68 59 67 343 247
507 24
607 50 68 550 501 68 397 68 550 501 68 607 158 68 4 189 211 68 283 68 170 108 68 5 68 430 68 397 68 389 237 359 70 158 68 389 158 68 389 158 152 258 611 152 258 611 152 258 68 397 68 397 68 397 68 397 611 152 258 68 36 85 431 152 68 241 152 258 68 36 211 241 68 241 68 359 68 43 158 68 43 158 68 43 158 68 43 158 68 43 158 68 43 158 68 43 158 68
196 68 390 68 36 85 68 149 68 194 43 430 68 4 471
405 68 70 158 359
426 158 85 68 390 68 390 68 97 68 189 570 389 158 68 158 334 222
607 50 68 550 501 68 397 68 550 501 68 607 158 68 240 51 222 68 283 68 283 68 5 68 430
189 68 81 68 607 158 68 158 543 258 85 68 45 4 85
76 85 359
344 158 108 261 86 85
283 68 607 158 68 16 158
550 501 68 569 68 531 487
5 68 607 68 5 68 85 4 438 85 43 158 68 241 68 517 85 68 5 189 68 389 479
189 68 87 359 68 158 108 68 85 149 68 258 359
158 155
87 359 68 295 334 85 68 59 67 343 247 211 68 149 550 158 543 108
517 19 155 68 170 152
196
503 189 68 390 68 97 68 405 570 389 339
196 68 347 158 68 5 68 617 149 68 43 487
51 86 68 97 68 189 565 359 68 611 51 299 68 607 158 68 152 550 158 68 5 68 397 611 258 611 258
153 68 447 158 543 68 563 158 118 68 86
19 108 68 5 211 527
514 240
389 85 359 68 517 85
115 479
261 86 68 43 158
607 155 68 85 97 68 43 158 68 253 68 189 68 321 247 334 108 68 153 108
330 359
501 85 4 189 211 85 43 359 68 517 551
607 158 5 189 211 471 211 68 390 569
507 449 68 550 155
189 68 81 68 5 108 68 189 426 339 68 569 68 365 430 199
189 68 321 247 85 68 97 68 211 359 68 389 339
43 158 68 642 211 68 149 550 158 543 108
152 550 405
347 158
153 108 68 97 68 390
49 68 607 158 68 501 85 211 607 68 36 108 68 607 158 258 85
514 199 149
158 64 68 79 155 68 79 158 85 68 5 334
5 85 406 158 299
135 68 81 68 158 449 68 252 199 68 36 85 68 19 108 68 261 86
607 158 446 68 501 85 438 415
607 50 68 550 501 68 397 68 550 501 68 607 158 68 170 321 155 211 471
196 68 569 68 517 68 430 149 68 640 68 569 68 76 85
133 68 640 68 194 543
158 51 149 211 43 158 299
222 476 68 607 158 68 640 68 405 553
531 552 359
43 158 68 93 225 68 158 108 68 43 158 68 4 123
261 86 68 43 158
149 211 474 299
85 299
503 108 68 390 68 569 68 4 85 359
494 68 607 170
43 158 68 252 155 68 430 68 158 108 68 85 152 550 68 638 68 211 68 607 155 68 70 158
49 68 607 158 68 347 501 68 36 85 68 222 4 85 222 149
51 86 68 201 258 68 651 570 68 241 68 43 158 189 68 321 189 68 640 68 43 158 68 331 487 551 68 569 68 552 85 359
569 68 79 602 194 68 189 68 507 211 68 45 149 68 189 68 321 247 68 321 247 68 241 68 569 108
241 68 149 550 158 543 108
397 68 54 86 68 64 211
479 517 189 359 68 85 379 85 359
394 68 651 123 68 283 68 19 108 68 70 189
86 163 68 93 389 501 68 397 68 339 68 79 158 189 68 290 68 241 68 5 189
261 86 68 607 68 189 68 189 570 389 339 68 426 158 68 426 158 85
5 85 152 550 158 189
527 68 640 68 43 158 68 438 359
64 211 108 68 651 123 68 321 247 85
201 158 108 68 531 149 389 570 389 158 68 43 158 68 222 415
503 108 68 517 194 68 246 68 43 158 68 507
43 86 163 68 531 149 68 517 85 299 68 97 68 189 426 152
87 89 158 68 189 211 149 68 64 211 108
43 86 163 68 577 68 43 155 68 321 189 68 321 189
189 68 211 5 68 124 68 503 339
196 68 158 108 68 569 68 359 51 85 359 253 359 68 339 211 85 359 68 390 68 189 43 158 68 527 359
19 359 68 430 68 155 194 240 68 266 339 68 405 68 397 68 517 415 68 394 149 68 640 68 569 68 354 551
527 68 261 86 68 5 68 189 68 231 240 68 593 149
236 359 68 64 389 158 85
201 158 607 68 607 68 43 158 68 76 85 359 68 330
43 158 68 189 68 85 152 68 651 123 68 370
201 158 68 87 299 570 389 158 108 68 241 68 517
607 155 68 85 189 16 359
550 339
231 85 68 189 565 19 85 68 517 85
261 86 68 43 158 68 370 68 593 89 158 68 4 85 68 321 247 222
45 108
43 158 68 642 211 68 430 299 68 405 189 68 43 155 211 189 68 222
153 108 68 430 68 389 339 68 426 339 68 253 359 68 640 68 36 149
651 123 68 211 390 68 607 158 68 54 86 68 607 158 189 85 570 389 339
97 68 85 108 68 189 68 86 155 194 334
197 85
189 68 253 68 593 149 68 569 68 531 158 359 68 640 68 405 237 247 85 68 354 68 158 93 211 85
59 479 359
355 68 196 68 607 158 68 527 68 390 68 397
565 19 189 68 158 85 359 211 222
43 86 163 68 81 68 253 68 5 108 68 405 108 68 64 211 390
5 68 321 240
405 68 258 359
527 68 85 359 68 97 68 189 68 321 189
196 68 158 108 68 36 85 68 359 68 359 389 570 359
607 158 251 359
241 158 85 68 246 68 397 68 343 189 68 189 68 569 68 642 211 85
79 222 68 64 51 108
283 68 438 415 68 5 68 593 163 68 577 19 85 68 241
87 68 81 68 397 68 133 68 569 68 213 532
135 68 5 247 68 397 68 569 68 501 85 68 397 68 136 479
246 204 543 68 426 158 222 189
565
5 68 36 149 68 550 86 189 68 152 51 68 370 68 607 158 68 258 68 577 68 43 339 68 283
517 85
569 68 115 479 68 607 170 68 430 68 149 68 149 68 531 149
607 50 68 550 501 68 397 68 85 4 199 68 5 68 331 68 201 240 299 68 5 68 550 430
196 68 136 158 258 68 158 108 68 261 405 68 607 158 68 136 479
43 158 68 252 189 643 85 68 479 4 189 4
261 86 68 43 158
79 222
593 89 158 68 397 68 5 68 97 68 397 68 5 343 85 359 68 196
189 68 87 359 68 397 68 517 68 651 123 68 447 158 68 640 68 550 339
611 359 438 359
64 211 108 68 16 158 359 68 85 379 68 97
359 149
321 4 406 501 68 170 108
5 406 334 199
86 163 68 16 158 247 68 607 158 68 36 85 68 153 189 68 246 68 211 108 68 517 85 299
211 474 68 607 158 85
86 163 68 550 501 68 397 68 54 86 68 370 68 97 68 70 158
390 68 19 85 68 607 158 68 5 85 222 85 299 68 133 85 68 211 334
501 85 43 569 68 525
5 68 607 68 5 68 503 339 68 85 347 189 68 397 68 397
503 189 68 527 68 36 85 68 531 158 85 359
189 68 651 123 68 569 68 64 149 68 64 149
197 85
87 449
288 68 54 86 68 397 68 569 68 158 199 85 379 85
5 359 68 640 68 189 68 570 389 339 68 397 68 405 68 405 241 68 569 68 79 359 438 359
158 108 68 569 108 68 607 158 85 152 68 189 569 68 64 550 479 68 640 68 241 68 426 569 68 16 430
207 551
86 163 68 93 389 501 68 405 240 68 640 68 45 48
642 158 5
261 86 68 43 158 68 246 68 569 68 4 85
158 108 68 19 108 68 501 85 4 189 211 85 517 68 136 479 108
517 194 149 68 197 158 240
