405 108 532
211 359 389 339 68 5 543 389 158 543
36 149 68 517 359 68 4 189 68 607 155 68 170 390 68 170 569 108 68 447 158 565
87 68 81 68 43 532 349
97 68 170 299
189 68 211 607 50 68 397 68 81 68 569 68 124 68 640 68 569 68 258 478 359 532 565 85
527 68 68 222 85 331 68 607 170
330 64 211
642 149 68 359 79 359
501 85 507 258 68 276 85 68 503 108 68 607 158 68 607 158 68 189 149 68 501 85 43 430 149 258 68 334
189 68 241 68 472 420
321 247 85
266 149
158 108 68 36 149 68 45 48
201 258 68 197 108 68 531 149 68 189 68 607 170 68 261 158 543 68 607 158 68 550 158 85
189 68 583 68 321 189 68 211 145 199
280
525
201 258 68 447 189 68 261 86 68 158 108 68 36 149
207 68 189 68 568 68 261 158 543 68 19 85 68 5
406 472 471
5 189 68 531 149 258 390
158 108 241 85 359
189 68 197 85 359
88 152 88
503 189 68 517 189 68 258 149 68 36 149
406 211 390
43 86 163 68 607 158 152 68 330 68 523 405 85 347 158 551 68 19 85 68 5 68 527 359 68 54 86
283 68 607 50 68 593 163 68 241 85 152
19 108 68 330 85 258 85
276 85 152
347 158 85
158 108 68 19 108 68 607 158 85 68 607 569 85 68 64 211 438 359 68 241 68 189 426 569
196 68 273 68 569 68 642 68 59 155 68 447 155 438 359
158 68 365 430 349 213 68 85 189 458 68 569 68 5 189 68 280 68 261 158
517 194 68 611 299 389 158 149 68 569 68 347 158 551
531 149 68 552 359
5 108 68 115 158 64 93
517 194 149 68 197 86 68 472 68 569 68 607 569 68 472 68 261 86
135 68 240 359 68 36 149 68 19 85 68 397 68 334 258 68 334 115 158
87 359 68 390 68 36 85 68 550 517 68 115 479
87 152 68 149 68 36 149
330 149 189 85 517 68 517 430
321 189 68 87 85 68 642 68 642 149 550 339 551
503 158
64 550 158
642 405 108
240 85 354
36 149 68 517 359 68 149 68 97 68 405 149 258 149 68 97 68 189 68 89 487 68 241 85
170 108
276 85 607 50
651 123 68 494 68 5 93 435 406 158 438 149
97 68 390 68 85 68 5 155 211 85 430
283 68 153 68 494 68 389 501
97 68 472 68 253 253
507 449 68 218
347 189
54 86 68 405 85 68 343 543 189 85 36 189
517 194 68 189 68 158 543 68 85 299 85 365 430 199
503 85
19 85 68 430 68 155 68 183 339 68 543 149 68 405 68 43 158 68 517 85 68 64 389 240 359 68 149 68 569 68 149
503 85 68 390 68 569 68 246 266 158 85 68 426 339
390 68 19 108 68 197 158 415 211 68 170 108 68 170 108
283 68 640 607 158 85 222 85 359
196 68 550 158 405 108
189 68 321 247 68 97 68 550 430 359 68 435 85 359
149 550 158 543
569 68 5 543
240 359 68 321 189 68 36 85 359 68 405 623
201 258 85 149 258 82 68 334 68 222 68 19
261 86 68 43 158 68 501 85 4 189 211 189 68 431 149 68 261 158 543
240 85 79 430
611 178
258 59 479 68 64 550 158 189
126 68 36 149 68 258 68 158 108 68 607 158 189
447 158 247 68 330 108 258 68 135
59 517
86 149 68 593 149 68 389 501 68 36 85 68 253 551 68 87 189 68 241 68 607 170
426 158 247 74 68 607 479 149
607 158 68 36 149 68 261 158 543 68 347 158 68 397
343 543 204 405 237 85
189 68 607 50 68 651 123 68 99 68 569 68 59 479 68 43 158 68 43 569
290 540 118
36 85
153 108 68 97 68 390
261 86 68 158 189 152 88
397 68 569 68 218 359 68 280 68 64 211 390 68 261 86 68 261 86 68 43 158 68 45 149 68 390 68 189
330 258 189 213
149 13 85 68 197 86
390 68 19 85 68 347 158 85 149
261 158 48
189 569 108 68 136 158
70 258 68 158 108 68 339 68 43 158 68 93 51 86
276
87 68 607 170 68 261 158 543 68 5 108 68 390 68 201 189 68 611 299 85
347 85
5 68 189 68 231 240 68 36 149
390 68 651 123 68 347 158 189 68 241 68 36 85 68 211 405 108 68 389 349 531 158 118 68 339 551
611 570 389 339 211 222 397 68 241 430 68 36 108 68 54 86 68 54 86 68 397 68 405 241 68 569 68 158 108
49 68 158 68 158 68 501 211 189 68 36 108 68 158 108
43 158 240
115 479 68 5 390
64 211 390 68 389 430 299 68 397 68 569 68 70 158
258 330
321 563 158 85
136 158 152 68 321 189 68 19 108 68 347 158 565 68 607 158 85
273 261 158
87 68 126 68 158 108 68 59 67 68 339 68 4
135 68 261 158 543 68 97 68 607 50 68 405 237 108 68 4 85
189
189 68 19 108 68 5 211 527
189 68 258 152 68 158 570 550 654 68 607 158 68 245 389 430
321 189
201 258 68 490 68 43 158 68 527 220 68 283 68 158 68 170 449
189 68 517 359 68 5 189 68 531 158 517 149 258 68 201 108 68 189 570 389 158 247
607 158 68 273 68 607 158 189 68 165
397 85 51 86
76 517 118
517 194 68 189 68 517 85 331 68 397 68 266 158 635 189
36 149 68 494 68 36 149
153 68 447 158 543 68 607 158 85 430 68 607 50
189
280 359
189 68 343 158 199 65 189
86 149 68 593 149 68 517 68 158 68 405 152
192 68 153 108 68 19 85
86 149 68 593 149 68 197 86 68 569 68 213 68 213 211
149 266 158 524 240
611 565 551 149 611 299
390 68 607 158 68 430 68 115 479 68 5 68 397 68 86 19 85
607 158 85 68 347 158
5 343 339
438 70 158 68 390 68 189 211 85 347 158 118 108
426 158 240 258 390
503 85 68 390 68 569 68 76 158 222 85 68 642 211
189 68 261 158 68 344 339 347 158 118 68 490
189 68 211 68 607 158 68 211 570 435 514 68 115 479 68 245
51 86 68 201 258 68 651 123 68 640 68 43 158 68 321 189 68 640 68 43 158 68 331 487 85 68 149 68 552 85 68 397 68 552 85 68 552 85 68 359 68 501 85 68 552 85 359 68 569 68 569 68 501 85 359 211
397 68 347 501 438 359
258 152
136 158 152
5 68 527 149 68 607 158 543 68 189 68 447 158 68 283 68 81 68 657 551
651 123 68 607 170
490 359
189 68 43 158 68 158 68 261 86 68 607 170 68 543 51 430
5 415
261 86 68 273 334
258 290 570 568 68 192
607 50 213
76 85 359 68 640 68 155
611 85 149 517 347 158 118
153 68 583 68 4 258 565 68 45 258 471 68 514 240 68 158 570 258 68 158
503 85 68 390 68 97
241 359
43 86 163 68 431 68 405 68 189 68 447 158 247 68 189 149 68 70 189 299 149
405 194 213 68 240 194 149 5 189
389 349 531 149
607 86 68 550 501 68 397 68 417 68 197 158 68 258 4 258 390
261 86 68 158 108 68 36 149 68 607 170 108
36 108 68 397 68 347 501 68 189 550 86
197 158 247 85 68 390 68 189 85 222 68 43 155 68 158 68 211 213 211 149 68 64 211 108
43 86 68 5 189 406 158 245
149 266 158 359 68 36 108 68 657 19
189 68 213 211 517
527 68 87 68 607 86
5 68 527 68 158 108 68 514 85 68 5 68 149 68 607 158 68 87 222 85
261 158 240 68 149
19 85 68 430 68 350 359 68 4 85 68 189 68 70 430 68 189 68 197 86 68 258 149 68 640 68 569 68 240 51
79 170 108
197 543 389 85 68 197 86 240
189 209 158 85
390 68 158 189 36 211 68 607 158 390 359 68 569 68 70 158 607 170
347 501
261 86 68 607 68 189 68 339 68 651
503 108 68 517 68 189 68 417 68 565 211 48
607 68 36 149 68 170 299 68 447 158 68 321 108 68 330 570 211 85
490
527 68 153 108 68 153 108 68 36 149
447 189 643
189 85 136 479 149 517
503 189 68 607 487 68 569 68 525 551 149 68 426 569 68 211 543
503 339 415
97 68 638 68 359 51 570
321 68 189 68 394 68 189 209 158 85
241 85 68 204 149 68 189 149 540
261 86 68 607 68 189 68 158 64 550 158 85
354
607 158 68 5 85
133 68 426 570
261 86 68 43 158
201 258 68 197 108 68 135 68 417 108 68 36 149 68 607 158 68 51 86
36 108 68 79 430 108 68 241 430 359 68 64 211
87 359 68 295 149 68 59 67 343 247 68 189 550 158 543 149 550 158 405 108
5 211 543 108 68 162
4 85 152 389 68 258 479
390 68 19 108 68 607 158 68 115 479 68 158 245 258 68 189 68 64 211 108 68 241 68 85 347 189 68 430 299 180 282 568 68 246 68 79 359
201 258 607 68 54 86 189 68 397 68 503 158 68 97 68 51 86 68 97 68 170 487 359 68 397 68 501 85
64 211 258 68 397 68 158 258 359 68 36 149 68 43 158 68 152 550 158 68 189 68 607 158
611 86 163
126 68 36 149 68 158 108 68 158 108 68 158
43 86 163 68 417 68 149 68 638 68 4 189 211 189 149 458 359
19 85 68 5 334
192 149
261 86 68 43 158 68 390 68 569 68 158 5 189 68 189 68 4 189
517 68 189 68 136 479 68 607 158 68 76 85 222 85 68 153 108
51 82
189 79 158 543 389 349 359
517 68 189 68 550 501 68 607 158 68 447 158 85 68 153 108
531 85 68 45 4 85 68 201 258 68 54 86 68 189 68 54 86 68 397 68 334 85 563 158 118
517 194 149 68 577 68 5 68 331 430 149 68 517 85 240 211 68 611 189
417
321 68 5 108 68 485 479 68 64 211 390
16 158 543 68 158 68 241 85 359 68 5 108 258 68 640 68 514 240
153 68 273 68 426 158 405 405 68 283 68 607 158 68 36 211 240
97 68 43 85 507 258 222 68 5 68 607 158 85
607 170 68 389 339 551
261 86 68 124 68 126 68 189 68 261 158 543 68 397 68 339 68 241 68 43 158 68 517 499 389 85 359 68 85 359
189 4 359 611 189
607 158 68 389 158 251 68 550 158 359
517 359 435 85
213 458
4 531 158 118 68 389 199
189 211 251 389 339
355
405 68 70 158 359 389 158 359
189 68 607 50 68 577 68 97
607 158 68 36 149 68 261 158 543 68 607 158 68 4 240
43 158 68 607 68 607 68 550 501 68 36 85 68 527 220 68 339 68 153 189
43 158 68 607
577
201 258 68 213 194 68 153 189 108
153 108 68 527 68 36 85 68 607 158 68 194 68 79 487 108
283 68 158 405 607 50 68 397 68 642 211 607
115 247
321 68 189 68 611 189 68 339 68 339 68 211 237 108
564 68 211 68 550 158
196
321 68 189 68 577 68 97 68 51 86
87 108 68 211 222 68 261 158 85 68 149 68 19 68 64 211 390
189 68 261 158 189 68 607 479 245 406 158 245 359 68 569 68 87 449
607 68 36 149 68 258 68 36 108 68 607 68 550 158 565 240 299
189 532 48
517 194 68 607 158 543 68 607 158 68 417
197 158 68 79 86
408 85 4 189 211 189
417
36 149 68 330 68 359 68 565 68 607 158 85 68 607 158 85 68 36 149 68 5 68 405 241 68 405 108
349 359 68 136 479 68 607 158 68 389 158 251 68 321 240 68 569 68 430 68 189 68 253 68 170 487
261 86 68 124 68 5 225 68 569 68 4 189 211 189 68 211 517 359
189 68 651 123 68 607 158 543 68 64 149
134 415 123 108 68 517 85 390
64 211 390 68 136 158 152 68 640 68 36 85 68 197 158
283 68 390 68 36 85 68 638 149 68 640 68 569 68 607 158 68 607 158 85 152
97 68 204 258 85 68 5 155 458
189 68 79 158 565 68 135 68 405 68 19 108
503 189
648
321 189 68 87 85
64 211 390 68 548 68 36 85 68 550 158 199 68 321 189 68 569 68 258 346
231 51 86 68 196 68 517 85 68 189 68 640 68 36 85 68 397
97 68 302 85 359 68 397 68 569 68 158 222 68 258 611 189
64 211 390 68 153 108 68 5 68 97
607 50 68 347 501 68 569 68 258 359 68 64 211 390
552 85 299 570 550 67
503 85 68 390 68 569 68 394 51 86 163 68 642 68 642 211
79 430 85 359
51 487 85
135 68 517 152 68 5 68 514 199
517 359 435 85
359 426 158 85 68 258 563 189
76 570 389 570 68 642 158
501 406 158 406 158
5 68 527 149 68 5 68 607 158 68 59 67 343 247
189 569 85 68 64 211 438
153 108 68 97 68 390
517 194 199
607 158 68 330 85
517 194 149 68 295 334 108
162
212 85
501 85 64 211
517 359 68 43 261 86
527 68 607 158 68 36 149
189 68 87 189 68 397 68 253 68 503 158 359
64 211 390 68 459 405 108 68 241 85 68 158
276 74
569 68 189 43 50 551 68 397 68 5 68 19 68 189 68 261 158 543 68 397 68 405 241 68 569 68 85 64 550 86 85 68 397 68 397 611 51 86
197 85 152
189 149 258 189 68 611 189 68 43 158 290 152 88
347 158 85
514 68 189 643 222 550 158
261 85 359
503 85
158 240 220 68 241 68 5 390 68 607 158 85
527 68 64 211 390
607 50 68 194 543 68 397 68 266 149 68 201 258 68 70 158 68 149
201 258 189 570
514 258
527 68 87 68 607 158 68 158 108
197 611 258 85 197 334 68 59 149 389 158 189 299
64 442
599 389 241 68 149 550 158 543 108
126 68 189 68 394 68 258 93 211 240 359 68 158 240 359 68 222 476 68 5 189 68 211 189
189 68 211 68 607 158 68 517 68 640 68 607 158 68 49 551 68 517 68 158 517 189 240 299
283
196 68 158 108 68 19 68 261 158 85 68 261 158 247
211 543
231 51 86 68 196 68 517 85 68 189 68 640 68 36 85 68 397
321 247 85 68 19 108
170 643 85
201 258 136 479 68 447 158 543 68 64 550 430
321 4 85 359 435 85 359
86 149 68 607 50 68 246 68 607 158 68 211 222 389 211 85 68 197 86 68 397 68 474 569
115 479 68 5 390
79 430 359
261 86 68 607 50 68 390 68 153
273 68 97 68 189 211 474 551
607 68 36 149 68 261 158 543 68 607 158 68 5 108 68 51 85 359 68 189 68 64 68 197 86
36 149 68 523 68 430 397 68 189 68 426 570
196
149 266 158 68 607 158 68 211 222 85 68 640 68 568 68 79 136 479 149 43 86 299
593 163 68 211 68 397 68 79 155 68 149 68 569 68 640 68 19 85 68 19 85 68 517 85
201 258 68 607 68 31 240 68 76 85 359 68 330 85
189 68 611 189
503 108 68 158 108 68 36 149 68 54 86
503 189 68 607 50 68 36 149 68 97 68 405 237 551
115 247 222 415
59 67 343 247 189 241 68 189 241 406 158 118
261 86 68 527 68 5 108 68 189 451
149 68 135 68 347 189
517 194 149 68 431 68 640 68 607 158 68 389 339 68 276 85 68 153 108
472 68 406 211 222 85 359 258 551
189 68 651 123 108
82 152 68 617 149 68 189
261 86 68 390 68 241 68 201 258 82 68 5 189 68 550 158 251 85
503 189 68 517 194 68 569 68 79 487 149 68 241 85 68 389 158 222 68 211 474 68 405 68 405 108
261 405 607 390
607 158 543 68 569 68 258 218 240
212 85 447 189 532
79 479 68 430 152
43 155 68 158 68 158 68 152 563 158 68 36 149 68 211 390 68 231 240
283 68 42 247 68 5 68 617 149 68 514 19 85 68 640 68 642 211
189 68 261 158 543 68 397 68 550 501 68 607 158 68 189 241 551 68 43 155
577 68 611 258 85 68 397 16 569 108 68 36 85 68 152 68 51 86 68 79 359 68 189 68 241 68 569 68 359
201 240 68 593 607 50 68 133 68 97 68 126 68 126 68 405 189 68 5 189 538 430 569 108
189 68 577 68 347 158 163 68 430 93 435 85
607 86 68 36 149 68 501 406 211 199 68 640 68 405 299 149 43 487 359
201 258 607 68 54 570 389 339 68 569 68 258 68 5 189 68 51 570 68 124 68 397 68 577 68 577 68 569 108
153 68 540 68 70 158 118 68 607 50
321 68 189 68 607 158 68 607 50 68 283 68 607 158 85
201 258 68 607 158 68 290 85 197 86 189 68 4 478
607 158 68 189 149 222 149
4 85 438
607 68 189 68 261 158 543 68 397 68 490 4 116 550 158 551
87 359 68 569 68 517 149 258 149 68 640 68 569 68 447 158 85
607 68 36 149 68 261 158 543 68 426 158 64 389 158 108 68 540 299
258 551
517 85 299 405 189 85 607 158 118
158 108 389 189 68 611 189 149 389 222 85
189 68 192 194 514 85 68 241 85 68 158 85 68 405 108 68 295 85 299 258 85
4
241 158 258 68 607 68 276
517 85 5
283 68 347 158 68 5 68 331 149 68 577 68 19 79
220 389 158 349
153 108 68 390 68 334 68 59 67 343 247 68 189 241 68 189 241 406 158 118
201 258 68 4 199 570 389 339
76 85 359
261 158 170 152
346 68 241
459 240
283 68 330 85 68 158 108 68 36 149 68 607
607 68 36 149 68 152 550 86 68 503 108 68 241 68 170 299
197 86
517 415 149
231 240
276 163 68 64 211 390
64 211 390 68 548 68 36 85 68 405 108 68 149 389 85 68 569 68 258 359
389 240 68 490 359
607 158 68 550 501 68 397 68 183 67 68 334 149 68 5
64 211 390 68 548 68 36 85 68 405 68 607 68 569 68 321 247 334 68 43 158 68 517 85 299 4
607 158 569 68 54 86 68 16 158 149
607 170 68 397
577 68 611 258 85 68 397 16 569 108
4 85
261 158 189 68 517 240
503 158 240
5 189 68 568 68 64 211 240
87 359 68 295 149 68 430 85 237 68 222 476
444 68 640 68 189 68 54 654 68 397 68 405 68 241 85 4 189 211 68 85 359 13 149
607 50
201 258 68 197 108 68 87 68 253 517 415 211 359 211 359
503 189 68 607 487 68 36 149 68 64 435 85 68 211 543
261 86 68 124
189 68 343 543 152 149
651 123 149 68 390 68 607 50
503 189
447 158 64 389 430
283 68 347 158
201 258 68 197 108 68 397 68 153 68 19 85 68 19 359
321 27 68 569 68 258 68 258 68 389 158 359 68 246 68 19 85 68 201 258 68 607 158 108
503 85 68 390 68 569 68 640 158 4 85 359 68 133 68 565 85
64 211 390 68 85 68 642 68 36 149 68 43 158 68 611 74
343 543 152
531 430 68 517 85 347 158 118
212 85 447 189 532
189 68 5 189 68 158 189 68 397 68 222 476 68 36 85 68 570 550 158 108
43 86 4 607
76 85 222 85
231 240 222
97 68 430 68 149 430 68 607 155 68 65 152 68 65 152
97 68 430 68 517 118 68 569 68 258 551
211 551
261 86 68 124 68 607 158 543 68 36 149 68 607 158 68 70 158 607 158 68 288 499
162
5 108 68 406 211 5
79 487 149 68 430 68 158 108 68 321 189 68 426 155
607 158 68 36 149 68 261 158 543 68 79 158 543 68 241 68 565
517 194 359 68 479 240 359 68 136 479
207 108 68 87 108 68 64 93 435 240 68 426 158 240
5 68 389 237 149 68 45 108 68 197 86 68 43 158 68 19 68 189 68 517 85 152 389 158
189 68 87 189 68 397 68 406 155 68 19 85 68 201 258 149 194 85 299
517 68 36 149 68 49 68 5 68 81 68 354 551 68 64 550 158 85 68 350 68 543 149 68 266 158 68 85 397 68 43 158 68 149 51 86 108
189 68 517 359 68 258 189 68 158 155 211 471
642 149 68 359 79 359
189 85 136 479 149 517
204 222 68 36 149 68 241 85 68 222 476 68 640 68 517 85 68 640
261 86 68 390 68 97 68 45 85 359
97 68 569 68 490 359 68 76 85 68 189 68 517 68 321 290 85 68 36 149
276 85
258 108 68 86 163 68 617 149 68 397 68 350 68 189 68 189 550 430 68 471 211 68 241 68 359 68 638 68 64 51 86
261 86 68 124
51 570 68 347 158 68 607 68 258
170
5 108 258
149 550 517 118 108 222 213
201 258 68 197 108 68 87 68 503 158 68 82 68 607 158 68 189 426 339 68 569 68 550 501 68 339 68 85 68 158 85 36 85
64 532 149 68 607 50
201 258 68 211 222
569 68 276 299 68 201 258 68 258 43 158 68 64 532 108 68 241 85 68 65 86 108
430 237 558 68 447 158
517 258 538 430
607 158 68 389 501 68 397 68 43 158 199 68 93 435 85 68 64 435 85
87 189 211
189 68 87 359 68 397 68 577 68 607 158 68 570 211 334 68 517 82
607 68 36 149 68 261 158 543 68 607 158 68 390 68 611 189
64 211 390 68 136 158 152 68 640 68 36 85 359
261 86 4 116 550 158
355 517
459 240
651 123 68 354 68 507 449 68 426 155
261 158 189 85 258 390 85
64 211 390 68 258 189 68 158 68 339 68 501 85 359 68 158 74
36 149 68 197 86 68 525 551 68 189 68 97 68 247 68 189 68 569 68 158 334 199
135 68 261 158 543 68 569 68 611 43 51 86 68 517 359 68 64 211 390
133
261 85 68 149
207
347 85 359 68 640
447 158 247 68 261 149
189 68 211 607 50 68 397 68 85 447 430 68 197 158 405 237 108
426 155
494 68 158 642 149 532 149
189 68 550 237 68 569 68 241 136 158 118 68 543 149 68 490 359
204 152 68 617 149 68 241 85 68 406 211 199
261 86 68 607 68 189 68 54 654 68 569 68 426 158 85
36 149 68 261 158 543 68 397 68 607 50 68 5 68 211 85 68 283
189 68 261 158 543 68 607 158 68 213 13 85
158 108 343 158 543 68 347 158
347 158
87 149 68 149 68 517 155
657 359 68 569 68 211 474 68 43 158 68 569 68 246 68 405
405 570 389 189
5 158 406 158 118
261 86 68 43 158 68 390 68 607 158 68 51 43 155 68 346
87 222 85
347 158
276 85 258 85 68 406 158 635 108
503 85 68 390 68 569 68 65 48 68 189 241 68 158 19 282 68 611 189 68 517 299 551
514 189 570 389 158 213 211 213
517 194 149 68 430 68 240 550 158 108 68 136 158 189 68 86 163 68 85 197 86
426 86 569 68 5 189 426 569
503 85 68 390 68 569 68 611 222 108
212 85
531 339
197 517
503 189 68 390 68 97 68 405 189
5 4 199 68 607 50
54 86
550 430 68 5 334
87 359 68 295 149 68 490 359 68 611 152
240 222 68 158 108 68 354
135 68 43 155 68 617 149 68 430 68 197 86 68 430 68 79 487
189 68 503 158 108 68 607 158 68 5 19 68 115 158
389 189 211 569
222 4 240 68
569 68 189 643 68 640 68 43 158 68 331 487 551 68 158 108 68 430 68 155 301 85
189 68 5 189 68 417 68 197 86
189 68 607 50 68 59 158 405 199 85 68 569 68 79 430 108 68 149 550 158 405 108
19 108 68 158 108 68 197 86 68 5 68 4 60 68 397
517 68 189 68 577 68 569 68 246 68 447 158 247 258 68 149 211 405 199 85
201 258 607 68 5 189 570 389 339 68 551 68 204 570
607 68 36 149 68 170 299 68 397 68 54 86 108 68 241 85 209 158
494 68 390 68 189 406 430
607 68 36 149 68 5 189 68 201 240 68 577 68 607 158 68 640 68 354 68 45 67
135 68 339 68 158 152 435 334 68 331 570
64 550 158 68 245 449
189 68 212 450 68 19 108
5 68 189 68 197 86
36 149 68 359 68 204 359 68 19 85 68 158 108 68 330 68 220 51 339
569 68 531 158 299 211 222 68 657 359 258 551 68 517 85 359 68 479 85 68 569 68 472 85 359 68 189 68 189 16 430
283 68 126 68 36 149 68 405 68 261 158 247
355 68 283 68 5 68 390 68 97 68 397
158 350
204 152 68 617 149 68 241 85 68 406 211 199
136 158 152 68 321 189 68 19 108 68 347 158 565 68 607 158 85
321 563 158 68 331
607 50 68 389 501 68 397 68 5 4 189 68 607 158 68 384 108 68 5 68 5 211 85
607 68 36 149 68 261 158 543 68 426 158 64 389 158 108 68 540 299
43 86 163 68 197 86 68 158 68 36 85 68 347 501
201 258 607 68 629 68 397 68 266 158 68 197 86 68 241 68 593 89 158 189 149 68 170 449
189 68 211 607 50 68 397 68 222 476 551 68 241 65
189 389 349 211 347 158 118 68 158 155
4
76 85 222 85
283
503 85 68 197 86 68 189 68 525 551 68 569 68 517 85
569 68 36 85 607 68 222 211 68 170
397 68 54 86 68 64 211 390
149 24 359 68 197 158 517
155 68 85 189 577 68 354 68 201 258 68 152 389 158 405 108
607 158 68 550 501 68 397 68 5 543 51 543 68 651 123
196 68 347 158 68 5 68 569 68 76 85 68 76 85 359 68 211 543 68 241 68 170 152
87 85
417
136 155
79 430 321 189 211 222
82 152
5 68 517 85 68 583 68 158 152 13 68 70 189 68 240 194 152 68 240 643
192 389 479
503 85 68 390 68 569 68 87 222 85 68 241 222 189
189 68 261 158 543 68 197 158 68 220 211 222 68 564 68 261 158 543 68 569 68 258 607 158 68 258
76 240 415 68 64 51 108
43 86 163 68 192 149 68 569 68 550 158 85 68 241 85 68 158 108 68 158
201 258 68 197 108 68 97 68 189 540 68 389 158 123 85 68 657 359
4 189 211 189 458
19 570 49
86 149 68 593 149 68 347 501 68 397 68 258 108 68 240 51 86 68 240 359 43 479 359
87 68 197 86 68 577 68 359 68 359 16 569 108 68 5 189
97 68 607 158 68 51 570 68 133 551
405 108 68 170 211 68 607 158 68 564 68 283
5 68 569 68 447 158 438 68 189 149 68 79 163 108 68 426 158 85 43 158 524 240
201 258 607
531 199 118
88 152 88
552 85
201 240 68 36 149 68 211 543 68 36 108 68 550 158 68 135 68 599 68 43 158 68 389 158 68 397 68 365 430 199
607 158 68 36 149 68 261 158 543 68 607 158 68 435 211
490 359 68 447 479
527 68 405 68 405 43 430 68 569 68 189 43 158 68 81
201 258 607 68 607 158 359 347 158 118 68 76 85 241
430 222 108
4 152 430
5 4
390 68 19 108 68 607 158 85 68 158 406 158 118 68 36 149 68 405 189 68 247 68 222 476 551 68 550 158 93 435 85
5 68 642 211 68 390 68 397 68 611 51 86
261 86 68 43 158
64 211 390 68 538 430 68 36 149 68 153 189 68 201 240 68 334 543 68 607 158 68 19 68 370 68 321 189 51 86 189
189 68 253 68 617 149 68 607 155 68 4 189 211 390
97 68 54 654 68 397 68 397 68 258 68 331 149 68 426 570 389 158 199
240 359 68 97 68 607 149
258 68 36 149 68 607 158 189 68 197 86 189
458 85 359 68 258 158 258 551
501 85 517 194 199 68 330 359
5 68 43 158 222 149 68 390 68 607 170
494 68 550 501 68 36 85 68 196 68 390 68 79 430 359
43 487 68 397 68 607 155 68 531 155 194 438
43 155 211 213 225
258 543 68 517 68 43 158 199
170 569 68 197 158 247 85
527 68 607 158 68 97 68 568 68 607 158 68 258 85 359 68 36 149 68 189 68 569 68 359 389 501 68 397 68 64 51 86 149 68 617 149
406 155 68 569 68 170 487
5 189 68 136 479 415
472 108 68 577 68 607
607 86 68 550 501 68 397 68 501 406 621 68 108 68 397 68 85 170 68 397 68 569 68 430 51 86 108
189 68 261 158 108 68 5 108 68 390 43 158 68 19 68 70 158 331 430
569 68 426 158
611 136 479 359
397 68 5 68 390
517 68 189 68 261 158 543 68 472 211 68 261 86 189 241
607 68 189 68 211 189 68 503 339 68 551 68 343 189 152 68 397
406 158 189 570
495 68 79 158 189 211 474 68 76 346 359 68 76 85
189 68 99 68 359 570 359 68 405 68 607 158 68 405
87 543 68 426 158 189 68 231 51 86
189 68 211 607 50 68 136 479 68 617 68 43 158 68 64 435 85
599 389 241 68 149 550 158 543 108
501 85 43 430 68 5 68 64 211 390 68 640 68 397 68 569 68 334 85 334 222 68 405
189 68 607 50 68 152 51 86 68 261 86 68 397 68 59 290
51 82 68 43 158 68 245 258 68 607 50 68 640 68 569 68 5 108
189 68 158 68 430 607 158 390 68 359 51 85 68 189 68 197 86
201 258 68 258 85 68 617 149 68 158 152 68 97
472 503 158 189 570 68 192
189 4 359 611 189
134 415 123 108 68 4 85 359
87 152 68 149 68 97 68 638 68 321 247 85
86 149 68 593 149 68 347 501 68 397 68 517 68 258 359 258 68 283 68 153 222
517 85 299 68 43 158 149 258 149 211
201 258 136 158 189 570 389 158 108 68 241 68 87 152
36 85 607 68 240 550 86 149 438 359
189 68 607 50 68 261 158 543 68 607 158 85 68 64 550 430 68 189 149 517 85
405 189
651 123 149 68 211 390 68 607 158 68 54 86 68 189 538 158 189
607 68 36 149 68 261 158 543 68 607 158 68 45 108
87 359
390 68 651 123 68 321 27 68 222 551
197 85 359 68 253 359 68 87 449
241 438 551
133
607 170 68 577 68 577
201 258 607 158 68 211 86 68 5 108
607 68 189 68 211 607 50 68 397 68 350 68 607 158 68 189 68 36 85 359 389 349 531 158 118
501 85 517 211 199 68 397 68 5 155 211 85 68 64 211 390
321 68 321 189
189 68 258 152
397 68 213 211 607
189 209 158 85
189 68 517 359 68 124
87 108 68 607 68 569 68 170 108 68 550 158 189
607 204 222
201 258 68 197 108 68 189 68 201 258 136 479 149 550 158 359
501 85 438 149 68 607 158
517 194 68 577 68 607 158 68 59 479 359
201 258 68 607 479 68 76 406 158 222 85
158 543 149 68 607 86 189 68 19 85 68 640 68 97
642 158 68 258 59 479 68 261 86 68 261 86 68 607 158 68 231 240 68 36 149
569 68 149 550 158 543 108 68 390 68 189 16 158 359 68 189 68 651 85 68 36 149 68 397 68 577 68 570 389 158 108 68 51
607 158 68 4 108 68 64 211 390
517 194 149 68 577 68 569 68 651 123 68 607 339
155 68 85 189 577
97 68 390 68 241 68 642 68 640 68 354 68 503 158 359 68 417
201 258 68 45 4 85 68 189 68 611 149 68 231 240
189 149 68 4 85 68 197 86 240
611 299 68 136 479
19 85 68 321 189 68 158 68 4 108 68 5 225
149 550 85 347 158 251 68 189 68 189 241 406 158 118
607 158 569 108 68 211 189 211 189
76 85 359 68 212 86 163 68 87 222 85
330 4 189 643
153 108 68 5 68 607 50
261 86 68 43 158 68 607 68 189 68 321 68 36 149
87 359 68 569 68 5 68 339 68 397 607 158 85
495 68 607 68 189 68 611 189 359 68 201 240 68 19 108 68 79 487 220 68 569 68 503 339 68 569 68 170
607 158 68 36 149 68 651 123 68 577 68 189 68 552 85 359 68 115 158 222 48 359
115 479 149
611 570 389 339 211 347 158 118
189 68 517 359 68 43 158 68 405 68 531 149 258 68 261 158 543 68 339 68 397 415 406 415
158 68 153 189 643 68 158 108 68 43 158 4
97 68 426 86 68 5 155 211 48
189 68 5 543 68 397 68 170 152
213 191
517 194 514 240 68 64 550 158 85
201 258 136 158 152 68 339 68 339 68 607 158 68 231 51 86
258 183 430
569 68 79 487 149 68 97 68 64 550 158 149 68 189 68 87 68 501 68 501 611 189 68 501
158 108 149 194 68 258 247 68 240 550 158
241 85 222 68 548 68 241 65
211 85 581
276 211 199 68 241 474
569 68 16 189
346 13 149
222 85
527 68 607 158 68 283 68 390 68 97
607 50 68 640 68 5 189 211 85
426 155
503 189
517
189 68 253 68 36 149 68 569 68 490 359 68 640 108 68 43 85 252 199 68 19 85
607 158
321 189 68 213 389 158 189
5 68 527 149 68 85 36 149 68 158 108 68 527 68 283 68 331 149 68 607 158 68 153 189 68 64 211 108
5 68 197 517 68 45 149 68 45 48
79 213 211 543 211
565
607 68 36 149 68 261 158 543 68 531 85 68 517 85 474
204 152 68 617 149 68 241 85 68 189 349 68 158
261 86 68 527 68 36 85 68 4 607 170 108
158 350
276 85 607 50
397 68 54 86
569 68 76 346 68 390 68 155 68 183 158 359
197 158 321 189
59 430 149
507 258
397 68 343 158 406 158 199 68 517 258 68 64 211 390
19 85 607 339
347 158
194 543
189 68 651 123 68 426 86 149 68 607 50 68 97
640 68 611 85 430 68 149 552 359 68 426 339 68 153 108
330 570 211 85 68 5 155
5 68 569 68 350 550 158 334 222 68 189 149 68 569 68 640 68 189 241 430 359
261 86 68 43 158 68 390 68 569 68 4 85
5 68 642 68 321 240 68 607 158 449 108 68 158 108 68 607 50 389 85
189 68 241 99 68 397 68 577 68 97 68 405 237 108 68 640 68 569 68 406 211 85
59 517
503 85 68 390 68 569 68 405 241 85
394 149
115 158 551
569 68 258 85 189 68 170 299 68 170 108 68 397 189
5 68 93 225 68 158 108 68 43 158 4
189 68 389 240 359 68 648 68 607 68 569 68 517 85
569 68 241
158 64 93
201 258 607 158 68 70 339 68 290 85 565
135 68 5 68 490 359
494 68 5 68 527 220 68 607 149
517 194 514 199
283 68 158 108 68 569 68 490 359 68 258 108 68 70 158 68 82 68 5 258 527
59 67 343 247
136 158 152 68 76 85 222 85
36 108 68 197 86 68 472 68 430 359
607 50 611 85
189 68 394 68 550 430 569 222 149
245 258 68 390 68 115 479 299
97 68 494 68 550 501 68 607 158 152 68 158 654
64 211 390 68 607 50 68 569 85 51 86 68 36 85 359 68 406 158 85 359 68 405 359 258 85
261 158 247 68 36 149 68 153 108 68 97 68 246 68 607 158 68 426 158
153 108 68 97 68 390
201 258 68 241 85
4 178
359 543 258
4 359
651
517
201 258 607
607 158 449 189 570 550
577 68 321 240
231 51 86 68 607 50 68 347 501 68 397 68 258 85 350 68 397 68 334 222
258 237 290
527 68 87 68 607 86
5 68 43 155 68 197 86 68 577 68 155 51 570 68 283 68 569 68 607 50 68 569 85 43 85 68 153 189 524 240
192 68 651 123 68 170 449 68 70 189
607 68 36 149 68 261 158 543 68 607 158 85 365 430 199 68 241 85 68 517 189 643
283 68 241 68 565 68 189 68 417 108
5 189 68 43 158 68 43 158 68 550 430 359 68 550 339 68 435 240 359
86 149 68 593 149 68 347 501 68 405 240 68 638 68 79 158 565 240
607 158 68 550 501 68 397 68 550 501 68 607 158 68 290 85 133 68 290 85 568 68 517 118 68 36 86
189 389 349 85 359 389 158 359
517 68 189 68 550 501 68 607 158 68 447 158 85 68 153 108
36 108 68 261 149 68 390 68 638 68 241 85 359
569 68 158 222 68 390 68 347 189 532 85
19 85
321 290 68 36 108 68 5 569 68 503 158
59 430 222 149 194 359 68 211 108
503 189 68 607 487 68 569 68 550 430 359 68 543 550 85 68 240 51 543 68 550 158 543
87 68 197 86 68 189 68 76 85 68 640 68 569 108 68 531 158 240 68 405 241 68 87 543
36 149 68 517 359 68 417 68 607 479 68 170 299 68 283 68 158 108 68 79 359 438 85 241
189 68 261 339 68 607 158 68 153 68 334 108 68 447 158 68 241 68 607 158 68 550 158
490 359 68 258 93 225
607 158 189 643 359
501 85 222 85
330 222
258 189 68 158 189 68 158 189 68 158 155
517 415 258 85
212 85 189 570
261 86 68 43 158 68 390 68 569 68 4 85 68 241 85 68 245 85 68 43 170 299
4 406 155 68 430 654
231 240 68 36 149 220 88
607 158 68 36 149 68 261 158 543 68 569 85 68 5 155 68 115 158 108 68 397 68 354 68 45
527 68 607 158 68 261 86 68 189 68 231 240 68 36 149
261 86 68 5 189 68 197 86 68 158 108 68 389 240 359 68 397 68 158 211 222 211 551
59 479 359
189 68 651 85
389 570
201 258 68 405 623 68 5 189 68 43 158 68 252 155
261 158 543 68 397 68 607 50
43 350
197 86 152
45 85 68 405 68 607 158 68 517 85
405 415 321 189 321
321 290
611 152
640 108
640 68 611 85 568 68 135 68 405 68 19 108
97 68 638 68 5 108 68 347 158 85 359 68 153 108 68 397
503 85 68 390 68 569 68 124 68 158 189 68 241 149 51 607 170 108
97 68 258 68 5 108 68 135 550 430 68 43 158 68 479 4 240 359 68 517 85 68 5 68 64 550 158 108 68 406 472 85 68 406 472 85 430 108 68 241 194 149 68 85 68 240 211 390 68 79 158 118 108 68 211 199 68 5 189 149 68 406 85 68 321 155 108 68 406 158 349 211 68 406 472 68 5 68 189 68 5 108 68 5 108 68 5 189 68 5 189 68 5 108 68 189 68 189
607 86 68 550 501 68 607 158 68 70 339 68 642 211 68 64 211 390
405 89 158 240 359 68 261 158
607 158 85 68 657 299 68 523 222 68 189 68 5
76 85 222 85 68 607 155 458
503 108 68 158 108 68 569 68 258 43 479
51 43 155 68 115 479 447 155 643
283
607 158 85 68 347 158
565 569 68 158 108 68 4 85 222
79 430 68 321 189
189 68 408 158 189 68 503 339
43 86 163 68 417 68 70 517
204 68 607 50
64 211 390 68 87 85 68 651
189 68 607 50
390 517 82
45 68 430 68 43 158 68 108 68 261 86 68 158 108 68 36 149 68 394 194 108
231 240
189 569 85 68 201 258
43 149 68 640
189 68 211 607 50 68 65 155 68 158 155 389 158 299 406 211
79 426 570
321 68 569 68 158 189 570 211
503 189 68 189 68 213 51 86 68 152 51 86 68 19 108 68 213 51 86 68 189 68 97 68 189 68 426 86
65 86 68 607 158 85 68 241
201 258 68 64 211 189 68 397 68 54 86 68 397 68 211 237 85 152 68 569 68 607 50
189 68 607 50 68 261 158 543 68 389 450 68 5 189 68 517 85 68 431 108 68 640 68 43 158 68 642 68 4
115 479 68 189 68 607 158 68 194 149 68 365 430 222 85
36 149 68 211 607 68 397 68 426 570 68 651
517 237 558 68 158 517 149
196 68 347 158 118 68 158 108 68 261 158 247 68 607 158 68 19 85 299 149
97 68 76 240 222 85 68 607 155 211 85
261 158 189 68 149 240 222 68 153 189 68 321 247 85 68 343 543 389 570 389 158 359
283 68 5 189 68 390 68 97 68 397 68 607 158 85
189 68 5 4 4 68 607 149 68 640 68 197 86
552 85 68 552 85 51 570
607 50 68 640 68 321 85
158 68 54 86 189 211 390
397 68 258 347 501 68 64 211 390
43 149 68 640
149 68 126 68 503 189
87 359
19 108 68 430 68 218 68 607 68 201 258 68 431 68 611 152 68 36 149 68 5 189 68 241 68 5 189 68 569 68 201 258
503 85 68 390 68 569 68 76 158 222 85 68 642 211
607 50 68 389 501 68 397 68 5 4 189 68 607 158 68 384 108 68 5 68 5 211 85
514 199
525 551 149
189 543 51 517 68 5 607 158 359
355
611 48
5 189 108
189 68 211 189 68 430 222 359 70 158 222 68 321 189 68 43 158 68 517 85
276 85 607 50
607 68 36 149 68 261 158 543 68 607 158 85 68 514 199 68 397 68 43 152
261 86 68 607 68 36 149 68 390 68 354
97 68 136 158 178 68 607 158 543 68 201 258 68 189 149 68 405 85 68 517 85
261 86 68 124 68 126 68 569 68 640 68 19 85 68 405 68 5 68 607 158 93 211 189
5 68 158 240 347 85 68 397 68 65 86 108
261 158 85 68 211 86 68 330 371 158 108
501 85 517 194 199 68 266 569
134 415 123
258 569 68 261 570 225
135 68 494 68 158 108 68 642 149 68 607 158 68 517 68 405 237 558
241 85 68 261 86 68 158 189 68 5 189 68 295 149 68 321 240 389 158 240 643 551 68 290 540 359 258 551 68 64 211 108
211 390
19 108 68 430 68 501 85 45 247 85 189 68 640 68 334 240 550 158 543 68 4 85 359 68 85 347 501 68 426 86
321 170 108
359 503 189 68 552 85 359
389 339
607 158 68 550 501 68 397 68 211 543 68 43 158 68 252 155 68 153 108
503 189 68 87 543 68 5 406 158 245
390 68 19 108 68 607 158 68 5 4 85 222 68 565 85 68 211 405 237 108
189 68 5 189 68 134 415 68 569 68 552 85 359
43 149
607 158 68 36 149 68 261 158 247 68 607 158 85 68 43 339
459 149 68 87 68 81 68 197 158 68 197 158 108 68 405 68 64 211 390
430 222 70 158 359
36 149 68 517 68 5 543 68 607 68 607 158 85 563 158 68 415 68 438 70 158
59 67 343 247
97 68 490 68 54 86 68 397 68 136 479 68 397 68 36 149 68 397
43 158 68 258 68 280 68 211 222
170 68 607 68 64 211 390
76 438
49 68 5 68 222 476 68 36 149 68 397 68 158 189 68 158 359 389 158
503 85
517 194 64 532
204 152 68 617 149 68 583 68 569 68 517
51 43 155 68 346
189 569 108 68 280
87 359 68 189 68 273 68 222 85 331 68 397 68 426 158 85 68 273
36 108 68 607 155 68 552 359
213 51 86 68 152 51 253 68 197 86 68 261 86
390 68 19 108 68 607 158 68 211 222 68 447 189
158 48
36 149
124
43 158 68 550 514 199 68 390 68 201 258 471
4 478
201 258 607 68 54 86 189 68 397 68 222 476 68 611 189 266 158 438 551 258 189 68 189 68 430 241 68 189 643 359 68 5
503 108 68 517 68 189 68 417 68 607 158 68 43 155 194 68 517 82
5 68 651 123 68 397 68 405 68 189 85 563 189 550 487
136 158 152
503 85 68 158 108 68 36 149 68 54 86 189 68 397 68 4 64 68 640 68 611 189
189 68 607 50 68 330 405 199 108
258 189 68 236 68 330 570 211 82
97 68 642 405 108 607 50
51 86 108 68 447 158 438
607 68 36 149 68 261 158 543 68 607 158 68 85 359 389 479 359
97 68 343 543 68 405 299 108 68 19 85 68 97 68 494
550 86 149
241 64 550 158 108
189 68 261 158 543 68 607 158 68 64 442
261 86 68 607 68 189 68 350 68 241 430
43 158 68 397 68 222 68 339 68 158
651 123 68 430 68 108 550 158 189 68 607 86
503 85 68 158 108 68 36 149 68 54 86 189 68 397 68 426 339
189
569 68 389 158 108 189 405 261 86 68 390 68 189 211 359
36 149 68 397
189 68 261 158 543 68 397 68 43 158 68 261 86 85 253
136 430 359 68 97
321 68 189 68 607 158 68 607 50 68 283 68 607 158 85
136 309 108
283 68 136 309 68 4 136 158 222 108 68 97 68 607 50 68 397
607 158 189 149 406 211 222 189 359
261 86 68 124 68 5 225 68 569 68 426 155 68 241 85
321 68 201 258 68 197 108
87 68 503 108 68 136 479 68 158 178 68 550 158 543 194 68 339 68 19 85 79 158 85 379 85
405 640 68 611 189 299
135 68 5 543 68 397 68 569 68 149 458 85 359 68 397 479
43 158 68 189 643
82 152 68 189 68 517 85 347 189 68 5
97 68 638 68 5 189 149 540 68 241 158 68 153 108
405 68 405 478
607 86 68 550 501 68 607 158 68 430 550 189
532 178 68 158 108 68 642
607 68 36 149 68 261 158 543 68 430 108 68 5 68 550 158 189
64 211 390 68 501 85 43 430 68 158
577 68 149
517 415 149
517 415
321 4 240 68 170 152 108
64 211 390 68 16 158 551 68 196
4 64 211
607 86 189 68 36 86
258 569
607 158 189
189 68 158 339 68 447 189 643
5 189 68 133 68 197 86
321 68 569 68 136 158 213
261 86 68 43 158 68 607 50 68 36 149 68 241 85 347 158 247 85 70 158
599 68 81 68 397 68 87 359 68 607 158 68 189 149 68 70 158
201 258 136 479 68 5 68 397 68 5 189
261 86 68 43 158 68 607 50 68 36 149 68 607 158 543
222 85
607 68 36 149 68 261 158 543 68 197 86 68 170 108 68 51 85 68 231 240
517 194 199
397 85 365 430 359 68 339 551 611 189 426 487
158 68 261 158 189 68 607 158 189 68 4 359 68 394 149 68 201 19 68 70 158 108
97 68 258 68 220 68 607 50
405 152
87 359 68 295 149 68 5 108 68 390
283 68 390 68 651
607 86 68 550 501 68 397 68 517 211 68 43 158 68 657 85 68 523 405 241
261 86 68 36 108 68 405 108 68 19 85
283 68 331 68 640 68 136 158 213 68 86 163 68 36 149 68 389 501
189 68 86 163 68 347 501 68 642 68 389 85 68 51 86
97 68 258 68 389 501 68 343 543 85 152 85 68 283 68 54 654 68 170 108 68 503 189 68 607 50
19 85 68 87 85
447 155 643
201 258 68 197 108 68 201 258 68 607 158 68 389 339 68 531 158 334 68 85 359 51 86
283 68 501 85 4 189 211 189 68 431 68 36 149
479 245 406 158 359
211 48 68 246 68 87 449 68 426 339
189 68 89 158 68 97 68 5 543 68 189 68 501 85 359 68 87 152
54 86 68 397 68 149 550 158 543 108 68 569
36 85
503 108 68 517 68 189 68 136 479 68 158 189 68 158 85 379 68 266 158 68 397 68 19 85 68 642 68 153 189
273 68 97 68 189 211 474 551
197 85 359
405 240
19 68 430 68 607 158 68 54 86 68 607 158
390 68 19 108 68 607 158 68 258 64 211 108 68 514 240 68 430 68 397 189 68 158 108 68 153 189 108
43 86 68 5 189 406 158 245
321 240 68 43 85 68 5 68 527 68 5 68 607 158 152 68 240 51 222 68 79 222
359 503 189 68 189 85 359
350 222 85 68 5 359
258 189 68 218
212 158 85 189 570 389 158 149 258 390
36 149 68 158 108 68 51 397 68 155 51 86 68 397 68 417 68 241 68 189 68 189 643
517 68 189 68 136 479 68 651 123 68 64 211 108
261 86 68 607 50
5 68 189 68 231 240 68 36 149
153 108 68 390 68 569 68 438 70 158 68 446 211 85 347 158 118 108 68 241 85
5 68 65 158 359 68 390 68 638 68 126 442
550 501 68 569 68 490
607 50 68 389 501 68 397 68 550 501 68 607 158 68 59 67 343 158 299
54 86 68 321 189 68 569 68 16 430 68 517 85
97 68 394 68 389 501 68 97 68 490 68 261 149 68 261 149
397 68 258 347 501 68 64 211 390
201 258 68 532 178 68 241 68 79 430 261 86 68 5 189 68 406 211 199
517 68 189 68 577 68 607 158 68 76 346 68 430 654
261 86 68 43 158
49 68 158 68 258 68 36 149 68 607 158 543 68 43 158 68 43 569 68 359 13 359
85 68 394 149
527 68 153 68 153 68 611 258 390 68 550 430 359 68 149 532 158 152
87 449 68 607 158 68 36 149 68 158 64 93 51 86 108 68 43 158 68 43 158 68 290 85
258 611 189 68 36 149 68 246 68 266 85
607 158 68 5 450 551 68 607 158 68 565
607 86
389 189
531 158 85 68 36 108 68 189 68 5 290 258 359 68 607 158 68 19 108 68 5 189 68 569 68 389 85 359
192 211
189 68 569 68 517 85
344 158 108
85 36 86 68 642 211 68 531 158 405 108
64 211 390 68 87 359 68 49 68 276 68 158 68 569 68 406 501
43 51 282
651 123 108 68 390 68 390 68 201 240
321 68 19 85 68 253 68 87 449 68 36 149 68 211 222
302 108 68 43 86 163
87 359 68 426 158 299
390 68 19 108 68 197 158 415 211 68 212 569 68 212 85 68 36 189 108
283 68 241 194 108
192 51 86 68 158
503 108 68 390 68 501 85 97 68 149 550 158 543 108 68 607 170
390 517 258 334
87 149 438
607 158 68 607 155 68 194 543 108
5 189 68 189 550 158 568 68 189 149 438 359
54 86 68 397 68 607 158 68 76 346
43 86 163 68 446 68 446 68 258 189 68 490 222 64 211 108
189 68 389 339 68 97 68 134 149 68 430 68 189 68 501 85 24 68 4 405 68 241 68 5 68 569 68 405 68 170 108 68 170 211 68 170 108 68 170 211 68 550 501 68 550 501 85 68 570 389 158 149 68 550 501 85 68 550 501 68 550 501 68 321 247 85 68
201 258 68 430 189 211 189 85 68 611 189 68 611 514 199
86 149 68 593 149 68 389 501 68 5 108
503 108 68 390 68 569 68 211 551
5 343 543
651 123 68 607 158 68 79 430 149 68 36 108
642 158
503 85 68 390 68 569 68 640 158 4 85 359 68 133 68 565 85
330 5 189 68 405 415 211 68 540
607 158 189 569 108 68 435 85 359
189 643 222 68 640
211 359
5 68 158 108 258 68 158 108 68 149 550 158 405
607 158 68 5 85
607 86 68 389 501 68 197 86 211 64 550 479 68 611 258 68 397 68 43 51 86
321 189
211 86 68 5 108
43 86 163 68 426 86 68 89 487 149 68 153 189 149 68 550 86
136 158 152 68 607 158 68 640 68 405 415 211
507 258
266 569 108
201 258 607 158 68 145 93 532 68 64 389 501 68 4 189 211 189
43 85
359 16 569 108
607 68 36 149 68 261 158 543 68 607 158 68 507 211 199

97 68 54 86 189 54 86 68 397 68 133 68 330 189 570
97 415
189 68 87 359 68 397 68 501 406 211 199 68 97 68 241 68 158 189 149 68 241 43 85 68 85 241 359
517 194 149 68 599 68 5 68 503 158 108 68 569 68 51 611 359 68 201 240 299 68 115 479
76 85 359
517 68 189 68 577 68 569 68 246 68 447 158 247 258 68 149 211 405 199 85
158 68 517 85 68 390 68 201 258 471 189 426 570
79 213 211 543 211
607 158 68 5 68 158 108 93 93 93 93 93 93 93 435 85
49 68 158 68 54 86
97 68 430 68 339 68 321 247 68 170 68 503 189 426 158 85
406 155 643 68 162 68 162
321 189
158 108 68 36 149 68 330 213 307 68 89 65 189 299 108 68 359
97 68 133
64 211 258 68 397 68 158 258 359 68 36 149 68 43 158 68 152 68 189 426 569 68 201 258
36 108 68 54 654 68 390 68 158 350 359 68 607 158 85 68 642 68 642 149 532 288
19 85
611 240 389 334 68 36 108 68 607 50 331 359
503 189
611 299
4 4 85
503 108 68 517 68 189 68 417 68 158 108 68 241 85 607 158
153 108 68 527 68 36 108 68 59 479 359
283 68 607 50 68 36 149 68 397 68 472 420
189 68 189 550 430 299 211 474
5 68 82 68 189 550 213 149 68 5 68 93 51 86
126 68 36 86
64 211 390 68 548 68 36 85 68 258 551 68 405 152 68 397 68 569 68 19 79 359 568 68 70 158 359
135 68 258 68 36 149 68 261 158
149 389 189
149 550 158 543 108
651 123 68 430 438 551
607 86 68 389 501 68 397 68 43 158 68 550 158 68 527 220
45 4 85 68 531 158 85 299 607 158 85 68 397 68 36 149
531 85 68 54 86
153 108
607 68 36 149 68 261 158 543 68 607 158 68 64 550 339 68 397 68 36 85 68 359 68 349 68 415
503 108 68 158 108 68 36 149 68 54 86
390 68 258 569 68 170 108 68 170 108 331 199 68 36 149
283 68 331 68 640 68 43 158 68 370 68 5 68 617 149 68 389 501
213 68 54 86 189 570 68 397 68 569 68 158 108
170 108 68 149 550 158 405 108
435 415
261 86 68 43 158 68 390 68 607 158 68 51 43 155 68 346
503 108
5 543 115 158
158 68 517 85 68 261 430 68 266 569 68 189 68 321 189 68 569 68 261 86 68 87 449
258 68 36 149 68 197 86
231 240
201 258 68 532 178 68 241 68 158 189 68 4 85 359 68 170 299 68 397 68 405 68 266 158
458 85 359 68 197 86
170 220 225 68 189 389 85 359
189 68 343 158 199 65 189
170 108
136 158 152
201 258 68 607 50
438 70 158 68 390 68 189 211 85 347 158 118 108
607 158 68 550 501 68 397 68 517 211 68 43 158 68 431 149 611 299 359
607 158 68 550 501 68 607 158 68 240 13 449 68 261 86 149 258
97 68 54 86 199 108 68 253 68 503 158 108 68 607 158 68 19 108 68 397
97 68 538 430 189 389 189 68 517 118 68 607 158 68 189 570 654
36 149 68 76 406 501 68 569 68 64 211
607 158 149 458
189 68 389 339 68 189 68 607 158 68 211 282 85 68 153 68 51 86 359
607 158 449 189 570 550
321 68 19 85 68 253 68 87 449 68 36 149 68 211 222
97 68 295 149 68 189 68 194 543
149 85 447 430 68 4 85 359
19 108 68 638 68 405 152 68 569 68 43 158 68 155
321 68 189 68 607 170 359
514 258
197 145
43 430 19 550
59 479 68 343 158 543 211 222 222 211 222
36 108 68 330 68 220 108 68 54 86 68 339 68 19 359
194 543
76 85 359
170 258 68 347 158 359
276 471
527 68 607 158 68 201 258 68 389 199
87 359 68 158 108 68 569 68 397 68 359 13 85 68 339 551 611 189 68 359 68 415 406 158 359
201 258 68 532 178 68 241 68 607 158 68 321 290 406 158 438
135 68 16 158 247 68 36 149 68 607 158 68 5 543
390 68 158 189 491 86 85 68 153 108 68 607 222
153 108 68 97 68 390 68 390 68 97 68 397 68 213 211 189 550 158 189
503 189 68 517 189 68 76 68 97 68 149 68 19 79 359
79 430 565
16 158 543 68 607 158 68 79 155 68 222 476
201 258 68 339 68 321 189 68 330 359
5 68 527 149 68 552 85 68 607 158 68 548 68 241 85 68 501 85 607 158
503 85
261 86 68 43 158 68 390 68 569 68 158 64 389 479 189 68 241 68 4 189
36 149 68 397
517 194 199 68 642 158 258
49 68 5 68 370 68 490 359 68 149 68 569 68 211 189 68 211 189
495
201 258 299 347 189 68 321 240 68 153 108
565 570
564 551
79 339
261 86 68 5 189 68 64 550 430
339 299 389 158 118
36 149 68 211 607 158 68 517 68 321 290 68 430 68 430 290 85 359 68 241 68 19 85 68 54 86
158 68 158 108 258 85 68 158 108 68 642 570 389 158 199
321 149 68 280
503 189 68 607 50 68 36 149 68 189 241 85 347 158 118 68 258 189 68 115 479
261 86 68 158 334 68 189 68 611 438 359 68 36 108 68 517
197 85 152
43 86 163 68 81 68 5 108 68 136 126
607 158 68 550 501 68 397 68 321 290 68 607 158 68 43 85 389 85 359 68 611 359
258 4 68 241
87 68 124
43 86 163 68 344 149 68 97 68 149 68 343 158 199 189
124 68 607 158 189 68 241 149
550 158 251 68 405 607 158 152
389 501 68 490 359
550 158 247 108
201 258 607 158 68 321 240 68 253 68 170 108
97 68 273 68 158 68 93 211 430 108
503 85
5 68 189 68 607 158 68 79 158 438 359 68 189 241 68 43 86 108 68 5 189 68 158 406 211
241 85 68 390 299 438 359 68 258 390
204 152 68 617 149
607 50 68 389 501 68 607 158 68 211 85 581 68 494
97 68 648 290 258 68 523 189 550 349
283 68 261 158 290 211 189 68 87 68 273 108 68 170 334 189 85
189 68 607 158 85 527 68 222 476 68 607 158 68 258 85 68 405 241 68 54 86 68 397 68 405
550 514 199
97 68 241 253 253 253
261 158 643
189 68 87 189 68 397 68 59 290 85 359 68 158 240 359
607 68 189 68 261 158 543 68 397 68 490 4 116 550 158 551
19 68 430 68 155 68 183 339
321 405 359 389 158 118
607 158 189
4 85
87 359 68 158 108 68 36 149 68 197 86 108 68 19 85 68 59 67 70 158 48
5 211 543 108 68 446 136 479 359
45 108 68 158 108 68 36 149 68 532 178 68 241 85 68 426 339
5 189 211 85
197 85 152
261 86 68 569 68 503 339 551 68 397 68 70 158 108
261 86 68 607 68 36 149 68 152 550 86 68 569 68 261 86 359
479 245 406 158 299 68 59 290 85 359
64 211 390 68 599 68 81 68 397 68 43 158 68 43 158
87 359 435 570
158 108 68 36 149 68 170 415 68 426 86 85
563 189 85 199 85 299
349 359 68 607 158 68 389 158 251 68 347 158 68 158 199 68 569 68 158 108 258 85
503 85 68 5 68 527 149 68 426 86 68 36 149 68 43 163 334
158 85 347 158 406 155 68 189 68 189 565 222 211 189
607 86 68 389 501 68 397 68 569 68 550 501
79 155 108 68 569 68 642 158
86 163 68 16 158 543 68 5 68 36 85 68 153 189 68 246 68 189 550 430 108
531 85 68 54 86
5 68 43 532 68 261 430 68 607 158 68 149 152 68 51 68 607 155 68 569 68 70 158
189 389 349 211 347 158 118 68 5 108
4 607 158 68 76 85
607 170 299
283 68 331 68 640 68 162 68 607 50 68 5 68 550 501
607 86 68 389 501 68 397 68 417 68 189 68 64 435 85 68 640 68 577 551 68 54 86
194 405 108
607 158 68 550 501 68 397 68 525 68 607 158 68 517 85
321 189 68 241 359
247 415
36 108 68 36 85 607 68 390 68 201 108 68 54 86
607 68 36 149 68 152 51 86 68 241 68 43 158
607 170 68 85 149 68 85 149
258 108
189 68 550 501 68 194 213
607 155 68 189 577 68 611 258 68 133 68 81 68 153 108
36 149 68 517 194 68 245 258 68 158 321 189 68 321 189 68 569 68 359 503 158 68 359 51 543 389 67 415
405 152
261 86 68 124 68 158 108 68 87 68 552 347 501 68 339 68 651 85 4 108
283 68 347 158
607 158 189 643 359
197 85 152
189 68 426 158 543 389 85 299 85 365
564 68 607 158 68 607 158 68 390 68 19 85 359
4 149 389 85 359
36 108 68 183 158 108 68 189 339 68 640 68 611 258
607 68 36 149 68 479 85 359 68 136 479 108
189 68 241 68 97
503 189 68 607 50 68 36 149
54 86 68 5 68 607 158 85
501 85 447 158 118 68 5 189 68 5 359
87 359 68 158 108 68 36 149 68 261 158 247
527 68 405 68 405 43 430 68 569 68 189 43 158 68 81
222 85
197 86 68 189 68 189 68 85 290 258 85
158 108 68 19 108 68 501 85 4 189 211 189 68 136 479 68 19 48
155 68 5
153 85 68 51 570 68 347 158 68 607 68 253
517 68 189 68 222 85 365 430 68 290 85 359
258 108 68 36 149 68 517 68 551 68 97 68 607 68 321 189 68 569 68 79 222 68 642 211
241 85 68 93 435 178
503 85
245 258 359 438
76 240 222 415
43 569 82
153 68 261 430 68 607 158 68 611
79 213 211 543 211
405 237 359 68 339
49 68 5 68 222 476 68 36 85 68 136 158 108
550 517
189 68 389 158 247 68 607 158 68 266 158 189 68 261 158 149 68 261 149
527 68 153 68 153 68 43 158 68 447 189
543 149 258 390 68 406 211 551
569 68 552 68 390 68 346 85
189 68 87 189 68 397 68 406 501 68 651 123 68 640 68 550 339
607 86 68 550 501 68 397 68 550 501 68 607 158 189 68 241 222 68 170 299 68 87 68 430 68 339 68 85 68 85
258 85 4 116
261 86 68 607 50 68 36 149 68 36 85 359 68 36 85
189 68 343 158 199 65 189 68 517 85 5
447 158 247 68 330 108 258 68 135
49 68 158 68 158 68 501 211 189 68 36 108 68 158 108
135 68 240 359 68 36 149 68 19 85 68 430 68 197 86 68 430 68 569 68 346 68 406 155 643 68 79 158 565
87 359
568
514 85 359 19 359
134 222 85
43 86 163 68 577 68 607 158 68 51 189
517 68 189 68 5 543 68 397 68 607 158 68 170 487 359
397 68 426 155
36 149 68 211 607 50 68 397 68 517 85 299 68 158 108 68 189 68 389 339 68 70 158 108
43 430 19 68 170 152
430 108 68 189 68 577 68 577 68 611 152 68 397
346 225
87 359 68 569 68 241 68 240 211 68 149 550 158 543 108 68 397 68 330 85 359 68 406 158 199
330 189 16 189 550 86
569 68 258 611 189 68 231 240 68 261 430 68 149 552 359 68 405 149
283
359 16 569 108
241 189 68 149 550 158 543 108
406 211 607 158 189
201 258 68 607 359 68 189 540 118 68 607 68 565 85 359
569 68 65 155 49 68 390 68 213 51 86
87 68 170 68 417 68 397 68 397 68 321 189
503 85
87 359 68 19 85 68 430 68 189 85 299 213 211 543
503 189
503 108
4 199 570 49
4 240 68 642 68 64 211 438 359
19 108 68 390 68 321 189 68 321 68 247 68 19 222 68 211 68 153 108
611 570 389 158 222 149 389 158 118 68 321 569 108 68 611 189 68 321 189 68 79 158 199
507 258
258 85 299
347 501
189 149
261 86 68 124
87 68 162 68 149 68 607 158 68 283 68 607 158 68 54 86
607 158 68 550 501 68 197 158 68 189 241 85 70 158 118 68 607 158 68 354 68 569 68 611 74
64 211 390 68 651 85 68 321 247 85
189 68 651 123 68 397
564
5 68 165 68 196 68 430 68 397 194
447 158 68 343 158 199
5 108
290
4 64 68 87 189 68 241 85 68 158 108 68 59 158 405
197 158 321 189 68 390 68 189 451 68 189 550 158 68 258 68 258 222
136 479 68 607 158 68 149 550 158 247 68 607 158 68 283 68 149 51 85 68 43 155
43 51 282
503 189 68 607 68 189 68 261 158 543 68 85 359 149 389 85 359 68 97 68 97
5 415
4 199 570 49
607 68 189 68 426 570 68 153 108
283
321 189 68 5 189
261 85 68 149
550 514 199
321 189 68 266 50
430 85 222 85
64 211 390 68 611 136 479 68 569 68 36 85 607 68 158 543 68 43 158 68 51 86
426 158 189 68 607 170 68 569 68 405 178
283 68 347 158
527 68 640 68 611 48
189 68 261 158 68 607 158 68 389 199 85
213 550 501
241 85 68 552 85 68 397 68 347 189 68 569 68 158 108 389 570 389 158 108
607 86 68 389 501 68 397 68 550 501 68 607 158 68 283 551 165
189 68 569 68 5 155 68 642
258 517 415
87 359 68 5 68 607 158 108 507 258 68 149 258 68 19 68 158 222 397
607 158 266 149 68 19 108 68 5 68 390
569 68 241 359 68 640 68 507 449 68 231
258 189
86 149 68 593 149 68 347 501 68 397 68 211 543 258 68 158 68 158 189
189 538 86 189 68 569 68 5
517 194 68 417 68 642 108 68 212 85 68 607 158 68 54 654 194 68 517 194
86 149 68 593 149 68 197 86 68 569 68 87 449 68 397 68 569 68 359 51 86 68 359 70 158 118
189
189 68 426 86 108 68 51 108 68 447 430 68 339 68 607 569 68 133 82
189 68 550 501 68 36 149
19 108 68 5 189 149 540
344 405 68 426 86
503 85
349 359 68 283 68 189 68 87 359 211
189 68 87 189 68 397 68 70 339
136 158 152 68 153 108 359
43 86 163 68 321 247 68 397 68 82 68 136 158 213
330
565 19 85
283 68 347 158
4 258 299
64 211 390 68 548 68 5 68 321 68 569 68 503 569 68 550 430 359
5 68 189 68 222 476 68 36 85
79 426 449
5 290 115 158 359
97 68 405 189 68 54 86
261 86 68 273 334
266 569
201 258 68 54 86 68 617 149 68 97 68 97
201 258 397 68 266 149 68 397 68 607 50 68 19 68 397 68 5 343 158 152
51 86 68 82 152
201 258 607 158 68 189 426 241 347 158 118 68 331 149
611 189
19 108
189 68 261 86 68 4 406 155 299 68 550 569 68 261 569
51 189 68 197 86
503 108 68 158 108 68 569 68 517 85 438 359
43 532
5 68 43 532 68 261 430 68 405 189 68 261 158 247 68 611 543 149 568 68 507 149
5 189 643 222 85 347 158 118
517 68 189 68 417 68 347 501 68 241 430 68 397 68 397 611 152
87 85
189 68 447 158 247 149 68 5 359
135 68 211 543 68 607 158 68 158 74
651 123 68 405 237 108 68 640 68 447 158 108
87 108 68 64 149 68 213 307 68 162
43 430 261
211 240 359 68 241 85 68 5
207 68 97 68 189 565 359 68 611 299 68 607 158 189 68 158 152 68 5 189 68 446 68 359 389 158
64 211 390 68 397 68 153 108
397 607 158 85
306 261 415 406 158 189
517 194 568
517 68 651 123 68 607 158 68 503 189 426 86
64 211 390 68 426 158 85 68 405 189 68 569 68 426 158 240 299 68 550 158 85 359
569 68 405 68 642 68 197 86 68 405 240 222 149
64 211 390 68 16 158 543 68 569 68 5 222
517 85 189 570 389 570 568
135 68 43 158 68 517 68 543 51
261 86 68 115 479 68 397 68 569 68 5 607 158 68 527
64 211 390 68 85 68 97 68 426 85 359
607 50 68 389 501 68 397 68 550 501 68 607 158 68 59 67 343 158 299
97 68 43 158 68 31 85 299 607 85 68 350 68 4 85 359
189 68 5 189 68 577 68 569 68 59 339 68 43 158 68 43 158 189
607 68 36 149 68 79 158 543 68 550 569
201 258 68 54 86 68 397 68 153 108 68 19 85 68 19
43 158 68 5 189 170
70 189 68 599 68 158
43 155 532
36 85 607 68 59 67 222 149 290 299
201 258 607 68 607 158 68 417 68 640 68 538 430
76 240 415 68 64 51 108
36 149 68 261 158 543 68 43 158 68 611 189 550 487
321 68 82 152 68 36 149
517 194 68 577 68 607 158 68 87 240 211 607 155
51 570 68 87 152
149 266 158 359 68 607 158 68 517
189 68 261 86 68 97 68 607 68 569 68 503 339 68 19 108
657 359 68 642 211
503 85 68 390 68 569 68 213 211 517 152 68 136 479
158 405 213 211
153 68 158 449 68 261 158 67 68 390 68 330 197 86 68 170 449 68 607 50 68 569 68 334 149 68 430 68 70 158
4 108
240 194
657 551 258
283 68 331 532
283 68 136 479 189 68 390 68 241 85 68 36 85 152
189 68 261 158 543 68 258 247 85 68 611 189 4 563 158 118
85 36 189 359 13 359 68 45 108
87 359 68 158 108 68 569 68 397 68 359 13 85 68 339 551 611 189 68 359 68 415 406 158 359
607 158 68 550 501 68 397 68 258 189 68 651 123 68 189 211 85 359 389 158 118 68 607 155
503 189 68 390 68 36 85 68 531 158 85 359
276 339
19 108 68 390 68 51 397 68 640 68 642 211 68 607 68 569 68 405 237 558
569 68 389 189 68 246 68 531 158 85
458 85 359 68 517 85
607 158 68 550 501 68 397 68 550 501 68 607 158 189 241 68 339 68 170 299 68 170 449
43 158 240 19 85 430 108
657 68 155 68 657 551 258 551 68 430 68 4 108 68 640 68 517 68 19 85
170 68 607 158 189 68 87 85 86 163
346 211 115 479 68 70 158
189 68 261 158 543 68 607 158 68 64 435 623 68 4 189
211 570 68 218
87 359 68 87 68 211 68 397 68 43 158 68 517 68 5 189
607 68 36 149 68 261 158 543 68 607 158 68 417
569 68 136 158 68 390 68 43 158 68 43 158 68 64 550 158 85
607 158 85 68 607 569 108 68 133
607 68 36 149 68 152 550 86 68 607 170 68 36 149 68 430 68 43 158 68 19 68 170 415
36 149 68 390 85
153 68 170 359 68 354 68 87 68 607 158 68 137 155 68 54 86
607 86 68 550 501 68 607 158 68 197 86 68 241 68 76 458 359 68 64 211
569 68 5 155 68 390 68 43 158 64 211 359
503 189 570 389 158 359
611 570 389 339 211 347 158 118
189 68 577 68 607 158 68 565 570 13 68 258 299 68 201 258 68 152 68 5 68 258 43 158 68 503 189 108 68 45 108 68 570 389 158
321 68 5 68 196 68 426 430 68 397 68 354 85 222 85 359
517 194 149 68 79 359 68 79 359 68 339 68 607 158 68 19 85 68 70 479 108
607 158 68 36 149 68 261 158 543 68 569 68 211 390
54 86 68 359 16 569 108
552 85 149 550 85 68 261 158 108 258 390
607 68 36 149 68 170 299 68 397 68 54 86 68 253 503 158 108 68 49
189 68 87 189 68 569 68 426 158 68 158 163 343 189 68 430 68 651
261 86 68 43 158 68 390 68 569 68 5 290 241 359
158 108 446 68 501 68 501 85 406 430
607 158 68 550 501 68 607 158 68 261 86 68 273
189 569 85 68 201 258
283 68 347 158
76 85 222
64 149 68 430 222 4 240
405 415
607 158 189 569 108 68 642 149 532
87 108 68 54 86 189 68 397 68 16 158 543 68 36 149 68 430 68 397
355 108 68 196 68 196 68 158 108 68 36 211 607 85
607 86 68 550 501 68 607 158 68 550 430 68 640 68 405 108 68 64 211 390
4 85 68 330 68 135
503 85
4 189 149 390
390 68 36 85 68 170 240 68 231 240 68 231 240 68 339 68 153 189
97 68 405 570 13 68 339 68 430
36 149 68 5 68 97 68 611 514 85 359 389 158 118 68 241 68 79 430
45 68 607 50 68 550 501 68 397 68 569 68 550 501
246
155 68 85 189 577 68 70 189 68 204 222 152 68 36 149
204 152 68 617 149
54 349 85 68 149 68 640 68 607 170
43 158
517 194 199
222 241
527 68 153 68 153 68 64 550 430 68 617 68 283 68 236 108 68 13 85 68 517 85 68 640 68 569 68 611 51 86
607 68 36 149 68 261 158 543 68 607 68 79 222 68 241 499 108 68 397
283 68 189 570 389 158 68 390 68 607 359 68 51 86
283 68 607 158
70 339
189 68 211 607 50 68 640 68 607 158 68 241 213 389 158 118
607 50 68 397 68 197 85 359
607 158 68 189 149 222 149
390 68 651 85
231 51 86
115 4 68 389 158 359
201 258 68 607 50 68 394 68 197 86 68 54 86 68 397 68 86 19 85
569 85
170 359 68 43 158 68 43 158 68 89 359
607 158 68 36 149 68 261 158 247 68 607 158 68 43 158 68 321 247 68 426 158 240
54 86 68 43 569 68 438
87 359 68 158 108 68 5 68 241 85 359 389 158 359 13 68 241 85 68 85 241 359 389 158 359
283 68 347 158 68 5 68 36 149 68 261 158 247 68 5 189 108
201 258 607
406 85 299
194 543
64 211 390 68 397 68 153 108
397 68 642 68 343 543 211 189
503 339
397 68 45 108
64 68 321 247 85
5 68 640
503 85 68 390 68 569 68 211 551 211 517 68 397 68 569 68 426 158 85
503 189 68 390 68 569 68 189 347 158 85
51 43 155 68 346
153 68 390 68 607 339 68 339 68 569 68 5 189 359
607 158 189 149 517
189
136 158 152 68 97 68 155 68 430 359 68 389 339 68 54 654 68 64 211 390
158 240 222 85 68 607 158 68 5 415
611 447 158 199
607 158 68 36 149 68 149 389 85 299 68 196 68 201 258 68 426 339
611 43 85
54 86 68 389 339
87 359 68 5 527 68 97 68 607 68 569 68 550 158 108 68 517 85 68 5 189 68 339 551
552 85 158 85
4 199 108
231 51 86 68 261 86 68 43 158 68 640 68 36 149 68 196
261 86 68 517 568
503 85
196 68 158 108 68 36 149 68 565 82
115 247 222 85
51 359 68 115 479
201 258 68 115 479 68 640 68 36 149
241 85
517 194 199
261 86 68 390 68 97
607 158 189
197 85 359
607 86 68 550 501 68 397 68 149 163 68 70 158 213
211 158 189 570 389 570 326 108
189 68 261 158 68 607 158 68 389 565 438 359 68 189 68 607 50 68 5 108
531 299 211 550 158 118 68 657 299
43 86 163 68 607 50 68 390
43 158 68 405 152 68 261 149 68 197 86 68 43 158 68 149 43 158
405 431 68 640 68 153 189
355 68 49 68 276 85
86 149 68 593 149 68 347 501 68 5 68 339 68 447 189 68 290 194 68 607
76 85 359
19 108 68 13 68 435 85 68 189 68 517 194
405 240
36 149 68 43 86 163 68 241 108
189 68 87 189 68 397 68 258 68 607 158 68 607 50 611 85
261 86 68 5 68 527 149 68 389 501 68 569 68 321 247
258 108 68 54 86 68 607 158 261 86
550 430 359 68 347 158
189 68 253 68 617 149 68 607 155 68 490 359
241 540 299
503 85
517 68 189 68 577 68 607 158 68 517 85 68 87 426 86
5 68 189 68 531 158 359 68 36 149
152 550 86
642 149 532 640 68 64 211 430
162 68 640
189 68 211 607 50 68 54 86 68 397 68 569 68 657 551 258
569 68 347 501 68 430 68 158 108 68 197 86 68 607 50
290 85 359 389 85
4 85
611 85 359
527 68 607 86 68 36 149 68 261 158 543 68 258 415 211
240 149 213 223 68 65 155 49
290 85 258 189 570
517 194 68 189 68 4 152 68 153 108
607 68 36 149 68 640 108 68 390 438 149 68 321 189 68 517 85 68 87 426 569
607 155 13
261 86 68 124 68 5 225 68 339 68 222 476 68 241 359
36 149 68 405 68 405 189 68 611 189
87 85
406 472 68 189 68 517 85
201 258 68 197 108 68 135 68 135 68 397 68 189 68 85 359 68 514 85
87 359 68 295 149 68 64 435 85 68 240 550 158 543 389 85
261 86 68 43 158
525 68 4 108 68 290 85 565
153 108
24 108 438 85 189 241
565 570
59 479 359
170 532 86
5 68 97 68 45 108 68 153 108
405 152
611 570 389 339 211 222 149 68 295 68 36 108 68 45 108
207 68 189 68 607 158 68 569 68 370
517 85 85 85 152
4 108
405 89 158 240 359
389 479 68 397 68 158 359 68 36 149 68 5 68 550 158 68 246 68 158 189 68 607 50
607 158 68 189 643 359 68 99 68 189 68 331 68 158 108
189 68 261 158 247 68 135 68 565 85
283 68 347 158 68 5 68 617 149 68 43 430
201 258 68 76 85 359 68 201 258 68 93 550 430
64 211 390 68 359 149 68 640 68 36 85 68 346 68 241 68 173
201 258 68 197 108 68 397 68 648 68 36 149 68 87 359 435 623
158 543 51 213 640
97 68 258 68 220 68 607 50
126 68 19 108 68 405 68 607 158 68 370 68 607 68 354
607 158 68 299 449 189 68 390 68 611 570 550 158
569 68 182 149 211 389 158 118 68 189 68 507 258 68 321 247 108 68 241 68 569 68 79 359 68 213 51 86
607 68 36 149 68 406 155 68 240 68 241 430 359
19 108 68 5 211 390
258 48
261 86 68 133
158 108 68 569 85 68 568 68 550 501
607 158 68 36 149 68 505 68 607 158 68 525
87 359 68 390 68 19 108 68 397 68 258 108 68 607 158 68 153 189 68 153 189 108
607 68 36 149 68 158 189 108 68 330 621 607
189 149 258 189 43 517
204 152 68 617 149 68 189 68 158 4 406 158 359 68 97 68 97
339 68 155
607 158 68 36 149 68 261 158 543 68 642 158
517 194 149 68 350 68 189 68 97
189 68 405 68 607 158 68 607 158 68 158 240 222 85 68 158 155 643
5 68 642 211 68 261 339 68 405 189 68 406 211 550 158 189 68 657 359
19 108 68 330 85 258 85
261 86 68 124
495
607 86 68 389 501 68 397 68 43 430 68 651 123
133 68 170 68 283 68 339 68 158
45 4 85
283 68 347 158
5 155 211
97 68 153 108
642 211 68 607 438 68 406 158 118
5 343 85
43 149
4 258
87 359 68 331 68 640 68 54 654 68 5 68 527 68 607 158 68 19 543 68 569 68 406 472 189
19 85 68 136 479 153 189 68 339 68 158 85 68 36 211 85
5 211 543 108
97 68 390 68 241 68 642 68 640 68 354 68 503 158 359 68 417
283 68 331 68 640 68 638 68 569 68 5 68 331 149 68 196 68 170 299
657 359 68 36 149 68 517 68 494 68 339 68 241 68 201 108 68 241 68 189 241 68 158 118
607 158 189 569 108 68 642 149 532
607 158 68 640 68 640 68 517 240 68 64 211 390
517 194 199
607 68 550 501 68 36 149 68 397 68 158 339 68 334 68 447 158 189 68 70 158 68 347 501 68 85 406 158 68 406 158 68 197 86
189 68 211 607 50 68 397 68 295 149 68 426 569
115 479
189 68 261 158 543 68 397 68 550 501 68 607 158 68 85 577 68 346
5 68 4 85 68 170 152 68 170 152 68 241 68 517
64 211 390 68 397 68 158 85 359 68 36 149
189 68 87 189 68 136 158 543 108
149 211
189 68 651 123 68 550 158 108 68 543 51 152
189 68 261 158 68 607 158 68 525 68 347 158
189 68 4 240 389 85 68 607 158 68 280 108 68 321 247 68 158 222 290 85 359
276 471
261 86 68 607 68 189 68 577 68 397 68 651 123 108
170 152
607 158 68 550 501 68 607 158 68 5 189 68 389 19 85
19 108 68 347 158 118
503 85 68 158 108 68 36 149 68 54 86 189 68 397 68 426 339
657
261 86 68 124
97 68 405 189 68 607 158 543 149 68 397 68 5 68 390
503 189 68 126 68 36 149 68 390 68 189 426 158 199
153 68 447 158 543 68 607 158 85 430 68 607 50
283 68 607 50 68 36 149 68 607 551
503 339 415
19 68 5 189
189 68 261 339 68 405 189 68 64 550 158 85 68 89 50 68 397 68 531 85 68 124 68 51 570
607 158 68 36 149 68 261 158 543 68 36 85 68 85 79 158 108
321 189 68 87 85
213
447 189
538 158 149 550 158 108 68 64 211 390
43 158 68 550 514 199 68 390 68 201 258 471
577 68 321 240
82 152 68 266 149 68 97 68 135 68 54 86
158 108 68 36 149 68 211 247 570 389 158 108 68 258 189 68 426 158 85 68 87 68 126
607 158 68 36 149 68 261 158 543 68 642 158 68 241 85 68 158 108 68 5 68 5 68 617 149 68 5 68
189 68 394 299 68 189 68 87 68 54 654 68 397 68 5 68 607
283 68 390 68 569 68 638 68 241 430 149 550 158 108 68 607 339 551 68 607 339 551 68 283 68 87 359 68 390 68 97 68 390 68 390 68 246 68 390 68 390 359 68 607 158 359 68 390 68 153 359 68 607 158 359 68 607 158 359 68 390 68 390 68 19 85 359 68 607 158 68 390 68 638 68 638 68 390 68 390 68 390 68 390 68 390 68 607 158 68 390 68 390 68 390 68 390 68
97 68 517 68 517 4 108 68 204 68 370 68 43 158 68 406 158 118 108
201 258 68 607 158 189 643 359 68 354
343 543 85 299
390 68 651 123 199 68 4 199
87 68 611 258 68 339 68 158 359 68 189 68 607 68 569 68 343 543 211 189
201 258 607 158 189 68 607 86 189 68 5
115 479
4 108 68 657 551
569 68 158 321 569 68 246 68 397 68 43 158 68 149 43 158
87 359 68 397 68 258
51 158 189
607 158 68 550 501 68 397 68 321 290 68 607 158 68 36 211 68 430 108 68 43 158 68 517
135 68 261 158 543 68 607 158 85 365 430 199 149 68 36 85 68 261 158 247
189 68 87 189 68 397 68 426 339 85 222 68 331 158 85
197 85 152
406 501 68 189
43 86 163
87 89 158 68 607 158 68 189 149 68 64 211 390
261 86 68 43 158 68 390 68 97 68 607 158 68 550 339
426 158 240 258 390
607 158 68 550 501 68 397 68 43 158 550 199 68 43 158 68 222 476 68 240 51 85
76 85 359
158 240 222 85 68 87 152
97 68 405 68 85 471 389 189 550 158 359
657
59 430 222 149
158 359 16 569
204 152 68 617 149 68 189 68 158 4 406 158 359 68 97 68 97
36 149 68 152 51 86 68 196 68 189 68 607 158 189
527 68 607 158 68 261 86 68 189 68 231 240 68 36 149
550 430 68 330 85
189 68 261 158 543 68 607 158 68 170 240 68 607 158 68 222 4 108
87 359 68 569 68 517 68 344 290 258 359 68 87 449 68 136 158 213 68 153 108
426 155 68 258 349 531 158 247 68 390
607 86 68 389 501 68 397 68 501 406 349 68 36 85 68 170 68 170 487 149 68 397 68 5 211 85
261 86 68 43 158 68 390 68 569 68 430 349 194 514 240 68 447 479
211 68 36 149 389 570
569 68 276 339 68 390 68 149 532 85 611 152
607 68 36 149 68 261 158 543 68 607 158 85 68 5 189
189 149 258 189 68 611 189 68 43 158 290 152 88
97 68 64 532 189
405 237 240 118 359
87 89 50 68 617 149 68 79 158 543 68 79 487 85 359
189 68 19 108 68 79 487 149 68 5 68 283 68 196 68 189 550 158 551 68 189 16 158 359
189 68 261 158 68 607 158 68 430 222 85 68 390 68 5 108 68 389 85 359 207
43 86 163 68 525 68 525 68 569 68 241 68 241 359
405 258 68 158 108 68 240 68 64 149
201 258 68 359 68 85 36 152
43 51 282
64 211
503 339
607 68 36 149 68 5 189 68 201 240 68 201 258 68 153 108
97 68 607 158 68 514 199 359 68 4 85 359
189 68 124 68 334 149 68 246 266 158 189 68 607 158 68 517 189 359
261 158 543 68 347 158
495 68 390 68 569 68 158 149 65 85
133 68 640 68 194 543 321 247
5 68 593 163 68 158 152 68 153 68 550 158 359 435 240 359
133 68 85 350 68 607 158 68 570 49 68 397 68 569 68 241 359
550 158 68 640 68 569 68 447 155
607 68 36 149 68 261 158 543 68 607 158 68 241 68 162
153 108
607 170 68 405 607 158 152 68 97
43 86 163 68 162 68 607 158 68 543 550 158 189
231 240
189 543 389 67 359
196 68 64 51 85 68 158 108 68 36 149 68 629 68 397
201 258 68 607 68 31 240 68 76 85 359 68 330 85
306 68 189
97 68 5 189
405 237 240 118 359
201 258 68 64
153 68 240 149 359 70 189 68 170 108 68 390 68 201 19 68 331 149
97 68 115 479 68 189 68 194 543 68 97 68 97
321 68 569 68 64 550 158 189
657 68 189 68 389 158 152 68 87 359 611 85 68 4 189 211 189
458 85 359 68 517 85
19 108 68 5 211 390
321 563 158
201 258 68 4 68 563 158 118 68 607 50
261 86 68 158 108 68 36 149 68 607 170 108
4 85 607 50
97 68 211 543 68 638 68 569 68 19 85 68 64 211 108
607 68 36 149 68 79 158 543 68 153 68 153 68 189 68 246 204 406 211 199
204 152 68 617 149 68 241 85 68 406 211 199
517 194 149
611 51 85
204 152 68 617 149 68 241 85 68 43 155 68 346
355 543 43 158 68 197 86 68 54 86 68 397 68 258 149
79 426 449
447 158 85
64 211 390 68 607 170
501 85 4 189 211 189 68 517 299 108
51 86 68 97 68 273 68 212 85
43 86 163 68 405 68 517 85 4 149 68 135 68 197
241 85 68 19 108 68 5 390 68 261 86 68 43 158 68 607 50 68 189 68 438 359 68 607 158
4 85 213
43 158 68 5 170
261 86 68 158 189 93 225 68 5 68 189 68 261 158 543 68 397 68 222 476 68 607 158 85
201 258 68 532 178 68 241 85 68 4 240 19
651 123
321 290
211 158 189 570
201 258 136 158 152 68 339 68 339 68 607 158 68 231 51 86
136 309 4 85 222 85
85 93 211 517
97 68 394 68 389 501 68 97 68 490 68 261 149 68 261 149
514
240 149 68 611 623
607 50 68 389 501 68 397 68 133 68 607 50 68 569 68 347 85 517 85
43 158 266 158 108
240 149 213 435 68 241
197 85 152
283 68 136 309 68 4 222 85
261 86 68 273 68 569 68 540 359
87 93 211 68 158 189 211 359
189 68 261 158 68 607 158 68 276 85 258 334 108 68 517 85
153 68 607 158 68 5 108 68 261 86 85 258
45 68 201 258 68 153 108 68 241 85 68 334 607 158 68 617
607 158 189
503 189 68 390 68 36 85 68 79 155 68 5 68 397 68 394 85
503 108 68 517 68 189 68 417 68 45 67
189 68 321 290 68 5 108
189 68 261 158 543 68 241 68 189 68 531 158 85
406 472 68 189 68 517 85
283 68 390 68 97 68 5 68 321 240
599 68 5 68 189 68 36 149 68 211 607 158 85 365 189 68 189
201 258 68 211 531 189 68 397 158 108 68 65 86
390 569 611 189 170 359
189 389 349 211 347 158 118 68 517
189 68 5 189 68 258
135 68 417 108 68 36 149 68 607 158 68 550 86
607 170 68 261 158 543
97 68 290 264 88 118 68 189 68 194 543 68 97
651 123 68 569 68 134 415 68 115 158
494 68 97 68 241 85 68 158 68 201 258 68 247 570 326 68 149
611 152 550 158 118
261 158 299
36 211 390
87 359 68 569 68 569 68 240 51 258 68 640 68 36 85 68 85 359 79 359
197 86 68 5 68 36 85 68 189 68 189 451
344 155 569 68 246 204 222 68 517 85 5
207 68 189 68 607 170
607 50 68 640 68 321 85
651 123 68 241 430 359 68 76 85 68 607 158 517 85 189 68 158 406 158 517
189 68 389 501 68 158 108 607 158 68 517 85
503 108 68 517 68 189 68 258 68 651 123
49 68 158 68 405 36 149 68 607 158 68 189 85 331 152
231 240
503 85
599 389 158 237 558
607 68 36 149 68 43 158 68 153 108 68 321 569
220 211 222 67
43 86 163 68 258 189 68 70 158 68 397 68 405 68 158 334 189
569 68 136 158 189 108 68 359 532 68 569 68 514 199 68 158 108 149
79 565 569 68 417 68 651 85 68 447 158 85
43 86 163 68 16 158 247 68 569 68 241 68 543 389 158 405 108 68 241 68 569 68 36 149 68 430 108 68 36 149 68
64 211 390 68 16 158 543 68 158 189 68 479 189 550 501 68 85 379 85 359
189 68 426 86 108 68 51 108 68 447 430 68 339 68 607 569 68 133 82
405 607 155
201 258 68 153 108 68 321 247 68 405 65 189
54 86 199 149
201 258 607 68 607 158 359 347 158 118 68 76 85 241
430 51 108
97 68 390 68 569 68 321 27 68 189 241 68 5 406 158 85 299
213 51 86 68 152 51 487
201 258 68 197 108 68 19 85 68 189 68 611 189
261 86 68 43 158 68 390 68 569 68 4 85
347 158
565 85 68 85 68 321 27
261 158 170 152
527 68 153 108 68 97 68 97 68 390
261 86 68 43 158 68 390 68 569 68 642 211
611 299 68 136 479
607 170 68 43 155 68 158 155 68 158
550 501 68 651
640 149 405
189 68 170 152 68 36 149 68 266 149 68 36 359 68 405 152 68 397 68 426 86
5 343 339
517 194 68 189 68 642
657 149
517 68 87 68 577 68 607 158 68 136 158 213
5 211 471 389 189
258 189 643 359 68 565
517 194 149 68 43 158 68 459 405 108 68 321 189 68 503 189 68 87 449
189 68 43 158 68 158 68 261 86 68 607 170 68 543 51 430
189 68 5 68 607 158 68 201 258 136 158 152
189 68 517 359 68 153 108 68 36 149 68 64 211 390 68 258 149 68 426 158 240
5 211 359
201 258 607 158 189 347 158 194 514 240 68 607 158 68 517
503 85 68 607 86 68 189 68 406 501 68 189
390 68 354 68 258 68 158 405 68 155 211 213
87 68 81 68 397 68 197 86 68 569 68 213 211 158 189 570 211
569 68 426 158 149 517 68 390 68 472 359
241 85 359
607 68 189 68 261 158 543 68 397 68 4 152 68 569 68 258 551
97 68 170 643 85
241 85 68 552 85 68 397 68 347 189 68 569 68 158 108 389 570 389 158 108
189 68 651 123 68 135 68 390 68 550 501
261 86 68 390 68 36 85 68 153 189
158 240 85 471
43 155
4 199 570 49
283 68 79 487 149 68 158 108 68 158 108 68 241 68 426 155
189 68 87 189 68 430 108 149 258 68 258 359
153 68 347 158 607 50 68 397 68 552 85 68 153 108 68 153 108 258
155 301 359 51 438
86 149 68 593 149 68 347 501 68 397 68 158 359
550 517
4 199 108
283
241 359
607 170 68 397 68 494
258 474 68 642 68 642 68 642
189 68 261 158 68 607 158 68 517 85 68 479 170 299
5 108 68 115 158 64 93
231 240
136 158 152 68 607 149
153 68 514 543 68 158 68 607 158 68 607 158 68 640 68 607 158 68 321 563 158
494 68 607 170
197 145
97 68 550 501 68 136 158 543 149 68 19 85 68 5 189 68 444
54 86 68 59 67 222 149 290 299
189 68 261 158 68 607 158 68 85 152 51 68 253
503 85 68 390 68 569 68 4 85 359
4 149 258 390
201 258 68 197 108 68 189 68 517 189 68 79 158 189 68 4 85 359 258
517 194 199
240 85 354
350 85 68 133
64 211 390 68 211 543 68 607 158 68 158 654 68 19 85 68 158 359 68 43 155 211 68 406 155
134 222 85
261 86 68 43 158
611 570 389 158 222 149 389 158 118 68 241 68 170 108 68 569 68 611 152
204 152 68 617 149
36 108 68 222 155 68 581
611 152 68 64 211 390
43 86 163 68 93 211 189 68 651 149
231 51 86 68 651 123 68 36 149 68 36 149 68 258 68 290
54 86 68 405 85 68 261 158 543 68 607 158 68 389 479 68 5
397 149 68 79 523 371 158 199
189 68 211 607 50 68 397 68 503 158 68 170 449
611 299 551
642 211 189 570 211 108 68 115 479
552 85 359
64 211 390 68 258 189 68 607 68 569 68 550 158 108 68 241 68 241 85 189 451 85
261 158 543 68 347 158
189 68 87 359 68 36 149 68 397 68 501 85 365 430 68 97 68 189 68 525 68 638 211 68 472 420
64 211 390 68 231 240 68 158
64 550 158 85 68 4 563 158 222
197 158 321 189 68 339 68 569 68 280 79 222 211 251
201 258 68 607 155 194 68 397 68 4 43 430
321 85 5
330 449 68 189 68 240 51 86
344 517
189 642
261 86 68 43 158
45 108
189 68 261 158 68 607 158 68 197 222 517
211 543
49 68 158 68 405 36 149
86 149 68 593 149 68 347 501 68 397 68 99 68 283 68 158 19 68 158 189
36 149 68 607 359 68 211 607 158 68 607 158 68 19 85
390 68 651 123 68 426 155 68 76 517
607 50 68 389 501 68 397 68 258 189 68 651 85 68 501 68 642 68 642 68 330 570 211 68 5
201 258 68 197 607 158 68 501 85 189 149 258 390
321 68 36 108 68 607 158 68 54 86 199 359
397 415 543 149 258
514 85 359
97 68 273 68 197 86 68 240 152 68 189 68 611 189
426 86 68 643 68 607 158 68 430 563 158 222 68 4 116 550 158 108
330 5 517 118
607 50
189 68 261 158 543 149 550 213 194 149
261 86 68 43 158 68 158 108 68 36 149 68 354 68 321 290 68 201 240 68 607 158 68 241 68 158 334
261 86 68 124 68 197 86 68 97 68 405 108
261 86 68 43 158
261 86 68 43 158 68 390 68 97 68 569 108
283 68 611 86 108 68 607 50 68 331 149 68 196
607 50 68 389 501 68 397 68 79 359 68 70 189 68 173
189 241 430 213
153 108 68 97 68 390
149 532 85 299
97 68 430 68 359 258 390 85
517 68 189 68 149 68 607 158 68 170 108 68 253 68 642 149 389 85
189 68 607 158 68 158 189 570 389 570
569 68 65 155 49 68 390 68 607 50 68 640 68 321 189 85
197 543 389 158 189 108
503 189 68 607 158 68 503 85 68 607 50 68 87 68 158 189 108
389 189 68 261 149
330 258 68 36 108 68 158 108 68 430
503 189 68 607 86 68 153 68 397 68 397 68 5 68 417
97 68 273 68 5 471 438 149
87 359 68 5 68 527 68 426 158 85 68 569 68 550 158 68 640 68 569 68 64 389 430
607 158 68 550 501 68 397 68 4 108 68 5 108 68 201 240 68 189 68 550 339 68 158 654
651 85 79 199
607 170
4 85 222
135 68 87 89 359
283 68 607 50 68 36 149 68 397 68 472 420
43 86 163 68 81 68 321 85 68 642 68 430 68 569 68 611 152 68 5 68 569 68 370 68 640 68 569 68 569 68 240 211 70 158 152 51 569 68 359 207
607 158 68 189 149 222 149
569 68 447 430 68 158 108 68 241 551
162 68 607 68 550 430
569 68 405 237 213 68 197 86 68 550 501 68 36 108
54 86 68 359 334 189 85 359 68 607 158 261 86
87 359 68 607 50 68 36 149 68 607 158 108 68 36 85 68 246 204 458 551
321 4 85 359 435 85 359
5 149
65 86 68 359 43 152
170 569 68 607 158 68 607 158 68 76 85 189 4 189
611 569
36 108 68 197 68 197 86 68 189 532
507 449 68 218
19 85 68 321 189 68 158 68 4 108 68 5 225
397 68 607 158 68 390 68 158 64 51 86 68 505
43 86 163 68 81 68 5 108 68 136 126
194 543
5 68 189 68 430 36 149 68 607 158 68 19 299
261 86 68 43 158 68 5 390 68 97 68 438 359 68 607 155 68 155
253 68 346 152
201 258 68 197 108 68 569 68 64 389 339 68 390 68 343 189 199 68 405 237
87 359 68 5 68 617 149 68 158 108 68 189
