258 189 68 236 68 330 199 48
261 86 68 5 68 331 108 68 45 108 68 36 149
258 108 68 135 68 577 68 611 152 68 611 152 68 397
158 64 93
261 86 68 43 158 68 390 68 569 68 4 85
359 16 569 108
4 189 85
406 211 565
5 543 389 158 199
503 108 68 158 108 68 569 68 426 155 643 359
196 68 390 68 19 85 68 397 68 258 108 68 607 158 108
196 68 331 68 640 68 514 240 68 390 68 5 68 365 430 199 68 339 68 517 189
211 425 149 68 246 68 87 68 552 65 189
204 152 68 36 149 68 241 85 68 36 108 68 346
517 237 349 68 158 479 149 264 117 359
517 194 68 261 158 543 68 197 86 68 344 158 68 153 189 643
5 68 36 149 68 258 68 331 108 68 607 68 550 430 68 321 290
211 543
5 189 68 346 211
525 551 149
517 194 359 68 479 79 359 68 651
564 299
330 550 158 359
283
261 86 68 51 570
158 152 68 189 68 531 339 68 331 149
153 108 68 97 68 390
261 86 68 43 158 68 5 68 527 149 68 261 158 543 607 339
189 68 241 158 487 68 135 68 405 108 68 19 108
343 543 85 299
283 68 611 51 86 68 5 68 331 149 68 87 189 551
261 86 68 51 570 68 261 158 543 68 331 149 68 607 158 68 362 222 4 623
189 68 550 501 68 397 68 517 211 346 68 5 189 149 550 158 611 189 149
355
197 85 359
54 86 68 405 85 68 261 158 68 607 158 68 389 479 68 5 85
607 86 68 550 501 68 397 68 4 85 68 607 86 68 334 68 607 68 189 559 435 334 68 158 155 643
261 86 68 607 487 68 97 68 45 108 359
97 68 273 68 5 155 194 149 197 86
196 68 331 68 640 68 136 158 213 68 86 163 68 527 68 550 501
189 68 5 189 68 550 86 68 261 86 68 397 68 657 241
189 68 4 108 68 607 158 68 280 68 321 247 85 68 158 4 189 68 4 189 222
189 68 5 189 68 491 487
261 158 170 152
495 68 5 68 189 68 611 136 479 68 201 240 211 85 68 430 68 607 158 68 64 211 68 283 68 569 68 153 189 68 153 189 149 258
189 68 253 68 36 149 68 569 68 490 68 640 68 343 85 252 199 68 354 68 330 85
283 68 36 108 68 295 108 68 136 68 359
153
390 68 569 68 447 158 517 68 189 550 86 149 68 394 68 246 68 204 569 48
283 68 158 108 68 569 449 68 261 339
321 68 19 136 430 68 87 449 68 237 149 68 87 108 68 211 222
426 136 158 240
211 430
258 532 359
346 565 149 258
19 108 68 197 158 68 218 68 189 68 331 68 197 517 68 197 86 68 43 158 68 331 68 97 68 241 68 158 48 68 153 189
189 68 213 211 517
346 211 68 5 189
657 68 153 68 346 211 390 68 550 430 68 550 430 359 68 246
565
196 68 347 158 68 5 390 68 569 68 76 85 552 85 359 68 211 543 68 241 85 68 36 85 152
261 339 282 258 85
5 68 527 149 68 261 158 543 68 258 64 68 241 85 68 540
494 68 189 331 149
607 158 408 189
36 149 68 211 68 607 158 68 459 240 68 607 158 189 68 430 241 68 19 85 68 241 68 19 85
189 68 211 607 50 68 397 68 295 149 68 133 68 79 158 189
152 550 86
87 68 197 86 68 76 517 68 246 68 76 85 68 183 430 68 405 241 85 68 87 108 68 211 543
76 240 415 68 64 51 108
189 68 503 158 108 68 607 158 68 70 158 68 115 158 209
192 149
189 68 394 68 550 430 149 258
503 108 68 158 108 68 36 149 68 54 349
330 4 189 643
76 85 68 611 430
189 599 389 199 359
517 194 68 76 85 68 53 85 68 97
51 82 68 611 68 253 68 607 50 68 321 189 68 569 68 158 397 85
189 241 85 359 191 359
330 611 189 330 359
153 108 68 97 68 390
76 85 415
189 68 5 189 68 577 68 569 68 538 339 68 43 158 68 43 158
629 68 550 339
149 397
97 68 517 258 4 108 68 204 68 321 569 108 68 611 79 158 347 158 118
51 86 68 607 158 68 651 123 68 640 68 43 158 68 321 189 68 321 189 68 640 68 43 158 68 36 85 68 552 85 68 552 85
189 68 87 189 68 501 85 517 85 611 189 68 97 68 241 85 68 158 189 569 108 68 79 86 149 438 359
657 334 222 405 397 189
189 68 517 442 68 5 108 68 266 158 149 258 149 258 68 189 330 68 189 330 266
170 86
321 68 334 68 87 449 68 426 430 68 321 189 68 19 85 359
266 569
97 68 258 68 76 85 359 68 347 158 68 153 108 68 153 108 68 397
189 68 99 68 359 191 68 405 68 607 158 68 405
158 449 68 517 85 68 201 258 68 236 189
607 158 68 64 211 189 108 68 397 68 54 86 68 397 68 211 152 68 36 85 68 70 158
5 189 68 405 108 68 97
189 68 394 359 68 389 158 152 68 189 68 426 339 68 397 68 5 343 158
189 68 87 189 68 136 158 213 108
87 93 93 211 189
170 415 68 607 158 68 607 158 68 76 85 222 85 347 189
204 68 36 149 68 527 220 68 54 86 68 76 85 359 68 70 189
503 85 68 197 86 149 68 189 68 525 551 569 68 517 85
261 86 68 5 68 527 149 68 389 501 68 569 68 5 247
24 204 359
405 237 552 359
197 85 152
261 158 543 68 397 68 5
273 261 158
194 405 108
192 211
158 108 68 19 108 68 607 158 85 68 607 569 85 68 64 211 591 68 54 86 68 201 240 299 68 426 339 551 68 607
153
189 68 158 339 68 447 158 189 643
397 68 343 158 517 68 406 158 430 68 64 211 430
153 68 347 158 189 68 397 68 552 85 19 85 68 261 155 68 261 430 68 276 258
189 68 261 158 543 68 197 158 68 330 64 211 390 68 495 68 81 68 569 68 426 158 68 5 211 258 390
321 68 87 449
611 79 602
5 68 527 68 152 51 86 68 15 189 68 426 339 551
4
76 85 359
189 68 629 68 189
136 430 359 68 97
514 258
158 152 68 165 68 136 430 68 197 86 68 426 617
64 211 258 68 5 189
5 108 611 565
43 86 68 5 189 406 158 189
261 158 543 68 347 158
330 189 68 607 149
611 237
43 86 68 194 149 68 16 158 68 158 68 569 68 241 68 569 68 389 19 108 68 321 240 68 527 68 607 158 406 211 591 19 108 68 189 241 430 108 68 611 189 241 68 36 149 68 43 158 334 199 68 43 158 334 108 68 43 158 334 108 68 593 108 68 43 158 108 68 43 158 108 68 607 479 68 43 158 68 36 149 68 36 149 68 551 68 611 189 68 43 158 68 629 68 629 68 570 211
189 68 261 158 543 68 135 68 426 569
651 123 108 68 390 68 390 68 201 240
189 264 550 158 222 241 194 68 158 607 155
153 449 68 51 570 68 347 158 68 51 86 68 258
189 68 426 86 68 51 86 108 68 447 158 438 68 339 68 638 65 48 68 258 390
503 85
607 158 68 197 85 68 189 68 201 258 136 479 149 211 251 149
189 68 124 68 334 68 236 405 189 68 607 158 189 68 158 245 472 189
611 4
196 68 347 158 118 68 158 108 68 261 158 247 68 607 158 68 196 406 569
495 68 79 158 189 68 651 123 68 76 346 85
189 68 550 501 68 397 68 266 19 163 68 638 550
494 68 158 108 569
158 449 68 189 68 197 86
607
611 85
397 68 258 623 68 64 211 430
189 68 5 189 68 261 158 543 68 189 51 86 68 5 189 68 237 108 68 237 108 68 241 405 108 68 158 189 85
321 152
390 68 569 85 68 503 158 240 68 231 240 68 339 68 607 158 68 280
158 36 68 642 158 68 430 189 68 405 189 68 346 211 68 93 211 189 68 330 359
607 158 68 607 155 211 85 16 479 68 397 68 4 438
135 68 258 68 36 149 68 607 158
611 258 68 397 68 155 68 405 261
651 85 79 199
189 68 5 4 240 68 607 149 68 640 68 426 86
87 438
447 189 458
331 487
36 330 607
5 68 36 149 68 479 68 136 158 25 68 406 158 67 68 517 85 347 158 489
657 68 569 68 211 359
261 86 68 43 158 68 5 390 68 97 68 438 359 68 607 155
607 158 569 108 68 211 189
503 189 68 517 194 68 189 68 417 68 45 27
86 149 532 68 36 149 68 550 501 68 36 211 607 68 321 189 68 564 299 68 241 68 5
97 68 527 68 189 68 194 543
197 85 152
531 85 68 45 4 85 68 201
261 405 607 390
189 68 5 68 607 158 68 246 136 158 152
97
87 108 68 211 359 68 153 85 68 45 108 68 149 68 64 211 430
87 449
4 4 240 85
261 86 68 607 68 331 86 68 550 86 68 569 68 236 359
258 611 189 68 231 240
136 501
344 405 68 426 86
189 68 5 189 68 158 189 68 397 68 550 501 68 36 149 68 607 158 85
79 426
430 261 158 85
197 86 68 189 68 397 68 538 430 85
189 68 389 501 68 97 68 134 359 68 607 158 68 417 68 501 85 4 189 643 68 241 68 43 158 68 343 85 68 531 158 240 359 68 503 189 68 339 68 153 189 68 153 189 68 136 479 68 531 299 68 531 299 68 343 158 240 299 68 405 68 343 543 68 531 299 68 343 543 68 343 85 68 136 479 68 405 68 531 299 68 531 149 68 531 299 68 543 68 531 158 68 343 543 68 531 158 189
5 68 189 68 211 68 607 158 68 24 334 359 189 68 241 68 43 86 163 343 189
36 149 68 397
552 85 19 155 301 68 153 48
261 86 68 569 68 503 339 415 211 85 68 397 330 85 86
347 158
211 290
569 68 241 359 68 640 68 507 449 68 231
51 189 68 197 158
607 5 68 389 501 68 397 68 426 339 68 321 569 68 569 68 347 85 517
569 68 321 247 390
137 158 68 640 68 346
189 68 321 247 68 97 68 550 430 359 68 550 339
87 68 607 359 68 261 158 543 68 5 108 68 390 68 607 68 295 149 49 551
43 86 149 532 68 189 68 261 158 108 68 397 85 68 136 126
51 487
59 199 149 68 5 155
642 405 108
135 68 16 158 543 68 36 149 68 607 158 68 5 531 158 438
607 158 68 607 149
283 68 19 189 68 246 68 241 85 68 152 550 86 68 36 85 152
261 86 68 607 68 189 68 158 64 191
283 68 5 189 569 68 390 68 607 50 68 397 189 85
503 85 68 390 68 569 68 124 68 607 158 189 68 182 149
472 68 390
64 211 258 68 16 158 68 607 158 68 607 158 68 479 189 507 472 85 379 85 359
607 158 68 54 349 570 68 607 68 569 68 426 158 68 5 189 68 211 359
170 299 240
503 189 68 253 68 97 68 405 408 189
153 108
245 258 438
390 68 354 68 211 5 68 397 68 405 68 5 108 68 517 211 189 550 86
45 68 607 158 68 153 108 68 241 85 68 334 68 158 607 155
607 158 68 258 222 237 54 86 68 339 68 607 158 68 231
503 158 108 68 517 194 68 189 68 417 68 607 158 68 241 199
607 158 569 108 68 550 339
36 149 68 5 189 68 211 607 158 68 577 68 19 85
517 194 68 189 68 247 85 68 212 86 108 68 607 158 68 636 51 189 68 517 194
189 68 197 86
170 152
607 158 68 330 108
212 563 158 189 532
51 85 189
397 415 405 108 246
64 211 258 68 16 158 68 569 68 5 222
438
87 68 126 68 158 108 68 183 158 359 68 339 68 447 158
389 501 68 651
607 158 68 607 158 68 158 299 570 550
607 158 68 51 359 68 394 194 68 197 86 68 607 50 68 397 68 397 68 5 85
97 68 405 189 68 629
36 108 68 397 68 347 501 68 189
599 389 241 68 550 158 405 108
517 194 68 611 189 347 158 149 68 569 68 359 48 68 347 158 551
189 68 261 158 68 430 64 389 158 299 68 550 158 359 68 79
87 85 379
617 68 196
196 68 331 68 640 68 162 68 640 68 5 68 527 68 550 501
64 211 258 68 397 68 276 359 68 36 149 68 5 68 550 158 68 246 68 104 471 68 5
87 222 85
5 19
390 68 19 85 68 607 158 68 5 4 85 222 68 258 299 68 211 85 359 550 158 85
501 85 406 430 68 158
607 158 68 607 438 359 68 99 68 607 397 68 607 158 85
197 86
321
657 68 87 68 607 86
197 85 359
189 68 607 158 390 68 222 476 68 607 158 68 426 86 85 68 405 241 68 54 86 68 397 68 405
189 68 261 158 68 607 158 68 64 442 68 347 85
5 108 68 180 282 93
426 155 643
9
657 334 222 405 397 189 68 189 241 371 158 222
607 158 68 607 158 68 76 611 152 68 339 85
189 611 65 108
36 149 68 5 189 68 211 189 68 192 68 607 149 68 569 68 640 68 19 85 68 640 68 517 85
241 211 68 149 158 405 108
87 108 68 64 191 68 162 68 5
240 85 354
346 211 390
211 68 5 108
514 240 359
405 408 189
611 85 359
4 406 155 68 5 189 426 430
611 514 85 299 19 299 565 68 638 68 321 569 108 68 611 199 68 640 68 607 158 514 199
346 68 241 68 241
397 68 54 86 68 64 211 258
495
196 68 331 108 68 607 158 5 108 258 390
196 68 158 108 68 36 149 68 197 108 68 197 654 68 59 158 199 19 199
261 86 68 43 158 68 390 68 569 68 430 237 108 68 447 158 438 359
607 5 68 389 501 68 397 68 276 359 68 276 359 68 4 189 211 189 68 651 123 68 406 158 68 569 68 389 158 68 638
503 189 68 517 68 189 68 76 346 68 97 68 288
189 68 550 501 68 197 158 68 189 241 199 65 189 68 607 158 397 68 266 149 68 354 68 611 74
196 68 569 68 5 68 339 68 397 189 5 85
347 4 108
158 85 68 158 48 68 183 189 108 68 183 349
503 85
197 149 343 247 85 68 197 86
43 86 149 532 68 189 68 261 158 108 68 397 85 68 136 126
390 68 651 123 68 321 155 301 359 68 222 551
276 85 607
390 68 19 85 68 607 158 85 68 158 261 86 85 347 158 299 68 237 68 405 68 347 501 68 538 158 108 68 569 68 525
607 5 68 389 501 68 397 68 550 501 68 607 158 68 657 523 405 397 189
405 240
5 68 527 149 68 241 266 158 68 153 155 49 68 189 430 108 517
45 108 68 149
4 334
170 108 68 51 570 158 108
517 194 68 117 68 607 158 68 503 158 68 59 67 68 446 551
194 543
517 36 86
611 189 4 68 331 108 68 189 503 189 359
76 85
189 68 87 189 68 397 68 70 339
158 517 68 135 68 321 247 85
231 240
189 68 261 86 68 4 406 155 299 213 68 51 82
189 68 651 123 68 638 68 135 68 550 501
49 68 5 68 417 68 527 149 68 607 158 68 189 85 189 152
283 68 347 158
5 68 189 68 532 359 68 503 339 68 222 189 550 349 68 397
189 68 153 85 5 68 397 189 68 569 68 503 158 415 211 85
189 68 261 158 68 607 158 68 213 13 347 85
135 68 548 68 36 149 68 397 68 19 108 68 430 68 241 68 430 68 569 68 346 211 68 390 68 290 657 68 640
79 359 426
158 152 68 189 68 231 240 68 331 149
43 86 149 68 36 149 68 59 4 339 68 569 68 158 189 68 241 68 79 359
5 415
425 499 222
64 211 258 68 13 299 68 397 68 569 68 16 158 359
54 86 68 397 68 550 158 108 68 19 85
4 152 258
651
189 68 430 68 258
204 68 36 149 68 189 68 158 108 68 158 447 158 85 359 68 97
569 68 222 68 136 158 68 359 532 68 569 68 636 68 158 108 569
321 27 68 170 237 330 85
5 189 68 85 149
527 68 152 51 86 68 283 68 189 68 607
397 68 54 86
170 299 240
261 86 68 607 86
19 108 68 390 68 51 487 359 68 640 68 642 158 68 607 68 569 68 122 152
495
189 550 487 108
321 247 85
189
79 158 240 565 85
485 479
611 74
657 68 5 68 527 68 261 158 543 68 197 86 68 189 108
394 51 86 68 283 68 642 158
212 86 85
5 339
390 68 651 123 68 426 430 108 68 76 346 359
283 68 347 158 68 5 68 99 68 577 68 19 489 68 288
344 339
189 68 611 189
503 85 68 158 108 68 36 149 68 54 86 68 397 68 197 339
246
261 86 68 390 68 36 85 68 153 155 415
189 68 261 158 189 68 158 406 472 189 68 321 189 68 569 68 273
19 85 68 330 430
51 68 189 68 5 189
204 152 68 36 149
617 68 5 68 527 68 490 359
45 68 430 68 104 85 68 261 86 68 158 108 68 36 149 68 394 194 108
261 86 68 51 570 68 5 390 68 97 68 136 158 85 68 548
51 86 68 87 108 68 394 191 68 258 4
503 108 68 390 68 569 68 87 347 85 68 241 19 189
517 194 68 295 4 85 68 158 108 68 136 158 85 68 397 68 5 108 258
189 68 5 189
189 68 261 158 247
5 68 527 68 261 158 68 607 158 68 64 550 339 68 397 68 211 152 68 36 550 339 68 108 68 15 359
51 86 68 97 68 273 68 212 85 321 189
97 68 64 51 489
283 68 241 68 532 108
189 266 85 406
657 68 153
5 68 527 149 68 261 86 85 68 19 85 68 5 189 524 158 108 68 397 68 70 158 48
197 86 68 283 68 607 158 68 339 68 276
607 158 68 51 359 68 15 237
657 68 189 68 389 501 68 87 299 85 611 108 68 4 189 211 189
261 86 68 137 430
607 155 68 85 343 339 68 611 158 68 426 158 68 115 158 108 68 153 108
355 68 49 68 5 68 222 85
19 108
162 68 640
503 85 68 390 68 569 68 189 551 211 517 68 397 68 569 68 552 85
261 86 68 527 68 5 108 68 189 16 430 397
517 194 68 517 85 152 68 97 68 321 189 68 266 158 204
194 543
503 85 68 390 68 569 68 394 51 86 68 283 68 446 68 642 211
51 346 68 346
517 204 474
246 68 283 68 189 68 87 359 532
211 145
19 85 607 158 359
201 240 68 36 149 68 211 543 68 331 158 108 68 550 158 68 135 68 599 68 70 158 68 397 68 43 158 68 550 339 68 503 158 449
158 389 569 517
261 86 68 43 158 68 390 68 97 68 607 158 68 550 339
330 197 158 25
494 68 390 68 189 507 149 258
222 4 240 189 68 104
170
64 211 258 68 611 189 222 517 359 68 569 68 648 211 235 68 430 85 68 51 86
503 189 68 607 158 68 36 149 68 321 290
97 68 5 189
246 189 302 68 517 194 222 85
261 86 68 43 158 68 390 68 569 68 4 108 68 241 85 68 43 532 349
153 68 583 68 447 189 643 426 339 68 45 258 189 68 514 189 426 158 189
607 158 108 68 417 68 501 85 406 430
607 158 68 197 85 68 19 85 68 189 68 611 189
149 550 158 405 108
211 158 5 189 68 479 65 108
197 86 68 79 86
405 237 4 430 359
5 68 527 149 68 261 158 85 68 607 158 68 417
501 85 517 189 570 68 266 86 415
4 85 237 68 426 158 517
189 68 261 158 68 607 158 68 430 347 85
64 211 258 68 642 68 149 68 527 68 36 108 68 64 51 438
390 68 19 85 68 607 158 68 258 406 155 68 607 158 565 68 189 426 430 68 64 211 108 68 189 397 189 211 48 359 211 251 211 474 85 68 565 359
657 68 607 155 68 657 359 642 158 108 68 430 68 158 108 68 640 68 517 85
651 123 68 607 158 68 258 85 359
321 68 36 149
261 86 68 43 158 68 390 68 607 158 68 51 346 68 346
405 149 345 334 68 607 158
5 68 527 149 68 5 68 189 68 201 258 321 563 158 68 153 108
283 68 501 85 4 85 189 68 640 68 36 149 68 81
290 213 211
201 258 68 532 178 68 241 85 68 79 158 426 189 68 158 389 158 199
479 245 499 189 68 59 290 85 359
36 108 68 136 155
607 158 68 158 189 68 640 68 503 85 152 68 170 152
64 211 258 68 149 435 334 68 640 68 36 108 68 346 68 241 68 173
283 68 390 68 569 68 158 638 68 548 68 189 149 550 158 108 68 607
321 68 87 449
569 68 552 68 390 68 346 211 108
19 108 68 390 68 51 68 321 189 68 266 158 359 68 550 158 68 153 108
569 68 389 339 162 85 68 607 86 68 390 68 70 339
405 237 4 430 359
258 108 68 577 68 607
447 158 247 68 330 85 68 135
258 183 158 118
607 5 68 389 501 68 397 68 189 241 258 359 68 607 158 68 261 86 163 343 85
87 85 532
115 479 68 189 68 261 86 68 550 449 68 657 299 85
330 430 70 158
31 108 68 36 330 189 68 390 68 531 85 68 607 50
657 68 261 86 68 5 68 189 68 231 240 68 36 149
390 68 651 123 68 339 68 607 155 211 213
321 68 569 68 136 155
153 108 68 97 68 390
258 4 85 581
213 51 86 68 152 51 86
321 563 158 85
331 149 68 494 68 36 149
51 570 68 347 158 68 550 68 258
301 85 359 68 517 85
153 108 68 97 68 390
189 68 651 123 68 133 68 565 569 68 189 397 68 97
390 68 158 189 36 211 315 499 49 68 569 68 189 347 158 189
657
524 189 54 86
241 85 68 93 389 189
5 68 527 149 68 321 290 85 68 246 68 321 189 68 517 85 68 137 430
258 290
153 68 273 68 607 158 405 68 170 449 68 607 158 68 152 389 240
543 149 258 68 258 359
5 68 189 68 261 158 543 68 397 68 490 241 581 211
343 543 68 611 158 68 397 68 59 479 68 136 479 68 347 211 299 211
189 68 261 158 68 607 158 68 97 68 640 68 607 158 68 347 85
204 152 68 36 149 68 241 85 68 43 158 68 189 570
4 349 299 213
640 68 36 149 68 5 68 189 68 577 68 607 158 68 460 68 640 68 354 551
76 85 359
607 59 430
550 514 199
430 64 359
490 68 599 108 258 390
196 68 569 68 517 19 149 258 68 640 68 569 68 447 158 85
158 543 51 64 51 27
135 68 5 543 68 397 68 569 68 301 85 359 68 397 4 628
517 359 191 359
189 569 108 68 280 390
569 68 408 189
517 204 359 68 517 204
76 85 68 390 569 438 359 68 258 430 241
593
5 68 331 149 68 136 339 68 54 86 68 197 158 87 108 68 155 108 68 607 155
276 85 607
550 514 199
460
258 189 68 5 68 607 158 68 158 471
5 68 527 149 68 607 158 543 68 607 158 290 68 158 290 222 68 397 85 321 85 86
642 149 532 68 354 551
617 68 611 158 68 266 158 68 197 86
212 85
36 149 68 517 68 611 258 68 607 158 68 607 158 68 321 189 68 70 158 108 68 355 543 415 211 68 638
158 152 68 54 86 390
347 158
503 189 68 158 189 68 503 158 108 68 5 68 87 68 607 158 68 339
397 68 347 501 438 359
19 108 68 552 85 68 378 85 189 406 158 266 158 68 321 240 68 334 543 68 4 85 347 501 68 430 68 569 68 87 152
24 334 438 85 241
362 68 158 68 158 204 222 68 43 158 68 550 569
390 68 19 85 68 607 158 68 258 64 211 108 68 636 68 258 347 189 68 158 118 68 607 339 211 85
4 85
283 68 343 158 517 68 64 211 430
76 85 359
517 194 68 222 85 68 651 123 68 607 339
36 149 68 517 359 68 246 68 97 68 405 149 258 68 97 68 638 68 569 68 321 27 108
283 68 550 158 405 108
189 68 5 189
599 68 70 158 68 397 68 503 339 68 607 158 68 607 158
189 68 426 86 68 158 449 85 252 199
611 189 68 189 426 86
527 68 261 158 543 68 5 189 550 86 51 438
345 334
569 68 5 155 68 390 68 611 442
137 501 68 149 68 97 68 638 68 321 247 85
241 85 68 569 108 68 5 225 68 261 86 68 43 158 68 189 43 487 68 97 68 607 158 68 5 108
189 68 87 189 68 397 68 59 290 85 359 68 607 158 68 569 68 321 27
283 68 241 68 565 569 68 189 68 134 85 343 189 199
261 86 68 137 430
5 68 36 149 68 189 108 68 330 189 550 349
359 170 299 85 68 552 85 359
569 68 550 158 189 68 390 68 531 295 334
642 158
290
447 158 68 343 339
97 68 170
607 158 451 359
266 155
283 68 347 158
517 194 68 99 68 577 68 5 68 246 204 68 611 189 68 611 189
36 149 68 211 5 68 339 68 517 85 359 68 517 85 299 68 390 68 343 189 68 569 68 51 570 211
197 85 152
149 532 85 258 118
657
261 85 359
258 505 68 389 339
517 194 68 527 68 79 158 565 68 97 68 607 158 85 68 70 517 85
97 68 273 68 158 68 64 211 108
36 149 68 517 359 68 266 158 149 68 158 163 189 68 170 149 68 607 158 68 24 334 299
240 85 354
344 158 108 261 86 68 390
503 85
76 290 299 415
211 581
503 189
158 4 240 222 68 607 158 68 5 415
5 189
64 211 258 68 258 189 68 607 158 68 552 85 359 68 654
273 68 97 68 607 347 211 85 565 359
355 611 68 197 86 68 607 50 68 397 68 258 149
5 68 527 149 68 607 158 68 607 158 68 36 85 654
397 158 449 68 390 68 158 447 155 68 241 68 638 68 5 108
501 85 517 384 108 68 86 68 397 550 430 68 64 211 258
503 189 68 87 543 68 5 406 158 245
426 158 247 68 158 517 253 149
5 189 68 331 152 68 569 68 258 359 68 64 211 258
301 85 359 68 517 85
201
189 68 426 85 359
531 199 299
189 68 550 501 68 607 158 68 240 13 261 86 68 607 50 258
158 152 158 517
64 211 258 68 538 430 68 36 108 68 153 189 68 201 240 68 527 68 607 158 68 81 68 607 158 68 70 189
197 86 152
607 155 68 611 189 68 611 299 85 359
517 194 68 577 68 607 158 68 517 85 68 137 430
115 479
347 85 68 640
611 189
599 389 241 68 550 158 405 108
472 68 390
607 158 68 197 108 68 85 152 149 68 189 68 5 189
261 86 68 51 570
261 86 68 607 50 68 390 68 153 189
79 155 108
212 86 85
569 68 189 43 397 85 68 65 86 68 569 68 19 68 189 68 261 158 543 68 397 68 405 68 126 442 211 569 68 170 108 68 253 68 170 643 334
158 85 347 158 346 68 189 258 189 258 189 211 189
531 339
517 569 68 36 149 68 640 68 607 158 68 389 158 251 68 276 85 68 153 108
330 611 189
651 123 68 638 68 241 194 149 550 158 108 68 607 158 68 211 108
517 85 299 221 343 85
5 68 527 149 68 261 158 68 642 158 68 241 108 68 276 85 68 607 158
19 349 359
5 68 189 68 550 86 68 397 68 350 68 607 158 68 189 241 430 68 43 158 68 59 67 343 189
503 189
189 569 108 68 347 158 118
86 149 532 68 36 86 68 5 68 569 68 213 149 68 135 569 68 321 189
70 158 108
517 359 191 359
607 158 85 68 189 68 430 68 36 149 68 607 158 68 70 189
331 149 68 517 68 5 543 68 607 68 607 158 85 347 158 68 569 68 117 68 201 258 68 4 240 222
276 657 68 158 108 68 607 158 108 68 408 158 149 68 640 68 339 551
170 449
97 68 394 13 68 389 501 68 97 68 405 189 68 261 149 85 258 85
514
201 258 68 54 86 68 397 68 347 501 68 189 19 68 189 389 349 531 85 347 158 118 68 189 550 487 359 68 640 68 339 68 390 68 426 397 68 359 389 479
346 68 5 68 607 158 68 563 158 68 36 149 68 389 86 163 68 231 240
87 68 124
261 158 390
397 68 258 623 68 64 211 430
607 158 68 45 4 85 68 189 68 611 279 532 240
158 5 189 65 189 68 390 538 430 438 359
5 339
438
158 13 426 570
607 158 449 79 199
213 550 501
97 68 405 408 258 68 339 68 426 430
5 543 389 158 85 68 162
5 68 331 149 68 651 123 68 577 68 607 68 189 68 552 85 359 68 258 347 85
64 211 258 68 87 68 651
19 108 68 158 108 68 197 86 68 5 189 68 4 220 68 397 87 85
261 86 68 607 68 189 68 339 68 651
231 240
638 68 640 68 97 68 54 654 68 397 68 405 68 241 68 569 68 79 359 51 86 68 76 474
64 149 550 158 68 426 86
197 85 152
258 4 241
4 108 68 657 359 642 211
261 158 170 152
330 68 189 68 189 68 550 86
5 108 68 180 282 93
503 85
550 430 68 5 85
611 158 68 397 68 276 359 68 5
607 155 68 85 343 339 68 70 189 68 204 152 68 295 149
266 149
197 86 68 354
261 86 68 43 158 68 390 68 569 68 158 64 211 406 158 299 68 4 189 68 4
86 163 343 339
503 85 68 390 68 569 68 4 85 359
258 299 68 607 68 642 68 85
64 211 258 68 196 68 49 68 5 68 517 68 211 152
569 68 550 158 405 108 68 390 68 183 339 68 266 149 68 189 68 354 68 237 149 68 397 68 569 68 170 108 68 503 189 108 51 570 211 85 623 68 241
231 240
657 68 87 68 158 108
189 347 85 347 158 251 68 5 104 85
197 85 359 68 87 152
430 87 108
657 334 222 405 397 189
135 68 261 158 543 68 158 189 449 189 108 68 331 149
501 85 517 85 68 330 359
19 85 68 158 189 149 540
607 158 68 197 85 68 189 68 517 85 359 68 79 532 68 4 85 359
607 158 543 68 569 68 472 68 231 240
389 240 359 68 241 85 68 19 68 5 343 85
607 86 68 550 501 68 397 68 258 189 68 651 85 68 501 85 24 68 642 68 330 570 258 551 68 189 330
283 68 438 415 68 5 68 527 68 607 158 149 68 514 149 68 241 430 397 68 43 158
196 68 331 68 640 68 5 68 638 68 5 68 527 68 550 501
611 51 86 189 68 347 158 118
204 152 258 68 189 68 406 85 299 68 5
196 68 347 158 290 85 222 149 68 390 68 97 68 397 68 5 189 85
657 68 397 85 68 97 68 321 189
196 68 607 68 36 149 68 136 501 68 397 68 258 321 189 68 339 68 569 68 180 282 568
569 68 258 204 68 170
97 68 253 68 170
607 158 408 189
9 68 640 68 158 449 68 261 86
189
36 330
397 68 426 155
97 68 54 86 108 68 629 258 68 503 569 108 68 607 149 68 19 108 68 397 87 85
64 211 258 68 548 68 36 108 68 266 158 68 149 532 85 68 569 68 258 155 442
306 153 189 406 158 189
390 68 651 123 68 405 199 68 447 158 551
607 5 68 389 501 68 397 68 211 543 68 43 158 68 252 155 108
569 68 258 611 189 68 231 240 68 430 68 485 430 149 68 531 149
447 189
158 68 550 334 199 68 390 68 201 258 189 426 570
5 189 68 389 158 551
283 68 347 158
196 68 331 108 68 134 359 68 611 152 68 611 189
153 108
137 339 68 607 158 68 607 158 68 64 211 430
5 68 527 149 68 261 158 85 68 607 158 85 517 85 68 43 158
390 189
153 68 170 359 68 19 85 68 87 449 68 607 158 68 283 68 607 158 54 86
261 86 68 158 108 68 36 149 68 5 189 570
283
136 501 68 607 149
611 48
231 51 86 68 261 86 68 5 68 5 68 527 149 68 87 359
640 68 611 48 68 5 68 331 149 68 550 501 68 607 158 68 79 222 211 68 607 158 222
321 189 68 548
390 517 82
19 108
503 108 68 390 68 569 68 76 85 299 68 642 211
189 68 517 442 68 51 570 68 321 189
158 108 68 36 149 68 45 108
158 245 499 189
607 155 253
397 158 321 85 68 158 247 211 199
640 68 611 48 68 135 68 405 68 19 108
261 158 517
390 68 569 68 4 85 158 334 189 68 43 163 68 569 68 189 241 197 86
158 85 68 4 149
607 85 241 85 359
657 68 97 68 397 68 426 339 68 607 158 68 258 85 68 36 149 68 36 149 68 153 152 68 222 476 68 246 68 397 68 569 68 64 211 390 108
189 68 241 99 68 397 68 577 68 97 68 213 68 241 68 569 68 64 211 108
405 108 339
607
258 607 158 68 339 68 459 543
196 68 607 68 36 149 68 136 501 68 397 68 258 321 189 68 339 68 569 68 180 282 568
607 155 68 261 158 543 68 569 68 611 43 339 68 517 68 43 158 68 64 211 258
5 68 527 149 68 261 158 68 607 158 68 79 339 68 170 449 68 59 158 68 657 299
197 86 68 355
569 68 447 158 27 68 158 108 68 241 211
137 339
531 85 359 68 517 85 390
334 68 550 430 68 158 108 68 517 85 4 189
36 149 68 5 543 68 607 158 68 607 158 68 136 479 68 426 155
517 68 189 68 577 68 569 68 258 149 290 85 197 108
51 86 108 68 447 158 438
51 86 68 5 258 237 149 68 97
158 449 68 346 68 153 68 430 68 149 458 68 550 86 68 607 155 68 569 68 347 158
153 108 68 97 68 390 68 97 68 97 68 397 68 213 211 489 68 550 339
514 68 189 426 581 194
321 290
397 68 45 206
503 108 68 390 68 569 68 640 607 158 85 222 211 474 85 68 397 85
503 189 68 189 68 213 51 86 68 253 68 19 108
617 68 339 68 158 189 449 85 68 550 339
569 68 76 346 68 390 68 607 155 68 85 359
97 68 258 68 31 85 299 85 34 68 4 85 359
136 501
97 68 211 67 68 321 189 68 569 68 45 108 68 64 211 108
204 152 68 36 149 68 241 85 68 43 158 68 189 570
197 86 68 607 68 390 68 180 282 359 68 189 68 258 68 258 136 339
231 51 86 68 283 68 517 68 189 68 640 68 241 85 68 36 149 68 397 550 158 85
569 68 65 155 49 68 246 68 321 240 68 607 50 68 640 108
5 68 527 149 51 86 68 607 158 189 36 189 68 389 158 189 68 258 189 68 258 415 359 68 283 551
640 349 68 569 68 5 85
204 152 68 36 149
657 222 70 189 359
196 68 569 68 241 68 173 68 149 550 158 405 108 68 397 68 330 79 158 189 68 406 158 199
189 68 87 189 68 397 68 426 339 85 299 68 43 158 68 252 108
76 85 359
611 158 68 607 68 607 158 152 68 36 149 389 213 68 430 68 339 68 607 158
189 16 569
503 339
472 149
97 68 642 405 108 68 569
45 108 68 149
45 108 68 158 108 68 629 68 494 68 241 85 68 472 420
5 68 527 149 68 261 158 85 68 607 158 85 68 5 189 85
97 68 607 68 241 68 642 359 68 640 68 19 68 283 68 134 415 532
261 86 68 43 158
36 149 68 197 86 68 525 85 359 569 68 97 68 405 189 68 136 68 189
472 158 189 550 158 68 192
87 135 68 607 86 108 68 503 189 68 87 543 68 5
87 569
51 359 68 115 479
261 86 68 158 189 68 192 68 5 68 189 68 261 86 68 397 68 347 501 68 607 158 68 5 108
246 68 54 349 68 397 68 569 68 158 108 68 201 85 241 85 359
607 158 68 197 85 68 87 68 87 68 76 346 149 211 359
397 222 85
345 334
86 149 532 68 36 149 68 607 158 68 158 68 36 85 68 153 108 68 607 158 517 68 246 204
189 68 550 501 68 569 68 241 65 118 68 246 68 490 359
503 189 68 517 194 68 189 68 417 68 426 158 48 68 153 108 258
517 194 68 36 149 68 43 158 68 321 247 68 170 472 85
189 43 158 189 540
49 68 5 68 222 476 68 331 149 68 397 68 569 68 158 189 570 389 189 68 642 211
517 442 68 517
577 68 149
149 68 640
301 85 359 68 258 347 85
115 247 299 397
569 68 531 158 499 211 258 68 657 222 149 68 158 48 68 430 635 108 258 68 569 68 258 551 68 189 68 54 86
149 258 85 68 197 86 68 197 86
507 449 68 231
503 189 68 5 390 68 569 68 525 551 569 68 426 158 543 68 550 158 543
397 68 569 68 218 68 397 68 280 68 64 211 430
54 86 68 397 68 607 158 68 76 346 189
97 415 406
5 189 68 494 68 149
261 86 68 43 158 68 501 85 4 85 68 640 68 36 149 68 45 206
611 158 68 607
43 158 199
517 194 68 577 68 607 158 68 59 479 68 201 240 359
283 68 5 68 331 149 68 5 108 68 607
569 68 222 68 390 68 611 189 451
607 158 68 405 108 565 68 158 449 68 347 415
158 108 68 36 149 68 170 449 68 197 86 199
82 152 359
607 158 68 5 569 108 68 158 389 248 194
577 68 611 258 85 68 359 16 569 108
261 86 68 438 261 86 68 362 68 5 68 5 225
76 299 570 550 158
252 155
517 194 68 577 68 607 158 68 4 406 155 68 430 607 158 74
258 189
189 68 517 359 68 258 189 68 607 155 211 390
45 108
321 68 204 152 68 252 149
355 68 283 68 5 68 390 68 97 68 397 68 5 85
97 68 540 68 19 158 85
64 532 85
4 85
5 68 527 149 68 261 158 85 68 531 85 68 517 85 123 68 517 85 390
192 68 651 123 68 283 68 70 189
607
189 68 261 158 247
59 479 68 343 543 68 347 211 299
503 189 68 517 68 189 68 258 68 36 149
189 68 261 158 68 514 199 359 68 347 158
261 86 68 51 570 68 5 390 68 569 68 426 155 68 54 86 108
261 86 68 43 158 68 390 68 569 68 158 5 189 68 189 68 4 189 211 189
283 68 347 158
607 158 68 607 158 68 70 339 68 290 85 197
5 189
43 86 163 68 330 611 189 68 197 86 68 490 68 490 359 115 155 108
258 85 4 258 68 4 85 359
43 532
347 158 635
611 51 86 68 346
79 86 108
158 36 197 86 68 479 68 45 108
43 158 199
346 211 390
87 449 68 5 68 331 149 68 158 64 301 68 397 68 85 379 85 68 43 158 85
648 108 199 85 299
126 68 36 149 68 258 68 607 158 68 607 158 189
4 570 211 359
607 158 266 149 68 19 85 68 5 390

607
283 68 158 108 68 36 108 68 565 415 211 489 68 565
527 108 68 197 86 68 258 85 359
607 158 68 258 517 85 86 68 397 68 5 449
503 85
135 68 346 68 527 149 68 430 68 197 86 68 430 68 241 258 213
283
36 149 68 330 68 607 158 68 197 86 68 426 570
196 68 331 68 640 68 638 68 5 68 5 68 331 149 68 87 359
189 68 261 158 4 68 344 339 331 487 68 405
189 569 108 68 347 158
170 149 68 36 149 68 389 501 68 397 68 276 359
218 68 133 68 135
79 430 68 321 189
189 68 550 501 68 397 68 321 290 68 607 158 68 43 85 299 68 158 517 149
5 68 295 149 68 85 517 85 299 240 68 5 290 85 359 266 50 68 569 43 487 551
189 68 517 359 68 517 68 405 149 258 149 68 189 68 261 158 543 68 339 68 397 415 406 334
189 68 550 501 68 607 158 68 211 581 68 494
170 569 68 36 149 68 197 86 68 5 68 196 68 397 68 569 68 552 85 68 552 347 158 118 68 397
517 68 189 68 577 68 569 68 258 149 290 85 197 108
189 68 550 501 68 397 68 417 68 197 86 68 258 222 564
517 68 87 68 577 68 607 158 68 136 158 213
331 149 68 517 359 68 4 189 211 189 68 430 68 170 149 68 283 68 4 189
607 158 5
599 389 158 237
201
283 68 258 65 189
607 158 85 68 19 108 68 197 86 68 189 241 540
51 346 68 346
189 68 211 607 50 68 397 68 550 487 359
490 359
607 158 68 607 158 68 447 189 68 640 68 187 68 170 487
550 415
607 158 68 104 189 68 5
548 68 97 68 607 149
43 155 532
49 68 5 68 258 68 331 149 68 261 158 543 68 611 51 86 68 359 266 158 359
197 86 405 68 607 158 68 246 68 43 85 68 43 158 68 155 68 607 158 213 68 64 211 517 68 64 211 108
390 68 19 85 68 189 346 149 68 408 158 68 577 68 43 569 607 569 48
426 136 430
569 68 405 449 68 494 68 389 501 68 36 108 68 170 108 68 503 158 240
153 68 261 430 68 607 158 68 611
283 68 390 68 651
640 68 611 48 68 246 68 426 339 68 153 108
158 334 543 607 155 68 347 158
531 85 359 607 158 85 68 4 85 359
607 158 68 222 476 194 199 68 447 158 67
36 108 68 197 86 68 331 550 86
503 189 68 390 68 36 85 359 68 134 123 108
550 158 68 640 68 569 68 447 155
321 247 85 68 19 108
79 158 565 68 97 68 417 68 651 123 607 158 85
201
503 189
76 85 359
149 389 155 68 503 189
503 85 68 158 108 68 36 149 68 54 86 68 397 68 158 64 389 213 68 241 85 68 611 189
153 108
607 68 189 68 471 211 251
321 68 5 211 471 51
45 4 68 607 68 201
19 85 68 330 430
189 68 5 189
569 68 607 158 68 390 68 149 532 85 611 189
64 532 68 607 149
201
189 108 68 417 189 149 258 390
642 158 517 68 43 158 68 611 189 390
136 158 152 68 97 68 155 68 485 430 359 68 49 68 5 68 54 86 68 64 211 258
258 339 68 36 108 68 295 19 85
389 240 68 490 359
503 108 68 390 68 569 68 611 189 149 389 85 359
201 4 204 405 189 359
4 68 330 85 258 68 135 532
611 189 359 211 85
231 51 86 68 651 68 390 68 36 149 68 153 189 68 258 290
87 68 611 258 68 339 68 189 16 569 68 607 68 19 531 211 199
5 68 527 149 68 261 158 543 68 258 64 68 241 85 68 540
527 68 211 607 50 68 397 68 426 570 68 651
503 189 68 517 194 68 189 68 266 158 68 517 194 570 550 339
189 68 550 501 68 607 158 68 559 211 240 68 640 68 405 108 68 64 211 390
189 68 261 158 68 607 158 68 550 158 108
54 334 390
196 68 79 487 149 68 158 108 68 158 108 68 321 189 68 426 155
607 155 68 85 343 339 68 651 123 68 152 550 158 405 108
196 68 331
97 68 330 550 155 301 68 189 339
343 543
189 68 550 501 68 197 158 64 211 517 68 253 68 397 68 197 86 68 397 68 43 51 86
135 68 548 68 36 149 68 569 68 359 51 68 397 68 15 430
86 149 532 68 36 149 68 211 501 68 640 68 189 85 68 76 258
189 68 86 163 68 550 501 68 397 68 51 86 108 68 51 86
64 211 258 68 136 158 152 68 640 68 36 108 68 197 108 68 565
51 68 189 68 607 158 68 51 86 68 170 449 68 158 189 491 86
126 68 36 149 68 158 108 68 276 85 68 607
564 68 550 158
389 570
531 85 152 68 607 86
607
651 123 68 430 68 108 68 607 158 189
503 85
657 68 153 108 68 97 68 97 68 390
189 643 222 640
321 170 108
405 68 70 339
189 68 211 68 607 158 68 211 503 339 68 64 550 339 68 426 86 149
135 68 494 68 158 108 321 569 68 607 158 68 611 68 517
126 68 189 68 394 68 220 88 85 68 158 240 222 108 68 222 476 68 70 158 68 607 479 68 158 245
36 149 68 5 68 97 68 611 514 149 550 158 222 149 68 638 68 321 189 68 79 430 349
447 158 85
189 68 87 189 68 253 68 124 68 503 339
204 68 36 149 68 189 68 158 108 68 158 447 158 85 359 68 97
197 86 68 643 68 607 158 68 430 222 68 4 607 158 68 394 108
136 501
517 194 68 222 476 68 651 123 68 64 550 339 68 64 550 158 189
607 158 68 76 85 438 359 68 607 68 93 225
607 158 408 189
405 240
552 85
551
197 48
155 301 551 51 438
657 68 283 68 246 68 97 68 97
607 158 68 5 189 68 503 339 68 359 68 222 189 211 189
5 189 68 261 158 543
158 607 155
197 86 68 15 152 68 607 158 68 158 189 68 577 68 397 68 569 68 241 359
97 68 607 68 241 68 642 359 68 640 68 19 68 283 68 134 415 532
503 4
4 4 240 85
43 86 149 532 68 189 68 162 68 607 158 68 266 158 189
517 194 68 99 68 577 68 651 222 68 607 170 68 607 50
4 85 359
607 158 68 258 347 189 68 241 85 68 607 158 68 87 152
302 68 517 85 86 163
87 569
611 19 241
158 449 68 517 85 68 201 258 68 550 339 189 68 362 68 240 301 68 51 563 430
540 68 517 299 211 347 158 118
507 449 68 231
64 211 449 68 460
607 158 266 19 189
447 158 543 68 149 532 85
657 68 607 158 68 389 430 299 199 189
5 68 527 149 68 261 86 189
189 68 261 158 543 68 241 68 189 68 278 334
97 68 258 68 389 501 68 343 543 85 299 199 85 68 54 349
261 86 68 43 158
5 415
390 569 517
247 415
162
503 189
189 68 258 350
189 68 651 123 68 261 158 543 68 569 68 64 149
64 211 258 68 583 68 97 68 426 85 359
607 158 68 494 68 79 178 68 241 68 158 4 85 222 68 170 299 68 397 68 405 68 397 68 405 108 258
189 68 182 149 68 197 158 68 354 68 189 68 569 68 472 68 246
607 158 68 54 349 85 68 397 68 503 339 68 97 68 51 86 68 51 86 68 359 68 170 299 68 345 334 68 640
5 68 36 149 68 43 158 68 153 108 68 321 290
569 68 607 158 68 347 189 68 390 68 43 86 163 68 241 85 68 397
503 85
503 85 68 158 108 68 36 149 68 54 86 68 397 68 197 339
607 158 68 258 222 237 54 86 68 339 68 607 158 68 231
43 532 349
517 85 258 334
405 108 68 503 189 68 607 158 189 68 651 123
189 68 182 149
19 85 68 5 225
5 68 527 149 68 261 158 85 68 607 158 68 611 258 189 330 347 158 118
189 85 379 68 321 240 68 158 449 85 68 158 108 68 607 158 108
158 152 68 261 158 189 68 5 68 4 339 68 394 68 149 550 158 543 68 569 68 189 570 389 158
517 194 68 197 86 68 261 86 68 5 68 354 68 607 68 472 420
321 189
189 68 569 68 79 487 149 68 5 68 137 158 415 68 283 551 68 607 155 68 189 451
158 449 68 246 68 247 334 199 68 569 68 5 189 68 280 68 261 158
607 158 68 153 108 68 321 247 68 266 158 299
283 68 273 68 569 68 321 183 155 68 447 155 68 447 158 438 359
97 68 583 68 321 189 68 330 189 550 349
258 204 149 68 86 149 68 331 149 68 389 501 68 397 68 350 68 189 550 158 568 211 330 359 68 471 211 68 135
503 108 68 390 68 569 68 76 85 299 68 642 211
155 68 85 343 339
430 347 85
607 158 68 550 501 68 397 68 550 501 68 607 158 290 68 158 290 222 68 170 299 68 170 108
189 68 261 158 543 68 397 68 5 189 68 607 158 4 85 359 68 346
611 438 415
43 86 149 68 36 149 68 344 339 68 246 68 158 199 68 514 189
87 189 359 51 570
189 68 211 607 50 68 397 68 85 447 430 68 258 247 85
607 158 68 158 189 68 640 347 158 565 359 68 4 85 197
86 149 532 68 36 149 68 397 68 211 501 68 607 158 68 607 158 68 654
189 4 406 158 299
607 158 390
517 194 68 261 158 543 68 607 158 68 514 199
189 68 550 501 68 397 68 517 211 346 68 5 258 68 657 299
158 108 68 158 48 68 550 158 108 68 149 550 158 405
97 68 430 68 517 48 68 569 68 552 359
331 149 68 611 189 68 54 86 68 4 85
426 155 68 258 334 543 68 5 343 430
206 68 611 189
261 86 68 43 158
158 36 85 68 642 211 266 158 108
258 334 543 68 64 211
343 543 68 611 158 68 397 68 59 479 68 607 158 68 517 68 19 68 64 211
527 68 76 517 68 569 68 64 211 43 158
548 68 321 189 68 36 85 359 68 405 339 68 232 359
64 211 258 68 548 68 36 108 68 550 19 199 68 321 189 68 569 68 426 155
657 68 36 149 68 517 189
87 68 87 108 68 581 194 178 68 607 158 266 149 68 550 158 189 68 339 68 19 68 343 85 241 359
153
514 359
321 611 65 405 108
517
158 152 68 189 68 231 240 68 331 149
97 68 43 85 13 222 430 68 5 85
330 211 68 405 108 330 149 68 540 118
503 339 551
97 68 397 68 158 149 540 68 290 85 321 68 153 108
503 189 68 5 390 68 569 68 430 359 68 108 68 241 85 68 152 68 36 211 543 68 550 158 543 211 543
196
115 158 145
204 152 68 36 149 68 241 85 68 43 158 68 189 570
261 86 68 43 158 68 5 68 331 149 68 350 68 241 85 68 321 247 85 347 158
206 68 405 108
321 68 19 136 430 68 87 449 68 237 149 68 87 108 68 211 222
607 158 68 197 85 68 397 68 583 68 36 149 68 87 299 199
261 86 68 51 570 68 126 68 569 68 640 607 158 85 222 68 405 68 394 458 68 5
283 68 19 85 68 430 68 189 204 213 194 213
64 211 517
204 68 36 149 68 36 149 68 569 68 517 68 43 158 68 517
79 339
192 211 517
211 237 247 108
70 189
607 158 68 197 85 68 189
189 540 551 189
189 339
189 149
261 86 68 607 68 189 68 350 68 241 85 68 19 489
36 108 68 559 211 258 68 390 68 201 240 299 569 85 68 158 108 68 642 359 532
189 68 550 501 68 397 68 501 85 517 189 550 158 199 68 36 189 68 170 68 397 68 279 194 108
86 149 532 68 36 149 68 389 501 68 197 158 68 5 108
607 5 68 389 501 68 397 68 550 501 68 607 158 68 170 108 165
283
517 194 68 183 158
19 540 68 155 68 183 155 339
430 359 68 347 158
189 68 550 501 68 397 68 245 334 68 334 68 334 68 64 550 339
607 5 68 389 501 68 397 68 550 501 68 607 158 68 657 523 405 397 189
290 213 68 397 68 607 158 68 59 430
514 258
189 85 136 86 149 517
19 85 68 321 68 607 158 68 187 108 68 64 211 108 68 64 211 430
189 68 651 123
204 68 36 149 68 241 85 68 222 476 68 517 85 68 640 68 517 85 68 355
447 158 247 68 330 85 68 135
51 68 189 68 607 158 68 51 86 68 170 449 68 158 189 491 86
607 149 68 640 68 607 170 108
321 189 68 266 158 204
503 85 68 390 68 569 68 206 222
115 247 299 85
258 517 415
245 258 68 390 68 517 299
189 68 261 158 543 68 258 247 108 68 611 180 282
19 85
261 86 68 158 189 152 68 640 68 158 108 68 389 240 359 68 397 68 5 189 550 158 222
153 68 636 68 5 68 607 158 68 99 68 640 68 607 158 68 51 60 301
593
290 213 211
211 145
266 430 68 158 108 68 79 158 279 194
607 68 569 68 517 85
51 158 189
390 517 85
503 339 551
343 543 85 36 86
64 442
189 68 87 189 68 569 68 426 158 68 158 163 406 189 68 430 68 354
134 222 108
611 189 330 149 550 158 251 68 189
162 68 471 211 430
397 68 213 194
552 85 68 552 65 189
611 152 136 479
517 194 68 275 68 347 501 68 397 68 241 108 68 397 68 43 152 550 501
5 189 68 611 189 68 280 68 550 430 359 68 550 339
189 68 5 189
196 68 5 68 331 149 68 56 68 569 68 550 158 68 640 68 569 68 447 430
97 68 607 158 68 514 199 359 68 4 85 359
607 158 68 189 514 85 299
657 68 261 86 68 5 68 189 68 231 240 68 36 149
503 158
135 68 134 85 607 68 331 149 68 607 158 68 51 86 68 321 189
245 538 155 68 5 19
607 158 68 503 158 299 68 241 85 68 607 158 68 346
517 194 220
49 68 5 68 378 523 371 158 108 68 331 149 68 158 48
43 430 19 194 68 170 152
261 86 68 51 570
651 123 68 607 158 68 447 565 359 68 241 108
133 68 640 68 207 406 158 189
43 86 68 5 189 406 158 189
136 479 68 76 438 551
378 85 551
4 189 149 474
607 158 68 158 108 70 158 359
88
86 149 532 68 36 149 68 43 158 68 405 68 25
5 68 189 68 426 339
276 85 359
283 68 158 108 68 569 68 359 70 149 657 359 68 339 551 68 339 551 611 299 68 136 479 68 507 449
359 70 158 359 68 339 551 611 299 565
25 149 550 158 213
359 16 569 108
390 68 19 85 68 347 158 85 158 108
651 123 68 211 68 607 158 68 54 86 68 607 158 68 189 538 158 108
607 158 68 5 449
189 68 212 339 68 97 68 153 108
43 86 149 68 36 149 68 405 68 70 501
64 211 258 68 197 86 68 153 108
330 189 330 189 68 642 211
97 68 569 68 490 359 68 76 85 479 68 189 68 517 85 68 321 290 85 68 36 149
189 68 232 449 68 607 158 68 51 86 108 68 158 394 225
503 189 68 390 68 36 85 68 447 155 442 68 5 68 379 93 550 334 64
5 68 527 149 68 607 158 543 68 347 158 68 397 189 158 85
607 158 68 211 266 158 247 68 397 85 51 86
170 68 158 189 68 87 89 158 104 85
43 158 199
611 158
283 68 347 158
197 86 68 426 570
517 68 36 149 68 49 68 5 68 81 68 354 68 189 550 158 220 68 350 68 431 68 347 501 68 397 108 68 85 86 199
607 158 68 4 85 68 330 85 258 68 135
5 499
389 248 194 68 218
189 68 577 68 347 158 85 68 430 60 301
97 68 538 158 189 550 339 68 517 359 258 189 68 158 108
87 359 68 87 68 211 68 397 68 346 211 68 5 189
87 108 68 607 68 569 68 170 108 68 51 570 68 550 158
196 68 347 158 68 5 68 331 149 68 261 158 543 68 5 189 108
460 108
97 68 115 479 68 189 68 194 543 68 97
97
153 155 569 68 189 302 108 68 517 68 517 85
607 158 85 68 657 222 149 68 204 222 68 189 68 5
97 68 54 349 68 397 68 197 86 68 397 4 189 211 189
76 517 222 85
4 64 68 196 68 241 108 68 158 108 68 183 155 225
283 68 189 550 339 68 390 68 97 68 51 86
5 68 527 149 68 552 85 68 607 158 68 49 68 241 85 68 501 85 330 68 607 158
346 211 68 5 189
194 543
64 211 258 68 397 68 276 359 68 36 149 68 5 68 550 158 68 246 68 51 189 68 426 569
5 68 189 68 261 158 543 68 397 68 490 241 581 211
149 211
276 85 258 334 68 517 85
236 359
405 149 299 64
261 158 390 68 19 68 261 158 189 68 321 247 85 68 343 543 85 299 514 240 359
261 86 68 43 158 68 390 68 607 158 68 51 346 68 346
136 158 152 68 607 158 68 640 68 405 261 158
564 68 607 158 68 390 68 19 85 359 68 19 359
5 68 527 149 68 607 158 68 607 158 68 4 240 68 5
158 4 240 222 68 87 152
189 4 406 158 299
189 68 211 607 50 68 397 68 136 158 68 241 85 359 68 241 347 158 65
43 86 149 68 189 68 577 68 607 158 68 406 189 68 321 189
231 240
343 543 68 607 158 299 68 397 68 43 158
607 158 449 79 199
355 43 158 68 283 68 158 108 68 36 149 68 593 152 68 494 68 241 85
134 514 458
514 149
36 149 68 246 68 204 68 19 85 68 158 68 330 68 330 68 550 339
189 569 108 68 347 158 118
261 86 68 51 570 68 5 390 68 569 68 4 189 211 189 68 430 299 43 158 68 550 430 397
19 85 68 87 152
49 68 5 68 378 523 371 158 108 68 331 149 68 158 48
607 158 68 197 85 68 569 68 64 550 339 68 246 68 405 68 384 211 68 5
246 68 19 108 68 197 86 68 354 68 170 349 85
607 158 68 4 68 64 211 390
321 189
19 68 136 479 153 189 68 339 68 158 222 68 36 211 85
550 501 68 569 68 490
611 189 108
657 149
503 85
19 85 68 197 86
59 479 460 359
158 189 149 211 245 299 359
189 68 261 158 397 68 5 68 569 68 261 86 85 170 152
569 68 607 158 68 390 68 347 189 108
158 472
231 240 68 36 149
115 247
514 189 68 136 155 643
189 264 550 158 222 241 194 68 346 68 517
36 85 607 68 657 222 149
43 86 149 68 36 149 68 5 68 390 68 390 153 189
133
197 149 189 657
189 68 389 240 359 68 36 152 68 607 68 569 68 517 85
607 158 68 158 189 68 640 347 158 565 359 68 4 85 197
97 68 241 253 253
447 158 189 643
64 211 258 68 211 543 68 607 158 68 654 68 362 68 19 85 68 104 471 68 517 550 155
79 430 359
197 86 211 607
330 192 211
155 68 5 85
611 149 68 36 149 68 197 86 68 246 68 569 68 280 68 51 86
115 479
640 85
517 194 514 189 68 64 550 158 334 108 258 85
5 189 334
79 222 108
611 189 330 149 550 158 299 565 540 68 197 86 108 68 36 149 68 54 86 68 397 68 405 68 158 240 299 68 19 85
241 85 68 204 68 158 108 68 70 158 118
196 68 158 108 68 5 68 321 241 85 359 435 85 359 389 158 118 68 241 85 347 158 189
503 85 68 390 68 97
607 68 70 158 108 68 5 390
97 68 570 211 334 359 68 397 68 258 68 331 149 68 426 158 471 389 189
97 68 330 550 155 301 68 189 339
651 123 68 136 158 108 68 405 503 158 108
283 68 64 51 108 68 158 108 68 36 149 68 54 86 68 397
158 36 68 43 158 551 68 390 68 607 170
45 68 189 68 532 152 68 397 68 517 68 449 68 607
5 68 527 149 68 261 158 85 68 607 158 68 346 194 85
617 68 517 68 431 68 417
218 68 36 108 68 531 85 68 569
76 85 359 68 212 158 68 197 86 68 87 222 85
283 68 390 68 36 108 68 550 569 68 115 479 68 158 346
126 68 19 108 68 405 68 607 158 68 70 158 68 638
261 86 68 43 158
54 86 68 321 189 68 569 68 408 68 390 68 346 211 108
261 86 68 607 68 527 68 569 68 651
189 68 321 290 68 5 108
321 27 68 569 68 258 4 607 86 68 389 339 68 201 258 68 19 85 359 68 276 85
569 68 79 602 194 68 397 68 189 68 406 158 68 390 68 321 247 85 68 321 189 68 241 68 569 68 189 389 158 213 51
97 68 494 68 389 501 68 607 158 68 158 559
599 68 5 68 201 240 68 389 163 68 607 158 449 68 189 550 339 68 189 550 339
189 68 87 189 68 607 158 68 246 68 577 68 552 359
503 85
4 85 568
64 211 258 68 231 240 68 607 158
212 158 204 570 68 261 149 258
158 108 68 36 149 68 330 68 45 155 301 359 68 31 334 68 237 108 68 15 152 68 158 108 68 36 149
79 426
189 68 550 501 68 607 158 68 261 86 68 273
211 68 36 149 389 570
189 68 261 158 68 607 158 68 607 158 405 108 236 68 517 204
261 158 543 68 36 149 68 153 85 68 97 68 246 68 43 158 68 430 222
197 86 68 70 189 68 355 258
321 68 569 68 64 550 158 189
5 68 527 149 68 241 266 50 68 550 569
503 189
501 85 406 430 68 5 108 68 503 158 68 607 158 68 607 158 68 607 479 68 501 108 517 149 258 68 158 149 68 503 149 258
189 68 550 501 68 397 68 517 152 68 640 68 246
344 517
552 85
611 514 85 222 149 550 430 68 331 487 108 68 36 149
241 85 68 261 158 189 68 158 189 85 331 487 68 640 68 36 149 68 321 27 551 68 607 540 68 290 540 68 158 189 211 251 211 48 359 211 390 581
197 85 152
218
4
211 551
49 68 5
258 607 158 68 339 68 211 347 85 359 68 640 68 472 471 240 68 136 479 68 189
642 158 68 258 334 543 68 261 86 68 261 86 68 607 158 68 231 240 68 527 68 527 108
261 86 68 43 158
211 158 5 189
134 415 68 36 108 68 607 68 5 68 189 241 68 19 108 68 70 158 68 5 189 68 59 299
43 86 149 68 36 149 68 346 194 68 651 489 68 288
517 85 5
43 86 68 532 68 137 158 543 68 321 85 68 607 50 68 430 68 569 68 611 152 68 5 68 569 68 321 240 68 569 68 569 68 36 189
246 87 68 158 36 189
261 86 68 43 158 68 390 68 569 68 5 4 607 133
222 241
97 68 552 85 359 68 397 68 569 68 344 339 68 258 406 158 299
211 290
43 532 349
231 240
611 136 479 359
607 149 68 640 68 607 170 108
283 68 126 68 331 149 68 405 68 261 158 247
189 68 211 607 50 68 54 86 68 397 68 569 68 657 551 258
49 68 5 68 417 68 331 149
4 517 68 430
153 108
97 68 133 415 51 570
189 68 87 189 68 397 68 258 68 607 158 68 207 108
517 194 68 577 68 607 158 68 137 64
283 68 640 607 4 85 222
283 68 153 68 494 68 638 68 389 501
59 479 460 359
64 211 258 68 548 68 36 108 68 266 158 68 607 68 569 68 321 247 334 68 43 158 68 189 4 189 211 85 359
607 158 68 149 68 640 68 611 240 211 68 64 211 430
503 85
460
189 68 211 5 68 430 222 211 359 68 321 189 68 152 68 517 85
189 241 85 359 191 359
472 415 643
43 86 149 532 68 5 543 68 397 68 19 213 68 136 155
158 4 85 222
5 343 158 334
189 68 211 607 50 68 65 155 68 158 189 211 189 299 611 189
213 51 86 68 152 51 68 197 86 68 19 85
531 158 258 68 406 85 299
503 85
517 194 68 5 543 68 397 68 607 158 68 170 86 189 68 258 339 551
97 68 136 158 488 68 607 158 266 149 68 540 68 158 189 149 540 68 405 108
158 108 68 36 149 68 211 247 68 607 158 85 607 158 85 68 426 86 85 68 607 158 68 137 155
87 68 162 68 149 68 607 158 68 283 68 607 158 54 86
258 85 68 54 86 68 607 158 261 86
97 68 76 290 85 359 68 5 108 258 390
261 158 189 68 149
607 158 89 86 68 577
657 68 87 68 607 86
64 211 334 68 4 343 339
158 471 211 68 79 602 194
189 68 577 68 607 158 68 426 514 189 68 258 397 189 68 189 68 331 68 426 158 43 158 68 503 189 108
15 405
283 68 189 68 273 68 359 334 199 68 397 68 56 68 273
347 4 199 108
189 68 258 189 68 158 189 559 13 449 68 158 189 68 406 211 565
503 85 68 390 68 569 68 359 70 85 607 359 68 189 241 330 397 189 68 517 499 189 108
550 430 359 68 330 108 258 68 4 240 657 359
189 85 136 86 149 517
501 85 4 211 517 68 517 499 389 85
5 68 527 149 68 607 158 68 607 158 68 389 158 152 550 158
406 85 299 68 617
43 158 199 118
189 68 192 51 570 68 640 68 36 85 68 405 261 158 247 85 68 295 334 85
246 68 136 158 152 68 607 158 68 389 339 68 321 240 68 569 68 158 189 550 487 68 97 68 426 86
321 290 68 36 108 68 5 569 68 503 158 68 503 158
51 56
321 189 68 569 68 158 408 158 199
201 108 68 280
189 213
4 258 189
201 240 68 36 149 68 5 189 68 197 86 68 97 68 126 68 405 68 5 211 48
201
49 68 5 68 321 108 68 490 68 149 389 251 68 569 68 204
158 36 68 642 158 68 390 68 397 68 611 51 86
51 86 68 189 68 261 158 68 569 68 159
153
5 68 527 68 152 550 86 68 503 189 68 15 189 68 170 299
64 211 258 68 153 108 68 5 68 321 569 359
189 68 211 652 68 241 108 68 607 158 68 15 213 194 68 4 347 158 299
189 68 253 68 36 149 68 607 155 68 569 68 490 359
569 68 405 199 68 390 68 212 158 149 68 531 149
36 149 68 158 108 68 51 86 68 155 550 86 68 397 68 134 51 86 68 189 550 487
607 68 569 68 5 155 68 642
355 611 258
5 189 108
196 68 569 68 569 68 79 430 68 640 68 36 108 68 246 204 240
607 158 68 197 85 68 397 68 344 108 68 19 85 68 354
390 569 68 517 68 611 189 4 85
76 240 222 85 68 218 430
149 68 640
136 479 68 607
189 68 261 158 68 5 108 68 390 517 85 330 68 362 68 136 430 68 5
197 86 68 532 85 68 45 108 68 330 70 189 643 359
607 68 447 158 247 149 68 158 390
347 501 359
607 158 68 607 158 68 258 189 85 68 135 211 199
347 85 551
196 68 153 290 211 189 68 170 68 273 68 170 108
503 108 68 390 68 569 68 213 211 517 152 68 136 155 68 136 155
321 68 189 68 394 68 189 209 85
321 189 68 241 359
527 108 68 330 68 51 359 68 426 339 68 607 158 85 68 36 149 68 36 149 68 397 68 266 158 68 397 68 19 85
258 334 543 68 517 85
158 449 68 346 68 430 68 405 189 68 261 158 247 68 261 158 247 149 568
97 68 343 543 211 68 531 299 108 68 204 68 97 68 51 488
611 189
97 68 258 108 68 5 108 258 68 241 85 68 607 158 68 611 4 517 68 158 108 68 136 479 68 158 108 68 471 211 68 43 158 68 79 158 343 158 199 68 211 68 158 635 108 68 79 158 199 68 79 158 199 68 158 199 68 79 158 199 48 68 343 158 199 68 343 339 68 397 68 397 68 5 108 68 5 108 68 5 108 68 135 70 158 108 68 86 108 68 86 108 68 5 108 68 86 108
417 334 199
241 85 339 68 241 65
197 86 68 607 158 68 339 68 569 68 236 447 158 581
189 68 261 158 68 607 158 68 85 149 550 85 68 253
607 158 68 607 158 68 211 334 543 85
330 70 158 108 68 517 362
36 108 68 330 68 189 577 68 640 68 611 85
517 415 149
54 349 68 149 68 640 68 607 170
494 68 189
503 189 68 126 68 527 68 405 68 390 517 85 635 189
24 415
607 158 189 569 108 68 642 149 550 86
330 189 206
64 211 258 68 651 123 68 321 247 85
158 449 68 136 479 68 261 149 68 197 86 68 43 158
321 149 68 640 68 5 189
389 479 68 397 68 276 149 68 36 149 68 550 158 68 550 158 68 246 68 104
189 642 211
51 86
196 68 607 68 237 149 68 261 158 543 68 241 85 68 390 551
212 563 158 189 532
170 258 68 347 415
390 611 51 299
517 194 68 362 68 405 68 5 189 68 137 430
607 5 68 389 501 68 397 68 183 430 68 334 68 149 415
330 397 222
189 85 79 602 68 607 50
189 68 550 501 68 397 68 501 85 517 189 550 158 199 68 503 199 68 170 68 397 68 279 194 108
490 359 68 76 517
607 158 68 197 86 68 501 85 201 149 197 86
657 68 405 517 117 68 569 68 344 149 68 189 569
438
126 68 152 550 86
611 189 4
189 68 389 501 68 158 334 189 68 517 85
397 85 321 85
19 449
607 158 68 158 108 70 158 359
258 85 68 36 149 68 517 85 551 68 97 68 321 189 68 569 68 79 359 68 76 85 222
657 68 153 68 64 211 295 68 389 479 68 170 449 68 236 108 68 569 48 68 197 86 68 64 211 108
43 86 149 532 68 87 68 261 158 68 197 158 68 5 108 68 405 68 64 211 430
346
189 68 517 359 68 344 108 68 36 149 68 64 211 430 68 64 550 430 68 19 149
189 68 651 123 68 550 158 68 405 108 321 237
54 86 68 359 16 569 108
490
5 189 65 108
5 68 527 149 68 261 158 189 68 607 158 189 68 241 85 68 517 85 197 86
417
189 68 211 68 607 158 68 640 85 68 607 158 68 211 347 85 68 640 68 479 4 189 68 517 290 299
97 68 405 189 68 607 158 266 149 68 397 68 5 68 189
189 68 261 158 543 68 149 550 158 247
657 68 36 149 68 517 189 68 494 68 339 68 362 68 241 85 68 189 241 85 68 189 211 158 222 241
607 158 68 490 68 5 68 237 64 68 283 68 15 158 68 15 158 85
503 108 68 158 108 68 569 68 517 85 51 489 68 85 607 551
503 108 68 5 68 189 68 517 68 607
321 68 189 68 577 68 97 68 51 86
261 86 68 43 158 68 390 68 569 68 4 85
5 189 68 577
5 68 527 149 68 607 158 68 607 158 68 45 108
64 211 258 68 5 189
231 51 86 68 189
283 68 330 108 68 158 108 68 36 149 68 607
97 68 552 253 68 253
51 86 68 204 152 68 331 149
503 189 68 5 68 331 149 68 261 158 290 85 389 241 68 258 397 189 68 258 611 565
607 158 68 115 479 68 640 68 36 149
503 85 68 390 68 569 68 246 266 158 85 68 258 222 189
517 68 189 68 4 85 68 153 108
559 211 5
503 108 68 390 68 569 68 189 299 85 136 479
657 68 640 68 611 48
87 108 68 54 349 68 397 68 16 158 543 68 607 158 68 295 149 68 397
43 532 349
97 68 394 13 68 389 501 68 97 68 405 189 68 261 149 85
86 149 517
65 86 68 607 158 85 68 611 189
531 85 152 68 607 86
607 158 68 514 199 438 359 68 19 359
158 449 68 517 85 68 430 68 212 189 68 5 189 68 321 189 68 70 158 85
189 68 550 501 68 397 68 550 501 68 607 158 189 68 79 222 68 170 299 68 170 108 68 349 68 430 68 43 158 68 51 86 108 68 321 189 68 321 189 68 51 86 108 68 550 86 152 68 36 86 152 68 321 189 68 339
43 86 68 194 149 68 611 158 68 213 68 189 68 447 158 247 68 447 189 643
611 258 68 280 68 211 359
283 68 331 108 68 76 85 359 68 64 550 158 543 108
158 152 68 4 569 108 68 170 108 68 241 85 68 607 158 68 611 189
283 68 607 158 68 266 149 68 397 158 108 68 85 170 607
426 86 68 5 68 331 108 68 201 158 343 158 199 397 189 68 517 85 5
153 108 68 5 68 607 149
4 189 299 389 359
5 104 471
5 68 331 149 68 136 339 68 54 86 68 241 85 68 76 145 145 145 145 108
189 68 43 158 68 252 158 189 68 321 189 68 162 68 550 430
389 349 490
86 68 527 68 569 68 569 108 68 36 108 68 170 449 68 36 108 68 607 158 390 68 4 189 643 359
651 123 68 569 68 507 449 68 258 347 158 118 68 397 189
611 299
241 65
607 86 189 68 152 550 86
4 517 178
607 158 85 347 158
548 68 5 68 569
607 155 68 211 543 68 607 158 68 158 74
231 51 86
390 569 68 517 68 611 189 4 85
4 85
5 108
397 108 68 241 54 334
231 240 222
201 158 199 118 68 517 204 543 85
45 108 68 405 68 517 85
196 68 607 68 331 149 68 354 68 158 108 68 36 108 68 246 204
43 86 149 68 36 149 68 405 85 79 158 489 68 97 68 568
607 158 68 447 189 68 261 86 68 158 108 68 36 149
321 531 299 438 359
196 68 331 108 68 295 108 258 85 68 531 299 68 19 108
241 258 390 68 158
241 654 68 552 85 68 397 68 136 68 189 68 569 68 51 570
45 4 85 68 531 85 359 68 397 68 36 149
569 68 79 50 68 246 68 390 68 64 550 86 68 189 68 170 68 397 68 501 85 517 189 68 347 158 261 86
158 68 550 334 199 68 390 68 201 258 189 426 570
149 347 158 65 189 211 471 68 189 241 19 68 189
261 86 68 51 570 68 158 108 68 87 68 552 623 68 339 68 651 123 108 241 85 379 85 359
4 64 442
283 68 347 158
5 189 68 494
87 68 170 68 266 158 68 397 68 397 68 321 189
657 359 68 642 158
240
261 86 68 607 68 189 68 577 68 397 68 651 123 48
389 189
197 85 152
158 64 194 68 241 68 638 68 5 108
189 68 170 152 68 36 149 68 275 68 87 359 68 405 68 136 479 68 397 68 64 211 240
204 222
640 85 68 406 211 86
189 266 479 68 5 136 158 359
321 68 607 158 68 197 108
189 68 87 189 68 577 68 607 158 68 577 68 607 155 68 517 68 213 191 149
189 68 651 123 108
204 68 331 149 68 241 85 68 189 531 299 68 158
135 68 426 569
258 642 213 68 321 27
607 158 68 577 68 189 514 189 68 640 68 153 108
36 149 68 261 158 543 68 397 68 97 68 51 86 68 5 108 68 283
501 85 394 532
569 68 607 158 68 607 149 68 390 68 397 68 43 158
607 86 68 550 501 68 397 68 417 68 189 64 550 339 68 640 68 569 68 408 487
651 123
283 68 158 108 68 36 149 68 261 158 247
43 158 199
607 158 68 389 339 68 211 359
70 189 68 599 68 5
581
611 189 330 149 550 158 251 68 189
64 211 258 68 459 405 108 68 241 85 68 607
236 447 158 118 389 158 118
577 68 611 258 85 68 397 16 569 108 68 36 149
189 68 389 501 68 97 68 189 68 607 155 85 123 68 261 86 68 607 158 68 51 86
261 86 68 43 158
283 68 607 158 68 331 149 68 87 189 551
211 359
517 194 68 295 4 85
158 607 155
86 149 532 68 97 68 426 339 68 607 158 68 155 211 222 85 68 197 86 68 517 68 565 299 68 565 359
261 86 68 43 158 68 158 108 68 36 149 68 354 68 640 68 607 68 136 158 258 68 4 85 68 290 657 359
19 85 68 5 225
517 68 189 68 136 158 543 68 607 158 68 76 85 222 85 68 153 189 108
64 211 258 68 197 86 68 153 108
517 204 359 68 517 204
629 68 657 222 149
330 611 189
158 472
503 85
517 194 68 607 158 152 68 607 158 68 447 158 85 68 153 108
642 158 189 550 68 258 334 543
642 149 532 68 354 551
196 68 158 108 68 569 68 490 359 68 258 220 211 48 68 19 48 68 5 225
266 158 85
43 158 199
70 339
170 569 68 36 149 68 389 501 68 397 68 629 68 283 68 503 158 68 607
204 152 258 68 275 68 607 158 68 135 68 54 86 68 607 158
189 68 550 501 68 397 68 330 359 68 607 158 68 517 85
261 86 68 273 68 569 68 540
611 51 86 68 346
5 68 527 149 68 607 158 68 607 158 68 4 543 68 426 339 68 426 339
611 565 569
19 43 430 68 4 359 301 359 68 4 85 68 189 68 16 569 68 246 68 189 68 237 68 640 68 569 68 36 149 68 321 290
503 108 68 158 108 68 36 149 68 54 349
189 68 5 189
390 68 258 569 68 170 108 68 170 108 331 199 68 36 149
607 158 68 5 68 607 155 301 85
158 472
158 74
5 85 68 158 4 551 68 397 523 642
51 346 68 258 68 76 346 299 390
19 85 68 321 68 607 158 68 187 108 68 64 211 108 68 64 211 430
5 68 640
189 68 550 501 68 397 68 321 290 68 607 158 68 36 211 108 68 426 430 68 531 149
517 194 68 36 149
149 258 359 68 197 158 517
607 158 68 5 449
494 68 607 50 68 241 85 68 201
517 194 68 258 68 343 543 85 299 199 85
196 68 569 68 517 68 517 290 258 359 68 87 449 68 222 213 68 153 189 204 213 68 153 108
189 68 426 86 68 51 86 108 68 447 158 438 68 339 68 638 65 48 68 258 390
607 158 68 4 570 211 359
517 415 149
321 189 68 5 108 68 485 479 68 64 211 258
607 5 68 389 501 68 397 68 550 501 68 607 158 68 290 85 197 86 108 258 85 568 68 65 189
261 86 68 51 570
607 5 68 389 501 68 397 68 189 241 258 359 68 607 158 68 261 86 163 343 85
261 86 68 43 158 68 5 68 189 68 321 569 68 527 108
569 68 65 155 49 68 390 68 213 550 86
607 158 68 397 68 149 552 85 68 397 68 5 68 19 68 397 222 85
189 68 550 501 68 607 158 68 426 155 194 199
514 199
64 211 258 68 56 68 405 261 86 68 569 68 426 158 85 68 64 389 158 85 68 389 158 85 68 389 158 85 68 19 85 68 266 158 85 68 426 339
350 85
211 359 68 435 339 68 5 247
231 240
97 68 339 68 258 247 68 321 189 68 170 472 189 426 158 85
189 68 87 189 68 397 68 346 85 68 640 68 569 68 236 149 194 334 48 299
189 68 5 189 68 651 123 68 99 68 569 68 538 339 68 43 158 68 43 158
258 611 189 68 36 149 389 565 359 68 266 569 108
607 158 68 197 85 68 87 68 503 158 149 68 261 158 543 68 158 472 68 569 68 211 222 68 136 479 68 343 158 85 68 321 240 359 68 241 68 36 149 68 36 149
153
290 85 197 86
283 68 390 68 36 108 68 133 68 640 68 569 68 5 85
201 258 68 607 158 68 134 359 68 640 68 607 158 68 295
390 68 339 68 607 158 68 258 406 155 68 5 68 397 189 87 449
196 68 347 158 290 85 222 108
5 68 527 149 68 346 194 68 241 499 49 551
137 501 68 149 68 36 149
266 158 194 220 88 68 79 602 194
5 68 189 68 261 158 68 397 68 4 152 68 607 68 569 68 552 347 359
330 607 258 68 36 108 68 158 48
283
390 189
261 86 68 51 570
97 68 133
189 68 651 123 108 68 5 189 68 197 158 68 611 565 569 48 68 611 565 68 189 68 321 247 68 569 108
283 68 347 158 68 5 68 331 149 68 611 638
54 86 68 258 189 85 359 68 607 158 261 86
390 68 97 68 45 108 68 153 108
5 68 527 68 149 550 86 85 258 551 68 283 68 189
339 68 155
86 149 532 68 36 149 68 397 68 276 397 68 607 158 68 4 189 211 189 68 640 68 276
501 85 406 430 68 5 68 64 211 430 68 240 149 68 397 68 569 68 330 152
389 158 189 68 149 532 85
261 86 68 51 570 68 197 86 68 97 68 97 68 405 189
115 479
64 211 258 68 599 68 45 339 68 397 68 43 158
19 449 68 5 189
258 4 152
517
87 68 261 158 543 68 397 68 197 86 68 569 68 213 211 158 189
346 211 68 569 68 170 487
189 68 158 543 68 36 149
347 158
390 68 19 85 68 607 158 68 550 339 68 447 189
503 85
607 158 68 197 85 68 201 258 68 607 158 68 389 339 68 246 68 334 199 68 538 86
4 247 149 258 68 389 158 199 189 514 189 359
426 158 240
503 189 68 5 68 189 68 136 158 543 68 525 551 68 97 551
447 158 438
5 68 527 149 68 5 152 68 607 158 68 657 334 222 189
261 86 68 51 570 68 126 68 189 68 261 158 543 68 397 68 137 158 108 68 241 85 68 43 158 68 211 251 68 211 85
49 68 397 68 197 85 359
36 108 68 607 569 68 390 68 197 86 68 4 85 359
261 86 68 43 158 68 390 68 569 68 642 211
390 68 158 189 266 50 68 153 108 68 330 85
153 68 390 68 607 339 68 339 68 569 68 5 189
503 189 68 517 194 68 117 68 79 487 149 68 241 85 68 389 158 222 68 211 251 68 405 68 532 85 68 339
397 68 5 225
189 68 550 501 68 397 68 245 334 68 334 68 295 499
158 4 220
258 19 163 68 158 290 85 222
426 155 194 240
607 158 68 51 359 68 607 359 68 390 581 68 607 68 426 86 108
657 222 70 189 68 211 85 359 68 211 85
197 86
494 68 550 501 68 36 108 68 196 68 390 68 201 258 359
79 430 241 85 359
9
19 68 5 85
9
607 158 68 405 108 258 390 222 4 189 68 43 158 68 252 155
64 211 79 570 568 68 192
158 48 189
321 189
86 149 532 68 36 149 68 397 68 258 397 68 472 85 68 389 170 86 149 43 86 489 68 538 86 489 68 36 86 163 406 158 152
258 68 36 149 68 607 158 189 68 197 86 189
503 189 68 5 390 68 36 85 68 64 550 339 68 211 543
651 123 68 390 68 607 86 68 638 68 651
192 51 86 68 158
136 501 68 344 85 359
213 191
258 85 299
611 149 68 36 149 68 247 85 68 246 68 472 68 4 189 149 458
43 86 68 93 194 149 68 258 189 68 70 158 68 397 68 405 68 607 155
350 85
189 68 211 607 50 68 261 158 543 68 569 68 389 240 68 640 68 362 68 569 108 299 550 86 299
568
430 64 359
283 68 5 68 36 149 68 241 68 170 152
137 339
390 68 517 638 68 197 86 68 577 68 607 158 68 51 570 68 170 108 68 569 68 406 472 85 68 245 85
5 189 643 359
607 158 68 241 5 68 36 85
231 240 68 211 86 68 330 108 258 85
86 68 527 68 5 68 607 158 449 68 344 405 68 550 158 359
258 85
189 68 87 189 68 397 68 517 68 651 123 68 640 68 569 68 550 514 199
517 194 213 532
607 158 68 397 189 68 638 68 43 158 68 189 570 550 158
607
611 152
266 204
189 68 5 543 68 397 68 85 152
153 68 158 449 68 261 158 543 68 236 68 330 430 68 564 68 170 449 68 36 149 68 153 189 68 45 569 68 45 569 68 70 158 68 45 569 68 45 569 68 45 569 68 45 569 68 45 569 68 45 569 68 45 569 68 45 569 68 45 569 68 45 569 68 45 569 68 45 569 68 45 569 48 68 45 48 68 45 48 68 635 189 108 68 45 108 68 45 569 68 45 108 68 45 569 68 45 489
501 85 447 158 118 68 5 189 68 5 359
189 68 211 543 68 607 158 68 266 158 204 240 68 261 158 149 258
164 85 447 158 189
611 152 68 64 211 390
607 158 68 258 108 68 36 149
607 158 68 64 149 550
651 123 68 494 68 390 68 532 438
97
189 68 43 158 68 252 158 189 68 321 189 68 162 68 550 430
569 68 36 211 199 68 347 158 68 170
87 543 68 426 158 189 68 231 51 86
607 158 68 494 68 241 85 68 447 158 85 4 85 79 158
36 108 68 607 155 68 258 339
569 68 347 501 68 158 108 68 197 86 68 135 68 607 50
276 85 607
124 68 607 158 189 68 182 149
76 85 222 85
241 540 299
283 68 158 108 68 569 68 359 70 149 657 359 68 339 551 68 339 551 611 299 68 136 479 68 507 449
261 158 397 189
65 86 68 359 149 517
4 570 211 359
569 68 426 158
283 68 390 68 97 68 5 68 640
290 213 211
194 543
258 149 211 85
64 211 258 68 548 68 5 68 321 189 68 87 359 51 570 68 389 158 359
64 211 258 68 136 158 152 68 640 68 36 108 68 161
5 68 527 149 68 261 158 85 68 158 189 152 68 514 199 68 397 68 517 152
43 430
4 85 359 68 5 136 158 359
426 136 158 240
136 479 68 321 189 68 70 158 108 68 347 158 68 607 158 68 5
495 68 390 68 569 68 158 108
258 68 36 149 68 197 86
5 68 527 149 68 261 158 68 197 86 68 170 569 68 51 86 108 68 231 51 86
503 108 68 390 68 569 68 640 607 158 85 222 211 474 85 68 397 85
149 517
64 211 258 68 397 68 276 359 68 36 149
617 68 261 158 543 68 97 68 5 189 68 405 237 108
517 85 258
135 68 321 189
45 4 85
76 406 258 118
97 68 405 189 68 629 68 581 301 290 68 397 68 295 149 68 397 85
158 299 389 158 65 189
19 85 68 638 68 607 155 68 183 339 68 266 149 68 5 343 85 68 517 85 68 189 68 19 85 68 569 68 19 149
577 68 321 240
261 86 68 43 158 68 390 68 97 68 70 189
189 68 261 158 68 517 68 158 108 68 158 245 299 299 359
359 503 158 359 191 415
261 86 68 390 68 97
189 68 261 158 68 607 158 68 389 158 245 258 68 275 68 189 68 5 108
149 43 158 241 85 581
503 189
347 501 359
607 158 68 197 85 68 189
51 68 97 68 5 189
149 550 251 68 136
607 158 68 211 339 68 321 189 68 330 359
577
49 68 5 68 222 476 68 331 108 68 347 158 199 290 85 222 108
531 299 550 158 390 68 59 258 149 211 85 222 389 551
246 531 359
189 68 514 189 68 503 339
390 68 651 123
51 68 189 68 568 68 261 158 543 68 19 85 68 5 225
5 68 527 149 68 261 158 543 68 258 85 4 68 607 155
301 85 359 68 197 4
517 68 201
51 68 189 68 5 189
189 68 389 501 68 207
290 657 359 68 390 479
389 158 251 68 405 152
640 19 266 158
64 211 430 68 501 85 406 149 258 68 607 158
346 211 258 390 68 158 149 115 479
611 4
43 158 68 85 51 86 258
261 86 68 43 158
569 68 426 158 149 517 68 390 68 472 339
189 68 211 607 50 68 397 68 346 68 5 68 64 550 339
189 68 261 158 543 68 397 68 5 189 68 89 158 349
550 86 149
16 158 543 68 607 158 68 394 68 136 158 152 68 321 240 68 514 258
611 86 163
201
43 158 199
49
266 569 108
79 602 211 108
4 258 189 211 359
43 86 68 93 194 149 68 192 68 569 68 550 86 85 68 241 85 68 276 85 68 607 158
153 108 68 390 68 334 68 59 67 343 189 241 68 189 241 68 189 241 199 65 189
4 199 189
4 570 211 359
149 550 158 543
569 68 241 211 48 68 183 189 189
97 68 607 158 68 51 570 68 426 158 85
569 68 189 426 487 68 640 68 5 68 13 551 68 607 155 68 607 155 68 426 86 85
397
283 68 607 158
607 158 85 347 158
76 240 415 68 64 51 108
189 68 550 501 68 397 68 43 430 68 651 123 68 517
283
158 108 68 19 108 68 501 85 4 199 189 68 136 479 68 136 479 108 258 85 258 189 85 68 19 48 68 501 85 68 501 85 68 501 85 68 501 85 68 501 85 68 501 85 68 501 85 68 501 85 4 189 569 108 68 501 85 68 501 85 68 501 85 68 501 85 68 501 85 68 19 108 68 501 85 4 108 68 501 85 68 501 85 68 501 85 68 501 85 68 19 108 68 501 85 68 501 85
390 189
607 158 266 149 68 321 189 68 19 85 68 640 68 97
136 479 68 321 189 68 70 158 108 68 347 158 68 607 158 68 5
170 569 68 197 86 85
503 85 68 517 85 189 68 136 501 68 607 158 189 68 201 85 241 85 359 68 397 68 19 85 189 569 68 525
189 68 5 189
4 85 217
531 85 359 532 85
189 68 87 189 149 68 397 68 158 189 68 15 158 118 68 97 68 59 155 68 330 68 426 158 222
657 68 64 211 430
196 68 5 68 607 158 108 189 149 517 68 246 68 339 551
607 5 68 389 501 68 397 68 43 158 68 334 68 599 211 235 68 79 158 426 86 85 258 503 189
640 638 339
517 415 343 189 68 192 565
430 237 108 68 447 158 517
321 290
261 158 48
527 68 405 68 405 189 68 611 189
503 85 68 5 68 331 149 68 258 290 68 36 149 68 43 532 85 68 611 51 86
43 86 68 93 194 149 68 426 86 68 5 108 68 347 501 551 68 347 501 551
607 158 408 189
19 85
607 158 68 273 68 607 158 68 189 68 350 85
651 123 68 241
16 158 543 68 607 158 68 241 85 359 68 5 108 258 68 640 68 514 430
79 158 108 68 321 85 68 64 211 565
503 85
158 152 68 261 158 108 68 158 108 68 517 4 4 240
54 158 68 611 438 415
261 86 68 158 189 152 88 68 406 430
189 543 13 359
503 189 68 517 194 68 258 68 362 68 651 123
447 158 199
241 654 68 552 85 68 397 68 136 68 189 68 569 68 51 570
607 158 189 569 108 68 642 149 550 86
447 158 64 225
97 68 552 85 68 430 68 607 155 68 397 189 68 65 189
389 501 68 490 359
347 158
5 68 527 149 68 153 543 68 569 68 550 430 108
153 108
261 86 68 527 68 331 108 68 79 158 568 85
97 68 258 108 68 5 155 211 48
607 158 451 359
36 85 607 68 79 331 487 149
261 158 543 68 347 158
43 86 68 194 68 550 501 68 607 158 68 657 523 405 397 68 241 68 19 85 68 5 68 552 85 359 68 552 85 359 68 359 68 189 550 86 19 85 359 68 570 550 86 19 85 331 487 359 68 189 550 86 19 85 359 68 189 550 86 19 489 68 189 68 397 68 207 108 68 189 68 189 68 189 68 189 68 189 68 189 68 189 68 189 68 189 68 207 108 68 189 68 189 68 189 68 189 68
158 36 85 359 68 339 68 390 68 126 442 194
5 543 389 158 85 68 330 406 158 359
97 68 397 68 5 211 48
503 189 68 5 68 137 158 543 68 397 68 5 68 405 68 417
97 68 273 68 197 86 68 241 85 68 189 68 611 489 68 197 86 68 550 339 68 550 339
97 68 607 68 569 68 321 241 258 359 68 5 108 438 299
657 68 405 517 117 68 569 68 344 149 68 189 569
241 65
64 211 430 68 514 240 359 283 68 640 68 97
59 199 149 68 64 211 430
651 123 68 569 68 134 415 68 472 68 197 86
607 158 68 54 349 85 359 68 397 68 266 158 68 241 68 86 163 68 331 149 68 339 68 550 339
189 149 359 4 68 197 86
5 68 527 149 68 607 158 68 607 158 68 5 290 266 85 68 51 86 189 68 64 211 406 158 299 68 64 389 158 623
189 68 253 68 36 149 68 607 155 68 45 27
79 86 149 438 68 158 108 68 321 189 68 426 155
347 189
204 152 68 36 149
231 51 86 68 283 68 517 68 189 68 640 68 241 85 68 36 149 68 397 550 158 85
607 158 68 197 85 68 97 68 189 540 68 330 68 330 123 68 577
189 170 299
189 68 261 158 68 607 158 68 197 86 68 479 261 158 517
87 68 81 68 43 532 204
389 189
503 189 68 390 68 569 68 189 347 158 551
577 68 321 240
36 108 68 330 68 330 68 629 68 339 68 354
13 551
517 299 149 68 599 68 5 68 503 158 68 19 108 68 51 86 68 211 406 158 299 68 115 479 299 68 189 565
97 68 405 68 183 155 442
19 540 68 607 158 68 593 89 158
642 149 532 68 397 68 64 211 430
211 543
189 68 389 501 68 36 149
76 85 359 68 640 68 135
4 4 4 240 85
64 550 158 68 321 189 68 569 68 405 108 258 390
115 158 145
5 343 158 19 68 64 211 258
158 108 68 569 68 115 158 251 68 607 158 87 152
607 158 68 189 514 85 299
64 211 430 68 258 347 189 68 569 68 389 158 189 68 241 85 68 241 85 189 334 108
5 68 331 149 68 196 68 447 158 19 68 321 108 68 59 199 19 85
321 189 68 87 449 68 642 149 86 189 68 359 189 79
158 108 569 68 258 247 68 4
261 86 68 158 189 85 68 192 565
507 19 68 197 86 68 517 85 299 68 241 68 569 330
273 68 97 68 607 347 211 85 565 359
158 449 68 211 517 68 45 108 68 197 86 68 43 158 68 19 68 189 68 43 158 68 222 70 158 68 153 189
611 189 330 149 550 158 299 565 68 321 189 68 15 189 550 339 68 611 189 68 43 158 68 321 290 85
517 194 68 607 158 152 68 607 158 68 447 158 85 68 153 108
36 108 68 79 430 241 85 359 68 64 211 390
87 442 68 253
87 68 197 86 68 577 68 359 16 569 108 68 5 108 68 321 569
503 339
54 86 68 405 85 68 158 247 85 36 189
607 158 85 68 189 68 136 501 68 36 108 68 607 85
525 68 4 85 68 447 158 85 565
36 149 68 397
390 68 651 123 68 397 538 158 189 68 241 68 36 85 152 68 389 158 237 68 211 408 68 339 68 359 68 426 149 51 86 108
390 68 19 85 68 197 158 68 189 85 261 569 68 212 450 68 36 149
607 158 68 158 108 70 158 359
97 68 153 158 635
607 158 241 197 213
196 68 5 68 390 68 97 68 321 569 68 550 158 108 68 517 194 85 68 397 68 5 85 68 397
331 149
54 86 68 5 68 607 158 85
258 299 68 390 68 629
192 68 153 108 68 149
43 430 119
189 68 583 68 321 189 68 426 339
261 86 68 158 108 68 36 149 68 5 189 570
149 397
189 68 550 501 68 607 158 68 5 189 406 85 149
266 158 415 51 86
607 158 68 51 85
657 551 607 158
246 68 607 158 68 389 158 251 68 347 158 68 397 68 19 68 569 68 607 158 48
170 524 211 565 347 158 551
607 158 68 5 189 241 158 189 65 189 68 331 149
507 19 68 197 86 68 517 85 299 68 241 68 569 330
134 222 108
43 532 349
86 149 532 68 36 149 68 397 68 43 158 68 261 158 189 68 258 136 430 68 283 68 503 158
189 68 5 189 68 577 68 97
19 85 68 347 158 118
189 569 108 68 64 211 438
158 85 331 430 68 45 108 359
261 86 68 158 449 68 189 68 611 189 149 68 36 108 68 346
43 158 68 548 108 258
290 213 68 64 261 189
517 194 514 189
51 570 68 87 152 211
607 158 68 213 211 652 68 153 108
321 68 189 68 611 189
397 4
162
394 149
607 158 68 211 222 68 211 158 359
261 86 68 246 68 170 68 426 339 68 5 189 68 211 251 85
5 68 527 149 68 192 51 86 68 607 158 68 524 189 54 86
283
258 189 426 158 543 68 426 237
540
64 211 258 68 548 68 36 108 68 258 339 68 405 152 68 397 68 569 68 89 158 290 85 68 241
607 86 85 5
503 108 68 390 68 378 85 359 550 158 405 108 68 321 189
136 158 152 68 607 158 68 211 108 68 607 158 189 68 273 299 68 149 68 36 211 517 85 68 43 86
5 68 527 149 68 607 158 68 607 158 68 390 68 611 189
657 68 153 108 68 36 149 68 158 108
4 149 258 390
19 108
5 68 527 149 68 607 158 68 607 158 68 241 68 162
4 334
5 68 527 149 68 607 158 68 330 68 525 551 68 347 501 551
153 108 68 390 68 569 68 507 19 489 68 640 211 199 65 189 68 241 68 241 68 4
503 189 68 607 158 68 36 149 68 97 68 266 479 68 189 108 611 152
4 85 217
321 531 430
