607 158 68 569 68 569 68 85 359 68 85 359
607 158 68 5 68 189 68 189
607 158 68 5 68 5 68 5 68 5 68 5 68 5 68 569 68 569
607 158 68 607 158 68 607 158 68 397 68 397
607 158 68 5 68 5
607 158 68 5 68 5 68 5
211 149
607 158 68 607 158 68 607 158 68 5 68 607 158 68 517 68 569 68 569 68 5 68 5 68 5 68 5 68 5 68 5 68 5 68 5 68 5 68 5 68 5 68 5 189 68 5 68 5 68 5 68 5 68 5 68 5 68 5 68 5 68 5 189 68 5 189 68 5 189 68 5 68 158 108 68 158 108 68 158 108 68 158 108 68 85 68 85 68 189 68 85 68 85
607 158 68 5 68 189 68 189 68 5 68 5 68 5 68 189
607 158 68 5 68 397
607 158 68 607 158 68 607 158 68 5 68 5 68 5 68 5 68 189 68 189 68 5 68 5 189
607 158 68 607 158 68 189 68 5 68 5 68 5 68 5 68 189
607 158 68 5 68 5
607 158 68 5 68 5 68 5
607 158 68 5 68 5 189
85 359
607 158 68 189 68 189 68 189 68 569 68 189 68 189
607 158 68 5 68 189 68 189 68 189 68 189 68 189
607 158 68 5 68 189
607 158 68 5 68 5
85 359
607 158 68 607 158 68 607 158 68 5 68 5 68 5 68 189 68 189 68 189
85 359
607 158 68 569 68 189 68 189 68 569 68 569
389 158 149
607 158 68 607 158 68 607 158 68 5 68 607 158 68 5 68 569 68 189 68 189
19 85 359
607 158
430 359
85 359
607 158 68 569 68 189 68 189 68 569 68 569 68 189 85 359
85 359
607 158 68 5 68 5 68 5 68 5 68 5 68 5 68 5
85 359
607 158 68 19 85 359 68 189 68 569 68 569
261 86
607 158 68 607 158 68 189 68 189 68 5 68 5 68 189
607 158 68 5 68 189 68 189 68 189 68 189 68 189
85 359
19 85 359
607 158 108
607 158 68 5 68 5 68 5
607 158 68 189 68 189 68 189 68 189 68 189
85 359
321 247
607 158
607 158 68 607 158 68 607 158 68 569 68 607 158 68 569 68 569 68 189
607 158 68 5 68 5 68 5 68 5
607 158 68 607 158 68 607 158 68 5 68 5 68 5 68 569 68 569 68 189
607 158 68 5 68 189 68 189 68 569 68 569 68 189
211 108
607 158 68 5 68 189 68 189 68 569 68 569 68 517 85 359
607 158 68 607 158 68 607 158 68 5 68 607 158
5 189
607 158 68 607 158 68 607 158 68 569 68 569 68 569 68 569 68 569 68 569 68 569 68 569 68 189
607 158 68 5 68 189 68 189 68 189 68 189 68 189
607 158 68 189 68 189 68 189 68 189 68 189
607 158 68 5 68 5
607 158 68 5
607 158 68 158 68 569 68 569 68 569 68 569
261 86
607 158 68 607 158 68 189 68 189 68 5 68 5 68 189 68 189 68 189
85 359
607 158 68 607 158 68 189 68 189 68 5 68 5 68 5 68 189 68 189 68 189 68 189
261 86 68 5
607 158 68 607 158 68 189 68 569 68 569 68 569 68 569 68 569 68 189
607 158 68 607 158 68 189 68 189 68 189
607 158 68 5 68 5 68 5
607 158 68 5 68 5 68 5 68 5 68 5 68 5 68 5
607 158 68 5 68 5 68 5
607 158 68 5 68 189 68 5 68 5 68 5 68 5 68 189
607 158 68 5 68 189 68 189 68 189 68 189
261 86
607 158 68 607 158 68 607 158 68 5 68 607 158 68 5 68 569 68 569 68 5
85 359
211 149
607 158 68 5 68 189
241 359
607 158 68 5 68 5 68 189 68 5 68 5 189
607 158 68 607 158 68 607 158 68 5 68 607 158 68 5 68 569 68 5 68 5 68 5 68 5 68 5 68 5 68 5 68 5 68 5 68 5 68 5 68 5 68 5 189 68 5 68 5 68 5 68 5 68 5 68 5 189 68 5 68 5 189 68 5 189 68 5 189 68 5 68 5 68 158 108 68 158 108 68 158 108 68 158 68 158 68 5 68 5 68 5 68 5 68 189 68 158 86
607 158 68 5 68 5 68 5 68 5
607 158 68 607 158 68 189 68 189 68 5 68 5 68 189 68 189 68 189
607 158 68 5 68 189
607 158 68 5 68 5 68 5 68 5
607 158 68 5 68 5 68 397
607 158 68 607 158 68 189 68 5 68 5 68 5
607 158 68 607 158 68 189 68 189 68 189 68 189 68 189 68 189
607 158 68 607 158 68 607 158 68 189 68 607 158 68 189
607 158 68 189 68 189 68 189
430
607 158 68 607 158 68 189 68 569 68 569 68 569 68 569 68 569 68 569
607 158 68 569 68 85
607 158 68 569 68 569 68 569 68 569
607 158 68 5 68 5 68 5 68 5 68 5 68 5 68 5 68 5
19 85 68 19 85
85 359
607 158 68 5 68 5 68 189 68 5 68 5
85 359
19 85 68 569 68 85 359
85 359
607 158 68 569 68 569 68 569 68 569 68 569
430 359
607 158 68 5 68 189 68 189 68 5
321 240
85 359 68 85 359
607 158 68 189 68 189 68 189 68 189 68 189
283 68 5 68 5
607 158 68 5 68 5
607 158 68 5 189
607 158 68 607 158 68 5 68 5 68 5 68 5 68 5 68 189 68 189
189
607 158 68 5 68 189 68 517 68 517 85 359
85 359 68 569 68 189
607 158 68 189 68 189
607 158 68 607 158 68 607 158 68 5 68 607 158 68 5 68 397 68 397 68 5 68 5 68 5 68 5 68 189
19 85 359
607 158 68 5 68 5
607 158 68 5 68 5
607 158 68 5 68 5
607 158 68 5 68 189 68 189
607 158 68 607 158 68 5 68 5 68 5 68 5 68 5 68 5 68 189
607 158 68 569 68 569 68 569 68 569 68 569 68 85 359
607 158 68 607 158 68 189 68 189 68 5 68 5 68 189
607 158 68 569 68 397 68 397
607 158 68 5
607 158 68 607 158 68 189 68 189 68 569 68 569 68 569 68 569 68 189
397
607 158 68 189 68 189 211 108
607 158 68 5 68 5 68 5 68 5 68 5 68 5 68 5
607 158 68 607 158 68 607 158 68 5 68 5 68 5
607 158 68 607 158 68 189 68 5 68 569 68 5 68 5 68 569 68 189 68 189
211 108
607 158 68 5 68 5
85 359
85 359
607 158 108 68 189 68 189
607 158 68 5 68 5 68 189 68 5 68 5
321
607 158 68 607 158 68 189 68 189 68 189 68 607 158 108
283
607 158 68 607 158 68 607 158 68 158 68 607 158 68 158
19 85 68 189 211 108
283 68 5
607 158 68 5 68 5 68 5 68 5 68 5

607 158 68 5 68 5 68 5 68 5 68 5 68 5
607 158 68 607 158 68 189 68 5 68 5 68 5 68 5 68 569 68 189
607 158 68 5 68 5 68 5 68 5 68 5 68 5 68 5
607 158 68 5
283 68 5
607 158 68 5 68 5 68 5 68 5 68 5
607 158 68 158 68 158
607 158 68 607 158 68 5 68 5 68 5 68 5 68 5 68 5 68 189
607 158 68 5 68 189 68 189 68 5 189 68 5 189
85 359 68 85 359
85 359
607 158 68 5 68 5 68 5 68 5 68 5
607 158 68 5 68 5 68 189 68 5 68 5
607 158 68 607 158 68 189 68 189 68 569 68 607 158 108 68 569 68 569 68 189
240
607 158 68 607 158 68 607 158 68 569 68 569 68 569 68 569 68 569 68 569 68 569 68 189
85 359
607 158 68 158 68 158
85 359
607 158 68 517
607 158 68 607 158 68 189 68 189 68 569 68 607 158
240 211 149
607 158 68 189 68 189 68 189 211 108
240 211
607 158 68 517
607 158 68 607 158 68 189 68 569 68 569 68 569 68 569 68 569 68 189
85 359
607 158 68 607 158
607 158 68 5 68 189 68 189 68 5 68 5 68 5 68 189
607 158 68 5 68 5 68 5
85 359 68 85 359
85 359
607 158 68 5 68 189
607 158 68 517
607 158 68 397 68 397
283 68 189 68 189
607 158 68 5 68 5 68 5
607 158 68 5 68 5 68 5
607 158 68 607 158 68 607 158 68 569 68 569 68 569 68 569
607 158 68 5 68 5 68 5 68 5 68 5
607 158 68 189 68 189 68 189 68 189
607 158 68 5 68 5 68 5 68 5 68 5
85 359 68 189 68 189 85 359
607 158 68 5 68 5 68 5
607 158 68 607 158 68 607 158 68 5 68 607 158 68 5 68 189 68 189 68 189 68 189
607 158 68 5 68 189 68 189 68 5 68 5 68 5
607 158 68 5 68 5 68 5 68 5 68 5
430
607 158 68 569 68 569 68 569 68 569 68 569
607 158 68 607 158 68 5 68 5 68 5 68 5 68 5 68 5 68 189
607 158 68 607 158 68 607 158 68 607 158 68 607 158
607 158 68 189 68 189 68 189 68 189 68 189
607 158 68 189 68 189 68 189 68 189 68 189
607 158 68 189 68 189 211 108
607 479 68 5
607 158 68 5 68 189 68 189 68 189 68 189
85 359
607 158 68 189 68 189 68 189 68 189 68 189
607 158 68 5 68 5 68 189 68 5
607 158 68 5 68 5 68 5
283 68 5 68 5 68 189
607 158 68 189 68 189 68 189 68 569 68 189 68 189 68 569 68 189
607 158 68 5 68 5 68 5 68 569 68 569
339 551 68 85 359
397
607 158 68 607 158 68 189 68 189 68 569 68 189 68 569 68 569 68 189 68 189
607 158 68 607 158 68 189 68 189 68 5 68 189 68 189 68 189
607 158 68 607 158 68 189 68 189 68 569 68 189 68 569 68 569 68 189
85 359 68 85 359 68 85
564 68 517 68 640
607 158 68 189 68 189 68 189 68 189 68 189
85 359 68 85 359
397
211 108
607 158 68 607 158 68 5 68 5 68 5 68 5
607 158 68 607 158 68 607 158 68 569 68 607 158 68 569 68 569 68 189
607 158 68 607 158 68 189 68 189 68 569 68 189 68 189
607 158 68 569 68 569 68 569 68 569 68 569 68 569 68 569 68 569 68 569 68 569 68 189
607 158 68 607 158 68 607 158 68 5 68 5 68 5 68 5 68 397 68 5
607 158 68 569 68 569 68 569
607 158 68 607 158 68 189 68 189 68 5 68 5 68 5 68 189 68 189
607 158 68 607 158 68 569 68 569 68 569 68 569
607 158 68 189 68 189 68 189 68 189 68 189 68 189
607 158 68 5 68 189 68 189 68 189
607 158 68 607 158 68 607 158 68 607 158 68 607 158 68 158 68 607 158 68 607 158 68 607 158 68 5 68 189
607 158 68 607 158 68 607 158 68 5 68 607 158 68 5 68 569 68 5 68 5 68 5 68 5 68 5 68 5 68 5 189 68 5 68 5 68 5 68 5 68 5 189 68 5 68 5 68 5 68 5 68 5 68 5 189 68 5 189 68 5 189 68 5 189 68 5 189 68 5 68 5 68 158 108 68 158 108 68 158 108 68 158 108 68 5 68 5 68 5 68 5 68 189 68 189 68 158
85 359 68 85 359
321 240
607 158 68 5 68 5 68 189 68 5 68 5
607 158 68 5 68 5
607 158 68 5 68 397 68 517
607 158 68 607 158 68 569 68 569 68 569 68 569 68 569 68 569 68 569 68 189
607 158 68 517
389 158 149
607 158 68 189 68 189 68 189 68 569 68 189
607 158 68 607 158 68 189 68 189 68 569 68 189 68 517
389 158 108
607 158 68 5 68 5 68 5
607 158 68 569 68 85 359
607 158 68 5 68 5 68 5 68 5
607 158 68 189 68 189 68 189
607 158 68 5 68 189 68 189 68 5 68 5 189 68 189 68 189
607 158 68 189 68 189
85 359
283 551
607 158 68 5 68 569 68 569 68 569 68 569 68 517
607 158 68 189 68 189 68 189 68 189 68 189 68 189
339
211 108
607 158 108 68 569 68 517
607 158 68 5 68 5 68 189 68 5 68 5 189
19 85 359
607 158 68 607 158 68 607 158 68 5 68 5 68 5 68 5 68 189 68 189
607 158 68 5 68 5 68 5 68 5 68 5 68 5 68 5
211 149
5
607 158 68 5 68 189 68 189 68 189 68 5 189 68 189
240 211
607 158 68 5 68 5 68 5 68 5
607 158 68 607 158 68 607 158 68 5 68 5 68 5 68 5 68 397 68 5 68 5 68 5 68 5 68 5 68 5 68 5 68 5 68 5 68 5 68 5 68 5 189 68 5 68 5 68 5 68 5 68 5 68 5 68 5 68 5 68 5 189 68 5 189 68 5 189 68 5 68 5 68 5 68 5 189 68 5 68 5 68 5 68 5 68 189 68 189 68 5 68 189 68 189 68 189 68
430 359
85 359 68 85 359 68 85 359
85 359
389 158 149
607 158 68 5 68 5 68 5
240 211
339 68 158 108
564
607 158 68 158 68 5
607 158 68 189 68 189 68 189 68 189 68 189 68 189
607 158 68 607 158 68 607 158 68 5 68 607 158 68 5 68 397 68 397 68 5 68 5 68 5 68 5 68 189
85 359
85 359
607 158 68 85 68 569 68 85 359 68 85 359
607 158 68 5 68 5 68 5 68 5 68 5
607 158 68 5 68 5 68 189 68 5
607 158 68 5
607 158
211 240
607 158 68 517
607 158
189
607 158 68 607 158 68 607 158 68 5 68 5 68 5 68 5 68 189
607 158 68 158 68 397 68 189
607 158 68 5 68 5
607 158 68 607 158 68 189 68 189 68 569 68 189 68 189
607 158 68 5 68 5
607 158 68 5 68 189 68 189 68 189 68 189
607 158 68 189 68 189 68 189
607 158 68 607 158 68 189 68 5 68 5 68 5 68 5 68 189 68 189 68 189 68 5 189
607 158 68 607 158 68 189 68 189 68 189 68 607 158 68 189 68 189 68 189 68 189
607 158 68 607 158 68 189 68 189 68 5 68 189 68 189 68 189
607 158 68 5 68 5 68 189 68 5 189
607 158 68 607 158 68 607 158 68 5 68 5 68 5 68 569 68 569 68 189 68 189
607 158 68 5 68 5 68 189 68 5 68 5 68 5
430
607 158 68 5 68 189 68 189 68 5 189 68 5 189 68 189
607 158 68 5 68 189 68 189 68 5 68 5 68 5 68 189 68 189
607 158 68 5 68 5 68 5 68 5 68 5
607 158 68 189 68 189 68 189 68 189
607 158 68 5 68 5 68 5 68 5 68 5
607 158 68 5 68 5
607 158 68 607 158 68 189 68 569 68 569 68 569 68 569 68 569 68 569
607 158 68 5 68 397 68 397
607 158 68 5 68 5 68 5 68 5
607 158 68 517
85 359
607 158 68 607 158 68 5 68 5 68 5
607 158 68 607 158 68 607 158 68 5 68 5 68 5 68 5 68 5 68 5 68 5 68 5 68 5 68 5 68 5 189 68 5 189 68 5 189 68 5 189 68 5 189 68 5 189 68 5 68 5 68 5 68 5 189 68 5 189 68 5 189 211 108 68 5 189 68 5 189 68 5 189 68 158 108 68 158 108 68 158 108 68 158 68 5 68 189 68 189 68 5 68 189 68 189 68 189 68
261 86

607 158 68 607 158 68 607 158 68 5 68 607 158 68 5 68 5 68 189
607 158 68 5 68 5 68 5 68 5 68 5 68 5
189
607 479 68 5
64 211
85
607 158 68 189 68 189
607 158 68 569 68 569 68 85

211
430 68 430 68 430
607 158 68 5 68 5 189
85 359 68 640
607 158 68 607 158 68 5 68 5 68 5 68 5 68 5
607 158
607 158 68 607 158 68 189 68 5 68 5 68 5
607 158 68 569 68 189 68 189 68 569 68 189
607 158 68 607 158 68 189 68 189 68 569 68 569 68 569 68 569 68 189
607 158
607 158 68 607 158 68 607 158 68 5 68 5 68 5 68 5 68 189 68 189 68 5 68 5 68 189
283
607 158 68 5 68 5 68 5
607 158 68 569 68 189 68 189 68 569 68 569
607 479 68 517
607 479 68 5
607 158 68 607 158 68 607 158 68 569 68 569 68 569 68 569 68 569 68 569 68 569 68 189
607 158 68 517
607 158 68 5 68 5 68 5 68 5 68 5 68 5 68 5
607 158 68 5 68 397 68 189
607 158 68 607 158 68 607 158 68 5 68 607 158 68 5 68 569 68 569 68 189 68 5 68 189
607 158 68 189 68 189 211 108
607 158 68 189 68 189 68 189 68 189 68 189 68 189
607 158 68 5 68 189
607 158 68 339
607 158 68 607 158 68 189 68 5 68 5 68 5 68 189 68 189 68 189 68 189
607 158 68 607 158 68 189 68 5 68 5 68 5 68 189 68 189
607 158 68 607 158 68 5 68 5 68 5 68 5 68 5 68 5 68 5 68 5 68 5 68 5 68 189
607 158 68 5 68 189 68 189 68 569 68 569 68 569
607 158 68 569 68 569 68 569 68 569 68 569 68 569 68 85 359
607 158 68 5 68 189 68 189 68 5 68 5 68 5 68 5 68 189 68 189 68 189 68 189
607 158 68 607 158 68 189 68 189 68 5 189
283 68 85 359 68 569 68 85
607 158 108 68 569 68 569 68 569
283 68 5 68 189 68 189 68 189 68 569 68 189
85 359
607 158 68 5 68 189 68 189
85 359
607 158 68 569 68 569 68 569 68 85 359
607 158
261 86
607 158 68 569 68 397 68 397
389 158 149
607 158 68 5 68 189 68 189 68 5 68 5 68 5
607 158 68 607 158 68 607 158 68 5 68 5 68 5 68 5 68 189 68 189 68 5 68 5 68 189
607 158 68 5 68 5 68 5 68 5 68 5
607 158 68 158 108 68 189 68 189 68 85
607 158 68 189 68 189 68 189 68 189 68 189
607 158 68 607 158 68 189 68 5 68 569 68 5 68 569 68 569 68 189
607 158 68 607 158 68 607 158 68 5 68 607 158 68 569 68 569 68 569 68 5 68 5 68 189
5
607 158 68 5 68 189
607 158 68 569 68 189 68 189 68 569 68 569 68 569
339
607 158 68 5 68 5 68 189 68 5 68 5 68 5 68 189 68 189
85 359
607 158 68 569 68 569 68 569 68 569 68 569 68 569 68 85
607 158
607 158 68 158 68 607 158 68 569 68 569 68 569 68 569 68 569 68 189
607 158 108
19 85
607 158 68 607 158 68 189 68 189 68 569 68 189 68 569 68 569 68 189 211 108
607 158 68 607 158 68 607 158 68 5 68 5 68 5
607 158 68 569 68 189 68 189 211 108
607 158 68 607 158 68 189 68 189 68 5 68 189 68 189 68 189 68 189
261 86 68 640
607 158 68 85 359 68 569 68 85
607 158 68 5 68 5
430
607 158 68 607 158 68 189 68 5 68 5 68 5 68 5 68 189 68 189
321 240 211
85 359
607 158 68 5 68 5 68 5
19 85
607 158 68 85 359 68 569 68 85 359
211
607 158 68 607 158 68 189 68 189 68 569 68 607 158 108 68 569 68 189
607 158 68 5 68 397 68 397
607 158 68 5 68 5 68 5 68 5 68 5
607 158 68 5 68 189 68 189 68 189 68 5 68 5 68 189
607 158 68 607 158 68 5
607 158 68 189 68 189 68 189 68 189 68 189
607 158 68 189 68 189 68 189
607 158 68 607 158 68 607 158 68 5 68 5 68 5 68 5 68 189
85 359
607 158 68 607 158 68 189 68 189 68 569 68 189 68 569 68 569 68 189
607 158 68 5 68 5 68 5 68 5 68 5
85 359
607 158 68 5 68 5 68 5 68 5 68 5
283
607 158 68 607 158 68 607 158 68 569 68 607 158 68 569 68 569 68 189
607 158 68 85 68 569 68 85 68 85 359
607 158 68 189 68 189 68 189 68 189 68 189 68 189 68 569 68 189
607 158 68 5 68 5 189 68 5
607 158 68 607 158 68 189 68 189 68 5 189 68 189 68 189
85 359 389 85 359
607 158 68 517 68 517
607 158 68 5 68 189 68 189 68 5 189 68 5 189
607 158 68 5 68 5 68 5 68 5
607 158 108
607 158 68 5 68 5 68 5 68 5 68 5 68 5
607 158 108
189 211 108
85 359 389 85 359
607 158 68 5 68 5 68 5 68 5 68 5 68 5 68 189
5
283 68 5
607 158 68 569 68 569 68 569 68 569
607 158 68 5 68 189 68 189 68 5 68 5 68 5 68 189 68 189
607 158 68 5 68 5 68 5 68 5 68 5 68 5
321 240
607 158 68 607 158 68 607 158 68 569 68 569 68 569 68 569 68 569 68 189
85 359
607 158 68 5 68 189 68 189 68 189 68 189
430 359
607 158 68 607 158 68 189 68 189 68 569 68 189

607 158 68 5 68 5
607 158
607 158 68 607 158 68 569 68 569 68 569 68 569 68 569 68 569 68 569 68 569 68 569 68 569 68 189
211 149
607 158 68 607 158 68 189 68 189 68 5 68 189 68 189 68 189

607 158 68 607 158 68 607 158 68 569 68 569 68 569 68 569 68 569 68 569 68 189
607 158 108
607 158 68 5 68 397
85 359
607 158 68 607 158 68 189 68 189 68 189 68 189 68 189 68 189 211 108
430
607 158 68 5 68 5 68 5 68 5 68 5 189
607 158 68 607 158 68 607 158 68 5 68 5 68 5 68 5 68 189 68 189
85 359
607 158 68 5 68 189 68 189 68 5 68 5 189 68 189
607 158 68 569 68 569 68 569 68 569 68 569 68 569 68 85 359
607 158 68 5 68 5
607 158 68 5 68 5 68 5 68 5 68 5 68 5
607 158 68 5 68 5 68 5
607 158 68 569 68 189 68 189 68 569 68 569 68 569 68 85
607 158 108 68 85 359
607 158 68 5 68 569 68 517
607 158 68 607 158 68 189 68 5 68 5 68 5 68 5 68 189 68 189
85 359
85 359
211 189 211
607 158 68 5 68 5 68 5 68 5 68 5 68 5 68 569 68 189
85 359 68 85 359
607 158 68 607 158 68 189 68 189 68 189 68 189 68 189
85 359
607 158 68 5
607 158 68 5 68 640
85 359
607 158 108
607 158 68 189 68 189 68 189 68 569 68 189 68 189 68 569 68 189
607 158 68 5 68 5 68 5 68 5 68 5 68 5
19 85 68 19 85 359 68 189 68 19 85
607 158 68 158 68 158
19 85 359
607 158 68 5 68 189 68 189 68 5 68 5 68 5
607 158 68 5 68 5 68 5
607 158
211
607 158 68 5 68 5 68 5 68 5 68 5 68 5
19 85 359
607 158 68 607 158 68 189 68 189 68 569 68 189 68 189 68 569 68 189
607 158 68 5 68 5 68 5 68 5 68 5 68 5
607 158 68 5 68 5 68 5 68 5 68 5 68 5 68 189
607 158 68 607 158 68 607 158 68 5 68 5 68 5 68 569 68 569 68 189
607 158 68 5 68 189 68 189 68 5 68 5 68 5 68 189 68 189
607 158 68 607 158 68 189 68 5 68 5 68 5 68 5 68 189 211 108
85 359 68 85 359
607 158 68 569 68 189 68 189 68 569 68 569 68 569
430 149
607 158 68 607 158 68 607 158 68 5 68 5 68 5 68 5 68 189
607 158 68 5 68 5 68 5 68 5 68 5
85 359
607 158 68 5 68 189
607 158 68 569 68 569 68 569 68 85 359
85 359
607 158 68 189 68 189 211 108
607 158 68 607 158 68 189 68 189 68 607 158 68 189 68 569 68 189 68 189
607 158 68 607 158 68 607 158 68 569 68 569 68 569 68 569 68 569 68 189
240 211
607 158 68 5 68 189 68 189 68 5 68 5 189 68 5
607 158 68 607 158 68 189 68 189 68 607 158 68 5 68 189
607 158 68 569 68 569 68 569 68 85 359
261 86
607 158 68 5 68 5
240 211
85 359
607 158 68 5
607 158 68 189 68 189 68 189 68 189 68 189 211 108
85 359
607 158 108
607 158 68 5
607 158 68 5 68 5 68 5
607 158 68 430 68 430
607 158 68 569 68 569 68 569 68 85
607 158 68 607 158 68 5 68 5 68 5 68 5 68 5 68 5 68 189
607 158 68 607 158 68 5 68 5 68 5 68 5 68 5 68 189 68 189 68 5 68 5 68 5 68 189
19 85
189 211
607 158
607 158 149
430
85 359 68 85 359
607 158 68 607 158 68 607 158 68 569 68 569 68 569 68 569 68 569 68 189 68 189 68 189
85 359
607 158 68 607 158 68 607 158 68 569 68 569 68 569 68 569 68 569 68 569 68 569 68 189
261 86
261 86 68 5
607 158 108
607 158 68 19 85 68 19 85
607 158
607 158 68 5 68 5
607 158 68 5 68 5 68 5 68 5 68 5 189
85 359 68 85 359
607 158 68 607 158 68 607 158 68 607 158 68 607 158 68 569 68 569 68 569 68 569 68 607 158 68 189
607 158 68 189 68 189 211 108
211 108
607 158 68 189 68 189 68 189 68 189 68 189 68 189 68 189 68 189 211 108
85 359
607 158 68 607 158 68 189 68 189 68 189 68 189 68 189 68 189
607 158 68 569 68 569 68 569 68 569
607 158 68 5 68 5
321 247
19 85
85 359 68 85 359
607 158 68 5 68 5 68 5 68 5
607 158 68 607 158 68 189 68 189 68 5 68 607 158
607 158 68 607 158 68 5 68 5 68 5 68 5
85 359
85 359
283 68 5
19 85 359
607 158 68 607 158 68 189 68 189 68 569 68 189 68 569 68 569 68 189
85 359

607 158 68 607 158 68 607 158 68 607 158 68 607 158 68 158 68 569 68 607 158 68 607 158 108
607 158 68 158 68 430
607 158 68 5 68 5
607 158 68 607 158 68 5 68 5 68 5 68 5 68 5 68 189 68 189
85 359 68 569 68 189
607
607 158 68 5 68 5 68 5 68 5 68 5
607 158 68 5
607 158 68 607 158 68 5 68 5 68 5 68 5 68 5 68 5 68 189 68 5 68 5 68 5 68 189
607 158 68 569 68 189 68 189 68 569 68 569
607 158 68 5 68 5
607 158 68 85 68 85 359 68 85 359
607 158 68 607 158 68 189 68 189 68 5 68 5
607 158 68 607 158 68 189 68 189 68 5 68 189 68 189 68 189 68 189
5 189
607 158 68 569 68 189
607 158 68 607 158
607 158
283 68 5 68 397
607 158
85 359
607 158 68 569 68 569 68 569 68 569 68 569 68 569
261 86 68 5
607 158 68 607 158 68 607 158 68 607 158 68 607 158 68 158 68 158 68 607 158 68 607 158 68 189
607 158 68 607 158 68 5 68 5 68 5 68 5
607 158 68 5 68 189 68 189
283 68 517
261 86 68 5
607 158 68 5 68 5 68 5 68 5
607 158 68 607 158 68 189 68 189 68 189 68 189 68 189 68 189 211 108
19 85 359
85 359
430
607 158 68 5 68 5 68 5 68 5 68 5 68 5
85 359
430
189 211
283
607 158 68 5 68 189
261 86 85
607 158 68 607 158 68 607 158 68 5 68 607 158
607 158 68 607 158 68 5 68 5 68 5 68 5 68 5 68 5 68 5 68 5
85 359
607 158 68 607 158 68 607 158 68 5 68 607 158 68 5 68 569 68 189 68 189 68 189
430 359
607 158 68 607 158 68 607 158 68 607 158 68 607 158
283
607 158 68 5 68 189 68 189 68 5 189
607 158 68 5 68 189 68 189 68 5 68 5 68 5 68 189 68 189 68 189 68 189
607 158 68 5 68 5 68 5 68 5 68 5
607 158 68 607 158 68 189 68 189 68 189 68 189
211 108
607 158 68 5 68 5
607 158 68 607 158 68 607 158 68 5 68 607 158 68 5 68 569 68 397
607 158 68 5 68 189 68 189 68 189 68 5
607 158 68 5 189
85 359 68 85 359
607 158 68 607 158 68 5 68 5 68 5 68 5 68 5 68 569 68 189
85 359 68 569 68 569 68 189
607 158 68 5 68 189 68 189 68 5 189
607 158 68 189 68 189 68 189
430
607 158 68 607 158 68 189 68 189 68 569 68 569 68 569 68 569 68 189
607 158 68 607 158 68 5 68 5 68 5 68 5 68 5 68 189 68 189
607 158 68 607 158 68 607 158 68 5 68 5 68 5 68 569 68 569 68 189 68 5 68 5 68 189
607 158
607 158 68 5 68 5 68 5 68 5
607 158 68 5 68 5 68 5 68 5 68 5 68 5 68 5 68 5
85 359 68 85
607 158 68 5 68 5
607 158 68 569 68 189 68 189 68 569 68 569 68 569 68 85 359
607 158 68 569 68 569
85 359 68 85 359
607 158 68 517 68 517
149
85 359
607 158 68 569 68 397 68 397
607 158 68 5 68 5
607 158 68 607 158 68 5 68 5 68 5 68 5 68 5 68 5
389 158 108
607 158 68 5 68 5 68 5
607 158 68 5 68 5 68 189 68 5 68 5 189 68 5 68 189 68 189
240 211
5 189
607 158 68 569 68 569
607 158 68 607 158 68 189 68 5 68 569 68 5 68 569 68 569 68 189
607 158 68 607 158 68 607 158 68 569 68 569 68 569 68 569 68 569 68 569 68 569 68 569 68 189
607 158 68 5 68 5 68 5 68 5 68 5 68 5 68 189 68 189
607 158 68 5 68 189 68 189 68 5
607 158 68 607 158 68 607 158 68 569 68 569 68 569 68 569 68 569 68 569 68 569 68 189
607 158 68 5 68 189 68 189 68 5
607 158 68 5 68 5 68 5 68 5 68 5
607 158 68 5 68 569 68 189
607 158 68 5 68 5 68 5
85 359
607 158 68 607 158 68 607 158 68 5 68 607 158 68 5 68 569 68 189 68 189 68 5 68 189
607 158 68 569 68 569 68 189 68 569 68 569
607 158 68 5 68 5
607 158 68 5 68 5
85 359
85 359
607 158 68 158 68 569 68 569 68 569 68 569
607 158 68 5 68 5 68 5 68 5 68 5 189 68 5
607 158 68 607 158 68 189 68 189 68 569 68 569 68 569 68 569 68 189
607 158 68 569 68 397
85 359
85 359
607 158 68 607 158 68 189 68 189 68 569 68 189 68 189 68 569 68 189
607 158 68 5
607 158 68 607 158 68 189 68 5 68 5 68 5 68 189 68 189 68 189
607 158 68 5 68 5
607 158 68 5 68 5 68 5 68 5
607 158 68 5 68 5 68 189 68 5
607 158 68 189 68 189 68 189 68 569 68 189 68 189
607 158 68 607 158 68 607 158 68 5 68 5 68 5 68 189 68 189 68 189
240 211
607 158 68 5 68 5 68 5 68 5
607 158 68 607 158 68 607 158 68 569 68 607 158 68 569 68 569 68 569 68 189
607 158 68 5 68 189 68 189 68 5 68 5 189 68 5
607 158 68 607 158 68 607 158 68 5 68 607 158 68 5 68 189
607 158 68 607 158 68 569 68 569 68 569 68 569
339 68 339 68 85 359
607 158 68 517
607 158 68 607 158 68 189 68 189 68 5 68 189 68 189 68 189
283 68 5 68 5
479
607 158 68 5
607 158 68 5 68 5
607 158 68 607 158 68 607 158 68 5 68 5 68 5
607 158 68 607 158 68 607 158 68 5 68 5 68 5 68 5 68 5 68 5 68 5 68 5 68 5 68 5 68 5 68 5 68 5 68 5 68 5 68 5 68 5 189 68 5 68 5 68 5 68 5 68 5 68 5 189 68 5 68 5 189 211 108 68 5 189 68 5 189 68 5 68 5 68 5 68 5 68 5 68 5 68 5 68 5 68 5 68 5 68 5 68 5 68 189 68 189 68
607 158 68 607 158 68 189 68 189
85 359 389 158 108
607 158 68 607 158 68 569 68 569 68 569 68 569 68 569 68 569 68 569 68 569 68 569 68 189
607 158 68 607 158 68 607 158 68 5 68 607 158 68 5 68 5 68 5 68 5 68 5 68 5 68 189
430
607 158 68 5 68 5 68 5 68 5 68 5
607 158 68 5 68 5 68 5 68 5 68 5
607 158 68 607 158 68 189 68 5 68 5 68 5 68 5 68 569 68 189
607 158 68 5 68 5 68 5 68 5 68 5
607 158 68 189 68 189
607 158 68 5 68 5
607 158 68 5 68 189 68 189 68 5 189
211 149
607 158 68 5 68 189 68 189 68 189 68 189
607 158 68 607 158 68 607 158 68 607 158 68 607 158 68 569 68 569 68 189 68 189 68 607 158 108
85 359 68 85 359
607 158
607 158 68 607 158 68 569 68 569 68 569 68 569 68 569 68 569 68 569 68 189
607 158 68 607 158 68 5 68 5 68 5 68 5 68 5 68 5 68 189
607 158 68 607 158 68 607 158 68 569 68 569 68 569 68 569 68 569 68 569 68 569 68 569 68 189
85 359
607 158 108 68 189 68 189
607 158 68 5 68 5 68 5
607 158 68 607 158 68 189 68 189 68 569 68 607 158 108
607 158 68 5 68 5 68 5 68 5 68 5 68 5 68 5
5 189
607 158 68 5 68 5 68 5
607 158 68 517
85 359 389 158 108
607 158 68 607 158 68 607 158 68 5 68 5 68 5 68 5 68 189 68 189 68 5 68 5 68 189
607 158
85 359
607 158 68 569 68 189 68 189 68 569 68 569
607 158 108 68 189 68 189 211 108
85
85 359
607 158 68 5 68 189 68 189
321 240
85 359 68 517
241 359
607 158 68 189 68 189 68 189 68 189
607 158 68 5 68 5 68 5 68 5 68 5 68 5 68 5 68 189
19 85 68 517
607 158 68 5 68 5 68 5 68 5 68 5
607 158 68 5 68 5 68 5

607 158 68 5 68 5 68 5 68 5
607 158 68 607 158 68 607 158 68 607 158 68 607 158 68 189 68 189 68 189
607 158 68 607 158 68 189 68 189 68 189 68 189 68 189 68 569 68 189 68 189 68 189
607 158 68 189 68 189 68 189 68 189 68 189
607 158 68 569 68 569 68 569 68 569 68 569 68 517
607 158 68 158 108 68 517
607 158 68 569 68 569 68 569 68 569 68 569 68 569 68 569
607 158 68 5 68 189 68 189 68 5 68 5 189
607 158 68 5 68 5 68 189 68 5 189
607 158 68 517 68 517
607 158 68 569 68 569 68 517
607 158 68 607 158 68 607 158 68 5 68 5 68 5 68 5
607 158 68 5 68 5 68 5 68 5 68 5 68 5 68 5
85 359
607 158 68 189 68 189 68 189 68 189 68 189
85 359 68 85 359
607 158 68 5
261 86 68 5
607 158 68 607 158 68 607 158 68 569 68 607 158 68 569 68 569 68 569 68 569 68 5 68 189
607 158 68 5 68 189 68 5 68 5 68 5
607 158 68 189 68 189 68 189 68 189
607 158 68 5 68 189 68 189
607 158 68 158 108
430
607 158 68 5 68 5 68 5 68 5 68 5
607 158 68 5 68 5
607 158 68 5 68 189 68 189 68 5 68 5 68 5
607 158 68 5 68 189 68 189 68 569 68 569
607 158 68 607 158 68 189 68 5 68 5 68 5 68 5 68 189 68 189
607 158 68 5 68 5 68 5 68 5 68 5
607 158 68 607 158 68 189 68 189 68 607 158 108
607 158
607 158 68 5 68 5 68 5 68 5 68 5
430
607 158 108 68 19 85 359 68 189
607 158 68 607 158 68 189 68 189 68 607 158 68 189 68 189 68 189 68 189
607 158 68 5 68 189 68 189 68 5 68 5 189
607 158 68 607 158 68 5 68 5 68 5 68 5 68 5 68 189
607 158 68 607 158 68 5 68 5 68 5 68 5
607 158 68 5 68 5 68 189
607 158 68 5 68 5 68 5
607 158 68 569 68 569 68 569 68 569 68 569
283
607 158 68 607 158 68 189 68 189 68 189 68 189
607 158 68 607 158 68 189 68 189 68 607 158 108
607 158 68 85 359 68 569
85 359
85 359
607 158 68 189 68 189 68 189 211 108
607 158 68 517 68 397 68 517
85 359
607 158 68 85 359
283 68 5
607 158 68 607 158 68 189 68 189 68 189 68 607 158 68 189 68 189 68 189
261 86
607 158 68 569 68 569 68 189 68 569 68 569 68 569 68 85 359
321 240
19 85 359
607 158 68 569 68 569 68 189 68 569 68 569 68 85
64 211 108 68 517
607 158 68 607 158 68 189 68 189 68 189 68 189 68 189 68 189 211 108
607 158 68 189 68 189 68 189 68 189 68 189 68 189 68 189 68 189
241 359
261 86
85 359
607 158 108
607 158 68 569 68 569 68 569 68 569 68 569 68 569 68 569 68 569 68 569 68 569 68 189
607 158 68 5 189 68 189
607 158 68 189 68 189
321 149
85 359
211 189
607 158 68 19 85 359 68 569 68 569
430 149
607 158 68 5 68 189
321
607 158 68 607 158 68 189 68 189 68 189 68 189
85 359
607 158 68 607 158 68 5 68 5 68 5
607 158 68 607 158 68 189 68 189 68 189 68 189 68 189 68 189
607 158 68 5 68 5 189
607 158 68 5 68 5 68 5 68 5 68 5
430
607 158 68 607 158 68 189 68 189 68 189 68 189
430
607 158 68 85 68 569 68 85 359
607 158 68 189 68 189 68 189 68 189 68 189
321 240
607 158 68 569 68 189 68 189 68 569 68 569 68 569 68 569
607 158 68 5 68 5 68 5
607 158 68 607 158 68 189 68 5 68 5 68 5 68 5 68 189
607 158 68 5 68 5 68 5 68 5 68 5 68 5
607 158 68 5 68 5 68 5 68 5 68 5
607 158 68 5 68 5 68 5
607 158 68 569 68 189 68 189 68 569 68 569 68 189
5
607 158 68 607 158 68 189 68 189 68 569 68 189 68 569 68 569 68 569
607 158 68 5 68 5 68 5 68 5 68 5 68 5
430
85
607 158 68 607 158 68 189 68 189 68 189 68 189 68 189 68 189 68 189
19 85 359
321 247
430
607 158 68 5 68 5 68 5 68 5 68 5 68 5
607 158 68 607 158 68 569 68 569 68 569 68 569 68 569 68 569 68 569
607 158 68 517 68 517
607 158 108
607 158 68 607 158 68 189 68 189 68 5
85 359
607 158 68 5 68 189
607 158 68 5 68 5 68 5
607 158 68 569 68 569 68 189 68 569 68 569 68 517
261 86
283
607 158 68 189 68 189
339 68 85 68 339 68 85 359
607 158 68 607 158 68 189 68 189 68 5 68 5 68 189 68 189
607 158 68 607 158 68 189 68 5 68 569 68 5
607 158 68 607 158 68 5 68 5 68 5 68 5
85 359
85 359
607 158 68 5
607 158 68 607 158 68 397 68 5
607 158 68 569 68 569 68 569 68 569 68 569 68 569 68 569 68 569 68 189
85 359 68 189 68 189
607 158 68 569 68 85
607 158 68 189 68 189 68 189 68 189 68 189 68 189
607 158 68 189 68 189 68 189 68 189 68 189 68 189
607 158 68 607 158 68 189 68 189 68 189 68 607 158 108 68 189 68 189
607 158 68 517
607 158 68 607 158 68 607 158 68 5 68 5 68 5
85 359
240
85 359
607 158 68 517
607 158
607 158 68 5 68 5 189 68 5
607 158 68 569 68 189 68 189 68 569 68 189 68 189 68 85 359
607 158 68 5 68 5 68 189 68 5 68 5
607 158 68 5
607 158 68 569 68 569 68 569 68 569 68 569 68 569 68 85
607 158 68 5 68 5 68 5
85 359 68 85 359
607 158 68 607 158 68 607 158 68 607 158 68 607 158 68 5 68 607 158 68 189 68 607 158 68 189
607 158 68 158 108 68 397 68 569 68 569
607 158 68 517
85 359
240 211
607 158 68 607 158 68 607 158 68 569 68 607 158 68 569 68 569 68 569 68 569 68 569 68 189
607 158 68 5 68 189
85 359
85 359
430
607 158 68 607 158 68 189 68 189 68 569 68 189 68 569 68 569 68 189
607 158 68 607 158 68 607 158 68 5 68 607 158
5 189

607 158 68 607 158 68 189 68 189 68 569 68 189 68 569 68 569 68 189
607 158 68 5 68 189 68 189 68 5 68 5
607 158 68 569 68 517 68 517
85 359
261 86
607 158 68 607 158 68 189 68 189 68 569 68 189 68 189
607 158
85 359
607 158 68 607 158 68 189 68 189 68 189 68 607 158 108
607 158 68 607 158 68 189 68 189 68 607 158 108 68 189 68 569 68 189
607 158 68 5 68 5 68 5 68 5 68 5
607 158 68 158 108
430
607 158 68 569 68 85 359 68 85 359
607 158 68 607 158 68 189 68 5 68 5 68 5 68 5 68 189
321 240
607 158 68 5 68 189
607 158
607 158 68 5 68 189 68 189 68 569 68 569 68 569 68 569 68 189
607 158 68 5 68 5 68 5 68 5 68 5 68 5
607 158 68 607 158 68 189 68 5 68 569 68 5 68 569 68 569 68 189 68 189 68 189
607 158 68 569 68 189 68 189 68 569 68 189 85 359
19 85 68 517
607 158
607 158 68 607 158 68 189 68 189 68 189 68 189
211
607 158 68 607 158 68 189 68 5 68 5 68 5 68 5 68 189 68 189 68 189 68 5 68 189
607 158 149
607 158 68 5 68 5 68 189 68 5 68 5
607 158 68 607 158 68 189 68 5 68 5 68 5 68 5
607 158
321 240
607 158 68 5 68 5 68 5 68 5 68 5
607 158 68 517 68 517
607 158 68 5 68 189 68 189 68 5 189
19 85 359
5 189
607 158
19 85 68 640
607 158 68 607 158 68 569 68 569 68 569 68 569 68 569 68 85 359
607 158 68 607 158 68 607 158 68 5 68 607 158 68 5 68 569 68 189 68 189 68 189
85 359
283 68 85 359 68 85
607 158 68 5 68 5 68 5 68 5 68 5 68 5
607 158 68 607 158 68 189 68 189 68 189 68 189 68 189 68 189 211 108
607 158 68 607 158 68 189 68 569 68 569 68 569 68 569 68 569 68 189
261 86
240 211
607 158 68 569 68 569 68 569 68 569 68 569
607 158 68 607 158 68 189 68 5 68 569 68 5 68 569 68 569 68 189 68 189
607 158 68 607 158 68 607 158 68 189 68 607 158 68 569 68 569 68 189
607 158 68 607 158 68 569 68 569 68 569 68 569 68 569 68 569 68 189
607 158 68 5 68 5 68 5 68 5 68 5 68 5
607 158 68 5 68 5 68 5 68 5 68 5 68 5 68 5
607 158 68 5 68 5 189 68 5
85 359 68 85 359
261 86
85 359
607 158 68 607 158 68 607 158 68 5 68 607 158 68 189 68 189 68 189
607 158 68 5 68 397
607 158 68 607 158 68 5 68 5 68 5 68 5 68 5 68 5 68 189
211 108
607 158 68 569 68 85 359 68 85
607 158 68 607 158 68 189 68 5 68 5 68 5 68 189 68 189 68 189
321 359
607 158 68 5 68 5 68 189 68 5 68 5
5
321 240
283
607 158 68 5 68 569 68 569 68 569 68 569 68 517
607 158 68 5 68 189 68 189 68 5 68 189
607 158 68 5
607 158 68 607 158 68 189 68 189 68 189 68 189 68 189 68 189 68 189 211 108
607 158 68 569 68 189 68 189 68 569 68 569 68 189 68 569 68 569 68 189
430
607 158 68 5 68 5 68 5
85 359
85 359
85 359 68 19 85 359
607 158 68 5 68 5 68 5
607 158 68 5 68 189 68 189 68 5 68 5
607 158 68 569 68 189 68 189 68 569 68 569 68 189 68 569 68 569 68 189
607 158 68 189 68 189
607 158 68 5 68 5 189
607 158 68 189 68 189 68 189 68 189 68 189 68 189
607 158 68 5 68 5 68 5 68 5 68 5 68 5
430
607 158 68 607 158 68 189 68 189 68 5 68 5 68 5 68 189 68 189 68 189 68 189
607 158 68 5 68 5 68 5 68 5 68 5 68 5 68 5
607 158 68 607 158 68 5 68 5 68 5 68 5 68 5 68 189 68 189 68 5 68 5 68 5 68 189
607 158 68 5 68 189 68 189 68 189 68 189 68 189
607 158 68 5 68 5 68 5
19 85 359 68 189
607 158 68 5 68 517 68 517
19 85 359
607 158 68 189 68 189 68 189 68 189 68 189
607 158 68 607 158 68 607 158 68 569 68 569 68 569 68 569 68 569 68 189
607 158 68 189 68 189
240 211 68 189
607 158 68 607 158 68 189 68 189 68 189 68 189 68 189
240
607 158 68 158 108 68 189
607 158 68 607 158 68 607 158 68 5 68 5 68 5 68 517
211 108
607 158 68 569 68 569 68 189 68 569 68 569 68 569 68 85
607 158 68 607 158 68 189 68 189 68 569 68 569 68 569 68 569 68 189
607 158 68 569 68 569 68 569 68 569 68 569
240 211
607 158 68 607 158 68 189 68 5 68 5 189
430
211 149
241 359
283 68 5 68 5 68 5 189
607 158 68 158 68 430
607 158 68 5 68 189 68 189
607 158 68 5 68 189 68 189 68 189 68 189
240 211
564
607 158 68 5 68 5 68 5 68 5 68 5 68 5 68 5
19 85 68 19 85 359
85 359
321 240
85 359
607 158 68 5 68 189 68 189 68 189 68 189 68 189
607 158 68 569 68 569 68 189 68 569 68 569
607 158 68 607 158 68 189 68 189 68 189 68 189
607 158 68 5 68 189 68 189 68 189 68 189 68 189 68 189 211 108
283
19 85 359
607 158 68 607 158 68 189 68 189 68 5 68 5
607 158 68 607 158 68 607 158 68 5 68 607 158
430
607 158 68 5 68 397
607 158 68 189 68 189 68 189 68 189 68 189
607 158 68 397 68 397
607 158 68 5 68 397
607 158 68 5 68 189 68 189 68 189 68 5 189
85 359 68 85 359
607 158 68 607 158 68 5 68 5 68 5 68 5
607 158
607 158 68 189 68 189 68 189 68 189 68 189 68 189
607 158 68 189 68 189
607 158 68 5 68 397
211 240
607 158 68 5 68 640
607 158 68 607 158 68 607 158 68 5 68 5 68 5 68 189 68 189 68 189
607 158 68 607 158 68 189 68 189 68 569 68 189 68 569 68 569 68 189
19 85 68 19 85 359
607 158 68 5 68 5 189 68 5
607 158 68 569 68 569 68 569 68 569 68 569 68 569 68 85 359
261 86 68 5
607 158 68 189 68 189 211 108
607 158 68 5 68 189 68 189 68 569 68 569 68 189 68 569 68 189
607 158 68 5 68 189 68 189 68 5 68 5 189 68 5
607 158 68 569 68 569
85 359
607 158 68 607 158 68 189 68 569 68 569 68 569 68 569 68 569 68 189
607 158 68 19 85 68 189 68 569 68 569 68 189
283
19 85
607 158 68 607 158 68 607 158 68 569 68 569 68 569 68 569 68 569 68 189
607 158
5 189
607 158
607 158 68 607 158 68 189 68 5 68 569 68 5 68 569 68 569 68 189
607 158 68 607 158 68 607 158 68 5 68 5 68 5 68 5 68 189
339
607 158 68 607 158 68 189 68 189 68 189 68 189 68 189 68 189 211 108
607 158 68 5 68 189 68 5 189 68 5
85 359
261 86
607 158 68 569 68 85 359
607 158 68 569 68 569 68 189
607 158 68 607 158 68 607 158 68 5 68 607 158 68 5 68 5 68 5 68 5 68 5 68 5 68 5 68 5 68 5 68 5 68 5 68 5 68 5 68 5 68 5 189 68 5 68 5 68 5 68 5 68 5 68 5 189 68 5 189 68 5 189 211 108 68 5 189 68 5 68 5 68 158 108 68 158 108 68 158 108 68 158 68 158 68 5 68 5 68 5 68 5 68 189 68 158 86
607 158 68 607 158 68 189 68 189 68 189 68 189
389 158 149
607 158 68 5 68 189 68 189 68 5 189 68 189
607 158 68 607 158 68 607 158 68 5 68 607 158 68 5 68 189 68 189 68 189 68 189
607 158 68 5 68 189 68 189 68 5 189 68 5 189
607 158 68 569 68 569 68 569 68 569 68 569 68 569 68 569 68 569
607 158 68 5 68 189 68 189 68 5 68 5 68 5 68 189
85 359
607 158 68 5 68 5 68 5 68 5 68 5 189 68 5 68 189
607 158 68 5 68 189 68 189 68 189 68 189
607 158 68 607 158 68 607 158 68 607 158 68 607 158 68 569 68 607 158 68 607 158 68 607 158 68 189 68 189 68 607 158 68 607 158 68 607 158 68 5 68 607 158 68 607 158 68 5 68 5 68 5 68 5 68 607 158 68 607 158 68 607 158 108 68 607 158 68 607 158 68 158 108 68 158 68 158 68 158 68 158 68 158 68 158 68 607 158 68 189 68 158 68 189 68 158 68 158
607 158 68 339 68 569 68 569
607 158 108 68 569 68 569
607 158 68 607 158 68 189 68 569 68 569 68 569 68 569 68 569 68 569

607 158 68 189 68 189 68 189 68 189 68 189
607 158 68 607 158 68 569 68 569 68 569 68 569 68 569 68 85 359
85 359
607 158 68 607 158 68 607 158 68 607 158 68 607 158 68 569 68 569 68 569 68 569 68 607 158 68 189 68 189 68 189 68 5 189 68 607 158 108
607 158 68 189 68 189 68 189
607 158 68 5 68 5 189 68 5
607 158 68 607 158 68 607 158 68 5 68 5 68 5 68 5 68 189
283 68 5
607 158 68 569 68 569 68 569 68 569 68 569 68 85
607 158 68 5 68 397

607 158 68 517
607 158 68 5 68 5 68 5 68 5
607 158 68 607 158 68 607 158 68 5 68 5 68 5 68 5 68 569 68 5 68 5 68 5 68 5 68 5 68 189
607 158 68 607 158 68 5 68 5 68 5
607 158 68 189 68 189 68 189
607 158 68 5 68 5 68 5 68 5
19 85 359
283 68 5 68 5 68 5
211 551
607 158
607 158 68 607 158 68 189 68 5 68 569 68 517
283 68 85 359
430 359
607 158 68 569 68 189 68 189 68 569 68 569 68 569 68 569 68 569
85 359
85 359
607 158 68 607 158 68 189 68 5
607 158 68 5 68 5 68 5 68 5
85 359 68 85 359
261 86 68 5
607 158 68 607 158 68 607 158 68 5 68 607 158 68 5 68 569 68 569 68 189
85 359
85 359
85 359
19 85 359
607 158 68 607 158 68 569 68 517 68 569 68 517
607 158 68 5 68 517
19 85
607 158 68 607 158 68 5 68 5 68 5 68 5 68 5 68 189
607 158 68 569 68 189 68 189 68 569 68 189 68 189 68 569 68 189 211 108
85 359
607 158 68 569 68 189 68 189 68 569 68 569 68 569
607 158 68 607 158 68 607 158 68 189 68 607 158 68 569 68 569 68 189
607 158 68 607 158 68 5 68 5 68 5 68 5 68 5 68 5 68 5 68 5 68 5 68 5 68 5 68 5 189
211 108
261 86
607 158 68 85 68 569 68 85 359
607 158 149
607 158 68 158 68 158 108 68 189 68 569 68 569
607 158 68 5 68 189 68 189 68 189 68 5 189 68 189
283
607 158 68 5 68 189 68 189
607 158 68 607 158 68 569 68 569 68 569 68 569 68 569 68 569 68 569 68 189
85 359
607 158 68 5 68 189 68 189
607 158 68 5 68 5 68 189 68 5 68 5 68 5
283
321
19 85 359
607 158 68 607 158 68 607 158 68 5 68 607 158 68 569 68 569 68 569 68 5 68 5 68 5 68 189 68 5 68 5 68 5 68 5 68 607 158 108 68 5 68 5 189 68 5 68 5 68 5 68 5 68 5 68 5 68 5 68 5 68 5 189 68 5 189 68 607 158 108 68 158 108 68 158 108 68 158 108 68 158 108 68 158 68 85 68 189 68 5 68 85
607 158 68 5 68 189 68 189
607 158 68 569 68 569 68 569
607 158 68 607 158 68 189 68 5 68 5 68 5 68 5 68 189 68 189
607 158 68 5 189
607 158 68 5 68 189 68 189
607 158 68 5 68 189 68 189 68 189 68 5
261 86
607 158 68 189 68 189
607 158 68 5 68 5 68 5
607 158 68 569 68 189 68 189 68 569 68 569 68 189 68 569 68 569 68 189
607 158 68 5 68 5 68 5 68 5
607 158 68 607 158 68 607 158 68 569 68 569 68 569 68 569 68 569 68 569 68 189
389 158
607 158 68 5
607 158 68 607 158 68 607 158 68 5 68 607 158 68 5 68 569 68 189 68 189 68 5 68 189 68 189 68 189 68 189 68 5 68 5 68 607 158 108 68 5 68 5 189 68 5 68 5 68 5 68 5 68 5 68 5 189 68 5 68 5 189 68 189 68 5 189 68 607 158 108 68 158 108 68 158 68 158 108 68 158 68 158 68 158 68 189 68 189 68 189 68 189 68 189 68 189 68
283 68 5
430
607 158 68 5 68 5 68 5
607 158 68 5 68 189 68 189 68 189
240 211
607 158 68 5
607 158 68 5 68 5 68 5 68 5 68 5 68 5 68 5 68 189
607 158 68 607 158 68 189 68 189 68 189
19 85
607 479 68 5
607 158 68 607 158 68 189 68 189 68 5 68 189
607 158 68 607 158 68 607 158 68 5 68 607 158 68 5 68 569 68 569 68 5 68 5 68 5 68 189 68 189
607 158
607 158 68 607 158 68 5 68 5 68 5 68 5 68 5 68 569 68 189
607 158 68 5 68 5 68 5 68 5 68 5 68 5 68 5 68 5
85 359
397 68 640
607 158 68 430 68 430 359
607 158 68 607 158 68 189 68 189 68 189 68 189 68 189 68 189 68 189

607 158 68 607 158 68 607 158 68 569 68 607 158 68 569 68 569 68 189
607 158 68 569 68 569 68 569 68 569 68 569 68 85 359
607 158 68 5 68 397 68 397
607 158 68 189 68 189
189 85 359
607 158 68 5 68 5 68 5 68 5 68 5 189
607 158 68 607 158 68 189 68 5 68 5 68 5 68 5 68 189 68 189 68 189
607 158
607 158 68 5 68 5
607 158 68 5 68 5
607 158 68 5 68 189 68 189 68 569 68 569 68 189
607 158 68 607 158 68 189 68 189 68 5 68 5 68 189
564
607 158 68 607 158 68 607 158 68 5 68 607 158 68 5 68 189 68 189 68 189 68 5 68 189
607 158 68 607 158
607 158 68 569 68 569 68 189 68 569 68 569 68 569
283
607 158 68 189 68 189 211 108
607 158 68 189 68 189 211 108
211 149
607 158 68 569 68 569 68 569 68 569 68 569 68 569 68 569 68 569 68 569 68 569 68 189
607 158 68 569 68 569 68 569 68 85
240 211
19 85 359
85 359 68 517
607 158 68 607 158 68 5 68 5 68 5 68 5 68 5 68 5 68 189
607 158 68 5 68 189 68 189 68 569 68 569 68 569
85 359 68 19 85
607 158 68 5
607 158 68 5 68 5 189
607 158 68 607 158 68 189 68 5 68 5 68 5 68 189 68 569 68 189 68 189
607 158 68 607 158 68 189 68 189 68 5 68 5
607 158 68 5
430
607 158 68 607 158 68 5 68 5 68 5 68 5 68 5 68 5
85 359
85 359
607 158 68 158 68 158 108
607 158 68 5 68 5 68 5 68 5 68 5 68 5 68 5 68 5
607 158 68 5 68 189 68 189 68 5 68 5 189
607 158 68 5 68 189 68 189 68 189 68 189
607 158 68 607 158 68 189 68 189 68 569 68 5 68 569 68 569 68 189 68 189 68 189
607 158 68 607 158 68 607 158 68 5 68 607 158
19 85
607 158 68 607 158 68 189 68 5 68 5 68 5 68 189 68 189
85 359
607 158 68 189 68 189 68 189 68 189 68 189
607 158 68 189 68 189 68 189 68 189 68 189 68 189
240 211
607 158 68 5 68 5 68 5 68 5 68 5
607 158 68 607 158 68 189 68 5 68 5 68 5 68 5
607 158 68 5 68 5 68 5
607 158 68 569 68 569 68 189
607 158 68 5 68 189 68 189 68 189 68 189
85 359
607 158 68 607 158 68 5 68 5 68 5 68 5 68 5 68 189 68 189
607 158 68 607 158 68 189 68 189 68 5 68 189 68 189 68 189 68 189
85 359
607 158 68 5 68 189 68 5 68 5 68 5 68 5
607 158 68 5 68 5 68 5
607 158 68 5 68 189 68 189 68 5
85 359
607 158 68 607 158 68 5 68 5 68 5 68 5 68 5 68 189 68 189
607 158 68 189 68 189 68 189 68 189 68 189

211 108
607 158 68 189 68 189
607 158 68 339 68 158 108
211 108 68 5 189
607 158 68 607 158 68 189 68 189 68 5 68 5 68 189 68 189
607 158 68 5
607 158 68 607 158 68 607 158 68 5 68 607 158 68 5 68 5 68 607 158 68 5 68 607 158 68 5 68 5 68 5 189 68 5 189 68 5 189 68 5 189 68 5 189 68 5 68 5 68 5 68 5 68 5 189 68 5 189 68 5 189 211 108 68 5 189 68 607 158 68 5 68 158 108 68 607 158 68 158 68 158 68 158 68 158 68 189 68 189 68 5 68 189 68 189 68 158 68
607 158 68 607 158 68 189 68 189 68 5 68 189 68 189
85 359
607 158 68 607 158 68 5 68 5 68 5 68 5 68 5
64 211
85 359 68 85 359
607 158 68 189 68 189 211 108
240
85 359
607 158 68 607 158 68 607 158 68 5 68 607 158 68 5 68 569 68 569 68 5 68 5 68 5 68 189 68 189 68 5 189 68 5 68 5 68 5 68 5 68 5 189 68 5 68 5 68 5 68 5 68 5 68 5 68 5 189 68 5 68 5 189 68 5 189 68 5 189 68 5 68 5 85 68 607 158 108 68 158 108 68 158 108 68 85 68 189 68 189 68 85
607 158 68 189 68 189 211 108
607 158 68 5
607 158 68 5 68 5 68 5 68 5 68 5
283 68 85 359
607 158 68 607 158 68 189 68 189 68 189
607 158 68 607 158 68 189 68 5 68 5 68 5 68 5 68 569 68 189
607 158
85 359 389 158 108
607 158 68 189 68 189 68 189 68 569 68 189
85 359
607 158 68 158 108
240 211
607 158 68 5 68 189 68 189 68 189 68 189
607 158 68 5 68 189 68 189 68 5 68 5 68 5
607 158 68 607 158 68 189 68 189 68 5 68 189 68 189 68 189 211 108
607 158
607 158 68 607 158 68 607 158 68 5 68 5 68 5 68 5 68 569 68 5 68 5 68 5 68 5 68 5 68 5 68 5 68 5 68 5 189 68 5 68 5 189 68 5 189 68 5 68 5 68 5 68 5 68 5 189 68 5 189 68 5 189 211 108 68 5 189 68 5 189 68 5 68 5 68 607 158 108 68 158 108 68 5 68 5 68 5 68 5 68 5 68 5 68 189 68 189 68
607 158 68 607 158 68 5 68 5 68 5 68 5
339
607 158 68 5
607 158 68 607 158
607 158 68 607 158 68 5 68 5 68 5 68 5 68 5 68 5 68 5 68 5 68 5 68 5 68 5 68 5 68 5 189 68 5 68 5 68 5 68 5 68 5 189 68 5 68 5 68 5 68 5 68 5 68 5 189 68 5 68 5 189 68 5 189 68 5 189 68 5 189 68 5 68 5 68 5 189 68 5 68 5 68 5 68 5 68 5 68 5 68 5 68 5 68 189 68 189 68
607 158 68 5 68 397 68 397
607 158 68 607 158 68 607 158 68 569 68 607 158 68 569 68 569 68 569 68 189 68 189
261 86 68 640
607 158 68 189 68 189
607 158 68 85 359
607 158 68 607 158 68 607 158 68 5 68 607 158
607 158 68 607 158 68 189 68 189 68 189 68 189 68 189 68 189 211 108
283 68 5 68 189 68 189 68 5 68 5 68 189 68 189 68 569 68 189
85 359 68 517
607 158 68 607 158 68 5 68 5 68 5 68 5 68 5 68 569 68 189
607 158 68 607 158 68 189 68 189 68 569 68 189 68 569 68 569 68 189
607 158
607 158 68 5 68 5 189
85 359
607 158 68 569 68 569 68 189 68 569 68 569 68 85
607 158 68 5 68 189 68 189 68 189
607 158 68 189 68 189 68 189
85 359
607 158 68 607 158 68 189 68 189 68 189 68 189
607 158 68 607 158 68 607 158 68 569 68 569 68 569 68 569 68 569 68 569 68 569 68 569 68 189
607 158 68 607 158 68 189 68 189 68 5 68 189 68 189
607 158 68 5 68 189 68 189 68 189
607 158 68 5 68 5 68 189 68 5 189
607 158 68 5
607 158 68 607 158 68 607 158 68 607 158 68 607 158 68 569 68 189 68 189
607 158 68 607 158 68 189 68 5 68 5 68 5 68 189 68 569 68 189 68 189 68 189
607 158 68 189 68 189 68 189 68 189 68 189 68 189 68 569 68 189
607 158 108
607 158 68 5 68 5 68 5 68 5 68 5 68 5
607 158 68 607 158 68 607 158 68 569 68 569 68 569 68 569 68 569 68 569 68 569 68 189
283
607 158 68 607 158 68 5 68 5 68 5 68 5
607 158 68 607 158 68 189 68 189 68 569 68 189
607 158 68 5 68 5 68 5 68 5 68 5
607 158 68 607 158 68 607 158 68 5 68 5 68 5 68 5 68 5 68 5 68 5 68 5 68 5 68 5 68 5 68 5 68 5 68 5 68 5 68 5 68 5 189 68 5 68 5 68 5 68 5 68 5 68 5 189 68 5 68 5 189 211 108 68 5 189 68 5 189 68 5 68 5 68 5 189 68 158 108 68 607 158 68 5 68 5 68 189 68 189 68 5 68 189 68 189 68 189
607 158 68 607 158 68 5 68 5 68 5 68 5 68 5 68 5 68 189
19 85 359
607 158 68 5 68 189 68 189 68 5 189 68 5 189
85 359
607 158 68 5 68 5 68 5
607 158 68 19 85 68 189 68 189 68 19 85 359
261 86 68 640
85 359
85 359
607 158 68 607 158 68 189 68 189 68 569 68 189 68 569 68 569 68 189
607 158 68 607 158 68 189 68 5 68 5 68 5 68 189 68 189 68 189
607 158 68 19 85 359
85 359
607 158 68 607 158 68 607 158 68 569 68 607 158 68 569 68 569 68 569 68 189
607 158 68 569 68 569 68 569 68 569 68 569 68 569 68 85
19 85 359
607 158 68 607 158 68 607 158 68 5 68 607 158 68 5 68 5 68 5
607 158 68 607 158 68 607 158 68 607 158 68 607 158 68 158 68 189 68 189
607 158 68 517 68 517
607 158 68 569 68 569 68 189 68 569 68 569
607 158 68 5 68 5 68 5 68 5 68 5
607 158 68 5
607 158 68 607 158 68 5 68 5 68 5
607 158 68 607 158 68 189 68 189 68 5 68 5 68 189 68 189
607 158 68 607 158 68 189 68 5 68 5 68 5 68 189 68 189 68 189 68 189
607 158 68 5 68 5 189
607 158 68 5 68 517
607 158 68 5 189
607 158
607 158 68 607 158 68 607 158 68 569 68 607 158 68 569 68 569 68 189 68 189 68 189
607 158 68 5 68 189 68 189 68 5
85 359
607 158 68 5 68 5
607 158 68 517
607 158 108
283 68 5 68 5
430 359
607 158 68 189 68 189 68 189 68 189 68 189
607 158 68 5 68 5 68 5 68 5 68 5 68 5
607 158 68 5 68 5 68 5 68 517
607 158 68 189 68 189
607 158 68 5 68 5 68 5 68 5 68 5
607 158 68 607 158 68 189 68 189 68 5 189 68 189 68 189
85 359
283 68 5 68 397
607 158 68 607 158 68 607 158 68 5 68 607 158 68 5 68 5 68 5 68 5 68 5 68 5 68 5 68 5 68 5 189 68 5 68 5 189 68 5 68 5 189 68 5 189 68 5 68 5 68 5 68 5 68 5 189 68 5 68 5 189 68 5 189 68 5 189 68 607 158 68 5 68 158 68 158 68 158 68 158 68 158 68 158 68 5 68 5 68 5 68 5 68 189 68 189 68 158
211 108
607 158 68 607 158 68 189 68 5 68 5 68 5 68 5 68 569 68 189
19 85
607 158
607 158 68 607 158
85 359
607 158 68 607 158 68 569 68 569 68 569
607 158 68 5 68 5
607 158 68 5 68 5 189
607 158 68 607 158 68 189 68 189 68 189 68 189 68 189 68 189 211 108
85 359 68 85 359
85 359 68 85 359
211 551 68 5 189
283
607 158 68 158 68 569 68 569
607 158
430 149
321 240
607 158 68 5
240 211
607 158 68 5 68 5 68 5 68 5 68 5
607 158 68 607 158 68 189 68 189 68 569 68 189
607 158 68 158 68 158 108
607 158 68 607 158 68 189 68 189 68 569 68 569 68 569 68 569 68 189 68 189
607 158 68 19 85 68 189 68 517
607 158 68 5 189 68 189
283 68 5 68 5 68 5 68 5
607 158 68 607 158 68 5 68 5 68 5 68 5 68 5 68 5 68 189
607 158 68 189 68 189 68 189 68 189 68 189 68 189 68 189 211 108
607 158 68 607 158 68 189 68 189 68 5 68 189 68 189 68 189
607 158 68 569 68 189 68 189 68 569 68 569 68 569 68 569
607 158
607 158 68 607 158 68 189 68 189 68 5 68 189 68 189
607 158 68 607 158 68 5 68 5 68 5 68 5 68 5 68 189 68 189
283 68 5
85 359
607 158 68 517
607 158 68 607 158 68 5
607 158 68 5 68 5 68 5 68 5 68 5
607 158 68 189 68 189 211 108
607 158 68 5 68 5 68 397 68 569 68 397
607 158
607 158
564
607 158 68 5 68 5 68 5 68 5
607 158 68 607 158 68 5 68 5 68 5 68 5 68 5 68 5 68 189
607 158 68 5 68 5 68 5 68 5
607 158 68 569 68 569 68 569 68 569 68 569 68 569 68 569 68 569
85 359 68 640
607 158 68 5 68 5
261 86
607 158 68 158 68 517
607 158 68 5 68 397
607 158 68 5 68 5 68 5 68 5 68 5
607 158 68 189 68 189 68 189 68 189 68 189 68 189
607 158
85 359 68 640
607 158 68 607 158 68 5 68 5 68 5 68 5 68 5 68 569 68 397 68 5
607 158 68 607 158 68 607 158 68 5 68 607 158 68 5 68 189 68 189 68 189 68 5 68 189
607 158 68 607 158 68 189 68 5 68 5 68 5 68 5 68 189 68 189
85 359
607 158 68 607 158 68 189 68 189 68 189 68 189 68 189 68 569 68 189
607 158 68 607 158 68 189 68 5 68 5 68 5 68 5 68 189
607 158 68 569 68 569 68 569 68 569 68 569 68 569 68 85
85 359
283 68 5 68 5
607 158 68 569 68 569 68 189 68 569 68 569
607 158 68 189 68 189 211 108
607 158 68 5
607 158 68 607 158 68 189 68 189 68 569 68 189 68 569 68 569 68 189
607 158 68 5 68 5 68 5 68 5
607 158 68 5 68 5 68 5 68 5 68 5
85
607 158 68 85 68 85 359
607 158 68 607 158 68 189 68 5 68 569 68 5 68 569 68 569 68 189
607 158 68 607 158 68 189 68 5 68 5 68 5 68 5 68 189
607 158 68 569 68 189 68 517
607 158 68 607 158 68 607 158 68 5 68 607 158 68 5 68 189 68 189
85 359
85 359 68 517
607 158 68 189 68 189 68 189 68 189 68 189 68 189
607 158 68 189 68 189
607 158 68 5 68 5 68 5 68 5 68 5 68 5
607 158 68 607 158 68 189 68 189
607 158 68 5 68 5
607 158 68 607 158 68 5 68 5
607 158 68 607 158 68 189 68 189 68 189 68 189
607 158 68 5 68 5 68 5 68 5 68 5 68 5
607 158 68 5 68 5 68 5
189
607 158 68 607 158 68 607 158 68 607 158 68 607 158 68 158 68 158
85 359
85 359 68 85 359
283 68 5
607 158 68 189 68 189 68 189 68 189 68 189
283
607 479 68 517
607 158 68 5 68 5 68 5 68 5
211 199
607 158
607 158 68 5 68 5 68 5
607 158 68 607 158 68 189 68 5
339
607 158 68 607 158 68 607 158 68 5 68 5 68 5 68 5 68 189
607 158 68 5 68 189 68 189 68 189
607 158 68 5 68 5
607 158 68 569 68 569 68 569 68 569 68 569
19 85 359
85 359 68 85 359
607 158 68 607 158 68 189 68 189 68 5 68 5 68 189 68 189 68 189
240 211
85 359
607 158 68 607 158 68 5 68 5 68 5 68 5 68 5 68 5 68 5 68 5 68 5 68 5 68 5 68 189
607 158 68 607 158 68 607 158 68 5 68 607 158 68 5 68 569 68 189
607 158 68 5 68 5 68 5
85 359
607 158 68 607 158 68 189 68 5 68 5 68 5 68 189 68 189
607 158 68 607 158 68 189 68 189 68 5
607 158 68 5 189
339 551 68 85 359 68 85 359
607 158 68 5 68 189 68 189 68 5 68 5 189
607 158 68 607 158 68 607 158 68 5 68 5 68 5 68 189

607 158 68 5 68 5 68 189 68 5 68 5 68 5 68 189
607 158 68 607 158 68 189 68 189 68 5 68 5
339
85 359
85 359
607 158 68 607 158 68 189 68 189 68 189 68 607 158 108 68 189 68 189
85 359
607 158 68 5 68 5 68 5
607 158 68 569 68 189 68 189 68 569 68 189
607 158 68 5 68 5
607 158 68 5 68 189 68 189 68 189 68 5
607 158 68 607 158 68 189 68 189 68 569 68 189 68 189
607 158 68 607 158 68 607 158 68 5 68 5 68 5 68 569 68 569 68 189 68 189
607 158 68 607 158 68 189 68 189 68 189
607 158 68 5 68 189 68 189 68 5 68 5 189
85 359
607 158 68 85 68 569 68 85
607 158 68 5 68 5 68 189 68 5 68 5 68 5 68 569 68 189
607 158 68 189 68 189 211 108
607 158 68 569 68 85 359
607 158 68 5 68 5 68 5 68 5 68 5
607 158 68 607 158 68 189 68 5 68 5 68 5 68 189
607 158 68 85 359
85 359
607 158 68 607 158 68 5 68 5 68 5 68 5 68 5 68 5 68 189 68 5 68 5 189
607 158 68 189 68 189 68 189 68 189 68 189 68 189
607 158 68 607 158 68 189 68 189 68 5 68 5 68 189
607 158 68 5
607 158 68 607 158 68 189 68 189 68 607 158 68 189 68 569 68 189
607 158 68 189 68 189
607 158 68 189 68 189 68 189 68 189 68 189 68 189
607 158 68 607 158 68 189 68 569 68 569 68 569 68 569 68 569 68 189
607 158 68 607 158 68 189 68 189 68 189 68 189
283 68 5 68 5
607 158 68 85 359 68 85
607 158 68 5 68 397 68 397
607 158 68 189 68 189 68 189 68 189
607 158 68 189 68 189
607 158 68 640
607 158 68 607 158 68 189 68 189 68 189 68 189 68 189 68 189 211 108
85 359 68 85 359
607 158 68 5 68 189 68 189
607 158 68 607 158
607 158 68 607 158 68 189 68 189 68 569 68 189 68 569 68 569 68 189
607 158 68 569 68 189 68 189 68 569 68 569 68 569
5 189 68 5
283
430
430
211 108
19 85 359
607 158 68 5 68 189 68 189 68 189 68 189
607 158 68 189 68 189
607 158 68 339 68 569 68 569 68 569 68 569
607 158 68 189 68 189 211 108
607 158 68 5 189
607 158 68 569 68 569 68 569 68 569 68 569 68 569 68 85 359
607 158 68 607 158 68 607 158 68 607 158 68 607 158 68 569 68 569 68 607 158 68 607 158 68 189 68 189 68 189 68 607 158 68 5 68 607 158 108 68 5 189 68 607 158 68 5 68 5 68 5 68 5 68 5 68 607 158 68 158 108 68 607 158 108 68 607 158 108 68 158 108 68 158 108 68 158 68 158 68 158 68 158 68 158 68 189 68 607 158 68 158 68 189 68 189 68 158
85 359
19 85 359
607 158 68 607 158 68 189 68 189 68 189 68 189
283 68 5 68 5
211 149
607 158 68 189 68 189 68 189 68 569 68 189
607 158 68 607 158 68 189 68 189 68 5 68 5 68 5
607 158 68 5 68 189 68 189 68 5
85 359
607 158 68 607 158 68 607 158 68 5 68 5 68 5 68 5 68 189
283 68 5 68 5
607 158 68 5
607 158 68 607 158 68 607 158 68 5 68 607 158 68 5 68 569 68 189 68 189
607 158 68 569 68 569 68 517 85 359
211 551
85 359
607 158 68 607 158 68 189 68 189 68 569 68 189
607 158 68 189 68 189 68 189 68 189
607 158 68 569 68 189 68 189 68 569 68 569 68 189
211
607 158 68 607 158 68 5 68 5 68 5 68 5 68 5 68 189
607 158 68 5 68 189 68 189 68 189 68 189 68 189
607 158 68 5 68 5 68 5
607 158 68 189 68 189 68 189 68 569 68 189 68 189 68 569 68 189
240 211
607 158 68 5 68 5 68 5 68 5 68 5 68 5
283 68 5
607 158
283 68 5
607 158 68 5 68 189
607 158 68 607 158 68 607 158 68 5 68 5 68 5 68 5 68 189 68 189 68 5 68 5 189
607 158 68 607 158 68 189 68 189 68 569 68 189 68 569 68 569 68 189
607 158 68 5
607 158 68 5 68 5 68 5 68 5 68 5 68 5 68 5
607 158 68 5 68 5 68 5 68 5 68 5 68 5
283 68 5 189
607 158 68 607 158 68 189 68 189 68 569 68 189 68 189 68 569 68 189
607 158 68 5 68 5
607 158 68 5 68 189 68 5 68 5
607 158 68 5 68 5 68 5 68 5
607 158 68 19 85 359 68 189 68 569 68 569
85 359 68 85 359
607 158 108 68 569 68 85 359
283 68 5 68 5
607 158
607 158 68 189 68 189 68 189 68 189 68 189
607 158 68 5 68 189 68 189 68 5 68 5 189
19 85
607 158 68 569 68 569 68 517
607 158 68 189 68 189 68 189 68 189 68 189 68 189
607 158 68 607 158 68 607 158 68 5 68 607 158 68 569 68 569 68 189
607 158 68 569 68 569 68 189
607 158 68 607 158 68 607 158 68 5 68 5 68 5 68 5 68 189
607 158 68 607 158 68 607 158 68 5 68 607 158 68 5 68 569 68 397 68 5 68 5 68 5 68 5 68 5 68 5 189 68 5 68 5 68 5 68 5 68 5 189 68 5 68 5 68 5 68 5 68 5 68 5 189 68 5 68 5 189 68 5 189 68 5 189 68 607 158 108 68 158 108 68 158 108 68 158 108 68 607 158 68 5 68 5 68 5 68 5 68 189 68 189 68 86 68
607 158 68 607 158 68 607 158 68 5 68 607 158
607 158 108
607 158 68 5 68 5 68 5 68 5
607 158 68 430 68 430
5
430 68 85 359
607 158 68 5 189 68 189
607 158 108
607 158 68 5 68 5 68 5
607 158 68 5
607 158 68 5 68 5 68 5 68 5
607 158 68 5 68 189 68 189 68 5 68 5
607 158 68 5 68 5
339 551 68 85 359
607 158 68 607 158 68 607 158 68 5 68 5 68 5 68 5 68 189 68 189 68 5 68 5 189
607 158 68 607 158 68 189 68 189 68 569 68 569
607 158 68 189 68 189 68 189 68 189
607 158 68 189 68 189 68 189 68 189
607 158 68 5 189
607 158 68 607 158 68 607 158 68 569 68 569 68 5 68 569 68 569 68 569 68 5 68 5 68 189
607 158 68 607 158 68 607 158 68 569 68 569 68 569 68 569 68 569 68 569 68 569 68 189
607 158 68 607 158 68 189 68 5 68 569 68 569 68 569 68 569 68 189
397
85 359
607 158 108
19 85 359
607 158 68 5
85 359 68 85 359 68 569 68 85
85 359
607 158 68 569 68 569 68 85
607 158 68 189 68 189
607 158 68 607 158 68 189 68 189 68 189 68 189 68 189 68 189 211 108
607 158 108
607 158 68 430 68 517
607 158 68 5 68 5 68 189 68 5 68 5 68 5 68 189
607 158 68 607 158 68 607 158 68 569 68 569 68 569
607 158 68 5 68 5 68 5 68 5 68 5
607 158 68 5
607 158 68 607 158 68 607 158 68 569 68 569 68 569 68 569 68 569 68 569 68 189
85 359
607 158 68 5 68 189 68 189 68 5 68 5 68 5 68 189
607 158 68 607 158 68 5 68 5
261 86 68 5
85 359
607 158 68 5
607 158 68 5 68 189 68 189 68 569 68 517
607 158 108
85 359 68 640
607 158 68 607 158 68 5 68 5 68 5 68 5
607 158 68 569 68 189 68 189 68 85 359
19 85
607 158
607 479 68 517
607 158 68 607 158 68 607 158 68 569 68 607 158 68 158 68 569 68 569 68 189
607 158 68 189 68 189 68 189 68 189
607 158 68 5 68 5 68 189 68 5 68 5
607 158 68 607 158 68 189 68 189 68 189 68 189 68 189 68 189 68 189
607 158 68 5 68 5 68 5 68 5 68 5 68 5
607 158 68 5 68 5
607 158 68 158 68 158
261 86
607 158 68 5 189
607 158 68 189 68 189 68 189
19 85 359
607 158 68 5 68 5 68 5 68 5 68 5
85
607 158 68 607 158 68 569 68 569 68 569 68 569 68 569 68 569 68 189
607 158 68 5 68 189 68 189 68 5
607 158 68 607 158 68 189 68 189 68 189 68 189 68 189 68 189 68 189 211 108
85 359
240 211
607 158 68 607 158 68 607 158 68 5 68 5 68 5 68 189 68 189 68 189
607 158 68 5 68 5 68 397 68 5
607 158 68 189 68 189 68 189 68 189 68 189 211 108
607 158 68 5 68 5 189
211 108 68 517
211 149
607 158 68 189 68 189 68 189 68 189 68 189
607 158 68 19 85 359
607 158 68 5 68 5 68 5 68 5 68 5
607 158 68 607 158 68 189 68 5 68 189 68 189
607 158 68 5 68 5
607 158 68 5 189 68 189
607 158 68 5 189
607 158 68 607 158 68 607 158 68 5 68 607 158 68 569 68 569 68 189
607 158 68 607 158 68 607 158 68 5 68 5 68 5 68 5 68 397 68 5
607 158 68 607 158 68 607 158 68 569 68 607 158 68 569 68 569 68 189 68 189 68 189
607 158 68 5 68 5 68 189 68 5 68 5 68 5
607 158 68 5 68 5 68 5 68 5
607 158 68 5 68 189 68 189 68 189 68 189 68 189 68 189 211 108
430
607 158 68 189 68 189
85 359
607 479 68 517
85 359
607 158 68 607 158 68 189 68 5 68 5 68 5 68 5 68 189
607 158 68 607 158 68 607 158 68 5 68 607 158
261 86 85
607 158 68 5 68 189 68 189 68 189
85 359
339
607 158 68 5
607 158 68 5 68 5 68 5 68 5 68 5
607 479 68 5
283
607 158 68 607 158 68 189 68 189 68 5 68 5 68 5 68 189 68 189 211 108
85 359 68 517
607 158 68 5 68 189 68 189 68 5 189
607 158
339 68 85 68 85 359 68 85 359
240
607 158 68 5 68 189 68 5
85 359 68 85 359 68 85 359
85 359
607 158 68 607 158 68 189 68 189 68 189 68 189 68 189
607 158 68 189 68 189 68 189 68 569 68 189 68 189
607 158 68 569 68 569 68 569
607 158 68 569 68 569 68 569
607 158 68 607 158 68 5 68 5 68 5 68 5 68 5 68 189
607 158 68 5 189
607 158 68 569 68 569 68 569 68 569 68 569 68 569 68 85 359
85 359
607 158 68 569 68 569 68 569 68 569 68 569 68 569 68 85
85 359 68 569 68 85 359
430
607 158 68 607 158 68 189 68 5 68 5 68 5 68 5 68 189 68 189
283 68 5 68 397
607 158 68 607 158 68 189 68 189 68 189 68 189 68 189 68 189
607 158 68 607 158 68 189 68 189 68 569 68 189 68 569 68 569 68 189
607 158 68 607 158 68 5 68 5 68 5 68 5 68 5 68 5 68 397
85 359
607 158 68 607 158 68 607 158 68 5 68 5 68 5 68 5 68 5 68 5 68 5 68 5 68 5 68 189
339
607 158 68 607 158 68 189 68 189 68 569 68 189 68 569 68 569 68 189
261 86
321 240
607 158 68 607 158 68 607 158 68 5 68 607 158
85 359
85
607 158 68 607 158 68 607 158 68 5 68 5 68 5 68 5 68 397 68 5 68 5 68 5 68 5 68 5
430
261 86
607 158 68 5 189
85 359 68 85 359
85 359
607 158 68 5 189
607 158 68 158 68 158 108
607 158 68 607 158 68 607 158 68 5 68 607 158 68 5 68 569 68 189 68 5 68 5 68 5 68 189
607 158 68 5 68 5 189
607 158 68 607 158 68 189
607 158 68 607 158 68 607 158 68 569 68 569 68 569 68 569 68 569 68 569 68 189
85 359
607 158 68 5 68 5 68 397
607 158 68 607 158 68 189 68 189 68 569 68 189 68 569 68 569 68 189
607 158 68 569 68 569 68 85

607 158 68 607 158 68 607 158
85 359
607 158 68 5 189 68 189
85 359
607 158 68 158 68 158
607 158 68 607 158 68 607 158 68 5 68 607 158 68 5 68 189 68 189
607 158 68 607 158 68 607 158 68 569 68 569 68 5 68 569 68 569 68 189
607 158
607 158 68 85 359
607 158 68 607 158 68 607 158 68 5 68 5 68 5 68 5
19 85 359
211 199
607 158 68 607 158 68 607 158 68 5
607 158 68 189 68 189 68 189 211 108
19 85 68 517
607 158 68 5 68 5 68 5 68 5 68 5 68 5
389 158 108
85 359 68 85 359
85 359
607 158 68 607 158 68 189 68 189 68 5 68 189 68 189 68 189
85 359
607 158 68 569 68 569 68 85
607 158 68 607 158 68 607 158 68 5 68 5 68 5 68 569 68 569 68 189
607 158 68 5 68 5 68 5
85 359
607 158 68 607 158 68 569 68 569 68 569 68 569 68 569 68 569 68 569
607 158 68 569 68 569 68 517
607 158 68 607 158 68 397 68 5 68 569 68 5
261 86
85 359 68 19 85
607 158 68 607 158 68 5 68 5 68 5 68 5 68 5 68 189
607 158 68 158 68 569 68 569 68 569 68 569 68 569 68 85 359
607 158 68 5 68 5
85 359
607 158 68 607 158 68 5 68 5
211 149
607 158 68 569 68 569 68 517
607 158 68 189 68 189 68 189 68 189 68 189
283 68 5 189 68 189
261 86
607 158 68 607 158 68 5 68 5 68 5 68 5 68 5 68 189 68 189
607 158

430
283
607 158 68 569 68 189 85 359
607 158 68 5 68 5 68 5 68 5
607 158 68 569 68 85
607 158 68 189 68 189 68 189
607 158 68 5 68 189
607 158 68 607 158 68 189 68 189 68 569 68 607 158
607 158 68 607 158 68 189 68 569 68 569 68 569
607 158
607 158 68 189 68 189 211
339
607 158 68 5 68 5 68 5 68 5
85 359
607 158 68 5 68 189
607 158 68 5 68 5 68 5 68 5 68 5
607 158 68 607 158 68 189 68 5 68 569 68 569 68 517
607 158 68 607 158 68 189 68 189
607 158 68 517 68 517
607 158 68 189 68 189 211 108
607 158 68 5 68 5
607 158 68 569 68 569
607 158 68 607 158 68 5 68 5 68 5 68 5 68 5 68 5 68 189
607 158
607 158 68 607 158 68 569 68 569 68 569 68 569 68 569 68 569 68 189
607 158 68 5 68 5 68 5 68 5 68 5 68 5
211
607 158 68 5 189
85 359
430
607 158 68 5 68 189 68 189 68 189
607 158 68 5 68 189 68 189 68 5 68 5 68 5 68 189
607 158 68 5
607 158 68 607 158 68 189 68 189 68 189 68 607 158 108 68 189 68 189
607 158 68 607 158 68 5 68 5 68 5
607 158 68 569 68 569 68 569 68 85 359
607 158 68 5 189
607 158 68 607 158 68 189 68 189 68 189 68 189 68 189 68 189 68 189
607 158 68 607 158 68 189 68 5 68 5 68 5 68 5 68 189
607 158 68 5
607 158 68 607 158 68 189 68 189 68 569 68 569 68 569 68 569 68 189
607 158 68 569 68 189 68 189 68 569 68 569 68 569 68 569 68 569
607 158 68 339 68 607 158 68 397 68 397
211 108 68 5 68 241
607 158 68 607 158 68 189 68 189 68 189 68 189 68 189
85 359 389 85 359
85 359 68 85
607 479 68 517
19 85 359
607 158 68 5 189
240 211 149
607 158 68 607 158 68 5 68 5 68 5
607 158 68 607 158 68 5 68 5 68 5 68 5 68 5
607 158
283 68 5 68 397
607 158 68 607 158 68 189 68 189 68 189 68 189 68 189 68 569 68 189
607 158 68 5 68 5 68 397
607 158 68 607 158 68 5 68 5 68 5 68 5 68 5
283
607 158 68 5 68 5 68 5
607 158 68 5 68 5 68 5
607 158 68 607 158 68 5 68 5 68 5 68 5 68 5 68 5 68 189
607 158 68 5 68 5 68 5 68 5 68 5
85 359 68 569 68 85
607 158 68 158 68 397 68 397

607 158 68 607 158 68 607 158 68 5 68 5 68 5 68 5
430 359
607 158 68 5 68 5
607 158 68 569 68 569 68 189 68 569 68 569 68 569 68 569 68 569
85 359
607 158 68 607 158 68 189 68 189 68 189 68 189 68 189 68 189
607 158 68 5 68 5 68 5
607 158 68 5
607 158 68 5 68 569 68 569 68 569 68 569 68 517
607 158 68 607 158 68 189 68 189 68 189 68 189 68 189 68 189 211 108
607 158 68 189 68 189 68 189
607 158 68 5 68 189 68 189 68 189 68 189
607 158 68 607 158 68 607 158 68 5 68 5 68 5 68 5 68 189 68 189 68 5 68 5 68 189
283
607 158 68 607 158 68 607 158 68 158 68 607 158
607 158 68 569 68 189 68 189
607 158 68 5 68 189 68 189 68 5 68 5 68 5
607 158 68 607 158 68 607 158 68 5 68 607 158 68 5 68 189 68 189 68 189 68 189
607 158 68 5 68 517
607 158 68 569 68 189 68 189 68 569 68 569 68 569
607 158 68 5 68 5 68 189 68 5 68 5
607 158 68 5
607 158 108 68 189 68 189 211 108
607 158 68 607 158 68 189 68 189 68 189 68 607 158 68 189 68 189 68 189
261 86
607 158 68 189 68 189 68 189 211 108
607 158 68 607 158 68 607 158 68 607 158 68 607 158 68 569 68 569 68 189 68 5 68 607 158 68 189
85 359 68 85 359
85 359
607 158 68 607 158 68 607 158 68 5 68 5 68 5 68 5 68 189
607 158 68 189 68 189 68 189 68 189 68 189 68 189
85 359
607 158 68 5 189
607 158 68 5 68 5 68 5 68 5 68 5 68 5
607 158 68 5 189 68 189
240
607 158 68 85 359 68 517
85 359
607 158 108 68 189 68 189 211 108
607 158 68 607 158 68 607 158 68 5 68 5 68 5 68 189 68 189 68 189 68 189 68 189
607 158 68 189 68 189 68 189
607 479 68 5
607 158 68 5 68 5 189
607 158
261 86 68 5
607 158 68 5 68 5 68 5 68 5 68 5
283
64 211 108
85 359
607 158 68 607 158 68 607 158 68 569 68 569 68 569 68 569
607 158 68 607 158 68 607 158 68 569 68 569 68 569 68 569 68 569 68 189
607 158 68 607 158 68 189 68 5 68 569 68 5 68 569 68 569 68 189
607 158 68 189 68 189 68 189 68 189 211 108
564
607 158 68 607 158 68 5 68 5 68 5 68 5 68 5 68 189
607 158 68 607 158 68 607 158 68 5 68 607 158 68 5 68 189 68 189 68 189 68 189
607 158 68 5 68 189 68 189 68 517
607 158 68 158 68 569 68 517
607 158 108
283 68 5
211 108
339
607 158 68 607 158 68 607 158 68 5 68 607 158 68 5 68 5 68 5 68 5 68 5 68 5 68 5 68 5 189
85 359 68 19 85 359
607 158 68 607 158 68 189 68 189 68 189 68 607 158 68 189 68 189 68 189 68 189 68 189
607 158 68
85 359 68 85 359
607 158 68 607 158 68 569 68 569 68 569 68 569 68 569 68 569 68 569 68 189
607 158 68 189 68 189 68 189 68 189 68 189
607 158 68 5
607 158 68 5 68 5 68 5
607 158 68 5 68 189 68 189 68 569 68 569
607 158 68 5 68 5 68 5 68 5 68 5
607 158 68 607 158 68 607 158 68 569 68 607 158 68 569 68 569 68 189 68 189
283
64 211 108
389 158 149
607 158 68 607 158
607 158 68 607 158 68 607 158 68 5 68 607 158
607 158 68 5 68 5 68 5 68 5
607 158 68 5 68 189 68 189 68 5 189
607 158 68 607 158 68 189 68 189 68 5 68 189 68 189 68 189
607 158 68 569 68 569 68 85
85 359
85 359 68 85
607 158 68 607 158 68 569 68 569 68 569 68 569 68 569 68 569 68 569 68 569 68 189
607 158 68 517
607 158 68 607 158 68 607 158 68 5 68 5 68 5 68 569 68 569 68 189 68 5 68 5 189
607 158 68 607 158 68 189 68 189 68 189 68 189 68 189 68 189 68 189
607 158 68 5 68 5 68 5 68 5 68 5
607 158 68 5 68 5
607 158 68 607 158 68 607 158 68 569 68 569 68 569 68 569 68 569
607 158 68 607 158 68 5 68 5 68 5 68 5 68 5 68 569 68 569 68 5 68 5 68 5 68 189 68 189
607 158 68 607 158 68 5 68 5 68 5 68 5 68 5 68 5
283 68 569 68 569 68 569
607 158 68 607 158 68 189 68 569 68 569 68 569 68 569 68 569 68 189
607 158 68 189 68 189 68 189 68 189 68 189
607 158 68 607 158 68 189 68 5 68 5 68 5 68 5 68 189 68 189
240 211
607 158 68 5 189
397
607 158 68 607 158 68 607 158 68 5 68 607 158 68 5 68 569 68 5 68 5 68 5 68 5 68 5 68 5 68 5 189 68 5 68 5 189 68 5 189 68 5 189 68 5 68 5 68 5 68 5 68 5 68 5 189 68 5 189 68 5 189 68 5 189 68 5 189 68 607 158 108 68 158 108 68 158 108 68 158 108 68 158 68 158 68 189 68 189 68 5 68 189 68 189 68 189 68
607 158 68 189 68 189
607 158 68 5 68 189 68 189 68 189 68 189
430 359
607 158 68 5 68 189 68 189 68 189
211 108
607 158 68 189 68 189 68 189 68 189 68 189
607 158 68 5 68 189 68 189 68 5 68 5 189
607 158 68 607 158 68 5 68 5 68 5 68 5 68 5
607 158 68 5
85 359
85 359
607 158 68 607 158 68 5 68 5 68 5 68 5
607 158 68 5 68 5 68 5 68 5
211 189
607 158 68 85 359
607 158 68 607 158 68 607 158 68 5 68 5 68 5
211 108 68 5 68 189
607 158 68 607 158 68 189 68 189 68 569 68 607 158
564
607 158 68 607 158 68 189 68 189 68 189 68 5
607 158 68 607 158 68 189 68 189 68 5 68 189 68 189 68 189 68 189 68 189 68 189
85 359
85 359
607 158 68 5 189
189 85 359
607 158 68 339 68 569 68 569 68 85 359 68 569 68 85
607 158 68 158 108
607 158 68 607 158 68 5 68 5 68 5 68 5
85 359
339 551 68 85 359
607 158 68 607 158 68 607 158 68 5 68 607 158 68 5 68 5 68 189
607 158 68 607 158 68 397
607 158 68 569 68 569 68 569 68 569 68 569 68 569 68 85 359
