593 108 68 657 299
133 68 640 68 194 543 68 517 194
201 258 68 5 189 241 68 189 550 86 68 607 68 36 149
503 189 68 517 68 189 68 76 68 97 68 19 551
430 149 517 359
261 86 68 124
189 68 261 158 68 550 339 211 330 85
531 199 118
158 68 165 68 355 359 68 430 299
64 211 390 68 651 85
201 158 199 201 85 299
189 68 153 189
501 85 64 532
170 565 68 347 158
231 51 86
651
611 189 149 389 158 572
189 68 81 68 565 569 108
607 86 68 389 501 68 397 68 550 501 68 607 158 290 68 79 222 68 170 299 68 283 68 5 343 158 108 258
189 68 354 68 189
495
651 123 68 354 68 507 449 68 45 211 68 258 397 189
5 68 617 149 68 642 158 68 642 158 108 68 241 85 68 607 158
261 86 68 607 50
158 108 68 19 108 68 378 85 4 523 406 68 517 250 551 68 136 479 108 68 19 85 68 19 85 68 501
405 68 405 553
517 194 149 68 79 487 68 283 68 607 158 68 607 158 68 70 501 85
36 149 68 517 359 68 246 68 5 189 68 170 149 68 283 68 607 158 68 79 158 438 85 79 359 438 85
565 415 211 68 640 68 321 27
54 334 189 149 258 390
162 68 149
135 68 115 158 189
430 222 4 258 390
158 240 222 85 68 607 158 68 87 152
525 68 290 85 68 4 189
611 149 68 189 68 261 158 543 68 5 108 68 136 126
189 68 87 189 68 501 85 517 178 68 97 68 241 85 68 607 158 108 68 79 487 149 68 240 438 359
321 27 68 569 68 472 68 472 68 389 339 68 246 68 19 108 68 231 85 68 153 108
189 68 87 189 68 607 158 68 85 149 258 68 552 359
189 68 81 68 397 68 550 501 68 607 158 189 68 189 241 85 359 68 43 155
189 68 43 158 68 252 155 532 68 321 189 68 266 569 68 550 430
569 68 182 149 211 222 68 189 68 43 189 68 331 158 68 390 68 321 247 68 241 68 354 68 70 189 213 68 213 51 213 68 189
503 108
550 430 359 68 330 108
261 86 68 527 68 5 108 68 189 16 430
5 68 339 551 68 397 158 108 68 65 86
258 183 67
552 85
189 68 651 123 108
611 118 359
158 68 517 85 68 583 68 5 258 178 68 70 189 68 240 643 85 68 240 643
158 607 155 643
552 85 68 133 551 51 570
240 85 354
64 211 149
201
321 247 108
201 258 68 197 108 68 531 149 68 189 68 5 189
36 211 607
196 68 607 50 68 36 149 68 397 68 197 86 68 607 158 68 569 68 384 359 68 173
149 51 251 68 503 189
136 479
472 4 152
43 158 68 197 158 68 9 68 45 108
97 68 583 68 321 189 68 330 389 199
517 194 199
153 68 246 68 339 68 339 68 569 68 5 189 359
565 415 211 359
5 68 36 149 68 43 158 68 153 108 68 321 569
651 85 79
87 68 81 68 397 68 197 86 68 569 68 213 211 158 189 68 213 194
490
189 68 87 359 68 397 68 517 68 651 123 68 640 68 321 240 68 550 158 514 199
607 170
115 479
201
344 405 68 565
359 16 569 108
5 68 189 68 426 339
517 550 86 68 577 68 607 158 68 136 155
362 68 158 108 68 158 108 68 43 158 68 93 51 415
189 209 158 85
607 155 68 183 339 68 611 189 68 133 68 321 247 85 68 153 108
321 68 19 339
201
5 68 189 68 430 68 36 149 68 607 158 68 540 299
36 108 68 495 149 68 390 68 197 86 68 4 359
64 211 390 68 611 118 68 569 68 36 211 607 68 158 405 258 390 68 550 487 68 51 86
162
390 68 354 68 569 68 426 155 68 447 158 438 359
565 19 85
5 68 359 68 261 158 247 68 607 158 85 68 417
246 68 54 654 68 397 68 569 68 158 108 68 201 85 241 85 359
196 68 389 158 247 85
503 108
607 158 68 79 149
189 68 583 68 321 189 68 240 211 199
87 222 85
517 415 565 85
607 86 68 389 501 68 397 68 378 85 517 68 36 211 199 68 170 68 397 68 569 68 5 581 68 638 211 82
651 123 68 607 170
51 570 68 347 158 68 51 68 258
261 158 543 68 347 158
204 152 68 36 149 68 189 68 158 4 79 222 68 189 68 97 68 97
87 68 81 68 43 532 85
64 211 390 68 430 299 68 607 68 569 68 389 189 68 241 85 68 241 68 569 108 258 189 16 430
390 68 19 108 68 607 158 68 211 222 68 447 189
607 158 16 430 359
503 189
330 390 569
158 68 389 501 68 153 85 359 68 197 86 68 43 158 68 19 85 68 189 68 43 158 68 152 550 158 68 153 189
611 189
503 108
196 68 569 68 569 68 79 487 68 640 68 36 108 68 347 158 551
283 68 565 569 68 5 68 331 149 68 629 68 538 339 68 241 551 68 182 211
64 442
201
189 68 550 501 68 397 68 550 501 68 607 158 68 657 523 405 85 347 158 118
607 50 68 152 51 86
389 240 68 490 359
158 108 68 36 149 68 211 247 199 68 607 158 85 68 430 68 222 68 607 158 68 283
330 68 189 68 189 68 240 51 86
43 158 68 45 149 258 189 68 247 74 68 569 68 5 189 68 280
266 569 108
97 68 54 86 199 68 253 68 503 158 108 68 321 569 68 70 85 68 397
5 189
261 86 68 246 68 241 68 426 339 68 5 189 68 211 251
593
569 68 607 158 68 149 68 390 68 397 68 43 158
97 68 43 158 108 507 258 118 68 5 343 158 152
64 211 390 68 583 68 97 68 565 85 359
189 321 189 68 246 389 565
261 86 85 152
569 68 16 569
503 108 68 517 68 189 68 246 68 607 158 68 241 199
86 163 68 93 389 501 68 397 68 211 543 68 158 543 68 158 68 654
261 86 68 158 189 68 197 86 68 158 108 68 158 108 68 389 240 359 68 397 68 550 85 222 211 551
43 339 68 321 240
5 68 431 68 479 240 359 68 136 158 543 108
201 258 68 197 108 68 201
261 86 68 124
196 68 79 86 68 565 149 68 189 68 134 194 514 199
657 68 64 211 390
569 68 5 155 68 390 68 43 158 64 442
155 68 538 339
569 68 447 430 68 158 108 68 241 158 85 68 241
517 194 149 68 599 68 5 68 503 108 68 569 68 51 86 68 207 68 189 299 68 115 479 68 246 68 189 565
261 86 68 43 158 68 246 68 569 68 4 85 68 241 85 68 43 532 189
273 261 158
355 68 49 68 5 68 347 85
97 68 64 51 189 550 86
182 149
355 406 211
517 85 390
503 189 68 607 50 68 36 149
607 86 68 389 501 68 397 68 550 501 68 607 158 68 290 85 133 68 240 211 68 43 155 68 65 152 68 569 68 36 211 85 611 152
201
390 68 19 108 68 607 158 68 599 240 68 258 405 68 430 68 397 189 68 158 569 68 158 108
153
330 197 86 211 213
189 68 321 247 68 97 68 550 430 359 68 435 240 359
258 85 299
261 86 68 124 68 81 68 36 149 68 607 158 68 362 68 201 258 68 43 158 118
359 70 158 359 68 339 68 158 517 299 180
261 86 68 607 487 68 97 68 45 85 359
565 570
87 85
479 68 607 155 68 321 247 85
97 68 343 543 68 531 299 68 19 85 68 204 68 189 397 68 494
593 163 68 97 68 611 189 68 211 251 211 389 158 118 68 321 189 68 79 430
253 68 569 68 76 158 108 68 189 68 507 149 68 394 68 246 68 517 82
97 68 390 68 241 68 241 359 68 640 68 283 68 283 68 134 415 532
196 68 36 108 68 36 211 607 68 222 476 551
501 85 406 149 68 5 68 503 108 68 607 158 68 607 158 68 189 108 43 158 68 501 85 438 149 68 158 570 258
79 565
201
189 68 5 189
355 68 283 68 5 68 390 68 201 258 68 397 68 593 158 85
189 209 158 85
201
36 108 68 36 211 390 68 201 108 68 531 85 68 629
76 158 222 85
201
87 85
204 152 68 36 149
241 85 68 93 389 189 68 85 237
189 68 211 607 50 68 397 68 253 68 503 339
49
517 194 149 68 611 189 68 321 247 85 68 321 247 68 503 189 565
321 68 389 501 68 397 68 517 570 211 68 5 68 64 435 240 359
201
611 240
261 86 68 607 68 36 149 68 152 550 86 68 569 68 261 572 359
220 211 290 85 568
13 551
607 158 415 211 85 68 642 149 532
97 68 11
321 68 201 258 68 197 108
503 189 68 5 390 68 189 68 531 199
201
4 359 68 222 85
201
189 68 550 152 68 397 68 501 85 517 68 204 222 68 170 68 170 68 397 68 569 68 370 211 517 118
447 189
651 123 68 607 158 68 290 657 359 68 241 108
85 447 158 430 68 4 85 359
16 158 359
657 334 222 405 189 68 189 241 199 290 85 347 158 118
490 359 68 447 158 517
258 478 68 517 68 517 82
87 68 126 68 158 108 68 183 158 543 68 339 68 4
550 501 68 569 68 490
657 68 153 108 68 36 149 68 158 108
189 68 550 501 68 397 68 550 501 68 607 158 290 68 79 222 68 170 299 68 283 68 158 108 68 430 68 5 189 68 397 68 43 158 152 68 36 211 607 158 152 68
532 178 68 5 68 189 149 258
501 85 438 68 5
321 68 389 501 68 397 68 321 290 68 607 158 68 43 85 299 68 479 85 611 359
4 199 199 359
339 299 211
196 68 36 108 68 246 85 68 64 389 158 543 85
347 501 359
5 108
43 430
149 258 359 68 197 158 406 334
64 149 68 430 222 4 240
126 68 19 108 68 405 68 607 158 68 370 68 607 68 354
36 108
266 158 194 68 64 211 68 79 359
189 68 253 68 617 149 68 155 68 153 189 643
426 158 247 240 225 68 479 149
4 85 68 85 68 346
158 389 149 517
135 68 43 517 68 431 68 514 199
607 50 68 640 68 321 85
158 108 68 36 149 68 45 108
5 108
405 199 189
5 68 527 149 68 607 158 543 68 531 85 68 517 85 68 517 82
5 68 617 149 68 607 158 85 68 607 158 85 68 5 189
211 394 68 218 389 158 85
261 405
54 86 68 405 85 68 79 158 543 68 607 158 68 211 245 85
79 430 68 321 189
189 569 108
213
158 108 68 19 108 68 607 158 85 68 607 569 85 68 64 211 438 359 68 640 68 54 86 68 79 359 565
438 70 158 68 5 68 211 85 347 158 85 347 158
196 68 36 108 68 36 85 68 390
64 211 258 68 397 68 276 85 68 36 149 68 5 68 550 158 68 246 68 104 68 607 158
197 158 189
189 240 211 406 158 611
346
261 86 68 607 50 68 390 68 153
390 68 19 85 68 347 158 85 149
321 85
201 258 68 426 339 68 339 68 607 158 68 231 51 86
64 211 390 68 397 240 68 153 108
390 68 36 108 68 170 240 68 231 240 68 339 68 607 158 68 81 68 280
153 108 68 5 68 99
359 170 299 68 552 85 359
569 68 347 158 68 390 68 43 158 68 43 158 68 64 550 158 334 108 258 85
527 68 153 68 153 68 334 68 447 189
494 68 158 108 51 159
517 194 68 347 85 68 651 68 290 68 607 339 551
503 189 68 5 390 68 569 68 550 430 68 241 108 68 51 85 152 68 152 550 501 68 211 543
97 68 273 68 5 155 194 438
5 213 389 158 108
153 68 636 68 5 68 607 158 68 51 86 68 640 68 471 211
134 194 514 199
51 359 68 115 479
201
5 155
447 158 189 643
201
611 149 68 36 149 68 517 194 68 651 149
115 611 68 231 240
189 68 550 501 68 397 68 5 290 241 68 607 158 68 261 86 85 5 68 607 155 211 82
569 68 173 68 183 189 550 339
5 68 527 149 68 651 123 68 577 68 189 68 458 85 68 552 85 68 258 551
517 194 68 149 258 68 607 158 68 170 108 68 253 68 642 149 359
607 158 68 5 82 68 158 108 68 430 241
86 163 68 93 389 501 68 197 158 68 197 108
390 611 569
64 211 390 68 87 97 68 49 68 5 68 517 68 280
241 430 68 5 68 607
204 152 68 36 149 68 241 85 68 189 550 339 194 68 158
5 68 593 149 68 607 158 68 5 290 266 158 108 68 51 86 299 68 64 389 158 118 68 550 339 551
607 158 68 389 85 251 68 211 359
19 108 68 5 225
201
64 211 390 68 389 430 299 68 397 68 569 68 16 158 149
517 194 68 81 68 197 158 68 197 158 68 344 189 241 211 565
220 211 222 67
253 68 182 149 68 389 501 68 397 68 276 339
19 158 449 68 607 170
5 68 36 149 68 607 158 68 525 551 68 359 389 479 359
153 108 68 97 68 390
405 178 359 4 258 572
97 68 405 189 68 54 86
503 108 68 607 68 189 68 517 68 201 478
36 108 68 330 68 85 359 68 640 68 611 85 258
153 108
43 158 240 19 108 258 85
189 68 211 68 607 158 68 640 68 640 68 607 158 68 49 551 68 640 68 479 240 211 517 551 517
196 68 569 68 240 51 189 68 149 550 158 405 108 68 397 68 330 85 359 68 406 158 68 406 158
517 194 68 517 85 68 201 85 68 397 68 266 158 635 189
136 158 152 68 607 158 68 640 68 405 553
201 4 359
565 569 68 236 68 330 621
189 540 551 565
201 85 241 85 359
517 68 189 68 136 501 68 651 123 68 64 550 158 189
197 158 189 68 390 68 201 299 68 85 347 189 68 201 258 68 330 68 258 359
5 211 199 68 241 474
201
43 532 204
611 149 68 36 149 68 405 68 517 85 64 389 158 572 68 135
189 68 5 189 68 577 68 569 68 85 343 339 68 43 158 68 261 199
36 211 607
36 149 68 211 607 50 68 397 68 189 451
321 68 189 68 611 189 68 339 68 339 68 607 158 85
97 68 569 68 490 359 68 447 158 517 68 189 68 640 68 321 290 85 68 36 149
64 211 390 68 231 240 68 5
201
5 68 201 258 321 563 158
359 16 569 108
4 258 478
261 86 68 43 158 68 501 85 4 189 211 517 68 5 68 527 149 68 607 158 543
79 213 211
135 68 5 68 527 359
346 211 565 68 85 68 158 149 115 479
599 389 241 68 149 68 550 158 108
87 108 68 64 93 93 435 152 68 266 50
607 86 68 550 501 68 397 68 472 189 550 487 68 405 68 201 108 211 68 5 211 471 211 68 607 155
43 158
4 108
189 68 81 68 135 68 552 189
201
137 158 152 68 149 68 36 108 68 54 86 108 68 397 68 405 68 397 68 211 222 476
158 245 499 189 359
87 108 68 54 86 189 68 397 68 16 158 543 68 607 158 68 133 68 397
64 211 390 68 222 85 68 405 189 68 569 68 426 339 68 93 211 189
97
258 108 68 577 68 189
569 68 115 479 85 68 170 359 68 359 569 68 321 189 68 321 189
97 68 253 68 253
378 85 447 158 118 68 5 189 222
321 240 68 87 85 152 68 170 152
253 68 19 68 97 68 507 149 68 16 569
569 68 552 68 390 68 64 211 108
607 68 629 68 505 51 86 68 158 189 16 189
651 123 108 68 390 68 246 68 201 240
347 189
569 68 347 501 68 158 108 68 158 108 68 197 86 68 607 50
321 247 85 68 19 108
36 108
390 68 19 85 68 607 158 68 115 479 68 158 155 68 158 565 68 64 211 108 68 241 68 189 68 359 389 430 299
79 155 108
607 158 68 397 189 68 390 68 189 68 611 570
153 68 158 449 68 81 68 236 68 330 197 86 68 564 68 607 170 68 5 189 68 449 68 45 108 68 45 149 68 354 68 70 158 108
213 211 152 442
261 86 68 43 158
135 68 531 199 68 331 149 68 607 158 68 211 86 189 68 321 189
390 68 19 85 68 607 158 85 68 158 406 158 299 68 237 247 68 70 247 68 405 68 222 476 551 68 550 158 551
201
201
189 68 211 607 50 68 397 68 43 158 68 158 189 299 211 517
196 68 607 50 68 36 149 68 397 68 197 86 68 607 158 68 569 68 384 359 68 173
189 68 472 420 68 158 189 654 68 430 51 68 245 258
565 569 68 158 108 68 4 85 222
430 347 85
19 85 51 68 607 158 68 79 158 108 68 4 108 68 64 211 390
384 479 211 68 517
16 85 447 189 85
201
397 68 213 211 607
276 85 607
569 68 149 550 158 405 108 68 246 68 183 339 68 189 68 70 189 68 36 152 68 36 149 68 397 68 577 68 503 189 108
514
447 158 68 343 339
196 68 347 158 68 5 68 331 149 68 261 158 247 108
158 334 405 194 213 68 347 158
51 158 189
261 86 68 43 158 68 246 68 97 68 70 189
189 68 213 223 68 607 158 68 22 68 158 108 68 158 155 211 643
503 108 68 390 68 569 68 394 51 86 163 68 446 68 642 211
170 108
76 85 359 68 212 86 68 197 86 68 87 222 85
5 68 189 68 136 158 543 68 4 85 152 68 569 68 258 551 68 552 85 222 359
170
607 158 85 68 189 569 108 68 133
201 258 390
642 149 532 68 347 158 240
5 155 211 123
577 68 611 74 108 68 397 16 569 108 68 36 149
189 68 211 68 607 158 68 211 570 435 85 359 68 197 86 149 68 43 155
189 68 5 189
503 189 68 390 68 569 68 189 347 158 85 247
196 68 79 487 149 68 158 108 68 607 158 108 68 197 155 68 426 155
135 68 261 158 543 68 607 158 85 252 199 68 36 149
607 158 68 43 240 68 640 68 517 68 64 211 258
321 189 68 5 189
258 108 68 54 86 68 607 158 153 189
611 189
64 211 390 68 85 68 85 68 149 68 36 149 68 43 487
607 170
657 68 153 68 611 68 638 211 390 68 550 430 359 68 359 532 158 85
611 149 68 189 68 550 501 68 607 158 68 657 334 222 68 241 68 569 108 68 82 68 430 68 5 189 68 552 85 359 68 552 85 359 68 552 85 359 68 359 68 189 550 86 149 68 189 550 86 349 85 359 68 189 68 189 68 189 149 68 189 68 189 68 189 68 189 550 86 149 68 189 68 189 68 189 550 86 149 68 189 68 189 68 189 68 607 50 68 135 68 189 68 189 68 189 550 86
611 189 4
390 68 651 123
426 155 225
607 68 36 149 68 261 158 543 68 607 158 68 4 247 85 68 565 240
189 68 211 607 50 68 81 68 569 68 389 570 68 640 68 362 68 569 68 565 415 211 517
569 68 321 247 430
503 108 68 390 68 569 68 4 85 359
158 389 149 207
565 569 68 253 68 593 149 68 93 389 501 68 397 68 607 158 85 68 189 68 13 93 225 299 68 638 68 569 68 279 194 108 68 246 68 569 68 246 68 505
321 68 389 501 68 397 68 517 211 68 43 158 68 431 68 611 51 359
189 149 347 85 68 197 86 68 197 86
261 86 68 43 158
11 68 565 149 258 390
5 68 527 149 68 607 158 68 607 158 68 79 339 68 170 449 68 153 68 657 551
43 643
611 74
330 123 194 199
495
189 68 261 158 68 514 199 359 68 347 158
136 158 152 68 321 189 68 19 108 68 347 158 68 430 68 607 158 85
137 309
97 68 158 517 118 68 569 68 569 68 258 551
540 68 517 299 211 222 85
64 211 390 68 182 149 68 5 189 68 569 68 87 299 570 389 339
517 194 68 246 68 321 85 68 212 86 108 68 607 158 68 16 479 68 607 155 68 517 194
321 189 68 87 449
19 85 155 550 158
189 68 517 359 68 43 261 86 68 405 149 258 149 68 189 68 261 158 68 397 415 517 415
599 389 339
189 68 81 68 397 68 550 501 68 607 158 247 68 70 189 68 346
170 108
517 85 359 68 517 85 5
607 68 629 68 261 158 247 68 607 158 85 68 241 85 115 479 68 158 108 115 479 643
538 430
65 86 68 607 158 85 68 611 189
43 155 68 5 68 607 158 85 347 158 68 36 149 68 389 163 68 231 240
5 108 438 359
503 189
158 68 153 189 390 68 607 158 68 389 240 359 68 394 68 149 68 201 569 68 201 258 68 642
345 334 68 197 86
97 68 494 68 389 501 68 607 158 68 211 570

611 149 68 189 68 162 68 607 158 68 266 158 194
76 240 299
657
607 158 85 347 158
158 85 347 158 64 211 406 155 211 258 189 211 189
5 155
124 68 607 158 68 182 149
43 430 19 550
189 68 158 68 430 68 85 149 207 108 68 189 68 565 569 68 85 611
19 108 68 430 68 378 85 45 206 68 640 68 5 68 397 68 4 247 85 347 158 118 68 339 68 283 68 87 152
153 108 68 97 68 390
189 68 5 543 68 397 68 85 152
36 108
261 158 48
49 68 5 68 417 68 607 158 68 5 104 471
5 68 331 149 68 196 68 447 158 108 68 321 108 68 330 570 211 85
657
45 108
240 359 68 97 68 99
503 108 68 517 68 189 68 134 515 68 45 240 68 283
79 487 149 68 158 108 68 158 108 68 638 550 155
334 68 43 532 68 261 430 68 189 68 149 152 68 124 68 607 155 68 569 68 347 158
196 68 347 158 68 5 390 68 569 68 76 85 68 246 68 211 543 68 241 68 569 68 170 152
153
657 222 19 85 68 211 85 405 85
19 108 68 330 85 258 85
261 86 68 5 68 189 68 611 189 68 36 108 68 43 155 194
261 86 68 124 68 158 108 68 87 68 552 118 68 339 68 354 68 430 68 201 258 85 241 85 359
657 68 640 68 611 85 258
611 149 68 36 149 68 517 68 266 158 68 189 68 79 158 543 68 158 359 13 149
246 204 68 152 68 258 397 189
607 86 68 389 501 68 397 68 79 359 68 362 68 173 68 241 118
5 4
334 68 189 149 13 85 359
45 108 68 158 108 68 36 149 68 532 178 68 241 85 68 426 339
189 68 607 158 527 68 222 476 68 607 158 68 197 86 108 68 405 241 68 54 86 68 397 68 405
517 68 189 68 417 68 347 501 68 241 108 68 397 68 321
607 158 68 4 68 64 211 390
503 108 68 517 68 189 68 134 515 68 607 158 68 346 194 68 517 85 607 551
370 68 36 149 68 196 68 397 68 54 86 68 197 108 68 155 643 108 68 390
565 570
196 68 390 68 569 68 430 359 68 182 149 211 85 68 551 68 201 478 359
611 359 266 85
569 68 405 85 68 494 68 389 501 68 36 149 108 68 170 108 68 170 240
330 394
158 108 68 36 149 68 330 68 220 51 299 68 36 85 68 36 149
134 415 532 68 517 85 390
64 211 390 68 182 149 68 36 108 68 550 158 108 68 149 532 85 68 569 68 258 359
64 211 390 68 87 85 68 651
607 86 68 532 152 68 607 158 68 70 339 68 642 211 68 64 211 258
611 149 68 36 149 68 241 68 569 68 550 501 85 152 68 241 85 68 5 108 68 607
19 108 68 390 68 51 359 68 640 68 642 158 189 68 70 189 68 213 68 79 152
525 551 569
70 189 68 599 68 5
266 569
182 108
76 359 68 642 211 68 642 211
517 85 359 68 517 85 5
201
417 334 199 189
211 657 359 68 246 68 87 449 68 197 158 299
196 68 347 158
189 68 651 123 68 607 158 543 68 569 68 64
115 611 68 36 149 389 158 149 68 266 569 108
189 68 5 189 68 330 405 108
97 68 405 189 68 54 86 68 136 479 178 68 397 68 36 149 68 397
261 86 68 43 158 68 246 68 607 158 68 189 68 550 339 551
189 68 99 68 565 68 405 68 607 158 68 405
384 68 273 334
194 405 108
565 70 247 85 68 197 86
204 152 68 36 149 68 189 68 54 86 68 290 657 359 68 70 189
189 569 108
651 123 68 430 68 577
5 189
611 48
189 68 5 189
153 68 583 68 290 657 565 68 81 68 81 68 607 158 68 16 430 359 68 158
607 158 415 211 85 68 642 149 532
611 51 86 68 5 189
76 85 133 68 640 68 135
97 68 153 108
611 189 149 68 36 149 68 16 158 68 569 68 241 68 240 211 68 240 211 85 68 640 68 36 149 68 36 149 68 36 149
97 68 339 68 258 247 68 321 189 68 87 189 68 87 449
417
565 569 68 36 149 68 517 85 551 68 97 68 321 189 68 569 68 76 570 389 339 68 642 211
565 569 68 389 501 68 607 158 68 552 85 258 68 79 155 108
19 85
197 108
231 240
330 70 158 108 68 517 149 258 390
36 211 199 68 240 51 149 438 359
36 149 68 152 51 86 68 196 68 189 68 607
503 108 68 390 68 569 68 79 222 68 642 68 642 211
196
261 86 68 158 189 68 192 643
611 163 68 430 149 68 569 68 397 68 405 68 405 68 607 155 68 5 155
5 68 617 149 68 642 158
389 570
657 149
189 68 517 359 68 472 68 158 607 155 643
149 552 85 68 607 158 68 389 339 68 347 158 68 158 108 149 550 487 149 68 19 85 258 85
241 85 68 552 85 68 397 68 347 189 68 569 68 276 85 68 321 189
231 240
76 85 359
197 85 359
517 194 149
64 93 93 93 93 93 93 93 93 93 93 93 93 93 93 93 93
347 158
607 68 629 68 261 158 247 68 538 158 514 199 68 397 68 517 152
532 178 68 389 501 68 36 108 68 87 569 68 246 68 79 430 359
517 194 514 199
137 501 68 149 68 97 68 321 247 108
531 299 211 390 68 657 222 19 85 258 551
197 86 149 68 189 68 136 158 189 643 85
189 68 5 189 68 261 158 543 68 389 149 68 5 189 68 517 85 68 36 149 68 431 108 68 241 68 158 108
192 68 354 68 43 430 68 283 68 70 189
170 415 68 607 158 68 607 158 68 76 85 79 359 438
389 479 68 397 68 276 85 68 36 149 68 5 68 246 68 104 68 104 189 550 86
51 82 68 611 68 43 158 68 638 68 569 68 321 189 68 70 158 551
88 237
136 158 152 68 321 149
565 569
503 189 68 5 390 68 569 68 525 551 68 426 569 68 211 543
54 86 68 611 415 430
36 149 68 85 359 68 523 68 19 85 68 158 108 68 330 68 330 68 550 339
503 108 68 390 68 569 68 405 569 85 607 158
517 194 149 68 577 68 354 68 651 123 68 607 339 551
611 149 68 36 149 68 330 359 68 569 68 70 158 68 79 189 68 241 359
189 569 108 68 201 258
192 68 153 108 68 149
517 194 68 577 68 607 158 68 517 85 68 273
189 68 87 189 68 136 158 543 108
517 415 394 149
51 487 85
503 108 68 390 68 569 68 124 68 158 189 68 158 189 149 532 149
276 85 607
430 222 4 258 390
247 85 321 158
222 85
640 68 611 85 68 135 68 405 68 569 68 19 108
196 68 158 108 68 569 68 359 70 85 359 68 339 68 189 85 406 430 299 68 354 68 507 449 68 507 449
253 68 182 149 68 389 501 68 405 240 68 640 68 390 551 68 79 430
447 158 247 68 384 108
5 68 527 149 68 85 266 85 68 36 108 68 253 68 170 108 68 261 86 68 153 189 68 64 211 108
4 406 155 68 430 654
390 68 258 569 68 170 108 68 170 108 237 199 68 36 149
201
517 550 86 149 68 49 68 5 68 81 68 354 68 189
261 86 68 124 68 126 68 569 68 640 550 85 222 149 68 405 68 5 155 211 339
149 258 85 68 197 86 68 611 189
97 68 330 189 389 189 68 517 118 68 158 211 390
201
4 199
153 108 68 97 68 390
97 68 5 68 531 85 607 204 85 68 4 85 359 85 359
321 170 108
36 149 68 76 517 68 569 68 64 211
153 108
564 68 607 158 68 390 68 354 551
611 178
36 149 68 550 158 543 68 43 158 68 611 51 487
153 108 68 201 258 68 657 523 405 85 347 158 118 68 189 241 199 290
196 68 5 68 36 149 68 426 158 85 68 569 68 640 68 569 68 64 550 430 68 165 68 87 565
201
36 149 68 397
153 68 170 359 68 19 85 68 87 449 68 607 158 68 283 68 54 86
246 68 607 158 123 68 153 108 68 540
189 68 550 501 68 397 68 5 290 241 68 607 158 68 261 86 85 5 68 607 155 211 82
599 68 5 68 201 240 68 152 211 68 211 449 189 68 607 158 68 135 68 550 339 68 134 359
507 449 68 231
189 68 241 99 68 397 68 577 68 97 68 9 68 241 68 569 68 517 68 550 430
201 258 68 197 108 68 569 68 64 435 240 68 246 68 405 189 550 158 149 68 5
503 108
611 163 68 577 68 607 158 68 406 158 189 68 321 189 68 607 321 189
231 240 68 36 149
5 163 471 389
611 447 158 158
240 85 354
189 68 87 359 68 397 68 577 68 607 158 68 570 211 334 68 517 68 9
79 565 569 68 417 68 651 85 68 447 158 334
283 68 19 79 68 390 68 241 85 68 389 85 152
136 479
611 514 85 359 211 222 68 189 643 68 201 258 68 330 68 45 4 85 68 182 149
531 158 334 199 68 36 108 68 607 68 189 241 68 430 359 68 19 85 68 153 189 643 415
189 68 5 189 68 261 158 85 68 607 158 85 64 225 68 189 68 4 85 347 149 517 85
197 108
245 551 68 394 68 276 19
5 68 617 149 68 607 158 247 68 158 290 241 222 68 397 68 347 158 118
607 86 68 550 501 68 397 68 550 501 68 607 158 68 657 523 405 85 347 189
189 68 503 158 108 68 5 343 158 70 158 68 115 158 359
389 189 68 261 149
211 551 68 394
189 68 211 607 50 68 397 68 607 158 68 241 85 359 68 241 85 359 68 241 68 354
397 415 543 85 430
182 108 68 390 569 438 359 68 258 390
479 245 299 189 68 85 4 85 359
607 158 16 189
523 359
43 479 152 162
196 68 158 108 68 36 149 68 261 158 247
19 85 51 68 607 158 68 79 158 108 68 4 108 68 64 211 390
569 68 189 643 68 640 68 43 158 68 152 51 68 430 85 68 607 155 68 607 155 68 197 108
97 68 43 158 68 517 4 108 68 204 68 189 68 43 158 68 517 85 347 158 118
189 68 253 68 617 68 607 155 68 362 359
607 170 299
135 68 339 68 158 152 85 222
76 240 359
87 97
64 211 390 68 16 158 68 158 189 68 158 245 68 479 299 68 85 379 85 359
189 241 85 359 191 222 85
4 189 211 189 458
43 430 19 68 170 152
607 68 36 149 68 261 158 247 68 607 158 247 68 43 479
76 158 517 258 118
611 240
204 222 68 405 108 68 405 68 540
201
258 334 117
189 68 550 501 68 397 68 266 19 68 197 158 68 430 222 240 258 390
201
136 158 152 68 97 68 155 68 149 552 359 68 389 158 68 577 68 64 211 390
64 435 213 68 241
261 86 68 607 50 68 36 149 68 569 68 569 68 321 247
135 68 182 149 68 36 149 68 158 108 68 426 430 68 197 86 68 430 68 569 68 346 68 390 68 569 68 569 68 79 472 471
201 258 68 54 654 68 397 68 222 476 68 158 565 240 643 68 611 258 551 565 68 189 68 389 158 118 68 246 68 211 517 430 397 68 246 68 246 68 246 68 136 479
87 543 68 426 158 5 68 231 51 86
153 68 347 158 607 50 68 397 68 552 85 68 252 155 258
611 514 85 359 211 222 68 189 643 68 201 258 68 330 68 45 4 85 68 182 149
134 222 108
611 152 550 158 118
517 359 85 359
19 108
45 108 68 149
153 108 68 390 68 569 68 438 70 158 118 68 5 189 211 85 347 158 118 108
334 68 54 86 189 643
538 158
196 68 158 108 68 569 68 490 359 68 258 220 211 85 68 390 68 607 158 85 68 607 158 390
390 43 258 538 339
97 68 136 158 178 68 607 158 266 149 68 201 108 68 158 189 149 68 517 85
611 149 68 36 149 68 405 68 70 158 152
531 85 68 45 4 85 68 201
261 86 68 43 158
196 68 153 68 494 68 389 501
261 86 68 569 68 503 158 108 68 19 85 68 65 86 108 68 397
201
36 149 68 517 359 68 117 68 97 68 405 149 258 149 68 246 68 321 240 68 640 68 642 68 642 85
514 158 607 68 136 158 213 225
359 213 430
5 68 331 149 68 640 68 189 68 201 240 68 201 108 68 153 108
196 68 390 68 36 85 68 640 68 640 68 569 68 607 158 85 152 68 607 339
261 86 68 36 108 68 405 108 68 569
503 108
406 155 68 569 68 170 487
43 532 204
189 68 81 68 607 158 68 276 85 68 201 258 68 517 85 5
261 86 68 158 108 68 36 149 68 607 170 108
261 86 68 43 158
611 514 85 222 149 389 158 118 68 321 569 68 36 108 68 611 514 189 68 640 68 607 158 68 54 654
64 211 390 68 153 108 68 5 68 321 569
531 85 68 629
87 68 87 108 68 581 194 178 68 607 158 266 50 68 211 189 68 339 68 19 68 76 85 241 359
70 189
182 149 68 569 68 45 108
149 550 158 543 108
189
189 68 447 158 247 149 68 79 359 438
222 240 223 68
201
426 155 68 389 158 108 68 189 570 68 390
204 339
517 68 189 68 136 501 68 607 158 68 76 85 222 85 68 153 108
45 290 68 201
64 211 390 68 514 240 359 68 87 85 68 97
207 68 189 68 135 68 261 158 108 68 19 108 68 5 390
194 149 458
359 170 299 68 435 85
344 158 635 108 258 85
321 563 158 85
197 85 359
189 68 81 68 5 108 68 390 43 158 68 640 68 362 68 70 158 108 258 390
611 258 68 397 68 155 68 405 261 158 406 155 643
136 479
405 5 189 68 611 189
247 415
261 86 68 565 68 135
158 68 158 108 258 85 68 158 108 68 642 68 642 570 550 339
611 514 85 222 149 389 158 118 68 321 189 68 241 68 569 68 517 68 611 189
189 543 389 67 359
189 68 253 68 182 149 68 569 68 490 359 68 640 68 343 85 252 199 68 354 68 19 85
196 68 607 50 68 36 149 68 87 189 359
321 189 68 569 68 158 570
137 158 152 68 517 68 346
370 68 36 149 68 211 85 68 330 189 550 349
550 158 68 640 68 569 68 447 155
321 68 389 501 68 397 68 517 570 211 68 43 158 68 599 389 501 68 79 158 565 240 68 79 487 334 108
196 68 611 85 68 607 50 68 36 149 68 87 189 359
189 68 389 501 68 194 213 390
246
64 211 390 68 258 189 68 607 158 68 339 68 552 85 359 68 158 74
607 68 36 149 68 196 68 397 68 54 86 108 68 182 85 551
189 68 87 189 68 397 68 211 85 68 149 68 569 68 246 204 211 290 85 258 189 550 158 359
189 68 19 85 79 487 149 68 5 68 137 158 149 68 283 68 211 551 68 189 550 158 349
194 543
115 479
87 85 4
79 430 241 85 359
201 258 64 211 550 339 68 397 68 54 86 68 397 68 211 86 68 36 85 68 569 68 261 86 68 550 487
196 68 569 68 5 68 339 68 397 550 86 85
201
4 199 199 359
241 85 68 552 85 68 397 68 347 189 68 569 68 276 85 68 321 189
657 68 153 68 64 211 657 68 389 479 68 170 449 68 236 108 68 569 68 197 108 68 197 86 68 505 68 638
76 240 415 68 64 51 108
5 189
4 64 550 158 359
577 68 611 74 108 68 397 16 569 108
517 415 5
59 479 359
503 189
330 611 189 330 222
405 149 347 240 68 261 86
97 68 54 86 189 68 397 68 197 86 68 642 68 330 189 570
330
196 68 347 158 68 607 50 68 36 149 68 577 68 19 79
321 68 189 68 394 68 189 68 211 209 85
51 189 68 197 158 240
569 68 389 189 68 246 68 134 123
611 415 430
189 68 87 189 68 397 68 253 68 503 339
261 86 68 43 158
345 334
397 68 258 222 476 68 64 211 390
45 359 68 405 68 607 158 68 517 85
79 430 565
290 657 118
49 68 5 68 417 68 36 149
266 85 36 211 390
222 241
607 155 68 85 97 68 70 189 68 204 68 222 476
5 213 435 213 68 59 479 359
87 68 197 86 68 76 68 76 68 19 68 182 149 68 59 67 68 405 241 68 87 108 68 211 543
472 420
196 68 347 158
651 123 68 569 68 134 514 199 359 68 115 158
196 68 607 50 68 182 149 68 5 108 68 189
201
97 68 241 253 253
4 85 68 85 438
97 68 397 68 158 189 149 540 68 241 68 569 108
517
194 543
201 258 390
593 189 68 397 68 211 68 607 158 68 514 85 359 51 85
201
204 222
607 68 569 68 5 155 68 642
189 68 81 68 115 543 108 68 611 299 180 282 359
258 59 247 68 64 550 189
503 189 458 68 134 240 359
51 82
36 149 68 211 68 607 158 68 611 240 68 607 158 68 430 290 68 430 349 68 415 211 68 415 211 543 51 108
4 290 85
134 415 532 108
204 152 68 36 149 68 241 85 68 222 476 68 517 85 68 640 68 43 155 68 231 51 86
321 68 389 501 68 397 68 43 430 68 651 123 68 9
503 339 551
321 189
261 158 189 68 149
599 68 70 158 68 397 68 87 68 607 158 68 607 158
611 149 68 87 68 261 158 543 68 321 108 68 321 85 68 430 68 569 68 43 158 68 182 149 68 569 68 569 68 43 158 152
196 68 331
189 68 577 68 347 158 85 68 430 68 617
196 68 19 85 68 430 68 189 85 611 189 213 211 158
4 108
189 68 43 158 68 252 155 532 68 321 189 68 266 569 68 550 430
201
231 51 86 68 651 68 389 158 68 36 149 68 152 68 472 420
261 86 68 246 68 36 85 68 231 85
135 68 494 68 158 108 68 5 189 68 607 158 68 611 189 68 213 152
261 86 68 43 158 68 246 68 569 68 4 85
212 158 635 189 68 280
261 86 68 527 68 149 68 4 607 158 68 617
564 68 550 158
503 189
390 68 97 68 45 108 68 153 108
642 158 68 115 479 68 81 68 261 86 68 5 68 189 68 231 240 68 36 149
86 149 532 149 68 431 68 5 68 405 68 550 501
189 68 87 359 68 36 149 68 397 68 158 108 68 651 123 68 97 68 330 93 225 68 446 82 68 565
389 501 68 490 359
503 108 68 390 68 97
611 149 68 36 149 68 247 199 68 149 258 68 197 158 68 4 189 149 458
170
283 68 607 158 68 607 158
158 108 68 36 149 68 283 68 197 86 405 607 170 108
189 68 550 501 68 397 68 134 149 68 266 149 568
189 85 264 43 86 149 517
514 258
189 570 389 415
657 68 87 68 607 86
503 189 68 5 68 607 158 543 68 397 68 525 551 68 97 551
158 108 51 159 68 258 247 68 4
4 108 68 642 108 68 64 211 115 479
503 189 68 126 68 36 149 68 390 68 390 517 85
611 51 86 68 517 68 346
343 543 330 405 85
640 321 27
189 68 321 290 68 5 108
4 64 68 87 189 359 68 241 85 68 158 108 68 183 155 643
149 532 85 565
189 68 81 68 397 68 43 158 68 261 86 85 68 261 86 85 152
503 108
607 170 359 68 405 108 68 97
261 86 68 43 158 68 5 68 189 68 321 86 149
115 479
158 68 642 158 68 390 68 397 68 611 68 611 189
43 532 565 108 68 162
611 152
158 108 321 213 68 378 523 406 430
430 222 85
4 531 158 118 68 389 158 199 359
321
64 211 390 68 182 149 68 36 85 359 68 405 152 68 397 68 82 68 569 68 19 79 359 68 189 241 430 397
347 501 359
5 390 68 569 68 350 68 189 43 158 68 471 149 68 569 68 640 68 390 551
196
503 108
283
5 68 189 68 397 68 350 68 607 158 68 640 68 189 241 68 43 158 68 657 334 543 389 85 347 158 118
197 158 68 79 86
355 406 211 68 196 68 158 108 68 36 149 68 593 152 68 241 68 642 108
258 68 36 149 68 607 158 390 68 611 189
607 68 569 68 517 85
430 349 570 68 4 406 158 517
79 155 149 158 213 390
135 68 211 543 68 607 158 68 158 74
611 152 68 64 211 390
189
97
189 68 550 501 68 607 158 68 384 68 273 261 158
189 68 87 359 68 569 68 426 158 68 5 189 68 158 245 68 430
321 189 68 5 108 68 485 479 68 64 211 390
97 415
495 68 390 68 569 68 158 108
197 607 68 5 390
258 4 85 222 85
97 68 577 68 330 359 68 253 68 36 149 68 201 149 68 158 471 389 570
189 68 5 189
51
134 222 108
189 68 550 501 68 397 68 183 565 68 5 68 36 149
189 241 85 359 191 222 85
607 170 359 68 43 155 68 158
503 85 68 390 68 569 68 246 266 158 334 68 426 347 158 118
4 415
657 68 36 149 68 517
503 108 68 517 68 189 68 258 68 569 68 201 258 321 247
19 430 68 240 643 85 68 4 108 68 189 68 16 430 68 189 68 550 487 149 68 237 68 640 68 569 68 569 68 182 149
397 68 5 225
607 158 68 273 68 607 158 68 607 158 68 350 85
196 68 158 108 68 36 85 68 430 551 68 565 415
170 524 240 68 607 68 189 299 359
302 108 68 43 86 163
503 189
189 68 426 86 68 51 86 108 68 447 430 68 339 68 607 569 85 68 133 551 68 258
503 108 68 390 68 569 68 640 158 4 85 222 68 565 222 85
36 149 68 611 189 149 68 54 86 68 79 602 194
79 222 85
405 258 68 158 108 68 240 149
189 68 565 85 359
503 339
189 68 5 68 607 158 68 85 347 501
517 194 359 68 479 68 479 240 359 68 651
189 68 550 501 68 607 158 68 240 13 85 68 607 50 68 280
196 68 330 85 68 158 108 68 36 149 68 189
565 70 158 68 607 158 68 459 543
197 359 68 426 570
211 158 189 570
607 86 68 389 501 68 397 68 211 543 68 43 158 68 252 155 108
231 240
155 68 538 339 68 651 68 201 258 68 152 550 158 543 108
569 68 36 211 199 68 347 158 68 170
651 123 68 430 68 104 189 68 607 170
87 93 211 68 158 189 359 435 199
165 68 607 86 108 68 503 189 68 87 543 68 5
246 204 517 85
283 68 343 158 517 68 64 211 390
79 430 359
86 149 532 149 68 93 389 501 68 397 68 54 86 68 253 68 283 68 153
136 158 152 68 153 85 359
189 68 81 68 607 158 68 85 149 550 85 68 253
5 68 370 68 81 68 426 158 64 211 390 68 241 85 68 540 299
201 258 68 426 158 189 68 241 85 68 607 158 68 87 152
189 85 264 43 86 149 517
231 240
197 543 389 85 390
565 240
43 430
97 68 330 155 301 68 11
189 68 211 543 68 607 158 68 64 442 68 347 158 85
64 211 390 68 182 149 68 36 108 68 550 158 199 68 321 189 68 569 68 426 155
189 68 81 68 607 158 68 389 565 438 359 68 189 68 607 170 108 68 5 343 543
170 123 449
87 108 68 211 222 68 45 108 68 45 108 68 19 68 64 211 258
43 532 204
211 359
201
86 149 532 152 68 36 501 68 36 211 607 68 321 189 68 564 551 68 241 68 5
87 359
189 149 266 158
192 211
642 158
261 86 299
36 149 68 158 108 68 51 86 68 155 51 86 68 397 68 134 194 514 199
192 51 86 68 5
153
607 68 629 68 149 532 85 359 68 196 68 189
569 68 347 158 68 397 85 211 189 68 569 68 514 189 550 158 149 550 86 149
405 108 68 170 68 170 68 607 158 68 564 237 501 85
201
153 108
201 258 68 426 339 68 339 68 607 158 68 231 51 86
196 68 36 108 68 36 572 359 68 611 152
321 189 68 569 68 136 155
204 152 68 36 149 68 241 85 68 43 158 189 570
189 68 426 86 68 51 86 108 68 447 430 68 339 68 607 569 85 68 133 551 68 258
158 64 435 334 68 241 68 5 108
5 343 158 199
204 222
640 68 389 501 68 397 68 321 290 68 607 158 68 321 189 68 426 158 247 68 426 339
126 68 152 51 86
158 48
189 68 651 123 108 68 5 189 68 197 158 68 197 158 68 611 51 86 108 68 397 569 68 531 85
4 415
330 189
189 68 87 189 68 397 68 70 339
5 68 642 211 68 261 359 68 405 189 68 346 211 68 93 211 189 68 577
49 68 5 68 378 523 68 36 108 68 158 108 68 158 48
236 359
158 68 43 155 532 430 68 153 189 68 405 189 68 261 158 247 149 68 611 565 569
4 199
261 86 68 607 50 68 36 149 68 36 85 359 68 36 149
189 68 211 543 68 607 158 68 64 389 158 299 68 4 189
79 170 108
577 68 321 240
97 68 405 189 68 607 158 266 50 68 397 68 5 68 527
189 68 211 68 430 299 68 158 222 222 68 321 189 68 517 85
657 222 19 85
321 68 389 501 68 197 86 211 64 211 149 68 611 638 68 397 68 43 158 68 68 532
182 149 211 85
189 68 471 211 394 211
517 194 68 607 158 152 68 607 158 68 447 158 108 68 153 108
189 68 158 339 68 447 189 643
390 68 607 158 68 430 68 447 155 68 5 68 222 476
261 86 68 158 108 68 36 149 68 607 170 108
189 68 550 501 68 397 68 266 19 68 189 68 64 435 449 68 569 108 68 54 86 68 629
97 68 76 240 222 85 68 5 550 430
347 158
149 223
204 222 68 5
569 68 389 199 162 68 607 50 68 246 68 189 211 359
45 108 68 149
241 540 299
273 68 97 68 189 299 85 347 565 359
231 51 86 68 196 68 517 68 189 68 640 68 36 85 68 397 68 5 258 607 334 85
97 68 347 19 258 85
565 240 359
201 158 199 201 85 299
405 415
196
201
447 158 564
201
343 543 51 64 51 390
43 430
153 155 85 68 246 204 108 517 68 517 85
642 149 532 68 347 158 240 68 64 211 390
231 51 86 68 196 68 517 68 189 68 640 68 36 85 68 397 68 5 258 607 334 85
211 68 36 149 389 199
346 13 149 258
611 51 86 68 5 189
97 68 607 68 607 68 569 68 321 27 68 5 85 438 359
447 158 247 68 330 108 258 68 135
189 68 124 68 334 149 258 68 246 68 607 158 517 68 607 158 245 550 487 359
527 68 607 50 68 182 149 68 261 158 543 68 197 339
5 68 321 240
321 563 158
5 68 237 149 68 406 158 189 68 182 108 68 611 189 551
51 359 68 397 68 197 85 359
503 108 68 197 86 68 189 68 189 68 525 551 68 569 68 517 85
564
158 4 85 222
5 68 359 68 81 68 569 68 211 430
213 158 517
153 108
607 158 415 211 85 68 389 189
76 85 359
261 86 68 124 68 5 390 68 569 68 4 478 68 158 108 68 550 158 359
569 68 426 430 149 68 390 68 472 85 359
189 68 261 158 68 517 85 68 158 108 68 517 189 359
390 68 19 108 68 197 654 68 134 415 68 212 569 68 36 149
657
189
59 406 211
59 479 359
51 68 189 68 607 158 68 51 86 68 283 68 607 158 85
611 51 86 68 517 68 346
532 346 68 517
189 68 211 68 97 68 241 266 158 68 189 68 79 602 194 406 158 299
550 430 359 68 347 158
189 68 5 189 68 152 51 86 68 261 86 68 397 68 657 241
607 158 266 149 68 19 108 68 5 390
607 86 68 550 501 68 607 158 68 550 430 68 640 68 405 108 68 64 211 390
97 68 405 199 68 339 68 339 68 430
45 68 430 68 189 68 104 85 68 607 158 108 68 36 149 68 394 194 108
241 85 68 569 108 68 5 390 68 261 86 68 43 158 68 321 27 68 97 68 189 68 607 158 68 607 158 85
189 68 426 86 85 68 85 152 85 70 189
426 155 194 514 199
607 68 36 149 68 258 68 36 108 68 189 68 51 487 359 68 640
5 68 617 149 68 607 158 68 550 501 543 550 158 189
503 189 68 189 68 213 51 86 68 253 68 19 108
5 68 527 149 68 152 51 86 68 607 158 85 36 149 68 517 68 258 68 472 415
158 240 220
611 565 551 43 85 347 158 118
397 158 123 68 390 68 158 394 68 505
611 189 68 189 565
538 430 68 36 108 68 158 108 68 430
36 149 68 211 607 50 68 397 68 517 85 247 85 68 201 258 68 607 68 415 211 68 642
115 247 222
64 211 258 68 397 68 276 85 68 36 149 68 5 68 550 158 68 246 68 108
189 68 99 68 97 68 97 68 153 108
43 158 68 173 68 211 359
196 68 347 158
240 85 68 611 430
201 258 68 607 158 68 447 189 68 640 68 4 478
517
19 108 68 158 108 68 197 86 68 5 189 68 4 64 68 397 68 5 343 158 152
196 68 347 158 4 199 85 68 246 68 189 68 397 68 5 19 85
36 149 68 390 405 85 68 607 158 68 551 68 19 79 155
4
640 406 19 299
261 86 68 43 158 68 5 390 68 97 68 438 359 68 607 155 68 607 155
430 347 158 359
321 531 158 359 68 189 643
607 86 68 550 501 68 607 158 68 197 86 68 241 68 76 85 430
79 430 241 194 222
276 85 607
155 301 359 51 438
196 68 64 51 85 68 158 108 68 36 149 68 629 68 397
189 68 550 501 68 397 68 4 85 68 321 108 68 201 108 68 189 68 64 389 158 118
135 68 261 158 543 68 97 68 5 189 68 405 237 108
290
196 68 331 68 640 68 201 149 115 479 68 5 68 93 389 501
565
276 85 68 430 68 158 108 68 16 158 189 68 149 68 640 68 87 222 85
201
261 86 68 43 158 68 158 108 68 36 149 68 354 68 321 247 68 640 68 347 501 68 4 85 68 240 211 390 68 339
76 85 359 68 5 155 211 657
517 194 68 577 68 607 158 68 137 158 64 68 196
197 158 299
550 86 149
196
231 240 222
503 108 68 158 108 68 36 149 68 54 86 68 397 68 158 64 389 158 108 68 241 220
136 158 152 68 76 438
189 68 170 152 68 36 149 68 99 68 36 149 68 87 152 68 9 68 397 68 64 211 240
485 479
607 158 16 189
189 299 211 85 347 158 251 68 43 155 643
126 68 36 149 68 258 68 158 68 158 570 211 607
19 108 68 5 189 149 540
201 258 68 54 86 68 397 68 503 339 68 97 68 51 86 68 189 359
527 68 261 86 68 5 68 189 68 231 240 68 36 149
438 359
507 449 68 231
197 86 68 283 68 607 158 68 339 68 158
87 359 68 87 68 211 68 397 68 43 155 211 68 5 189
543 415 430 68 552 359
240 194
189 241 430 213
196 68 158 108 68 569 68 261 158 85 68 261 158 247
417 334 199 189
657
651 123 68 494 68 5 93 435 406 430
153 350
201 258 68 197 108 68 87 68 564 222 222 222 68 211 543 68 5 68 354 68 389 339 68 640 68 569 68 36 85 359 68 36 149 68 36 149 68 36 149 68 36 85 152 68 36 149 68 36 85 152 68 36 149 68 36 85 152 68 36 149 68 430 551 68 36 149 68 197 85 359 68 197 108 68 197 86
384 68 273 334
170 68 607 158 68 87 85 86 163
158 68 158 108 258 68 158 108 68 149 550 158 543
189 68 211 607 50 68 397 68 295 149 68 197 86 189
211 68 5 108
158 108 68 517 85 68 261 158 152 68 85 36 189 68 321 189 68 569 68 261 86 85
189 68 607 50 68 651 123 68 99 68 569 68 538 339 68 43 158 68 261 339
76 85 359
207 68 87 108 68 64 93 93 225 68 426 158 240
97 68 273 68 197 86 68 240 68 189 68 611 51 86 68 133 68 64 550 339 68 550 339
447 158 247 68 330 108 258 68 135
261 86 68 43 158
503 108 68 158 108 68 36 149 68 54 86 68 397 68 397 68 552 222 85 607 339
201 258 189 570
196
97 68 273 68 5 68 64 211 108
343 543
97 68 397 68 5 155 211 82
384 472 68 149 240 222 68 153 108 68 321 247 85 68 211 85 359 389 570 359
531 85 68 629
503 339 551
253 68 43 155 124 68 197 86 68 577 68 607 158 68 283 68 569 68 321 415 68 45 108 68 245 85 68 153 189
153 108
503 108 68 158 108 68 36 149 68 54 86
189 68 87 359 68 397 68 426 339 68 189 68 334 68 334 85
331 199 199 85 299
201
36 149 68 405 68 405 189 68 611 299
517 194 199 68 642 211
261 86 68 124 68 5 390 68 97 68 222 476 68 241 68 241 359
415 51 339
59 479 68 343 543 211 222
196 68 390 68 36 85 68 149 223 68 115 479
11
569 68 158 189 299 68 246 68 43 565 569 68 241 85 68 397 68 4 108 68 65 86
213 158 517
607 68 36 149 68 378 85 43 158 68 640 68 517 359 68 431 108 43 487 359
517 194 213 532
321 220 68 321 189
261 86 68 43 158 68 246 68 569 68 5 258 390 189 68 4 189
517 194 149 68 43 339 68 640 68 607 158 68 389 158 251 68 211 108 68 153 189 108
607 170 359 68 85 149
405 85 68 258 359
517 194 149 68 350 68 97 68 97 551
196 68 331 68 640 68 162 68 640 68 5 68 527 68 550 501
196 68 331 68 640 68 638 68 5 93 532 68 36 149 68 87 359
651 123
607 68 19 108 68 5 225
189 79 602 194 149
253 68 182 149 68 197 86 68 5 68 569 68 213 149 68 321 569 607
543 389 430 68 517 85
503 189 68 390 68 36 85 359 68 247 85
4 565 359
97 68 258 68 389 501 68 343 543 85 152 85 252 199 68 54 654 68 170 108 68 124 68 569 68 158 123 74
134 415 532 68 4 85 359
189 68 81 68 607 158 68 134 240 68 640 68 607 158 4 108
64 532 68 99 68 85 359
321 189 68 87 449
88 237
204 152 68 36 149 68 241 85 68 43 158 189 570
4 199 199 359
607 158 85 258 85 258 551 569 68 189 68 5 189 68 189 532
194 543
240 359 68 321 189 68 36 85 359 68 231 359
36 108 68 16 430 68 390 68 201 4 359 68 158 108 68 607 569 85 68 642 149 550 86
378 85 359 68 197 86
204 222 68 43 158 406 211 68 339 68 158 36 211 85
390 68 651 123 108 68 79 158 199
196 68 36 108 68 295 334 85 258 247 68 389 19 266 19 85
378 85 359 68 258 158 430 222 85
97 68 330 155 301 68 11
115 479
19 430 68 155 68 538 339
607 68 189 68 81 68 397 68 405 68 236 222 64 389 158 222
355 406 158 68 197 86 68 54 86 68 397 68 472 68 36 149
64 211 390 68 607 170
531 359
258 4 189
503 108 68 390 68 569 68 79 222 68 642 68 642 211
517 194 68 611 299 149 68 70 189 68 569 68 359 45 4
70 339
196 68 258 290
503 108 68 517 68 189 68 246 68 152 550 501 108 68 85 258 551
97 68 394 225 68 389 158 152 68 246 68 405 189 68 45 108 258 390
657
607 170 359 68 494 68 149
607 86 68 550 501 68 397 68 133 68 97 68 569 68 569 68 347 85 517 85
189 68 389 501 68 569 68 241 222 397 68 246 68 405 359
197 108
517 194 68 651 68 43 158 68 87 189 68 273
196 68 390 68 19 85 68 397 68 258 68 607 158 108 68 153 189 68 153 189 108
204 222 68 87 85
261 86 68 43 158 68 246 68 569 68 4 85
135 68 503 339
651 123 68 211 68 607 158 68 54 86 68 607 158 68 189 538 430
331 487
5 19
189 68 153 189
517 359 85 359
640 68 389 501 68 607 158 68 85 43 155 194 514 199
64 211 390 68 607 170
321 290 68 36 108 68 5 19 68 170 487
517 194 68 5 543 68 397 68 607 158 68 170 487 68 472 68 258 551
213 51 86 68 152 51 487
36 149 68 494 68 36 149
4 108 68 211 85 68 135 532
517 194 68 607 158 543 68 607 158 68 417
76 438
201 240 68 593 163 68 197 86 68 97 68 126 68 405 68 5 189 68 629
4 108
607 50 68 640 68 321 85
204 152 68 36 149 68 241 85 68 43 158 189 570
378 85 43 158 68 5 68 64 211 390 68 64 149 68 5 189 68 569 68 222 85 68 136 479
607 158 16 430 359
640 334 85
54 86 68 321 189 68 569 68 16 569 108 68 64 211 108
97 68 170
5 68 527 149 68 182 543 68 550 569 68 43 85
438 359
347 85
204 68 99
397 158 85
189 68 517 68 124 68 54 86
189 68 514 189 68 503 339
447 158 64 225
657 68 87 68 607 158 108
5 68 617 149 68 347 158 543 68 397 550 86 85
651 123 68 390 68 607 50
261 86 68 43 158 68 5 68 331 149 68 261 158 247
86 149 532 68 97 68 565 68 607 158 68 471 211 551 68 565 222 85 68 565 569 68 565 569 68 565
532 359 189 211 471 68 390 438 149
503 189 68 517 194 68 117 68 79 487 149 68 241 85 68 389 158 222 68 211 158 222 68 405 68 213 68 211 543
241 85 222 476 68 241
378 85 517 68 330 359
607 158 16 189
64 211 390 68 538 430 68 36 108 68 153 189 68 201 240 68 246 68 261 158 543 68 607 158 68 117 359
514 258
503 189 68 5 68 81 68 397 68 5 68 405 189 68 417
503 108
189 68 253 68 550 501 68 397 68 321 85 68 550 86
552 85
197 158 189 68 339 68 569 68 564 68 236 394
189 68 158 543 68 36 149
607 68 36 149 68 261 158 543 68 607 158 68 45 108
16 158 359
503 108 68 158 108 68 36 149 68 54 86
607 68 629 68 5 68 201 240 68 189 68 607 158 68 640 68 354 68 45 67
5 189 643 551
149 550 158 543
196 68 347 158
384 472
261 86 68 607 68 189 68 158 64 93 435 93
4 108 70 189 68 93
64 211 390 68 182 149 68 36 108 68 607 68 569 68 321 247 68 321 247 68 43 158 68 406 211 241 430 68 517
5 108 68 115 158 64
517 68 189 68 577 68 569 68 246 204 108 258 85
189 569 108 68 201 258
607 158 68 330 85
245 334 189 68 397 68 638
640 108 68 406 211 389 163
36 149 68 517 68 5 543 68 607 68 607 158 85 347 158 68 569 68 236 149 68 201 258 68 201 258 68 430 68 43 158 68 36 149
607 158 569 68 629
201
273 68 97 68 189 299 85 347 565 359
538 155 19 85 68 64 211 390
517 68 201 152 68 189
390 68 158 189 36 211 315 359 68 569 68 569 68 5 189
189 68 472 420
153 68 273 68 426 158 405 68 170 449 68 607 158 68 152 389 240
54 86 68 397 16 569 108
569 68 79 50 68 246 68 64 550 158 68 64 550 86 68 189 68 397 68 378 523 68 517 359
261 86 68 43 158 68 246 68 569 68 642 211
189 68 651 123 68 565 569 68 5 189 68 607 50
378 85 517 68 266 158 68 266 86 415
231 51 86 68 189 68 389 501 68 397 68 472 420 68 397 68 538 158 258
189 68 87 189 68 397 68 59 290 85 359 68 158 68 70 240 359
49 68 241 85 68 569 68 5 343 158 152
36 149 68 517 359 68 4 189 211 390 68 607 158 68 283 68 170 108 68 447 158 565
283 68 192 194 85
189 68 182 149
347 158
196 68 5 68 607 158 108 68 59 295 19 68 246 68 339 551
569 68 531 158 5 68 390 68 197 86 68 405 241
51 86 68 82 152 68 36 149
599 389 241 68 149 68 550 158 108
611 149 68 87 68 5 543 68 397 68 19 68 136 155
197 108
640 68 389 501 68 197 158 68 189 241 199 68 158 118 68 607 158 68 354 68 43 158 68 611 74
503 108
517 85 86
569 68 447 158 438 68 390 68 607 155 68 85 359
261 86 68 43 158 68 246 68 569 68 5 290 115 158 359
569 68 65 155 49 68 213 51 611 152
394 149
76 85 359
290 85 430
261 86 68 390 68 97
51 43 155 68 115 479 68 158 406 155 299
503 108 68 158 108 68 36 149 68 54 86 68 397 68 397 68 552 222 85 607 339
607 158 85 347 158
211 543
389 349 531 149
611 189 68 607 68 550 501 68 36 149 258 108 68 430 68 339 68 280
640 68 36 86 68 152 51 68 241 68 426 569
495 68 5 68 189 68 611 359 68 201 240 68 569 108 68 158 108 68 79 569 213 68 283 68 569 68 153 339 551 68 359 426 339
189 68 87 189 68 397 68 258 68 607 158 68 5 108
611 189 4 158 68 36 108 68 321 189 68 201 85 299 347 158 222 68 611 189 108
651 123 68 638 68 182 149 550 158 108 68 607 158 108 68 607 158 517
503 108
5 68 527 68 133 68 607 158 68 607 158 68 51 85 68 569 68 378 523 371 158
207 68 201 258 68 189 550 178 68 640 68 43 158 68 321 189 68 640 68 43 158 68 36 85 438 85 68 359 68 552 85 68 359 68 359 68 552 85 359 68 246 68 246 68 246 68 201 258 189 550 487 551 68 607
611 19 68 36 149 68 446 68 197 86 68 197 158 68 490 359 68 599 108 258 85 68 565 108 258 390
196 68 189 68 273 68 85 331 199 68 397 68 426 158 487
197 158 299 68 415 211 68 155 643
611 189
196 68 153 189 240 211 68 189 68 273 68 273 101 86
503 108 68 390 68 569 68 213 211 517
517 194 149 68 430 4 108 68 5 68 397 170 299 68 5 155 211 48
87 108 68 607 68 569 68 170 108 68 550 158 189
334 68 64 435 240 68 158 108 68 43 158 4
201 258 68 607 158 68 640 68 170 152 68 170 334 108
158 68 43 158 68 149 551 68 390 68 189 170
517 194 68 577 68 607 158 68 4 406 155 68 430 74
651 123 68 405
495 68 79 158 189 211 68 651 68 76 85 222 149
611 514 85 222 149 389 158 118 68 331 149
97 68 389 479 68 189 68 194 543 68 97
517 211 48
517 194 199
51 68 97 68 273 68 212 85
607 50 213
211 258
657 551 321 211
5 68 231 240 68 36 149
261 86 68 158 189 68 192 68 5 68 189 68 607 158 68 81 68 397 68 222 476 68 607 158 85
346 68 241
5 517 551
87 415 406 430
355
593 108 68 51 359 68 565 240 68 607 158 85 68 152 211 68 36 149 68 397 68 405 68 43 158 68 525 68 158 108
568
196 68 347 158 118 68 158 108 68 261 158 247 68 607 158 68 196 68 479
640 68 354 68 5 68 607 158 85
258 189
19 108
346 225
5 189
201
517 194 68 258 68 343 543 68 85 252 199
261 86 68 43 158 68 246 68 569 68 158 64 389 479 282 68 4
189 68 261 158 189 68 479 245 299 68 170 299 68 569 68 87 449 68 87 449
607 158 68 5
607 158 543 149 550 479
517 359 68 43 261 86
5 108 68 115 158 64
607 50 68 577 68 577
378 85 359 68 517 85
87 68 197 86 68 577 68 359 16 569 108 68 276 85 68 640 299
76 240 415 68 64 51 108
189 212 517 68 5 359
201 258 68 45 350 68 189 68 611 149 68 231 240
189 68 384 68 344 199 347 158 118 68 405
503 189 68 87 543 68 5 406 158 245
517 194 199
158 68 517 85 68 246 68 201 258 201 258
196 68 378 85 4 189 211 68 607 50 68 36 149 68 211 543
593 189 68 389 339
64 211 390 68 222 476 68 640 68 36 108 68 45 108 68 384 359
321 68 389 501 68 397 68 550 501 68 607 158 68 170 449 68 87 93
321 247 85 517
258 189 68 5 68 607 158 68 158 607 155
607 158 68 5
36 108
657 68 405 68 517 258 149 68 569 68 201 85 245
86 149 532 149 68 36 501 68 397 68 276 299 68 607 158 68 447 189 68 640 68 5 189 68 607
170 152
189 569 108 68 64 211 438
196 68 158 108 68 569 68 359 70 85 359 68 339 68 189 85 406 430 299 68 354 68 507 449 68 507 449
550 430 359 68 5 343 85
503 108 68 390 68 569 68 189 85 136 479 68 397 68 569 68 246 68 247 334 108
565 415 302 359 68 87 449
19 108 68 5 225
201
321 189 68 266 158 635
593 163 68 607 158 85
569 85
64 211 449 68 438
5 213 435 213 68 212 85
197 108
532 178 68 158 108 68 642
197 158 247 85 68 390 68 45 108 359 85 359 68 43 155 68 607 158 68 550 158 68 64 211 390 68 64 211 108
527 68 607 158 68 201 258 68 389 199
196 68 126 68 36 149 68 405 68 261 158 247
517 194 220 225
261 158 543 68 527 149 68 153 85 68 97 68 246 68 43 158 68 426 158
370 68 593 163 68 607 158 68 64 435 68 397 68 211 86 68 36 85 152 68 85 152 68 149 550 339 551 68 64 550 339 551
607 86 68 389 501 68 36 149 68 5 68 577 68 334 68 447 189 68 651 123 68 201 258 68 36 211 315 68 197 86
43 155 211
390 68 354 68 569 68 321 220 68 222 476 551
397 68 343 158 517 68 406 158 430 68 64 211 258
607 158 266 149 68 321 189 68 19 85 68 640 68 97
196 68 158 108 68 36 85 68 197 86 108 68 197 158 108 68 330 569 68 59 158 299 258
517 415 394 149
115 247 222 85
189 68 81 68 607 158 68 197 158 517 261 158 517
162
79 339
258 299 68 189 68 642 68 642 68 85
397 68 45 199
577 68 19 79
97 68 550 339 68 397 68 569 68 158 68 211 359 68 115 479 299
490 359 68 599 108
43 155 211 68 5 189
334 68 64 211 149
321 68 389 501 68 397 68 517 211 346 68 5 68 657 334 222 405 241
389 501 68 354
569 68 65 155 49 68 246 68 321 240 68 321 85
189 68 81 68 607 158 68 213 13 551
19 108
261 86 68 124
36 149 68 197 86 68 525 551 68 97 68 417 68 347 189 68 569 68 201 478 68 5 211 199
43 339 68 321 240
261 158 543 68 347 158
565 70 158 108 68 36 85 68 657 19
577
36 108
246 68 651 123 68 551 68 241 68 389 85 68 152 68 36 85 152 68 211 543 68 339 68 170 108 68 158 108 68 70 189 108
4 189 149 390
36 108 68 350 258 290 85 359 68 64 211 390
64 211 390 68 599 68 81 68 397 68 43 155 68 607 158
19 108 68 390 68 51 68 321 189 68 247 68 204 222 68 211 85
153 85 68 51 570 68 347 158 68 51 68 258
538 430 68 189 643 581
261 86 68 124
657 359 68 642 211
201
196
347 85 194 68 640
503 108 68 390 68 378 85 359 550 158 405 108 68 321 189
550 158 514 199
189 68 153 108 68 97 68 321 189 68 569 68 503 158 108
201 240 68 36 149 68 211 543 68 36 108 68 550 158 68 135 68 599 68 70 158 68 397 68 550 158 68 550 339 68 64 550 339 68 246 68 617
189 68 389 501 68 97 68 189 68 158 211 282 68 384 359 68 607 158 68 51 86 359
64 550 158
593
5 68 431 68 607 158 68 607 158 68 241 68 162
517 194 199
108 16 569
389 189 211 359
97 68 607 158 68 51 570 68 133
397 68 54 86
36 149 68 397
87 85 532
201
503 108 68 390 68 569 68 359 70 85 359 68 189 241 199 290 85 347 158 118 108
611 149 68 36 149 68 197 86 68 246 68 569 68 261 487 149 68 51 86
231 240
43 19 240
65 86 68 359 43 85 152
196 68 390 68 354 68 527
86 149 532 149 68 93 389 501 68 397 68 258 68 321 569 68 240 532 149 68 79 487 359
607 158 68 5 68 158 108
79 213 211
657 334 222 405 189
607 155 68 389 149 68 611 359
321 68 82 152 68 36 149
532 152 68 5 68 527 220 68 99
503 108
189 68 81 68 607 158 68 430 551
189 68 81 68 197 158 68 330 222 405 68 564 68 607 158 68 81 68 569 68 258 68 258 390 68 607 158 258 390
64 550 158 68 321 189 68 569 68 405 178
189 68 5 189 68 330 405 108 68 569 68 79 430 108 68 241 85 359 68 149 550 158 247 108
196
189 68 211 607 50 68 54 86 68 397 68 569 68 657 551 321 211
204 152 68 36 149 68 583 68 569 68 517 68 43 158 68 261 158 189
87 97 68 607 158 68 79 149 68 64 211 258 390
378 85 551
192 389 479
97
189 68 394 359 68 389 501 68 189 68 273 68 54 86 68 397 68 5
189 68 651 123 68 389 570 68 405 108 36 152
189 68 611 189
5 68 617 149 68 273 108 68 246 68 43 155 68 607 155
4
204 152 68 36 149
211 359 435 570 389 339 68 5 543
136 309 108
657 68 153 108 68 97 68 97 68 390
4 108 68 657 551
43 85
321 189 68 213 389 158 189
189 68 182 149 68 197 654 68 189 570 68 569 68 246 68 426 149
16 158 543 68 5 68 241 85 68 5 211 85 68 640 68 54 654
276 85 258 85 68 517 85
213 68 640 68 43 158 68 153 189
517 68 189 68 577 68 569 68 246 204 108 258 85
43 158 68 397 68 276 85 359 68 276
153 350 68 531 85 359 68 397 68 36 149
503 108
430 253 108
246 204 517 85 68 611 189 68 43 158 68 79 158 189
397 158 108 51 86 68 158 543 389 199
135 68 43 155 68 331 149 68 430 68 197 86 68 430 68 241 430 213
642 158 189 550 654 68 115 479
334 68 261 430 68 158 108 68 517 85 4 240 222
321 189 68 569 68 64 550 158 189
503 339
189 68 389 501 68 97 68 134 359 68 607 158 68 417 68 501 85 68 4 258 405 68 241 68 43 158 68 577 68 87 189 68
321 68 19 339
258 108 68 135 68 577 68 611 152 68 611 152 68 397
503 85 68 5 68 36 149 68 430 290 194 108 68 246 85 43 86 163
261 86 68 43 158 68 246 68 607 158 68 51 346 68 346
155 68 5 343 158 152
49 68 5 68 222 152 68 36 149 68 397 68 569 68 158 189 570 389 570 211
565 415 211
196 68 5 68 390 68 189 68 321 569 68 211 85 68 517 85 68 397 189 550 158 334
49 68 5
97 68 642 405 108 68 85 359
64 211 390 68 211 543 68 607 158 68 654 68 362 68 19 85 68 104 471 68 43 155
565 222 149 68 390 569 611 189 359
581
607 68 629 68 261 158 543 68 197 86 68 283 68 550 86 108 68 231 240 68 231 565
19 108
189 68 81 68 241 68 189 68 417
607 68 629 68 321 240 68 390 438 149 68 321 569 68 517 85 68 273
189 68 241 430 68 135 68 405 68 19 108
607 170 359 68 389 158 222 85
196 68 331 68 640 68 514 199 68 640 68 5 68 81 68 339 68 569 68 517 258 189
51 570 68 87 152 68 5
153 108 68 97 68 390 68 390 68 97 68 397 68 213 211 607 158 194
261 86 68 607 68 189 68 350 68 241 430
189 68 389 501 68 36 149
97 68 133 68 85 51 570
503 108 68 517 68 189 68 136 158 152 68 607 158 189 68 158 108 68 397 68 19 85 347 158 108 68 607 339 551 68 231 51 86 108
194 543
334 68 213 85 43 158 68 261 487 68 197 86 68 43 158
569 68 158 339 68 390 68 222 211 189 85
306 389 479
4 85 237 68 430 68 79 158 517
97 68 290 657 299 68 115 479 68 189 68 194 543 68 97
64 211 390 68 222 476 68 640 68 36 108 68 197 158 108
503 189 68 5 68 370 68 79 158 543 68 189 241 68 258 611 189 68 258 189 643
87 68 611 258 68 339 68 189 68 158 359 68 189 68 70 247
196 68 607 50 68 36 149 68 241 68 170 152
189 68 517 85 359 68 5 108 43 158 149 258 149 68 201 258 68 189 538 158 247
79 426 570
115 247
79 359 438 85 189
136 430 359 68 97
607 158 68 79 149
162
51 86 108 68 447 158 438
607 158 68 315 438 359 68 99 68 189 68 152 211 68 158 108
197 158 152
170
245 258 438 359 68 115 479 299
189 68 607 50 68 577 68 97
64 211 68 4 607 85 347 158 334
45 68 201 211 68 153 108 68 241 85 68 5 68 607 155
43 155 532
204 152 258 68 275 68 135 68 54 86 68 607 155
347 158
5 68 593 149 68 607 158 85 68 43 532 349 85
611 299 85
321 68 36 108 68 607 158 68 629 334 359
389 158 251 68 405 152
201
211 237 108
115 479 68 189 68 261 86 68 149 517 68 657 299
517 194 149 68 197 86 68 472 68 569 68 196 68 569 68 426 487
79 155 68 45 149 68 446 68 642 211
189 569 108 68 280 390
49
158 240 222 68 607 158 68 5 189
599 389 158 247 211
261 86 68 607 68 189 68 577 68 397 68 651 123 108 68 430
344 339
189 68 550 501 68 607 158 68 211 85 581 68 494
189 68 550 501 68 607 158 68 5 189 68 389 158 108
5 68 527 149 68 550 501 68 607 158 68 657 523 405 85 347 158 118
397 158 108 51 85
397 68 85 611 152
607 68 36 149 68 261 158 543 68 607 158 68 390 68 611 189
149 389
607 86 68 194 543 68 397 68 266 19 68 201
321 189
189 599 389 199
196 68 569 68 517 68 344 430 359 68 87 449 68 397 68 330 213 68 153 108
261 487 68 43 569 68 607 68 362 68 5 390 68 607 479
503 189 68 390 68 36 85 68 79 155 68 5 359 68 397 68 394 108
64 211 390 68 378 85 43 158
657 334 222 405 189
5 68 189 68 85 133 68 527 149
189 68 213 211 517
552 85 19 85 68 153 108 258 390
531 430 68 517 85 347 158 406 158 118
611 19 68 87 68 261 158 543 68 197 158 68 5 108 68 405 68 64 211 390
350 299 211 68 5 222
79 213 211
201 108 68 261 158
189 68 389 543 68 607 158 68 266 158 204 570 68 261 149 258 68 280
135 68 258 68 36 149 68 261 86
4 152 430
5 339
97 68 5 189
611 149 68 36 149 68 197 86 68 5 108 68 36 149 68 347 501 359
189 240 211 406 158 611
182 149
569 68 241 359 68 640 68 507 449 68 231
87 359 68 397 68 258
241 359
158 64 93
611 438 108
87 68 124 359
344 517
390 68 19 85 68 607 158 68 640 158 4 85 359 68 133 68 211 108 68 211 405 108
611 514 85 359 211 222 68 189 643 68 197 86 68 36 108 68 54 86 68 397 68 405 68 569 68 405 108
149 43 158 241 85 222 213
196 68 5 189 68 246 68 97 68 569 85 359 607 86 85 68 5 189 68 196 68 5 189 68 283 68 642 68 390 68 97 68
201 258 390
472 503 158 471 68 192
51 68 189 68 5 189
201
261 86 4 116 550 158
201 258 68 4 199 359
136 158 152 68 607 158 68 149 68 158 189 68 194 68 87 68 149 68 152 68 43 155 211 68 346
490 359
158 389 415 68 435 334 359
211 551
503 189 68 607 158 68 503 85 68 5 68 87 68 607 359
406 85 299 607 68 617
204 152 258 68 189 68 406 85 299 68 5 189 68 5
49 68 5 68 378 523 68 36 108 68 158 108 68 158 48
182 149
640 68 389 501 68 397 68 517 68 321 149
149 552 68 136 158 152 68 607 158 68 389 158 251 68 321 240 68 569 68 430 68 246 68 189 68 51 86
611 51 85
5 108 258
196
607 569 85 68 347 158
4 199 5
390 68 19 108 68 197 86 189 68 354
642 149 532 68 347 158 240
79 565
517 194 68 607 158 152 68 607 158 68 447 158 108 68 153 108
5 68 231 240 68 36 149
87 449 68 607 50 68 36 149 68 397 68 397 68 43 158 108 68 43 158 68 79 158 189 108
213 158 517
503 108
201
189 79 158 247 222
283 68 197 158 247 85
59 406 211
189 68 211 5 68 136 479 68 43 158 68 93 435 68 64 435 478 359
397 68 569 68 218 68 607 68 231 68 64 211 258 68 64 211 390 68 45 206 68 527 68 97 68 97
405 178 359 4 258 572
54 86 68 426 339 68 189 85 359 68 607 158
5 543 430
321 68 334 68 196 68 426 430 68 321 189 68 354
261 85 359
189 68 550 501 68 397 68 5 543 51 240 68 651 123
201
390 68 354 68 258 68 607 158 405 213 211 213
4 149 258 390
153
64 211 390 68 459 543 108 68 241 85 68 158
201 4 359
211 543
197 86
527 68 261 86 68 5 68 189 68 231 240 68 36 149
5 68 617 149 68 607 158 68 79 158 108 68 79 158 543 68 5
97 68 540 68 5 155 211 48 68 241 85 68 607 158 68 43 158 68 517 85 68 158 108 68 430 68 194 149 517 85 68 5
149 550 251 68 264 189
5 68 617 149 68 607 158 85 68 611 152 68 43 158 321 247 85 68 426 430 222 68 430
16 158 543 68 5 68 64 68 397 501 68 222 240 68 54 654
607 158 16 189
126 68 36 149 68 276 85 68 607 158 108 68 607
97 68 430 68 149 258 68 607 155 68 65 152 68 65 189
517 194 68 4 85 152 68 153 108
405 471
261 86 68 158 189 68 406 430 438
503 189 68 5 68 36 149 68 97 68 517 359 68 213 152
640 68 611 85 258 68 149 552 359 68 426 339 68 153 108
397 68 54 86 68 64 211 390
189 68 651 123 68 638 68 390 68 211 237 558
189 68 5 189 68 417 68 197 86
196 68 607 50 68 36 149 68 158 152 68 158 108 68 36 149 68 565 415 211 390
321 290
54 86 68 397 68 607 158 68 79 479
611 299
503 189 68 517 68 189 68 258 149
472 68 389 339
343 543 85 252 199
135 68 43 158 68 517 68 266 479 68 197 86
201
389 189
5 343 158 19 68 64 211 390
204 152 68 36 149 68 241 85 68 36 149 68 517 85 68 346
611 189
593 189 68 397 68 211 68 397 68 192 149 68 97 68 569 68 640 68 569 85 4 85 222 149 68 517 85
136 158 152 68 321 189 68 19 108 68 347 158 68 430 68 607 158 85
213 552 359
189 68 517 85 359 68 153 108 68 36 149 68 64 211 390 68 64 211 152 68 19
204 152 68 36 149
569 68 158 339 68 246 68 149 532 85 611 152
334 68 394 149
607 68 189 68 81 68 397 68 405 68 236 222 64 389 158 222
207 68 189 68 607 170
334 68 550 158 199 68 246 68 201 258 201 74
517 194 199
517 415
170 108 68 149 550 158 543 108
517 194 68 183 158 199
97 68 390 68 241 68 241 359 68 640 68 283 68 283 68 134 415 532
231 51 86 68 261 86 68 43 158 68 5 68 36 149 68 87 189 359
19 108 68 347 158 118
189
5 189
266 149
283 68 640 158 4 85 222
196 68 189 389 189 68 246 68 51 86 68 51 86
276 85 359
68 378 85
36 108 68 330 68 330 68 629 68 339 68 354
196 68 347 158 68 5 68 36 149 68 43 487
405 240
503 108 68 390 68 569 68 611 299 85 359
503 108 68 390 68 569 68 87 222 85 68 182 149 550 158 189
447 158 85
211 158 189 570 389 158 108
405 149 347 240
565 569 108 258 85 68 59 569 199 149 258 189 643 359
321 68 389 501 68 397 68 517 570 211 68 43 158 68 527 220
657 68 87 68 607 86
517 85 266 158 334 222
201
611 149 68 189 68 261 158 543 68 5 108 68 136 126
5 68 593 543 68 607 569 85 68 5 155 643 68 201 108 68 397 68 354 68 651 123
258 68 36 149 68 197 86
152 51
5 68 189 68 222 476 68 36 108 68 321 85
397 43 476 68 189
261 86 68 43 158 68 246 68 607 158 68 51 346 68 346
196 68 273 68 569 68 321 247 211 199 68 447 155 68 350
189 299 211 85 347 158 406 155 68 158 155
196 68 607 158 266 50 68 397 158 108 321 85 68 87
97 68 170 643 85
593 543 68 405 68 189 85 36 189
97 68 211 543 68 321 189 68 569 68 19 85 68 64 211 108
405 68 70 158 359
339 68 155
220 389 199
76 85 359
517 194 514 199 68 64 550 158 334 108
503 108 68 390 68 569 68 640 158 4 85 222 68 565 222 85
577 68 321 240
189
189 68 394 68 550 430
197 86 68 5 68 36 108 68 189 68 189 16 85 551 68 517 85
197 108
64 211 390 68 397 68 321 240 68 36 108 68 43 155 68 173
51 68 189 68 607 158 68 51 86 68 283 68 607 158 85
569 68 115 479 68 231 240 68 261 430 68 246 68 531 299
36 211 199 68 657 222 108 19 85 430
565 569
321 189 68 87 449 68 642 149 532 158 108 68 359
406 211 607
514 149 359
517 194 149 68 430 4 108
207 68 97 68 5 189 68 611 222 189 68 158 189 68 607 158 85 68 5 189 68 446 70 158
158 108 68 569 68 552 85 68 165 68 607 158 152
494 68 99 68 182 108 68 5 68 201
280
97 68 204 85 68 5 211 85 258
330 447 290 438
196 68 569 68 517 149 258 149 68 640 68 569 68 447 158 85
550 158 514 199
196 68 347 158 4 199 85
97 68 394 225 68 389 158 152 68 97 68 405 189 68 45 108 258 390
611 149 68 593 163 68 569 68 390 153 189 426 487
538 158 108 68 158 108 68 5 155
201
99 68 640 68 5 189
503 108 68 390 68 569 68 189 85 136 479
189 643 222 68 640
517 194 149 68 577 68 5 68 331 487 149 68 136 479 68 611 189 108
189 68 550 501 68 397 68 330 359 68 607 158 68 517 85
153 68 261 430 68 607 158 68 611
64 149 532 85
136 309 108
435 415
213 51 86 68 152 51 68 253 68 261 86 68 153 158 108
196 68 347 158
97 68 607 158 68 514 199 359 68 4 85 359
569 68 426 158
5 68 527 149 68 607 158 85 68 153 189 68 211 543 68 389 240 359
189 68 389 240 359 68 152 68 152 68 569 68 517 85
642 405 108
197 86 68 241 68 359 68 158 189 550 158 359 68 397 68 569 68 241 359
5 339
444 68 640 68 97 68 54 654 68 397 68 405 68 241 68 569 68 79 359 438 415 68 240 389 158 118
321 189 108
607 158 68 607 158 68 276 299
86 149 532 149 68 36 149 68 5 68 36 108 68 153 108 68 390 581 194 517 85 43 479 68 158 245 85
36 149
245 258 359 438
607 158 5
19 430 68 390 68 538 339 68 85 68 246 68 405 68 5 108 68 43 339 68 550 68 354 68 569 68 569 68 569 68 19 108
201
494 68 189 170
517 415
378 85 359 68 517 85
261 86 68 43 158 68 246 68 569 68 430 237 558 68 76 346
607 170 359 68 532 152
501 85 517 189 570 68 5 68 397 550 430 68 64 211 258
153 350 68 211 86 68 330 85
503 108 68 158 108 68 569 68 517 85 438 359
51 487
241 85 68 204 149 68 158 390
611 85 359
261 86 85 152
321 290
5 390 68 651 123 68 397 68 405 68 640 68 517 211 189 550 487
261 86 68 124 68 5 390 68 569 68 426 155 68 54 86 108
503 189 68 5 390 68 36 108 68 64 435 334 359 68 211 543
54 86 68 397 68 550 158 543 108 68 569
135 68 5 543 68 397 68 569 68 389 85 359 68 397 240 51 86 68 306
45 68 189 68 550 501 68 397 68 517 68 365 152 68 189
261 86 68 124
607 158 68 79 149
607 50 68 347 501 68 569 68 258 359 68 64 211 258
397 68 347 501 68 438
276 74
189 68 389 501 68 276 158 334 68 517 85
5 189
5 68 642 211 68 149 211 266 85
321 189 68 241 359
657 68 607 155 68 657 551 321 27 68 158 108 68 4 108 68 640 68 43 158 68 261 158 108
503 108
640 68 611 85 258 68 5 68 331 149 68 158 152 68 158 152 68 158 240 389 158 299 211 222
517 237 558 68 158 611 189 149
196 68 347 158
261 86 68 43 158
43 430 261
54 86 189 68 149 68 640 68 189 170 607 170
153 108 68 97 68 390
196 68 158 108 68 5 68 640 68 189 241 85 359 389 158 572 68 241
51 68 189 68 261 86 68 569 68 159
261 86 68 607 68 36 149 68 569 68 651 123
5 204 68 640 68 640 68 158 449 108 68 158 108 68 607 158 108
5 68 189 68 607 158 68 607 158 68 76 85 79 359 68 241 68 611 85 68 43 86 163 406 211 245
189 68 651 123
196 68 331 68 640 68 136 158 213 68 170 149 68 93 532 149 68 389 501
447 189 458
189 642 5
149 551 70 158 194 213 68 189 241 199 290 85 347 158 118
261 86 68 607 68 189 68 339 68 651
49 68 5 68 258 149 68 36 149 68 9 68 611 51 86
438 70 158 68 5 68 211 85 347 158 85 347 158
657 68 70 189 68 49 68 517 68 517 68 569 68 246 68 405
405 240
36 149 68 517 68 611 258 68 607 158 68 607 158 108 68 321 189 68 70 158 68 397 68 70 158 118
261 86 68 43 158 68 5 68 331 149 68 350 68 640 68 321 247 85 347 158
87 68 170 68 417 68 397 68 321 189
607 158 543 68 569 68 258 231 240
501 85 4 389 479 68 517 68 406 158 551
334 68 550 158 199 68 246 68 201 258 201 74
321 68 189 68 577 68 97 68 51 86
565 180 282 68 115 247
19 430 68 607 158 68 54 86 68 321 155
5 68 370 68 81 68 426 158 64 211 390 68 241 85 68 540 299
97 68 405 68 85 471 389 339
149 552 359 68 196 68 189 68 87 189
64 211 390 68 397 240 68 153 108
334 68 4 478 68 170 152 68 241 68 607 158 68 517 68 611 189
201
517 194 199
569 68 607 50 611 85 68 397 68 5 68 569 68 81 68 189 68 136 158 543 68 569 68 213 51 86 68 158
231 240
657 68 347 85 68 97 68 321 189
334 68 415 51 359 68 390 68 85 126 442
290 657 565
189 68 577 68 607 158 68 565 240 68 258 189 565 68 189 68 152 68 43 158 68 430 68 283 550 158 108 68 570 550 339 68 45 108
629 68 261 158 543 68 397 68 607 50 68 51 68 5 222 85 68 196
241 85 68 261 158 189 68 158 189 569 68 640 68 36 149 68 640 68 321 290 540 68 201 240 299 68 201 258 220 211
212 85
532 346 68 517
201
201 158 199 201 108 68 611 189 68 517 85
517 194 68 577 68 607 158 68 59 479 359
86 163 68 93 389 501 68 397 68 517 68 258 359 68 472 68 283 68 153 108 68 153 339
397 68 258 222 476 68 64 211 390
149 68 246
640 68 389 501 68 397 68 258 189 68 651 123 108 68 501 85 68 638 68 330 621 49 551 68 158 108
261 86 68 124 68 197 86 149 68 97 68 405
344 158 108 261 86
196
543 389 85 532
87 68 607 50 68 81 68 5 108 170 643 68 201 108 68 43 158 68 36 149
642 158 517 85 68 43 158 68 406 430
5 68 527 149 68 182 405 68 231 85 68 607 68 246 204 108 517
135 68 16 158 543 68 36 149 68 430 68 5 247 543
201
261 158 543 68 397 68 5
607 86 68 189 68 211 503 339 68 397 523 211 189 211 68 397
189 299 211 85 347 158 251 68 5 104 85 68 389 430 68 389 565
79 240 565 108
149 517
397 68 426 155
135 68 182 149 68 36 149 68 354 68 397 68 538 158 258
201 258 68 189 570 550 339 68 503 158 359 68 222 189 570 389 570
43 350
64 211 390 68 397 68 276 359 68 36 149
189 68 5 4 4 4 240 359 68 640 68 565 569
79 158 517 68 430
290 517
196 68 390 68 97 68 5 68 640
189 68 211 607 50 68 397 68 85 447 430 68 197 158 247 85
19 108 68 330 85 258 85
87 359 435 199
321 189
197 607 68 5 390
261 86 68 124 68 126 68 189 68 261 158 543 68 397 68 339 68 241 108 68 43 158 68 211 64 211 108 68 415 211 85 438 359
87 68 162 68 149 68 607 158 68 283 68 607 158 68 54 86
189 68 158 192 194 514 85 68 241 85 68 405 68 405 108 68 657 299
261 86 68 273 68 569 68 540 551
189 68 384 108 4 406 158 406 155 68 550 86 68 51 82
197 108 258 390
204 152 68 36 149 68 189 68 158 4 79 222 68 189 68 97 68 97
36 149 68 330 68 607 158 68 197 86 68 426 569
347 158 85
162
153
346 211 68 607 170
135 68 261 158 543 68 569 68 611 43 158 68 611 51 501 68 64 211 390
64 211 390 68 16 158 68 569 68 5 222 68 5 581 643
189 68 4 108 68 607 158 68 280 68 321 247 85 68 158 108 68 290 85 222
503 108 68 158 108 68 569 68 258 43 155 211 565
527 68 283 68 97 68 390 68 97
126 68 189 68 394 68 220 88 68 158 240 359 68 222 476 68 569 68 158 152 68 5 189 68 607 479
4 517 178
390 43 258 538
201 258 68 258 108 68 617 68 5
657 68 405 68 517 258 149 68 569 68 201 85 245
569 68 531 158 299 211 390 68 59 258 551 68 657 299 68 158 108 438 415 68 569 68 552 85 359 68 189 68 607 50 68 189
527 68 97 68 97 68 599 68 607 158 68 115 479 85 359 68 36 149 68 240 194 515 551 68 189 68 359 68 430 68 472 420
564 551 189
64 435 213 68 397 68 389 158 572
189 532 85
611 149 68 36 149 68 153 359 68 97 68 19 68 158 189
642 211 551
196 68 607 50 68 36 149 68 241 68 241 108 68 390 108
241 189 68 149 550 158 543 108
565 70 158 68 607 158 68 49 551 68 640 68 599 389 85 359 43 50 43 569
503 158
241 359
246 204 517 85 68 611 189 68 43 158 68 79 158 189
49 68 5 68 222 476 68 36 108 68 136 309 108
97 68 36 149 68 189 68 194 543
86 149 532 149 68 36 86 68 5 68 569 68 87 449 68 397 68 569 68 359 266 158 68 339 551 68 565
370 68 593 149 68 607 158 68 237 199 68 241 199
607 68 527 149 68 152 51 86 68 503 189 68 241 68 170 299 68 170 299 359
359 149 68 79 158 199
347 158 85
