189 68 64 211 68 189 68 189 68 170 152 68 189 68 189 68 189 68 189
43 158 68 189 68 577 68 158 108 68 517 359 68 189
503 108 68 158 108 68 569 68 517 85 68 85 359
290 258 85 359
189 68 550 501 68 189 68 237 4 68 607 158 68 81
550 339 68 85 68 158 108 68 430 240 430 108
189 68 607 158 68 85 517 85 68 406 155 68 189 68 189 550 158 199
64 211 108 68 447 158 108
449
189 68 124 68 189 68 397 68 397 68 79 158 108
607 158 68 197 86 108 68 87 68 87 68 19 68 19 85 68 81 68 339 68 339 68 339 68 339 68 339 68 19 85 68 19 85 68 339 68 397 68 19 85 152 550 339 68 19 85 359 68 19 85 359 68 339 551 68 607 158 108 68 339 551 68 339 551
503 339
503 189 68 607 50 68 19 68 81 68 241 68 189 550 158 118 68 189
85 240 211
611 569 68 85 149 68 19 85 68 19 68 189 68 189 550 158 189
189 68 189 68 347 501 68 517 68 43 158 68 64 211 108
241 85 359 550 158 359 68 241 359
569 68 517 68 607 479 68 64 550 158 68 430 149 68 569 68 405 199
261 86 68 43 158
189 68 189 68 550 501 68 430 68 19 85 68 64 211 108 68 64 211 108
607 68 397 68 397 68 241 68 158 108 68 189 68 417 68 43 158 68 43 158
258 19 85 68 550 158 108 68 430 430
87 543 68 607 158 68 189 68 64 550 86
189 68 339 68 397 68 517 68 19 85 68 19 85 68 189 550 158 118
503 339 68 85 4 85 68 189 68 611 152 68 607 50
85 447 158 68 577
288
189 266 50 68 517
503 158 68 85 240 51 86 68 517 68 430 68 607 155
550 339 68 347 158
64 211 108 68 339 68 640 68 241 68 241 68 430 149
527 68 19 85 68 189 68 430 68 124
189 68 5 68 397 68 339 68 158 108 68 397 68 85 359 68 85 359 68 189
607 158 118 68 642 211 149
261 86 68 189 68 189 68 158 108 68 189 68 569 68 430 68 430 68 430
527 68 87 68 5
87 68 81 68 397 68 397 68 569 68 64 211 108
43 158 68 607 158 68 158 68 158 152 68 158 108 68 153 108
43 158 68 593 163 68 503 189 68 503 189 68 569 68 189 68 189 68 189 68 189 68 189 68 240 389 85 359
149
189 68 189 68 347 501 68 517 68 43 158 68 158 68 405 199 68 405 199 68 405 189 68 240 389 158 108
607 158 68 85 240 51 189 68 189 68 406 158 189
64 211 108 68 569 68 64 211
153 108 68 430 68 189 68 347 501 68 397 68 64 211 108 68 241 68 241 68 241 68 241
189 68 81 68 607 158 68 189 68 517 68 247 68 189 68 189 68 189 266 158 543
189 68 189 68 347 501 68 397 68 158 108 68 370 68 5
85 406 158 543 68 136 158 359 211 222
503 108 68 430 68 43 158 68 158 108
611 569 68 593 163 68 43 158 68 517 68 189 68 189 68 70 158
405 149 389 149 68 64 211
261 86 68 43 158 68 283 68 569 68 5 108
321 68 189 68 607 158 68 569 68 550 86 149
153 68 430 68 607 158 68 245 449
430 543 550 487 68 517 359 68 611 359
85 19 85 68 158 108 68 211
68 593 163 68 19 85 68 43 158 68 43 158 68 19 85 68 19 85 68 19 85 68 339 68 339 68 19 85 68 19 85 68 331 149
241
189 68 569 108 68 158 108 68 5 189 68 85 359 68 85 359 550 158 118
64 211 108 68 197 86 68 569 108
43 158 68 607 68 577 68 158 68 158 240 68 430 68 430 68 430 199
43 158 68 593 149 68 339 68 331 430 68 331 430 68 43 158 68 43 158
550 86 85 68 85 4 258
261 86 68 189 68 593 149 68 19 85 68 569 108
503 189 68 607 158 68 189 68 189 68 447 158 359
258 108 68 189 68 189 68 577 68 397 68 517
189 68 607 50 68 397 68 550 158 543 68 43 158 68 64 211 108
550 339 551
189 68 430 359 68 85 359
43 158 68 5 189
85 359 68 339 68 347 501 68 339 68 158 108 68 5 189 68 19 85 68 19 85
501 85 517 82 68 339
261 86 68 124 68 569 68 569 68 430 68 607 158
389 501 68 405 359
261 86 68 43 158 68 45 149 68 607 158 68 517 68 43 155
4 152
430 68 189 68 430 299 211
347 501
189 68 527 68 108 68 5 108
189 149
19 163 68 543 68 347 501 68 189 68 550 158 241 68 607 158
593 163 68 170
64 389 158 68 189 68 64 211 108
189 68 405 68 543 211 68 397 68 397 68 253
503 158 68 517 68 569 68 158 108 68 36 211 199 68 241 68 321 240
189 68 607 158 68 550 501 68 607 158 68 261 86
577 68 241
569 68 158 108 68 339 68 189 68 149 550 487
241 241 359
189 68 158 543 68 339 68 397 68 5 68 43 158
261 86 68 189 68 577 68 189 68 397
607 158 68 607 158 68 19 85 68 189 68 240 51 86
611 85 359 550 158 108 68 397 68 331 149 68 19 85 68 189
189 543 389 359
189 68 527 68 370 68 607 158 68 550 339 68 405 68 405
417 551
189 68 189 68 550 501 68 517
651 123 68 241 68 241 68 64 211 108 68 158 108 68 158 108
527 68 607 50 68 593 149 68 19 68 5 189 68 70 158
283 68 569 108 68 405 68 158 108 68 189 68 189 68 189 68 189
189 68 189 68 347 501 68 501 85 517 68 189 68 158 108 68 446 68 397 68 430 68 241 68 397 68 241 68 550 501 85
189 68 189 68 347 501 68 517 68 430 68 189 68 517
261 86 68 607 68 36 149 68 86 68 569 68 261 86
283 68 189 68 651 123
49 68 607 68 5 68 569 68 543 550 487 359 68 569 68 569 68 211
283 68 527 68 149 68 149 550 158 108 68 569 68 64 211 108
211 543 211 85 68 417
241 359
189 68 543 51 85 68 149
85 359 68 339 68 550 501 68 339 68 189 68 64 211 108 68 241 68 241 68 430 68 241 68 241 68 241 68 241 430 68 241 68 241 68 241 68 241 68 241 68 241 359
85 359
347 479 68 406 158 189
607 170 359
607 158 68 197 108 68 85 359 68 569 68 19 85 359
211
247
261 86
564 85 359
43 158 68 593 149 68 19 68 19 85 68 5 68 85 68 405 68 85 68 43 158 68 405 68 85 359 68 43 158 543 550 339 68 617 149 68 43 158
5 189 258 85 359
189 68 81 68 430 68 64 211 240 68 189 68 79 158 189
85 240 211
189 149 550 158 108 68 517 68 241 430
49 68 158 68 54 86
245 449 68 189 68 417 68 158 543 68 158 247
43 158 199
261 86 68 607 158 68 19 85 68 64 211 108 68 5
593 163 68 430 68 241 68 241 430
64 211 68 211 68 339 68 85 359
339 68 550 158
503 189 68 124 68 569 68 405 68 189 550 158 108
564 68 189 68 81 68 430 68 158 108
245 449 68 81 68 158 543 68 5 108 68 397
43 158 68 189 68 417 68 85 68 247 85 68 5 189 68 517 68 517
283 68 339 68 5 68 430 68 569 68 64 211 108 68 569 68 405 68 405 108 68 405 108 68 405 108 68 405 108 68 241 68 85 152
527 359
321 68 189 68 170 108 68 124
347 158 213 211 199
339 68 397 68 397
189 68 136 479 68 43 158 68 153 189 68 339 68 70 158
189 68 339 68 397 68 430 68 607 158 68 397 68 446 551
503 189 68 85 68 87 108 68 503 189 68 517
550 86 149
5 359
607 158 68 527 68 5
189 68 189 68 347 501 68 397 68 417 68 64 211 108 68 569 68 64 211 108
288
211 299
527 68 5 189 68 430
43 158 199
430 68 85 64 211 108 68 19 85 68 158 118
189 68 430 359 68 331 158 108 68 339 68 569 68 550 339
503 108
517 68 5 189
569 108 68 4 258 85
240 211 245 449
651 85
517
261 86 68 43 158 68 651 123 68 19 85
321 189 68 170 108 68 642 68 85 359 389 85 359
517 85 189 68 189 68 124
153 189
503 189 68 189 68 81 68 397 68 397 68 85 359 389 85 359
261 607 158 68 288 68 149 68 550 158 543 68 405 85 68 81 68 569 68 70 189
261 86 68 607 158 68 197 108
503 189 68 189 68 64 389 339
253 503 158 68 569 68 569
417 551
503 339
189 68 651 123 68 339 68 85 359 68 241 68 241 68 189 68 85 152 550 158 543 68 430 68 189 68 85 359 68 189 68 85 152 550 158 543 550 158 543 51 570 389 158 240 51 86 85 359 51 86 85 359 51 86 149 68 189 68 189 51 570 389 158 240 51 570 389 158 240 51 570 389 158 543 550 158 543 550 158 543 550 158 543 550 158 543 550 158 543 550 158 543 550 158 543 550 339 551
405 199 85 359 211
607 158 68 593 163 68 81 68 569 68 550 158 108 68 19 85 68 149 550 158 189
430 149 550 158 85
85 406 479
651 123 68 569 68 406 158 359 68 617 68 339 68 339
64 211 108
503 339 68 397 68 258
283 68 241 68 261 86 149 68 189 68 189 68 189 68 417
153 240
241 68 43 158 68 617
189 68 64 51 86
290 389 339
158 199
258 247 389 339
189 68 430 68 550 339 68 85 359
189 68 607 158 68 569 68 447 158 359 68 189
503 339 68 19 240 211 68 5 68 253 68 170 108
189 68 288 68 359 68 447 158 68 417
189 68 81 68 5 108 68 189 68 406 158 118 68 430 68 430 199
569 68 5 189 68 397 68 550 501 68 189 68 64 211 108
611 189
607 158 68 85 240 211 85 359
87 68 261 86 149 68 189 68 189 68 640 68 569 68 569 68 405 108 68 405 68 405 108 68 405 108
611 240 389 158 108 68 642 211 108 68 189 299
64 211 108 68 569 68 241 68 241 68 64 211 108 68 64 211 108
189 68 569 68 517 85
417 68 607 50 68 640
189 85 359 611 152
607 155 68 85 359
158 108 68 569 68 501 85 4 189 68 85 517 118 68 517 258 551
43 158 68 607 158 68 158 68 158 152 68 158 108 68 153 108
189 68 405 68 124 68 397 68 397 68 189 68 189 68 397 68 397 68 397 68 397
447 155 211
189 68 70 189 68 617 68 189 68 417 68 417
543 389 158 359 68 339 68 211 85 359 68 64 211 108 68 241 68 241 68 189 550 339
593 163 68 611 189 68 517 359
517 85 64 149
19 85 68 36 149 68 241 68 85 68 158 108 68 43 158
611 85 359 550 339 68 189 550 158 118 68 85 68 64 211 108 68 64 211 108 68 64 211 108
241 359
158 108 158 108
261 86 68 43 158 68 245 449 68 189 68 507 211 68 607 155 68 607 155
503 339 68 347 158
43 158 199
611 569 68 189 68 577 68 607 158 68 517
49 68 158 68 405 149 68 331 149
85 64 211
5 569 108
503 501 68 331 222
261 86 68 158 68 331 430 68 430 430
261 86 68 593 108 68 569 68 19 85
189 258 82
189 68 5 189 258 241 68 189 68 189 149 550 487 149
189 68 189 68 347 501 68 397 68 211 543 68 64 211 108
189 68 81 68 158 108 68 149 68 149 550 487
321 189
447 430 199
49 68 430 68 550 501 68 339 68 85 359 68 70 189 68 70 158
607 158 68 607 68 189 68 527 359 68 158 108 68 158 108
550 158
607 158 68 5
527 68 153 68 569 68 85 149 68 158 108
64 51 86 68 430 240
85 359
447 430
447 158 108 68 213 68 189 68 213 211 68 503 158 108
5 68 569 68 240 211 68 331 430 68 189 68 569 68 569 68 64 211 108
64 211 108 68 430 68 189 68 36 85 149 68 607 158 68 189 68 189 68 189 68 19 85 152 68 189 68 19 85 331 149
503 189 68 189 68 569 68 189 211 543
261 86 68 527 68 19 85 68 158 108
189 68 397 68 359 68 240 550 158 68 405 68 405
607 158 359
501 85 517 68 5 68 503 158 108 68 607 158 68 607 158
501 85 517 68 607 158 68 64 211 108 68 569 68 290 85 359 68 405 68 405 68 405 189 68 543
593 163 68 397 68 5 68 397 68 397 68 339 68 339 68 339
261 86 68 124 68 607 158 68 569 68 64 211 108 68 64 211 108
85 247 85
189 68 5 68 527 359 68 405 359
543 406 299 258
503 339 68 347 158
447 430
543 550 158 199 68 261 149
359 389 85 359
189 68 124 68 397 68 397 68 68 68 405 68 5 189 68 241 68 397 68 241 68 241 68 241 68 241 68 241 430 149
258 108 68 577 68 189
189 68 81 68 5 68 158 108 68 550 158 543 68 81 68 569 68 81 68 430 68 430 68 430 68 569 68 569 68 569 68 569 68 430 68 81
611 149
339 68 607 158 68 149 68 405 108 68 5 189 68 85 359 68 189 68 189 68 617 149 68 397 68 339
397 108 68 64 211 517
569 85
283 68 607 158 68 321 240 68 5 68 430 68 5 68 81 68 569 68 19 68 569 68 19 85 68 19 85 68 19 85 68 19 449
517 258 149
158 108 68 397
283 68 607 158 68 527 68 189 68 397 68 569 68 211 108 68 550 158 108 68 430 199
258 85 4 258 68 85 359
550 149
607 170 68 359 68 347 158 85 359
87 68 5 68 85 68 158 108 68 189 68 158 240 68 79 158
85 149 68 241
397 68 241 68 640
64 211 108 68 430 68 607 158 68 189 68 569 68 64 211 108 68 241 68 241 68 241 430 108
36 85 152
51 570 68 339 68 5 189 68 430
527 68 607 158 68 550 158 108 68 397 68 430 68 430 68 569 68 64 211 108
517 359 68 517
5 543 258
321 152
283 68 607 158 68 36 149 68 5 189
85 359
213 211 543
189 85 406 158 118
189 68 370 68 354 68 5 68 5 189 68 501 68 501 85 152
607 158 68 593 163 68 240 550 158 108 68 640 68 339
517 68 569 68 240
261 86 68 158 108 68 36 149 68 5 189
283 68 189 68 189 68 241 68 64 211 108 68 397 68 397 68 5 189
607 158 68 593 163 68 170 108 68 430 299
405 85 68 629
5 68 651 123 68 397 68 405 68 405 68 211 108
211 240
321 569 85
607 158 68 527 68 339 68 397 68 85 152 550 158 108
611 415
240 68 339 68 397 68 397
43 158 68 593 149 68 569 68 651 123 68 339 68 189 68 397
19 85 68 5
261 86 68 124
321 240 68 569 68 430 68 64 211 108 68 189 68 189 68 189 68 201 258 85 359 68 430 108
290 85
283 68 64 211 108 68 158 108 68 446 68 189 68 397 68 54 86
189 68 651 123 68 569 68 64 211 240 359
189 68 189 68 347 501 68 397 68 85 359 68 569 68 64 211 108
611 152
283 68 189 68 241 68 158 543 68 405 68 86 149 68 607 50 68 607 50
607 158 68 593 149 68 607 158 68 543 550 158 68 158 68 405 199 68 517
189 68 430 68 543 51 85 68 153 189
503 108 68 189 68 569 68 517 359 68 517 85 359
503 339 68 347 158
430 85 359
51 570 389 158 68 43 158 68 397 68 397 68 19 85 68 5 189 68 70 189
189 68 651 123 68 158 543 211 543 211 543
283 68 158 108 68 5 68 241 68 241 359 68 241 68 241 68 241 430 241 430 199
4 108
197 86 5 189
261 86 68 43 158 68 261 86 68 261 149
447 158 108
241 241 359
189 68 331 430 68 158 108 68 607 158 359 68 569 68 5 189
189 68 189 68 189 68 81 68 569 68 64 211 108
503 108
527 68 5 189 68 415 211 108
447 430
503 189 68 253 68 569 68 430 68 405 68 405 68 85 68 241 68 241 68 241 68 241 68 241 68 241 68 241 68 241
158 85 247 211 68 347 158 359
447 158 359 70 108
64 211
189 258
607 158 68 593 149 68 19 85 68 5 68 640 68 5
189 68 527 68 569 68 241 430 241 68 189 68 189 211 85
430 258 82
517 178 68 611 189 68 517 359
550 501 68 158 108 68 607 50
64 550 86 68 321 247 85
517 85 359 68 550 158 149 211 149
607 158 68 593 149 68 19 85 68 569 68 5 68 189 68 189 68 201 258 85 359
607 158 68 331 222
430 299 68 5
158 199
577 68 611 85 359 68 577 68 569 108
64 211
564 68 607 158 68 158 189
153 240
189 68 5 68 397 68 517 68 43 158 68 64 211 108
189 68 417 68 430 68 339
607 158 68 593 149 68 81 68 19 85 68 43 158 68 406 155
189 68 253 68 170 85
19 359
447 158 359 68 64 51 108
607 158 68 197 108 68 527 68 189 68 397 68 85 359 68 158 108 68 330 359
64 211 108 68 189 550 158 108 68 5
211 68 36 149
43 158 199
283 68 527 68 149 68 527 68 189 68 240
170 85
153 108 68 158 108 68 397
43 158 68 517 68 501 68 79 430 68 189 68 189 68 569 68 241 430 199 68 241 68 241 430 199
189 68 527 68 417 68 19 85 68 19 85 359
651 290
261 86 68 124 68 189 68 189 68 81 68 397 68 517 68 517 68 43 158 68 43 158 68 339 68 339 68 339 68 397 68 136 479
550 339
189 68 158 189 68 189 68 503 158 359
405 68 70 158 359
189 68 5 189 68 339 68 339 68 550 501 68 158 108 68 19 85 68 149
4 85
189 68 607 158 68 607 158 68 189 68 19 85
503 189 68 517 68 189 68 417 68 158 108 68 241 68 158 108
593 108 68 36 85 68 607 158 68 189 68 417
397 68 347 501
607 158 68 197 108 68 527 68 189 68 64 211 108 68 397 68 397 68 189 68 85 359
389 158 240 68 258 359
503 189 68 607 158 68 503 189 68 5 68 87 68 359
405 85 5
87 68 503 158 108 68 550 501 68 189 68 158 108 68 397 68 550 158 118 68 339 68 339
5 108
290 85 149
189 68 64 211 108 68 149 550 487 149
569 68 211 359 68 211
241 569 85
430 68 5 68 607 158 68 211 607 158
607 158 68 550 158 68 397 68 569 68 19 85 359
5 189 68 359 68 241 359
64 211 108 68 197 86 68 569 108
189 68 81 68 405 108 68 446 68 241 359 389 158 118
197 85
5 108 68 430 64 211 85
503 108
170 85
543
170 299 68 43 158 68 397 68 397
339 68 347 501 68 339 68 550 158 108 68 569 68 64 211 108 68 64 211 108
189 68 261 86 85 359
85 240 389 85 359
87 68 170 68 543 68 397 68 397 68 397
607 158 68 550 501 68 189 68 241 68 241 430 68 201 258 189 68 430 199
64 211
5 189 108
611 85 359
607 158 68 85 4 152 68 5 108
158 108 68 593 149 68 607 158 68 550 158 68 158 108 68 550 158 118 68 607 155 68 607 155
64 211 108 68 569 68 397 68 550 339 68 189 68 189 68 189 550 339
607 158 68 593 149 68 81 68 430 68 64 211 108 68 241 68 241 430 199
189 68 339 68 136 479 108 68 550 501 68 517
245 449
543
283 68 527 68 149 68 405 108 68 517 359 68 406 155
447 339 68 189 68 642 211
607 170 68 85 149
85 447 189
607 158 68 593 149 68 158 543 68 158 543 68 241 68 189 68 321 247
211 430
86 163 68 347 158 149 68 339 68 211 68 211 68 569 68 550 158 118 68 241 430 299
86 163 68 617 149 68 397 68 397 68 397
283 68 189 68 569 68 569 108 68 569 68 550 158 108 68 19 85 68 153 189
651 123 68 405 68 405 108 68 640 68 640 68 64 211 108
283 68 158 108 68 569 68 569 68 85 359 389 339 68 189 68 189 68 189 68 189 68 189 426 339 68 189 85 359 550 339
283 68 607 158 68 397 68 19 68 397 68 397 68 5 189 68 569 68 430 199
283 68 189 68 189 68 339 68 5 68 640
64 211
283 68 19 85 68 189 68 189 68 241 68 85 152 68 87 68 158 108
593 163 68 550 339 68 211 124 68 397 68 189 68 189 68 189 68 189 68 189 68 189 241 430 199
290 258 189 550 158 359
569 68 339 68 430 68 189 68 611 74 68 64 211 108
261 86 68 43 158 68 283 68 569 68 640 68 241
607 158 68 550 158 68 189 68 339 68 19 85 359
43 158 68 189 68 85 152 68 158 108
283 68 5 68 158 108 68 406 158 149 68 430 149 68 430 149 550 158 118
189 68 43 158 68 43 158 68 241 68 158 108 68 5 189 108
189 68 189 68 359 68 543 550 487
189 68 431 68 149 68 569 68 397 68 405 68 517 68 517 68 517 68 397 68 517
64 211 108 68 569 68 85 149 68 405 149 68 569 68 19 85 68 19 85 68 430 199
651 85 68 189 199
189 68 527 68 607 158 68 70 189 68 4 258 85
517 258 108
607 158 68 593 149 68 607 158 68 64 211 68 189 68 569 68 569 68 241 68 36 85 359 68 241 68 241 68 241 68 36 152
543 51 570
64 211
503 108 68 189 68 569 68 503 158 108 68 241 359 68 241 359
189 68 258 68 158 108
503 189 68 253 68 569 68 569 108 68 19 85 68 64 211 108
189 68 19 85 68 19 85
359 70 158
85 430 543 550 158 118
189 68 64 550 158 108 68 189 68 241 68 405 68 158 108 68 81 68 189 68 189 68 189 85 359
607 158 68 593 149 68 81 68 430 68 64 211 108 68 241 68 241 430 199
189 68 577 68 189 68 158 108 68 211 527
189 68 397 68 397 68 347 501 68 370 68 5 68 158 108 68 607 158 68 607 158 68 607 158 68 607 158
611 569 68 607 158 68 158 68 501 85 152 68 158 108 68 158 108 68 5 189 68 19 85 359 68 189 68 158 543 550 158 543 550 158 543 550 501 85 359 550 501 85 152 550 158 189 68 158 189 68 158 189 550 158 449 211 240 51 86 163 68 607 479 85 359 389 158 543 211 222 85 359 550 158 543 211 543 211 247 85 359 550 158 359 70 158 543 389 158 118 68 158 118 68 158 118 68 5
87 68 124 68 577 68 397 68 577 68 19 85 68 241 68 241 68 241
158 64 211
136 479
543 211 5 68 64 211 108
241 359
607 158 68 593 149 68 81 68 189 68 247 85 68 607 479
64 211
517 85 359 550 158 85
593 163 68 397 68 321 240 68 189 68 64 211 108 68 569 68 19 85 68 19 85 359 68 19 85 359
607 158 68 5 68 359 389 85 359 68 430 299 68 189 68 241 430 359
611 258 359
339 68 19 85
651 123 68 241 68 397 68 85 359 68 85 68 19 85 68 87 449
189 68 339 68 397 68 577 68 158 108 68 211 108 68 517 68 517
503 189 68 527 68 370 68 189 68 64 211 68 158 108 68 64 211 108
189 68 85 359 68 397 68 577 68 189 68 189 68 517 68 517 68 517 68 43 158 108 68 43 158 68 569 68 569 68 43 158
158 240 211 85 359 211 359
607 158 68 607 158 68 241 68 640 68 517 85
64 211 108 68 153 108 68 339 68 397
19 85 68 430 68 607 158 68 189 550 158
543 85 170 108
651 123 68 430 68 517 85 359
430 149 389 339 68 189 241 359
321 247 85 68 569 108
64 211 108 68 430 68 5 68 158 108 68 158 623 68 430 68 430 199
290 258 189
290 359
611 51 86 68 397 68 550 158 543 68 517 258
405 68 527 359
331 487 211
527 68 607 158 68 593 149 68 607 158
189 68 339 68 397 68 446 82 68 189 68 397 68 85 359 68 640 68 19 85 359
85 54 158 149
19 85 68 36 149 68 241 68 43 158 68 570 389 199
19 163 68 241 68 85 359 68 189 68 85 152 68 517 68 517 68 517
550 158 85 543
503 339
85 68 43 155
54 86 68 158 108 68 19 85 359 389 339
261 86 68 43 158 68 261 86 68 370 68 5 68 85 68 85 4 240 211
347 158 85
85 68 245 449 68 611 152
189 68 607 50 68 543 68 189 68 189 68 569 68 501 85 359
189 241 247 211
189 68 347 501 68 189 68 347 501 68 189 68 158 108 68 158 68 189 68 158 108 68 158 108 68 189 68 189 68 189 68 189 68 85 359 68 85 359 68 189 68 347 501 68 359 68 359 68 359 389 158 240 51 86 240 68 339 68 189 68 189 68 189 68 189 68 347 158 240 359 68 347 158 543 211 543 211 240 359 68 359 68 359 68 347 158 543 389 158 240 359 68 359 68 347 158 108 68
430 149 550 158 118 68 158 108 68 339
607 158 68 593 240 68 640 68 189 68 189 68 189 68 430 68 430 199 68 430 199
405 85 68 629
430 19 85
569 68 240 51 86 68 430 199
527 68 5 68 517 82
564 68 189 68 607 158 68 189 68 339
593 163 68 43 158 68 611 189 68 611 51 86
283 68 170 108 68 617 149 68 569 68 81
213 211 543 550 487
569 68 158 108 68 189 68 189 68 189 68 517 85 68 5 108 68 5 189 68 5 189 68 640 68 569 68 85
569 68 241 68 241 68 640 68 43 158 68 617
261 86 68 607 50 68 68 569 68 430 359
607 50 68 85 4 258
85 240 211
503 158
261 86 68 43 158
339 551 68 189 68 347 501
189 68 189 68 347 501 68 397 68 430 68 189 68 501 85 123 108 68 189 68 189 68 430 199 85 359 68 189 68 189 68 189 68 501 85 152 550 501 85 347 501 85 359 51 86 85 359 51 86 85 359 389 158 108 68 189 68 189 51 86 85 359 389 158 189 550 158 240 51 85 359 389 158 543 550 158 334 199 334 199 222 222 222 222 543 389 158 118 68 430 199 222 543 550 158 118 68 189
261 359
283 68 158 108 68 19 85 68 430 68 430 199 68 19 85 68 19 85 68 201 258 189
170 108
261 86 68 158 108 68 36 149 68 5 189
189 68 158 108 68 189 211 199 68 517 68 607 158 68 124
54 86 68 397 415 108
189 68 607 50 68 397 68 501 85 517 68 446 68 569 68 85 68 85 152 68 85 152 68 261 86 85
501 85 43 158 189
503 189
153 240
503 108 68 189 68 569 68 64 211 240 359 68 5 189
149 389 158
607 158 68 593 149 68 607 158 68 550 158 68 43 158 68 201 258 118 68 339
503 189 68 607 50 68 36 211
550 158 543
54 86 68 189 68 569 68 199 68 189 68 430 68 517
189 68 527 68 527 359 68 189 68 339 68 19 85 68 569 68 397
19 152 68 593 163 68 158 108 68 64 211 108 68 339
189 68 81 68 430 68 430 68 430 199 68 446 68 189 68 211 108
158 85 5 189 68 405 108 68 569 68 430 359
607 170 68 543 68 158 108 68 347 501
64 211 108 68 550 85 68 569 68 64 550 487 149
339 551 68 189 241
397 68 406 501 68 517 258 68 64 211 108
503 189 68 607 68 36 149 68 607 158 68 189 68 417
189 68 339 68 397 68 397
607 158 68 642 68 397 68 189 550 158 152
64 211 108 68 569 68 85 152 68 405 68 189 68 569 68 569 68 19 85 68 43 158 118
550 158 543
19 163 68 70 189 68 158 68 158 108 68 331
607 158 68 189 68 577 68 569 68 19 85 68 447 158 108 68 430 199
261 86 68 124
347 158 64 211 68 149 211 108
43 158 68 607 68 189 68 189
43 158 68 607 158 68 347 501 68 569 68 189 68 64 211 108
405
607 158 68 607 158 68 241 359 68 189 68 447 158 108
153 68 64 211 108 68 430 199 68 430 68 430 68 430 68 430 199 68 430 199
170 199
593 163 68 611 189 68 430 199 68 54 86 68 397 68 569 68 569 68 503 158 543 211 543
85 359 68 283 68 339 68 503 189
153 108 68 189 68 189 68 527 68 189 68 397 68 397 68 405 194 213
503 108 68 189 68 569 68 85 359 389 85 359 68 241 68 241 68 241 430 299
189 68 245 449 68 359 389 430
241 68 189 68 189 550 487 359 68 430
189 85 64 211 108
593 163
51 359 68 241
611 359
51 487
607 158 68 593 149 68 607 158 108 68 569 68 170 211 68 201 258 68 201 258 189
283 68 158 108 68 158 108 68 158 108 68 36 149 68 607 479
501 85 4 189 211 406 85 359 68 517 85 359
527 68 607 158 68 81 68 569 68 543 550 158 543 68 189 68 189 550 487 149
189 68 517 68 550 501 68 370 68 430 68 430 68 241 68 430 68 430 199
86 163 68 550 501 68 189 68 405 68 64 211 108
321 68 569 68 158 199
569 108 68 170 68 607 158 68 4 68 5 68 64 211 108
85 68 527 68 189 68 397 68 397 68 389 339 68 189 68 70 189
189 199 222
283 68 607 158 68 593 149 68 640 68 640 68 86 85
550 479 68 517
153 108 68 189 68 189 68 527
347 501
283 68 64 211 108 68 64 211 108 68 569 68 241 68 517 68 189 68 70 158 118
64 211 68 517 85
211 299 85 359
153 189 68 189 68 189 68 189 68 189 68 64 211 108 68 430 68 19 85
290 85 359 211 68 339
503 108 68 158 108 68 36 149 68 331 149 68 397 68 397 68 397
43 158 68 245 449 68 158 108 68 543 68 446 68 189 68 261 86 68 189 68 261 86
4 240 68 430
347 158 240 211 85
397 108 68 19 85
593 163 68 331
241
5 68 569 68 85 517 68 406 211 149 68 64 211 108 68 569 68 64 211 108
430 199
607 479 68 5 189 68 85 359 389 85 359
189 68 43 158 68 43 158 68 405 68 611 189
19 85 359
85 4 189 108
189 68 339 68 397 68 85 359 389 158 108 68 19 85 68 201 258 149
611 569 68 85 152 68 446 68 5 189 68 430 68 405 108
261 86 68 124 68 607 50 68 189 68 339 68 397 68 405 68 640
5 68 85 359 68 85 359 68 5 108
607 68 397 68 406 501 68 569 68 430 68 64 211 108
261 86 68 527 68 370 68 19 85
607 158 68 5
503 189
85 241 430 68 158
261 86 68 339 68 339 68 170 108 68 569 68 85 359 68 64 211 108
517 543 389 85
517 68 370 68 261 86 68 5 68 19 68 430 68 569 68 569 68 569 68 430 199
153 108 68 527 68 149 68 446 85 359
189 266 50
211 543 51 487 359
189 68 550 501 68 158 108 68 158 108 68 517 85
158 108 68 64 51 86 68 430 68 607 158 68 430
189 68 339 68 397 68 149 68 397 68 550 501 68 189 68 430 68 189 68 430 199 85 359
261 86 68 189 68 607 50 68 550 339 68 158 108 68 158 108
607 158 68 607 68 5 68 397 68 241 68 430 68 189 68 189 68 241 430 68 201 258 85 359
189 68 85 359 68 19 68 430 68 550 339 68 397
290 64 211
501 85 43 158 189
189 68 593 163 68 149 68 149 550 158 543 68 331 487 359
85 359 70 158
283 68 569 68 517 68 517 68 569 68 241 68 64 211 108
290 85
593 163 68 405 149 68 43 158 68 406 158 68 189 68 85 359 68 189 68 189 68 85 359
261 359
569 108 68 4 258 85
189 68 651 123 68 397
189 68 354 68 19 85 68 446 68 189 68 189 68 397 68 446 68 189 68 43 158 108 68 241 430 199
158 108 158 108
430 543 85 68 517 82
189 68 569 108 68 158 108 68 339 68 158 189
611 64 211 68 517
430 68 189 68 607 158 68 261 149 68 517 85 359 68 430 199
503 158
5 108 68 640 68 397
189 68 189 68 347 501 68 517 68 43 158 68 617 68 617
240 68 397 68 593 149 68 430 68 405 359
283 68 189 68 569 68 430 68 241 430 149 68 241 68 19 85
283 68 406 158 68 64 211 108
288 68 241 68 189 68 570 389 339 68 397 68 241 68 640 68 640 68 241 68 241 430 199
517 68 189 68 258 247 68 85 359 389 158 199
607 158 68 550 158 108 68 189 68 406 158 359 68 517 258
447 339
651 123 68 430 68 607 158 68 124 68 189 68 189 68 189 550 158 108
339 68 517 68 136 479 108
331 199 85 359 550 158 85 359
189 68 651 85
406 211
189 68 189 68 347 501 68 397 68 81 68 43 158 68 517
607 158 68 70 189
64 211 108 68 189 68 158 543 68 607 158 68 517 68 189 68 517 359 68 189 108
607 155
503 108
51 359 68 607 158 68 241 68 241
405 108 68 503 189 68 607 158 68 261 86
189 68 189 68 347 501 68 517 68 517 68 397
607 158 68 170 299 68 189 68 241 68 158 108 68 43 158
36 85 152
49 68 339 68 550 501 68 397 68 85 4 85 359 70 158 108
503 189 68 517 68 189 68 417 68 43 158 68 43 158 68 158 108 68 43 158
517 68 593 163 68 241 68 64 211 108 68 397 68 19 85 68 19 85
389 339 68 213 194 85
569 108 68 5 189
517 68 569 68 503 189 68 170
503 108 68 158 108 68 36 149 68 36 211 199
321 68 189 68 397 68 430 299 68 241 68 607 158 68 5 189 68 331 149 68 5 189 68 331 149
189 68 339 68 158 108 68 569 68 81
153 240
85 241 430 199 108
321 68 607 158 68 607 158 68 397 68 170 299 68 158 118
158 240 359 68 158 108 68 87 152
405 240
593 163 68 569 108 68 569 68 85 359 68 189 68 569 68 405 68 331 149 68 189
149 550 487 359
85 4 258 85 359
85 19 108 68 406 158 149 68 430 149
197 85
283 68 189 68 189 68 370 68 5 68 158 108
359 389 85 359 258 85
189 68 19 163 68 261 86 68 543 68 543 550 501 68 430 68 430
517
607 158 68 68 68 330 68 430 68 5
189 68 189 68 430 299 389 339
189 68 245 449 68 430 68 430 68 430
189 68 607 158 68 550 501 68 19 85 68 397 68 64 211 108
189 68 501 68 240 389 240 211 68 189
189 68 81 68 189 68 617
189 68 4 152 68 189 68 189 550 430 68 607 158 68 153 189
189 503 158 199 359
261 86 68 607 158 68 527 359 68 241 68 430 68 569 68 19 85 68 19 85 359 389 339
517 68 189 68 331
189 68 517 68 43 158 68 43 158 68 158 68 405
189 68 189 68 617 149 68 370 68 5 68 397 68 201 258 68 201 258 68 201 258 68 430 68 201 258 85 359 68 43 158 108 68 527 68 201 258 68 201 258 149 68 397 68 397 68 569 68 569 68 397 68 43 158 449 68 607 158 449
283 68 527 68 149 68 158 108 68 430 430
241
543 85 4 189
189 68 569 68 258 82 68 397 68 170 108
607 158 68 197 108 68 527 68 189 68 189 68 189 68 158 108 68 331 149 68 607 158 68 331
527 68 5 68 430 68 569 68 543 211 68 211 68 211 68 211 108
5 189 68 570 389 158 543 211 85
593 108 68 550 158 68 64 211
189 68 430 68 158 108 68 397 68 5 189
189 68 81 68 189 68 189 68 189 68 247 85 68 189 68 85
503 189 68 86 68 607 50
527 68 517 68 517 149 68 569 68 365 430 199
607 158 68 593 149 68 81 68 569 68 564 68 189 68 569 68 64 211 108
189 68 550 501 68 569 68 517 68 517 68 517 68 517 68 517 258
5 68 642 211 108 68 406 158 108 68 64 211
85 4
54 86
153 68 617 68 397 68 347 158 189 68 430 68
43 158 68 64 211
261 86 68 124
5 68 517 68 124 68 397 68 550 339 68 189 68 569 68 569 68 189 68 189 68 189 68 189 85 359
19 68 19 85 68 19 85
189 68 81 68 607 158 68 189 68 405 199 68 261 86
189 68 607 158 68 550 501 68 397 68 158 108 68 5 189 68 211 108
527 68 19 64
503 189 68 189 68 593 149 68 241 68 241 68 607 50 68 261 86
527 68 550 158 108 68 189 68 189 68 430 199
517
49 68 158 68 158 108 68 158 189 68 158 108 68 36 85 68 430 108
397 68 5 189
245 85 68 158 108 68 543 550 487
153 108 68 527 68 607 158 68 330 68 405 189 68 189 68 241 211 241
5 108
43 158
593 163 68 569 68 64 211 108
189 68 577 68 339 68 397 68 253 68 331 430 68 189
64 211 108 68 170 108 68 569 68 258
611 569 68 593 149 68 607 158 68 569 68 5 68 405 68 405 68 405 68 158 543
189 68 593 163 68 550 501 68 85 68 19 85 68 339 68 5 68 550 158 108 68 339 68 339 68 339 68 550 339 68 550 339 68 550 339
4
611 569 68 617 149 68 189 68 158 543 68 19 85 68 19 85 68 241 68 241 68 241 68 241 68 241 68 241 68 241 68 241 68 241 68 241 68 241 68 241 68 241 68 241 68 241 68 569 68 19 85 331 149 550 158 240 51 86 163 479 240 51 240 389 158 240 550 158 240 550 158 240 550 158 240 550 158 240 550 158 240 550 158 241 430 199 19 85 359 550 158 241 430 199 19 85 359 550
189 68 158 108 68 189 68 397 68 569 68 503 158 108
543 569 85
503 108 68 189 68 501 85 359 68 189 68 405 189 68
607 158 68 197 86 68 158 189 68 189 149
5 108
189 68 165 68 339 68 158 108 68 430 68 569 68 405 68 405 199 68 405 199
189 85 359 611 152
189 68 651 123 68 430 68 64 211 108
607 158 68 370 68 5 68 189 68 447 158 68 64 68 640 68 640 68 640 68 189 68 640 68 241 430 68 569 68 640 68 397
189 68 607 158 68 397 68 124
607 158 68 4 108 68 64 211 108
517 19
197 86 503 158 68 189 68 64 211
611 569 108
569 108 68 197 86 68 543 68 569 68 550 158 359
417
86 163 68 550 501 68 43 158 68 405 68 517
261 158 68 240 149
211 543
189 241 68 543 389 430
339 551
611 152
189 68 261 86 68 331 149 68 261 86 149 68 397 68 189 68 397
447 85 359
189 68 339 68 569 68 430 68 607 158 68 406 158 68 189 68 189 68 430 199
5 68 651 85 68 569 108
593 163 68 397 68 189 68 189 68 365 430 199
261 86 68 189 68 124 68 430 68 5 189 68 189 68 617
339 68 607 158 68 5 68 405 108 68 569
261 86 68 43 158 68 261 86 68 189 68 170 149
87 68 607 68 81 68 5 68 170 108 68 189 68 85 152 550 158 108 68 331 149
258 108
19 85 68 36 149 68 241 68 189 68 189 550 158 543
189 258 222 68 640
64 211 108 68 569 68 397 68 85 152 68 430 68 397 68 569 68 569 68 189 266 158 118 68 189 68 189 550 501 85 359
189 68 607 50 68 397 68 321 240 68 189 68 430 68 607 158 68 550 158 108
283 68 569 68 569 68 240 550 158 108 68 5 189 68 85 359 68 85 359 68 85 152 68 5 189 68 85 359
339 68 447 158 240 299 85 359
189 68 64 211 68 189 68 189 68 189 68 405 108 68 569 68 405 108
607 158 68 593 149 68 36 85 68 158 189 68 158 189
430 241
607 158 68 347 501 68 189 68 447 158 543 68 430
189 389 85 359 550 158 118 68 211
397 68 79 430
607 158 68 550 501 68 189 68 241 68 4 240 211 108
5 68 189 68 189 68 153 189 108
283 68 19 85 68 158 108 68 406 158 118
283 68 136 158 108 68 19 85 68 19 85 68 189 68 397 68 397
153 240 68 593 108
569 68 258 359 68 517 82
189 68 550 158 543 68 288 68 569 68 19 85 68 64 211 108
607 158 68 593 163 68 68 36 211 149 68 607 158 68 569 68 331 149 68 241 68 241 68 241 68 241 430 149
283 68 527 68 149 68 19 85 68 158 543 211 543 211 108
517 85
517 68 651 123 68 43 158 68 517 258 189
447 158 543 68 158 108 68 430 68 5
189 68 607 68 85 359 68 158 543 211 543
189 68 607 158 68 550 501 68 397 68 158 108 68 607 158 68 5 68 43 158 68 5 189 68 240 211 108 68 550 501 68 550 339 68 5 189 68 642 211 149 550 501 68 550 339 68 607 158 189 68 607 158 189 68 607 158 189 68 607 158 189 550 339 551
290 258 359
85 359
153 189 68 261 86 68 339 68 517 68 189 68 640 68 397 68 5 189 68 640 68 607 50
593 108 68 197 86 68 430 68 339
211 543 211 85 68 85 517 359
149 550 479 241 359
189 68 430 68 430 68 149 550 158 108 68 189 68 189 68 189 68 189 550 487
607 155 68 85 359 68 569 68 569 68 550 501 68 149
189 68 651 123 543 68 158 108 68 158 240
397 68 261 86
593 163 68 359 68 189 68 570 211 108 68 211 68 85 68 87 68 85 152 68 5 189 68 152 68 5 189 68 330 152 550 158 543 550 501 68 321 247 85
189 68 607 68 19 68 81 68 430 68 240 550 158 108 68 430 68 43 158 118
607 158 68 124 68 607 158 68 617 149 68 189 68 347 501
158 108 68 569 68 158 108 68 36 211 199 68 569 68 241 68 64 211 108 68 241 430 68 241 430 199
261 158 108 258 85
261 86 503 158 108
261 86
153 108 68 189 68 189 68 527
607 158 68 81 68 70 189 68 158 68 527 359
607 158 68 593 149 68 19 85 68 158 108 68 397 68 85 359 68 189
503 158 68 339 68 607 158 68 70 189 68 64 211
43 158 199
283 68 158 108 68 569 68 405 68 405 68 64 211 108 68 569 68 430 108 68 430 108
19 68 593 163 68 189 68 64 550 85 68 241 68 569 68 85 359
501
189 68 81 68 149 389 149
577 68 569
642 149 68 397 68 85 4
607 68 543 550 158 85
189 68 607 158 68 85 359 68 189 68 405 68 517 68 189 68 201 258 149
550 479 68 64 211 108
189 68 607 68 397 68 430 68 197 86 68 370 68 189 68 70 158
283 68 189 68 170 108 68 85 359 68 331 430 68 430 68 430 68 430
189 68 569 108 68 430 68 64 211 108 68 430 68 569 68 19 85 68 241 68 430 108 68 241 68 241 68 189 550 158 118
189 68 339 68 430 68 189 68 570 389 158 108 68 430 68 430 68 430 68 189 68 430 68 430 68 189 68 189 550 158 189 68 331 430 68 331 149 550 158 189 550 158 189 68 189 68 331 487 359 51 86 163 189 550 158 449 68 331 487 359 389 158 189 550 158 240 389 158 449 68 70 158 449 68 331 430 199 194 82 152 550 158 199 222 199 222 570 389 158 359 550 158 118 68 70 158 108
189 68 430 359 68 331 68 241 68 158 108 68 87
197 86 149 389 85
550 339
85 517 359
189 68 189 68 550 501 68 240 211 108 68 189 68 153 189
607 158 543
276 85 359
288 68 170 211 68 189 68 158 359 68 339
241 149
543
651 123 68 158 108 68 240 211 68 241 68 241 68 241 68 241
607 158 68 593 149 68 19 68 189 68 397 68 5
189 68 607 68 397 68 81 68 569 68 569 68 64 211 108 68 569 68 569 68 430 108
611 240 211 108
261 86 68 124 68 19 85 68 19 68 19 85 68 5 68 430 68 430 199
149 550 158 543
607 158 68 607 158 68 211 359
283 68 517 258 85 359 211 359
85 290 213 211
503 189
245 85
189 68 85 68 158 108 68 617
43 158 68 245 449 68 607 158 68 430 68 149 68 331 430 68 569 68 617 68 70 158 68 70 158
189 68 81 68 241 68 189 68 331 487
607 158 68 370 68 5 68 189 68 447 158 68 321 569 68 158 108
189 68 19 163 68 261 86 68 543 68 543 550 501 68 430 68 430
189 68 211 68 339 68 331 199
417 85 359 68 158 240 359 68 85 359
430 359 258
241 359
64 211 108 68 501 85 517 258 149
5 569 68 359
51 86 68 149 68 36 149
189 68 43 158 68 397 68 397 68 501 85 517 222 68 339
405 501
189 68 607 158 68 550 501 68 397 68 158 108 68 430 68 241 68 241 68 241 430 68 241 430 299
261 430
86 163 68 550 501 68 189 68 197 86 68 5 108
430 543 389 158 543 68 64 211
189 68 189 68 617 68 64 211 108 68 517 68 517 68 569 68 607 50
189 68 283 68 593 149 68 158 108 68 64 211 258
607 158 68 70 189
85 359
593 163 68 149
405 359
258 85 68 593 149 68 607 158 68 85 359 68 189 68 189 68 189 68 189 68 189 68 241 359
283 68 607 158 68 593 149 68 189 68 19 85 68 569 68 85 359 550 158 108
5 68 81 68 397 68 640 68 241 68 189 68 569 68 569 68 19 85
607 158 68 5 189 68 503 339 68 189 68 339 68 189 550 158 199
283 68 245 449 68 607 50 68 189 68 158 108 68 19 85 68 19 85 68 5 189 149
258 68 593 149 68 241
607 158 68 550 339 68 397 68 331 68 85 359
189 68 64 211 68 240 211 189 68 189
189 68 339 68 397 68 517 68 517 68 189 68 64 211 108 68 64 211 108
158 108 550 339
569 68 211 607 158 68 189 68 406 155
447 85 359
64 211 68 569 68 85 4
503 189
240 149
276 85 68 527 68 158 108 68 19 68 5 68 19 85 68 158 108 68 19 85 68 158 189
189 68 158 543 68 158 240 68 64 211 68 550 158 240 68 241 68 241
189 68 607 50
527 68 64 211 258
153 108 68 189 68 189 68 527
607 158 68 607 158 68 241 359 68 189 68 447 158 108
258 85
405 85 359
543 70 158 68 85 149 68 19 85 68 430
517 68 64 211 108
503 189 68 517 68 189 68 417 68 430 149 550 158 108
189 68 240 211 240 359 68 339 68 189 68 189 68 189
261 158 543 68 347 158
261 86
517 359 68 5 68 517 85 359 550 158 118 68 241
503 189 68 527 68 370 68 189 68 81
640 68 569 108 68 189 68 189 68 213 211 85 359
189 258 189
189 68 241 68 5 189 68 70 189 68 189 68 19 85 68 19 85
569 108 68 170 68 607 158 68 4 68 5 68 64 211 108
430 199 68 189 68 85 517
607 158 68 593 149 68 607 158 68 543 550 158 68 611 189
5 189 211
189
149 550 85 68 365 430 199
153 68 158 68 19 68 81 68 189 68 430 68 430 68 5 189 68 261 86 68 261 86 68 19 85 68 261 86 68 261 86 68 261 86 68 261 86 68 261 86 149 68 261 86 68 261 86 85 359 51 86 149 51 86 149 51 86 68 261 86 449 68 261 86 85 68 607 158 283 551 68 19 85
593 163 68 81 68 189 68 331 430 68 331 430 68 569 68 19 68 19 85 68 70 158
189 68 81 68 158 240 68 158 108 68 339
170 334
261 86 68 593 108 68 158 108 68 19 85 68 339
64 211 108 68 339 68 640 68 241 68 19 85 68 19 85
189 68 607 158 68 607 158 68 517 68 517 68 397 68 569 68 503 158
447 85 359
43 158 68 503 189 68 339 68 158 543 68 158 543
189 68 189 68 347 501 68 397 68 85 4 85 68 158 108 68 64 211 108 68 430 68 430 68 189 68 189 68 189 550 339
593 163 68 397 68 189 68 189
213
607 158 68 607 158 68 240 68 241 68 241 68 640 68 5 108
430 359 258
517
64 211 108 68 170 108 68 640 68 241 430 85
261 86 79 155
189 68 189 68 347 501 68 517 68 43 158 68 43 158 68 43 158 68 43 158
611 85 149
503 339 68 607
503 339
283 68 331 149 68 85 4 240 68 19 85 68 405 108
261 86 68 43 158 68 651 123 68 19 85
607 158 68 85 152
64 211 108 68 397
290 258 68 430 68 430 199
153 240
170 240
85 149 550 487 359 68 64 211 108
503 108 68 158 108 68 36 149 68 36 211 199
189 68 189 68 397 68 569 68 640 68 397 68 640 68 569 68 405 199
189 68 64 211 108 68 397 68 19 85 68 19 85 68 19 85
607 158 68 54 86 68 189 68 189 68 569 68 430 68 550 158 108 68 397 68 397 68 189 68 189 68 189 550 339
321 569 85
189 68 593 163 68 397 68 241 68 241 68 189 68 64 211 108 68 64 211 108
447 158 543 68 158 108 68 430 68 5
54 86
85 359 550 487
607 158 85 359
642 149 68 397 68 85 4
406 339 68 550 155
417 85 359
447 158 108
397 68 213 550 158
330 149 550 158 108 68 64 211
611 51 86 68 607 158 189
607 158 68 189 68 577 68 569 68 19 85 68 447 158 108 68 430 199
593 163
517 211 189
5 189 68 359 68 136 479
503 158 359
288 68 85 152 550 501 68 607 158 68 397 68 569 68 397 68 64 211 108
593 163 68 430 68 430 68 241 68 19 85 68 19 85 68 569 68 19 85
517 19 68 124
189 68 607 158 68 569 68 85 152 68 19 85 68 64 211 108 68 64 211 108
189 68 617 68 189 68 189 68 550 158 199
64 211 108 68 503 339 68 347 158 68 43 158 68 517
503 189 68 54 86 68 189 68 397 68 347 501 68 397 68 370 68 397 68 397 68 397 68 397 68 397
189 68 189 68 550 501 68 158 108 68 43 158 108
189 68 593 163 68 158 240 68 189 68 569 68 85 359 68 81 68 19 85 68 430 199
19 152 68 593 149 68 569 68 569 68 517
189 258 68 517 85 359 406 158 118
86 163 68 365 430 68 5 68 569 68 405 149 68 405 149
85 5 189 611 85 359
64 211 108 68 517 359 68 517 68 569 68 430 68 430 68 430 68 430 199
569 68 430 149 68 517 68 253 359
19 152 68 36 149
397 68 397 68 197 86 85
149 550 158 543
64 211 108 68 569 68 85 152 68 550 339 68 517 68 517 68 569 68 517
189 241 430 213
87 68 124 68 339 68 339 68 189 68 189 68 70 189 68 70 189
321 68 189 68 607 50
417
430 359 68 189 68 189 68 85 170 108
197 85
189 68 197 86 108 68 527 68 607 158 68 406 155 149
283 68 158 108 68 36 85 149 68 430 199 85 359
527 68 607 158 68 527 359 68 189 68 64 211 108 68 569 68 501 68 569 68 64 211 108 68 569 68 569 68 569 68 64 550 501 85 152
211 85 359 68 430 299 258 85
158 108 68 593 149 68 19 85
611 51 359
543 70 158 68 339 68 517
607 158 68 607 68 607 158 68 290 85 68 189 68 189 68 241 68 241 430 68 241 430 68 241 430 241 430 241 430 241 430 241 68 241 68 241 68 241
397 68 241 68 640
397 68 527 68 607 158 68 64 211 108 68 241 68 5
189 68 189 68 347 501 68 397 68 405 68 430 68 430 359
158 199 389 339
406 339 68 550 155
543 389 85 68 593 163 68 321 247 68 241 68 569 68 19 85 68 19 85 68 5 189
503 189 68 517 68 607 158 68 430 68 569 68 81
245 64 211 108
189 68 527 68 370 68 189 68 81
607 158 68 593 149 68 607 158 68 543 550 158 68 543
189 258
607 158 68 197 108 68 85 68 527 68 189 68 189 68 19 85 68 19 85
85 447 430
64 211 108
241 149
607 158 68 527 68 189 68 527 359
430 611 51 86 68 149 68 543 389 85 359
430 211 68 550 487 543 68 189 503 189
5 189
189 68 347 501 68 189 68 189 68 158 108 68 607 158 68 5 68 550 339
82
543
19 85 68 170 152
189 68 607 158 68 517 68 405 68 517 68 517 68 569 68 81 68 397 68 569 68 569 68 569 68 569 68 569 68 569 68 569
87 68 189 68 347 501 85 359 389 339
321 68 607 158 68 607 158 68 397 68 170 299 68 158 118
503 108 68 430 68 527 359
189 68 189 68 550 501 68 339 68 550 158 108 68 550 501
607 170 68 517 68 211 68 158
19 163 68 406 85 359 68 158 108 68 617
283 68 527 68 370 68 68 68 241 68 640 68 569 68 19 85
5 68 211 194
189 68 283 68 370 68 569 68 405 68 405 68 640 68 569 68 569 68 569 68 85 359
527 68 569 68 211 68 569 68 517 82 68 569 68 517 359 68 569 68 517
607 158 85 321 247 68 501 85 406 158 118
347 158 64 211 68 149 211 108
397 108 68 569 68 430
447 158 85 359 68 241 68 64 550 158
569 68 5 189 258
611 569 68 593 149 68 640 68 569 68 550 158 108 68 5 189 68 85
503 339 68 347 158
405 68 611 189 68 517 359
550 430 68 5
405 68 85 240 389 479
607 158 85 359
611 240
503 189 68 517 68 569 68 241 430 68 241 68 517 68 189 68 64 211 108 68 189 68 189 68 189 68 189 550 158 543 550 339
569 68 19 108 68 405 68 189 68 189 68 85 359 68 569 68 569 68 397 68 85 152 68 405 68 397 68 85 359 68 397 68 397 68 149 550 501 85 359
339 551
189 68 5 68 288 68 85 4 258 68 430 68 5 189
503 158 149 68 64 550 158 108
189 68 258 68 189 68 550 501 85 359 68 189 68 189 68 365 430 199 68 189 68 189 68 189 241 68 189 68 189 241 68 189
85 569 108
43 158 68 189 68 577 68 158 240 68 158 240
189 68 607 158 68 550 501 68 430 68 430 68 64 211 108 68 64 211 108
258 222 222
189 68 85 359 68 85 123 194 108
593 163 68 405 68 158 108 68 158 240 211 240 68 64 211 108
64 211 108 68 241 68 607 158 68 19 85
189 68 81 68 158 68 158 543 211 68 81 68 640 68 640
189 68 430 68 158 108 68 339 68 85 359
153 68 240 68 569 68 170 108 68 170 149 68 5 68 370 68 370 68 5
5 108 68 430 64 211 85
158 85 359 70 158
211 543
189 389 85 359 389 158 118 68 211 543 68 211 85 68 211 390
283 68 593 163 68 85
593 163 68 189 68 611 85 359 550 158 118 68 241 68 241 68 241 430 68 241 430
503 189 68 517 68 189 68 417 68 189 68 640
503 108 68 158 108 68 569 68 430 68 517
213 211
283 68 245 449 68 158 108 68 5 68 86 149
501 85 447 158 118 68 607 158 359
347 158 68 45 149 68 397 68 503 158 68 339 68 70 158
397 199 85
321 68 189 68 64 211 68 19 85 68 569 68 158 108
611 569 68 593 149 68 339 68 339 68 79 158 240
397 68 54 86 68 64 211
503 189
550 501 68 5 68 64 211 108
405 152
87 68 124
607 158 68 550 158 149 68 569 68 158 189 68 607 170
43 158 68 607 68 607 158 68 550 501 68 569 68 550 158 543 68 81
149 51 86 68 503 189
189 68 430 68 211 199 149
593 163 68 19 68 189 68 189 68 501 68 517 68 397 68 397 68 189 68 85 359
258 189 68 347 501 68 189
261 86 68 124
64 211
550 86 68 607 86
64 211 108 68 607 68 397 68 149
397 68 527 359
543 258 189 68 430 299 85 359
321 247 85
607 158 68 158 68 158 189 68 5 189
189 68 430 68 241 68 240 550 487 149 68 189 68 189 68 617 149 68 241 68 241 68 241 359
607 158 149 68 189 68 189 19
405 68 405 108
339 68 550 501 68 569 68 19 85 68 430 68 607 158 68 607 158
359 70 158
447 85 359
503 108
569 108 68 189 68 189 68 321 247 68 405 68 19 85 68 158 108 68 70 158
19 85 359
503 158 359
405 258 68 158 108 68 64 211 108
86 163 68 550 501 68 397 68 550 501 68 550 158 543 68 158 543 68 430 68 430
607 158 68 593 108 68 569 68 241 359
527
503 158 85
261 86 68 43 158 68 283 68 189 68 70 189
189 68 339 68 430 149 68 397 68 405 68 158 108 68 201 258 149 68 43 158 68 430 199
283 68 607 158 68 397 68 19 68 397 68 397 68 5 189 68 569 68 430 199
211 108 68 430 149 68 247 85 68 170 299
501 85 611 189 68 158 108 68 124 68 430 68 64 211 108
517 85 359
43 158 68 199 68 5 189
261 86 503 189
189 68 197 86 108 68 527 68 607 158 68 607 158 68 189 68 81 68 397 68 569 68 543 550 158 68 569 68 569 68 569 68 569
321 247 211 543
550 158 199 68 347 158 213
569 108 68 430 68 158 189 68 189 68 81 68 189 68 397 68 189 68 189 68 85 359 550 158 118 68 189 68 189 266 158 543 550 158 543 550 501 85 359
593 163 68 85 359 68 19 85 68 19 85 68 569 68 569 68 550 158 108
189 68 124 68 54 86 149 68 503 158 108 68 569 68 569 68 569 68 19 85 359
197 86 70 158
19 85 359
405 149 389 149
261 86 68 607 68 189 68 189 68 397 68 517 68 406 501
158 240 299 68 158 108 68 5 189
569 108 68 430 68 158 108
611 85 359 68 85 359 389 339
321 240 68 517 68 446 85
503 108 68 189 68 569 68 158 108 68 158 108 68 339 551 68 397 68 339
607 158 68 197 86 85 68 19 85 68 189 68 189 68 245 449 68 607 158 68 85 152 68 607 158 68 607 158 68 617 149 550 158 68 617 149
611 240
19 85 68 85 240 149
430 611 189 68 64 211
189 68 189 68 347 501 68 397 68 241 68 430 68 430 68 430 68 430 199 68 430 199
189 68 4 152
550 339 68 189 550 158 543 68 397
283 68 19 85 68 430 68 189 550 487 359
503 108 68 189 68 569 68 213 550 501 68 517 359 68 517 359
290 258 149
503 189 68 283 68 607 158 68 527 359 68 189 68 607 50
136 479
211 543 550 487 149
501 85 517 68 158 108
5 70 158 68 64 211 108
569 68 397 68 189 68 189 68 189 68 241 68 640 68 640
405 68 640 68 43 158 68 261 86
211 211 85
245 359 68 640
197 86 149 68 189 68 85 4
577 68 241
158 64 51 85
527 68 569 68 64 211 108 68 430 68 430 68 189 68 569 68 617 68 189 68 85 152 68 189 68 189 68 189 550 85 331 430 68 617 149
527 68 5 68 211 68 430 299 68 430 299
283 68 550 86
189 68 189 68 347 501 68 397 68 158 108 68 158 543 211 543 211 108
283 68 339 68 5 68 36 149 68 397 68 19 85
430 199
503 189
170 199
54 86 68 189 68 189 550 339
611 569 68 5 68 397 68 397 68 550 339
611 85 4
189 68 607 158 68 607 158 68 240 68 64 211 108 68 569 68 517
211 213 211 543
64 211 108 68 569 68 189 68 347 501 85 359
189 68 261 86 68 397
607 50 68 593 163 68 189 550 487 149
261 158 240 68 417 68 19 85 68 19 85 68 397
479 406 299
43 158 68 607 68 611 189 68 70 189 68 569 68 85 359
517 85
527 68 607 158 68 430 68 158 108 68 517 258
261 86 68 607 68 189 68 397 68 517 68 569 68 569 68 405 108 68 405 68 405 68 405 68 569 68 569 68 569 68 569 68 405 449
405 85 4 240 359
189 68 569 68 85 517 68 43 158 68 430 68 397 68 189 68 189 550 158 108 68 189 68 189 68 189 550 158 108
64 211 68 245 449
19 85 68 36 149 68 241 68 43 158 68 570 389 199
51 570 68 503 189
211 199 68 261 86
397 68 189 68 331
189 68 5 68 189 68 640 68 241 68 85 4 240 211 68 640 68 189
5 68 640
593 108 68 158 108 68 550 158 68 617 68 397 68 339 68 339
607 158 68 607 68 5 68 503 339 68 339 68 189 68 189 68 189 550 158 199
607 158 68 5 68 331 68 158 240 68 64 211 68 189 68 64 211 108
51 487
189 68 170 299 68 19 240 211 68 240 211
593 163 68 527 68 189 68 253 68 85 359
189 68 397 68 397 68 170 108 68 170 108 68 241 68 241
189 68 288 68 430 149 68 430 149 550 158 68 189 68 517
517 68 593 163 68 158 108 68 397 68 503 189 68 85 359 550 487 359
517 85 64 149
607 158 51 149
607 158 68 593 149 68 607 158 68 19 240 68 241 68 321 247
527 68 607 158 68 607 158 68 240 211 68 290 68 569 68 405 68 70 189 68 70 189 68 70 189
261 86 68 124
85 359
158 85 359 68 240 211 108 68 241
503 108 68 550 339 68 19 85 68 19 85 68 64 211 108
211 199 68 189 68 517 85
245 64 211 108
189 258 82
197 86 68 607 158 68 339 68 569 68 64 211 108
290 258 68
607 158 68 593 149 68 19 85 68 331 430 68 241 68 241 68 241 430 199
527 68 607 158 68 68 82 152 68 430 68 43 158 68 43 158
611 51 86 68 607 158 189
43 158 68 607 68 189
245 449 68 81 68 158 543 68 5 108 68 397
397 108 68 70 158
245 449 68 370 68 405 68 517 68 517 68 64 211 108 68 189 68 189 68 189
189 68 607 158 68 517 68 241 68 241 68 517 68 517 68 517 359 68 517
397 108 68 85 359 550 339 68 85 359 389 158 118
405 359
593 163 68 503 158 68 339 68 607 158
607 158 68 527 68 64 211 108
261 86 68 43 158 68 45 149 68 430 68 5 189 68 430 68 201 258
503 189 68 86 68 86 68 19 68 397 68 517 68 189 68 517
569 68 406 501 68 430 68 158 108 68 5 68 397 68 397
189 240 359
347 501
611 569 68 86 68 81 68 5 68 430 68 5 189 68 405 108
85 290
283 68 136 158 108 68 19 85 359
397 449
79 158 108 68 642 68 64 211 517 359
85 593 211 189 68 607 158
283 68 607 158 68 593 149 68 241 68 241 68 5 189 68 85 152 550 158 108
569 68 550 501 85 68 339 68 503 189
189 68 81 68 397 68 397 68 85
607 158 68 211 543 211 543 68 397 68 5 108
569 68 405 68 213 68 617 68 189 68 617 149 68 640 68 640 68 640
569 108 68 347 158 258
607 158 68 258 68 607 158 68 5 68 85 152
569 68 189 68 390 68 241 68 241 68 430 68 430 68 430 68 430 68 430 199 85 152
261 86 68 569 68 503 158 108 68 569 68 5 108
43 158 68 607 158 68 347 501 68 158 108 68 569 68 517 85
607 158 68 550 339
283 68 339 68 5 68 36 149 68 19 85 68 189 68 607 479
607 158 68 19 240 68 640 68 189 68 245 449 68 64 211 108
124
503 189 68 607 68 569 68 170 108 68 124
241 68 593 163 68 70 158
189 68 5 189 68 430
189 68 430 68 430 68 543 211 68 170 211 68 607 158 118
550 152
85 4 240 68 406 158 108
607 50 68 577
517 543 389 85
261 86 68 124 68 124 68 189 68 247
170 85
211 68 153 189 149
607 158 68 240 68 640 68 640 68 64 211 240 68 64 211 108
347 501
189 68 569 108 68 158 108 68 331 430 68 43 158 68 189 68 189 68 189 68 189 550 158 118 68 189 68 189 550 501 85 152
64 211 108 68 211 543 68 430 68 430 68 430 68 569 68 430 199 68 517
261 158 543 68 347 158
54 86 68 405 68 158 543 68 607 158 68 81 68 607 158 68 607 158
153 108 68 189 68 189 68 527
5 189 68 406 501 68 5 189 258
283 68 607 158 68 593 149 68 19 85 68 640 68 569 68 253
245 258
261 86 68 607 68 189 68 64 211 240
43 158 68 607 68 577 68 158 68 517 68 430 68 261 86
197 86
607 158 68 153 189 68 642 68 607 158 68 136 479
189 68 569 68 5 189 68 158 108
607 50 68 397 68 550 501 68 640
158 85 359 389 479 68 189 550 158 189 211 189
43 158 68 211 68 158 108 68 331 149 68 5 189 68 64 211 108
261 86 68 43 158
283 68 339 68 5 68 593 163 68 517
569 108 68 5 189
430 199
503 108
527 68 261 86 68 5 68 158 68 617 68 640 68 640
211
397 68 85 240 550 158 108
158 199
85 290 258
189 68 189 68 617 68 5 189 68 241 430 299 68 189 68 189 68 189 266 158 118
607 50
503 108
189 68 359 68 569 85
189 68 5 68 397 68 397 68 397 68 569 68 85 359 550 158 108
430 85 359
189 68 339 68 397 68 124 68 503 158 359
611 569 68 593 149 68 517 68 189 68 430 149
517 85 359 68 517 85
503 189 68 527 68 569 68 64 211 108 68 189 68 189 550 158 108
527 68 261 86 68 5 68 158 68 617 68 640 68 640
359
430 68 527 359 68 85 359
170 108 68 430 299 68 389 85 359
569 68 527 68 527 68 517
49 68 158 68 405 149 68 237 149 68 607 158 68 189 68 189
503 108
517 211
607 158 68 593 149 68 607 158 68 550 158 68 241 68 241 194 108 68 5 189 68 5 189
241 68 85 359 68 70 158
607 158 68 593 149 68 607 158 68 81 68 189 68 261 86
607 158 68 593 163 68 189 68 189 68 550 501 68 359 68 501 85 359 68 339 551
64 211 68 651 123 68 283 68 70 158 108
189 68 527
261 158 240
86 163 68 550 501 68 189 68 501 85 152 68 189 68 85 68 241 68 241 68 241 430 199
607 158 68 527 68 607 158 68 149 68 149 68 607 158 68 607 50
607 158 68 593 163 68 446 82 68 640 68 640 68 397 68 517 118
283 68 64 211 108
85 430 543 550 158 118
430 199
189 389 85 359 389 158 118 68 211
189 68 189 68 347 501 68 397 68 85 359 68 158 108
503 189 68 189 68 68 68 68 68 331 487 359 68 569 68 189 68 189 68 189 68 189 266 158 108
503 108
397 68 85 359
569 108 68 70 158 149
189 68 64 211 68 189 68 189 68 347 501 68 569 68 405 108
611 64 211
607 158 68 54 86 68 189 68 397 68 189 68 189 68 189 68 189 68 189 68 189 68 189 68 189 85 359 389 158 108
19 163 68 85 359 68 85 359 68 19 85 68 189 68 569 68 64 211 108 68 569 68 64 211 108 68 569 68 569 68 64 550 430 68 321 240
569 68 85 240 68 189 68 430 68 550 158 85 359
64 211 108 68 189 68 85 359 389 158 359 68 189
4 85 241
189 211 199 68 241 359
503 339
607 158 68 593 149 68 607 158 68 81 68 189 68 189 68 189 68 189 241 430 299
607 155
4 85 359
64 211 108 68 397 68 397 68 19 68 19 68 430 68 5 189 68 430 68 430 68 430 68 70 158 108
85 359 70 158
189 68 527 68 517 68 189 68 189 68 347 501
54 86 68 397 68 70 158 108 68 569 108
527 68 607 158 68 593 163 68 550 501 68 397 68 19 85 68 241 68 241 68 241 68 241 68 241 68 241 430 199
405 85 4 240 359
611 85 359 550 339 68 189 68 397 68 331 149 68 241 68 241 68 241 68 241 68 241 430 199
283 68 158 108 68 569 68 569 68 85 359 389 339 68 189 68 189 68 189 68 189 68 189 426 339 68 189 85 359 550 339
153 68 430 68 430 68 405 68 247 68 189 68 189 68 70 158
258 85 68 86 163 68 617 149 68 397 68 189 68 64 211 108 68 64 211 68 64 211 108 68 64 211 108 68 189 68 189 68 331
43 158 68 570 389 158 68 64 211 108
211 85 359 68 397
85 4
617
51 86 68 617 68 36 85 68 87 449 68 517 68 640 68 640
503 339 68 158 108 68 36 149 68 261 86
527 68 550 158 108 68 189 68 189 68 430 199
158 108 68 527 68 149 68 158 108 68 430
503 339
36 85 152 68 241 430 149
19 163 68 550 85 68 189 68 85 359 68 19 85 68 569 68 405 108 68 43 158 68 64 211 108 68 569 68 569 68 569 68 85 359
607 158 68 240 211 68 261 86 68 503 158 108 68 607 50
43 158 68 258 68 5 68 339
527 68 19 163 68 543 211 68 82 68 397 68 5 189 68 70 158
258 85 68 54 86 68 607 158 68 607 158
158 108
85 5 189 68 642 211
64 211 108 68 397 68 397 68 19 85
503 108 68 189 68 569 68 211 85 359 68 517 68 569 68 517 258 149 68 405 68 405 149
19 152 68 36 149
447 158 359
189 68 527 359
330 359
86 163 68 365 430 68 5 68 569 68 397 68 19 85 68 405 68 405 68 397 68 405 149 68 543
517 85 261 86 85 4 258 85
503 108 68 189 68 569 68 64 211 240 359 68 5 189
283 68 543 550 158 149 68 397 108 68 5 108
153 240
87 68 189 68 189 68 241 68 43 158 68 406 501 68 397 68 607 50
321 68 189 68 607 50
85 290 213 211
19 152 68 593 163 68 158 108 68 64 211 108 68 339
189 68 527
370 68 5
5 569 108
85 170 68 149 550 158 108
321 189
397 68 258 149 68 64 211 108
189 68 81 68 397 68 158 152 68 607 158 68 189 68 64 211 108 68 64 211 108
261 86 68 607 158 68 527 68 189 68 189 68 81 68 607 158 68 397 68 607 158 68 607 158 68 5 68 5 68 81
607 158 68 527 359 68 19 85 68 158 189 68 607 158 189
607 68 189 68 70 189 68 189 68 189 550 501 68 241 68 241 68 241 68 430 68 430 68 241 68 241 68 241 430 199
569 68 64 211 108 68 397 68 189 68 189 550 158 118 68 189 68 189 68 189 68 189 68 189 68 189 550 158 543 550 501 85 152
85 68 527 68 189 68 397 68 397 68 389 339 68 189 68 70 189
158 199 389 339
607 158 118 68 189 550 487 149 68 189 550 487 359
197 86 68 607 68 189 68 430 359 68 189 68 347 158 118 68 430 68 430
189 68 189 68 347 501 68 397 68 189 68 397 68 569 68 85 359 550 158 108
527
5 68 81 68 397 68 405 68 569 68 64 211 108
261 86 68 607 68 189 68 339 68 651 123
283
611 211
607 158 68 527 68 64 211 108
611 64 211 68 517
197 85
517 85 359 68 517 85
607 158 68 607 68 607 158 68 189 68 189 68 640 68 19 85
651 123 68 430 68 158 189 68 158 189
397 108 68 70 158
149 389 339 68 359
339 359 389 339
124
261 86 68 43 158 68 19 85 68 158 108 68 189 68 189 68 331 149 68 241 68 241 68 241 68 241 68 241 68 241 68 241 68 241 68 331 149 550 158 240 550 339
405 152
569 68 430
189 68 607 158 68 607 158 68 430 299 68 339 68 5 68 43 158 68 43 158 68 43 158 68 43 158
503 158 68 517 68 124 68 397 68 397 68 253 68 607 158 68 321 569
36 85 152 211 108 68 430 149 550 158 118
241 64 211 108
607 158 118 68 550 158 189
261 86 68 158 68 331 430 68 64 211
607 158 68 593 149 68 607 158 68 543 211 68 331
593 163 68 290 68 158 189 68 607 158 68 430 299 68 189 68 189 68 189 426 569 68 85 359
153 108 68 189 68 569 68 517 258 149 68 43 158 68 85 68 64 211 108
247 213
397 68 54 86
607 158 68 527 68 189 68 640 68 370
593 163 68 241 430 359 68 64 211 108
43 158 68 607 68 5 68 397 68 397 68 5 189 68 253 359
261 86 68 43 158
189 68 81 68 158 543 68 189 68 189 68 640 68 158 108
276 85 503 158 68 189 240 550 158 108
527 68 189 68 211 543 68 397 68 85 517 85 68 189 68 64 211 108
158 543 68 569 68 569 68 64 211 240
158 108 149 68 253 68 240 211 68 240 211
5 569
517 82
19 85 68 85 240 149
189 503 158 199 85 359 68 189 550 158 108
261 86 68 607 50 68 85 359 389 158 108
527 68 517 68 517 149 68 569 68 365 430 199
197 86 68 247 85 68 189 68 19 85 68 517 68 430 68 211 543 211 68 64 211 543
5 189 258 359
189 68 253 68 189 258
4
189 68 64 211 108 68 397 68 19 85 68 261 86 68 430 68 569 68 430 68 430 68 430 68 430 68 189 68 189 550 430 68 617 149 550 339 68 617 149 550 339 68 261 86 68 569 68 261 86 68 261 86 163 68 569 68 617 51 86 449
189 68 189 68 550 501 68 189 68 189 68 189 68 617
261 86 68 527 68 607 158 68 607 158 68 261 86 68 569 68 64 211 108
261 86 68 124 68 607 158 68 569 68 430 68 64 550 158 108 68 640 68 241
197 359
527 68 607 158 68 611 68 64 211 108 68 430 68 430 149 550 158 118
86 163 68 550 501 68 397 68 397 68 397 68 397 68 70 158 68 70 158
87 68 81 68 245 449 189 108
189 550 359 389 339
543 51 85
189 68 87 68 405 85 359 389 158 199
189 68 397 68 85 347 158 108 68 405 68 19 85 68 19 85 68 241 68 430 199
19 213 211
550 158 194
569 68 64 211 108 68 158 108 68 241 68 240
245 64 211 108
245 240
85 359
189 68 189 68 347 501 68 397 68 241 68 517 85 359 68 19 85 68 43 158 68 339
85 241 359
593 108 68 189 68 85 359 68 569 68 640 68 517
397 68 430 550 158
607 158 68 593 163 68 85 4 149 68 19 85 68 158 108
189 68 543 68 213 211 389 339
153 189 68 651 123 68 430 68 569 68 365 430 199 68 569 68 241 430 199
5 189 85 359
158 543 149 68 569 68 158 108 68 5 258
261 86 68 124
261 86 68 43 158
19 85 68 430 68 550 158 108 68 283
397 415 543 51 149
43 158 189 550 487
153 108 68 430 68 430 68 189 68 331 487 359 68 397 68 189 68 397
153 68 359 68 569 68 339 68 170 68 87 68 503 158 108
550 158 155
569 68 81 68 430 68 430 299 85 68 19 85 68 430 68 19 85 68 430 68 569 68 19 85 359 68 19 85 359 550 339
607 158 68 189 68 417 68 189 68 397 68 640 68 397 68 640 68 397 68 397 68 611 51 86
85 152
607 158 68 593 149 68 607 158 68 550 158 68 245 449
503 108 68 5 68 406 501 68 189 68 607 479
517 85
517 543 68 417
43 158 68 607 158 68 81 68 5 68 258 149 68 241 430
611 152
607 158 359
261 86 68 124 68 158 108 68 503 158 68 527 359 68 189 68 189 68 189 68 85 359
4 85 359
611 85 359 550 339 68 189 550 487 359 68 189 68 189 68 241 68 241 430 199
290 85 152 68 189 241 430
54 86 68 240 149 68 241 68 5 189
43 158 68 593 149 68 158 108
189 68 550 501 68 36 149
189 68 607 50 68 577 68 569 68 569 68 85 359 550 158 108
503 108 68 189 68 569 68 158 108 68 4 85 359
5 68 258 108 68 406 158 543 68 5 68 617 68 370 68 370 68 64 211
543
189 68 197 86 68 70 189 68 170 108 68 331 149
85 149
503 189 68 527 68 569 68 430 68 339 68 241 68 241 194 149
503 339
261 86 68 527 68 607 50 68 189 550 487 359
153 247 68 331
4 85
189 68 5 68 397 68 517 68 211 299 211 189 68 517
189 68 417 68 354 68 19 85
370 68 5 68 85 517 68 430 68 430 68 569 68 85 359
189 68 81 68 397 68 43 158 68 43 158 68 261 86
153 240
87 68 405 108 68 19 68 640 68 503 158 68 607 158
607 158 68 331 222
517
189 68 593 163 68 550 158 108 68 397 68 64 211 108 68 19 85 68 19 85
550 158 189
189 68 397 68 550 501 68 189 68 189 68 397 68 569 68 569 68 415 211 108
397 68 87 449 68 170 108
607 158 68 593 149 68 607 158 68 158 68 158 108 68 197 86
241 68 569 68 158 108 68 430 68 5 68 43 158 68 527 68 43 158 68 397 68 607 479 68 607 50 68 527 359 68 527 359 68 607 158 68 245 449
197 86 68 124 68 189 68 430 68 430 68 64 211 108
189 68 54 86 68 189 68 397 68 397 68 550 158 118 68 189 68 189 68 189 68 189 550 158 118 68 189 550 501 85 359
5 189 68 359 68 64 211 240
189 68 86 163 68 550 85 359 68 397 68 446 68 170 108
189 68 550 501 68 158 108 68 607 158 68 607 158 68 406 158 68 406 158 118
261 86 68 607 50 68 189 68 153
261 86 68 43 158 68 283 68 189 68 339 68 189
158 108 68 593 108 68 550 158 108 68 397 68 189 68 189 68 189 68 189 68 36 85 152 550 158 108 68 189 68 189 550 501 85 152
189 68 81 68 158 543 211 68 331 149 68 331 149 68 19 85
189 68 81 68 543 211 68 569 68 85 359 68 189 68 550 501
607 170 68 81
651 123 68 569 68 81 68 189 68 415 211
283 68 81 68 5
593 108 68 339 68 550 339
189 68 189 68 347 501 68 517 68 517 68 43 158 68 85 347 158 118
19 85 68 36 149 68 241 68 43 158 68 570 389 199
611 85 359 550 339 68 189 68 397 68 430 149 68 569 68 405 108 68 569 68 405 68 405 199 68 405 108 68 569 68 569 68 405 199
258 68 593 149 68 607 158 68 189 68 241
517 68 370 68 5 68 5 68 543 68 5 189 68 430 68 430 299
158 108 68 569 68 617 68 211 543 68 5 189
321 68 569 68 64 211
569 68 158 108 68 158 108 68 43 158 68 43 158 68 64 211
283 68 5 189 68 651 123 68 397 68 607 479
564
189 68 569 108 68 197 86 68 569 68 543 550 487 359 68 19 85
405 240
5 68 82 152 68 607 158 68 611 68 365 430 199 68 43 158
543 85 170 108
43 158 19 240 299 85
607 158 68 607 158 68 447 158 68 517 85 359
503 108 68 189 68 569 68 158 108 68 158 108 68 339 551 68 397 68 339
517 258 82 68 43 158 68 406 430
43 158 68 397 68 70 158 68 339
569 68 247 85 68 189 68 189 68 430 149 389 158 118
503 155
189 68 158 108 68 290 85 359
258 4 85 359
189 68 158 108 68 158 108 68 5 68 607 158 68 607 158
64 211 108 68 607 50 68 569 68 85 68 85 359 68 569 68 85 347 158 118 68 405 108
607 158 68 397 68 543 68 569 68 237 68 397 68 19 85 68 397
517 359 68 517 68 517 359 68 569 68 430
153 607 158 611
607 50
447 189
347 501
339 68 550 501 68 569 68 19 85 68 430 68 607 158 68 607 158
283 68 430 68 569 68 189 68 189 550 158 199 68 64 211 108
593 149
153 68 527 68 370 68 339 68 569 68 70 158
189 68 321 247 68 397 68 397 68 347 158 149 68 640 68 640 68 640
189 68 517 68 607 158 68 550 339 68 158 108 68 430 68 430 199
397 68 241 68 241
86 163 68 550 501 68 397 68 397 68 5 189 68 79 158 108 68 640 68 241 68 241 68 241
211 85 359 68 517 85
240 51 189 68 149 211 543
211 240
607 158 118 68 642 211 359
503 108 68 158 108 68 36 149 68 189 68 189 68 189 68 64 550 158 108 68 64 211 108 68 241 68 397 68 241 68 241 68 241 68 64 550 501
189 426 569 68 136 479
85 290 213 211
189 68 607 158 68 517 68 158 108 68 517 359 68 607 479
189 68 240 299 68 189 85 152
607 155 68 45 108 68 43 158 68 43 158 68 397 68 81 68 569 68 70 158 108
569 108 68 430 68 607 158 68 261 86 68 189 68 331 68 43 158 68 331 149 68 5 68 241 68 241 68 5 189 68 331 149 68 331 149 550 501
651 123 149 68 189 68 85 359 68 189 240 359
189 68 527 68 241 68 241 68 569 68 19 85 68 189 68 81 68 189 550 158 543
607 158 68 550 501 68 189 68 241 68 158 108 68 19 85 68 5 189 68 405 189 68 531 158 118 68 339
261 86 68 607 158 68 331 68 611 189 68 611 85 359 68 617 149
607 170 68 397 68 170
261 86 503 158 108
85 4 149 51 85 359
517 85 517
527 68 189 68 64 211 108 68 517 258
261 86 68 607 50 68 617 149 68 397 68 81 68 5
405 108 68 19 85 68 447 158 68 201 258 68 189 68 189 68 189 68 189 68 158 108
290 258 149
261 86 68 189 68 189 68 347 158 359
19 152 68 36 149
501 85 359
607 479 68 550 158 543 68 405 108
607 158 68 593 149 68 158 543 68 158 68 158 108 68 241 68 241 430 199
211 199
85 359 550 430 359
261 85
430 68 283 68 189 68 158 108
607 158 68 550 501 68 247
593 163 68 211 149 68 607 158 68 19 85 68 19 85
54 86 68 405 68 405 68 237 108
607 158 258 85
153 108
607 50 68 397 68 550 501
527 68 359 68 85 359 68 189 68 397
43 158 68 189 68 81 68 158 68 158 543 68 158 543
245 449
543 550 430
611 85 359 550 339 68 189 550 158 118 68 85 68 64 211 108 68 64 211 108 68 64 211 108
359 258 240
189 68 85 68 158 108 68 617
406 258 359 68 406 430 299
189 68 517 68 19 85 68 19 85 68 19 85 68 397 68 43 158 118
607 158 68 607 158 68 503 189 68 170 108
189 68 211 543 68 158 543 68 430 68 430
87 68 19 163 68 149 68 54 86 68 189 68 397 68 405 199 68 405 68 405 199
503 189 68 197 86 68 593 108 68 64 211 543 68 19 85
43 158 68 189 68 517 85 68 85 359 68 189 68 158 108
189 68 430 68 527 68 64 211 108
569 68 189 550 487 108 68 261 86 68 189 68 70 158
86 163 68 550 501 68 397 68 517 68 517 68 569 68 503 158 68 503 158
64 211 108 68 189 68 359 389 339 68 569 68 189 68 189 550 158 199
261 86 68 19 68 149 68 36 149
153 68 158 543 68 607 158 68 550 158 68 64 68 64 211 108
258 189
189 68 165 68 85 68 85 4 258 68 430 68 569 68 569 68 569 68 85 359
189 68 81 85 68 189 68 189 68 339 68 189 458 359
189 68 189 68 19 85 68 569 68 430 68 241 68 517 85 211 108
607 158 68 64 550 86
189 68 85 68 247 85 359
211 199
170 86
290 85 359
64 211 108 68 517 68 640 68 241 68 5
87 68 189 68 189 68 241 68 640 68 607 50 68 607 50 68 617 149 68 607 50
569 68 339 68 19 85 68 569 68 550 158 108 68 19 85 68 5 189
189 68 527 68 241 68 241 68 569 68 19 85 68 189 68 81 68 189 550 158 543
189 68 43 158 68 397 68 397 68 501 68 517 68 517 68 517
43 158 68 593 163 68 189 68 70 158 68 331 149 68 331 149
51 86
189 68 85 149 68 170 108 68 64 211 240 68 19 68 5 68 19 85
501 85 611 189 68 543 51 86
189 68 258 85 359 68 397 68 569 68 19 85 68 517
261 158 108 503 158 118
189 68 569 68 158 108 68 430
527 68 87 68 607 158 68 527 359
569 68 189 68 189 68 189 68 417
501 85 347 158 199
189 68 593 163 68 569 68 85 365 430 149 68 397 68 85 359 68 19 85 68 241 68 241 68 241 68 19 85
569 68 85 240 550 487 149 68 189 68 64 211 108 68 397 68 397 68 189 68 189 68 189 68 189 68 189 550 158 543 550 501 85 359
283 68 607 158 68 189 68 593 149 68 430 68 569 68 241 68 241 68 241 68 241 430 68 241 430 68 241 430 68 241 430
189 68 5 68 321 247 68 397 68 569 68 501 85 359 68 397 68 189
51 415
153 68 85 359 68 189 68 397 68 501 85 152 68 430 68 430 68 430 199
261 86 68 43 158 68 651 123 68 430 68 189 68 189 68 447 158 108
550 339
527 359
607 158 68 607 68 189 68 527 359 68 158 108 68 158 108
189 68 405 68 543 51 86
189 68 64 211 68 370 68 5 68 261 86
503 339
503 339
189 5 189 108
430 199 415
170 68 607 158 68 5 189 68 158 108
607 158 68 258 149 68 593 149 68 550 158 68 607 158 68 347 501
211 543 211 85
640 68 569 108 68 569 68 85 359 550 487 359 68 153 189
54 86 68 85 359 550 158 108 68 569
5 68 81 68 397 68 405 68 569 68 64 211 108
189 68 197 86 85 68 397 68 397 68 4 240 68 397 68 189 68 189
430 299
607 158 68 593 149 68 158 543 68 158 108 68 158 240
593 163 68 54 86 68 640 68 640
543 569 68 258 359
64 211 108 68 189 68 347 158 543 68 569 68 211 607 158
607 155 222
240 85 68 245 449
321 68 569 68 550 158 543
417 108 68 245 449 68 158 108
569 68 158 108 68 339 68 430 299
189 68 85 240 211 108 68 19 68 149 550 158 108 68 19 85 68 158 543 211 108
517 258 85
189 68 527 68 430 68 517 68 189 68 607 158 68 607 50
261 86 85 359 68 339 68 170 85
607 158 85 68 570 389 339 68 158 449
405 199
651 123 68 189 68 189 68 189
611 240
189 68 569 108 68 430 68 430 68 430 68 189 550 158 118 68 189 68 189 68 189 68 189 550 158 118 68 189 550 158 118
245 85 170
397 68 258 149 68 64 211 108
49 68 607 68 189 68 241 68 569 68 550 158 68 189 68 189 68 189 68 189 68 189 68 189 68 189 550 158 543 550 158 543
261 86 68 124
283 68 593 149 68 430 68 607 158 68 158 189
447 158 240 299
321 68 170 108 68 64 211 108 68 64 211 240 359
503 189 68 607 158 68 189 68 430 149 68 36 149
85 241 430 149 68 158 108 68 5 189 68 430
543 51 85 68 550 430
213 211 85
49 68 158 68 158 108 68 158 189 68 158 108 68 36 85 68 430 108
283 68 158 108
607 158 68 5 68 85 152
158 199
189 240 389 479
54 86 68 5 189
283 68 189 68 189 68 189 68 189 68 253
564 68 359 68 5 68 124
245 240
189 68 607 50 68 397 68 321 240 68 189 68 430 68 607 158 68 550 158 108
321 189 68 241 359
211 199
5 85
430 240 550 501
503 158 68 569 68 607 158 68 136 479
564 68 607 158 68 158 108 68 261 86 108
527 68 607 158 68 550 158 68 405 68 189 68 211 108
503 108
43 158 68 642 68 189 68 189 68 397 68 245 449
189 85
5 108
5 189
36 86
611 569 68 81 68 19 85 68 446 68 446 68 569 68 19 85 68 517 68 430 68 430 68 569 68 19 85 68 19 85 68 19 85 68 19 85 68 569 68 19 85 68 569 68 569 68 569 68 569 68 569 68 569 68 611 51 86 449
321 152
189 68 197 86 108 68 170 108 68 43 158 68 517 222 68 517
189 68 81 68 430 68 397 68 43 158
189 68 527 68 64 211 108 68 5 108
64 211 108 68 501 68 189 68 189 68 85 359
85 430 149 550 158 85 359
64 211 108 68 397 68 397 68 19 68 19 68 158 108 68 5 189 68 430 68 430 68 430 68 607 158 189 68 5 189 68 331
593 163 68 397 68 517 68 517 68 569 68 85 359 389 158 108 68 189 68 189 68 70 189
189 68 213 194 108 68 68 36 149 68 607 158 68 503 189
607 158 85 241 359
158 543 550 158 149
245 240
607 158 68 607 158 68 258 189 68 189 68 189 68 517
189 68 261 86 68 158 108
543 569 68 430 359 550 339
447 158 359 68 617 108
189 68 651 123
261 86 213
261 158 189 43 158
607 158 68 405 194 199 68 153 189 108
43 158 199
503 108 68 64 211 68 213 68 158 543
261 158 240 68 240 68 87 68 85 4 85
550 158 543
261 86 68 189 68 64 211 68 189 68 617
569 108 68 241 68 189 68 189 68 189 68 517
405 68 64 211 108
149 389 85 359 389 158 118 68 241 211 85 359
189 68 197 86 108 68 569 68 64 211 240 68 189 68 569 68 189 550 158 108
82
503 189
189 68 607 158 68 359 68 430 211 607 158 68 430
189 68 64 211 189 68 189 68 397 68 397 68 397 68 261 86 68 569 68 189 68 430 68 430 68 189 68 153 189 68 617 149
261 86 68 124 68 189 68 211 108 68 569 68 211 108 68 569 68 211 108
153 189 68 261 86 68 370 68 5 68 261 86 68 397
501 85 247 213
49 68 430 68 430 68 569 68 19 85 68 517 359 389 158 118
550 479 68 517
261 86 68 189 68 569 68 19 85
43 158 68 607 68 258 149 68 170 108 68 430 68 569 68 85 359
261 158 108
503 189 68 527 68 569 68 405 149 68 543 550 339
261 86 68 607 158 68 569 68 258 359
5 189
43 158 68 331 149
569 68 5 189 68 359 68 189 68 397 68 43 158
189 68 189 68 550 501 68 397 68 430 299 68 189 68 189 550 158 118 68 189 68 189 550 158 118
85 359 68 5 189
64 211 108 68 197 86 85
607 155 211 68 611 189 68 85 359
430 211
158 240
189 68 189 68 347 501 68 397 68 158 108 68 158 108 68 501 85 359
211 543
503 189 68 517 68 189 68 339 68 339 68 158 108 68 189 68 189 68 189 68 85 359 68 189 68 189 68 189 550 158 118 68 397 68 19 85 359 550 339 551
211 68 170 108
447 189 68 651 85 68 189 68 85 365 430 199
258 247
85 517 359
189 68 397 68 577 68 347 158 359
321 240 68 569 108 68 5 68 5 189 68 19 85 68 241 68 241 68 241 68 241 430 299
245 359 68 640
339
189 68 550 501 68 158 543 68 397 68 569 68 19 85 68 19 85
5 359
197 86 68 640
607 158 51 149 211 222
261 86 68 43 158 68 45 149 68 569 68 64 211 108 68 64 211 108 68 64 211 108
543 569 108
189 68 64 211 68 331 68 331 68 189 68 569 68 517
651
405 199
213 211 68 331 68 197 86 68 607 158 68 158 108
611 85 359
607 158 68 593 163 68 397 68 397 68 241 68 241 68 640
189
261 86 68 124
321 189
189 68 593 163 68 158 108 68 158 543 211 543 211 85 359
503 339 68 339 68 430 68 158 543 68 81 68 607 158 68 43 158 68 43 158
64 211 108 68 430 68 569 68 247 68 569 68 64 211 108 68 64 211 108
503 339 68 503 189 68 607 68 397 68 517 68 5 189
108 68 158 108 68 430 68 5 189 68 124
189 68 405 108 68 430 299 389 158 199 68 43 158 68 617
543 569 85 359
503 108 68 189 68 569 68 211 85 359 211 85
4 152
211 19 85
189 531 211 258 68 430 299 389 158 118
87 68 189 68 347 501 85 359 389 339
503 339
85 430 543 211 543 389 158 118 68 241 211
197 85
189 503 158 199 359
189 240 389 479
503 108
261 86 68 43 158 68 45 149 68 607 158 68 517 68 43 155
189
611 85
611 569 68 331 149 68 189 68 570 389 158 149 68 430 149 68 430 149
189 389 85 359
87 68 370 68 64 211 68 253 85
527 68 607 158 68 430 68 527 68 5 189
347 158 359 70 158 108
527 68 607 158 68 5 68 189 68 389 339
211 211 430
607 158 68 550 501 68 189 68 241 68 241 68 241 430
321 68 189 68 213 211
527 68 5 68 149 211 108
189 68 81 68 543 211 68 240 211 68 189 68 617 68 397 68 36 85 152 68 241 68 241 430 199
283 68 569 68 569 108 68 241 430 68 241 68 241 68 85 359
550 487 152 68 189 550 487 149
607 158 68 593 149 68 607 158 68 81 68 607 479
607 155 68 85 359 68 651 123 68 430 68 331 149
261 86 68 339 68 339 68 170 108 68 569 68 85 359 68 64 211 108
397 503 158 108 68 170 543 211
503 339
607 158 68 577 68 189 68 189 241 68 64 211 108
569 68 397 68 211 543 68 189 68 213
527 68 607 158 68 430 68 158 108 68 189 68 189 199
261 86 68 158 240 211 68 569 68 81 68 189 108
189 68 607 158 68 158 108 68 158 359 68 339 68 339
503 108 68 189 68 569 68 405 108
607 158 68 5 68 64 211 108 68 189 68 189 68 54 86 68 397 68 5 189
64 211 108 68 569 68 64 211 68 43 158 68 43 158 68 64 211
611 149 68 593 149 68 417
211 85 359 68 517 85
607 158 68 593 517 68 517 359 68 158 543 68 211 108 68 569 68 517 258 149
611 569 68 593 163 68 68 85 152 68 397 68 85 359
189 68 569 68 405 68 405 68 85 359 68 189 68 517 68 241 68 241 68 241 68 241 68 241
189 68 430 68 85 68 569 68 569 68 85 359
245 449
503 339
153 108 68 527 68 370 68 5 68 607 158 68 430 68 430 108
527 68 5 68 640 68 569 108
611 85 149 406 158 118
642 211
258 247 85
430 299 85 68 430 199 108
189 68 241 68 189 68 347 158 359
503 189 68 253 68 189 68 543 389 158
261 86 68 43 158 68 569 68 85 4 189 68 517 68 607 50 68 321 569 68 19 85
211 68 640 68 569 68 64 211 108
189 68 253 68 189 258
86 163 68 417 68 81 68 5 68 19 85 68 19 85 68 569 68 430 149 550 158 108
261 158 68 81 68 19 85 68 189 68 189 68 430 68 430 68 430 149 68 430 149 550 158
503 339
607 158 68 593 163 68 397 68 54 86 68 5 68 564 68 564
261 86 68 241 68 241 194
189 68 81 68 158 543 68 189 68 213 527 359
503 339
607 158 68 405 68 189 68 527 359 68 64 211 108 68 283
543 85 4 189
189 68 397 68 81 68 19 68 261 86 68 5 189 68 19 85 68 43 158 68 43 158 68 241 68 241 68 642 211 543 550 158 68 331 149
189 149 550 158 108 68 517 68 241 430
5
158 108 158 108
43 158 68 43 158 68 4 85 359 68 189 68 170
607 158 68 593 163 68 569 68 64 211 240
64 51 86 68 503 158
503 108 68 158 108 68 36 149 68 331 149 68 397 68 397 68 397
261 86 68 607 68 189 68 577 68 397 68 189 68 430 68 430 199
503 108
397 199 85
527 68 19 85 68 170 108 68 487 152 68 241 68 43 158 68 43 158 68 241
564 68 189 68 81 68 430 68 158 108
189 68 158 543 68 241 68 85 68 85 68 430 199 68 241 430 199
241 68 5 68 331 430 68 370 68 5 189 68 85 359 68 19 85 68 241 68 241 68 241 68 241 68 241 430 85 359
189 149 550 158 108
651 123 68 397 68 197 86 68 189 68 406 155 149
503 108 68 569 68 189 68 189 68 85 359 550 158 108 68 19 85 68 19 85
43 158 68 593 149 68 189 68 189 85 359
86 163 68 550 501 68 397 68 397 68 569 68 85 68 85 152 68 241 68 241 68 241 68 241
405 152
397 503 158 85
189 68 5 68 607 158 68 430 359
611 569 68 593 149 68 261 86 68 569 68 569 68 321 569 68 321 569 68 253
261 86 68 158 108 68 593 149 68 617 68 241 68 241 68 5 189 68 321 240
527
261 86 68 5 68 85 149 68 158 108 68 189 68 158 108 68 189 550 158 108
611 569 68 593 149 68 607 50 68 189 258
189 68 165 68 85 68 85 4 258 68 430 68 569 68 569 68 569 68 85 359
564 68 158 189 68 64 550 487
197 85
43 158 199
189 68 527 68 331
501 85 64 211
607 158 68 149 68 397 68 189 68 189 68 189 68 640
527 68 158 108 68 430 68 158 108 68 543 211
569 68 517 85 68 170 68 397 68 85 359 51 86
43 158 68 189 68 85 359 68 527 68 241 68 397
569 68 199
517 211 406 155
189 68 430 359 68 331 158 108 68 339 68 569 68 550 339
153 189 68 651 123 108 68 517
189 68 85 68 201 258 68 189 68 213 68 569 68 405 108
607 158 68 593 163 68 64 550 158 108 68 189 68 189
85 359 258 149 550 158 85 359 68 543 51 85
283 68 569 68 517 68 517 258 68 569 68 85 359 68 19 85 68 19 85 68 19 85
569 108 68 189 68 189 68 397 68 241 68 241 68 43 158 68 43 158 68 43 158 68 405 68 415 211
527
527 68 153 68 569 68 189 68 189
189 68 85 68 158 108 68 5 108 68 430 68 241 68 5 68 43 158 68 43 158 68 430 68 85 359 68 5 68 85 152 68 5 189 68 5 189 68 5 189 68 642 211 240 550 158 108 68 640 68 640 68 5 189 68 607 158 108 68 339 551 68 339 551 68 339 551 68 550 158 108 68 550 158 194 82 152 550 158 240 550 158 108 68 194 82 152 68 5 189 68 5 189 68 5 189 550 339
503 108 68 189 68 189 68 339
517 359 68 5 68 517 85 359 550 158 118 68 241
189 68 339 68 397 68 85 359 68 85 359 68 19 85 359
43 158 68 607 68 189 258
527 68 87 68 158 108 68 158 108
447 158 543 68 153 189 108
607 158 68 447 158 68 527 68 607 68 43 158 68 527
5 108 68 640 68 241 68 170 108 68 569 68 19 85 68 19 85
85 527 569
593 163 68 517 68 241 68 241 68 430 68 241 68 241 68 241 68 241 430 68 241 430 199
261 86 68 607 50
189 68 5 68 397 68 124 68 503 339
430 211 68 5 189 68 569 68 405 108
49 68 339 68 550 501 68 397 68 397 68 19 85 68 70 158 68 70 158
527 85
189 68 447 158 543 68 70 158 359
527 68 607 158 68 189 68 430 68 430 199
607 158 68 197 108 68 527 68 607 158 68 189 68 79 158 68 79 158 108
64 211 108 68 64 211 108
54 86 85
503 158 359 68 339
158 108 68 593 163 68 81 68 5 189 266 50
189 68 81 68 397 68 158 152 68 158 108 68 19 85 68 211 199
550 158 543
189 258
447 155
607 158 68 593 149 68 19 68 569 68 430
607 158 68 70 189
261 86 68 189 68 189 68 158 108 68 241 68 430
550 501 68 189 68 158 108
64 211 68 64 211
577 68 517 68 569 68 569 108 68 569 68 85 359 68 397 68 241 68 241 68 241 68 241 359
189 68 86 68 170 359
189 68 527 68 607 50 68 550 158 108
149 389 158 189
389 339
85 4 149 68 430 199 211 199
569 108 68 158 108 68 430 68 5 189 68 240 211 68 64 211 108
261 158 543 68 397 68 607 50
189 68 81 68 339 68 5 68 158 108 68 241 68 241 68 241 68 241 68 5 189 68 241 68 241
503 339 68 158 108 68 569 68 331 149
85 359 51 570 68 617 68 640
569 68 245 449 68 397 68 5 68 550 501 68 19 85 68 397 68 5 68 397 68 405 68 405 68 569 68 569 68 81 68 397 68 81 68 397 68 569 68 569 68 569 68 569 68 569 68 569 68 569 68 569 68 569 68 569 68 81 479 449
189 68 550 158 152
607 158 68 370 68 397
503 339 68 19 85
503 339 68 347 158
54 86 68 397 68 189 68 189 240 389 479
503 339 68 347 158
607 158 68 593 149 68 569 68 331 149 68 189 68 430 299
543 68 124 68 189 68 397 68 569 68 85 4 85 359
189 68 550 501 68 321 247
527 68 87 68 5
189 68 85 4 240 68 397 68 640 68 640 68 607 50
607 158 68 258 359 68 397 68 397 68 397 68 201 258 68 158 108
607 158 68 593 163 68 503 189 68 85 359 68 569 68 170 108
261 86 68 43 158
153 189 68 261 86 68 339 68 517 68 189 68 640 68 397 68 5 189 68 640 68 607 50
261 86 68 43 158
85 430 194 213
189 68 607 158 68 550 501 68 397 68 158 189 68 158 108 68 241 68 241 430 299
447 85 359
51 86 68 36 189
283 68 569 68 550 501 68 617
397 68 569 68 550 339 68 569 68 64 211 108 68 569 68 64 211 108 68 43 158 68 430 68 569 68 569 68 64 550 339
261 86 68 43 158 68 45 149 68 569 68 64 211 108 68 64 211 108
651 123
447 158 359 68 64 51 108
261 86 68 288
261 86 68 253 68 189 68 19 85 359
290
607 158 118 68 642 211 149
213 68 5 68 197 86
607 158 68 593 149 68 19 85 68 5
283 68 405 68 517 85
607 158 68 389 339 68 211 359
