607 158 68 5 68 5 189 68 5
607 158 68 5 68 5 189 68 5
607 158 68 5 68 5 68 5 68 5 68 5 68 5 68 5 68 5 189 68 5 189 68 189
85 359 211 85
607 158 68 189 68 189 68 189 68 189
86 108
85 68 85 359 68 85
607 158 68 607 158 68 189 68 189 68 189 68 189 68 189 68 189 68 189 68 189 68 189
85 359
607 158 68 517
607 158 68 607 158 68 5 68 569 68 189 68 189 68 569 68 569 68 569 68 569 68 189
607 158 68 189 68 189 68 189 68 189 68 189
607 158 68 5
607 158 68 607 158 68 5 68 607 158 68 5 68 5 68 397 68 397 68 397 68 397 68 397
607 158 68 5 189 68 5
607 158 68 5 68 5 68 5 68 5
85
85 359
607 158 68 607 158 68 189 68 189 68 189 68 189 68 189 68 189 68 189 68 189 68 189
607 158 68 5 68 5 68 5 68 5 68 5 189 68 397 68 397 68 397 68 397 68 397 68 5 189
607 158 68 5
607 158 68 607 158 68 5 68 5 68 5 68 5 68 5 68 5 189
85 359
85 359 211 108
607 158 68 607 158 68 189 68 189 68 189 68 189 68 189 68 189
607 158 68 430 359
211 108
85 359
607 158 68 85 359 68 517
85 359 211
607 158 68 5 68 189 68 189 68 189
607 158 68 189 68 189 68 189 68 189 68 189
607 158 68 5 68 5 68 5 68 5 68 5 68 397 68 397 68 397 68 397 68 397 68 5 189
85 359 389 158 108
607 158 68 5 68 5 68 5 68 5 68 189 68 5 68 5 68 189
189 85
607 158 68 397 68 397
607 158 68 607 158 68 5 68 569 68 189 68 189 68 397 68 397 68 397 68 397 68 397
607 158 68 607 158 68 5 68 607 158 68 5 68 5 68 5 68 5 189 68 5 189
607 158 68 607 158 68 5 68 189 68 189 68 189 68 189 68 189 68 189 68 189 68 189
211 118
607 158 68 189 68 189
607 158
283 68 607 158 68 5 68 5
607 158 68 5 68 5 68 5 68 5 68 5 189 68 5 68 5 189
283
211 108
607 158 68 607 158 68 5 68 397 68 397
607 158 68 607 158 68 189 68 189 68 189 68 189 68 397 68 189
607 158 68 607 158 68 5 68 397 68 189
607 158 68 607 158 68 5 68 5 68 189 68 189 68 189 68 189 68 189 68 189 68 189
607 158 68 607 158 68 5 68 607 158 68 5 68 397 68 397 68 397 68 397 68 397 68 189
607 158 68 607 158 68 189 68 189 68 189 68 189 68 397
261 86 68 5
607 158 68 517
85 359
607 158 68 5 68 189 68 189 68 189
211 118
607 158 68 5 68 5 189 68 397 68 397 68 397 68 397 68 397
607 158 68 189 68 189 108
607 158 68 5 68 5 189
607 158 68 607 158 68 189 68 189 68 189 68 189
85 359 211 108
607 158 68 5 68 5 68 5 68 5 68 5 189 68 5 68 5 68 5 189 68 5 189
85 359
607 158 68 397 68 397 68 85 359
607 158 68 607 158 68 189 68 189 68 189 68 189
607 158 68 5 68 5 68 5 68 5 68 189
607 158 68 5 68 5 68 5 189 68 5 189
607 158 68 5 68 5 189 68 569 68 189 68 189 68 397 68 397
607 158 68 189 68 189
607 158 68 5 189 68 5
607 158 68 5 68 5 68 5 68 5
261 86
85 359
607 158 68 5 68 5 68 5 68 5 189
85 359
85
211
607 158 68 607 158 68 189 68 189 68 189 68 189
607 158 68 607 158 68 397 68 397 68 397 68 397 68 397 68 430
607 158 68 5 68 189 68 189 68 189
211 108
86 108
607 158 68 5
607 158 68 5 68 5 68 5 68 5 68 5 68 5 68 5 68 5 189
607 158 68 5 68 5 189 68 5 189 68 189 68 189 68 189
211
607 158 68 607 158 68 189 68 569 68 189 68 189 68 569 68 189 68 189 68 569 68 189
189
607 158 68 607 158 68 5 68 5 68 5 68 5 68 5 68 5 68 5 68 5 68 5 68 5 189 68 5 68 5 189
607 158 68 5 68 5 189 68 5
607 158 68 607 158 68 189 68 189 68 189
211
85 359
607 158 68 5
607 158 68 85 359
607 158 68 5 68 5 68 5 68 5 189
607 158 68 607 158 68 5 68 5 68 5 189 68 397 68 397 68 189
607 158 68 607 158 68 5 68 189 68 189 68 189 68 189 68 189
607 158 68 607 158 68 189 68 189 68 189 68 189 68 189 68 189 68 189 68 189 68 189
607 158 68 5 68 5 189 68 5 68 5 189 68 5 189 68 189
607 158
607 158 68 85 359 68 85 359
607 158 68 607 158 108
607 158 68 5 68 5 68 5 68 5 68 5 68 5 68 5 68 5 68 5 189
607 158 68 5
211 108 68 158 108
607 158
607 158 68 607 158 68 607 158 68 607 158 68 189 68 607 158 68 189
607 158 68 607 158 68 5 68 5 68 189 68 189 68 397 68 189 68 189 68 397 68 189
85 359
607 158 68 607 158 68 189 68 189 68 189 68 189 68 189 68 189
607 158 68 607 158 68 189 68 189 68 189 68 189 68 189 68 189
607 158 68 5 68 189 68 189 68 189 68 189 68 189 68 189
607 158 68 607 158 68 189 68 569 68 189 68 189 68 189 68 189
607 158 68 5 68 5 189 68 397 68 189 68 397 68 397 68 397 68 397 68 397 68 397
85 359
607 158 68 5
607 158 68 607 158 68 189 68 189 68 189 68 189 68 189 68 189 68 189 68 189 68 189 68 189 68 189 68 189
283
607 158 68 607 158 68 397 68 397 68 397 68 397 68 397 68 397
607 158 68 85 359 68 189 68 85 359
85 359
607 158 68 607 158 108
607 158 68 607 158 68 607 158 68 607 158 68 189 68 189 68 189 68 189 68 189 68 189
607 158 68 5 68 5 189 68 5 68 189 68 397 68 397 68 397 68 397
607 158 68 607 158
607 158 68 5 68 5 68 5 68 5 68 5 189 68 5 68 5 189
85 359
607 158 68 607 158 68 189 68 189 68 189 68 189 68 189 68 189 68 189 68 189 68 189
85 359 359
607 158 68 359 68 430
607 158 68 607 158 68 189 68 189 68 189 68 189 68 189 68 189
607 158 68 5 68 5 68 5 68 5 189
85 359
211
211
607 158 68 5 68 5 189 68 5
607 158 68 607 158 68 5 68 5 68 5 189 68 5 68 5
607 158 68 607 158 68 5 68 5 68 189 68 189 68 189
607 158 68 607 158 68 189 68 189 68 189 68 189 68 189 68 189
607 158 68 607 158 68 189 68 607 158 68 189 68 189 68 189 68 189
607 158 68 5 68 5 189 68 5 68 5
607 158 68 5 68 5 68 5 68 5 68 5 189 68 5
607 158 68 5 189 68 5
211
607 158 68 607 158 68 607 158 68 607 158 68 189 68 189 68 189
607 158 68 5 68 5 189 68 189
607 158
607 158 68 607 158 68 5 68 397 68 189 68 189 68 397 68 189
607 158 68 5
607 158 68 607 158 68 5 68 5 68 5 68 5 189 68 397 68 397 68 397 68 397
607 158 68 607 158 68 5 68 397 68 397 68 397 68 397 68 397
607 158 68 5 68 517
607 158 68 607 158 108 68 189 68 189 68 189 68 189 68 189
607 158 68 607 158 68 397 68 397 68 397 68 397 68 397 68 397
211 108
607 158 68 607 158 68 569 68 569 68 189 68 189 68 569 68 569 68 569 68 569 68 569 68 189 68 569 68 397
607 158 68 5 68 5 189 68 5
85 359 211 85
607 158
261 86 68 5
607 158 68 397 68 189 68 397
607 158 68 607 158 68 5 68 607 158 68 189 68 189 68 189
607 158 68 430
607 158 68 607 158 68 607 158 68 607 158 68 569 68 569 68 569 68 569 68 569 68 85 359
607 158 68 607 158 68 5 68 607 158 68 5 68 5 68 5 68 5 68 5 68 5 68 189
607 158 108
85 359 68 85 359 68 85 359
211
607 158 68 5 68 189 68 189 68 189 68 189
607 158 68 5
607 158 68 85 68 85 359 68 85 359
85 359
430 199
85 359
607 158 68 5 68 5 68 5 68 5
607 158 68 607 158 68 5 68 5 68 5
607 158 68 189 68 189 108
211
261 86 68 86
607 158 68 607 158 68 5 68 397 68 397 68 397
607 158 68 607 158 68 5 68 397 68 397 68 397
607 158 68 5 68 5 189 68 5
607 158 68 607 158 68 189 68 569 68 189 68 189 68 569 68 189 68 189 68 569 68 189
85 359 211 108
607 158 68 189 68 189
607 158 68 5 68 5 189 68 5 189 68 189
607 158 68 5 68 5 189 68 5
607 158 68 607 158 68 5 68 5 68 5 68 5 68 5 68 5 68 5 189 68 5 68 189
19 85
85
607 158 68 5 68 569 68 569 68 397 68 189
607 158 68 607 158 68 569 68 397 68 397 68 397
607 158 68 158 108
85 359
607 158 68 607 158 68 5 68 607 158 68 5 68 5 68 5 68 5 68 5 68 5 68 5 189
607 158 68 607 158 68 189 68 569 68 189 68 189 68 397 68 189 68 189 68 569 68 189
607 158 68 607 158 68 5 68 189 68 189 68 189 68 189 68 189 68 189 68 189 68 189
283
211
607 158 68 5
607 158 68 607 158 68 607 158 68 607 158 68 189 68 189 68 189 68 189 68 189 68 189
607 158 68 607 158 68 189 68 189 68 189 68 189 68 189 68 189
607 158 68 607 158 68 189 68 569 68 189 68 189 68 569 68 189 68 189 68 569 68 189
607 158 68 607 158 68 5 68 397 68 397 68 397 68 397 68 397 68 397 68 397 68 397 68 397
607 158 68 5 68 5 189 68 397 68 397
607 158 68 607 158 68 189 68 397 68 189
607 158 68 5 68 5 189 68 5
607 158 68 607 158 68 397 68 397
607 158 68 430
211 543 211
430
607 158 68 5 68 5 68 5 68 5 68 189 68 189 68 189 68 189 68 189 68 189 68 189 68 189 68 189 68 189
607 158 68 607 158 68 5 68 5 68 397 68 397 68 397 68 397
607 158 68 607 158 68 5 68 397 68 397
607 158 68 607 158 68 5 68 189 68 189 68 189 68 397 68 189
86 108
607 158 68 607 158 68 607 158 68 607 158 68 5 68 5 68 397 68 5 68 397 68 397 68 189
607 158 68 607 158 68 189 68 569 68 189 68 189 68 189 68 189 68 189 68 189 68 189
85 359
607 158 68 430
607 158 68 5 68 5 189 68 5 68 189 68 189 68 5 189
85 359 68 19 85 359
607 158 68 607 158 68 397 68 397 68 430
607 158 68 5 68 5 68 5 68 5 68 5 189
607 158 68 607 158 68 397 68 397 68 430 68 397 68 397 68 430
607 158 68 430 68 189
607 158 68 5 68 5 189 68 397
607 158 68 189 68 189 68 189
607 158 68 607 158 68 189 68 189 68 189 68 189 68 189 68 189 68 189 68 189 68 189
607 158 68 607 158 108
607 158 68 430 68 517
607 158 68 5 68 189 68 189 68 189

86
211
607 158 68 158 108
85 359 68 19 85 359
283
211 108
607 158 68 607 158 68 189 68 189 68 189 68 189 68 189 68 189 68 189 68 189 68 189
607 158 68 5 68 5 68 5 68 5 189 68 5 189 68 5 189
607 158 68 517
607 158 68 430 68 189
607 158 68 607 158 68 5 68 569 68 189 68 189 68 397 68 189 68 189 68 569 68 189
607 158 68 607 158 68 5 68 569 68 189 68 189 68 569 68 569 68 189 68 569 68 189
607 158 68 5 68 5 68 397 68 397
607 158 68 607 158 68 5 68 5 68 5 68 5 68 5 68 5 68 5 189 68 5 189
85 359 389 158 108
85 359
85 68 19 85 359 68 189 108
261 86 68 5
607 158 68 607 158 68 569 68 569 68 397 68 397 68 397 68 397 68 397
607 158 68 607 158 68 189 68 189 68 189 68 189 68 189 68 189 68 189 68 189 68 189
607 158 68 5
607 158 68 5 68 5 189 68 5 189
85 359 68 85 359
283
607 158 68 189 68 189 68 189 68 189
261 86
85 359 211 85
321 247
85 359
261 86
607 158 68 607 158 68 5 68 569 68 569 68 569 68 569 68 569 68 569 68 569 68 569 68 569 68 397 68 397 68 397 68 397 68 397 68 397 68 397 68 397 68 397 68 397 68 397 68 397 68 397 68 397 68 397 68 397 68 397 68 397 68 397 68 397 68 397 68 397 68 397 68 397 68 397 68 397 68 397 68 397 189 241 359 397 189 85 359 397 68 397
85 359
607 158 68 607 158 68 607 158 68 397 68 397
607 158 68 5 68 5 68 5 189 68 397 68 397 68 397
607 158 68 158 108
607 158 68 607 158 68 5 68 5 68 5 68 5 68 5 68 189 68 5 68 5 68 189
607 158 68 607 158 68 5 68 5 68 189 68 189 68 189 68 189
607 158 68 607 158 68 397 68 397
85 359 68 85 359 68 85 359
85 359
607 158 68 607 158 108
607 158 68 5 68 189 68 189 68 189 68 189
607 158 68 607 158 68 5 68 607 158 68 189 68 189 68 189 68 189
607 158 68 5 68 5 189 68 569 68 189
607 158 68 5 68 5 189 68 5
211 108
607 158 68 397 68 397 68 397 68 397
261 86 68 5 68 5 68 5 68 5
283
607 158 68 5 68 5 68 5 68 5 68 5 189 68 5 68 5 189
607 158 68 5 68 5 189 68 5 68 5 189
607 158 68 5 68 5 189 68 397 68 397
607 158 68 607 158 68 5 68 5 189 68 189
607 158 68 189 68 189 68 189
607 158 68 5 68 5 68 5 68 5 189 68 189 68 397 68 189
607 158 68 607 158 68 5 68 569 68 189 68 189 68 397 68 189 68 189 68 569 68 189
211
85 359 389 158 85
607 158 68 607 158 68 189 68 189 68 189 68 189
607 158 68 607 158 68 189 68 569 68 189 68 189 68 85 359 68 189 68 189 68 85 359
607 158 68 607 158 68 189 68 189 68 189 68 189 68 189 68 189 68 189 68 189 68 189
321 240
211
607 158 68 5 68 5 68 5 68 397
607 158 68 5 68 5 189 68 5
607 158 68 607 158 68 5 68 569 68 189 68 189 68 569 68 189 68 189 68 569 68 189
607 158
607 158 68 607 158 68 607 158 68 607 158 68 189 68 397 68 397 68 189 68 397 68 189
607 158 68 5 68 5 68 5 68 189 68 189 68 397 68 397 68 189
607 158 68 397 68 517
85 359
261 86
607 158 68 5
607 158 68 5 68 5 189 68 397 68 397
607 158 68 607 158 68 189 68 189 68 189 68 189 68 189 68 189
607 158 68 607 158 68 5 68 607 158 68 189 68 397 68 397 68 189 68 189 68 189 68 189
607 158 68 607 158 68 5 68 5 68 189 68 189 68 397 68 189
607 158 68 5 68 5 68 5 68 5 68 5 189 68 5 68 5 68 5 189
607 158 68 607 158 68 569 68 569 68 569 68 189 68 569 68 569 68 569 68 569 68 569 68 569 68 569 68 85
607 158 68 607 158 68 5 68 5 68 189 68 189 68 189 68 189 68 189 68 189 68 189
607 158 68 5 68 189 68 189 68 189
85 359
607 158 68 607 158 68 189 68 189 68 189 68 189 68 189 68 189
607 158 68 5 68 5 189 68 5 68 189 68 189 68 397 68 189
607 158 68 607 158 68 607 158 68 607 158 68 189 68 189 68 189 68 189 68 189 68 189
607 158 68 607 158 68 189 68 569 68 189 68 189 68 569 68 189 68 189 68 569 68 569 68 189 68 569 68 397 68 189
607 158 68 607 158 68 189 68 189 68 189 68 189 68 189 68 189 68 189 68 189 68 189
607 158 68 5 68 5 189 68 5 68 189 68 189 68 5 189
211
607 158 68 85 68 569 68 85 359 68 189 68 189 85 359
607 158 68 5 68 5 189 68 5
607 158 68 607 158 68 397 68 397 68 430
607 158 68 607 158 68 5 68 5 68 189 68 189 68 189 68 189 68 189 68 189 68 189
607 158 359
607 158 68 5 68 5 68 5 68 5 68 5 68 5 68 5 68 5 68 5 189
607 158 68 5
607 158 68 607 158 68 5 68 607 158 68 189 68 189 68 189 68 189 68 189 68 189 68 189 68 189 68 189 68 189
607 158 68 5 68 5 68 569 68 569 68 189 68 397 68 397 68 189
607 158 68 5 68 5 68 569 68 189 68 189 68 397 68 397 68 189
607 158 68 5 68 5 68 5 189 68 189
607 158 68 607 158 68 397 68 397 68 397 68 397 68 397 68 397
607 158 68 607 158 68 5 68 5 68 189 68 189 68 397 68 397
607 158 68 5 68 5 189 68 5 189 68 189
607 158 68 607 158
85 359
607 158 68 607 158 68 5 68 569 68 189 68 189 68 397 68 397 68 189
607 158 68 5 68 5 189 68 5 68 189 68 5 189 68 5
85 359 211 108
85 359
607 158 68 5 68 5 189 68 5
283
607 158 68 607 158 68 189 68 569 68 189 68 189
607 158 68 607 158 68 189 68 189
85 359
607 158 68 607 158 68 5 68 5 68 189 68 189 68 189
607 158 68 189 68 189
85 359 68 85 359 68 85 359
607 158 68 19 85 68 19 85 68 158 108
607 158 68 5 68 189 68 189 68 189 68 189 68 189 68 241 68 189
607 158 68 5 68 5 189 68 5 68 189 68 189
607 158 68 189 68 189 68 189 68 189
607 158 68 607 158 68 5 68 5 68 5 189 68 397 68 397
607 158 68 607 158 68 189 68 569 68 189 68 189 68 189 68 189
607 158 68 158 108
607 158 68 5 68 5 189 68 189 68 189
607 158 68 607 158 68 5 68 607 158 68 5 68 397 68 397 68 397 68 397 68 397 68 189
189
19 85
607 158 68 607 158 68 189 68 189 68 189
607 158 68 5 68 5 68 5 68 189 68 189 68 189 68 189 68 189
607 158 68 607 158 68 5 68 5 68 189 68 189 68 189 68 189
607 158 68 397 68 189 68 189
607 158 68 607 158 68 189 68 189 68 189 68 189 68 189 68 189 68 189 68 189 68 189
189
607 158 68 5 68 5 189 68 5
607 158 68 158 108
607 158 68 607 158 68 607 158 68 607 158 68 189 68 189 68 189 68 189 68 189 68 189 68 189 68 189 68 189 68 189 68 189 68 189 68 189 68 5 68 607 158 68 607 158 68 607 158 68 607 158 68 607 158 68 607 158 68 607 158 68 607 158 68 607 158 68 607 158 68 607 158 68 607 158 68 607 158 68 607 158 189 550 158 85 359 189 189 241 359 68 607 158 85 359 68 607 158
85 359
607 158 68 607 158 68 5 68 5 68 189 68 189 68 189 68 189
607 158 68 5 68 5 189 68 397 68 397
607 158
607 158 68 607 158 68 607 158 68 607 158 68 189 68 397 68 189 68 189 68 189 68 189 68 189 68 189 68 397 68 189 68 397 68 397 68 397 68 5 68 397 68 607 158 68 607 158 68 607 158 68 607 158 68 607 158 68 607 158 68 607 158 68 607 158 108 68 607 158 108 68 607 158 108 68 607 158 85 359 211 108 68 607 158 85 359 189 241 359 5 189 359 5 189 5 189 68 607
85 359
607 158 68 5
607 158 68 607 158 68 607 158 68 607 158 68 189 68 189 68 189
607 158 68 607 158 68 569 68 85 68 569 68 569 68 569 68 569 68 569 68 85 359
607 158 68 5 68 5 189 68 397
607 158 68 5 68 5 68 5 68 5 68 5 189 68 397 68 397 68 5 189 68 5 189
607 158 68 607 158 68 569 68 569 68 158 108
607 158 68 189 68 189 68 189 68 189
189 85 359
607 158 68 5 68 5 189 68 397
607 158 68 5 68 5 189 68 397
607 158 68 5 68 5 68 5 68 189
607 158 68 607 158 68 5 68 5 68 189 68 189 68 397 68 189
607 158 68 5
607 158 68 517
607 158 68 607 158 68 189 68 189 68 189 68 189 68 189 68 189 68 189 68 189 68 189
85 359 68 85 359 68 85 359
607 158 68 607 158 68 189 68 189 68 189 68 189 68 189 68 189
607 158 68 189 68 189
261 86
211 108
607 158 68 607 158 68 5 68 607 158 68 189 68 397 68 397 68 189 68 189 68 397 68 189 68 189 68 397 68 397 68 397 68 397 68 397 68 5 68 397 68 397 68 5 189 68 397 68 5 189 68 5 68 607 158 68 5 68 607 158 68 607 158 108 68 607 158 108 68 607 158 85 359 211 108
607 158 68 5 68 5
607 158 68 189 68 189 68 189
211
261 86
85 359
607 158 68 189 68 189
607 158 68 607 158 68 607 158 68 607 158 68 189 68 189 68 189 68 189 68 189 68 189
85 359 211 108
607 158 68 5 68 5 68 5 68 5 68 5 68 5
607 158 68 607 158 68 5 68 5 68 5 68 5
607 158 68 5 68 5 189 68 397
86 108
607 158 68 158 108
283
607 158 68 5 68 5 68 5 68 5 189
85 359 85 359
607 158 68 5 68 5 68 5 68 5 68 5 189 68 5
607 158 68 397 68 517
607 158 68 607 158
607 158 68 397
607 158 68 430 68 517
607 158 68 5 68 5 189 68 5
607 158 68 607 158 68 5 68 397 68 189 68 189 68 397 68 189
607 158 68 607 158 68 5 68 397 68 397 68 397 68 397
211 108
607 158 68 5 68 5 68 5 68 5 68 5 68 5 68 5 68 5 68 5 68 5 68 5 189
261 86 68 86
607 158 68 5 68 5 189 68 397 68 189
85 359 85 359
85 359
607 158 68 5 189 68 189
607 158
607 158 68 5 68 5 189 68 397
607 158 68 189 68 189
607 158 68 5 68 5 189 68 397 68 397 68 397 68 397 68 397
607 158 68 607 158 68 5 68 5 68 5 68 5 68 5 68 5 68 5 68 5 68 189
211
389 158 118
607 158 68 5 68 5 189 68 5 189 68 189
607 158
607 158 68 607 158 68 5 68 5 68 5 68 5 68 5 68 5 68 5 68 5 68 5 189
607 158 68 397 68 517
607 158 68 5 68 5 189 68 397
211 108
321 240
607 158 68 5 68 5 68 5 68 5 68 5 189
607 158 68 5 68 5 68 5 68 397 68 189 68 397 68 397 68 397 68 397 68 397 68 189
607 158 68 5 68 5 68 5 68 5 68 5 189 68 397 68 397 68 397 68 397 68 397 68 397 68 397
85 359
607 158 68 607 158 68 5 68 5 68 189 68 189 68 397 68 189
607 158 68 607 158 68 5 68 5 68 5 68 5 68 5 68 189
607 158 68 607 158 68 569 68 569 68 189 68 189 68 397 68 569 68 569 68 569 68 569 68 189
607 158 68 569 68 189 68 397 68 397
607 158 68 5 68 5 189 68 5
607 158 68 430 359
607 158 68 607 158 68 5 68 5 68 5 68 5 189 68 397 68 397
607 158 68 607 158 68 5 68 5 68 5 68 5 68 5 68 5 68 5 68 5 68 5 189
607 158 68 607 158 68 189 68 189 68 189 68 189 68 189 68 189
607 158 68 607 158 68 607 158 68 607 158 68 189 68 397 68 189 68 189 68 569 68 189
607 158 68 189 68 189 68 189
261 86
85 199
607 158 68 5 68 5 68 5 68 5 189 68 189 68 5 189
261 86 68 5
607 158 68 5 68 5 68 5 68 189 68 189 68 189 68 189 68 189 68 189 68 189 68 189 68 189 68 189 68 189
85 359
607 158 68 5 189 68 5
607 158 68 5 68 5 68 5 68 5 189
607 158 68 607 158 68 5 68 5 68 5 68 5 189 68 5
607 158 68 5 68 5 68 5 68 5 189 68 5 189
85 359
607 158 68 607 158 108 68 19 85 359 68 189 68 241 68 241 359
607 158 68 189 68 189 68 189 68 189
211
607 158 68 607 158 108
607 158 68 5 68 5 68 569 68 397 68 189 68 397 68 397 68 189
607 158 68 5 189 68 397 68 397
607 158 68 5
85 359
85 359
607 158 68 5 68 5 189 68 5
607 158 68 607 158 68 189 68 569 68 189 68 189 68 189 68 189
211 108
211
607 158 68 607 158 68 189 68 397 68 189 68 397 68 397 68 397
607 158 68 5 68 5 68 5 68 397 68 397 68 397 68 397 68 397 68 397 68 397 68 397 68 397 68 397
607 158 68 607 158 68 189 68 397 68 189
607 158 68 5 68 5 68 5 68 397 68 397 68 397 68 397 68 397 68 397 68 397
607 158 68 607 158 68 5 68 5 68 397 68 397 68 397 68 397 68 397 68 397 68 397
283
607 158 68 5 68 5 68 5 68 5 189
607 158 68 5 68 5 68 5 68 5 68 5 189 68 5
211
85 359 211 108
85 359
607 158 68 607 158 68 397 68 158 108
607 158 68 607 158 68 5 68 397 68 189
607 158 68 607 158 68 189 68 189
607 158 68 607 158 68 5 68 607 158 68 189 68 189 68 189 68 189 68 189 68 189 68 189 68 189 68 189 68 189
607 158 68 607 158 68 5 68 5 68 189 68 189 68 189 68 189 68 189 68 189 68 189
211
607 158 68 5 68 5 68 5 68 5 189
607 158 68 5 189 68 189 68 189
607 158
607 158 68 607 158 68 5 68 397 68 189 68 189 68 397 68 189
607 158 68 607 158 68 5 68 569 68 189 68 189 68 397 68 397 68 569 68 569 68 397 68 189
607 158 68 5 189 68 517
607 158 68 607 158 68 5 68 607 158 68 189 68 397 68 397 68 189 68 189 68 397 68 189
607 158 68 5
607 158 68 189 68 189
211
607 158 68 607 158 68 5 68 5 68 5 68 5 68 5 68 5 68 5 189 68 397 68 5 189
85 359
211 108
607 158 68 5
607 158 68 5 189
607 158 68 5 68 5 189 68 5 189 68 189
607 158 68 607 158 108 68 189 68 189 68 189
607 158 68 607 158 108
85 359
321 247
607 158 68 5 68 5 189 68 397
85 85 359 68 85
85 359
607 158 68 5 68 5 189 68 5
283 68 5 68 5 68 5 68 5 68 5 68 5 68 5
607 158 68 607 158 68 397 68 85 359
607 158 68 5 68 5 68 5 68 189 68 189 68 189 68 397 68 189
607 158 68 607 158 68 607 158 68 5 68 189 68 189 68 189
607 158 68 607 158 68 189 68 189 68 189 68 189 68 189 68 189 68 189 68 189 68 189

85 359
607 158 68 5 68 189 68 189 68 397 68 189
430
321 240
607 158 68 607 158 68 85 68 85 359 68 189 68 85 359
607 158 68 189 68 189 68 189 68 189
607 158 68 189 68 189
607 158 108
607 158 68 5
321 240
607 158 68 607 158 68 5 68 397 68 397
85 359
85 359
607 158 68 5 68 397
607 158 68 397 68 517
85 359
607 158 68 5 68 5 68 5
85 359
607 158 68 5 68 397 68 397 68 397
607 158 68 607 158
607 158 68 5 68 397 68 517
607 158 68 5 68 5 189 68 5
85 359
607 158 68 189 68 189 68 189 68 189
607 158 68 607 158 68 5 68 5 68 5 189 68 5
607 158 68 189 68 189 68 189 68 189
607 158 68 5
85 359
211 108
607 158 68 607 158 68 189 68 569 68 189 68 189 68 569 68 189 68 189 68 569 68 569 68 189 68 569 68 85
607 158
607 158 68 607 158 68 189 68 189 68 189 68 189 68 189 68 189
607 158 68 607 158 68 189 68 189 68 189 68 189 68 189 68 189 68 189 68 189 68 189
607 158 68 5 189 68 189
261 86
607 158 68 5 68 5 189 68 397 68 397 68 397
607 158 68 607 158 68 189 68 189 68 189
607 158 108 68 569 68 19 85 359
607 158 68 607 158 68 569 68 569 68 189 68 189 68 397 68 189 68 569 68 569 68 569 68 189
241 359
607 158 68 5 68 5 189 68 569 68 189
85 359 211 108
85 359
607 158 68 5
607 158
607 158 68 517
607 158 68 607 158 68 5 68 569 68 189 68 189 68 397 68 397 68 569 68 569 68 397 68 189 68 397 68 397 68 397
607 158 68 517
607 158 68 569 68 189 68 19 85 359
211
607 158 68 5 68 5
607 158 68 607 158 108 68 397 68 430
85 359
85 359
607 158 68 5 68 5 68 5 68 5 68 5 68 397 68 397
607 158 108
86 108
607 158 68 5 68 5 68 5 68 5
607 158 68 517
607 158 68 607 158 68 607 158 68 607 158 68 397 68 397 68 397 68 397 68 85
607 158 68 607 158 68 189 68 189 68 189 68 189 68 397 68 189
607 158 68 607 158 68 5 68 607 158 68 5 68 5 68 5 68 5 68 5 68 397
607 158 68 607 158 68 189 68 189 68 189 68 189 68 189 68 189 68 189 68 189 68 189
607 158 68 5 68 5
261 86 68 5
607 158 68 607 158 68 189 68 189 68 189 68 189 68 189 68 189 68 189 68 189 68 189
607 158 68 607 158 68 5 68 397 68 189 68 397 68 397 68 397
607 158
607 158 68 5 68 5 189 68 5
211 479
607 158 68 189 68 189
607 158 68 607 158 68 5 68 5 68 5 68 5 68 5 68 5 68 5 68 5 68 5 189
607 158 68 607 158 68 397 68 397 68 397 68 397 68 397 68 397
607 158 68 5 68 189 68 189 68 189
607 158 68 5 68 5 68 5 68 5 68 5 68 5 68 5 68 5 189 68 5 189 68 189
607 158 68 607 158 68 189 68 189 68 189 68 189 68 189 68 189
607 158 68 158 108
607 158 68 607 158 68 5 68 397 68 397 68 397 68 397 68 397
607 158 68 5 68 5 189 68 5 68 5 189
607 158 68 607 158 68 607 158 68 189 68 189 68 189 68 189
607 158 68 5
607 158 68 189 68 189
85 359 211 108
261 86
607 158 68 607 158 68 5 68 5 68 189 68 189 68 189 68 189 68 189 68 189 68 189
607 158 68 5 68 5 68 5 68 5 68 5 189 68 397 68 189
607 158 68 5 68 5 189 68 189 68 189 68 189
607 158 68 5 68 5 189 68 5
607 158
85 359 68 85 359 68 85 359
607 158 68 5 68 5 189 68 5 189 68 189
607 158 68 5 68 5 189 68 5 189 68 5 189
607 158 68 85 359 68 19 85 359 68 158 108
607 158 68 607 158 68 5 68 397 68 397 68 397 68 397 68 397 68 397 68 397 68 397 68 397 68 397 68 397 68 397
211 543 211
607 158 68 5 68 5 68 5
607 158 68 5 68 5 68 5 68 397 68 397 68 397 68 397 68 397 68 397 68 397 68 397 68 397 68 397 68 397
86 108
240 211
607 158 68 607 158 68 5 68 5 68 189
607 158 68 607 158 68 5 68 397 68 189
85 359
607 158 68 607 158 68 189 68 189 68 189 68 189 68 189 68 189
607 158 68 5 68 5 68 5 68 5 68 189 68 189 68 189 68 189 68 189 68 189
607 158 68 607 158 68 607 158 68 607 158 68 5 68 5 68 189 68 189 68 189 68 189 68 189 68 189 68 189
85 359 85
607 158 68 569 68 569 68 85 359
607 158 68 607 158 68 189 68 189 68 189 68 189 68 189 68 189 68 189 68 189 68 189
607 158 68 517
607 158 68 607 158 68 5 68 5 68 5 68 5 189 68 397 68 397
607 158 68 607 158 68 189 68 189 68 189 68 189
607 158 68 607 158 108 68 397 68 397
607 158 68 607 158 68 5 68 5 68 189 68 189 68 397 68 397 68 189
607 158 68 158 108 68 189 68 158 85 359
607 158 68 607 158 68 5 68 189 68 189 68 189 68 189 68 189
607 158 68 607 158 68 607 158 68 607 158 68 189 68 569 68 189 68 189 68 569 68 189
607 158 68 5 68 5 189 68 5 189 68 397
607 158 68 5 68 5 68 5 68 5 68 189 68 397 68 397 68 189
607 158 68 430 68 517
607 158 68 5 68 5 189 68 5
607 158 68 607 158 68 189 68 569 68 189 68 189 68 189 68 189 68 189 68 569 68 189
85 359 211 108
211
607 158 68 5
607 158 68 607 158 68 607 158 68 607 158 68 5 68 5 68 397 68 5 68 397 68 397 68 189
607 158 68 607 158 68 189 68 189 68 189 68 189 68 189 68 189
85 359 389 158 108
19 85
85 359
607 158 68 607 158 68 189 68 569 68 189 68 189 68 569 68 189 68 189 68 569 68 189
607 158 68 430
607 158 68 5
211 108
607 158 68 607 158 68 189 68 189 68 189 68 189 68 189 68 189
430
607 158 68 430 359
607 158 68 607 158 68 5 68 5 68 5 68 5 68 5 68 5 68 5 68 5 68 189
607 158 68 5
85 359 85
607 158 68 5 68 5 189 68 5
607 158 68 607 158 68 5 68 5 68 5 68 5 68 5 68 5 68 5 189 68 5 189
607 158 68 5 68 5 68 5 68 5 68 5 189
607 158 68 607 158 68 607 158 68 607 158 68 5 68 5 68 189 68 189 68 189 68 189
607 158 68 430 68 189
607 158 68 607 158 68 189 68 569 68 189 68 189 68 569 68 569 68 569 68 569 68 569 68 189
607 158 68 517
607 158 68 607 158 68 5 68 397 68 189 68 189 68 397 68 397 68 397 68 397 68 397
86 108
85 359
607 158 68 607 158 68 189 68 189 68 189 68 189 68 189 68 189 68 189 68 189 68 189
607 158 68 5 68 5 68 5 68 5 68 5 68 5 68 397 68 5 68 5 189 68 397 68 5 189 68 397 68 397 68 397 68 397 68 5 68 5 68 5 68 5 68 5 189 68 5 68 5 189 68 5 68 5 68 5 189 68 5 68 5 189 68 5 189 68 5 189 68 5 189 68 5 189
607 158 68 5 68 5 68 5 68 5 68 5 189 68 5 68 5 189
607 158 68 5
389 158 118
607 158 68 5 68 5 68 5 68 5 68 5 68 5 68 5 68 5 68 5 68 5 68 5 189
607 158 68 607 158 68 5 68 397 68 189
607 158 68 607 158 68 189 68 607 158 68 189 68 189 68 189 68 189 68 189 68 569 68 189 68 189 68 85 359
607 158 68 5 189 68 517
607 158 68 5 68 5 189 68 5
389 158 118
607 158
85 359 68 85 359 68 85 359
85 359
607 158 68 189 68 189
85 359 68 85 359 68 85 359
607 158 68 607 158 68 189 68 189 68 189
607 158 68 607 158 68 569 68 569 68 189 68 189 68 569 68 569 68 569 68 569 68 85 359
607 158 68 397
607 158 68 607 158 68 569 68 569 68 189 68 189 68 397 68 397 68 569 68 569 68 569 68 189 108
607 158 68 5 68 5 68 5 68 5
211 108
607 158 68 607 158 68 5 68 5 68 5 189
607 158 68 5 68 5 68 5 68 5
607 158 68 607 158 68 5 68 5 68 5 68 5 68 5 68 5 68 5 189 68 5 68 189
607 158
607 158 68 5
607 158 68 5 68 5 189 68 5 189 68 189
211 108
607 158 108
607 158 68 607 158 68 189 68 189 68 189 68 189 68 189 68 189
607 158 68 607 158 68 5 68 5 68 189 68 189 68 397 68 189
607 158 68 607 158 68 607 158 68 607 158 68 5 68 397 68 397 68 397 68 397
607 158 68 430
607 158 68 607 158 68 189 68 189 68 189 68 189 68 189 68 189 68 189 68 189 68 189
607 158 68 607 158 68 5 68 397 68 397 68 397 68 397
607 158 68 5 68 5 68 5 68 5 68 5 189 68 5 68 5 189
607 158 68 607 158 68 607 158 68 397 68 397 68 397 68 397
607 158 68 5 68 5 189 68 5 189 68 189
607 158 68 5 189 68 189 68 397
607 158 68 607 158 68 5 68 397 68 397
607 158 68 397 68 517

607 158 68 5 189 68 5 189 68 5
85 359
607 158 68 517
607 158 68 607 158 68 5 68 5 68 5 68 5
607 158 68 607 158 68 5 68 607 158 68 5 68 397 68 397 68 397 68 397 68 397
607 158 68 189 68 189 68 189 68 189
607 158 68 607 158 68 569 68 569 68 158 108 68 397 68 397 68 569 68 569 68 569 68 569 68 397 68 397
607 158 68 607 158 68 5 68 5 68 5 189 68 5 189 68 189
607 158 68 607 158 68 5 68 5 68 5 68 5 189 68 397 68 397
607 158 68 569 68 569 68 569 68 569 68 189 68 19 85 359
240
19 85
607 158 68 607 158 68 5 68 5 68 189 68 189 68 189 68 189 68 189 68 189 68 189
607 158 68 430 68 517
283 68 85 359 68 85
607 158 68 189 68 189
607 158 68 607 158 68 189 68 569 68 189 68 189 68 189 68 189 68 189 68 569 68 189
85 359
607 158 68 5 68 5 189 68 5 189 68 189 68 397 68 397 68 189
607 158 68 607 158 68 189 68 189 68 189 68 189 68 189
607 158 68 607 158 68 607 158 68 607 158 108
607 158 68 5 68 5 189
211 479
85 359
607 158 68 607 158 68 189 68 189 68 189 68 189 68 189 68 189
607 158 68 607 158 68 189 68 189 68 189 68 189 68 189 68 189 68 189 68 189 68 189
607 158 68 607 158 68 5 68 5 68 5 68 5 68 397 68 397 68 5 189 68 397 68 5 189
607 158 68 5 68 5 68 5 68 5 68 5 189 68 5 68 5 68 5 189 68 5 189
86 108
607 158 68 5 68 5 189 68 189 68 189 68 189 68 397 68 189
607 158 68 5 68 5
607 158 68 5 68 5 68 5 68 5 68 5 189 68 397 68 397 68 397 68 397 68 397
607 158 68 5 68 5 68 5 68 5 189 68 5
607 158 68 5 68 5 189 68 397 68 397 68 397 68 397 68 397
283 68 607 158
607 158 68 5 68 5 68 5 68 5 68 5 189 68 5 68 5 68 5 189 68 5 189
607 158 68 607 158 68 5 68 5 68 189 68 189 68 397 68 189 68 189 68 397 68 189
607 158 68 607 158 68 607 158 68 607 158 68 5 68 397 68 397 68 397 68 397 68 397 68 397 68 397
607 158 68 607 158 68 5 68 5 68 5 68 5 68 397 68 397 68 397 68 397 68 397 68 397 68 397 68 397 68 397 68 397 68 397 68 397 68 397 68 397 68 5 68 5 68 397 68 5 189 68 397 68 397 68 5 68 5 68 607 158 108 68 607 158 108 68 607 158 108
85 359
85 359 68 85 359 68 189 85 359
607 158 68 5 68 5 68 5 68 397 68 397 68 397 68 397 68 397 68 397 68 397 68 397 68 397 68 397
85 359 85 359
85 359 68 85 359 68 85 359
85 359
607 158 68 5 68 5 189 68 397 68 397
607 158 68 607 158 68 189 68 189 68 189
607 158 68 607 158 68 189 68 189 68 189 68 189 68 189 68 189 68 189 68 189 68 189
607 158 68 5
85 359 68 85 359 68 85 359
607 158 68 430
85 359
607 158 68 607 158 68 5 68 397 68 397 68 397
85 359
85 359
86 108
607 158 68 607 158 68 5 68 607 158 68 5 68 5 68 5 68 5 68 5 68 5 68 5 189
240 211 108
85 359
607 158 68 607 158 68 5 68 569 68 189 68 189 68 569 68 569 68 569 68 569 68 569 68 189 68 569 68 397 68 397 68 397 68 397 68 397 68 397 68 397 68 569 68 397 68 397 68 397 68 397 68 397 68 607 158 108 68 607 158 108 68 607 158 108 68 607 158 108 68 607 158 108
211
607 158 68 430 68 158 108
607 158 68 607 158 68 189 68 189 68 189 68 189
261 86 68 5
607 158 68 607 158 68 569 68 569 68 397 68 397 68 397 68 397 68 569 68 569 68 569 68 569 68 397 68 85
607 158
607 158 68 607 158 68 5 68 5 68 5 68 5 68 397 68 397 68 397 68 397 68 397 68 397 68 397 68 397
283
607 158 68 5 68 5 189 68 5
607 158 68 5 68 5 68 5 68 5 189
607 158 68 5 68 5 189 68 397 68 397 68 397 68 397 68 397
607 158 68 189 68 189 68 189
607 158 68 5
607 158 68 85 359
607 158 68 607 158 68 5 68 607 158 68 5 68 5 68 397 68 189 68 5 68 397 68 189
607 158 68 5 189 68 5
85
607 158 68 607 158 68 5 68 397 68 397
261 86
365 430
607 158 68 5 68 5 189 68 5
607 158 68 607 158 68 607 158 68 189 68 189 68 189 68 189 68 189 68 189 68 189 68 189 68 189 68 189 68 189 68 189 68 5 68 5 68 5 68 5 68 5 68 5 189 68 607 158 68 5 189 68 5 68 607 158 68 607 158 68 607 158 68 607 158 68 607 158 189 68 607 158 359 211 108
261 86
607 158 68 5 68 5 68 5 68 5 68 5 189 68 397 68 5 68 5 189 68 5 189
430
607 158 68 5 68 5 189 68 5 189 68 189
607 158 68 5 68 5 189 68 397
85 359
607 158 68 397
607 158 68 5 189 68 189 68 397
85 359
261 86
85 359
607 158 68 607 158 68 5 68 5 68 189 68 189 68 189 68 189 68 189 68 189 68 189
85 359 68 85 359 68 85 359
607 158 68 430 68 158 108
86 108
607 158 68 517
85 359
607 158 68 430 68 517
607 158
85
607 158 68 607 158 68 5 68 5 68 5 68 5 68 397 68 397 68 5 189 68 397 68 5 189
607 158 68 607 158 68 189 68 569 68 189 68 189 68 569 68 189 68 189 68 569 68 569 68 189 108
607 158 68 607 158 68 5 68 5 68 189 68 189 68 189 68 189 68 189 68 189 68 189
607 158 68 189 68 189 68 517
607 158
607 158 68 607 158 68 189 68 189 68 189 68 189 68 189 68 189 68 189 68 189 68 189
607 158 68 5 189 68 189 68 189
607 158 68 607 158 68 189 68 189 68 189 68 189 68 189 68 189 68 189 68 189 68 189
607 158 68 5
607 158 68 5 68 5 189 68 397 68 397
607 158 68 5 68 5 68 5 68 189 68 189 68 189 68 189
211 240 211
607 158 68 5 68 5 189 68 397 68 397 68 397
607 158 68 607 158 68 5 68 5 68 5 189 68 397 68 397 68 397 68 397 68 397
211
607 158 68 607 158 68 189 68 569 68 189 68 189 68 189 68 189 68 189 68 189 68 189
607 158 68 607 158 68 189 68 189 68 189 68 189 68 189 68 189
85 359
85 359 211 108
85 359
607 158 68 189 68 189 68 189
211 108 68 211
85 359
607 158 68 607 158 108 68 397 68 397
607 158 68 607 158 68 569 68 569 68 158 108
607 158 68 5 68 5 189 68 5
607 158 68 607 158 68 607 158 68 607 158 68 189 68 189 68 189 68 189 68 189 68 189 68 189 68 189 68 189
211 543 211
283
607 158 68 607 158 68 189 68 189 68 189
211
607 158 68 550 158 68 550 158
607 158 68 607 158 68 189 68 189 68 189 68 189 68 189 68 189 68 189 68 189 68 189
607 158 68 607 158 68 189 68 189 68 189
607 158 68 397 68 397
607 158 68 607 158 68 5 68 5 68 5 68 5 68 5 68 5 68 5 68 5 68 5 68 5 68 5 68 5 68 5 68 5 68 5 68 5 68 5 68 5 68 5 68 5 68 5 68 5 189 68 5 68 5 68 5 68 5 68 607 158 68 607 158 68 607 158 108 68 5 189 68 5 189
607 158 68 5 68 5 189 68 5
607 158 68 607 158 68 5 68 5 68 5 68 5 189 68 397 68 189
607 158 68 607 158 68 5 68 5 68 189 68 189 68 397 68 189 68 189 68 569 68 189
607 158 68 607 158 68 607 158 68 607 158 68 5 68 5 68 5 68 5 68 5
607 158 68 607 158 68 5 68 5 68 5 68 397 68 397 68 397 68 397 68 397 68 397 68 397 68 397
607 158 68 607 158 68 5 68 5 68 5 68 5 68 5 68 189 68 5 189 68 189 68 189
607 158 68 607 158 68 5 68 397 68 189 68 189 68 397 68 397
85 359
607 158 68 607 158 68 5 68 5 68 5 68 5 189 68 397 68 397 68 397 68 397 68 397
283
607 158 68 517 68 517
607 158 68 607 158 68 189 68 397 68 189
607 158 68 5 68 5 189 68 5 189 68 189
607 158 68 5 68 5 68 5 68 5 68 5 189 68 5
607 158 68 5 68 5 68 5 68 5 189
607 158 68 5 68 5 68 5 68 5 68 189 68 5 68 5 68 189
607 158 68 189 68 189 68 189 68 158 108
607 158 68 569 68 189 68 189 68 189
607 158
607 158 68 5 68 5 68 5 68 5 189
607 158 68 430
607 158 68 5
607 158 68 607 158 68 5 68 397 68 189 68 189 68 397 68 397 68 189
607 158 68 189 68 189 68 189
607 158 68 5 68 5 189 68 397
211 108
607 158 68 607 158 68 5 68 5 68 189 68 189 68 189 68 189 68 189 68 189 68 189
607 158 68 85 359
85 359
607 158 68 5 68 5 68 5 68 5 68 5 189 68 5 68 5 189
607 158 68 607 158 68 5 68 607 158 68 5 68 5 68 5 68 5 68 5 68 5 68 189
211 108
283 68 5
607 158 68 607 158 68 5 68 5 68 5 189
607 158 68 607 158 68 569 68 569 68 158 108 68 569 68 569 68 569 68 569 68 85 359
607 158 68 5 68 5
607 158 68 5
607 158 68 607 158 68 189 68 607 158 68 189 68 189 68 189 68 189 68 189 68 189 68 189
607 158 68 607 158 68 5 68 397 68 397
85
607 158 68 5
607 158 68 607 158 68 189 68 189 68 189 68 189 68 189 68 189 68 189 68 189 68 189
607 158 68 5 68 5 189 68 5
607 158 68 5 68 5 189 68 5
607 158 68 607 158 68 189 68 569 68 189 68 189 68 189 68 189 68 189 68 189 68 189
607 158 68 607 158 68 189 68 189 68 189 68 189 68 189 68 189 68 189 68 189 68 189
607 158 68 5 68 189 68 189 68 189 68 189
211 108
607 158 68 5 68 5 189 68 397
607 158 68 5 68 5 189 68 5
607 158 68 607 158 68 189 68 569 68 189 68 189 68 397 68 189
211 108
86 108
607 158 68 5 68 5 189 68 5
607 158 68 607 158 68 189 68 189 68 189 68 189 68 189 68 189 68 189 68 189 68 189
389 158 118
607 158 68 607 158 108
607 158 68 607 158 68 607 158 68 607 158 68 5 68 397 68 397 68 397 68 397 68 397
607 158 68 607 158 68 569 68 569 68 189 68 189 68 569 68 189
607 158 68 85 359
607 158 68 607 158 68 5 68 607 158 68 5 68 5 68 5 68 5 68 5 68 5 68 189
607 158 68 607 158 68 189 68 189 68 189 68 189 68 189 68 189 68 189 68 189 68 189
607 158 68 607 158 68 5 68 607 158 68 397 68 397 68 397
607 158 68 607 158 68 5 68 569 68 189 68 189 68 397 68 397 68 569 68 569 68 569 68 189 68 397 68 397 68 397 68 397 68 397 68 397 68 397 68 397 68 397 68 397 68 397 68 397 68 397 68 397 68 607 158 108 68 607 158 108 68 607 158 108 68 607 158 108 68 607 158 108
607 158 68 607 158 68 189 68 189 68 189 68 189 68 189 68 189 68 189 68 189 68 189 68 189 68 189 68 189
607 158 68 607 158 68 5 68 5 68 5 68 5 68 397 68 397 68 397 68 397 68 397
607 158 68 607 158 68 189 68 569 68 189 68 189 68 569 68 189 68 189 68 569 68 189
607 158 68 5 68 5 68 5 68 5 68 5 189 68 397 68 397 68 397 68 397 68 397
85 359 68 85 359 68 85 359
607 158
607 158 68 189 68 189 68 189
607 158 68 607 158 68 5 68 397 68 397 68 397 68 397 68 397 68 397 68 397
607 158 68 5 68 5 189 68 397
607 158 68 430 68 517
607 158 68 607 158 68 5 68 607 158 68 5 68 5 68 397 68 397 68 397 68 397 68 397 68 397 68 397 68 397 68 397 68 397 68 397 68 397 68 397 68 397 68 5 189 68 397 68 397 68 5 189 68 397 68 5 189 68 607 158 68 607 158 108 68 607 158 108 68 607 158 85 359
607 158 68 5 68 5 68 5 68 189 68 189
607 158 68 607 158 68 5 68 607 158 68 189 68 189 68 189 68 189 68 189 68 189 68 189
607 158 68 607 158 68 5 68 189 68 189 68 189 68 397 68 189
607 158 68 5 68 5 189 68 5 189 68 189
607 158 68 5
211
211 108
211
85 359 211 108
85 359
607 158 68 607 158 68 189 68 569 68 189 68 189 68 189 68 189
607 158 68 189 68 189 68 189 85 359
607 158 68 607 158 68 5 68 5 68 5 68 5 68 5 68 5 68 5 68 5 68 397 68 5 68 397 68 397 68 5 68 397 68 397 68 5 68 5 68 5 68 5 68 5 68 397 68 5 68 5 68 5 68 5 68 5 68 5 68 607 158 108 68 607 158 108 68 5 189 68 5 189
607 158 68 607 158 68 569 68 85 359 68 397 68 397 68 397
607 158 68 5 68 189 68 189 68 189
85 359
607 158 68 607 158 108 68 189 68 189
607 158 68 5 68 5 189 68 5 68 189 68 189 68 397 68 397
607 158 68 5 68 189 68 189 68 189 68 189
607 158
261 86
321 240
607 158 68 5 68 5 189 68 5 189 68 189
607 158 68 607 158 68 5 68 5 68 5 189 68 397 68 397 68 397
607 158 68 5 68 5 68 5 68 5
607 158 68 5 189 68 189
607 158 68 607 158 68 5 68 189 68 189 68 189 68 189 68 189 68 189 68 189 68 189
607 158 68 189 68 189
261 86 68 86
607 158 68 607 158 68 5 68 5 68 189 68 189 68 5 68 189 68 189 68 5 189
607 158 68 5 68 5 68 5 68 5 68 5 189 68 5 68 5 68 5 189
607 158 68 189 68 189 68 189 85 359
607 158 68 5 68 5 68 5 68 5 68 5 189
607 158 68 430 68 158 108
607 158 68 158 108 68 189 68 158 108
283 68 5
607 158 68 607 158 68 189 68 189 68 189 68 189 68 189 68 189
85 359 211 108
607 158
85 359
85 359 211 108
85 359 68 85 359 68 189 85 359
85 359
607 158 68 5 68 5 68 5 68 5 68 5 189 68 5 68 5 189
85 359
607 158 68 5 68 5 68 5 68 5 68 5 68 5 68 397 68 5 68 5
607 158 68 5 68 5 189 68 5 189 68 397
607 158 68 607 158 68 5 68 607 158 68 5 68 5 68 5 68 5 68 5 68 5 68 5 68 5 68 397 68 397 68 5 68 397 68 5 68 5 68 5 68 5 68 5 68 5 68 397 68 5 189 68 5 68 5 68 5 68 607 158 68 607 158 108 68 607 158 108 68 607 158 68 607 158 108
211 108
85 359
85 359
85 359 211 108
607 158 68 607 158 68 189 68 189 68 189 68 189 68 189 68 189
607 158 68 5 68 517
607 158 68 189 68 189
211
607 158 68 397 68 517
283
607 158 68 607 158 68 5 68 569 68 397 68 397 68 397 68 397 68 397 68 397 68 397
607 158 68 5 68 5 189 68 397 68 397
607 158 68 607 158 68 189 68 189 68 189 68 189 68 189 68 189
607 158 68 607 158 68 5 68 5 68 5 68 5 189 68 397 68 5 189
607 158 68 5 189 68 189
607 158 68 5 68 189 68 189
607 158 68 607 158 108 68 85 359
607 158 68 189 68 189 68 189
607 158 68 5
607 158 68 5 68 5 189 68 5
85 359
607 158 68 607 158 68 189 68 189 68 189 68 189 68 189 68 189
607 158 68 189 68 189
607 158 68 607 158 68 607 158 68 607 158 68 5 68 397 68 397
607 158 68 5 189 68 397
607 158 68 5 68 5 68 5 68 5 189 68 5 189 68 397 68 397
261 86 68 86
211 68 550 158 68 158
607 158 68 607 158 68 5 68 607 158 68 5 68 397 68 397 68 397 68 397 68 397 68 397
261 86
607 158 68 5 68 5 68 5 68 5 189 68 189 68 397 68 189
607 158 68 607 158 68 189 68 189 68 189 68 189 68 397 68 189
211
85 359
607 158 68 607 158
607 158 68 430 68 158 108
607 158 68 607 158 68 5 68 607 158 68 5 68 397 68 397 68 189 68 397 68 397 68 189
189
607 158 68 5 189 68 189
607 158 68 5 68 5 189 68 5 68 5 189
607 158 68 607 158 68 189 68 189 68 189 68 189 68 189 68 189 68 189 68 189 68 189
607 158 68 607 158 68 5 68 5 68 189 68 189 68 397 68 189 68 189 68 189 68 189
607 158 68 607 158 68 5 68 5 68 189 68 189 68 397 68 189 68 189 68 189 68 189
607 158 68 5 68 5 189 68 5
85 359
607 158 68 5 68 5 68 5 68 5 68 5 189 68 397 68 397 68 5 189 68 5 189
607 158 68 5 68 5 189 68 5
607 158 68 607 158 68 5 68 5 68 5 68 5 189 68 397 68 397 68 397 68 397
607 158 68 607 158 68 397 68 397 68 397
607 158 68 430 68 640
607 158 68 607 158 68 5 68 5 68 5 68 5 68 397 68 397 68 397 68 397 68 397
85 359
211 118
607 158 68 607 158 68 5 68 5 68 189 68 189 68 397 68 189 68 189 68 569 68 189
607 158 68 5 68 189 68 189 68 189 68 189
607 158 68 5 68 5 68 5 68 5 68 5 189
607 158 68 5 68 5 68 5 68 5 189 68 5 189 68 5 189
85 359 68 85 359 68 85 359
283
607 158 68 158 108
607 158 68 5 68 5 68 5 68 5 68 189 68 397 68 397 68 189
607 158 68 5 68 5 189 68 397 68 397
607 158 68 607 158 68 5 68 397 68 397
607 158 68 5 68 5 189 68 397 68 397 68 397
261 86
607 158 68 5 68 5 68 5 68 5 189
607 158 68 5 189 68 189 68 189
607 158 68 5 68 189 68 189 68 189
283
607 158 68 607 158
607 158 68 5 68 5 68 397 68 397 68 397 68 397 68 397 68 397 68 397 68 397 68 397
607 158 68 5 68 5 189 68 5 68 189 68 189 68 397 68 397
607 158 68 607 158 68 5 68 569 68 189 68 397 68 397 68 397 68 569 68 569 68 397 68 189 68 397 68 397 68 397
607 158
85 359
211 108
607 158 68 5 68 5 189 68 5 68 189 68 189 68 397 68 189
189
607 158 68 607 158 68 189 68 189 68 189 68 189 68 189 68 189
607 158 68 607 158 68 607 158 68 607 158 108
607 158
607 158 68 5 68 5 68 5 68 5 189
607 158 68 607 158 68 189 68 158 108
607 158 68 5 68 5 68 5 68 5 68 5 68 5 68 397 68 397 68 397 68 397 68 189
607 158 68 607 158 68 607 158 68 550 158
85 359
607 158 68 5 68 5 68 5 68 5 68 5 189
85 359 211 108
85 359
607 158 68 607 158 68 5 68 5 68 5 68 5 68 5 68 5 68 5 68 5 68 5 68 5 189 68 5 68 5 189
607 158 68 607 158 68 5 68 397 68 397 68 397 68 397 68 397
607 158 68 607 158 68 5 68 397 68 397
607 158 68 607 158 68 5 68 5 68 189
607 158 68 85 359
607 158 68 607 158 68 607 158 68 607 158 68 5 68 397 68 397 68 397 68 397 68 397
607 158 68 85 359 68 189 68 85 359
607 158 68 607 158 68 5 68 569 68 397 68 397 68 397 68 397 68 569 68 397 68 397 68 397 68 397 68 397 68 397 68 397 68 397 68 397 68 397 68 397 68 397 68 397 68 397 68 397 68 397 68 397 68 397 68 5 68 607 158 108 68 607 158 108 68 607 158 108 68 397 68 397 68 397 68 397 68 397 68 5 189 241 359 550 501 85 359 397 68 397 68 5 189 85 359 397 68
607 158
189
261 86 68 86
607 158 68 5 68 5 189 68 5 68 189
607 158
211 108
607 158 68 607 158 68 5 68 5 68 189 68 189 68 397 68 189 68 189 68 569 68 189
607 158 68 607 158 68 5 68 607 158 68 189 68 189 68 189 68 189 68 189 68 189 68 189
607 158 68 189 68 189 68 189 68 189
607 158 68 5 68 5 68 5 68 5 68 5 68 5 68 5 68 5 189
607 158 68 607 158 68 5 68 397 68 397 68 397 68 397 68 397
607 158 68 5 68 5 189
607 158 68 607 158 68 189 68 607 158 68 189 68 189 68 189 68 189 68 189 68 189 68 189 68 189 68 189 68 189
607 158
607 158 68 5 68 5 189 68 5
607 158 68 430
607 158 68 607 158 68 5 68 5 68 5 68 5 68 397 68 397 68 397 68 397 68 397 68 189
607 158 68 5 189 68 640
85 359 211 108
607 158 68 189 68 189 108
261 86
85 359
85 359 211
607 158 68 607 158 68 397 68 241 68 189
240 211
211 108
607 158 68 5 68 5 68 5 68 5 68 5 68 5 68 397 68 397 68 397 68 397 68 397 68 397 68 397 68 397
607 158
607 158 68 607 158 68 189 68 189 68 189
607 158 68 607 158 68 5 68 607 158 68 189 68 189 68 189 68 189 68 189 68 189 68 189 68 189 68 189 68 189
211
607 158 68 607 158
607 158 68 5 68 5 68 5 189 68 5 189
607 158 68 607 158 68 5 68 5 68 189 68 189 68 189 68 189 68 189 68 189 68 189
607 158 68 607 158 68 5 68 5 68 5 68 5 68 5 68 397 68 5 68 5 68 397 68 5 68 397 68 397 68 397 68 397 68 397 68 5 68 5 68 5 68 5 68 5 68 5 68 5 189 68 5 68 5 68 5 68 5 68 607 158 108 68 5 189 68 607 158 108
607 158 68 5 68 5 189 68 5 68 189 68 189 68 5
607 158 118
607 158 68 5 68 5 68 5 68 5 189 68 189 68 397 68 397 68 189
607 158 108
607 158 68 5 68 5 189 68 397 68 397 68 397 68 397
607 158 68 607 158 68 5 68 5 68 5 68 5 68 5 68 5 68 5 68 5 68 5 68 5 68 5 68 5 68 5 68 5 68 5 68 5 68 5 68 5 68 5 68 5 68 5 68 5 189 68 5 68 5 68 5 68 5 68 607 158 68 5 189 68 607 158 108
85 359 85 359
607 158 68 85 359
607 158
607 158 68 607 158 68 5 68 607 158 68 5 68 397 68 397 68 397 68 397 68 397 68 397
607 158 68 607 158 68 5 68 397 68 397 68 397 68 397
607 158 68 5 68 5 189 68 5
607 158 68 607 158 68 607 158 68 397 68 189 68 397 68 397 68 397 68 397 68 397 68 189
85 359 211 108
607 158 68 5 68 5 68 5 68 5 189 68 189 68 397 68 189
607 158 68 19 85 68 19 85 359
241
85 359 551
607 158 68 5 68 5 189
211 108
607 158 68 430 359
607 158 68 5 68 5 68 5 68 5 189 68 189 68 397 68 189
211 85 359
85 359
607 158 68 607 158 68 569 68 569 68 569 68 569 68 569 68 569 68 569 68 569 68 569 68 569 68 397 68 397
607 158 108
607 158 68 5 68 5 189
607 158 68 607 158 68 5 68 607 158 68 5 68 397 68 397 68 397
607 158 68 5 68 5 68 5 68 5 68 5 68 5 68 5 68 5 189
85 359
607 158 68 607 158 68 5 68 5 68 5 68 5 68 397 68 397 68 397 68 397 68 397 68 397 68 397 68 397 68 397 68 397 68 397 68 397 68 5 68 397 68 5 68 5 68 397 68 5 189 68 5 68 397 68 5 68 5 68 5 68 5 189 68 5 189 68 5 189 68 5 189 68 5 189
607 158 68 607 158 108 68 189 68 158 108
607 158 68 607 158 68 158 108 68 158 108

85 359 68 85 359 68 85 359
607 158 68 5 68 5 189 68 5 189 68 189
607 158 68 5 68 5 68 5 68 189 68 189

607 158 68 189 68 189 68 189 68 189
607 158 68 607 158 68 607 158 68 189 68 189 68 189 68 189
607 158 68 189 68 189 68 189
85 359 389 158 108
607 158 68 607 158 68 5 68 397 68 158 108
607 158 68 5 189 68 189
85
85 359
607 158 68 607 158 68 5 68 607 158 68 5 68 5 68 5 68 5 68 5 68 397 68 5 68 5 68 397 68 397 68 397 68 397 68 397 68 5 68 5 68 5 68 5 68 5 68 607 158 68 5 68 5 68 607 158 68 5 68 607 158 68 607 158 108 68 607 158 108 68 607 158 68 607 158 108
607 158 68 5 68 5 68 5 68 5 68 5 68 5 68 5 68 5 189
607 158 68 5 68 189 68 189 68 189 68 189
607 158 68 430
189 108
607 158 68 607 158 68 5 68 5 68 5 189 68 397 68 397
607 158 68 607 158 108 68 189 68 189
607 158 68 5 68 189 68 189 68 397 68 189
211 108
607 158 68 85 359 68 85 359
211 108
211
607 158 68 607 158 68 569 68 569 68 569 68 569 68 569 68 569 68 569 68 85 359
607 158 68 397 68 517
607 158 68 5 68 5 68 5 68 5 189 68 397 68 397 68 397 68 397 68 397 68 397
607 158 68 5 189 68 189 68 189
85 359
607 158 68 607 158 68 85 359 68 158 108
607 158 68 430
85 359 68 85 359 68 85 359
607 158 68 5 189 68 189 68 397
607 158 68 607 158 68 5 68 607 158 68 189 68 397 68 397 68 189
607 158 68 5 68 5 189 68 5
607 158 68 607 158 68 5 68 5 68 189 68 189 68 397 68 189
85 359
607 158 68 607 158 68 189 68 569 68 189 68 189 68 189 68 189 68 189 68 189 68 189
85 359 85 359
607 158 68 5 68 5 68 5 68 5 189
189
607 158 68 5 68 5 68 5 68 5 189
607 158 68 607 158 68 189 68 189 68 189 68 189 68 189 68 189 68 189 68 189 68 189
607 158 68 5 68 5 189 68 5 68 5 189 68 397 68 397
607 158 68 607 158 68 5 68 397 68 397 68 397 68 397 68 397
85 359 211 108
607 158
607 158
607 158 68 5 68 5 189 68 5 189 68 189
607 158 68 607 158 68 5 68 397 68 397 68 397 68 397 68 397 68 397 68 397 68 397
607 158 68 607 158 68 397
85 359 211 108
607 158 68 5 68 5 68 5 68 5 68 5 68 5 68 5 68 5 189
607 158 68 5 68 5 68 5 68 5
85 68 85 359 68 85 359
607 158 68 607 158 68 189 68 189 68 189 68 189 68 189 68 189 68 189 68 189 68 189
607 158 68 607 158 68 189 68 189 68 189 68 189 68 189 68 189 68 189 68 189 68 189
607 158 68 607 158 68 5 68 607 158 68 189 68 189 68 189 68 189 68 189 68 189
607 158 68 5
607 158 68 607 158 68 189 68 158 108 68 189 68 397 68 397
607 158 68 607 158 68 5 68 569 68 189 68 397 68 397 68 397 68 569 68 569 68 397 68 189 68 397 68 397 68 397 68 397 68 397 68 397 68 397 68 397 68 397 68 397 68 397 68 397 68 397 68 397 68 397 68 397 68 607 158 108 68 607 158 108 68 607 158 108 68 397 68 397 68 397 68 397 68 397 68 397 189 241 359 550 501 85 359 397 68 397
607 158 68 607 158 68 5 68 5 68 5 68 5
607 158 68 607 158 68 189 68 189 68 189
85 359 211 108
607 158 68 607 158 68 5 68 397 68 189
85 359 68 85 359
283
189
607 158 68 5 68 5 68 5 68 5 189
211 108
607 158 68 5 68 5 68 5 68 5 68 189 68 397 68 397 68 189 68 189 68 189 68 189
607 158 68 5 68 5 68 5 68 5 68 5 189 68 5 68 5 189
607 158 68 5 68 5 189 68 5
607 158 68 607 158 68 189 68 189 68 189 68 189 68 189 68 189 68 189 68 189 68 189
607 158 68 189 68 189
607 158 68 5 68 5 189 68 5
607 158 68 5 68 5 189 68 5
607 158 68 5 68 5 189 68 397
607 158 68 569 68 569 68 569 68 85 359
607 158 68 5 68 5 68 5 68 5 68 5 189 68 5 68 5 189
607 158 68 430 359
607 158 68 607 158 68 5 68 397 68 189 68 189 68 397 68 397 68 397 68 397 68 397
607 158 68 5 68 5 189 68 189 68 189 68 189 68 189 68 189
607 158
607 158 68 430
211 108 68 158 108
607 158 68 5 68 5 189 68 5 189
85 359 211 108
607 158 68 5 68 5 68 5 68 5 68 5 68 5 68 397 68 397 68 5 189 68 397 68 5 189
86 108
607 158 108
85 359 68 85 359
607 158 68 5 68 5 189 68 397 68 397 68 397 68 397
607 158 68 607 158 68 5 68 569 68 189 68 189 68 397 68 189
607 158 68 5 68 5 189 68 5
607 158 68 85 359 68 189 68 85 359
261 86
607 158 68 85 359 68 189 68 85 359
607 158 68 607 158 68 189 68 189 68 189 68 189
607 158 68 607 158 68 5 68 5 68 397 68 397 68 397 68 397
607 158 68 5 68 5 189 68 397 68 397
607 158 68 397 68 397
211 108
189
607 158 68 607 158 68 5 68 5 68 189 68 189 68 397 68 189
607 158 68 5 68 5 189 68 5
607 158 68 5
607 158 68 5 68 5 68 5 68 5 68 5 189 68 397 68 397 68 5 189
85 359 389 158 108
607 158 68 607 158 68 5 68 5 68 189 68 189 68 5 68 189
85 359
607 158 68 607 158 68 5 68 569 68 189 68 189 68 397 68 397 68 189 68 397 68 189
607 158 68 607 158 68 189 68 189 68 189 68 189 68 189 68 189 68 189 68 189 68 189
261 86
85 359
85 359 211 85 359
607 158 68 189 68 189 68 189 68 189 68 189
607 158 68 5 68 5 68 5 68 5 189 68 397 68 397 68 397
607 158 68 607 158 68 5 68 5 68 5 68 5 68 397 68 397 68 397 68 397 68 397 68 397
607 158 68 5 68 5 189 68 5 68 5 189 68 5 189
211
85 359
321 240
85 359 389 158 108
607 158 68 5 68 5 68 5 189 68 189 68 189
607 158 68 607 158 68 397 68 397
607 158 68 5 68 5 68 5 68 189 68 189 68 189 68 189 68 189
607 158 68 607 158 68 189 68 569 68 189 68 189 68 189 68 189
607 158 68 607 158 68 5 68 607 158 68 5 68 397 68 397 68 397 68 397 68 397 68 397 68 397
607 158 68 607 158 68 5 68 5 68 189 68 189 68 189 68 189 68 189 68 189 68 189
211 85 359
607 158 68 5 68 5 68 5 68 5 68 5 189
607 158 68 607 158 68 5 68 397 68 397 68 397 68 397
607 158 68 607 158 68 5 68 5 68 5 68 5 68 5 68 5 189
607 158 68 5 68 5 68 5 68 5 189 68 5 189 68 397 68 5 189
607 158 68 607 158 68 607 158 68 607 158 68 5 68 5 68 189 68 189 68 189 68 189
607 158 68 607 158 108 68 189 68 189 68 189
607 158 68 5 68 5 189 68 5
607 158 68 5 68 189 68 189 68 189
607 158 68 5
607 158 68 5 68 5 68 5 68 5 68 5 189 68 397 68 397 68 397 68 397 68 189
607 158 68 607 158 68 189 68 189 68 189 68 189
607 158 68 189 68 189 68 189
607 158 68 5 68 5 68 397 68 397 68 397 68 397 68 397 68 397 68 397 68 397
189
85 359
607 158 68 607 158 68 189 68 189 68 189 68 189 68 189 68 189 68 189 68 189 68 189 68 189 68 189 68 189
607 158 68 607 158 68 607 158 68 607 158 68 397 68 397 68 397 68 397 68 397 68 397
607 158 68 5 68 5 189 68 397 68 397
607 158 68 607 158 68 5 68 569 68 189 68 189 68 397 68 189 68 189 68 397 68 189
607 158 68 607 158 68 569 68 569 68 158 108 68 569 68 569 68 569 68 569 68 85 359
607 158 68 607 158 68 189 68 397 68 189
607 158 68 607 158 68 397 68 85
211 108
607 158 68 607 158
607 158 68 607 158 68 5 68 5 68 5 68 5 68 397 68 397 68 397 68 397 68 397 68 397 68 397 68 397
607 158 68 607 158 108 68 189 68 189
607 158 68 5 68 5 189 68 5
607 158 68 607 158 68 189 68 189 68 189 68 189 68 189 68 189 68 189 68 189 68 189
85 359 211 108
607 158 68 5 68 5 68 5 68 5 68 5 189 68 5
85 359 211 108
85 359
607 158 68 607 158 68 189 68 569 68 189 68 189 68 189 68 189 68 189 68 569 68 189
607 158 68 5 68 5 189 68 397 68 397
607 158 68 607 158 68 5 68 5 68 5 68 5 189 68 397 68 189
607 158 68 607 158 68 5 68 5 68 189 68 189 68 397 68 189 68 189 68 189 68 189
607 158 68 5 68 5 189 68 397
607 158 68 430
607 158 68 607 158 68 607 158 68 607 158 68 5 68 397 68 189 68 189 68 397 68 189
607 158 68 5 189 68 189
85 359 68 85 359 68 85 359
607 158 68 607 158 68 5 68 5 68 5 68 5 68 5 68 5 68 5 68 5 68 5 68 5 189 68 5 68 5 189
607 158 68 607 158 68 189 68 189 68 189 68 189 68 189 68 189 68 189 68 189 68 189 68 189 68 189 68 189 68 189 68 189 68 5 68 189
607 158 68 607 158 68 5 68 397 68 397 68 397 68 397
85 359 85
85 359
211
607 158 68 5 189 68 189
85 359 68 85 359 68 85 359
607 158 68 607 158 68 5 68 5 68 5 189
607 158 68 607 158 68 5 68 607 158 68 5 68 5 68 397 68 189 68 189 68 397 68 189
607 158 68 5 68 5 68 5 68 397 68 397 68 397 68 397
607 158 68 5 68 5 189 68 397 68 397 68 397
211 108
211 108
607 158 68 607 158 68 5 68 397 68 189 68 189 68 397 68 397
85 359 68 85 359
607 158 68 85 68 569 68 85 359
321 240
85 359
607 158 68 5 68 5 189 68 5
283 68 607 158
607 158
211
607 158 68 607 158 68 5 68 5 68 189 68 189 68 189 68 189 68 189 68 189 68 189
607 158 68 430 359 68 158 108
607 158 68 607 158 68 189 68 189 68 189
211 108 68 211 108
607 158 68 5 189 68 189
607 158 68 5 68 5 189 68 5 68 189 68 189 68 397 68 189
607 158 68 430 68 640
607 158 68 189 68 189
607 158 68 607 158 68 5 68 5 68 5 68 397 68 397 68 397 68 397 68 397 68 397
607 158 68 430 68 517
607 158 68 5 68 5 189 68 5 189 68 397
607 158 68 85 359 68 189 68 85 359
189 85 359
85 359
211 108
607 158 68 5 68 5 189 68 5 189 68 189
607 158 68 5 68 5 189 68 397 68 397 68 397
607 158 68 607 158 68 5 68 5 68 189 68 189 68 397 68 189 68 189 68 189 68 189
19 85
607 158 68 607 158 68 189 68 569 68 189 68 189 68 189 68 189 68 189 68 569 68 189
607 158 68 607 158 68 5 68 5 68 5 68 5 68 397 68 397 68 397 68 397 68 397
607 158 68 5 68 189 68 189
85 359
607 158 68 5
607 158 68 5 68 5 68 5 68 397
211
607 158 68 5
607 158
607 158 68 397 68 397
85 359 68 85 359 68 85 359
607 158 68 5 68 5 189 68 397 68 397
607 158 68 5 68 5 68 5 68 5 189 68 189 68 397 68 189
607 158 68 5 68 5 68 5 68 397 68 189 68 397 68 397 68 189
85 359 211 108
607 158 68 607 158 68 397 68 397 68 397 68 397 68 397 68 397
211
607 158 68 5 68 5 189 68 5
211 108
607 158 68 607 158 68 5 68 189 68 189 68 189 68 189 68 189 68 189 68 189 68 189
607 158 68 5 68 5 189 68 397 68 397
607 158 68 5 68 5 189 68 397
607 158 68 430 68 517
607 158 68 5 68 5 189 68 5 68 189 68 189 68 5 189
607 158 68 607 158 68 189 68 189 68 189 68 189 68 189 68 189 68 189 68 189 68 189
283 68 5 68 5 68 5
86
607 158 68 5 68 5 189 68 397
607 158 68 607 158 68 5 68 569 68 189 68 189 68 397 68 397 68 189 68 569 68 189
607 158 68 5 189 68 189 68 397
261 86
607 158 68 607 158 68 5 68 5 68 5 68 5 68 5 68 189 68 5 68 5 68 189
607 158 68 5
607 158 68 607 158 68 5 68 5 68 5 68 397 68 397 68 397 68 397 68 397 68 397
607 158 68 607 158 68 5 68 5 68 5 189
607 158 68 607 158 68 5 68 5 68 189 68 189 68 5 68 189 68 189 68 189 68 189
607 158 68 607 158 68 189 68 189 68 189 68 189 68 189 68 189 68 189 68 189 68 189
607 158 68 5
607 158 68 607 158 68 5 68 5 68 5 68 5 68 397 68 397 68 397 68 397 68 397 68 5 189 68 397 68 397 68 397 68 397 68 397 68 5 68 5 68 5 68 5 189 68 397 68 5 189 68 5 68 5 68 5 189 68 5 68 607 158 108 68 607 158 108 68 5 189 68 5 189
607 158 68 607 158 68 5 68 607 158 68 397 68 397 68 397 68 397 68 569 68 397 68 189
607 158 68 607 158 68 189 68 158 108
607 158 68 607 158 68 189 68 397
607 158 68 189 68 189 68 189 68 189
607 158 68 5 68 5 68 5 68 5 189 68 5 189
607 158 68 607 158 68 189 68 189 68 189 68 189 68 189 68 189 68 189 68 189
607 158 68 607 158 68 5 68 5 68 5 68 5 189 68 397 68 397 68 397 68 397
607 158 68 5 68 5 189 68 397
607 158 108
607 158 68 5 68 5 189 68 5 189
607 158 68 607 158 68 189 68 397 68 189
607 158 68 5 68 5 189 68 5
607 158 68 607 158 68 189 68 189 68 189 68 189
607 158 68 189 68 189 108
607 158 68 5 68 189 68 5
211 85 359
607 158
86 108
607 158 68 5 68 5 68 5 68 5 189
607 158 68 5 68 5 68 5 68 5 189 68 5 189 68 5
607 158 68 607 158 68 189 68 569 68 189 68 189 68 189 68 189
607 158 68 5 68 5 189 68 5 189 68 189
607 158 68 189 68 189
85 359
607 158 68 5 68 5 68 5 68 5
607 158 68 607 158 68 5 68 569 68 189 68 189 68 569 68 189
607 158 68 607 158 68 5 68 397 68 189
607 158 68 5 68 5 189 68 5
607 158 68 5
211
607 158 68 607 158 68 189 68 189 68 189 68 189 68 189 68 189 68 189 68 189 68 189
607 158 68 607 158 68 189 68 189 68 189 68 189 68 189 68 189 68 189 68 189 68 189
607 158 68 607 158 68 5 68 5 68 5 68 5 68 5 68 5 68 5 68 5 68 189
607 158 68 5 68 5 68 5 68 5 189 68 189 68 397 68 189
261 86
607 158 68 5 68 5 68 5 68 5 68 5 189 68 397 68 397
607 158 68 607 158 68 569 68 569 68 397 68 397 68 397 68 397 68 397 68 397
19 85
607 158 68 5 68 5 68 5 68 397 68 397
607 158 68 5 68 5 189 68 5
607 158 68 189 68 189
607 158 68 607 158 68 5 68 5 68 189 68 189 68 5 68 189 68 189 68 189 68 189 68 189 68 189 68 189
607 158 68 5 68 5 68 5 68 5 68 5 189 68 5
607 158 68 5 68 5 68 5 68 5 68 5 189
211 240 211
607 158
211 108
607 158 68 5 68 5 68 5 68 5 68 397 68 397 68 397 68 397 68 397 68 397
607 158 68 5 68 5 189
607 158 68 5 68 5 189 68 5 68 5 189
85 359 85 359
607 158 68 5 68 5 68 5 68 5 68 5 189 68 5
607 158 68 607 158 68 5 68 5 68 189 68 189 68 189 68 189 68 189 68 189 68 189
607 158 68 430 359
85 359
607 158 68 5 189 68 189
607 158 68 5 68 5 189 68 5 189 68 5 189
607 158 68 607 158 68 5 68 5 68 5 68 5 68 5 68 397 68 5 68 397 68 397 68 189
240 211 108
211 108
607 158 68 607 158 68 5 68 5 68 189 68 189
607 158 68 189 68 189
607 158 68 607 158 68 5 68 607 158 68 397 68 397 68 397 68 397 68 397 68 397 68 397 68 397 68 397 68 397 68 397 68 397 68 397
607 158 68 5
607 158 68 607 158 68 5 68 5 68 189 68 189 68 397 68 189
607 158 68 5 68 5 68 5
607 158 68 607 158 68 5 68 5 68 189 68 189 68 397 68 189 68 189 68 397 68 189
211
607 158 68 607 158 68 5 68 569 68 189 68 189 68 397 68 189
607 158 68 189 68 189
607 158 68 607 158 68 397 68 397 68 397
85 359 211 108
607 158 68 607 158 68 5 68 5 68 5 68 5 189 68 5 68 5 189
607 158 68 607 158 68 5 68 569 68 189 68 189 68 569 68 189 68 569 68 569 68 569 68 189 68 569 68 397 68 189
607 158
607 158 68 5 68 5 189 68 397
607 158 68 5 68 5 68 5 68 5
607 158 68 607 158 68 189 68 158 108
607 158 68 5 68 5 189 68 5 189 68 5 189
211 108
607 158 68 5 68 5 189 68 397 68 397
607 158 68 607 158 68 5 68 397 68 397 68 397
85 359
607 158
607 158 68 569 68 569 68 569 68 569 68 189 68 569 68 569 68 569 68 569 68 569 68 189 108
607 158 68 5 189 68 189 68 189
607 158 68 5 68 5 189 68 5
607 158 68 85 359 68 85 359 68 85 359
85 359
607 158 68 5 68 5 68 5 68 5 68 189 68 397 68 397 68 189
607 158 68 189 68 189 68 189 68 517
607 158 68 607 158 68 189 68 189 68 189 68 189 68 189 68 189
607 158 68 5
607 158 68 607 158 68 5 68 397 68 397 68 397 68 397 68 397 68 397 68 397 68 397 68 189
607 158 68 607 158 68 5 68 5 68 5 68 5 68 5 68 5 68 5 68 5 68 397 68 5 189
607 158 68 607 158 68 5 68 5 68 5 68 5 68 5 68 5 68 5 68 5 68 5 189
607 158 68 607 158 68 189 68 607 158 68 189 68 189 68 189 68 189 68 189 68 189 68 189 68 189 68 189 68 189
607 158
607 158 68 569 68 189 68 189 68 189 68 189 108
607 158 68 85 359 68 569 68 85 359
607 158 68 607 158 68 5 68 397 68 189
607 158 68 607 158 68 5 68 5 68 189 68 189 68 189 68 189 68 189 68 189 68 189 68 189 68 189 68 189
607 158 68 607 158 68 189 68 189 68 189 68 189 68 189 68 189
607 158 68 5 68 189 68 189 68 189
607 158 68 5 68 5 189 68 5 189
607 158 68 607 158 68 189 68 189 68 189 68 189 68 189 68 189 68 189 68 189 68 189
607 158 68 5 68 5 189 68 5
607 158 68 5 189 68 517
607 158 68 607 158 68 569 68 85 359 68 569 68 569 68 85 359
607 158 68 5 189 68 5
85 359
261 86 68 5 68 5 68 5 68 5 68 5 68 5
261 86
85 359
211 108
85 359
607 158 68 5 68 5 189 68 5 189 68 5 189
607 158 68 607 158 68 5 68 607 158 68 189 68 397 68 397 68 189 68 189 68 397 68 189
607 158 68 607 158 68 189 68 189 68 189 68 189 68 189 68 189
240 211
211
607 158 68 607 158 108
607 158
85 359
607 158 68 607 158 68 5 68 397 68 189 68 397 68 397 68 397
85 359
607 158 68 607 158 68 607 158 68 607 158 68 5 68 397 68 397 68 397 68 397 68 397
607 158 68 5 68 5 189 68 5
85 199
283
211 108
607 158 68 5 68 5 189 68 189 68 189 68 189 68 397 68 189
607 158 68 5 68 5 189 68 189 68 189 68 189 68 397 68 189
211 108
607 158 68 607 158 68 569 68 397 68 397
85 359 68 85 359 68 85 359
607 158 68 5 68 189 68 517
607 158 68 607 158 68 607 158 68 607 158 68 5 68 5 68 5 68 5 68 5 68 397 68 5 68 397 68 397 68 397 68 397 68 397 68 5 68 5 68 397 68 5 68 5 68 607 158 108 68 5 68 607 158 68 607 158 68 607 158 68 607 158 68 607 158 108 68 607 158 108 68 607 158 108
261 86
321 240
607 158 68 607 158 108 68 19 85 359 68 189 68 241 68 241 359
607 158 68 569 68 569 68 569 68 19 85 68 19 85 68 19 85
607 158 68 607 158 68 5 68 5 68 189 68 189 68 397 68 189
261 86 68 86
211 479
189
85 359
85 359
85 359
607 158 68 607 158 68 569 68 569 68 397 68 397 68 397 68 397 68 569 68 569 68 569 68 569 68 397 68 85
607 158 68 5
607 158 68 5 68 5 189 68 5 189
607 158 68 607 158 68 189 68 189 68 189 68 189 68 189 68 189 68 189 68 189 68 189
607 158 68 607 158
607 158 68 607 158 68 5 68 5 68 5 68 5 189 68 397 68 189
607 158 68 607 158 68 189 68 189 68 189
607 158 68 607 158 68 189 68 189 68 189 68 189 68 189 68 189
85 68 85 359 68 189 108
607 158 68 607 158 68 5 68 397 68 397 68 397
607 158 68 5 68 5 189 68 5 189 68 189
607 158 68 607 158 68 189 68 189 68 189 68 189 68 189
85 359
607 158 68 607 158 68 5 68 5 68 189 68 189 68 397 68 189
86 108
85 359 85 359
607 158 68 397 68 189 68 189 68 397
211 108
607 158
607 158 108
261 86 68 86
211 108
607 158 68 5 68 189 68 189 68 189
607 158 68 607 158 68 189 68 189 68 189 68 189 68 189 68 189 68 189 68 189 68 189
607 158 68 607 158 68 397 68 397 68 397
211 479
85 359 85 359
211
607 158 68 5 68 189 68 189 68 189 68 189
607 158 68 607 158 68 607 158 68 607 158 68 5 68 397 68 397 68 397 68 397 68 397
607 158 68 607 158 108 68 189 68 158 108
607 158 68 607 158 68 5 68 607 158 68 5 68 397 68 397 68 397 68 397 68 397 68 397 68 397 68 397 68 397 68 397 68 397 68 397 68 397 68 397 68 397 68 397 68 397 68 397 68 397 68 397 68 397 68 5 68 5 68 607 158 108 68 607 158 108 68 607 158 108
607 158 68 607 158 68 5 68 5 68 5 189 68 397 68 397 68 189
86 108
607 158 68 5 68 5 189 68 5 189 68 189
607 158 68 5 68 5 68 5 68 5 189 68 189 68 397 68 189
85 359
607 158 68 607 158 68 189 68 189 68 189
607 158 68 397 68 189 68 517
607 158 68 5
607 158 68 607 158 68 5 68 607 158 68 5 68 5 68 397 68 397 68 397 68 397 68 189
607 158 68 189 68 189 68 189 68 189
607 158
607 158 68 607 158 68 189 68 189 68 189 68 189 68 189 68 189 68 189 68 189 68 189
607 158 68 5 68 189 68 189 68 189
261 86 68 5
607 158 68 5 68 5 68 5 68 5 68 5 189 68 5 68 5 189
430
607 158 68 5 68 5 189 68 5 189 68 5 189
607 158 108
85 359
607 158 68 85 359 68 189 68 85 359
607 158 68 607 158 68 5 68 5 68 189 68 189 68 189 68 189 68 189 68 189 68 189
607 158 68 5 68 5 189 68 397 68 397 68 397 68 397 68 397
607 158 68 5 68 189 68 189 68 189
607 158 68 607 158 68 5 68 5 68 189 68 189
607 158 68 607 158 68 189 68 189 68 189 68 189
607 158 68 607 158 68 189 68 189 68 189 68 189 68 189 68 189 68 189 68 189 68 189
85 359
607 158 68 5
607 158 68 397 68 517
607 158 68 5 68 5 68 5 68 5
607 158 68 607 158 68 5 68 397 68 397 68 397
607 158 68 607 158 68 5 68 397 68 397 68 397 68 397
86 108
85 359
85 359 211 108
607 158 68 5
85 85 359
85 359
607 158 68 5
607 158 68 5 68 5 189 68 5 189 68 189
607 158 68 607 158 68 189 68 189 68 189 68 189 68 189 68 189 68 189 68 189 68 189 68 189 68 189 68 189
211
607 158 68 569 68 569 68 569 68 19 85 68 19 85 68 19 85
359
607 158 68 5 68 5 68 5 68 5 68 5 189 68 5 68 5 189
607 158 68 5 68 5 189 68 397
607 158 68 607 158 68 5 68 397 68 397
607 158 108
607 158 68 5 68 5 68 5
85 359
607 158 68 607 158 68 5 68 5 68 189 68 189 68 397 68 397 68 189 68 397 68 189
607 158 68 607 158 68 189 68 189 68 189 68 189 68 189 68 189
85 359
607 158 68 5 68 5 189 68 397 68 397 68 397 68 397
261 86
607 158 68 5 68 5 68 5 68 5 68 5 189 68 5
85 359 68 517
261 86
85 359
85 359
85 359
607 158 68 5 68 5 189 68 5 189 68 5 189
607 158 68 189 68 189
85 359 211 108
607 158 68 5 68 5 189 68 189 68 189 68 189 68 189
85 359
607 158 68 607 158 68 5 68 397 68 189 68 189 68 397 68 397 68 189
607 158 68 5
607 158 68 569 68 189 108 68 19 85
85 68 85 359 68 85
607 158 68 607 158 68 5 68 5 68 5 68 5 68 5 68 5 68 5 68 5 68 189
211
261 86 68 5
607 158 68 5 68 5 189 68 5 189
607 158 68 607 158 68 397 68 397 68 430
607 158
85 359
607 158 68 5
607 158 68 5 68 5 189 68 397
607 158 68 607 158 68 189 68 189 68 189 68 189 68 189 68 189 68 189 68 189 68 189 68 189 68 189 68 189 68 189 68 397 68 397 68 189 68 5 68 5 68 5 189 68 5 189 68 607 158 68 5 68 607 158 68 607 158 68 607 158 108 68 607 158 108 68 607 158 108 68 607 158 108 68 607 158 108
607 158 68 607 158 68 5 68 5 68 5 68 5 68 397 68 397 68 397 68 397 68 397 68 397 68 397
19 85 359
607 158 68 5 68 5 189 68 189 68 189 68 189
607 158 68 397 68 397 68 85 359
607 158 68 607 158 68 5 68 397 68 189 68 189 68 397 68 397
607 158 68 5 68 5 189 68 397
607 158 68 5
86 108
607 158 68 607 158 68 5 68 5 68 5 189 68 397 68 397 68 397
607 158 68 85 359 68 189 68 85 359
607 158 68 5 189 68 189 68 397
85 359 211 108
607 158 68 5
607 158 68 189 68 189 68 189 68 189 68 189
607 158 68 85 68 189 68 85 359
211
85 359 211 108
607 158 68 607 158 68 5 68 397 68 397 68 397
607 158 68 607 158 68 5 68 607 158 68 5 68 5 68 5 68 5 68 5 68 5 68 189
607 158
85 359 85 359
607 158 68 607 158 68 189 68 189 68 189 68 189 68 397 68 189
211
189
607 158 68 81 68 517 68 517
607 158 68 607 158 68 189 68 397
607 158 68 5 68 5 68 5 68 5 189
607 158 68 5
211 108
607 158 68 607 158 68 5 68 5 68 189 68 189 68 189 68 189
607 158 68 607 158 68 397 68 397 68 397
607 158 68 5 68 5 68 5 68 5 68 5 189 68 397 68 397 68 397 68 397 68 397
607 158 68 5 68 5 189 68 5 189
607 158 68 607 158 68 189 68 569 68 189 68 189 68 189 68 189 68 189 68 189 68 189
607 158 68 607 158 68 5 68 607 158 68 5 68 5 68 5 68 189 68 5 68 189 68 189 68 189 68 397 68 397 68 5 68 397 68 397 68 5 68 5 68 5 68 5 189 68 607 158 108 68 5 68 5 68 607 158 68 607 158 68 607 158 108 68 607 158 108 68 607 158 108 68 607 158 108
607 158 68 5 68 5 68 5 68 5
607 158 68 5 68 5 189 68 5
607 158 68 5 68 5 189 68 397 68 397 68 397 68 241 68 397
189
607 158 68 607 158 68 189 68 189 68 189 68 189 68 189 68 189 68 189 68 189 68 189
607 158 68 607 158 68 189 68 569 68 189 68 189 68 569 68 189 68 569 68 569 68 569 68 189 68 569 68 397 68 189
607 158 68 5 68 5 68 5 68 5 68 189 68 5 189 68 189
85
607 158 68 5 189 68 189 68 241 68 189
607 158 68 607 158 68 189 68 189 68 189 68 189 68 189 68 189
607 158 68 5 68 5 68 5 68 5 68 5 189 68 5
607 158 68 607 158 68 5 68 5 68 5 68 5 189 68 5
607 158 68 5 68 5 189 68 5
85 359 211 108
607 158 68 607 158 68 189 68 189 68 189 68 189 68 189 68 189 68 189 68 189 68 189
607 158 68 5
607 158 68 607 158 68 189 68 189 68 189 68 189 68 189 68 189
607 158 68 189 68 189 68 189 68 189
607 158 68 5 189 68 517
607 158 68 5 68 5 68 5 68 5 68 189 68 5 189 68 189
607 158 68 5
607 158 68 5 68 5 189 68 5
607 158 68 607 158 68 5 68 189 68 189 68 189 68 189
607 158 68 5 68 5 189 68 5
85 359
211 108
211 108
211 108
607 158 68 5 68 5 68 189 68 189 68 189 68 189 68 397 68 189
607 158 68 607 158 68 607 158 68 607 158 68 569 68 569 68 569 68 569 68 569 68 85 359
607 158 68 5 68 5 68 5 68 5
85 359
607 158 68 189 68 189 68 189 68 189
85 359 68 85 359 68 85 359
607 158 68 607 158 108 68 189 68 189 68 189
607 158 68 607 158 68 5 68 5 68 5 68 5 189 68 397 68 5 189 68 5 189
607 158 68 5 68 5 189 68 5
607 158 68 5 68 5 189 68 5 189 68 189
607 158 68 607 158 68 158 108
607 158 68 5 68 5 68 5 68 5 68 5
607 158 68 607 158 68 607 158 68 607 158 68 189 68 189 68 189 68 189 68 189 68 189 68 189 68 189 68 189
85 359
607 158 68 5 68 5 68 5 68 5
607 158 68 607 158 68 189 68 189 68 189 68 189 68 189
607 158 68 189 68 189 68 189 211 108
607 158 68 5 68 5 189 68 397 68 397 68 397
607 158 68 607 158 68 189 68 189 68 189 68 189 68 189 68 189 68 189 68 189 68 189
607 158 68 607 158 108
607 158 68 607 158 108
85 359
607 158 68 5 68 5 68 5 68 5 68 5 189 68 5 68 5 189
85 359 68 85 359 68 85 359
607 158 68 5 68 5 189 68 5 68 189 68 189 68 5 189
607 158 68 607 158 108
85 85 359
85 359
607 158 68 607 158 68 189 68 189 68 189 68 189 68 397 68 189
607 158 68 5 68 5 189 68 5
607 158 68 189 68 189 68 189 68 189
607 158 68 607 158 68 5 68 397 68 189 68 189 68 397 68 397 68 189 68 397 68 189
607 158 68 5 68 5 68 5 68 5
607 158 108
607 158 68 5 68 5 189 68 5 68 397 68 397
607 158 68 5 189 68 397 68 241 359
607 158 68 607 158 68 189 68 607 158 68 189 68 189 68 189 68 189
607 158 68 607 158 68 5 68 397 68 189 68 189 68 397 68 189
607 158 68 607 158 68 397 68 397 68 158 108
85 359
607 158 68 607 158 68 5 68 5 68 397 68 397 68 397 68 397 68 397 68 397 68 397
607 158 68 5 68 5 68 5 68 5 68 5 189 68 397 68 397 68 189 68 397 68 189
607 158 68 607 158 68 189 68 189 68 189 68 189 68 189 68 189
261 86
607 158 68 5 68 5 68 5
85
607 158 68 607 158 68 5 68 5 68 189
607 158 68 607 158 68 5 68 5 68 189 68 189 68 397 68 189 68 189 68 189 68 189 68 189 68 189 68 189
607 158 108
607 158 68 517
283 68 607 158 68 5 68 5 68 397 68 5
607 158 68 5 68 5 68 5 68 5 189 68 189 68 5 189
607 158 68 5 189 68 189
607 158 68 397 68 189 68 517
607 158 68 607 158 68 5 68 5 189 68 5 189
85 359 68 85 359 68 85 359
607 158
607 158 68 5 68 5 189 68 5 189 68 5 189 68 397 68 397
607 158 68 5 68 5 189 68 5 189 68 189
283
85 359
607 158 68 397 68 158 108
607 158 68 5 68 5 189 68 397 68 397
607 158 68 607 158 68 5 68 569 68 189 68 397 68 397 68 397 68 397 68 397 68 397 68 189 68 397 68 397 68 397 68 397 68 397 68 397 68 397 68 397 68 397 68 397 68 397 68 397 68 397 68 397 68 397 68 607 158 108 68 607 158 108 68 607 158 108 68 607 158 108
607 158 68 5 68 5 189 68 397 68 189
607 158 68 607 158 68 397 68 397 68 397
607 158 68 607 158 68 189 68 189 68 189
607 158 68 5 68 5 68 5 68 5 68 5 189 68 397 68 397 68 397 68 397 68 397 68 397 68 397 68 397
607 158 68 607 158 68 5 68 5 68 189 68 189 68 397 68 189
211
607 158 68 85 359 68 85 359
607 158 68 189 68 189 68 189 68 189
607 158 68 607 158 68 397 68 397 68 430
607 158 68 5 68 5 189 68 397 68 189
607 158 68 607 158 68 569 68 85 359 68 189 68 189 68 19 85 359
607 158 68 607 158 68 5 68 5 68 5 68 5 68 397 68 397 68 189 68 397 68 189
607 158 68 5 68 5 189 68 5
85 359
607 158 68 607 158 68 189 68 189 68 189 68 189 68 189 68 189
85 359
607 158 68 189 68 189
607 158 68 5
607 158 68 5 68 5 189 68 5 68 5 189 68 397 68 397 68 397
85
85 359 211 85 359
607 158
607 158 68 5 68 5 68 5 68 5 68 5 189 68 397 68 397 68 5 189
211 108
607 158 68 550 158 68 189
85 359 68 85 359
607 158 68 5 68 5 189 68 5 189 68 189
85 359
607 158 68 607 158 68 189 68 189 68 189 68 189 68 189 68 189
607 158 68 607 158 68 189 68 189 68 189 68 189 68 189 68 189
607 158 68 5
607 158 68 607 158 68 5 68 397 68 397 68 397 68 397 68 397
607 158 68 5 68 5 189
607 158 68 5 68 5 68 5 68 5 68 5 189 68 397 68 5 68 5 189 68 5 189
607 158 68 607 158 68 607 158 68 607 158 68 5
211 108
189
607 158 68 397 68 189
607 158 68 5 68 5 68 5 68 5 68 189 68 397 68 397 68 189
607 158 68 607 158 68 5 68 397 68 189
607 158 68 569 68 569 68 85 359
607 158 68 607 158 68 189 68 189 68 189 68 189 68 189 68 189
607 158 68 5
211
607 158 68 607 158 68 5 68 569 68 189 68 189 68 397 68 189 68 189 68 569 68 189
607 158 68 607 158 68 5 68 5 68 189 68 189 68 189 68 189
86 108
607 158 68 569 68 569 68 569 68 569 68 569 68 19 85 359
607 158 68 607 158 68 5 68 5 68 189 68 189
607 158 68 607 158 68 569 68 569 68 189 68 189 68 569 68 189 68 189 68 569 68 569 68 189 108
607 158
85 359 211 108
85 359
607 158 68 607 158 68 189 68 189 68 189
607 158 68 430 359
607 158 68 607 158 108 68 569 68 158 108
607 158 68 5 68 189 68 189 68 189
85 359 211 108
607 158 68 607 158 68 189 68 189 68 189
85 359 85
607 158 68 607 158 68 5 68 397 68 397 68 397 68 397 68 397
607 158 68 5 68 5 189 68 5
211
607 158 68 5
607 158 68 5
607 158 68 5 68 5 189 68 5 68 189 68 189 68 397 68 189
607 158 68 5 68 5 68 5 68 5 189 68 189 68 397 68 189
85 359
607 158 68 607 158 68 5 68 607 158 68 5 68 5 68 5 68 5 68 5 68 5 68 189
85 359 85 359
261 86
607 158 68 5 68 5 68 5 68 5 68 189 68 5 68 5 68 189 68 189 68 189 68 189
607 158 68 569 68 569 68 569 68 397 68 397 68 397
607 158 68 607 158 68 189 68 189 68 189 68 189 68 189 68 189 68 189 68 189 68 189
607 158 68 5 68 5 189 68 189 68 189 68 189 68 397 68 189
607 158 68 607 158 68 189 68 569 68 189 68 189 68 569 68 189 68 189 68 569 68 189
85 359
211 108
607 158 68 607 158 68 189 68 189 68 189 68 189 68 189 68 189 68 189 68 189 68 189
607 158 68 5 68 5 68 5 68 5 68 5 189
607 158 68 607 158 68 397 68 397 68 430
261 86
607 158 68 607 158 68 189 68 189 68 189 68 189 68 189 68 189
607 158
607 158 68 607 158 68 5 68 397 68 397 68 397 68 397 68 397
607 158 68 189 68 189 68 189
85 359 211 108
607 158 68 607 158 68 569 68 569 68 189 68 189 68 569 68 189
607 158
607 158 68 607 158 68 189 68 397 68 397
607 158 68 397 68 397 68 397 68 397
607 158 68 5 68 5 189 68 397
607 158 68 569 68 189 68 189 68 158 108
607 158 68 189 68 189 68 189 68 189 68 189
607 158 68 607 158 68 189 68 569 68 189 68 189 68 569 68 189 68 189 68 569 68 189
607 158 68 5 68 5 68 5 68 5 68 5 189 68 397 68 397 68 5 189
607 158 68 607 158 68 5 68 5 68 5 68 5 68 5 68 5 68 5 68 5 68 189
607 158 68 5
211 108
607 158 68 19 85 68 19 85 359
607 158 68 5 68 5 68 5 68 5 68 5 68 5 68 5
86 108
607 158 68 607 158 68 189 68 158 108
85 359
211 108
85 359
607 158 68 5 68 5 189 68 5 189 68 189
607 158 68 5
607 158 68 607 158 68 189 68 189 68 189 68 189 68 189 68 189 68 189 68 189 68 189 68 189 68 189 68 189
607 158 68 5 68 5 68 5 68 5 68 5 68 5 68 397 68 5 189 68 5 189
607 158 68 5 189 68 5
607 158 68 5 68 5 189 68 397

607 158 68 5 68 5 68 5 68 5 68 5 189 68 397 68 397
607 158 68 607 158 68 189 68 189 68 189 68 189 68 189 68 189
85 68 19 85 359
607 158 68 5 68 5 189 68 5 189
607 158 68 397 68 189 68 189 68 397
211
607 158 68 607 158 68 5 68 607 158 68 189 68 189 68 189 68 189 68 189 68 189
607 158 68 5 68 5 68 5 68 189 68 189 68 189 68 189
607 158 68 5 68 5 68 5 68 397 68 189
607 158 68 189 68 189 68 189 68 189
607 158 68 607 158 68 607 158 68 607 158 68 189 68 189 68 189 68 189 68 189 68 189 68 189 68 189 68 189
607 158 68 189 68 189
607 158 68 5 68 5 68 5 68 397 68 5
607 158 68 517
607 158 68 5 189 68 5 189
607 158 68 397 68 189 68 397
607 158 68 607 158 68 5 68 5 68 5 68 5
607 158 68 607 158 68 5 68 5 68 5 68 5 68 5 68 5 68 5 68 5 68 5 68 5 189 68 397 68 5 189
607 158 68 5 68 5 189 68 5 68 5 189 68 5 189 68 5 189
607 158 68 607 158 68 189 68 569 68 189 68 189 68 569 68 189 68 189 68 569 68 189
607 158 68 607 158 68 5 68 5 68 5 68 5 68 397 68 189 68 189 68 397 68 189
85
607 158 68 189 68 189 68 189
607 158 68 5 68 5 68 5 68 5 68 5 189 68 5
85 359
85 359 211 108
607 158 68 5 189 68 189 68 189
85 359 211 108
607 158 68 607 158 68 5 68 5 68 189 68 189 68 5 68 189
85 359 85 359
607 158 68 607 158 68 189 68 189 68 189
607 158 68 5 68 5 68 397 68 397 68 397 68 397 68 397
607 158 68 5 68 5 68 5 68 5 189 68 5 189 68 397
607 158 68 607 158 68 5 68 5 68 189 68 189 68 397 68 189 68 189 68 397 68 189
607 158 68 5 68 5 68 5 68 5 68 5 68 5 68 5 68 5 189 68 5 189
607 158
607 158 68 430 68 517 108
607 158 68 5 68 5 68 5 68 5 68 5
607 158 68 5 68 5 189 68 189 68 189 68 189 68 397 68 189
607 158 68 607 158 68 5 68 5 68 5 68 5 189 68 397 68 397 68 397 68 397 68 189
607 158 68 607 158 68 5 68 5 68 5 68 5 68 5 68 397 68 5 189 68 397 68 397
607 158 68 5 68 5 68 5 68 5 189 68 5 189 68 5 189
607 158 68 5 68 5 189 68 5 189 68 5 189
607 158 68 5 68 5 189 68 5
85 359
607 158 68 5 68 5 68 5 68 5 68 5 189 68 5 68 5 189
607 158
189
607 158 68 517
607 158 68 607 158 108 68 85 359 68 158 108
85 359
607 158 68 607 158 68 5 68 607 158 68 189 68 397 68 397 68 189 68 569 68 397 68 189
607 158 68 5 68 5 68 5 68 5 68 5
607 158 68 607 158 68 189 68 189 68 189 68 189 68 189 68 189 68 189 68 189 68 189
607 158 68 158 108
85 359 211 108
607 158 68 5
607 158 68 5 68 5 189 68 5
85 359 211 108
607 158 68 189 68 189 68 189
607 158 68 189 68 189
607 158 68 607 158 68 5 68 5 68 5 68 5 68 5 68 5 68 5 189
607 158 68 607 158 68 569 68 569 68 189 68 189 68 397 68 397 68 569 68 569 68 397 68 189 108
85 359 389 158 108
19 85
85 359
607 158 68 607 158 68 5 68 5
607 158 68 607 158 68 5 68 5 68 5 68 5 68 5 68 5 68 5 68 5 68 5 189
607 158 68 5 68 5 189 68 5 189
85 359
607 158 68 607 158 68 5 68 5 68 189 68 189 68 397 68 189
211 108
607 158 68 607 158 68 189 68 189 68 189 68 189 68 189 68 189 68 189 68 189 68 189
189 108
607 158 68 607 158 68 397 68 397 68 397 68 397
607 158 68 5 68 5 189 68 397 68 397
607 158 68 5 68 5 189 68 5 68 5 189
607 158 68 607 158 68 5 68 5 68 5 68 5 68 5 68 5 68 5 189
607 158 68 607 158 68 5 68 5 68 5 68 5 68 5 68 189 68 5 68 5 68 189
607 158 68 607 158 68 5 68 607 158 68 189 68 189 68 189 68 189 68 189 68 189
85 359
607 158
607 158 68 607 158 68 189 68 569 68 189 68 189 68 189 68 189 68 189 68 189 68 189
85 359 68 85 359
607 158 68 5 189 68 189 68 189
85 359
607 158 68 607 158 68 5 68 5 68 189 68 189 68 397 68 189 68 189 68 397 68 189
607 158 68 5 189 68 397 68 397
607 158 68 607 158 68 189 68 189 68 189 68 189 68 189 68 189 68 189 68 189 68 189
607 158 68 607 158 68 189 68 189 68 189 68 189 68 189 68 189 68 189 68 189 68 189
283
607 158 68 5 68 5 68 5 68 5 68 5 189 68 5
607 158 68 5 68 189 68 189 68 189
283
85 359 85 359
85 359 211 108
