283 68 19 85 68 640 68 79 430 68 241 68 241 68 241 68 241 68 241
283 68 158 108 68 431 108 68 569 68 211 543 389 158 108 68 19 85
211 430
170 152
189 4 258 543
569 68 189 68 189 68 321 247 68 405 68 19 85 68 19 85 68 19 85
593 163 68 81 68 189 68 189 68 331 149 68 19 85 68 19 85 68 189 68 19 85 68 569 68 70 158
405 85 68 54 86
258 550 430
611 51 86 68 370 68 397 68 569 68 81
517 85
283
4 85 517
276 85 68 607 158 68 5 68 240 211 68 64 211 108 68 189 68 64 211 108
64 211 149
189 68 5 68 347 501 68 189 68 397 68 569 68 569 68 569 68 517
189 68 86 68 397 68 397 68 405 68 189 68 189 68 70 158
405 19 19 85
51 86 359
261 86 68 245 449 68 189 68 19 85 68 189 68 189 68 189
189 68 430 68 640 68 43 158 68 5 189 68 19 85 68 70 158 108
87 449 68 607 50 68 370 68 5 68 85 68 397
43 158 68 593 149 68 261 86 68 564 68 564 68 607 50 68 253
389 339 68 405 85 152
189 68 550 501 68 607 158 68 607 158 68 43 158 68 5
503 189 68 517 68 189 68 417
503 189 68 517 68 189 68 405 68 158 108 68 64 211 108
417 551 68 158 108 68 517
211 543
405 240
211 189 68 153 189 108
389 158 68 543 68 430 359
550 158 543 85
261 86 68 569 68 503 158 108 68 569 68 397 68 503 85 359
51 501 68 607 158 68 149
258 149 68 189 68 158 85 359 389 339
189 389 430 68 189 68 417 68 189 68 85
189 68 397 68 569 68 405 68 405 68 405
86 163 68 550 501 68 189 68 405 68 241 68 241 68 189 68 79 430
189 68 543 389 339 68 405 68 64 211 108 68 189 68 397 68 189 68 189 68 189 213 51 86
43 158 68 550 487 149 68 43 158 68 43 158 68 189 68 189 68 189 68 189 68 189
85 240 211 359
517 85 68 189 68 397
607 479 68 550 158 68 550 158 108
501 85 517 68 5 68 64 211 108 68 430 68 397 68 569 68 569 68 640 68 569 68 569 68 64 211 108
149 82 68 397 68 43 158
550 158 543
569 68 430 68 158 108 68 347 501 68 397
43 158 68 339 68 397 68 339
43 155 108
79 430 359
241
276 85 68 158 108 68 158 108 68 405 149
153 189
569 68 189 68 124 68 397 68 241 68 189 68 43 158 68 81 68 189 68 189
189 68 170 299 68 85 359 68 85 359 68 569 68 19 85
189 68 527 68 245 449 68 640
517 118
517 68 189 68 81 68 158 543 68 405
397 68 569 108
153 108 68 189 68 189 68 189 68 189 68 397 68 405 51 86
5 68 370 68 81 68 607 158 68 5 68 43 158 118 68 79 430 199
283 68 607 68 5 68 241 68 397 68 397 68 397 68 397 68 550 501
258 189 68 189 68 241
611 51 189
5 108 68 527 359
158 108 68 569 68 158 108 68 501 68 569 68 64 211 108 68 189 68 241 430 68 189 68 189 68 241 430 68 569 68 241 430 68 241 430 199 108
569 108 68 70 158 149
79 359 389 339 68 5
87 503 189 68 253 68 397 68 397 68 397 68 397 68 36 149
261 86 68 43 158 68 245 449 68 607 158 68 397 68 189 68 64 211 108
211 189 211 359
261 158 543 68 397 68 607 50
85 359 359
503 189 68 158 108 68 431 68 397 68 189 68 397 68 397
389 569
258 359 68 189 68 170 108
211 85 359 68 517
43 158 68 189 68 417 68 189 68 397 68 397 68 397 68 397 68 517
261 86 68 79 359 68 189 68 170 108 68 5 189 68 527 359 68 5 189 68 43 158
87 68 347 501 68 189 68 241 68 321 247 68 397 68 189 68 189 68 397
405 85
189 85 359 68 5 189 68 550 158 108
4 158 222 68 339 68 339
651 123 68 607 50 68 5 68 569 68 283 68 503 158 108 68 170 108
189 68 569 68 253 68 397 68 81 68 189 68 189 68 189 550 158 118
189 68 158 543 68 430 68 43 158 68 43 158 68 43 158 68 189
79 430
64 211 108 68 430 68 5 68 501 68 501 85 359 503 158 108
189 240 359
189 68 501 68 241 68 189 68 189 550 158 189
261 86 68 245 449 68 189 68 569 68 640
503 189 68 158 108 68 431 68 189 68 189
5 68 370 68 81 68 607 158 68 189 68 405 68 417
570 211 68 189 68 405
189 68 430 68 189 211 569 68 85 4 85 68 19 85
189 68 87 68 527 68 64 211 108
43 158 68 593 149 68 189 68 189 68 189 68 43 158 68 43 158 68 189
593 189 68 5 68 397 68 339 68 158 108 68 569 68 19 85 68 189 68 189 68 569 68 189
397 19 85 359 68 339 551
85 4 189
5 68 370 68 347 501 68 189 68 211 68 85 359 389 158 108 68 211 607 158 118
86 68 51 86 68 86
79 339
5 68 370 68 81 68 430 68 79 430 68 241 68 241 68 85 359
283 68 189 68 189 68 189 68 189 68 170 299
189 68 5 189 68 405 68 158 543 68 64 211 108 68 189 68 189 68 211 108
153 189
503 158 68 81 68 397 68 397 68 569 68 405 199
5 108
189 68 569 68 517 85
5 68 370 68 607 158 68 397 68 54 86 68 5 189 68 503 189 68 5 189
503 189
405
189 68 158 543 68 607 158 68 405 85 359
258 543 68 517 68 517
43 158 68 163 68 550 501 68 158 108 68 397 68 5 189 68 85 359 68 189 68 189 68 189 68 397 68 85 359 389 158 108 68 5 189 68 5 189 68 5 189 68 607 158 189 68 5 189 68 607 158 108 68 5 189 68 43 158
189 517 258 85
283 68 189 68 569 68 85 299 68 397 68 550 158 108 68 19 85
607 158 68 370
406 339 68 550 158
153 189 68 564
189 68 607 158 68 347 501 68 397 68 607 158 68 189 68 189 68 189 68 189 68 189 68 5 189 68 5 189 68 339 68 339 68 5 189 68 5 189 68 5 189 68 189 68 189 68 5 189 68 607 158 68 339 68 5 189 68 5 189 68 5 189 68 5 189 68 5 189 68 43 158 68 189 68 43 158 68 189 68 189 68 189 68 189 68 397 68 43 158 68 397 68 189 68 5 68 5 68
527 68 153 68 153 189 68 370 68 158 108
189 68 211 543 68 607 158 68 430 68 430
64 211 108 68 397 68 397 68 19 85 68 607 158 68 5 189 68 607 158 68 5 189 68 640 68 241 68 5 189 68 241 68 5 189 68 64 211 108
517 189 68 517
517 389 339
261 86 68 569 68 152 68 593 149
405 51 189 68 64 211 108
241 68 569 68 158 108 68 430 68 365 430 199 68 189 68 189 68 189 68 43 158 68 640 68 640 68 397 68 569 68 397 68 397 68 640 68 640 68 640 68 640 68 640 68 43 158 68 640 68 430 199 68 43 158 68 640 68 241 339 551
5 68 370 68 81 68 607 158 68 430 68 189 68 5 189
189 211 68 550 501 68 339 68 569 68 569 68 70 158 118
283 68 158 108 68 431 108 68 569 68 85 359 389 158 118
261 86 68 5 68 607 158 68 85 68 85
503 189 68 189 68 569 68 19 85 68 85 359 389 158 118
189 68 550 501 68 607 158 68 370 68 5 68 43 158 68 43 158 68 43 158 68
283 68 607 68 5 68 79 430 68 43 158 68 397 68 189 68 189 68 189 68 397
85 517 258 85 359
261 86 68 124 68 607 50 68 569 68 430 68 397 68 189 68 640
51 86 149 68 152 68 397 149
258 4
261 86 68 245 449 68 607 158 68 124 68 517
405 68 611 189 611 189
503 189 68 517 68 189 68 189 68 81 68 189 68 189
79 158 543 68 158 108 68 124
607 158 68 189 68 189 68 397 68 405 68 241 68 397 68 321 247 68 241 68 397 68 397 68 397 68 397 68 397 68 241 68 241 68 189 68 189 68 189 68 189 68 189 68 189 68 189 68 397 68 397 68 370 68 5 189 68 189 68 189 68 189 68 189 68 339 68 189 68 283 68 397 68 397 68 397 68 189 68 189 68 189 68 189 68 397 68 397 68 397 68 397 68 189 68 189 68 189
189 68 405 68 189 68 527 359 68 64 211 68 283 68 170
642 211
569 68 501 68 370 68 241 68 189 68 189 68 189 211 607 158
607 158 68 550 339 68 397 68 331 108 68 85 359
405 85 4 240
569 68 240 389 199 68 189 108
81 211 299 211 68 430 108 68 19 85 359 389 339
283 68 189 68 569 68 339
211 199 68 189 68 189
189 68 64 211 149 68 430 149
431 68 517 149 68 640 68 241 68 640
321 68 5 68 81 68 517 68 64 211 108
430 108
197 86 149 68 550 501 68 430 68 430 68 189 68 64 211 108
283 68 569 68 569 68 517 68 430 68 397 68 397 68 501 85 359 68 19 85 359
189 68 170 299 68 158 108 68 430 68 517 68 517
241
503 189
211 199
261 86 68 245 449 68 607 158 68 253 68 397 68 189 68 189
189 68 19 85 68 607 158 68 607 68 321 247 68 189 68 189 68 189
153 189
261 86 68 19 85 68 564 68 87 449 68 87 449 68 503 158
283 68 70 158
517
211 240 68 85 359 68 569 68 158 240
405 199
240 68 19 68 569 108
153 189
189 68 86 163 68 550 501 68 397 68 642 68 170 108
339 68 550 155
397 68 569 68 253
607 158 543 68 569 68 19 85
517
19 85
321 240 68 149 68 5 68 5 68 370 68 607 158 68 19 85 68 607 158 68 339
261 86 68 245 449 68 189 68 569 68 64 211 108 68 241 68 64 211 108
85 430 199 118
550 158 543
258 543 68 607 158 68 339 68 85 359 68 241 68 189 211 85 359
43 158 68 5 189 68 189
4 85 4
607 155 68 527
189 85 359 503 158
397 68 405 189
5 189
607 158 359 68 569 108 68 370
211 240 211
517 85 4 149
503 189 68 189 68 86 68 527 68 237 108 68 397 68 189 68 189 68 189 68 189 68 189
321 189 68 158 85 68 642 68 642 211 108
64 211
189 68 405 68 397 68 43 158 68 43 158 68 87 449
211 569 68 611 74 68 397 68 397 68 397 68 569 68 70 158
189 85 68 550 158 108 68 617
153 189
261 158 240
189 258 68 85 359 68 397 68 569 68 19 85 359 68 406 158 359
189 68 170 299 68 430 108 68 569 68 19 85
283 68 70 158 68 5 68 431 68 517
189 68 5 189 68 85 359 68 189 68 417
261 86 68 158 68 87 449 68 517 68 607 158 68 569 68 85
569 68 211 189 68 189 68 417
87 449
79 359 68 593 155 108
261 86 68 607 158 68 527 68 64 211 68 607 158 68 607 158 68 607 158 68 607 158 68 5 68 5 68 5 68 64 211 108 68 397 68 5 68 5 68 5 189 68 64 211 68 261 86 68 64 211 108 68 339 68 339 68 261 86 68 5 68 640 68 640 68 5 68 640 68 640 68 640 68 64 211 68 397 68 261 86 68 261 86 68 64 211 68 81 68 339 68 397 68 261 86 68 261 86
5 68 370 68 81 68 5 68 241 68 5 189 68 5
321 569 68 569 68 54 86
79 430 359
527 68 87 68 607 158 68 158 108
339 68 607 158 68 569 68 19 85 68 430 68 607 158 68 607 158 68 19 85
43 158 189
397 68 430 211
54 86 68 405 68 405 68 607 158 68 189 68 189 68 43 158 68 607 158 68 607 158 68 397
258 149 68 5 189 68 611 189
283 68 245 449 68 5 68 5 189 68 19 85 68 19 85 68 19 85
43 158 68 5 189 68 189
86 163 68 550 501 68 189 68 397 68 397 68 397 68 569 68 211 85
87 68 189 68 189 211 85 359 389 85 359
258 68 430 68 189 108 68 189 68 189
607 158 68 607 158 68 501 68 85 152 68 5
79 359
189 240 51 359
64 211 68 170 68 607 158 68 211 68 43 158 68 43 158 68 517
79 430 359
651 123
607 158 85 365 430 199
189 211 124
4 189 68 577
241 359 51 85 359
189 68 5 189 68 189 68 170 108 68 189 68 331 487 149
189 68 405 68 607 158 68 397 68 339 68 430 68 430
607 158 68 607 158 68 19 85 68 241 430
189 68 189 550 501 68 397 68 607 158 68 241 68 241 68 241 68 241 430 68 241 430 68 241 430 68 241 430 68 241 430 68 241 194 108
197 240
611 85
153 189
5 68 642 68 189 68 397 68 611 51 86
85 211 170
211 68 70 158 68 149 68 370 68 607 158 68 189
189 258 68 405 68 607 158 68 397 68 397 68 527 359
211 607
577 68 339
189 68 81 68 189 68 527 359
85 68 527 68 189 68 397 68 189 68 189 68 70 189 68 189
189 68 165 68 87 68 85 68 85 359 68 397 68 19 85 68 19 85
4 85 359
158 258 68 527 68 19 85 68 158 108
503 158
607 158 68 5 68 397 68 189
189 68 607 158 68 550 501 68 430 68 241 68 241 430 199 68 64 211 108
569 68 501 68 370 68 607 158 68 79 158 118 68 189 68 189
85 241 430 149 68 158 108 68 607 158 68 430
86 163 68 550 501 68 189 68 397 68 189 68 241 68 189 68 189 68 241 68 189 68 189
19 85 359
189 68 430 68 640 68 240 389 158 68 397 68 569 68 569 68 189 68 64 211 108
607 158 68 550 158 68 607 158 68 593 163 68 347 501
611 240 51 240
153 189 68 397 68 189 68 189 68 124 68 240 389 158 118 68 64 211 108
611 74
5 189 68 85 501 85 68 517 359
359 389 158 118
569 68 189 550 158 108 68 261 86 68 189 68 189
261 86 68 245 449
503 189 68 253 68 189 68 189 68 405
651 123
569 68 501 68 397 68 501 68 569 68 517
153 108 68 189 68 189 68 189
258 189
85 550 158 118
153 189 68 283 68 607 158 68 517 68 607 68 397 68 397 68 321 247 85
517 258 258 68 430 149
569 85
197 86 68 503 158 68 370 68 5 68 85 359 68 189 68 189
19 85 68 253 359
651 123 68 170 108 68 405 68 158 108 68 64 211 108
503 189
189
347 158
85 211 199
607 158 68 527 68 607 158 68 501 85 152 68 5 189
189 68 158 543 68 607 158 68 430 68 569 68 211 68 211 199 68 211 108
189 68 611 51 86 68 607 158 68 611 51 86
258 149 68 189 68 85 359 389 85
158 108 68 593 149 68 211 543 68 189 68 87 449 68 430 68 64 211 108
189 258 68 405 68 189 68 321 247
54 85 359
189 68 158 543 68 607 158 68 81 68 189 68 43 158 68 189
64 211 108 68 51 108 68 64 211 108 68 64 211 108
153 189 406 158 118
397 68 64 211 108
189 68 607 158 68 607 158 68 430 68 430
405 85 68 19 85 68 189 68 527 68 607 158 68 5 68 189 68 189 68 189 68 189
189 85 68 550 158 108 68 617
261 86 68 158 108 68 593 149 68 397 68 189 68 189 68 189 68 189 241 430
43 158 68 5 189
593 163 68 430 68 397 68 241 430
189 68 70 189 68 569 68 430 108 68 189 68 189 211 85 359 389 158 108
64 211 108 68 397 68 397 68 19 85
5 149
283 68 607 158 68 370 68 569 68 241 68 430 108
240 211
569 68 405 68 213 51 86 68 189 68 170 108 68 503 158 108
569 68 501 68 370 68 241 68 397 68 189 68 517 68 611 74
211 68 189 68 189 68 253
85 158 85 4 68 607 158 68 43 158
240 211
397 68 430 299 68 430 68 64 211 108
64 149
189 258 85
261 158 543 68 347 158 543
405 68 503 189 68 253 68 261 86 85
321 189 68 158 85
503 158 68 430 68 189 68 153 189
79 430 199
189 85 359 68 527 359 68 85 347 158 68 569 68 397 68 189 68 189
189 68 339 68 430 68 189 68 189 68 158 108 68 527 68 189 68 607 158 189 68 189 68 189 68 189 68 189 68 189 68 189 68 189 68 189 68 189 68 189 68 189 68 189 68 189 68 189 68 189 68 189 68 189 68 189 68 189 68 189 68 189 68 189 68 189 68 189 68 189 68 189 68 189 68 189 68 189 68 189 68 189 68 189 68 189 68 189 68 189 68 189 68 189 68 189 68 189
283 68 5 68 158 108 68 189 68 430 149 550 158 108 68 64 211 108
258 152
430 108 68 189 68 389 339 68 397 68 397 68 397 68 397
527 68 607 158 68 149 68 517
170 299 68 43 158 68 397 68 19
405 199
79 430 241 359
5 68 370 68 81 68 607 158 68 397 68 397 68 397 68 397 68 550 501 68 397 68 397 68 397 68 397 68 569 68 569 68 397 68 397 68 397 68 397 68 19 85
189 266 50 68 189 68 397 68 85 359 389 158 118
258 85 68 397 68 517 68 339 68 85 359 68 189 68 189 68 189 68 189 68 189 68 189
241 68 370 68 19 85 68 569 68 503 158
64 211 108 68 5 189 68 85 359
569 68 70 158
611 85 149
527 68 153 68 430 68 5 189 68 85
85 347 158
261 86 68 245 449 68 189 68 569 68 569
611 189 85 359 68 339 68 189 68 253 68 397 68 397 68 189 68 321 247 85 68 405 68 397 68 397 68 241 430
189 68 405 108 68 189 68 570 389 158 359
87 68 189 68 189 211 85 359 389 85 359
64 211 108 68 189 68 389 430 359
54 86 68 405 68 405 85 68 237
261 86 68 245 449 68 189 68 569 68 5 189
607 158 68 170 299 68 189 68 240 550 158 68 64 211
5 68 370 68 81 68 607 158 68 189 68 189 68 189 68 189 550 158 118
283 68 347 158 68 5 68 431 68 397 68 339
189 68 158 108 68 158 108 68 5 189 68 430
87 68 288 68 64 211 68 240 68 405 68 405 108 68 405 68 405 108 68 405 68 405 68 405 85
5 189 68 170 152
261 86 68 5 68 370 68 569 68 85 359 503 158 118
258 85
85 359 68 339 68 550 501 68 397 68 397 68 569 68 189 68 79 430 68 189 68 189 68 189 68 241 68 569 68 64 211 108
517 155 68 5
54 86 68 570 389 158 108 68 241 68 5 189
87 68 19 149 68 189 68 397 68 405 85
189 68 651 430 68 339 68 607 158 68 405
43 158 68 189 68 607 158 68 569 68 189 68 64 211 108
189 68 607 158 68 331 68 85 359 68 85
593 163 68 517 68 240 68 241 68 241 68 640 68 85 68 189 68 241 430 199
261 86 68 245 449
153 189 68 189 68 189 68 211 501 68 397 68 640 68 79 430 68 640 68 241 430
5 189 211 189
211 299 389 158 68 189 68 81
189 68 197 86 85 68 158 108 68 607 158 68 397 68 81 68 189 68 189 68 189 68 189
189 68 569 68 158 108 68 607 158 68 189 68 189 68 189 550 501 68 189 68 189 68 189 550 158 118
550 430 68 158 85 158 108 68 430 199 85
4 85 68 607 158 118
79 430 359
607 158 68 607 158 68 501
189 68 607 158 68 241 359 68 189 68 189 68 241 430 199
517 68 431 68 397 68 569 68 189 68 430 68 189 68 397
189 68 5 68 81 68 569 68 569 68 569 68 64 211 108 68 569 68 241 430 68 397 68 397
517 389 339
189 68 607 158 68 607 158 68 517 68 517
607 155 68 85 359 68 569 68 527 68 527 68 527 68 331 149 68 149
149 389 339 68 503 189
152
258 68 593 163 68 189
189 68 189 68 550 501 68 339 68 339 68 397 68 397
430 431
527 68 607 158 68 550 501 68 397 68 397 68 64 211 108
189 85 359 68 85 197 86 68 124
5 108
283 68 640 68 64 211 108
321 189
593 189 68 5 68 189 68 189 68 189
189 68 79 158 152 68 189 68 189 68 189 68 517 189 550 430
517 258 359
503 189 68 503 158 68 517 68 189
19 85
261 86 68 43 158 68 19 85 68 607 158 68 189 68 189 68 189 68 241 68 241 68 241 68 241 68 241 359
577 68 611 51 85 68 397 68 569 68 569 68 397 68 85 359 68 85 359 389 339 68 397 68 397 68 397 68 569 68 569 68 397 68 397 68 397 68 397 68 397 68 397 68 397 68 397 68 397 68 397 68 569 68 397 68 397 68 397 68 397 68 397 68 397 68 397 68 397 68 397 68 397 68 397 68 397 68 54 86 68 397 68 397 68 397 68 397 68 397 68 397 68 397 68 397 68 54
43 158 68 550 487 149 68 517 68 189 68 189 68 189
64 211
189 68 5 68 501 68 501 68 64 211 108 68 189 68 189 211 108
261 86 68 607 158 68 153 68 241 68 64 211 108
153 108 68 430 68 189 68 389 158 118 68 397 68 189 68 189 68 241 68 241
283 68 607 158 68 370 68 397 68 550 501 68 397 68 189 68 189 68 397 68 189 68 189 68 397 68 397 68 339
189 68 158 543 68 607 158 68 64 211 68 640 68 241 68 430
651 123 68 430 68 85 68 189 68 85 359
54 86 68 85 359 68 189 68 19 85
189 68 170 299 68 397 68 607 158 68 397 68 397
607 158 189 569 211 406 211 359
321 68 405 108
85 64 211
503 189 68 124 68 607 158 68 569 68 19 85 68 70 158 108
5 189 108
258 68 241 68 640
189 68 550 501 68 321 247
607 158 68 550 339
189 68 339 68 430 68 397 68 405 68 19 85 68 331 487 149 68 189
5 68 569 68 4 85 359 68 331 487 359 68 43 158 68 569 68 640 68 569 68 569
87 152 68 19 64 211
503 158 68 430 359 389 339
85 430 149
70 189 68 397 68 569 68 81 68 189 68 189
153 108 68 527 68 370 68 5 68 607 158 68 430 68 253 85
607 158 68 607 158 68 189 68 189 68 189 68 211 199
189 68 64 211 108 68 241 68 241 68 158 543 68 19 85 68 189 68 189 68 189 266 158 118
569 68 64 211 108 68 189 68 550 158 108 68 189
211 240 211
283 68 19 85 68 430 68 189 266 158 118 108
261 86 68 245 449 68 189 68 339 68 189 68 189
503 189
503 339
189 68 158 543 68 607 158 68 339 68 339 68 64 211 108
4 189 389 158 118
569 68 607 158 68 550 158 68 43 158 68 64 211
607 158 199
85 359
517 68 189 68 189 68 5
276 155
503 189 68 189 68 569 68 405 68 158 543 68 397 68 347 158 118
79 359 389 339
593 163 68 189 68 189
189 430 68 607 158 68 54 86 85 359 68 397
5 68 370 68 81 68 607 479 68 517 68 153 189
607 158 68 85 359 19 85 68 158 189 68 607 68 607 68 607 158
347 158
503 189 68 253 68 237 108 68 64 211 108 68 64 211
517 85
64 211 108 68 5 189 68 569 68 397 68 397 68 85 359 68 85 359 503 158 108
158 108 149 68 430 68 543 211 240 211
189 68 85 447 158 68 189 68 405 68 569 68 19 85
389 527
564 68 607 158 68 607 158
189 68 170 299 68 517 68 517 68 517 68 189 68 517 68 517
397 68 158 108 68 501 68 211 189
607 479 43 158 359
258 85 4 85
4 85
405 85 86 85
43 158 68 550 487 149 68 569 68 339 68 64 211 108
5 189 68 550 501
405 85
189 68 70 158 68 93 389 158 68 189 68 405 68 189
503 339 551
261 86 68 85 347 158 108 68 501 68 501 85 365 430 199 68 430 199
189 68 189 68 347 501 68 85 68 241 68 85 359 68 189 68 64 211 108
64 211 108 68 189 68 189 68 189 68 397
607 158 68 64 211 108
5 189 68 517 68 43 158 68 5 189 68 430 68 569 68 70 158
85 517 258 189
339 389 158 543 389 158 189
43 158 68 607 158 68 607 158 68 501 68 189 68 43 158 68 189 68 189
276 85 68 19 85 68 564 68 85 68 640 68 43 158 68 43 158 68 43 158 68 43 158 68 43 158 68 640
607 158 68 64 211
261 86
321 569 68 19 85 68 405
607 158 68 607 158 68 501
569 68 339 68 201 258 68 517 68 189 68 64 211 108
261 86 68 430 68 430 68 405 68 569 68 503 189 68 189
4 149 389 339
339 551 68 158 108 68 397 68 569
503 189
261 86 68 245 449 68 189 68 569 68 158 108
87 68 170 108 68 607 158 68 405 68 339 68 64 211
593 163 68 211 68 640 68 397 68 64 211 108 68 64 211 108 68 64 211 108
283 68 607 158 68 370 68 397 68 550 501 68 397 68 189 68 189 68 397 68 189 68 189 68 397 68 397 68 339
5 189 68 64 211 108
86 68 617 149 68 158 108 68 158 85 68 158
503 189 68 517 68 189 68 405 68 430 68 430
79 158 543 68 158 108 68 124
261 86 68 245 449
611 189 149 389 158 118
43 158 68 569 68 607 158 68 253
321 85 5 189
593 163 68 431 68 611 189 68 611 51 86
213
569 68 405 85 68 189 68 253 68 405 222 149
189 68 189 68 501 68 397 68 19 85 68 189 68 527 68 189 68 189 68 189 68 189 68 189 68 189 68 85 359
593 149 68 136 479 68 19 68 189 68 158 108 68 397 68 189 68 189 68 241 430 68 397 68 397 68 397 68 339
189 211 85 359 389 158 118 68 189 68 189 68 189 211 199
430 68 189 550 158
64 550 158 68 189
405 108 68 569
258 189 211 543 68 189 68 189
189 68 607 158 68 347 501 68 607 158 68 189 68 189 68 189 68 189 68 189 68 189
261 86 68 607 158 68 501 68 19 85
611 74
189 487 68 370 68 607 158 68 81
276 85 68 64 211
189 68 569 68 5 189 68 642 68 86 85
189 68 651 123 68 397 68 397 68 64 211 108
503 189 68 5 68 569 68 19 85 68 19 85 68 64 211 108
503 189
503 189 68 189 68 569 68 503 158 108 68 241 68 189
258 19 85 359
261 86 68 189 68 64 211 108 68 617
158 108 68 593 163 68 81 68 5 189 266 50
189 85 359 68 5 189 68 550 158 108
189 68 189 68 347 501 68 517 68 43 158 68 527 359 68 527 359
5 189 68 81
189 68 211 543 68 397 68 569 68 569 68 501 85 359 389 339
607 158 68 85 240 51 86 68 189 68 189
501 85 4 189 68 517 68 517 85 359
569 68 527 68 527 68 517 68 517
189 68 607 158 68 569 68 189 68 189
189 68 611 51 86 68 241 68 158 108 68 5 189
569 68 70 158 108 68 189 68 189 68 189 68 397 68 85 68 85 359 68 397 68 405 68 397 68 397 68 569 68 85 359 389 339
517 19 149
339
258
189 68 51 86 68 189 68 241 68 158 108 68 397 68 19 85 68 64 211 108 68 189 68 189 68 397 68 241 359
406 158 240
189 68 5 189 4 240 211 68 189 68 189 68 331 149
4 85
86 163 68 81 68 189 68 189 68 19 85 68 19 85 68 70 158 108
86 163 68 550 501 68 189 68 397 68 397 68 397 68 397 68 397 68 397 68 397
43 158 68 593 163 68 211 68 503 189 68 569 68 211 68 189 68 211 108
189 68 189 550 501 68 397 68 517 68 43 158 68 85 347 158 118
79 517 149
593 19 68 607 50 68 397 68 397 68 397 68 347 501 68 19 85 359
189 68 165 68 87 68 85 68 85 359 68 397 68 19 85 68 19 85
503 189
283 68 222 4 85 359 68 158 108 68 189 68 397 68 397 68 189
607 158 85 365 430 199
543 389 85 359
258 607 158 68 241
4 240
258 189
189 68 550 158 543 68 397 68 569 68 19 85 68 64 211 108
593 163 68 430 68 158 108
501 85 149 68 5 68 503 158 108 68 19 85
405 108
189 68 170 299 68 19 240 211 68 240 211 607
503 189
593 163 68 550 85 68 85 359 68 397 68 405 68 189 68 189 68 189 68 189 68 189
189 68 405 85 68 189 68 36 211 68 607 68 503 189
70 158 108 68 430 68 189 68 517 85
503 189
517 51 501 68 189 68 517 149
4 240
258 543 68 158 118 68 189
607 158 68 550 501 68 189 68 241 68 241 68 241 68 240
85 64 211
197 85 85
611 189 85 359 222 149 68 189 68 527 68 331 149 68 19 85
189 68 607 158 68 189 211 570 389 339
258 189 68 81 68 158 108 68 430 199
503 189 68 5 68 81 68 397 68 85 359 68 85 359 389 339
43 158 68 517 68 501 68 79 430 68 189 68 189 68 527 359 68 189 68 189 68 189 550 158 118
189 258 149 68 430
417
5 68 370 68 79 430 68 189 68 517
189 68 189 68 170 108 68 543 51 570 389 199
201 258 258
405 85 70 158
503 189 68 189 68 569 68 189 108
261 86 68 124 68 189 68 19 85
189 85 4 405 359
261 86 68 593 85 68 405 85
189 258 68 189 68 189 68 189 68 405 68 189
517 189 68 397 68 517 359 68 569 68 189
189 68 517 68 430 68 5 189 68 430
189 68 389 158 543 68 431 68 370 68 607 158 68 43 158 68 189
321 189 68 213 194
153 108 68 189 68 527 68 85 347 158 118 68 189 68 189 68 189
569 68 501 68 370
283
189 68 87 68 370 68 397 68 405 68 397 68 405 68 405 68 405 241 68 405 241 68 405
189 266 158 68 189 68 85 359 68 569 68 569 68 283 68 503 158
197 86
611 240 240
189 570 389 339
258 85 359
607 158 68 370 68 397 68 569 68 189 68 189
651 123 68 189 68 189 68 189
87 189 68 339 68 70 158 108 68 64 211 108
19 85 68 607 158 68 240 68 405 85
258 247 359
405 68 607 50 68 640
593 89 158 68 517 68 611 189 68 607 158 68 397 68 569 68 211 68 64 211 108
339
54 86 68 397 68 569 108
189 68 158 543 68 5 68 406 158 118 68 19 85 68 19 85 68 430 199
283
189 68 5 189 68 158 108 68 405 108 68 569 68 79 430 108
43 155 108
283 68 70 158
607 158 68 607 68 607 68 5 68 81
261 86 68 359 68 5 189 68 569 68 124
5 189 68 577
189 68 197 86 85 68 617 68 405 68 189 68 189 68 331 68 405 68 189 68 241 68 189
189 68 19 85 359 68 19 85
197 86 68 241 68 241 68 189
607 158 68 550 501 68 189 68 241 68 85 4 240 211 85
189 68 189 550 158 118
189 68 5 68 397 68 430 108 68 85 4 258 85 68 189 68 189
517 258 5 68 517 68 517 85 359 68 189 68 241
64 211 108 68 189 68 189 68 569 68 569 68 70 158
51 86 108 68 85 240
397 68 85 70 158
569 68 501 68 370 68 607 158 68 79 158 118 68 189 68 189
19 339 68 158 85
276 85 68 430 68 158 108 68 189 68 189
64 211 108 68 189 68 211 68 569 68 19 85
4 240 211 359
607 158 149
211 68 19 85 68 607 158 68 211 68 334 108
5 68 370 68 87 68 85 4 189 68 64 211 108 68 64 211 108
517 211 189
189 68 5 189 68 430
5 68 370 68 81 68 607 158 68 81 68 189 68 43 158 68 189
189 68 569 68 158 108 68 430
189 68 405 68 397 68 607 158 68 550 501 68 517 68 43 158 68 189 68 189
43 155
153 155
189 68 170 299 68 397 68 19
261 86 68 79 158 543 68 158 108 68 430
189 68 430 68 211 501 68 189 68 85 68 189 68 189 68 189 550 501 68 189 68 189 68 189
283 68 19 240 211 68 5 189 68 253 68 170 108
43 158 189
261 86 68 607 158 68 569 68 569 68 359
5 68 149 68 170 68 108 68 569 68 19 85
503 189
517 149 68 165 68 85
276 85 68 569 68 405
611 51 86 68 87 68 81 68 5 68 79 430 68 64 211 108 68 64 211 108
189 68 253 85 68 527 68 189 68 43 158 68 43 158 68 43 158
397 68 527 68 607 158 68 64 211 108 68 64 211 108
503 158 68 158 108 68 569 68 405 68 430 68 430 68 569 68 430 68 430 199
189 68 517 258 85 68 397 68 569 68 19
503 189 68 189 68 569 68 189 68 189 68 189 68 189
189 68 5 68 569 68 503 189 68 170 108 68 241 68 241 68 241
189 211 199 551 68 189 68 517 85
189 68 87 68 503 158 85 359
189 68 564 68 370 68 607 155 68 64 211 108
189 68 124 68 370 68 5 68 81
36 85 607 158 68 158 108 68 430 299 149
503 189 68 517 68 189 68 405 68 517 68 517 68 189 68 189
258 85 68 54 86 68 607 158 68 607 158
283 68 527 68 607 158 68 5 68 607 158 68 5
430 299 70 158
85 430 199 118
85 430 108 68 189 189 68 189 211 85 359 389 158 118
43 155 68 517 68 517
189 68 651 85
593 85 68 158 108 68 550 158 68 397 68 397 68 19 85 359
19 339 68 170
503 189 68 54 86 68 189 68 397 68 81 68 397 68 397 68 397 68 397 68 397 68 339
189 68 517 68 397 68 397 68 19 85 68 331 68 607 158 68 607 158 68 607 158 68 607 158 68 189 68 5 189 68 397 68 5 189 68 189 68 189 68 189 68 189 68 189 68 189 68 189 68 397 68 5 189 68 607 158 189 68 189 68 189 68 189 68 189 68 189 68 189 68 43 158 68 397 68 189 68 189 68 189 68 189 68 189 68 397 68 397 68 607 68 607 68 189 68 189 68 189
197 85 85
189 68 405 569 68 189 68 569 108
64 211 68 430 68 189 68 189 68 569 68 85 359
642 211 68 85 359
283 68 607
397 68 240 211 68 241
79 430 68 607
189 68 79 158 85 359 68 189 68 527 359 68 430
503 189 68 570 389 339
569 108 68 430 68 607 68 81 68 189 68 431 68 431 68 43 158 68 607 68 5 68 397 68 397 68 397 68 189 68 241 68 397 68 569 68 569 68 397 68 19 85
153 189
258 543 68 527 359 68 19 85 68 19 85
527 68 569 68 211 68 211 517 68 517 68 517 68 569 68 517
417
197 85 85
261 86 222 4 189
321 189
85 4
517 68 189 68 577 68 517 68 430 68 430
64 211 108 68 87 449 68 79 430
517 68 640
189 68 158 543 68 430 68 64 211 108 68 189
5 68 370 68 19 85 68 405 68 237 108 68 569 68 569 68 19 85 68 569 68 569 68 569 68 569 68 569 68 85
261 86 68 245 449
611 85 359
5 68 397 68 189 68 189 68 54 86 68 241 68 241 68 241 68 241 68 241 68 241 68 241 359
124 68 607 158 68 5 189 68 149
211 543
607 158 68 64 211 189 68 189 68 397 68 397 68 397 68 189 68 397 68 189 68 189 68 189 68 189 68 397 68 397 68 397 68 189 68 189 68 189 68 189 550 158 189 68 189 68 189 68 189 68 397 68 397 68 189 68 189 68 607 158
211 189
611 189 68 158 108 68 370 68 5 189 68 347 158 359
5 68 370 68 81 68 607 158 68 241 68 405 68 189
189 68 397 68 543 68 19 85 68 397 68 397 68 19 85 359
397 569 85
189 68 5 68 124 68 253 68 189 68 170
503 189
189 68 607 158 68 189 68 569 68 339
261 86 68 124 68 158 108 68 158 108 68 189 68 189 68 189 68 189 68 189 68 339 551
4 68 158 68 430 149
321 247
85 517 68 81 68 158 108 68 339
651 123 68 569 68 406 158 118 68 339 68 550 339 68 347 501
189 247 359
611 74
153 108 68 430 68 189 68 189 68 189 68 189 68 397 68 389 85 359 389 339
276 85 68 607 158 68 241 359
189 258 68 79 359 68 189 68 189 68 189 68 189 68 189
405 108 68 503 189 68 607 158 68 189 68 564 68 527
189 543 51 86 68 607 158 68 339
4 85 517
189 68 430 108 68 593 149 68 550 158 68 607 158 68 189
64 211 108 68 397 68 397 68 19 85 68 331 68 527 68 5 68 607 158 68 189 68 19 85 68 43 158
5 68 370 68 81 68 607 158 68 607 158 68 5 189
43 158 68 607 68 607 158 68 550 501 68 397 68 19 85 68 5 189 68 430 68 430
276 85 68 81 68 64 211 108
19 85
87
51 570 68 503 189
189 68 189 68 347 501 68 517 68 517 68 43 158 68 43 158 68 43 158 68 43 158 68 189
283 68 569 68 569 68 240 211 68 241 68 405 85 68 85 359 68 241 68 241 68 397 68 189
240 479 43 158 68 550 158 240
189 149
189 258 68 517 85 68 569 68 569 68 85 359
501 85 517 68 577 68 158 108
593 85 68 397 68 189 68 189 68 211 543 68 607 158 68 5 189 68 607 158 108 68 405 68 397 68 397 68 211 85 359 68 5 189 68 640 68 397 68 241 194 108
283 68 158 543 68 19 85 68 397 85
651 85 68 189
5 68 370 68 81 68 253 68 564 68 564 68 503 189 68 503 189 68 503 189
79 339 68 64 211 108
79 430 5 189
197 86 85 359 68 87 449
258 189 68 189 68 189 68 189 211 570 389 158 118 68 527 359
85 607 158 68 189 68 158 543 68 406 158 543
389 339 68 189 43 158 85
211 19 85
43 158 68 189 68 577 68 569 68 430 108 68 189 68 189 266 158 85
240 211 359 389 430
189 68 170 170
189 68 651 123 68 430 68 64 211 108 68 189
87 85
85 517 359
153 108 68 5 68 397
5 68 593 149 68 607 158 68 81 68 569 68 569 68 19 85 68 569 68 19 85 68 19 85
406 158 240
158 85 64 211 68 64 211 108 68 430
405 199
397 85 359 389 199 68 241
5 189 68 430 68 64 211
389 430 68 517 85 68 5
503 189
240 430
276 85 158 108
397 503 85 68 503 189 68 189
283 68 5 68 370 68 240 68 240 51 86 68 397 68 241 68 241 68 241 68 241 68 397
430 240 359
517 389 339 68 642 211
569 108 68 158 178
405 85 240 51 86
607 158 68 189 68 517 68 397 68 397 68 331 487 359
189 68 607 158 68 347 501 68 5 189 68 430 68 85 347 501
54 86 68 397 68 569 68 158 108 68 189 68 517 85
261 86 68 245 449
153 189
158 189 5 68 405 108 68 569 68 430 359
189 68 5 68 397 68 397 68 569 68 19 85 68 85 359 503 158
85 339 68 4 85 68 241
189 68 607 68 550 501 68 430 68 430 68 241 68 64 211 108
503 189 68 189 68 569 68 64 211 108 68 189 68 189 68 189
607 158 68 527 68 607 158 68 527 68 607 158 68 5 189
170 68 607 68 607 158 68 158 108
569 108 68 253 68 397 68 405 68 19 85
189 68 189 550 501 68 5 189 68 241 68 397 68 189 68 189 68 189 68 189 266 158 118
64 211 108 68 211 543 68 430 68 430 68 430 68 569 68 19 85 68 517
5 68 36 149 68 642 211 68 158 108
347 501
276 85 68 5 189 68 405 108
261 86 68 370 68 5 68 43 158 68 370 68 397 68 170
189 68 607 158 68 607 158 68 517 68 397 68 503 189 68 503 189 68 607 158
527 68 607 158 68 149 68 607 158 68 397 68 569 68 189 68 189 68 241 430 68 189 68 189
397 611 85 359
240 211 149
261 86 68 607 158 68 527 85
5 68 19 85 68 189 68 517 68 43 158 68 43 158 68 43 158 68 43 158 68 189
4 85 68 189 68 430 240 389 158
517 68 503 158 68 339 68 339 68 339
189 68 339 68 389 158 543 68 189 68 430
651 123 68 241 68 241 68 240 211 108 68 19 85 68 189 68 64 211 108
153 189 68 240 194 108
283 68 170 68 617 149 68 405 68 189 68 189
261 405 543
153 189 85 261 86
87 68 288 68 577 68 397 68 397 68 569 68 569 68 211 85 359
503 189 68 189 68 569 68 19 85 68 85 359 389 158 118
153 108
503 189 68 158 108 68 431 68 397 68 189 68 397 68 397
258 85 4 68 158 108 68 85 359
211 189
5 68 527 359 68 569 68 19 85
261 86 68 607 68 550 501 68 397 68 517 68 43 158 68 43 158
85 359 389 85
405 51 158 149
241 149 550 158 108
283 68 527 359 68 189
261 86 68 124
577 68 241
189 68 189 68 347 501 68 517 68 240 389 158 68 64 211
189 68 158 543 68 607 158 68 339 68 85 359
261 86 68 19 85 68 564 68 87 449 68 87 449 68 503 158
283 68 158 108 68 431 68 607 158 68 81
5 68 370 68 81 68 158 108 68 339 68 397 68 43 158 68 389 339
85 503 339
527 68 405 68 517 149 68 19 85 68 189 68 43 158 68 43 158
5 189 68 517 68 211 68 607 158
283 68 158 108 68 569 68 569 68 397 68 347 501 68 347 501 68 189 68 189 68 189 68 189 68 397 68 85 359
158 85 158 108 68 339 68 347 158
189 258 68 430 68 569 68 321 247 68 170 68 170 299
503 189 68 397 68 430
261 86 68 124 68 124 68 370 68 189 68 405
258 85
321 569 68 64 211 108
517
501 85 517 68 570 389 158 108 68 5 189 68 64 211 108
276 155
189 68 550 501 68 189 68 607 158 68 550 158 68 5 68 607 158 68 189 68 607 158 68 189 68
43 158 68 593 163 68 550 158 68 19 85 68 19 85 68 19 85 68 607 158 68 397 68 397 68 397 68 19 85 68 569 68 397 68 607 158 68 43 158 68 43 158 68 43 158 68 43 158 68 43 158 68 370 68 607 158 68 607 479 68 607 158 68 607 158 68 607 158 68 43 158 68 43 158 68 43 158 68 43 158 68 43 158 68 43 158 68 43 158 68 43 158 68 607 479 68 43 158
5 189 68 347 501 68 569 68 430 68 64 211 108
642 211 68 85 81 68 43 158 68 5 68 19 85 68 64 211 108
283
527 68 87 68 5 68
258 607 158 68 5 68 569 68 405 85
85 517 359
5 68 370 68 81 68 430 68 79 430 68 241 68 241 68 85 359
261 86 68 43 158 68 569 68 64 211 108 68 607 68 397 68 321 247
550 158 543
501 85 517 68 54 86 68 397
517 68 189 68 577 68 517 68 517 68 430 68 430 199
405 85 86 85
503 189 68 189 68 569 68 405 68 517 359 68 517
170 199
189
607 158 68 19 85 68 64 211 108 68 64 211 108
189 68 87 68 501 68 501 68 397 68 81 68 397 68 189 68 189 68 189 68 189 68 189 266 158 108
153 68 240 359 68 85 4 189 68 189 68 189 68 201 258 607 158 68 189 68 430
261 86 68 124
283 551 68 370 68 19 85 68 397 68 406 501
81 68 517 68 85 359 389 158 118
189 68 5 68 501 68 397 68 501 85 68 397 68 397 68 85 152 550 501 68 189 68 189 68 189 68 397 68 569 68 85 359 51 86 85
397 68 189 68 517 68 158 108 68 430 68 64 211
517
85 430 149 258 149
51 86 68 517
43 158 68 189 68 81 68 5 189 68 640 68 241 430
503 189 299 85 359
569 68 211 607 68 189 68 189 68 611 74 68 241 68 5 189 68 640 68 241 68 241 68 640
189 68 5 189 68 158 108 68 405 85
517 68 189 68 430 68 607 158 108 68 253 68 397 68 397 85
158 108 68 569 68 527 359 68 550 158 152
321 247 68 607
211 68 339 68 501 68 397 68 19 85 68 19 85 359 503 158 108
258
607 158 68 501 85
189 108 189
517 389 155
569 68 501 68 149 68 241 68 189 68 189
607 158 85 359 85 359
43 158 68 163 68 81 68 5 68 85 359
189 68 370 68 370 68 397 68 253 68 397 68 189 68 189 68 64 211 108
321 189 68 241 359
64 211 108 68 19 68 397 68 569 68 503 189 68 503 189 68 189
517 68 431 68 397 68 240 68 64 211 108 68 397 68 19 85 68 64 211 108
405 68 430 68 211 108
577 68 611 51 85 359 68 397 68 569
189 68 64 211 68 389 158 68 189 68 430 68 405 68 189 68 189
611 152
79 339 68 64 211 108
283 68 527 68 607 158 68 149 68 640 68 640 68 569 68 640
153 68 430 68 607 158 68 517
517 68 189 68 577 68 158 108 68 189 68 64 211
569 68 501 68 370
261 86 68 124
85 4 258 85 359
517 189 68 569 68 503 189
189 68 5 189 68 85 68 85 359 389 339 68 569 68 85 359
189 68 189 68 397 68 611 51 86 68 397 68 331 487 359 68 189 68 607 158 108 68 339
283 68 222 68 158 108
189 68 241 68 5 189 68 189 68 189 68 189 68 569 68 189
503 158 359 68 527 68 370 68 5 189 108
51 501 68 5 68 64 211 108 68 569 68 397
189
261 85 359
189 68 5 68 607 158 68 430 68 527 359 68 5 189 68 189
261 86 68 124 68 607 158 68 397 68 339 68 397 68 397 68 339
189 68 189 68 347 501 68 517 68 397 68 397
283 551 68 19 85 68 430 85 68 189 241 359
283 68 85 359 503 158 108 68 430 68 607 158 68 5 189
517
405 85 68 431 68 607 158 68 5 68 189 68 189 68 19 85 68 189 68 241 68 339
43 158 68 593 149 68 405 108 68 517 85 359 68 189 68 189 68 64 211 108
153 108 68 189 68 189 68 189
211 68 19 85 68 607 158 68 211 68 334 108
397 611 85
5 68 569 68 189 68 211 543 68 405 68 405 199
153 68 607 158 68 81 68 607 158 68 397 68 64 211 108
85 359 389 85
43 158 68 163 68 81 68 5 68 85 359
211 517 359 51 85
607 158 68 607 158 149
189 68 607 158 68 241 359 68 189 68 189 68 241 430 199
276 85 68 607 158 68 430 68 517
570 389 158 68 189 211 189
43 158 68 550 487 149 68 405 68 43 158 68 43 158
222
87 85 359
5 68 370 68 81 68 607 158 68 365 430 199 68 189 68 189 68 189 68 189
405 51 258 68 517 68 517 85 359
527 68 607 158 68 550 158 108 68 85 68 640 68 241 68 85 4 85 68 241 68 85
517 258 68 397 68 550 158 543 68 189 68 517
503 189 68 189 68 569 68 405 85 359
517 68 189 68 430 68 569 68 85 359 389 158 118
258 543 415
569 68 430 211
64 211 68 158 108
158 108 68 449 68 569 108 68 85 359
503 189 68 607 68 370 68 241 68 241
283 68 64 211 108 68 158 108 68 397 68 397 68 397 68 189
331 487 211
189 68 189 68 347 501 68 405 68 189 68 64 211 108 68 241 68 64 211 108
517 258 149
261 86 68 607 158 68 189 68 611 189 68 517 85 68 43 158 68 517
517 415
189 68 607 158 68 607 158 68 405 68 430 68 430 149
611 85 359 222 149 68 189 68 189 68 527 68 64 211 108 68 64 211 108 68 64 211 108
158 240 359
611 51 86
189 68 64 211 68 331 68 331 68 158 108 68 517
19 85 68 19 85 359
158 108 149 68 189 68 517 149
85 4 189
283 68 70 158 68 5 68 365 430 149 68 607 158 68 5 189
241 359
85 64 211
611 152 68 64 211
153 189 68 564
503 189 359 389 339
211 543 211 543
5 68 370 68 81 68 607 158 68 189 68 153 189
19 85 68 79 359
517 68 331 149
170 199
87 68 64 211 68 339 68 85 359
261 86 163 85
283
397 527
64 211 108 68 240 389 240
87 449
607 158 64
5 68 370 68 81 68 189 68 158 108 68 431 85
569 68 430 149 68 189 68 253 359
321 189 68 158 85
569 68 81 68 158 189 68 430 108 68 397 68 19 85 68 19 85 68 430 68 569 68 569 68 569 68 569 68 430 299
503 189 68 607 50 68 431 68 189 68 189 68 189 68 189 550 158 118
517 389 199
397 68 54 86
240 51 64 211 68 158 108 68 85 4 85 68 430 199
397 68 189 68 406 501
517 68 370 68 370 68 5 68 81 68 5 189 68 503 189
189 68 564 68 397 68 569 68 405 68 405 68 189 68 85 68 189 68 189 68 189 68 189
51 86 68 124
51
86 163 68 550 501 68 189 68 5 189 68 5 189
283 68 527 68 607 158 68 149 68 569 68 517
189 68 570 389 570 389 158 68 569 68 430 68 189 68 189 68 189 68 189 68 189 68 189
81 85
5 543
405 359
189 211 199 85 359
283 68 70 158
189 68 593 149 68 607 158 68 405 68 19 85 68 607 158 68 607 158 68 607 158 68 607 158 68 189 68 397 68 550 339 68 339 68 189 68 189 68 189 68 189 68 189 68 189 68 189 68 607 158 68 607 158 68 607 158 68 189 68 189 68 189 68 189 68 64 211 339 68 397 68 64 211 68 397 68 189 68 189 68 189 68 189 68 64 211 68 339 68 339 68 339 68 189 68 607 158 68
240 211
5 189 68 550 501 68 640
258 85 359
64 211 108
253 68 517 68 124 68 397 68 54 86 68 397 68 569 68 503 189 68 397 68 569 68 569 68 397 68 397 68 211
258 189 68 237 569 68 85 359 68 405 85
43 158 68 431 68 397 68 527 68 527 359 68 607 479 68 43 158 68 43 158 68 43 158 68 607 479
201 258 258
261 158 543 68 347 158 543
189 85 68 213 211 189 211 189
5 189 211 85 359
503 189 68 517 68 569 68 241 68 640 68 397 68 189 68 189 68 189 68 189 68 189 550 487 359 503 158 118
189 258 68 64 211 189
550 501
5 68 370 68 43 158 68 569 68 241 68 241 359
607 158 359 68 569 68 189 68 569
611 51 86 68 189 68 321 247 68 607 158 68 189
189 543 611 85
87 85
607 158 68 607 158 68 240 194 68 241 68 170 108
607 155 68 85 359 68 569 68 569 68 550 501 68 397 68 331 149
19 339 68 550 158 108 68 389 339
4 85 359
43 158 68 189 68 85 359 68 527 359 68 241 68 397
86 163 68 550 501 68 189 68 397 68 517 68 517 68 517 68 517
5 68 370 68 240 68 85 68 189 68 253 68 397 68 611 74
611 240 240
158 108 68 569 68 501 85 240 211 85 68 517 68 43 158 68 211 199
85 543
189 68 569 68 158 108 68 158 108 68 79 158 85 359 68 189 68 189 108
607 158
261 86 68 607 158 68 527
261 86 68 158 108 68 370 68 5 189 68 189
607 158 68 347 158 359
517 68 640
64 211 68 211 68 211 68 43 158 68 43 158 68 43 158 68 64 211
607 158 85 247 68 406 158 108 68 527 359
503 189
36 85 607 158 108
79 85 359 68 640 68 64 211
87 51 86
189 68 158 543 68 158 108 68 149 550 487
64 211 108 68 430 68 189 68 237 108 68 569 68 189 68 189 68 19 85 68 241 68 241 68 607 158 108
4 85
283 68 569 68 124 68 124
85 359 68 283 68 607 158 68 503 189
5 189
258 543 68 189 68 517
85 607 158 68 189 68 642 211
43 158 68 550 487 149 68 569 68 569 68 19 85 68 347 158 68 43 158 68 607 158 68 43 158
43 158 68 43 158 68 189 68 430 68 607 158 68 5 189 68 550 501 68 5 189 68 43 158 68 43 158 68 339
189 430 68 430 359
43 158 68 550 158 68 158 189 68 331 149 68 5 189 68 153 189 68 640
5 189
189 85 359 68 430 68 430 68 607 158 68 397
261 86 68 288 149
211 607 158 68 189 68 517 85 359
611 85 359 222 149 68 189 68 189 68 527 68 64 211 108 68 64 211 108 68 64 211 108
189 68 51 86 68 550 501 68 607 158 68 189
569 68 240 359 503 158 68 189 68 64 211 108 68 397 68 503 158 68 397 68 397 68 339
607 158 68 64 211 108 68 64 211 108
197 86 68 189
261 86 68 189 68 607 158 68 5 68 550 158 68 527 68 607 158 68 43 158 68 339
189 68 550 501 68 158 108 68 189 68 517 85
86 163 68 550 501 68 389 501 68 397 68 430 68 607 158 68 430 68 607 158 118
261 86 68 158 108 68 370 68 5 189 68 189
189 68 170 299 68 446 68 517 68 189 68 189 68 241 68 241 68 241 68 241 68 241 68 241 359
241 68 85
503 189 68 170 68 617 149 68 189 68 189 68 517 85
189 68 153 68 153 189 68 517 118
189 68 189 550 501 68 241 68 517 68 517 68 517 68 397 68 517
261 86 163 85
321 189 108
43 155 108
339 211 240 211 68 70 189 108
43 158 68 517 68 430 68 405 68 607 68 569 68 397 68 81 68 189 68 241 68 241 68 241
258 68 36 149 68 189
43 158 68 593 149 68 640 68 569 68 569 68 64 211 108
43 158 68 527 68 564 68 503 158 68 607 158 68 569 68 81 68 569 68 189 68 189
5 68 370 68 5 68 189 68 189 68 527 68 5 189 68 19 85
283
593 569 68 405 68 611 189 68 611 189
569 68 347 501 68 189 68 397 68 321 247 85 68 241 68 640
189 68 550 158 543 68 569 68 517 68 517 68 517 68 517
189 68 543 68 431 149
79 430 430
517 258
417
261 86 68 124 68 170 68 607 158 68 81 68 397 68 397 68 64 211 108 68 397 68 339
276 85 68 527 68 158 108 68 5 68 5 189 68 64 211 108
189 68 640 68 517 359 68 517 68 617 68 397
569 68 501 68 149 68 241 68 189 68 189
611 51 501
261 85 68 517 189 550 158 189
189 258 68 517 68 158 108 68 569 68 397 68 431 85 359 503 158 118
517 118
283 68 70 158
611 85 359 222 149 68 189 68 189 68 189 68 189 68 189 68 189 241 430 199
64 211
593 240 68 189 68 569 68 64 211
211 607 158 155
189 68 211 607 158 68 339 68 347 501
189 68 339 68 347 158 108 68 430 68 189
283 68 607 68 5 68 240 51 86 68 213 68 617 149 68 5 68 64 211 108
276 85 68 517
189 266 158 68 189 68 85 359 68 569 68 569 68 283 68 503 158
189 258 68 543 68 405 85 359 68 569 68 397 68 189 68 189
189 611 51 86 149
19 85
276 85 68 550 158 118 68 430 68 397
593 163 68 405 68 19 85 68 189 68 189 68 189 68 189 68 189 211 543 389 158 118
503 189 68 158 108 68 431 68 189 68 189
503 189 68 253 68 569 68 430 68 430 68 241 68 241 68 241 68 241 68 241 68 241 430
503 189 68 158 108 68 431 68 397 68 189 68 64 211 108 68 64 211 108
197 85 85
211 199
417 551
64 211 68 611 51 86 68 517 68 569 68 405 68 405 68 405 68 405 241 430 68 405 241 430
570 389 85 241
321 189
189 68 5 68 397 68 501 68 339 551 68 397 68 397 68 569 68 85 359
5 189 543 503 158 108
607 158 68 347 158 359
51 501 68 189 68 607 158 108
85 517 258 189
85 4 258 85
503 189 68 189 68 569 68 85 359
189 266 158 68 85 359 68 397 68 253 68 527 359 68 189 68 189 68 189
397 68 85 4 85 4
339 211 240 211 68 70 189 108
211 607 158 68 241 68 569 68 64 211
503 189 68 517 68 607 158 68 501 68 397 68 189 68 189 68 189 68 189 68 189 68 189 68 397 68 397 68 339 551
321 85 68 5
189 68 197 86 85 68 87 68 19 85 68 19 68 607 158 68 189 68 607 158 68 339 68 189 68 189 68 5 189 68 569 68 339 68 189 68 189 68 189 68 189 68 189 68 189 68 527 68 527 359 68 19 85 68 339 68 189 68 527 68 527 68 527 68 527 68 527 68 527 68 527 68 527 68 283 68 189 68 189 68 189 68 189 68 283 68 283 68 283 68 339 68 339 68 607 158 68 607
189 266 158 68 405 68 397 68 397 68 550 501 68 397 68 397 68 189 68 397 68 397
517 68 64 211
79 339 68 189 68 397
189 68 189 68 430 68 517 68 607 158 68 593 163 68 397
189 68 170 299 68 517 68 158 108 68 19 85 68 189 68 189 550 158 108
189 68 189 68 347 501 68 607 158 68 87 449 68 283 68 503 158
607 158 543 68 569 68 569 68 64 211
43 158 68 5 189
501 85 517 68 5
211 299
569 68 339 68 19 85 68 569 68 19 85 68 607 158 108 68 5 189 68 607 158 108
85 4 85 517
283 68 158 108 68 527 68 189 68 397 68 569 68 211 607 158 68 550 158 108 68 397 68 397 68 397 68 569 68 569 68 569 68 397 68 397 68 19 85
527 68 87 68 5 68
189 68 158 543 68 607 158 68 517 68 189 68 189 68 189 68 189 68 189 68 189
607 479 43 158 68 189 68 85 359
43 158 68 258 68 5 189 68 339
43 158 68 607 68 189
569 68 607 158 68 149 68 189 68 397 68 43 158 68 43 158
405 85
87 68 170 68 543 68 397 68 397 68 397
283 68 5 68 527 68 149 68 19 85 68 607 158 68 5 68 550 158 68 607 158 68 397 68 397 68 569 68 569 68 569 68 569 68 397 68 283 68 283 68 19 85 68 261 86 163 68 283 68 288 68 19 85 68 19 85 68 283 68 283 68 283 68 283 68 283 68 283 68 283 68 283 68 397 68 64 211 68 283 68 283 68 283 68 501 68 569 68 569 68 68 283 68 283 68 283 68 283
607 158 68 19 85 68 569 68 607 68 321 247
189 68 5 68 397 68 517 68 211 607 158 68 211 68 211 607
593 163 68 550 339 68 85 359
517 389 339
283 68 245 449 68 158 108
417 551 68 19 85 68 158 85 359
503 189
43 158 68 43 158 68 19 85 68 170 108
389 85 68 85 611 51 86
405 397 68 85 240
321 152
397 68 607 158 68 607 68 397 68 569 68 405 68 405
189 68 64 211 108 68 397 68 569 68 19 85 68 397 68 253 68 430 68 189 68 189 68 189 68 189 68 569 68 569 68 430 68 189 550 158 189 68 189 68 189 68 189 68 189 68 189 68 189 68 261 86 68 189 68 189 68 189
517 68 189 68 577 68 64 211 108
261 86 68 124 68 189 68 153 189
211 339
5 68 593 163 68 550 501 68 430 108
517 85 158 543 85 4 85
258 149 68 550 158 108 68 430 199
517 389 339 68 211 149
211 543 51 487 149
283 68 527 68 569 68 5 68 79 430 68 64 211 108
261 86 68 124
593 163 68 189 68 611 189 68 517 85 359 68 189 68 189 550 158 118
43 158 68 607 68 189 68 577 68 517 68 607 68 607 479
241 85 359 68 189 68 569
405 397
5 189 108
189 68 189 550 501 68 397 68 240 211 68 240 389 158 118 68 607 158 68 189 68 189 68 189
189 68 543 389 339 68 5 68 64 211 108 68 241 68 189 68 241 68 241 68 241 68 189
607 158 68 607 158 149
189 258 68 189 68 569 68 241 430 68 189 68 189 68 189 211 85
189 68 569 68 347 501 68 5 189 68 321 247 68 503 189 68 503 189
189 68 158 543 68 241 68 189 68 189
43 158 68 550 487 149 68 19 85 68 339 68 189 68 189 68 189 68 189
79 430 359 68 189 68 189 68 5 189 68 170 108
569 68 240 51 85 68 397 68 43 158 68 64 211
570 430
339 68 607 158 68 550 501 68 339 68 397 68 64 211 68 64 211 108 68 64 211
189 68 253 85 68 569 68 64 211 108 68 189 68 189 68 189 68 189 68 189 550 158 543 389 158
527 68 405 68 517 149 68 19 85 68 189 68 43 158 68 43 158
261 86 68 245 449 68 189 68 569 68 158 108
406 158 240
64 211
85 64 211
85 4 189 68 211
5 189 258 359
5 68 370 68 607 68 397 68 397 68 240 51 86 68 64 211 108
189 68 136 479 68 19 85 68 607 158 68 64 211 108 68 430 68 64 211 108
153 108 68 527 68 370 68 446 68 517 359
189 68 85 359 68 397 68 397 68 339 68 517 68 43 158 68 517 68 517 68 517
261 86 68 527 68 261 86 68 5 189 68 607 158 68 347 158 118
331 359
170 108 68 570 211 543 108
397
189 68 607 158 68 577 68 339 68 339
86 68 189 68 64 211 108 68 64 211 108 68 19 85 68 189 68 64 211 108 68 189 68 189 68 64 211 108
261 86 68 245 449
189 68 245 449 68 124
211 543 503 85
5 189 68 85 68 431
569 68 611 51 86 68 397 68 5 68 19 85 68 19 68 81 68 397 68 189 68 189 68 397 68 397 68 569 68 569 68 569 68 569 68 569 68 397 68 397 68 397 68 397 68 397 68 283 68 397 68 19 85 68 19 85 70 158 359 68 569 68 397 68 397 68 569 68 397 68 397 68 397 68 397 68 397 68 569 68 397 68 397 68 283 68 397 68 283 68 283 68 569 68 397 68 569 68
85 68 158 108 68 430 68 5
241 68 5 189 68 189 211 611 74
261 86 68 245 449 68 189 68 19 85 68 5 189 68 189 68 189
189 68 5 68 189 68 85 4 85 68 607 158 68 189 68 189 68 189
189 68 607 68 5 68 430 68 339 68 607 158 68 43 158 68 189 68 189 68 189 68 189
189 68 189 68 347 501 68 85 359 68 158 108
261 86 68 607 158 68 550 430
189 68 64 211 108 68 397 68 569 68 19 85 68 19 85 68 19 85
211 68 189 68 70 158 68 189 68 241 68 241 68 189 68 189 68 241 68 241 68 189 68 189 68 241 430 68 241 430 68 241 430 68 241 194 108
5 68 149 68 503 189 68 607 158 68 501 68 397 68 189 68 189 68 189 68 189 68 189 68 607 158 359
189 68 550 158 543 68 189 68 189 68 405 85 68 189 68 189 68 189
189 68 651 123 68 85 68 158 108 68 241 68 241 68 503 189 68 64 211 108 68 189 68 189 68 241 68 241 68 85 359
197 86
64 211 108 68 569 68 240 211 108
321 240 68 569 68 569 68 64 211 108 68 189 68 527 359 68 189 68 189 68 189 68 19 85
397 70 158 359
5 68 370 68 79 430 68 569 68 19 85 68 389 158 118
593 85 68 85 359 68 569 68 640 68 640
5 68 370 68 149 550 158 118 68 607 158 68 189 68 527 359 68 607 158
570 68 19 240
503 339
64 211 108 68 64 211 68 64 211
517 189 211 124
405 359
87 68 19 149 68 240 68 397 68 54 86 68 397 68 397 68 405 68 397 68 339
85 359 68 85 347 158
261 86 68 607 68 370 68 569 68 569 68 397
189 68 517 68 550 501 68 295 149 68 430 68 189 68 189 68 189 550 430
43 158 68 194 108 68 543 51 86
189 68 241 68 640 68 569 68 640 68 640
543 389 158 85
569 68 64 211 108 68 158 108 68 240 211 108
517 258 5 68 517 68 517 85 359 68 189 68 241
517 389 339
397 68 241
283 68 347 158 68 5 68 569 68 19 85 68 430 68 241 68 241 430 68 241 430 68 241 68 241 430 68 569 68 569 68 241 430 68 241 194 108
258 85 359 68 85
43 158 68 189 68 5 68 397 68 607 158 68 253 68 253
189 68 241 68 189
85 241 359 389 339
261 86 68 527 68 370 68 569 68 550 339
211 199
5 68 370 68 81 68 607 158 68 501 68 85 68 241 68 85 4 85
189 68 607 158 68 36 211 607 158 68 189 68 189 68 189 68 189
189 68 197 86 85 68 19 85 68 607 158 68 397 68 211 68 211 108
569 108 68 253 68 189 68 189 68 189 68 189 68 607 68 5 189
201 258 258
85 4 189 68 430 68 211 607 158 118
19 68 158 68 607 158 68 189 68 5 189 68 397
397 68 569 68 389 339 68 397 68 569 68 64 211 68 64 211 108 68 64 211 108
189 68 5
153 189 68 70 189 68 430 108 68 517 258 85
64 211 68 85 359
4 85 68 85 4 240 68 430 299
87 68 5 189 68 81 68 607 158 68 189 68 527 68 527 359 68 189 68 189 68 189
5 68 370 68 5 68 189 68 189 68 397 68 431 68 397 68 240
569
64 211 108 68 517 149 68 43 158 68 43 158
43 158 68 86 68 87 68 81 68 397 68 397 68 527 68 81 68 189 68 189 68 189 68 397 68 397 68 569 68 569 68 397 68 397 68 397 68 43 158 108 68 261 86 163 68 43 158 108 68 370 68 370 68 370 68 43 158 68 43 158
607 158 199
189 68 54 86 68 189 68 397 68 81 68 397 68 503 189 68 170 108
517 258 158 108
258 68 5 68 347 158 359
213 51 86 68 527 68 253
189 68 577 68 189 68 241 68 240 389 158 108
51 86 149
189 68 405 51 501
189 68 527 68 85 152 68 266 158 68 189 68 397 68 19 85 68 607 158
189 68 405 189 68 430 68 339
189 68 607 158 68 189 68 189 68 405 68 189 68 189 68 189 68 189 108
5 68 370 68 81 68 5 68 5
5 189
5 68 81 68 397 68 397 68 81 68 189 68 64 211
261 86 68 5 68 607 158 68 64 211
501 68 607 68 189 68 170 152
261 86 68 79 158 543 68 158 108 68 430
569 68 501 68 149 68 241 68 189 68 189
258 569
405 68 158 543 68 339
79 430
397 68 240 68 241 68 158 108
189 68 189 68 550 501 68 517
276 85 68 527 68 607 158
607 155 68 85 359
189 68 170 299 68 85 347 158 118 68 19 85 68 70 158 108
158 85 359 4 189 68 211 607 158 118
64 211 108 68 569 68 240 211 108
189 68 607 158 68 331 68 85 359 68 85
189 68 607 68 607 158 68 211 68 64 211 108 68 517
527 68 569 68 517 68 64 211 108 68 430 68 430 68 430 149 550 430
189 68 87 68 607 158 68 406 158 118
189 68 64 211 68 189 68 170 68 253 68 189 68 189 68 189 68 189
51 86 68 124
19 339 68 607 158 68 607 158 68 5 189 68 607 158
283 68 611 51 86 68 607 158 68 370 68 397
64 211 68 321 247 85
611 189
64 211 108 68 569 68 240 51 108 68 640 68 64 211 108
5 68 501 68 85 359 503 158 108
153 108 68 189 68 189 68 189
5 68 370 68 81 68 158 108 68 158 108 68 64 211
503 189 68 5 68 81 68 397 68 397 68 189 68 406 158 68 189
261 86 85
189 68 189 68 347 501 68 397 68 240 389 158 118 68 79 430
64 211 108 68 19 85 68 397 68 405 68 189 68 70 158 68 19 85 68 19 85 68 19 85 68 569 68 569 68 19 85 359 389 158 118
5 68 370 68 81 68 607 158 68 241 68 397 68 397 68 85 359 389 339
593 163
240 4 85
569 108 68 430 68 158 108 68 81 68 189 68 189 68 189 68 189 241 68 241 430 299 158 118
64 211 108 68 339 68 321 240 68 241 68 640 68 149
189 68 189 68 347 501 68 189 68 527 359 68 43 158 68 70 158
651 123 68 158 68 517 85
189 211 108 68 517 68 43 158 68 240 211
503 189 68 607 68 36 149 68 607 158 68 189 68 43 158 68 189
321 247 359
276 85 68 79 430 68 517 68 240
607 158 68 564 68 607 158 68 607 158 68 501 68 607 158 68 607 158 68 607 158 68 607 158 68 607 158 68 430 68 430
197 85 85
607 158 68 189 68 189 68 261 86 85 68 607 158
276 85 68 189 68 527 359 68 370
19 85 359 68 85 68 241
211 85 359 68 640
54 86
283 68 405 68 158 108 68 158 108
5 189 68 339 68 517
283 68 607 50 68 397 68 569 68 389 158 85 68 85 359 68 85 359 68 397 68 397
283 68 19 68 569 68 339 68 397 68 397
283
5 189 68 359 68 397
5 68 149 68 503 189 68 503 189 68 503 189 68 503 189
85 517
607 158 359 68 569 108 68 370
4 64 211
607 158 68 550 339 68 397 68 569 68 19 85
189 68 240 211 68 189 68 331
527
5 189 108
607 158 68 5 68 189 68 85 359 389 158 118 68 189 68 189
503 339 551
189 68 593 163 68 64 211 108 68 64 211 108
517 258 85
405
189 68 550 501 68 370
611 359 51 359
283 68 569 68 517 68 517 68 640 68 569 68 241 68 64 211 108
211 68 170 108
189 68 81 68 189 68 607 158 68 405 68 189 68 189 68 189
569 68 211 124
503 189 68 158 108 68 569 68 517 258
54 86 68 5 189
276 85 68 550 158 199 68 189 68 189 68 189
527 68 5 68 370 68 81 68 5 68 81
258 611 359
258 247 85
189 258 68 527 68 189 68 19 85 68 158 85
189 430 68 430 359
283 68 19 85 68 189 68 189 68 241 68 170 108
397 68 283 68 189 68 189 68 339
607 158 68 365 430 108 68 640
189 68 70 189 68 569 68 189 68 189 68 189 550 158
189 68 70 189 68 149 68 261 86 149 68 397 68 5 189
4 189 389 487
607 158 199
569 85 359
189 68 64 211 68 389 158 68 189 68 430 68 405 68 189 68 189
189 85 359 68 85 359 389 570 389 570
283 68 158 108 68 569 68 569 68 397 68 347 501 68 347 501 68 189 68 189 68 189 68 189 68 397 68 85 359
197 86
5 189 108
517 389 199 68 64 211 108
261 86
241 68 617 68 189
87 68 64 211 68 607 158 68 527 359 68 189 68 397 68 189
405 68 189 68 189 68 397 68 569 68 85 359
642 211 68 85 359 68 64 211 108
189 68 5 189 68 607 158 68 339 68 501 68 397 68 331 487 359
43 158 118 108
607 158 5 189 68 550 158 118 68 611 74
189 68 189 550 501 68 397 68 405 68 43 158 68 43 158 68 43 158
503 189 68 189 68 569 68 189 68 189 68 189 68 189
517 85 365 430 199
517 258 5
189 68 197 86 85 68 189 68 517 68 640 68 241 68 79 430
283 68 170 299 68 569 68 189 68 189 68 64 211 108
241 68 517 68 87 85 152
241 68 149 68 189 68 211 543 68 405 68 569 108
405 19 19 85 68 241 68 5
197 85 85
170 299
189 68 564 68 607 158 68 550 501 68 569 68 405
211 149
397 85 503 85
189 68 288
593 163 68 85 359 68 85 4 240
19 85
189 68 189 68 607 158 68 569 68 370
503 189 68 527 68 370 68 5 68 550 158 68 397 68 397 68 64 211 108
189 68 550 501 68 397 68 569 68 81 68 189 68 85 68 85 68 189 68 85 68 189 266 158 108
405 240
5 189 51 86
87 68 124 68 339 68 189 68 189 68 189 68 70 189 68 389 158
397 68 607 158 68 527
4 406 158 68 607 158 68 430 199
189 85 68 430 68 5 189 68 64 211 108 68 43 158 68 5 68 43 158 68 5 189 68 189 68 43 158 68 85 359 68 85 68 339 68 189 68 189 68 189 68 189 68 189 68 339 68 527 359 68 43 158 68 339 68 189 68 189 68 189 68 189 68 339 68 339 68 339 68 339 68 85 68 85 68 189 68 189 68 189 68 189 68 189 68 189 68 43 158 68 339 68 189 68 189 68 339 68
405
240 389 158 68 70 189 108
86 163 68 347 501 68 189 68 339 68 211 85 359 68 569 68 211 82 152 211 108
261 86 359
85 577 68 550 158 108 68 64 211 108
87 68 124
79 430 199

85 577 68 158 108 68 211 607 158
5 68 370 68 517 68 517 68 339 68 430 68 517 258 149
607 158 189 149
5 68 527 68 19 85 68 19 85 68 397 68 19 85 68 19 85 68 241 68 19 85
158 85 64
517 68 331 149 68 430 108
527 68 241 68 640 68 149
87 85
189 68 430 299 68 189 68 339 68 339
5 68 321 247
189 68 79 158 152
5 68 593 163 68 550 158 68 569 68 64 211 108
5 189 68 81 68 189
211 85 359 68 430 299 85 359
651 123 68 158 108 68 85 359 68 241 68 241 68 241 68 241 68 241
189 68 5 189 68 503 158 68 569 68 85 359 389 339
197 86 149 389 158 108
85 68 527 68 189 68 397 68 189 68 189 68 70 189 68 189
189 68 189 68 607 50
211 543 51 240
283
241 68 149 68 430 108 68 569 68 189 68 189 68 211 607 158 108
397 68 85 222
149 51 86 85 359
261 158 543 68 370 68 569 68 158 108 68 430 68 43 158 68 430 68 43 158 68 430
430 299 85 68 5 189 68 158 108
517 51 240 194
5 68 81 68 397 68 397 68 81 68 189 68 64 211
527
593 85 68 607 158 68 607 158 68 189 68 431 68 397
64 211 108 68 189 68 170 108 68 158 240
85 240 211 359
189 68 158 543 211 68 397 68 370 68 43 158
651 123 68 253 68 397 68 611 51 86 68 189
85 359
261 86 68 5 68 607 158 68 569 68 189
153 189 68 640 68 569 68 405 68 158 543 389 158 118 68 85
5 189 68 389 339 551
283 68 607 158 68 370 68 397 68 550 339
276 85 359
261 86 68 245 449 68 607 158 68 5 68 593 163 68 617
64 211 108 68 19 85 68 397 68 550 339 68 517 68 517 68 517
43 158 68 189 68 611 189 68 569 68 19 85 359
211 68 36 149
54 86 68 189 68 189
241 68 5 68 70 158 359
430 68 189 68 240 389 479
189 258 68 507 258 85 359 68 430
642 211 68 85 359
593 163 68 405 68 501 68 85 4 240 68 64 211 108
283 68 70 158
189 68 189 68 347 501 68 517 68 43 158 68 189 68 189 68 189 68 189 68 189 550 158 118
189 68 253 85 68 397 68 501 68 240 389 158 118 68 189 68 189
503 189 68 517 68 189 68 158 108 68 397
189 68 170 299 68 124 68 253 68 189
201 258 189
261 86 68 124
87 189 68 503 189 68 607 68 397 68 517 68 5 189 68 5 189
189 68 607 158 68 503 189 68 283
503 189
189 68 170 299 68 397 68 339 68 550 158 108 68 43 158 68 43 158 68 43 158 68 189 68 189 68 517
153 189 68 283 68 607 158 68 517 68 607 68 397 68 397 68 321 247 85
430 85 359
569 68 517 359 389 158 118 85
5 68 370 68 81 68 430 149 68 43 158 68 43 158 68 189
276 85 68 543 550 158 108 68 189 68 189 68 5 189 68 5 189 68 5 189
503 189 68 189 68 569 68 397 68 19 85 68 189 68 189 211 85 359 389 158 118
517 389 339
189 68 5 189 68 543 68 321 247 68 397 68 431 68 431 68 43 158 68 189 68 189 68 189 68 189 68 241 68 241 68 241 68 241 68 189 68 189 68 189 68 189 68 189 68 189 68 189 68 241 68 43 158 68 189 68 189 68 5 189 68 5 189 68 5 189 68 5 189 68 189 68 241 68 241 68 189 68 189 68 189 68 189 68 189 68 397 68 431 68 431 68 189 68 189 68 5 68
87 68 503 189 68 550 501 68 189 68 397 68 397 68 189 68 85 359 389 339 68 339
431
86 163 68 81 68 564 68 5 68 81 68 569 68 405 68 405
4
405
397 68 397 68 253 359
261 405 213
189 68 570 389 339 68 397 68 550 501 68 189 68 189 68 189 550 158 118 68 189 68 189 68 189 68 189 68 397 68 339 551
550 158 543
258 247
339 68 550 501 68 370 68 189 68 64 211 108 68 189 68 640 68 640
339 68 211 68 189 68 241 68 370 68 607 68 569 68 189 68 189 550 158 68 189 68 189
359
430 240 550 158 152
5 68 240 68 241 68 240 211 68 503 189 68 158 108 68 19 85
503 189 68 158 108 68 569 68 517 85 359
189 68 5 68 527 359 68 405
85 430 299 149 68 158 108 68 158 543 51 85
189 211 85 359 389 570 389 158
5 68 370 68 81 68 569 68 211 607 155
258 569 68 389 158 189 68 211
189 68 569 68 158 108 68 430 68 189 68 189 68 189 211 607 158 118 68 189 68 189 68 189 68 189 211 85 359
276 85
152 51 86
189 68 517 68 43 158 68 43 158 68 417
51 86 68 124 68 431 108 68 397 68 19 85 68 517
85 359
276 85 68 5 189 68 339 68 405 68 517 68 517 68 211 607 158 68 211
261 86 68 124
405 51 501
211 85 359 68 517
4 189 5
64 211 108
153 108 68 189 68 569 68 517 258 149 68 43 158 68 5 189 68 640 68 241 430 299
569 68 527 68 189 68 397 68 550 501 68 189 68 189 68 189 68 189
258 189 64 211 68 64 211
261 86 68 607 158 68 527 359 68 430 68 339 68 397 68 569 68 64 211 108
158 189 68 370
189 68 405 68 397 68 607 158 68 550 501 68 397 68 64 211 108
189 68 136 479 68 503 158 68 517 68 430 68 397 68 19 85 68 607 158 68 189 68 189
189 68 5 189 68 149 68 295 149
43 158 68 86 68 5 68 397 68 569 68 339
503 189 68 642 68 503 189 68 503 158 68 503 158 68 5 189
405 85 359
86 85 152
283 68 517
430 85 359
517 68 527 68 19 85 68 158 108 68 5 189 68 397 68 211 85
189 68 124
189 68 550 158 543 68 607 158 68 365 152 68 189 68 189 68 189 68 189
241 68 503 158 68 607 158 68 527 359 68 569 68 397 68 19 85 68 241 68 241 68 241 68 241 68 569 68 569 68 241 430 299
19 240 68 417 68 19 85 68 397 68 397 68 397
5 68 569 68 64 211 108 68 517 68 517 85 68 517 85 68 517
64 211 108 68 611 85 68 240 68 241 68 640
170 258 68 569 68 569
593 19 85 68 158 108 68 339 68 569 68 569 68 19 85 68 550 158 108
405 199 551
241 149
611 189 64 211
276 85 68 550 158 199 68 189 68 189 68 189
189 68 240 211 68 189 211 149
197 86 149 68 189 68 79 430
261 86 68 189 68 245 449 68 339 68 339 68 607 158 108
240 68 397 68 149 550 158 108 68 339 68 405 359
405 359
517 85
189 258 68 569 68 405 85 68 85 68 189 68 431 68 241 68 189 68 241 68 241 68 189
283 68 5 189 68 189 68 189 68 397 68 397
527 68 607 158 68 5 68 211 570 389 339
158 240 359
5 189 68 149
43 158 68 189 68 158 108 68 85 359 68 189 68 189 68 189
189 68 607 68 5 189
261 86 68 86
550 430 68 347 158 359
64 211 108 68 397
593 163 68 211 68 607 158 68 5 189 68 85 359 389 339
189 85 68 405 85 359
397 68 240 68 241 68 158 108
517 5 68 517 68 158 108
283 68 70 158 108
607 158 68 5 68 81
211 68 339 68 54 86
406 339 68 550 158
405 68 405 85 359
189 68 607 158 68 550 501 68 607 158 68 189 68 5
43 158 240 222 85 359
43 158 68 550 487 149 68 43 158 68 5 189 68 527 359 68 258 82
87 51 86 68 503 158 68 569 68 85 68 397 68 397 68 321 247 85
347 158 108
189 430 68 339 68 158 108 68 339 551
397 68 54 86 68 64 211 108
517 68 593 163 68 347 501 85 359
611 85 359 222 149 68 189 68 189 68 237 4 68 241 68 241 68 241 68 241 68 241 68 241
405 85 68 54 86
607 155 68 85 359 68 43 158 68 189 68 189 68 19 85 68 19 85
51 86 68 517
527 68 64 211 108
189 68 607 158 68 607 68 569 68 158 108
261 86 68 607 50 68 149 68 569 68 189
527 68 153 68 64 211 108 68 527 68 189 68 189 68 527 68 189 68 607 158 108 68 189 68 189 68 189 68 79 430 68 85
211 359 68 430 68 607 158 68 347 501 68 569 68 347 501 68 569 68 189
51 86 68 170 152
503 189 68 189 68 569 68 503 189 68 170 108
4 258 149
189 389 85 359 389 158 85 359
5 189 527
5 189 68 405 85 68 347 501
397 68 503 158 108 68 64 211 108 68 64 211 108
197 86 68 189 68 607 158 68 569 68 365 430 199 85
261 86
258 68 189 68 81
253 68 189 68 569 68 569 108
611 258 85
189 68 189 68 347 501 68 241 68 240 211 85 359 68 517 359 68 517 85 359
241 149
569 68 517 85 68 170 299 68 397 68 569 68 397
607 158 199
405 199
258 240
189 68 550 501 68 397 68 370 68 607 158 68 430 68 189 68 189 108
503 189 68 527 68 527 359 68 19 85
85 359
189 266 50 68 54 86 68 397 68 19 85 68 19 85 68 19 85 68 19 85 68 19 85
517
258 85
517 85 564
81 85 503 158 108
503 189 68 517 68 189 68 189 68 189 68 64 211
189 68 158 543 68 430 108 68 446 82 152
189 258 68 85 359 68 64 211 108
261 86 68 124 68 189 68 5 189 68 253
550 430 68 158 85
189 68 550 501 68 189 68 405 68 189 68 158 108 68 189 68 189 68 189 68 189 68 189 68 189 68 158 108
517
189 211 85 359 211 189 68 607 158 68 211
261 86 68 527 359
5 68 370 68 81 68 189 68 5 68 397
5 68 149 68 19 85 68 36 211 68 170 108
593 163 68 430 68 189 68 85 359 68 640 68 569 68 569 68 569 108
517 85 359 389 158 85
189 68 253 68 607 158 68 527
607 158 68 405 68 189 68 189 68 153 189
430 85 170 108
189 68 19 85 68 607 158 68 607 68 321 247 68 189 68 189 68 189
5 68 593 149 68 211 108 68 240 51 86 85 359
36 85 607 158 68 240 51 86 85 359
64 211 108 68 430 68 158 543 68 81 68 569 68 569 68 211 108
389 339 68 527 359
261 86 68 5 68 607 158 68 569 68 87 449 68 64 211 108 68 64 211 108
283 68 5 68 611 189 68 517 68 339 68 569 68 64 211 108 68 64 211 108 68 405 68 569 68 569 68 569 68 85 359
189 68 240 211 68 241 68 189
569 68 240 51 240 359 68 189 68 189 68 189 68 189 68 189 550 158 108 68 189 68 189 68 569 68 569 68 189 68 189 68 569 68 569 68 569 68 569 68 569 68 397 68 397 68 569 68 189 68 189 68 389 158 189 68 569 68 569 68 569 68 569 68 569 68 569 68 569 68 569 68 569 68 397 68 569 68 569 68 569 68 397 68 189 68 189 68 397 68 397 68 569 68 569 68 569 68
79 430 359
124
611 51 86 85 68 189 68 64 211 108
339 551 68 170 68 607 158 68 64 211 108 68 64 211 108
593 163 68 550 339
527 68 261 86 68 5 68 607 158 68 64 211 68 64 211
517 5 68 517 68 158 108
189 68 611 51 86 68 397 68 517 68 517 68 517 68 517
405
503 189 68 5 68 406 501 68 189 68 189
5 68 370 68 81 68 607 158 68 405 68 397 68 397 68 517
43 158 68 607 158 68 607 158 68 501 68 189 68 43 158 68 189 68 189
283 68 527 68 370 68 19 85 68 189
607 158 149
261 86 68 527 68 370 68 5 189 68 189
651 123 68 607 158 68 211 68 607 158 68 189 68 189 68 189 68 189 68 189
261 85
569 68 501 68 149 68 241 68 64 211 108
189 68 158 68 430 68 430 149 68 189 68 189 68 189 68 189
43 158 68 189 68 417 68 158 108 68 397 68 189 68 189 68 189 68 517 51 86
283 68 607 68 5 68 241 68 430 68 607 158 68 397 68 81 68 397 68 397 68 189 68 189 68 397 68 569 68 241 430 68 397 68 397 68 397 68 397 68 189 68 189 68 397 68 189 68 189 68 397 68 397 68 397 68 283 68 283 68 283 68 640 68 397 68 397 68 397 68 397 68 397 68 397 68 397 68 283 68 283 68 397 68 397 68 397 68 397 68 81 68 397 68 397 68 283 68
276 85 68 517 68 19 85 68 370 68 569 68 43 158 68 19 85 68 43 158 68 19 85 68 43 158 68 19 85 359
189 68 430 299 68 189 68 339 68 339
189 68 651 405 68 158 108 68 158 108 68 64 211 108
261 86 149
503 339
189 68 189 68 347 501 68 431 68 517 68 397 68 397 68 211 85 68 397 68 397 68 189 68 397 68 397 68 211 85
611 189
283 68 70 158
189 68 527 68 189
569 108 68 501 85
503 189
517 68 189 68 158 108 68 569 68 158 108
5 68 593 64 211 108 68 87 189 68 189 68 189
339 551 68 170 68 607 158 68 64 211 108 68 64 211 108
5 108 68 527 359
405 85 68 550 158 199
189 211 359 68 640
241 85 359
149 389 339 68 211
222 240 211 85
189 68 81 68 149 550 158 108
569 68 430 68 543 68 347 501 68 397 68 189 68 321 155
189 211 108 68 517 68 43 158 68 240 211
189 68 165 68 339
189 68 85 4 85 68 261 86 68 370 68 607 158 68 607 158 68 189 68 607 158 68 607 158 68 189 68 79 158 108
19 240 68 240 211 68 158 108 68 158 85
527 68 153 68 19 85 68 189 68 189
607 158 68 607 158 68 501 68 501 68 85 359
261 86 68 607 68 577 68 189 68 170
339 68 607 158 68 569 68 19 85 68 430 68 607 158 68 607 158 68 19 85
153 108 68 189 68 189 68 189
261 86 68 607 158 68 19 68 569 68 397 68 5 189
189 68 170 299 68 397 68 397 68 550 501 68 189 68 527 359 68 189 68 189 68 189 68 189 68 397 68 569 68 397
258 85 359
85 68 611 51 86
261 86 68 527 68 19 85 68 607 158
276 85 68 81 68 64 211 108
261 86 68 245 449
189 68 5 68 607 479 68 240 68 240 51 86 68 517 68 517 68 517 359
261 86 68 124 68 170 108 68 569 68 19 85 68 19 85 68 19 85 68 19 85
397 68 85 359
5 68 607 68 5 68 503 189 68 569 68 189 68 189 68 189
276 85
189 68 5 68 517 68 517 68 43 158 68 64 211
211 85 359 68 430 149 68 158 543 68 189
189 85 359 503 158
503 189 68 189 68 527 359 68 19 85 68 405 68 5 189
189 68 607 158 68 347 501 68 5 189 68 189 68 430 108 68 189 68 189 68 430 108
211 68 70 158 68 149 68 370 68 593 149
5 68 370 68 81 68 607 158 68 321 247 68 189 68 189 68 189
64 211 68 189 68 517 68 283 68 170 108
43 158
503 158 68 81 68 189 68 189 108
611 189 299 85
241 359 51 85 359
607 158 68 79 158 68 241 68 158 108
503 158 68 19 85 68 189 68 611 189 68 431 68 607 158 68 607 158 68 607 158
87 68 405 85 68 64 211 108 68 64 211 68 607 158
189 68 607 158 68 347 501 68 569 68 189 68 189 68 189 550 158 118 68 189 68 189
261 86 68 245 449 68 124 68 569 68 430
564
64 211 108 68 430 68 607 68 569 68 569 68 64 211 108 68 64 211 108
189 68 550 501 68 569 68 241 359 68 241 430 68 241 430 359
569 68 241 68 640
79 430
503 339
501 85 64 211
86 163 68 550 501 68 517 68 43 158 68 43 158 68 43 158 68 405
276 85
339 68 607 158 68 70 189 68 158 108 68 397 68 397 68 211 85 359 68 19 85 359
517 68 189 68 189
517 68 417
43 158 68 593 149 68 288 68 81 68 397 68 397 68 43 158 68 189
569 68 158 189 68 189 68 189 68 85 359
405 68 70 158 359
189 68 189 68 347 501 68 517 68 189 68 517
593 163 68 503 158 68 189 68 607 158 68 189
261 85 85 68 149
189 68 51 86 68 189 68 241 68 79 430 68 189 68 189 211 607 158 118
222
569 108 68 501 85
189 68 189 543 68 397 68 85 152
569 68 81
527 68 189 68 527 359 68 347 158 68 550 501 68 397 68 569 68 19 85 68 569 68 339
593 163
85 240 389 479
527 68 5 68 81 68 569 68 85
19 163 68 81 68 189 68 158 240 211 68 331
189 517 258 85
503 189 68 527 68 370 68 158 108 68 81
517 85
85 430 299 19 85
149 389 85 359
258 68 5 68 607 158 68 607 158
258 4
569 108 68 430 68 158 108 68 189
153 68 607 158 68 81 68 189 68 189 68 607 68 397 68 81 68 607 158 68 370 68 19 85 68 5 189 68 19 85
54 86 68 397 68 607 479
569 108 68 158 178
189 68 569 68 158 108 68 211 240 68 189
607 158 108 68 189 68 611 189 149
283
189 68 189 68 527 359 68 397
607 158 68 607 158 149
607 158 359 68 569 68 211 189
189 68 189 68 347 501 68 211 543 68 43 158 68 43 158 68 189 68 43 158 68 189
261 86 68 245 449 68 189 68 19 85 68 607 479 68 189 68 64 211
339 551 68 158 108 68 87 449
189 68 158 108 68 189 68 397 68 569 68 503 158 108
85 359
54 86 68 397 68 70 158 108 68 569 68 569
339 68 389 158 68 397 68 607 158 68 339 68 347 501
189 68 189 550 501 68 397 68 405 68 527 359 68 430 299
430 85 359
43 158 68 550 487 149 68 405 68 189 68 241 430 299 68 430 149
85 240 211 359
283 68 170 68 607 158 68 85 359 68 397 68 253 68 253 68 253
211 543
79 158 543 68 153 189 108
577 68 241
211 543 68 430 359
19 85 359 68 85 359 68 85 359 68 19 85 68 189 68 189 68 430 68 430 68 430 68 397 68 397 68 569 68 569 68 569 68 339
570 211
189 68 170 299 68 430 68 158 108 68 5 189 68 189 68 189 68 189
86 68 569 68 158 108 68 405 68 607 158 68 189 68 189 68 189 68 189
564 68 607 158 68 607 158 68 81
503 189 68 5 68 149 68 149 68 640 68 569 68 189 68 569 68 640
5 68 189 68 189 68 153 189
85 4 245 258
4
397 68 85 70 158
189 240 51 359
517 389 339
189 68 136 479 68 397 68 54 86
4 189 68 85 359 503 158 108
261 86 68 124 68 607 50 68 569 68 64 211 108 68 64 211 108
569 68 501 85 211 68 339 68 607 158 68 397
189 68 253 85 68 158 108 68 527 359 68 517
405
321 189 68 211 189
569 68 189 550 487 68 241 68 241 68 85 68 430 68 430 68 430 199
189 68 5 189 68 347 339
261 86 68 5 68 577 68 397 68 569 68 430 68 430 199
240 211
43 158 68 189 68 189 189
569 68 611 51 86 68 640 68 79 430 68 569 68 405 68 405 85
339 359 389 339
43 155 68 517 68 517
276 339
261 86 68 245 449 68 607 158 68 365 430 149
283 68 339 68 430 68 158 108 68 81 68 189 68 43 158 68 189
87 449
283 68 527 68 370 68 64 211 108 68 569 68 70 158 108
201 258 82
87 189
241 359
43 158 68 189 68 501 68 607 158 68 64 211 108 68 43 158 68 189 68 43 158 68
189 68 569 68 253 68 397 68 569 68 503 189
517 68 189 68 81 68 43 158 68 81
389 569
189 68 197 86 85 68 397 68 569 68 19 85
569 68 347 501 68 430 68 430 68 397 68 397 68 397
611 51 570 389
5 68 370 68 81 68 397 68 569 68 19 85 68 527 68 189 68 189 68 189 68 189 266 158
64 211 108 68 339 68 321 240 68 241 68 19 85
43 158 68 517 68 189 68 527 359 68 189
189 68 158 189 68 85 4 189
189 68 81 68 5 68 211 543 68 430 68 189 68 569 68 81 68 189 68 569 68 189 550 158 543 503 158 118
5 85 359 68 321 569
261 86 68 124 68 607 158 68 81 68 569 68 19 85 68 19 85 68 640
153 189 68 527 68 170
64 211 108 68 19 85 68 397 68 405 68 405 108 68 569 68 19 85
503 189 68 527 68 607 158 68 43 158 68 43 158
189 68 189 68 550 501 68 79 430 149 68 261 86
5 68 607 68 5 68 397 68 240 550 158 68 189 68 189 68 189 68 189 68 189 68 189 68 189 68 241 430 68 241 430 68 241 430 299
85 430 194 543
189 68 569 68 158 108 68 430 68 64 211 108 68 189 68 189 68 189 68 189 68 189 550 158 543 389 158 118
607 158 199
405 85 4 240
405 85 240 51 86
611 359
527 68 261 86 68 5 68 607 158 68 64 211 68 64 211
85 359 68 339 68 389 339 68 347 501 68 5 189 68 19 85 68 19 85
43 158 68 593 163 68 81 68 43 158 68 569 68 241 68 241 68 241 68 241 68 241 68 241 430 68 241 430 299
79 430
389 158 543
607 158 68 607 158 68 607 68 5
517 85 4 149
43 158 68 189 68 577 68 569 68 430 108 68 189 68 189 266 158 85
283 68 158 108 68 158 108 68 158 108 68 189 68 189
569 68 430 68 189 68 517 85 359 68 189 68 617
397 68 569 108
64 211 108 68 19 85 68 607 158 68 19
569 68 347 501 68 189 68 189 68 611 51 86
64 211 108
189 258 68 607 158 68 189 68 517 68 430 68 607 50
19 339
5 68 240
86 163 68 550 501 68 389 501 68 397 68 397
189 149
397 68 607 158 68 607 68 397 68 569 68 405 68 405
527 68 85 359 68 347 501 68 397
261 86 68 370 68 19 85 68 607 158 68 5
276 85 158 108
189 68 405 85 359 68 79 158 199 68 43 158 68 43 158 68 189
170 68 93 51 149 68 5 68 607 158 68 189
593 163 68 79 158 68 5 189 68 430 68 189 68 189 68 189 211 607 158 118
503 189 68 64 211 108 68 405 68 405
51 86 68 370 68 640 68 5 68 81 68 43 158 68 43 158 68 43 158 68 43 158 68
261 85 85 68 149
501 85 359
153 189 68 240
258 189 68 153 189
64 211 68 19 85 68 640
593 149
321 247 68 569 108
527 68 87 68 607 158 68 189 68 189
283 68 517 68 64 211 108
85 347 158
189 68 197 86 85 68 527 359 68 397 68 397 68 158 108
611 258 359 68 189 68 517 359
611 258 359
189 68 158 543 68 241 68 85 359 68 64 211 108 68 640 68 64 211 108
189 68 189 68 347 501 68 397 68 397 68 569 68 569 68 19 85
86 163 68 81 68 564 68 503 158 68 397 68 19 68 503 158 68 397 68 397 68 397 68 397 68 569 68 569 68 569 68 569 68 397 68 397 68 397 68 397 68 261 86 163 68 283 68 283 68 283 68 283 68 19 85 68 86 163 68 86
347 501
43 158 68 43 158 68 189 68 81 68 189 68 189 68 189 550 158 543 389 158 118
283 68 158 240 211 68 569 68 189 68 189 68 43 158 118
607 158 68 607 158 68 241 68 189 68 446 85
593 85 68 397 68 189 68 189
405 85 359
503 189 68 189 68 569 68 124 68 430 68 241 68 241 68 241
276 85 158 108
258 68 189 68 81
222
389 85 359 389 339 68 211 108 68 189 241 359
261 86 68 5 68 550 501 68 569 68 19 85 68 189
153 189
261 86 68 359 68 569 68 87 449 68 607 158 68 87 68 607 158 68 607 158 68 607 158 68 503 158 68 359
43 158 68 405 68 149 68 19 85 68 149
64 211 68 503 158
503 189 68 550 158 108 68 569 68 19 85 68 64 211 108
405 68 240 68 241 68 607 158 68 152
197 86 85 68 577 68 189
417
189 68 124 68 527 68 149 68 607 158 68 189 68 43 158 68 189 68 189
258 543 68 527 68 189 68 19 85 68 517 68 517 68 405 68 64 211 108
64 211 108 68 189 68 43 158 68 5
283 68 5 68 405
5 108 68 577 68 569 68 158 85
189 68 5 189 68 577 68 569 68 85 68 189 68 517
607 158 68 389 339 68 211 339
189 211 199 85 359
501 85 4 189 68 189 68 607 158 118
258 85 68 86 149 68 593 163 68 550 501 68 189 68 189 68 189 68 189 68 189 550 158 108
51 86 68 189 68 389 158 543 68 19 85 68 19 85 68 430
222 4 85 359
339 68 397 68 19
189 68 70 189 68 569 68 158 108 68 189 68 189 68 189 68 189 68 189 68 189 266 50
283 68 158 108 68 5 68 241 68 85 359 389 158 118 68 189 68 241 68 241 68 189
503 189
283 68 5 68 370 68 370 68 5 68 607 158
607 158 199
258 189 68 607 158 68 569 68 569 68 64 211 108
564 108
5 68 370 68 501 85 68 517 68 241 68 517 118 68 43 158 118
593 163 68 253 68 189 68 85 359 68 85 359
86 163 68 550 501 68 189 68 211 501 68 397 68 241 68 241 68 241 68 241 430
19 339 68 430 68 211 108 68 569 68 405 68 405 68 405 68 405 108 68 405 68 405 85
189 68 211 543 389 158 118 68 85 359
189 68 430 299 68 189 68 241 68 87 449
607 158 68 501 68 501 85 550 158 85
607 158 68 501 68 370 68 607 158 68 593 163 68 189 68 347 501 68 189 68 189 68 189 68 397 68 85 359
570 430
607 158 68 240 68 240 68 240 68 240 550 158 108
569 108 68 158 108 68 430 68 5 189 68 64 211 108
642 211 68 406 158 68 43 158 118
211 607 158 189
405
258 189 149
503 189 68 189 68 569 68 569 68 517 85 359 68 397 68 405 68 517
189 68 197 86 85 68 527 68 124 68 550 158 68 397 68 347 158 68 607 158 68 339
405
54 86 68 5 189 149
593 163 68 36 149
503 189
64 211 68 640 68 19 85 68 19 85 68 339 68 397 68 19 85 68 339 68 339 68 339 68 397 68 397 68 397 68 339
258 543 389 158 68 517 149
503 158
503 189 68 189 68 569 68 517 85 359
64 211 108 68 189 68 211 68 607 158 68 43 158 68 85 359 68 640 68 640
651 123 68 5 68 607 158 68 607 68 5 189
503 189 68 189 68 569 68 569 68 158 108
5 189
189 487 68 158 108
527
189 5 189 108
569 68 158 108
189 68 607 158 68 347 501 68 5 189 68 189 68 430 108 68 189 68 189 68 430 108
5 189
258 543 68 517 68 64 211
503 189 68 607 68 503 189 68 5 68 503 158 68 503 189
189 211 85 359 389 339 68 211 607 155
503 189 68 189 68 189
197 86 68 240 68 189 68 607 68 397 68 397 68 569 68 569 68 397 68 397
397 68 430 299 68 430 68 64 211 108
569 68 189 68 189
211 85 359 68 370 68 370 68 569 68 550 339 68 70 158 68 70 189
189 68 611 51 86 68 397 68 517 118 68 158 118
5 68 607 68 607 158 68 430 68 85 68 189 68 189 68 189 68 189 68 189 68 189 550 158 118
189 68 405 108 68 189 68 189 68 430 68 189
85 430 299 258
607 158 213 211 149
158 85 4 222 359
283 551 68 370 68 19 85 68 430 108 68 189 550 158 118 108
430 299 68 189 68 189
211 68 19 68 430 68 397 68 569 68 405 68 189 68 189 550 158 118
397 68 81
283 68 158 108 68 569 68 365 430 199
607 158 68 5 68 64 211 108 68 189 68 397 68 397 68 397 68 189 68 397
211 68 339 68 501 68 397 68 397 68 569 68 19 85 68 5 189 68 5 189
54 86
405 258 68 158 108 68 64 211 108
261 158 108
5 108
503 189 68 430 68 189 211 85 359
405 108 68 189 68 189 68 253
593 163 68 550 501 68 397 68 397 68 397 68 189 68 189 68 189 68 189 241 68 189
283 68 241 68 261 86 68 261 86 68 607 158 68 189
503 501 68 211 222
85 405 85
189 68 158 543 51 86 68 365 430 199 85
189 68 607 158 68 550 501 68 189 68 189 68 64 211 108
189 68 189 68 347 501 68 85 359 68 569 68 241 68 241 68 241
283
5 68 370 68 81 68 607 158 68 43 158 68 5 189
365 430 199
189 68 70 189 68 81 68 569 68 569 68 64 211 149
261 86 68 245 449 68 607 158 68 124 68 517
503 189
607 158 68 607 155 108 68 189 68 517 68 517
5 68 81 68 397 68 397 68 240 389 158 68 189 68 85 359
569 68 501 68 370
