85 359 389 158 108
85 299 68 189 68 189 85
359 4 240
283 68 158 108 68 158 108 68 158 68 158 118 68 158 108 68 158 118
527 359
241 199 85
149
231 240
503 189 68 81 68 189 68 5 68 189 68 5 189 68 5 189 68 189 68 189
283 68 569 68 85 359 389 85 359 68 569
607 158 68 527 359 68 189 68 189 68 569 68 240 211
5 68 81 68 5 68 189 68 241 68 19 85
189 550 158 108
5 68 81 68 607 158 68 5 68 189 68 607 158 68 5
189 68 607 158 68 517 68 397 68 85 68 397 68 517 85 359 68 397 68 569 68 569 68 569 68 517
359 211 68 550 501 68 189 68 397 68 397 68 189 68 64 211
189 68 550 501
283 68 19 85 68 569 68 241 68 241 68 569 68 569 68 85 359
283 68 149 550 158 108
397 68 527 68 189 68 189 68 189 68 189 68 189
43 158
5
397 68 517 68 517 359
321 247
607 158 68 607 158 68 5 68 5 68 607 158 68 517 68 517 68 517 68 189 68 517
339 551
240 389 158 68 397 68 397 68 241 68 569 68 569 68 569 68 569 68 64 211 108
397 68 5 68 124
149 389 158 68 211
283 68 5 68 5 189 68 5 68 189 68 189
503 158 68 158 108 68 158 108
85 359 389 339
283 68 158 108 68 607 158
564
288 68 241 68 5
527 68 607 158 68 81 68 189 68 189 68 189
85 359 68 240 211 108 68 240 211 108
607 158 68 517
564 68 5 189 68 370 68 5 189
5 189 68 241 359
43 158 108
189 550 158 118
5 68 607 158 68 607 158 68 607 158 68 569 68 569 68 569 68 397 68 397 68 189 68 569 68 189
569 68 550 501 68 397 68 397 68 397 68 397 68 397 68 397 68 397 68 397
261 86 68 527 68 607 158 108 68 189 68 640
261 86
397 68 517 68 517 68 517
43 158 68 550 501 68 607 158 68 607 158 68 607 158 68 517
85 5 68 5 189 68 189 108
503 158 108 68 517 68 517
189 211 85 68 607 158 189 68 550 158 118
283 68 189 68 189 68 189 68 189 68 189
64 211 108
64 211 108 68 569 68 569 68 569 68 569 68 569 68 569 68 569 68 569 68 64 211
240 550 158 108
240 389 85
283 68 527 68 158 108 68 158 108 68 158 108
149 68 430 199
527 68 607 158 68 607 158 68 607 158 68 241 68 241 68 241 68 397 68 397 68 241 68 189 68 189 68 189 68 189 211 108 68 607 158 118
607 158 240 550 158
5 68 607 158 68 607 158 68 5 68 189 68 189 68 189
503 158 108
569 68 19 85 68 607 158 68 607 158 68 64 211 108 68 550 158 108
321 155
189 68 189 68 189 211 543 211 543
240 564
569 68 527 68 607 158 68 607 158 68 607 158 68 397 68 397 68 397 68 397 68 397 68 397 68 397 68 397 68 397 68 397 68 86
241 359
5 68 81 68 5 68 5 68 5 68 81 68 517 68 517
240 299 68 241 68 241
261 86 68 5 68 81 68 5 68 5
607 158 68 527 68 81 68 189 68 189 68 189 68 189 68 189 68 189
64 211 108 68 189 68 189 68 569 68 569
607 158 240 550 158
43 158 68 527 68 607 158 68 607 158 68 607 158 68 189 68 189 68 189 68 189 68 189 550 158 189
261 86 68 5 68 81 68 189 68 189 68 569
283 68 245 449 68 517
43 158 68 517 118 68 517
607 158 68 527 68 5 68 5 68 189 68 189 68 5 189 68 64 211 108
359
527 68 5 68 19 85 68 19 85
503 189 68 5 68 5 68 189 68 405 85 359
503 158 108 68 607 158 68 607 158 68 19 85 68 19 85 68 19 85 68 569 68 569 68 569 68 189 68 189 68 189 68 569 68 158 108
283 68 5 189 68 189
527 68 5 68 5 68 189 68 189 68 189
607 158 68 550 501 68 607 158 68
564
240 149
527 68 81 68 189 68 189 68 569 68 569 68 569 68 19 85
189 68 550 501 68 189 68 5 189 68 241 68 5 189 68 405 85
149 389 158 149 68 240 211
339 68 339 68 339
607 158 68 527 68 81 68 189 68 189 68 189 68 517 68 517 85 68 189 68 189 68 189 68 189
189 68 607 158 68 607 158 68 607 158 68 607 158
189 68 5 68 397 68 397 68 397
527 68 607 158 68 5 68 517
405 240
189 68 189 68 189 68 189 68 189 68 189
607 158 68 288 68 5 68 397
607 158 68 158 68 607 158
607 158 68 149 68 240 211
5 189 68 19 85
283 68 5 68 241 68 5 189 68 5 189 68 5 189
283 68 550 501 68 189 68 189 68 189 68 189 68 189 68 189
211 68 240 68 240 211 108 68 240 211
503 158 108
397 68 550 158 118
503 189 68 607 158 68 81 68 189 68 569 68 569 68 640
231 240
85 4 68 405 68 405
5 68 517 68 517 68 397 68 397 68 397 68 397 68 517 68 397 68 397 68 397 68 397
503 158
43 158 68 527 359 68 607 158 68 607 158 68 64 211 108 68 64 211 108 68 64 211 108
240 51 85 359
85 359 389 85
189 85 359 389 85 359
43 158 68 517
85 299 68 189 68 189 85
261 86
503 189 68 527 68 607 158 68 189 68 569 68 569 68 569 68 569 68 569
189 68 550 501 68 189 68 189 68 189 68 189 68 189 550 158 108
370 68 5 68 81 68 189 68 64 211 108 68 430 68 19 85
211
479 85 4
397 85 359
189 68 607 158 68 607 158 68 607 158 68 607 158 68 517
569 68 550 501 68 607 158 68 607 158 68 607 158 68 5 68 397 68 397 68 397 68 64 211 68 189 68 189 68 189 68 607 158 68 550 501 68 5 189 68 550 501 68 5 189 550 501 68 5 189 68 5 189 68 5 189 68 5 189 550 501 68 158 68 158 189 68 158 189 68 158 108 68 158 68 158 68 158 108 68 158 68 158 68 158 68 397 68 397 68 85 68 397 68 189 68 85 68
569 68 550 501 68 397 68 397 68 397 68 397
189 68 550 501 68 569 68 569 68 569 68 569 68 569 68 569 68 569
405 68 5 189 68 189
261 86 68 5 68 5 68 5 68 5 68 5 189 68 5 189
527 68 5 189 68 5 189
370 68 5 68 5 68 189 68 189 68 189 68 5 189 68 5 189 68 5 189
503 158 108 68 64 211 108 68 19 85 68 64 211 108 68 19 85
43 158 68 517 68 517
607 158 68 288 68 5 189 68 370 68 370 68 5
607 479 68 517 68 5 68 5 68 5 189
569 68 569 68 569 68 569 68 569 68 569
283 68 158 108 68 158
359 68 527 68 5 68 5 68 5
241 199 85
189 68 19 85 68 607 158 68 5 68 569 68 569 68 569 68 569 68 569 68 569 68 569 68 189
607 158 68 81 68 189 68 189 68 405 85
64 211 108 68 569 68 569 68 569 68 569 68 569 68 569 68 569 68 64 211 108
240 299
189 68 5 68 189 68 189 68 189 550 501 68 189
569 108 68 158 108 68 607 158 68 19 85
5 68 527 68 189 68 607 158 68 397 68 397 68 397 68 397 68 397 68 397 68 397 68 189
211 108
397 68 261 86
158 108
527 68 5 68 5 68 5
607 158 68 527 68 5 68 5 68 5 68 5
607 158 68 550 501 68 189 68 64 211 108 68 64 211 108 68 64 211 108
43 158 189
359
189 68 501 68 501 68 189 68 158 108 68 569 68 569 68 517 68 569 68 569 68 189
503 189 68 550 501 68 189 68 189 68 569 68 569 68 189 68 569 68 189
607 158 68 550 501 68 189 68 550 501 68 64 211 108
5 68 370 68 5 68 189 68 189 68 189
43 158 359
607 158 68 241 68 5 189 68 189 68 189 68 189
607 158 68 527 68 5 68 397 68 397 68 397 68 397 68 85 68 397 68 397 68 189 68 189
479 85 4
503 158 108 68 158 108 68 158 108 68 569 68 569 68 85
283 68 550 501 68 189 68 189 68 64 211 108
261 86 149
283 68 527 68 5 68 5 68 189 68 405 68 405 68 517
64 211 68 189 68 607 158 68 189 68 189 68 189 68 64 211 108
283 68 5 68 397 68 397 68 397 68 397 68 397 68 397 68 397 68 397 68 397 68 397
189 68 211 543 211 118
5 68 81 68 85 359 68 569 68 569
503 158 68 19 85 68 607 158 108 68 189 68 189
527 68 607 158 68 607 158 68 607 158 68 607 158 68 550 158 68 64 211 68 64 211 68 64 211 68 550 158 68 64 211 108
397 68 245 449
564
261 86 68 170 68 170
5 68 607 158 68 5 68 5 68 241 68 241 68 241 68 241
564
261 86 85
85 359 68 517
64 211 68 64 211 108
397 85 359
149 389 158 108
503 158 108
85 359 68 397 68 397
240 389 85
283 68 607 158 68 607 158 68 607 158 68 607 158 68 189 68 189 68 503 158 68 503 189 68 503 189
189 68 501 68 85 359 68 189 68 64 211 108
240 51 85
607 158 68 527 68 5 68 5 68 397 68 517 68 517 68 517 68 397 68 397 68 397 68 397 68 397 68 397 68 397 68 607 158 108 68 607 158 108 68 158 108 68 607 158 68 5 68 5 68 5 68 5 68 550 501 68 607 158 68 158 118 68 189 68 189 68 158 189 68 430 68 158 108 68 158 68 158 68 158 118 68 158 68 158 68 397 68 189 68 189 68 85 68 397 68 189 68 86
501 68 517 68 501 68 517 68 569 68 569 68 517
43 158 68 607 158 68 607 158 68 607 158 68 430 68 430 68 430 68 430 199
607 158 68 550 501 68 397 68 397 68 397 68 43 158 68 517
5 189 68 527 68 607 158 68 81
607 158
430 68 430 68 430 149
321 247 68 430
370 68 370 68 5 68 5 68 241
189 68 607 158 68 607 158 68 607 158 68 405 108 68 517 68 517
607 158 68 527 68 158 108 68 397 68 569 68 569 68 85 359
85 359
85 4
607 158 68 527 68 5 68 5 68 189 68 607 158 68 5 68 397 68 189 68 189 68 189 68 189
607 158 68 81 68 189 68 189 68 189 68 405 68 405 108
607 158 68 5 68 517 68 397 68 517 68 517 68 517 68 517 68 517
527 68 5 68 5 68 189 68 5 189 68 517
397 68 5 68 81 68 5 189 68 5 189 68 5
564
189 68 19 85 68 189 68 189 68 569 68 569 68 64 211 108 68 569 68 189 68 189
503 189 68 339 68 397 68 397 68 397 68 397 68 64 211 108 68 397 68 64 211 108
5 68 124 68 517 68 430 68 241 68 430 199
283
283 68 158 108 68 397 68 397 68 397 68 397 68 397 68 397 68 397
43 158 118
527 68 607 158 68 81 68 189 68 189 68 569 68 241 68 241 68 569 68 189 68 64 211 108
240 51 85 68 430 68 430 68 517
339 551 68 339 68 607 158 68 136 479
43 158 189
5 68 5 68 81 68 189 68 5 189 68 607 158
5 68 5 68 5 68 5 68 5 68 517
5 68 19 85 68 189 68 64 211 108 68 64 211 108 68 517 68 517 68 211 108
43 158 149
43 158 68 5 68 81 68 5 68 5 68 5
503 189 68 607 158 68 607 158 68 607 158 68 607 158 68 64 211 68 189 68 64 211 108
189 68 550 501 68 5 189 68 5 68 5 189 68 5 189 68 5 189
607 158 118
240 299
564 85
5 68 288 68 19 85 68 607 158 68 430 68 430 199
283 68 5 68 5 189 68 397 68 397
569 68 569 68 569 68 569 68 569 68 569 68 569 68 517 85 359 68 569 68 569
43 158 68 5 68 189 68 5 68 189 68 189 68 241 68 189 68 189 68 189 550 158 118
503 158
527 68 81 68 189 68 189 68 189 68 569 68 189 68 189 68 569 68 189 68 189
189
261 86 68 64 211 68 189 68 64 211
64 211
64 211 68 550 158 108 68 607 158 68 607 158 68 517 68 517
527 68 607 158 68 607 158 68 607 158 68 517 359
240 389 158 68 405 108 68 5
43 158 68 5 68 397 68 397 68 397 68 569 68 569 68 569
43 158
607 158 68 550 501 68 189 68 189 68 189
569 85 359
43 158 68 527 68 189 68 397 68 397 68 397 68 397 68 397 68 397 68 189 68 189 550 501
189 68 5 68 397 68 397 68 397 68 397 68 397
503 189 68 5 68 5 189 68 5
503 158
283 68 430 299 68 85 68 397 68 397 68 517
397 68 397 68 85 359
261 86 68 261 86
283 68 5 68 397
283 68 5 68 397 68 397 68 397 68 397 68 397 68 397 68 397 68 397 68 397 68 397
261 86 68 81 68 189 68 189 68 517 68 569 68 517
213 211 68 5 189 68 5 189
283
85 19 85 68 158 108 68 158 108
283 68 158 108 68 158
189 68 5 68 189 68 189 68 5 189 68 189 68 5 189
211 68 5 189 68 5 189
430 85 359 68 85 359
241 118
85 51 86 194
359 389 158
503 189
5 68 81 68 189 68 189 68 19 85 68 158 118
43 158 68 288 68 430 108
607 158 68 527 68 81 68 189 68 189 68 189 68 189 68 189 68 189 68 189 68 189 550 501 85
240 211 359
607 158 68 550 501 68 189 68 397 68 397 68 607 158 108 68 397
43 158 68 240 359
503 189 68 569 68 569 68 189 68 569
211 339
189 68 5 68 569 68 241 68 241 68 241 359
240 211 149
211 68 189 68 189 68 5 189 68 189
503 189 68 607 158 68 607 158 68 5 68 189 68 5 189
283 68 5 68 5 68 5 68 5 68 241 68 5 189 68 241 68 397 68 241 68 241
43 158 68 5 68 81 68 5 68 5 68 5
43 158 68 527 68 5 68 5 68 370 68 5 68 5 68 5 68 397
261 86 68 607 158 68 607 158 68 550 501
564
189
5 189
43 158 68 527 68 607 158 68 607 158 68 607 158 68 517 68 64 211 108 68 550 158 68 189 68 189 68 189 68 189 68 607 158 108 68 550 501 85 550 158 108 68 550 501 68 550 501 85 550 501 85 550 501 68 550 501 68 550 158 118 68 158 108 68 158 189 550 501 85 68 158 108 68 158 108 68 158 108 68 158 118 68 158 108 68 158 118 68 43 158 68 158 118 68 43 158 68 86
189 85 299 211 68 211 108 68 211
261 86 68 124
240 240 4 85
397
5 189 211 108
607 158 68 189 68 189 108
527 68 5 68 81 68 189 68 189 68 640 68 640 68 64 211
569 68 370 68 5 189
81 68 5 68 81
503 189 68 158 108 68 569 68 569 68 569 68 569 68 569
5 68 5 68 5 68 5 189 68 241 68 569 68 5
158 108
189 68 607 158 68 5 189 68 5 189 68 189
5 68 527 68 81 68 397 68 397 68 397 68 397 68 397 68 397 68 397
5 68 527 68 5 68 189 68 189 68 19 85 68 430 199
240 51 85
211 85 359
607 158 68 527 68 5 68 5 68 397 68 397 68 397 68 517
261 86 68 550 501 68 397 68 397 68 569 68 64 211 108 68 569 68 397 68 64 211 108
261 86 68 124 68 5 68 397 68 241 68 397 68 397 68 640
607 158 68 550 501 68 189 68 397 68 189 68 189 68 5 189 68 241 430 199
85 261 86
617
189 68 158 108 68 5 189 68 5 189 68 5 189 68 5 189 68 189 68 189
189 68 64 211 108 68 430 149
189 68 527 68 158 108 68 189 68 569 68 569
85 4 258 85 359
283 68 370 68 5 68 5 68 241 68 241 68 569 68 241 68 569 68 569
211 108 68 517 85
607 158 68 550 501 68 397 68 397 68 397 68 397 68 517 68 397 68 397 68 64 211 108
321 247
51 86 68 527 68 5 68 397 68 397 68 640 68 397 68 517
283 68 607 158 68 569 68 189 68 569 68 569 68 569 68 569 68 569 68 569 68 569 68 569
43 158 108
149 389 158 108
85 64 211
607 158 68 527 68 607 158 68 607 158 68 607 158 68 517 68 189 68 189
503 158 108
189 68 607 158 68 19 85 68 19 85
189 68 607 158 68 607 158 68 607 158 68 607 158 68 397 68 64 211 68 64 211
405 108 68 19 85
261 86 68 527 68 189 68 397 68 397 68 397 68 397 68 397 68 189 68 189 68 189
503 189 68 64 211 108 68 339 68
189 68 241 68 241 68 397 68 241 68 241 430
607 158 68 550 501 68 189 149
503 158 108 68 158 68 158 108 68 517
5 68 517 68 517 68 517 68 517 85 68 517 85 359
5 68 569 68 569 68 517 68 569 68 517 68 517
43 158 68 81 68 189 68 189 68 405 68 405 68 517
211 68 543 68 405
503 189 68 527 68 189 68 189 68 170 108
189 68 64 211 68 189 68 607 68 607 158 68 189 68 189 68 189 68 189
527 68 5 68 5 68 397 68 397 68 569 68 569 68 569 68 569 68 569 68 397 68 569 68 569
527 68 5 68 5 68 5 189 68 517
261 86 68 527 68 607 158 68 189 68 64 211 108 68 189 68 550 158 108
564 68 5 68 81 68 189 68 241 68 405 85 68 405 108
43 158 108
43 158 68 517 68 517
189 68 607 158 68 607 158 68 241 68 241 359
607 158 68 550 501 68 189 68 189 68 189 68 189 68 64 211 108
397 68 517 68 517 68 517
543 389 85 68 5 189 68 189 68 189 68 189
240 550 158 108 68 517
261 86 68 5 68 370 68 5 68 5 68 370 68 5
527 68 370 68 81 68 189 68 189 68 85 359
607 158 68 64 211 108 68 64 211 108
43 158 68 5 68 5 68 5 68 5 189
189 290 85 359
527 68 607 158 68 607 158 68 405 68 517
155
527 68 158 68 607 158 68 189 68 189 68 189 68 158 118
43 158 149
527 68 5 68 569 68 517 68 517 68 569 68 517 68 517 68 517 85
593 163 68 5 189 68 189 68 405 108
503 189 68 569 68 569 68 5 189 68 405 108
607 158 68 81 68 189 68 189 68 189 68 189 68 189 68 19 85
5 68 397 68 85 359
607 158 68 397 68 397 68 397 68 241 68 397 68 397 68 397 68 397
5 189 68 241 68 517
607 158 68 5 68 189 68 189 68 607 158 68 607 158 68 5 68 189 68 189 68 189 68 189 68 189 68 189 68 607 158 189 68 607 158 189 550 158 68 5 189 550 158 189 550 158 189 550 158 68 5 189 68 5 189 550 158 189 550 158 189 211 189 68 189 68 158 189 68 158 189 68 158 68 158 68 158 68 158 68 158 68 158 68 158 68 607 158 68 189 68 189 68 189 68 189 68 189
564 68 550 501 68 397 68 397 68 397 68 569 68 569 68 569 68 569 68 569
569 68 189 68 189 68 189 68 189 68 189
503 189 68 607 158 68 607 158 68 607 68 503 189 68 503 189 68 503 189
569 68 240 211 108 68 189 211 108
503 189 68 527 68 5 68 189 68 405 68 405 108 68 405 108 68 189 68 189 68 189 68 189
503 189 68 124 68 397 68 397 68 397 68 397 68 397 68 397
607 158 68 527 68 397 68 397 68 397 68 397 68 397 68 397 68 397 68 189
43 158 68 607 158 68 607 158 68 607 158 68 607 158 68 517
189 68 19 85 68 19 85 68 158 108 68 19 85 68 19 85 68 569 68 189
607 158 68 527 68 189 68 189 68 189 68 189 68 189
85 359 389 158 108 68 19 85
607 158 68 81 68 189 68 189 68 241 68 189 68 241 430 199
81
607 158 68 607 158 68 397 68 397 68 569 68 569 68 569 68 569 68 569
503 189
189 68 607 158 68 81 68 189 68 189 68 189
64 211 108
240 550 158 108
607 158 68 19 85 68 397 68 397 68 397
569 85 359
189 68 517 68 517 118 68 158 108 68 158 118
5 68 5 68 189 68 5 189 68 5 189 68 517 68 517 68 517
240 51 85
527 68 607 158 68 607 158 68 607 158 68 397 68 397 68 397 68 397 68 397 68 397 68 397 68 397 68 397 68 397 68 397 68 397 68 5 189 550 158
240 68 430 108 68 430
189 68 158 108 68 569 68 189 68 170 299
155 211 68 5 68 430 68 430 199 68 430
359 68 527 68 81 68 189 68 640 68 640
569 68 189 68 189 68 189 211 108
261 86 68 5
607 158 68 64 211 108
43 158 68 241 68 430 199 108 68 241 68 240 211 108
607 158 68 550 501 68 397 68 241 68 241 68 241 430 199
5 68 527 68 19 85 68 607 158 108 68 19 85 68 19 85
564 68 5 68 81 68 189 68 405 68 405
43 158 118
240 359
189 85 359 389 158 108
149 299 85
5 68 370 68 5 68 5 68 5 189 68 5
406 158 118
503 189 68 5 68 5 189 68 189 68 189
564 68 19 85 68 189 68 189 68 569 68 569 68 189
189 68 527 68 189
430 108
261 86 68 527 68 5 108 68 19 85
607 158 118
261 86 68 124
527 68 607 158 68 517 68 517 68 240
569 68 370 68 5 189
503 189 68 158 108 68 569 68 569 68 569 68 569
5 68 241 68 64 211
240 68 241 68 19 85
569 68 85 359 389 158 108
43 158
211 543
5 68 288 68 19 85 68 241 68 241 68 430 199
283 68 158 108 68 607 158 68 5 189 68 19 85
189 68 550 501 68 569 68 569 68 569 68 569 68 569 68 569
43 158 118
261 86 68 5 68 189 68 607 158 68 19 85 68 189 68 19 85 68 397 68 189 68 189
5 189
261 86 68 607 158 68 607 158 68 607 158 68 607 158 68 607 158 68 397 68 397 68 189 68 189 68 189 68 189 68 607 158 68 607 158 68 607 158 68 5 189 550 158 68 607 158 68 607 158 68 5 189 68 5 189 68 5 189 550 158 68 5 189 68 370 68 370 68 370 68 5 189 68 370 68 370 68 370 68 370 68 5 68 5 68 397 68 397 68 86 68 86 68 397 68 86 68 86
43 158
283 68 189 68 569 68 189 68 189 68 569 68 569 68 569 68 569
607 479 68 43 158 108 68 241 359
211 85 359 68 397
503 189 68 5 68 5 189 68 5
189 68 569 68 569 68 569 68 569 68 569 68 569 108
189 68 211 68 607 158 68 607 158 68 607 158 68 5 189 68 211 68 211
607 158 68 527 68 607 158 68 607 158 68 607 158 68 527 359 68 550 158 68 189 68 550 158 68 189
261 86 68 527 68 5 68 5 68 5 68 607 158 68 5 68 397 68 397 68 189 68 189
607 158 68 81 68 189 68 241 68 241 68 241 68 241 68 241
64 211
189 68 189 68 527 68 189 68 189
149 389 339
64 211 108 68 517 68 517
339 68 607 158 68 607 158 68 607 158 68 607 158 68 607 158 68 397 68 397 68 397 68 607 158 68 189 68 607 158 68 607 158 68 607 158 68 607 158 68 158 68 607 158 68 5 189 550 501 68 5 189 68 158 68 158 68 158 68 158 189 211 189 211 189 68 158 189 68 158 68 158 108 68 158 68 158 68 158 68 158 68 158 68 158 68 158 68 158 68 158 68 158 68 158 68 397 68
370 68 5 68 5 68 5 189 68 569 68 569
283 68 158 108 68 158
607 158 68 527 68 607 158 68 607 158 68 607 158 68 81
43 158 68 189 68 189 68 189 68 569 68 569
359 68 569 68 607 158 68 607 158 68 607 158 68 517 68 397 68 397 68 397 68 397 68 189
5 189
43 158
189 68 5 189 68 569 68 189 108
64 211 108 68 397 68 397 68 569 68 569
189 68 64 211 108 68 189 68 189 68 64 211 108
43 158 359
5 189 68 569 68 397
339 551 68 569 68 569
569 68 85 359 68 397 68 397 68 397 68 397
503 189 68 550 501 68 189 68 189 68 189 68 189 68 189
240 389 85
550 158 68 517
607 158 68 527 359
231 240
197 85
189 68 550 501 68 607 158 68 189 68 189 68 189 68 189 68 189 68 189 211 108
405 68 517 68 517 85
5 68 397 68 85 359
261 86 68 607 158 68 607 158 68 5 189
283 68 158 108 68 569 68 569 68 569 68 569 68 569 68 85 359 68 569 68 569 68 569
189 68 607 158 68 569 68 397 68 569 68 569 68 569 68 85 359
189 85 389 158 108
5 68 81 68 5 68 5 68 5 68 5 68 5 68 5 68 397 68 397 68 397 68 189 68 189
5 68 5 68 517
85 149 389 158
189 68 569 68 569 68 397 68 189 68 569 68 569 68 569 68 569 68 189 68 189 550 501 85 359
607 158 189 149
43 158 108
85 503 189
240 550 158 68 241
503 158 108
501 85 68 124
64 211 108 68 640 68 640
503 189 68 5 68 5 189 68 5 189 68 241 68 241 68 241 68 241 68 241
261 86 68 5 68 189 68 241 68 241 68 569 68 569 68 64 211 108
527 68 81 68 189 68 189 68 85 359 68 85 359
607 158 68 527 68 5 68 5 68 5 68 5 68 5 68 5
5 68 397 68 397 68 397
283 68 158 108 68 607 158 68 189 68 607 158 68 607 158 68 189 68 607 158 68 189 68 189 68 189
503 189 68 517 68 607 158 68 189 68 607 158 68 517 68 517 68 211 108
607 158 68 527 68 607 158 68 5 68 189 68 189 68 5 68 189 68 189 68 189 68 189 68 189
43 158 68 517
43 158 68 189 68 189 68 189 68 189 85 359
607 158 68 607 158 68 607 158 68 607 158 68 189 68 5
85 397
527 68 5 68 5 68 189 68 19 85 68 19 85 68 19 85 68 569 68 189 68 189
527 68 158 108 68 19 68 19 85 68 19 85 68 19 85 68 569 68 569 68 569 68 569 68 569 68 19 85
359
261 86 68 607 158 68 339 68 339
405 359
158 108 68 550 501 68 607 158 68 607 158 68 607 158 68 158 68 158 68 158 68 158 68 607 158 68 189 68 607 158 108 68 607 158 108 68 607 158 68 158 108 68 607 158 68 550 501 68 550 501 68 158 108 68 158 68 158 158 189 550 158 149 550 158 189 149 550 158 149 550 158 108 68 158 108 68 158 158 158 158 68 158 68 158 108 68 158 68 158 68 158 68 158 68 158 68 158 68
527 68 607 158 68 607 158 68 5 68 397 68 397 68 397 68 397 68 397 68 189 68 189 68 189
43 158 118
261 86 68 124 68 397 68 397 68 397 68 397 68 397 68 397
321 85
569 68 85 359 68 5 68 397 68 397 68 569 68 517
430 108
211 108
503 158 108
43 158 68 5 189 68 5 189
569 68 527 68 607 158 68 189 68 527 359 68 189 68 189 68 189 68 189
85 359 68 85 359
43 158 68 527 68 5 68 189 68 189 68 189 68 189 68 64 211 108 68 189 68 189 550 158 108
339 551 68 569 68 339
43 158 68 189 68 189 68 189 68 158 108
261 86 68 5 189
64 211 68 189 68 189 68 189 68 64 211 108
211 68 158 108 68 158 108 68 158 108 68 158 108 68 158 108 68 158 108
261 86 68 5 68 607 158 68 607 158 68 503 158
501 85 359 389 158 108
503 189 68 569 68 569 68 569 68 569 68 569 85 359
189 68 19 85 68 607 158 68 607 158 68 607 158 68 189 68 189 68 189 68 189
85 517
607 158 68 607 158 68 607 158 68 607 158 68 607 158 68 149
527 68 5 68 81 68 517 68 517 68 19 85
607 158 68 607 158 68 5 68 5 68 397 68 5 189
85 389 158 108 68 189 68 189 550 158 118
569 68 85 299 68 607 158 68 607 158 68 569 68 517 68 569 68 569 68 569 68 569 68 569
64
189 68 64 211 108 68 189 68 569 68 569 68 64 211 108
503 189 68 5 68 5 68 241 68 19 85 68 517 68 517
85 359 51 86
5 85 359
4 240
240 389 85
240 389 158 108 68 389 158 108
85 359
197 85
503 158 108
569 68 158 108 68 5 189 68 5 189 68 5 189
607 158 68 527 68 5 68 5 68 5 68 5 68 5 68 5 68 397 68 189 68 189 68 189 68 189 68 189 68 189 68 189 68 5 189 550 501 85 550 501 68 550 501 68 5 189 550 501 85 550 501 68 5 189 550 501 68 550 501 68 550 501 68 189 68 550 501 68 189 68 5 189 68 158 108 68 5 68 550 501 68 5 189 68 5 68 86 68 86 68 86 68 86 68 86 68 86 68
569 68 517 68 5 189 68 5 189 68 569 68 517
607 158 68 550 501 68 189 68 189 68 550 501 85 68 189 68 550 158 108
503 158 68 288 68 189 68 189 68 19 85
158 108 68 550 158 118 68 158 108
569 68 550 501 68 397 68 189 68 241
189 211
607 158 68 5 68 397 68 5
397 68 189 68 189 211 543 68 189 68 189
85 149
607 158 68 527 68 5 68 189 68 189 68 189 68 517 85
527 68 607 158 68 607 158 68 517
406 501
85 359
5 68 5 68 5 189
5 68 81 68 189 68 189 68 189 68 189 68 5 189
339
321 258 85
43 158 108
189 85 359 389 158 108
189 266 50
283 68 550 501 68 189 68 189 68 64 211 108
5 68 370 68 5 68 5 68 5 68 241 68 5
527 68 5 68 189 68 189 68 189 68 189 68 189 85
43 158 68 397 68 397 68 607 158 68 607 158 68 397
43 158
211 108
283 68 607 158 68 607 158 68 607 158 68 607 158 68 397 68 397
189 68 64 211 108 68 189 68 189 68 405 68 405 68 405 68 405 108
43 158 108
397 68 517
261 86 68 124
189 68 397 68 397 68 397 68 397 68 397 68 397 68 397 68 397 68 397 68 241
240 299 85
397 68 569 85 359
569 68 550 501 68 397 68 189 68 241
43 158 68 5 68 5 68 5 68 5 189 68 5 189 68 5 189 68 5 189
527 68 397 68 397
240 550 158 108 68 64 211 108
501
503 189 68 124 68 397 68 397 68 397 68 397
43 158 68 607 158 68 607 158 68 607 158 68 607 158 68 397 68 397 68 64 211 68 189 68 189
5 68 527 68 607 158 68 607 158 68 607 158 68 81 68 189 68 397 68 189 68 189 68 189 68 189 68 189 68 189 68 189 68 607 158 108
43 158 68 527 68 607 158 68 397 68 397 68 397 68 397 68 397 68 397
64 211 479
607 158 68 527 68 189 68 189 68 189 68 189 68 189 68 189 68 189 68 189 68 189 550 501 85
607 158 68 189 68 189 211 108
43 158 68 370 68 5 68 5 68 5 68 5 68 5 68 397 68 397 68 397 68 397 68 397 68 397 68 397 68 397 68 5 189 68 5 189 68 5 189 550 158 118
43 158 68 5 68 5 68 5 189 68 405 68 405
211 543
503 158
261 86 68 5 68 189 68 397 68 569 68 569 68 569 68 569
85 4
43 158 108
189 68 607 158 68 517 68 517 68 517 85
607 158 68 527 359 68 607 158 68 189 68 389 158 68 64 211 108
405 359
607 158 68 64 211 108 68 241 68 241
607 158 68 607 158 68 241 68 241 68 241 68 640 68 241 68 640
189 550 158 108 68 607 158 108 68 189 68 189
283 68 19 85 68 569 68 397 68 241 68 569 68 569
43 158 68 517 68 5 68 517
5 68 81 68 189 68 189 68 189 68 189 68 189 68 189 550 158 118
405 85 68 405 68 430
189 68 607 158 68 5 68 5 189 68 189
607 158 68 607 158 68 607 158 68 607 158 68 517 68 517
569 68 189 68 81 68 189 68 189 68 19 85 68 517 68 517 68 397 68 189 68 189
503 189 68 158 108 68 189 68 158 108 68 430
607 158 68 550 501 68 189 68 550 158 118
211 85 359 68 189 211 108 68 189 550 158 118
569 68 85 359 68 607 158 68 19 85 68 569 68 64 211 108
501 68 81 68 5 189 68 5 189 68 5 189 68 5
5 68 5 68 5 189
501 85 359 68 158 108 68 569 68 569
261 86 85 359 68 158 108
339 68 550 158 68
397 68 397 68 397 68 397 68 397 68 397 68 397 68 397 68 397 68 397
527 68 5 68 5 189 68 19 85 68 19 85
5 68 81 68 569 68 569 68 241 68 569 68 569 68 569 68 569 68 569
527 68 81 68 189 68 189 68 5 189 68 569 68 5 189 68 405 108
189 68 607 158 68 397 68 397 68 397 68 397
5 68 370 68 5 68 5 68 241 68 241 68 5 189 68 241 68 241 68 5 189
607 158 68 517 68 5 68 517 68 517
149 389 158 118 68 517 85
501 85 68 43 158 108 68 189 68 517
189 68 607 158 68 607 158 68 607 158 68 607 158 68 607 158 68 607 158
189 68 501 68 189 68 189 68 158 108
607 158 68 527 68 189 68 189 68 241 430 149
194 149
359 68 85 359 68 19 85
607 479 68 517 68 517 68 517
321 258 108 68 241 68 241 430
503 189 68 158 108 68 5 68 241 68 569 68 569 68 241
527 68 5 68 81 68 189 68 189 68 640 68 640 68 64 211
197 85
405 359
607 158 68 81 68 189 68 189 68 189
550 86 149
543 85 359 68 430 108
370 68 81 68 64 211
5 68 5 68 5 189
359 258 85 359 68 569 68 569
564 68 158 108 68 430 68 5 68 517
189 68 170 108 68 397 68 189 68 170 108
85 517 118
85 283 68 19 85
283 68 517 68 517 68 517
430 299
569 68 189 68 189 68 189 68 189 68 19 85 359
479 68 517 68 517
607 158 68 527 359 68 189 68 19 85 68 569 68 569
503 189 68 550 501 68 607 158 68 517 68 517 68 517 68 517 68 517 118
240 550 158 68 370 68 5 68 5 68 189 68 189
5 68 397 68 397
240
43 158 68 189 68 607 158 68 64 211 108 68 64 211
43 158
64 211 68 5 68 5 189 68 5 189 68 430
527 68 81 68 189 68 189 68 189 68 189 68 189 68 189
240 211 149
607 158 68 5 68 397 68 397 68 397 68 397 68 5 68 5 68 397 68 189 68 550 501 68 189 68 189 68 397 68 607 158 189 68 5 189 550 501 68 5 189 550 501 68 5 189 550 501 68 5 189 68 5 189 550 501 68 5 189 550 501 68 189 550 501 68 5 189 68 5 189 68 5 189 68 5 189 68 550 501 68 5 68 5 68 397 68 189 68 86 68 86 68 189 68 86 68 86
261 86 68 527 68 5 68 397 68 397 68 397 68 397 68 397 68 397
261 86 68 527 68 5 68 189 68 189 68 189 68 5 189 68 569 68 189 68 189
189 68 607 158 68 607 158 68 607 158 68 189 68 189
197 86
607 158 68 81 68 189 68 189 68 189 68 189 68 189 68 517
240 389 158 108
283 68 158 108 68 19 85 68 19 85
261 86 68 5 68 5 68 5 68 370 68 5
283 68 517 68 569 68 569
19 85 68 527 359 68 189 68 158 108 68 19 85
240 68 479 68 430
283 68 5 68 405 68 5 189 68 569 68 569
569 68 550 501 68 397 68 189 68 241
261 86 68 288
5 68 517 68 517 68 189 68 189 68 517 85
240
43 158
569 68 240 550 501 68 189 68 240 389 85
43 158 68 64 211 108
261 86 68 527 68 5 68 189 68 370 68 370 68 283 68 331 149
389 158 543
189 68 607 158 68 607 158 68 5 68 607 158 68 5 68 397 68 397 68 189 68 189 68 189
607 158 68 189 68 189 68 189 68 19 85
607 158 68 550 501 68 517
211 543 211
564 68 5 189 68 5 189
261 86 85
607 158 68 158 68 607 158
607 158 68 569 68 85 359
501 68 64 211 108 68 189 68 189 68 569 68 569 68 64 211 108
64 211 108 68 569 68 189 68 569 68 569 68 569 68 569 68 569 68 64 211 108
430 199 68 517 118 68 517
261 86 68 527 68 5 68 81 68 170 108
5 68 607 158 68 5 68 5 68 241 68 241 68 241 68 241
564 68 158 68 189 68 158 108
503 189
527 68 5 68 81 68 189 68 189 68 19 85 68 19 85 68 19 85 68 189 68 550 158 118
569 85 359 51 86 85 359
607 158 68 607 158 68 189 68 189 68 189 68 189 68 189 550 158 118
85 5 189 68 5 189 68 5 189
155 211 68 550 158 118
503 158 108
19 85 68 158 108 68 189 68 19 85 68 569 68 19 85
339 68 550 501 68 64 211 108 68 339 68 64 211 68 64 211 108 68 64 211 108
527 68 189 68 189 68 5 189 68 241
389 569
479 240
283 68 339 68 569 68 189 68 569 68 569 68 569
189 68 607 158 68 189 68 189 68 189 68 189 68 189 68 189 550 158 108
5 68 81 68 149 68 189 68 189 68 149
211 68 339 68 569 68 397 68 397 68 569 68 569 68 569 68 569 68 397
527 68 339 68 550 158 149
527 68 158 108 68 158 108 68 158 108
241 68 517 68 189 68 189 68 64 211 108
43 158 68 517
5 68 517 68 517 85 359
43 158 68 607 158 68 607 158 68 64 211 68 64 211
43 158 108
261 86 68 189 68 189 68 189 68 189
607 158 359
607 158 68 569 68 189 211 108
43 158 118 85 359
607 158 68 85 299 68 189 68 158 108 68 189 68 189
503 189 68 607 158 68 5 189 68 517
261 86 68 86
405 240
607 158 68 5 68 517 68 517 68 517 68 517 68 517 68 517 68 189 68 189
261 86 68 5 68 5 68 5 68 5 68 5
479 68 64 211
189 68 189 68 189 68 189
189 68 189 68 189 68 189 68 189
189 68 607 158 68 607 158 68 607 158 68 607 158 68 607 158 68 189 68 189 68 189 68 189 68 189 68 189 68 189 68 189 68 607 158 189 550 158 68 607 158 189 550 501 68 607 158 68 607 158 68 5 189 550 158 189 550 158 189 550 158 189 68 189 68 158 189 68 607 158 68 158 68 158 68 607 158 68 607 158 68 607 158 68 158 68 189 68 189 68 189 68 189 68 189 68 189 68
64 211 108 68 158 108 68 158 108 68 569 68 569 68 569
64 211 108 68 241 68 397 68 241 68 241 430 68 430 199
503 158 108 68 569 68 569 68 85 359
607 158 68 81 68 189 68 241 68 241 68 241 430 68 241 68 241
189 68 158 108 68 607 158 68 607 158 68 569 68 569 68 569 68 569 68 569
607 158 118 68 189 68 189 550 501 85 359
149 163 85 359 68 430 199
607 158 68 81 68 189 68 241 68 241 68 241 430 199 68 241 68 64 211 108
85 517 68 569 68 569 68 569
5 68 370 68 81 68 189 68 189 68 569 68 569 68 19 85
503 158 68 517 68 517
240 68 19 85 68 19 85
607 158 189 211 189 211
43 158 68 517 68 517
607 158 68 550 501 68 189 68 189 68 189 68 5 189 68 241 430 199
43 158 68 527 68 189 68 397 68 397
85 4 189 85
503 158 108 68 517 68 517 68 517 68 517 68 517
189 68 5 68 5 68 397 68 5 68 397
283 68 19 85 68 569 68 569 68 569 68 569 68 569 68 19 85 359
211 108 68 170 108
564 68 189 68 189 68 189 68 607 158 68 189 68 189 68 189
283 68 569 68 569 68 397 68 569 68 569 68 569 68 85 359
607 155
321 247 68 405 68 405
288 68 5 68 517
19 85 68 158 108 68 397 68 569 68 569 68 569 68 569 68 569 68 569 68 569 68 569
240 51 86 68 64 211 108
569 68 5 68 81 68 5 189 68 5 189 68 5 189 68 5 189 68 189
550 501 68
501 68 64 211 108 68 339 68 517 68 517 68 517 68 517 85 68 569 68 64 211 108
527 68 607 158 68 607 158 68 517
51 86 68 85 68 517
569 68 5 68 81
189 68 550 501 68 607 158 68 5 68 64 211 108
43 158 68 64 211
64 211 108 68 64 211 108 68 241 68 64 211 108 68 517
503 158 108 68 189 68 189 68 189 68 569 68 569 68 569
283 68 607 158 68 607 158 68 5 68 189 68 189 68 189 68 189 68 189
607 158 68 189 68 189 68 189 68 19 85
43 158 68 189 68 189 68 189 68 19 85 359
189 68 607 158 68 607 158 68 607 158 68 607 158 68 607 158 68 607 158 68 607 158 68 607 158 68 607 158 68 607 158 68 607 158 68 607 158 68 607 158 68 607 158 68 607 158 68 607 158 68 607 158 68 607 158 68 607 158 68 607 158 68 607 158 68 607 158 68 607 158 68 607 158 68 607 158 68 607 158 68 607 158 68 607 158 68 607 158 68 189 68 607 158 68 189 68 189 68
564 68 158 68 189 68 158 108
64 211 108 68 517 68 397 68 85
261 86 68 5 68 5 68 5 68 189 68 189 68 5
51 86 68 517 68 517
261 86 68 517
149 389 149
211 68 550 158 118
607 158 68 527 68 5 68 5 68 189 68 189 68 5 68 397 68 397 68 189 68 189
240 550 158 118
397 68 517 68 517
5 68 189 68 189 68 189 68 189
189 68 527 68 5 68 189 68 189 68 19 85 68 189 68 19 85
359 68 240 389 85
5 68 569 68 569 68 569 68 241 68 569 68 569 68 569 68 569 68 241
261 86 68 569
43 158 108
189 68 607 158 68 607 158 68 607 158 68 64 211 68 64 211
43 158 68 527 68 397 68 397 68 397 68 397 68 397 68 397 68 397
503 189 68 5 68 5 68 5 68 5 68 5 189
81
503 158
503 189 68 339 68 607 158 68 607 158 68 607 158 68 569 68 569 68 569 68 503 189 68 569 68 569 68 189
569 68 339 68 64 211 108
189 68 550 501 68 189 68 189 68 189 68 607 158 118
211 543 68 527 359 68 81
607 158 68 527 68 5 68 189 68 189 68 189 68 189 68 5
288 68 19 85 68 19 85 68 19 85
189 68 607 158 68 397 68 397 68 397
240
189 68 569 68 569 68 569 68 569 68 569 68 569 68 569
43 158
43 158 108
527 68 5 68 527 68 5 189 68 370 68 370
189 68 158 108 68 149 389 158 149
527 68 5 68 430 108 68 430
503 189 68 158 108 68 607 158 68 158 108
261 86 68 527 68 607 158 68 81 68 189 68 189 68 189 68 189 68 189 68 189 68 189 550 158 108
5
283 68 81 68 569 68 569 68 569 68 569 68 569 68 85 359 68 569 68 569 68 569
261 86
527 68 607 158 68 517
607 158 68 607 158 68 607 158 68 607 158 68 607 158 68 19 85 359 68 189 68 607 158 68 607 158 68 189 68 189 68 607 158
527 68 5 68 241 68 241
51 86
85 359
607 158
211 543 68 405 68 405
503 189 68 158 108 68 430 68 19 85 68 430 68 430 199
359 389 158
240 51 85 359
189 68 5 189
527 68 607 158 68 19 85 359
569 68 64 211 108 68 189 68 189 68 189 68 189 68 189 68 189 211 108
64 211 108 68 19 85 68 607 158 68 19 85 68 19 85 68 19 85 68 189 68 64 211 108
607 158 68 550 501 68 189 68 189 68 189 68 189 68 189 68 189 211 108
19 85 68 158 108
85 299 68 189 68 64 211 108
430 85 359
607 158 68 527 68 5 68 189 68 189 68 189 68 189 68 189 68 189
189 68 19 85 68 569 68 405
607 158 68 607 158 68 397 68 397 68 397 68 397 68 397
211 68 5 68 81 68 189 68 189 68 569 68 569 68 569 68 569
189 68 189 68 189 68 189 68 189 68 64 211 108
503 189 68 124 68 397 68 397 68 397 68 397
607 158 68 5 68 517
527 68 5 68 54 86 68 189 68 640
607 158 68 527 68 189 68 189 68 189 68 189 68 189 68 158 108
503 158 68 527 68 607 158 68 607 158 68 607 158 68 5 68 397 68 189 68 189 68 189
607 158
189 68 527 359 68 5 189
240 211 222
339 68 607 158 68 607 158 68 607 158 68 607 158 68 607 158 68 397 68 397 68 397 68 607 158 68 189 68 607 158 68 607 158 68 607 158 68 607 158 68 158 68 607 158 68 5 189 550 501 68 5 189 68 158 68 158 68 158 68 158 189 211 189 211 189 68 158 189 68 158 68 158 108 68 158 68 158 68 158 68 158 68 158 68 158 68 158 68 158 68 158 68 158 68 158 68 397 68
43 158
501 85 68 124
19 85 68 527 68 19 85 68 339 68 19 85
189 68 607 158 68 607 158 68 607 158 68 397
149 389 339 68 211
197 86
607 158 68 64 211 108 68 339
569 68 43 158 189
240 299 85
189 68 607 158 68 397 68 397 68 241 68 64 211 108
240 389 158 108
64 211 68 607 158 68 607 158 68 607 158 68 607 158 68 5 68 607 158 68 64 211 68 607 158 68 189 68 189 68 607 158 68 607 158 68 607 158 68 5 189 550 501 68 607 158 68 5 189 68 5 189 68 5 189 68 550 158 68 158 68 158 189 68 158 189 550 158 68 158 68 158 68 158 68 158 68 550 158 68 158 68 158 68 158 68 158 68 607 158 68 158 68 607 158 68 189 68
261 86 68 527 68 5 68 397 68 397 68 397 68 397 68 397
240 51 86
43 158 68 241 68 517
283 68 550 158 68 607 158 68 607 158 68 607 158 68 5 68 189
607 158 68 240 68 240 211 108 68 240 68 240 211 543
339 68 569 68 158 108
607 158 68 543 68 640
43 158 68 527 68 81 68 189 68 19 85 68 19 85
43 158 68 527 68 189 68 189 68 241 68 430 149 68 241 68 241 149
64 211 108 68 569 68 397 68 569 68 569 68 85 359 68 85 359 68 85 359
527 68 189 68 189 68 569 68 569 68 569
283 68 550 501 68 189 68 189 68 189 68 189
189 68 189 68 189 68 189 68 189 68 189 68 189 68 189 550 158
607 158 68 527 68 607 158 68 607 158 68 607 158 68 158 68 19 85
240 299 68 64 211 108
85 4 258
189 211 74
339 551
211 543 68 5 189 68 5 189
261 86 68 5 68 189 68 241 68 241 68 569 68 569 68 569 68 569
370 68 81 68 569 68 189 68 569 68 569 68 569 68 517 85 359 68 189 68 189 68 189
5 68 81 68 19 85 68 607 158 68 19 85
405 85 68 517
43 158 68 527 68 5 68 189 68 189 68 189
189 68 241 68 5 189
189 68 5 68 5 189 68 5
569 68 19 85 68 158 108 68 19 85 68 569 68 19 85
607 158 68 550 501 68 397 68 397 68 517 68 517 68 517 68 517 68 64 211 108
189 68 607 158 68 397 68 397 68 241 68 397 68 517 68 517 68 397 68 240 211
607 158 68 527 68 189 68 189 68 189 68 397 68 397 68 397 68 397
43 158 68 527 68 81 68 189 68 19 85 68 19 85
607 158 68 607 158 68 607 158 68 607 158 68 607 158 68 397 68 569 68 189
261 86 85 359
241 359
359 261 86 85 359
5 68 81 68 19 68 607 158 68 5 68 569 68 397
240 211 108
339 68 397 68 397
261 86 68 339 68 339 68 339 68 569 68 569 68 569 68 85
211 108 68 241 430 299
85 359 68 607 158 68 607 158 68 607 158 68 397 68 397 68 397 68 397 68 569 68 569 68 397 68 397 68 397 68 397 68 607 158 68 550 501 68 550 501 68 550 501 68 607 158 118 68 430 68 430 68 430 370 68 430 149 550 158 118 68 430 149 68 158 189 68 430 149 68 430 68 430 149 68 430 68 158 118 68 430 194 487 359 68 397 68 397 68 569 68 569 68 569 68 85 68 85
189 68 569 68 569 68 517
261 86 68 5 68 397 68 397
503 189 68 5 68 5 189 68 5 189
43 158 108 68 189 68 397
527 68 5 189 68 5 189 68 5 189 68 517
240 299 68 189 68 189 68 189 68 569 68 569
85 359 68 158 108 68 569 68 569 68 503 189
43 158 68 5 68 5 68 5 68 5 68 5 189 68 5 189 68 517
339 68 550 501 68 607 158 68 607 158 68 607 158 68 607 158 68 189 68 189 68 189 68 189
85 4 240 359
569 68 158 108 68 158 108 68 569 68 569 68 569
569 68 158 108 68 5 68 5 68 5
397 68 5 68 543 211
527 68 607 158 68 81 68 189 68 158 108
43 158 68 5 68 5 68 543 68 405 68 517 68 517 68 517 68 517 68 517
283 68 158 108 68 158
607 158 68 19 85 68 19 85
527 68 158 108 68 158 108 68 189 68 158 108
231 240
149
370 68 81 68 64 211
261 86 68 5 189 68 189
19 85 68 5 189 68 19 85
43 158 68 430 68 430
5 108
261 86 68 607 158 68 5 189 68 397
339 68 64 211 108
240 550 158 118
43 158 68 607 158 68 5 189 68 5 189
503 189 68 550 501 68 397 68 397 68 397 68 397 68 397 68 397 68 397
569 68 211 68 211
527 68 397 68 397
283 68 19 85 68 19 85 68 19 85 68 19 85
607 158 68 527 359 68 397 68 397 68 397 68 397 68 397 68 397 68 397
501 68 527 68 5 68 397 68 397 68 397 68 397 68 397 68 397 68 397 68 241
503 189 68 158 108 68 569 68 569 68 569
430 149
397 68 85 359 68 158 108
607 158 68 527 68 5 68 189 68 397 68 64 211 108 68 64 211
569 68 189 68 189 68 189 68 189
430
261 86
430 199 68 64 211 108
261 86 68 569 68 569 68 569 68 569 68 569 68 569
149 299 85
479 43 158
283 68 189 68 158 108 68 189 68 189 68 189 68 189
503 189 68 569 68 569 68 569 68 569 68 569 85 359
240
607 158 68 527 359 68 397 68 397 68 397 68 397 68 397 68 397
607 158 68 527 68 5 68 189 68 189 68 43 158 108 68 43 158 108
430 299 68 517 85 68 517
569 68 517 68 5 189 68 405 68 405 68 405 85
359 68 527 68 5 68 189 68 189 68 569 68 569 68 569 68 569
527 68 517 68 517
397 85 359
430 199 68 430 199 108
283 68 158 108 68 158
189 68 189 68 189 68 189 68 189 68 569 68 189 241 359
5 68 527 68 189 68 189 68 189 68 569 68 397 68 189 68 397 68 397 68 397 68 189
241 85
85 359
503 158
359 68 5 68 5 68 5 189 68 5
43 158
261 86 68 607 158 68 607 158 68 370 68 5 68 5 68 5 68 189 68 5 189
607 158 68 607 158 68 607 158 68 607 158 68 607 158 68 517 68 397 68 189 68 189 68 189 68 189 68 189 68 189 68 189 68 607 158 118
607 158 108
43 158
501 85 359
607 158 68 527 68 81 68 189 68 189 68 189 68 189 68 189 68 189 211 108
43 158 68 211
189 68 550 501 68 517 68 339 68 339 68 64 211 108
211 359 68 158 359
501 85 68 517 68 64 211 108
569 85 68 158 108
64 211 108 68 517 68 517 68 517
569
261 86 68 124 68 397 68 241 68 241 68 569 68 517
503 158 68 339 68 19 85 68 517 68 517 68 517 68 517 68 517 85 68 517
118 68 569 68 5 189 68 241
527 68 5 68 189 68 189 68 189
607 158 68 607 158 68 607 158 68 607 158 68 189 68 5 189 68 189 68 189
189 68 389 158 108 68 5 189
189 211 108 68 19 85 359 389 158 118
240 51 85 68 5 189 68 5 189 68 241 430
607 158 68 5 68 189 68 189 68 189
503 189 68 550 158 68 607 158 68 607 158 68 607 158 68 550 158 68 211 68 211 68 550 158 68 607 158 68 607 158 68 607 158 68 607 158 68 607 158 68 550 158 68 607 158 68 607 158 68 607 158 68 5 189 550 158 189 550 158 189 550 158 189 68 158 189 550 158 189 68 158 68 158 68 158 68 158 68 158 68 158 68 158 68 158 68 158 68 158 68 158 68 158 68 158 68 158 68
527 68 569 68 189 68 189 68 569 68 569
276 85 68 517 68 569 68 569 68 569 68 569 68 517 85 359 68 569 68 64 211 108
607 158 68 19 149
283 68 124
607 158 68 241 68 241
43 158 68 527 68 5 68 5 68 5 68 5 68 517 68 517 68 397 68 397 68 189 68 189 68 189 68 189 68 189 68 5 189 68 5 189 550 501 68 5 189 550 501 68 5 189 550 501 85 550 501 68 5 189 550 501 68 5 189 550 501 85 389 158 108 68 5 189 68 5 189 68 430 149 68 430 199 68 5 68 430 194 108 68 85 68 397 68 86 68 86 68 86 68 86 68 86 68
85 4 240 359
283 551 68 569 68 569 68 189 68 19 85
5 189
189 68 550 501 68 607 158 68 607 158 68 607 158 68 607 158 68 189 68 189 68 189 68 189 68 189 68 189 68 189 68 189 68 607 158
564
5 68 241 68 569 68 240 211 108 68 240 211 108
211 108
64 211 108 68 5 189 68 241 68 569
241 68 189 68 189 68 189 68 569 68 569 68 569 68 569 68 397
397 68 550 501 68 5 68 5 68 5 68 5 189 68 517
43 158 68 245 449 68 5 189
607 158 68 527 359 68 607 158 68 607 158 68 607 158 68 550 158 68 397 68 607 158 68 607 158 68 189
85 261 86
64 211 108 68 640 68 640
607 158 68 5 68 397 68 397 68 397 68 397
503 189 68 170 108 68 569 68 189 68 569
211
503 158 108
189 85 389 158 108 68 189 68 240 389 158 118
189 85 68 253 85
339 68 85 359 68 397
189
211 543 68 85 359 68 189 108
503 189 68 569 68 569 68 569 68 569 68 569 68 569
43 158 118
240 299
211 359 68 64 211 108
5
339
569 68 5 189 68 189 68 189 68 189 68 189 68 189
43 158 68 5 68 5 68 5 68 5 68 5 189 68 5
503 189 68 607 158 68 5 68 5 68 81 68 5 68 5 68 19 85 68 189 68 5 189 68 189 68 189 68 5 189 68 5 189 68 5 189 68 5 189 68 158 118 68 5 189 550 501 68 5 189 68 5 189 68 5 189 68 5 189 550 158 118 68 158 108 68 158 108 68 158 108 68 158 108 68 158 108 68 158 118 68 158 68 158 108 68 158 118 68 158 68 158 68 158 68 158 68 158
211 240 211
607 158 68 19 85 68 19 85 68 569 68 569 68 569 68 19 85
189 68 158 543 68 569 68 189 68 569 68 569 68 569
569 68 5 68 397 68 397 68 397 68 397 68 397 68 397 68 397 68 397 68 397 68 397 68 397 68 397 68 397 68 397 68 397 68 397 68 397 68 397 68 397 550 501 68 397 68 5 189 550 501 68 5 189 550 501 68 5 189 550 501 85 389 158 118 68 189 550 501 85 152 389 158 108 68 397 68 397 68 397 68 397 68 397 68 397 68 397 68 397 68 86 68 397 68 86 68 86 86
283 68 19 85 68 19 85 359 68 397 68 569
607 158 68 81 68 5 68 5 68 19 85 68 5 68 5 68 19 85 68 5
5 68 81 68 19 85 68 19 85 68 19 85 68 569 68 19 85
283 68 19 85 68 5 68 5 68 19 85 68 569 68 517 68 569 68 569 68 569 68 569 68 569 68 189
43 158 68 527 359 68 607 158 68 607 158 68 64 211 108 68 64 211 108 68 64 211 108
158 339
64 211 108 68 569 68 397 68 241 68 19 85 359 68 19 85 68 569 68 240 211 108
189 68 85 359 68 397
189 68 158 118 68 158 118 68 158 118
5 149
405 240
564 68 5 68 5 68 397 68 189 68 607 158 68 5 189
283 68 607 158 68 607 158 68 607 158 68 607 158 68 607 158 68 64 211 108
189 85 359
569 68 85 359 68 158 108 68 569 68 569 68 569
189 68 550 501 68 64 211 108 68 64 211 108
5 68 517 68 517
397 68 85 359 68 85 359
189 68 607 158 68 607 158 68 607 158 68 607 158 68 607 158 68 64 211
189 68 569 68 569 68 397 68 569 68 569 68 569 68 569
569 68 405 108 68 189 68 189 68 19 85 359
503 158 108
189 68 527 68 5 68 5 108
43 158 68 189 68 189 68 189 68 189 68 607 158 108
397 68 189 68 189
43 158 68 517 68 517
370 68 370 68 5 68 5 68 241
240 389 158 118 68 189 68 19 85
149
189 68 501 68 189 68 189 68 189 68 607 158 108 68 64 211 108 68 189 68 189 68 189 68 189 68 189 68 189 68 189 68 189 550 501 68 607 158 108 68 607 158 118 68 607 158 189 550 501 68 189 68 189 68 189 550 501 68 189 550 501 68 189 68 189 68 189 550 501 68 189 68 158 108 68 158 108 68 158 108 68 158 68 158 108 68 189 68 189 68 189 68 189 68 189 68 189 68
43 158 68 5 189
85 359
211 68 81 68 189 68 189 68 189 68 189 68 189
501
189 68 158 108 68 189 68 189 68 189 68 189
118 85 359
261 86
607 158 68 527 359 68 607 158 68 550 501 68 569 68 569 68 569 68 211 108
5 189 550 158 118
240 389 85 359
503 189 68 5 68 5 189 68 241
261 86 68 607 158 68 517 68 517
261 86 68 527 68 5 68 5 68 81 68 189 68 189 68 189 68 189 68 189 68 189
503 189
261 86 68 607 158 68 397 68 397
64 211 108 68 64 211 108
503 189 68 569 68 569 68 189 68 569
283 68 569 68 569 68 569 68 569 68 569 68 569
211 68 19 149 68 149 68 149
261 86 68 5 68 81 68 189 68 19 85
569 85 359
430 199
189 68 527 68 81 68 189 68 189 68 189 68 189
240 550 158 108 68 189 68 189 68 19 85
503 189 68 527 68 5 68 5 68 5 68 5 68 5 68 189 68 189 68 189 68 189
550 158 189
4 240 550 158 118
405 108 68 5 189 68 5 189
283 68 550 501 68 397 68 397 68 397 68 397 68 397 68 397 68 397
564 68 158 108 68 517 68 517
189 68 550 501 68 189 68 5 189 68 241 68 5 189 68 405 85
569 68 158 108 68 503 158 68 503 158 118
405
240 389 149
240 389 158 68 64 211 108
189 550 487 149
189 550 501 68 517
321 247
430 68 550 501 68 64 211
240 299
359 389 85
85 299 211 118
240 211
527 68 5 68 517 68 64 211 108
43 158 68 527 68 5 68 189 68 189 68 189 68 189
261 86
19 85 68 397 68 397 68 397 68 397 68 397 68 397 68 397 68 397 68 189 68 189
189 68 19 85 68 607 158 68 607 158 68 19 85 68 19 85 68 569 68 189 68 189 550 158 118
283 68 158 108 68 158 108 68 158 108
189 68 550 501 68 189 68 189 68 19 85 68 189 68 189 68 550 158 118
189 240 51 86
261 86 68 527 68 607 158 68 5 68 189 68 569 68 397 68 397 68 397 68 189 550 501 85 359
5 68 5 68 81 68 189 68 241 68 569 68 569 68 517
283 68 550 501 68 189 68 189 68 189 68 189 68 569 68 189
564 68 158 68 189 68 158 108
503 158 68 527 68 607 158 68 607 158 68 607 158 68 5 68 189 68 189
527 68 5 68 81 68 189 68 241 68 240 389 430 199
406 158 118
240 4 258 149
339
283 68 64 211 108 68 64 211 68 64 211 108 68 569 68 64 211 108
261 86 68 124
261 85
607 158 68 527 68 189 68 189 68 189 68 189 68 64 211 108 68 64 211 108
241 359 551
189 68 5 68 81 68 189 68 189 68 405
64 211 108 68 158 68 607 158 68 607 158 68 517 68 517 68 64 211 108
607 158 68 527 68 5 68 5 68 5 68 397 68 397 68 397 68 397 68 189 68 189 68 189
607 158 68 158 108
240 68 64 211 68 189
527 68 158 108 68 19 85 68 19 85 68 19 85 68 19 85 68 569 68 397 68 397 68 19 85
189 68 607 158 68 607 158 68 607 158 68 607 158 68 5 189 68 211
43 158 68 5 189 68 5 189
370 247 85
189 68 527 68 5 68 5 189 68 517
211 543
241
503 158 68 607 158 68 5 68 517
430
5 108
527 68 5 68 189 68 189 68 397 68 397 68 189 68 397 68 397 68 397 68 189
397 68 517
283 68 5 68 5 68 5 68 241 68 241 68 5 189 68 241 68 397
501 85 359
283 551 68 189 68 569 68 569
189 68 607 158 68 607 158 68 607 158 68 81 68 189 68 189 68 189 68 189 68 189 68 189 68 189
503 189 68 569 68 339 68 607 158 108 68 569 68 569 68 569 68 569 68 569 68 569 68 569
569 85 68 158 108
503 189 68 158 108 68 19 85 68 158 108
397
149 389 158
503 158 68 370 68 5 68 5 68 5 68 5 68 241 68 241 68 640
607 158 68 607 158 68 397 68 397 68 189 68 189 68 517 68 64 211 108
85 359
189 68 607 158 68 189 68 189 68 241 68 189 68 189 550 158 108
64 211 108 68 430 68 430 68 158 108 68 430 68 430 68 430
430 149 550 158 149
211 543 211
261 86 68 124
527 68 5 68 5 189 68 5 189
240 51 85
607 158 68 397 68 189 68 189 68 569 68 569 68 569 68 569
51 86 68 607 158 68 5 189 68 241
211 543
607 158 68 527 68 607 158 68 5 68 397 68 397 68 397 68 397 68 397 68 397 68 189 68 189
503 158 108 68 569 68 19 85 359
607 158 118
527 68 5 68 149 211 108
211 543
607 158 68 527 68 607 158 68 607 158 68 607 158 68 527 68 550 501 68 189 68 189 68 189 68 189 68 189 68 189 68 607 158 108 68 607 158 68 607 158 68 550 501 68 607 158 68 550 501 68 607 158 68 550 501 68 550 501 68 550 501 68 189 550 501 68 550 501 68 607 158 68 158 68 607 158 68 550 501 68 550 501 68 550 501 68 607 158 68 86 68 86 68 189 68 189 68 86
503 189 68 189 68 607 158 108 68 189 68 211 108
569 68 517 68 517 68 517
5 68 527 68 607 158 68 5 68 397 68 397 68 397 68 397 68 397 68 397 68 397 68 397 68 397 68 189 68 397 68 397 68 397 68 550 501 68 5 189 550 501 68 550 501 68 550 501 85 152 550 501 68 5 189 550 501 68 5 189 550 158 189 68 370 68 370 68 370 68 370 68 158 68 370 68 370 68 370 68 370 68 397 68 397 68 397 68 86 68 86 68 86 68 86 68 86 68
283 68 550 501 68 397 68 397 68 397 68 397 68 397 68 397 68 397
149
527 68 81 68 189 68 189 68 64 211 108 68 64 211 108 68 64 211 108 68 64 211 108
283 68 158 108 68 569 68 569 68 569 68 569 68 569 68 85 359 68 569 68 569 68 569
607 158 68 64 211
241 85 359
501 85 365 430 199
607 158 68 81 68 189 68 189 68 241 68 64 211 108 68 64 211 108 68 211 108 68 550 158 118 68 189 68 189 68 211 108 68 550 158 118
503 158
321 189 68 189
64 211 68 607 158 68 517 68 517 68 517 68 517
359 68 19 85 68 189 68 19 85 68 569 68 569 68 241
64 211
189 68 283 68 569 68 569 68 569 68 85 359
569 68 240 211 108 68 189 211 108
43 158 189
158 108 68 517 85 68 517
43 158
85 359 389 85
430 108 68 550 501 68 189 68 189 68 64 211 108 68 64 211 108 68 189 68 64 211 108
240 550 158 149
370 569
261 86 68 527 68 5 68 5 68 5 68 5 189 68 5 189
43 158 68 607 158 68 607 158 68 607 158 68 517 68 517
527 68 607 158 68 81 68 189 68 189 68 189 68 189 68 189 68 189 68 189 68 189 550 501 85 359
370
569 85 359 389 158 108
276 85 68 607 158 68 189 68 607 158 68 64 211 68 5 68 64 211 108
199 108
370 68 607 158 68 5 68 397 68 241 68 397 68 189
397 68 85 359 68 158 108
197 85
261 86 68 158 108
5 68 5 68 81 68 5 189 68 405 68 158 108
261 86 68 5 68 81 68 189 68 19 85
607 158 68 370 68 5 68 189 68 189 68 189 68 189
503 158 68 85 68 158 108 68 158 108 68 158 118 68 158 108 68 158 108
241 359
43 158 108
211 543 68 64 211 108
189 68 569 68 569 68 189 68 405 85
283 68 607 158 68 607 158 68 607 158 68 607 158 68 5 68 397 68 569 68 189 68 607 158 68 189 68 189 68 189 68 607 158 108 68 607 158 68 607 158 68 607 158 68 607 158 68 5 189 68 5 189 68 5 189 68 5 189 550 158 189 68 158 189 68 158 189 68 607 158 68 158 108 68 158 68 158 68 158 68 158 68 158 68 158 68 569 68 86 68 86 68 86 68 86 68 86 86
85 359
607 158 68 569 68 85 359
397 68 241 194 108 68 241
241 68 189 68 189 68 189 68 569 68 569 68 569 68 569 68 397
189 389 158 118
564 68 189 68 81
5 68 527 68 5 68 189 68 5 68 397 68 5 189 68 397 68 397 68 397 68 189 68 189
527 68 607 158 68 5 68 5 68 5 68 5 68 5 68 5 68 189 68 189 68 189
5 68 288 68 517 68 517 68 241 68 569 68 517 85 359
607 158 85 359
43 158 68 189
5 68 370 68 5 68 5 68 5
240 299
240 299
261 86 68 261 86
211 108 68 517 85
43 158
189 68 158 108 68 517
370 68 5 189 68 81
501 68 517 68 517 68 517 68 517 68 517 68 517
64 211 108 68 430 68 430 68 158 108 68 430 68 430 68 158 118 68 211 108 68 211 108
527 68 5 68 189 68 189 68 189 68 640
503 158 359
607 158 68 527 68 607 158 68 158 108
607 158 68 81 68 189 68 189 68 189 68 189
240 550 158 68 241 68 5 189 68 241
527
5 68 189 68 189 211 543
283 68 569 68 569 68 397 68 397 68 397
569 68 158 108
85 359
189 68 527 68 607 158 68 607 158 68 81 68 189 68 397 68 397 68 397 68 189
43 158 68 5 189 68 5 189
527 68 158 108 68 607 158 68 607 158 68 607 158 68 517
211 543
503 189 68 158 68 158 108 68 397 68 569 68 569 68 569
503 189 68 5 68 5 68 189 68 189 68 5
397 68 607 158 68 607 158 68 189 68 189 68 189
5 68 81 68 189 68 189 68 64 211 108 68 569 68 517
85 517
241 85 359 68 569 68 397
85 283 68 19 85
261 86 68 607 158 68 5 189 68 370 68 5 189
607 158 68 19 149
430
85 359 389 158 108
189 68 550 501 68 397 68 241 68 241 68 241 430 199
211 108 68 19 85 68 19 85 359 68 19 85
283 68 124
261 86 68 261 86
189 68 158 108 68 607 158 68 5 189 68 189 68 5 189 68 550 158 118
503 189 68 339 68 397 68 397 68 189 68 189 68 189 68 569 68 569 68 189
607 158 68 607 158 68 397 68 397 68 397 68 569 68 517 68 569 68 569 68 569 68 569 68 569
527 68 5 68 189 68 189 68 19 85
607 158 68 527 359 68 397 68 397 68 397 68 397 68 397 68 397 68 397
607 158 68 550 501 68 189 68 189 68 189 68 189 68 43 158 108
261 86 68 5 68 5 68 170 108
158 85 299 68 189 211 189 68 189 550 158 118
501 85 4
339 68 607 158 68 607 158 68 607 158 68 517
43 158 68 517 68 517 359
19
85 68 19 85
189 68 607 158 68 607 158 68 607 158 68 607 158 68 517 68 517 68 517 68 517
240 211 68 189 211 108
607 158 68 569 68 64 211 108 68 211 68 211
5 68 5 68 189 68 189 68 569 68 569 68 189 68 189
189 68 607 158 68 397 68 397 68 397 68 397 68 397 68 397 68 397 68 397
503 189 68 607 158 68 607 158 68 607 158 68 607 158 68 19 85
430 199
607 158 68 607 158 68 607 158 68 64 211 108 68 517
527 68 5 68 5 68 189 68 241 68 241 430 199 68 241 68 241 430 149
607 158 68 550 501 68 607 158 68 550 158 543
527 68 5 68 5 189 68 5 189 68 517
43 158
189 68 550 501 68 5 68 5
5 108 68 569 68 85
321 247 85 359
261 86 68 527 68 5 68 5 68 397 68 397 68 397 68 397 68 397 68 397 68 397 68 397 68 397 68 397 68 397 68 397 68 86
64 211 108 68 569 68 569 68 569 68 569
569 68 85 68 397 68 397 68 397 68 397 68 397 68 397 68 397 68 397
607 158 68 189 68 189
43 158 68 517 68 5 189
503 158 108 68 170 68 189 68 158
607 158 68 607 158 68 397
43 158 68 81 68 189 68 189 68 19 85 68 19 85
211 108 68 517 68 85 359
261 86 85
5 68 5 68 81 68 5 189 68 241 68 5
339
5 189
189 68 607 158 68 607 158 68 607 158 68 607 158 68 607 158 68 607 158 68 607 158 68 607 158 68 607 158 68 607 158 68 607 158 68 607 158 68 607 158 68 607 158 68 607 158 68 607 158 68 607 158 68 607 158 68 607 158 68 158 68 607 158 68 607 158 68 607 158 68 607 158 68 607 158 68 607 158 68 607 158 68 607 158 68 607 158 68 189 68 607 158 68 189 68 189 68 189
430 85
85 4 258 149
503 189 68 85 68 158 108 68 569 68 569 68 569 68 85
149 550 158
197 85
607 158 68 527 68 189 68 189 68 189 68 189 68 397 68 397 68 397
64 211 108 68 607 158 68 607 158 68 607 158 68 5 68 5 68 397 68 189 68 64 211 68 189 68 189 68 189 68 607 158 68 607 158 108 68 607 158 68 158 68 607 158 68 5 189 550 501 68 5 189 68 158 68 430 550 501 68 158 189 550 501 68 158 189 550 501 68 158 68 158 108 68 158 68 158 68 158 68 158 68 158 68 158 68 158 68 607 158 68 158 68 189 68 189 68 189
189 68 64 211 108 68 241 68 241
189 68 501 68 158 108 68 158 108 68 158 108
43 158
43 158 68 527 68 189 68 189 68 370 68 607 158 68 5 68 189 68 189 68 189 68 189 68 189
64 211 108 68 19 85 68 19 85 68 19 85 68 19 85 68 19 85
503 189 68 569 68 569 68 569 68 569 68 569 68 569 68 85 359 389 85 359
503
607 158 68 81 68 189 68 189 68 189 68 189 68 5 189 68 189 68 189 68 189 550 501 85
189 68 430
339
607 158 68 81 68 189 68 189 68 607 158 68 64 211 108 68 64 211 108
240 299 68 430 299
5 68 288 68 5 68 517 68 607 158 68 607 158 68 517 68 517 68 397 68 5
43 158 359
283 68 607 158 68 607 158 68 607 158 68 607 158 68 607 158 68 607 158 68 607 158 68 607 158 68 607 158 68 607 158 68 607 158 68 607 158 68 607 158 68 607 158 68 607 158 68 5 68 5 68 5 68 5 68 607 158 68 5 189 68 5 189 68 607 158 68 607 158 68 607 158 68 158 68 503 158 68 158 68 503 158 68 158 68 607 158 68 503 158 68 86 68 503 158 68 86 68
569 68 397 68 397 68 397 68 397 68 397 68 397 68 397
5 68 261 86 68 5 189 68 5 189 68 261 86 68 261 86
211 68 517 68 517 118
321 85
261 86
503 189 68 550 501 68 397 68 397 68 569 68 397 68 397 68 397 68 397
189 68 607 158 68 607 158 68 607 158 68 607 158 68 607 158 68 550 158 68 189 68 550 158 68 607 158 68 607 158 68 607 158 68 607 158 68 607 158 68 607 158 68 607 158 68 607 158 68 607 158 68 550 158 68 607 158 68 158 68 158 68 189 68 158 189 550 158 68 607 158 68 158 68 607 158 68 607 158 68 607 158 68 607 158 68 189 68 189 68 189 68 189 68 189 68 189 68
503 189 68 5 68 569 68 569 68 569 68 569 68 569 68 569 108
261 86 68 158 108 68 189 68 158 108 68 19 85 68 158 108
503 158 118
607 158 68 607 158 68 189 68 189 68 189 68 189
550 501 68 397 68 397 68 397 68 241 68 189 68 189 68 397 68 397
397 68 607 158 68 607 158 68 607 158 68 397
527 68 607 158 68 607 158 68 607 158 68 607 158 68 527 359
503 189 68 5 68 5 68 5 68 5 189 68 503 189 68 517
240 550 158 118
43 158 68 5 68 5 68 241 68 5 68 405 68 517 68 517 118
189 68 189 68 189 68 189
189
189 68 527 68 189 68 189 68 189 68 189 68 189
43 158
527 68 5 68 430 68 158 108
503 189 68 370 68 5 68 5 68 370 68 5 68 5
158 108
43 158 68 527 68 189 68 189 68 189 68 189 68 189 68 189
607 158 68 607 158 68 607 158 68 607 158 68 607 158 68 158 68 189 68 189 68 607 158 68 607 158 68 189 68 189 68 189 68 607 158 68 607 158 68 158 68 607 158 189 550 158 68 158 68 607 158 189 68 158 189 149 550 158 68 158 189 149 550 158 189 68 158 149 68 158 68 158 149 68 158 68 607 158 68 158 68 158 68 158 68 158 68 189 68 189 68 189 68 189 68 189 68 189
607 158 68 5 68 5 189 68 5 189 68 430
527 68 607 158 68 5 68 5 189
19 85 359
43 158 85 359 389 158
569 68 370 68 5 189
43 158 68 43 158 68 43 158 68 43 158
189 68 189 68 397 68 397
261 86 68 189 68 189 68 189 68 189 68 189 68 189 68 189
5 189 68 517 359
43 158 68 607 158 68 607 158 68 607 158 68 517
503 189 68 158 118
607 158 68 607 158 68 607 158 68 607 158 68 607 158 68 5 68 189 68 189 68 189 68 189 68 189 68 189 68 189 68 607 158 68 607 158 118
43 158 68 550 501 68 517 68 64 211 108 68 517 68 517
527 68 5 68 5 68 5
607 479 68 517
527 68 19 85 68 430 199 68 240 550 158 118
51 86 68 124
261 86 68 261 86 68 5 68 397 68 397 68 397 68 397
189 68 569 68 569 68 569 68 569 68 569 68 569 68 569
607 158 68 527 359 68 607 158 68 607 158 68 607 158 68 550 158 68 397 68 607 158 68 607 158 68 189
85 299 68 550 158 108 68 607 158 68 19 85 68 19 85 68 19 85 68 158 108 68 550 158 118
569 68 85 68 5 189 68 569 68 569 68 569
197 86
261 86 68 5 68 81 68 189 68 5 189 68 5 189 68 5
211 68 189 68 81
211 199
503 189
503 158 68 5 68 5 68 397 68 241 68 607 158 118 68 397 68 397 68 397 68 189
430 68 550 501 68 189 68 405 108
189 68 527 68 5 68 189 68 189 68 321 240
607 158 68 81 68 189 68 189 68 607 158 68 607 158 68 397 68 189 68 189 68 189 550 501
261 86 68 5 68 397 68 397 68 569 68 569 68 517 68 517
64 211 108 68 19 85
607 158 68 158 68 158 68 158 108 68 158 68 158
607 158 68 550 501 68 189 68 189 68 189 68 189
527 68 81 68 189 68 189 68 240 389 158 108 68 240
149 68 550 158 108 68 397 68 397 68 397 68 397 68 397
503 158 108
607 158 68 5 68 517
607 158 68 607 158 68 607 158 68 607 158 68 607 158 68 339
5 189
503 158 68 607 158 68 5 68 5 68 5
231 240
189 68 189 68 19 85 68 189 68 19 85
503 189 68 607 158 68 5 68 241 68 569 68 5 189 68 241
283 68 158 108 68 430
5 68 5 68 405 108 68 189
503 158 108
607 158 68 527 68 5 68 5 68 5 68 397 68 5 68 397 68 397 68 397 68 189 68 189 68 189 68 189 68 189 68 189 68 5 189 550 501 68 5 189 550 501 68 5 189 550 501 68 5 189 68 5 189 68 5 189 550 501 68 5 189 550 501 68 189 68 189 550 501 68 5 189 68 5 68 5 68 5 68 5 68 5 68 5 68 397 68 189 68 189 68 189 68 189 68 189 68 189
5 68 241 68 569 68 189 68 19 85 68 569 68 19 85
189 68 607 158 68 607 158 68 607 158 68 607 158 68 607 158 68 189 68 189 68 189 68 607 158 68 189 68 607 158 68 607 158 68 607 158 68 607 158 68 607 158 68 607 158 68 607 158 68 607 158 68 5 189 550 158 189 68 158 189 550 158 189 68 189 68 158 189 68 158 189 68 158 68 607 158 68 607 158 68 607 158 68 158 68 189 68 189 68 189 68 189 68 189 68 189 68 189
607 158 68 81 68 189
607 158 68 550 501 68 189 68 550 501 68 64 211 108
211 68 339 68 397
189 68 5 68 189 68 189 68 189 68 189
211 543 211 543
240 299 68 64 211 108
189 68 189 68 189 68 189 68 5 189 68 397 68 397 68 397
283 68 5 68 569
607 158 359
503 158
241 359 551
85 299
5 189 241 359
607 158 108
211 543 211
283 68 19 85
569 68 158 108 68 189 68 569 68 569 68 569 68 569 68 569 68 569 68 569
321 247
43 158
64 211 108 68 5 68 5 189 68 569 68 517 68 517 68 517 68 569 68 517
189 68 607 158 68 5 68 5 68 5 68 5 189 68 5
85 389 158 108 68 189 68 5 189
503 158 68 607 158 68 607 158 68 64 211 108 68 517 68 64 211 108
339 68 240 68 240
189 68 607 158 68 607 158 68 607 68 550 501 68 517 68 517 68 64 211
240 550 158 149
240 211
43 158
261 86 68 261 86
5 68 370 68 81 68 189 68 189 68 189 68 189
158 108
607 158 68 241 68 397 68 397
211 108 68 517 118
85 4 258 85 359
607 158 68 397 68 397 68 397
261 86 68 527 68 607 158 68 607 158 68 607 158 68 5 68 397 68 189 68 189 68 189 68 189 68 189 68 189 68 189 68 189 68 607 158 189 550 501 68 5 189 550 501 68 5 189 550 501 68 189 68 5 189 550 158 189 550 158 189 550 158 189 68 189 550 501 68 189 68 189 68 5 189 68 607 158 68 5 189 550 158 68 5 189 68 189 68 189 68 189 68 189 68 86 68 86 68
240 68 501 68 517
241 359
189 68 607 158 68 607 158 68 607 158 68 607 158 68 517 68 517 68 64 211 108 68 550 158 68 517 68 517 68 189 68 607 158 108 68 607 158 68 607 158 108 68 607 158 68 607 158 68 430 68 430 68 5 189 550 158 189 550 158 189 550 158 189 68 158 189 68 158 189 68 158 108 68 158 108 68 607 158 68 158 68 158 68 158 68 158 68 189 68 189 68 158 68 189 68 189 68 189
85 359
607 158 68 189 68 189 68 189 68 19 85
288 68 430 359 68 430 359
564
527 68 607 158 68 607 158 68 607 158 68 241 68 241 68 241
607 158 68 5 68 5 68 5 68 5 189 68 5
261 86 68 607 158 68 5 189 68 370 68 5 189
43 158 359
189 68 550 501 68 64 211 108
569 68 607 158 68 370 68 5 68 5 68 5 189
503 189 68 527 68 189
550 158 68 517
5 189 68 517 68 517
283 68 607 158 68 5 68 5 68 397 68 5
569 68 85 359 68 430
569 68 550 501 68 397 68 189 68 569 68 569 68 517
85 4 258 68 550 158 108
43 158
189 550 158 108
339 68 240 359
405 68 19 85
564
527 68 5 68 81 68 397 68 397 68 569 68 569 68 517 68 569 68 569 68 569 68 569 68 569
231 240 68 79 430 149
85 299 68 5 68 569 68 569 68 85 359
43 158 68 527 68 189 68 607 158 68 607 158 68 5 189 68 189 68 189 68 550 158 108
43 158 108
240 389 158 108
569 68 569
189 68 607 158 68 607 158 68 5 189 68 189 68 5 189
593 163 68 430 149
5 68 397 68 397
527 68 158 108 68 339 68 397 68 550 501 68 339
43 158 68 517 68 517
240 19 85
359 68 527 359 68 189
43 158 68 517
240 389 158 108
607 158 68 607 158 68 607 158 68 81 68 189 68 189 68 19 149
430
240 550 158 108
503 189
321 247
85 4 258 85 359
240 550 158 68 430 199
43 158
43 158 68 241 68 430 199 108 68 241 68 240 211 108
240 211 543 68 339
607 158 68 5 68 5 68 397 68 517 68 517 68 517 68 517
261 86 68 124
607 158 68 527 68 5 68 5 68 5 68 241 68 5 189 68 241 68 397 68 189 550 501 68 189
370 68 5 68 397 68 397 68 397 68 397 68 397 68 397 68 397 68 397 68 241 359
503 189 68 640 68 640 68 241
240 389 158 118
158 108 68 569 68 517 85 68 517 68 517 85 68 517 85
503 189 68 607 68 607 158 68 607 68 607 158 68 189 68 64 211
5 68 607 158 68 607 158 68 5 68 189 68 189 68 189
339 68 339 68 339
503 158 108 68 5 68 5 68 19 85
189 68 5 68 397 68 397 68 241 68 397 68 397 68 397 68 397 68 397 68 189
43 158 68 527 359 68 607 158 68 397 68 397 68 397 68 397 68 397
283 68 19 85 68 569 68 397 68 569 68 569 68 569 68 569 68 569 68 569
527 68 5 68 5 189 68 5 68 569 68 569 68 517
527 68 5 68 5 68 5 189 68 5 68 5 189 68 517 68 397 68 397 68 5 189 68 5 189
430 68 607 158 68 607 158 68 607 158 68 607 158 68 5 189
240 85 68 85 359 68 430
261 86 68 370 68 5 68 5 189 68 189
503 189 68 158 108 68 569 68 569 68 569 68 569
283 68 189 68 569 68 189 68 189 68 569 68 569 68 569 68 569
527 68 5 68 81 68 189 68 189 68 607 158 68 5 68 5
569 68 85 359 68 607 158 68 397 68 397 68 397 68 397 68 397 68 397 68 189 68 189
64 211
527 68 397 68 397 68 397 68 189 68 397
283 68 569 68 397 68 397 68 397 68 241 68 397 68 241
503 158 108 68 170 108 68 158 108
503 189 68 5 68 5 68 5 68 5 68 5 68 5
261 86 68 124 68 5 68 189 68 189 68 5
569 68 517 68 5 189 68 189 68 5 189 68 189
189
359 68 550 501 68 397 68 397 68 397 68 397 68 397 68 397 68 397
527 68 607 158 68 607 158 68 370 68 607 158 68 5 68 19 85 359 68 397 68 189 68 189 68 189 68 189 68 189 68 607 158 108 68 430 199 85 359 550 158 118 68 430 370 68 430 68 430 149 550 158 189 68 430 149 550 158 189 550 158 189 149 68 370 68 430 149 68 430 149 68 430 149 68 430 68 370 68 430 194 487 149 68 158 118 68 430 68 370 68 430 68 430 68 86 68 86
43 158 118
43 158 68 189 68 189 68 189
503 189 68 124
503 189 68 85 68 189 68 189 68 189 68 569 68 189
189 68 241 68 5 189 68 189 68 241 68 569 68 189
64 211 108 68 397 68 397 68 569 68 569
397 68 85 359 68 158 108
5 68 288 68 5 68 397 68 397 68 397 68 397 68 5 189 68 397
503 189 68 124
607 158 68 527 68 5 68 517 68 517 68 517 68 517 85
261 86 68 5 68 81 68 189 68 640 68 640
261 86 68 124 68 5 68 5 68 517
64 211
43 158 108 68 430 199
503 189 68 158 108 68 569 68 569 68 569
64 211 108 68 397 68 397 68 397 68 397 68 397 68 397 68 397 68 397 68 397 68 397 68 397 68 397 68 397 68 397 68 397 68 397
288 68 550 501 68 397 68 397 68 397 68 397 68 397
430 199 68 550 158 108 68 64 211 108
527 68 81 68 189 68 189 68 19 85 68 19 85 68 19 85
64 211 108 68 607 158 68 607 158 68 517 68 517 68 517 68 569 68 64 211 108
64 211 68 517 68 211 108
149 389 85 359
607 158 240 550 158
240 299
430 299
607 158 68 81 68 189 68 189 68 241 68 241 68 241 68 241 68 189 68 189 550 501 68 189
527 68 550 158 108 68 339
607 158 68 550 501 68 397 68 397 68 397 68 397 68 397 68 397 68 189 68 189
283 68 569 68 5 189 68 5 189 68 5 189 68 5 189 68 569 68 189
43 158 68 64 211
261 86 68 527 68 607 158 68 397 68 397 68 397 68 517
189 68 189 68 189 68 189 68 189 68 189 211 108
189 211 108
85 359 68 158 108 68 189 68 158 108
283 68 158 108 68 158 108 68 569 68 569
5 68 527 68 5 68 5 68 189 68 189 68 189 68 189
607 158 68 81 68 189 68 189 68 189 68 189 68 189
240 389 158 108
283 68 607 158 68 607 158 68 607 158 68 503 189 68 5 68 405 108
43 158 108
240 299 68 189 68 189
189 68 189 68 189 68 189 68 189 68 189
149 389 85 68 517
51 86 68 517 68 640 68 640
5 68 527 68 189 68 189 68 189 68 189 68 189
5 68 81 68 5 189 68 5 189 68 5 189
43 158
261 86 68 527 68 607 158 68 607 158 68 607 158 68 397 68 397 68 397 68 397 68 397 68 397 68 189 68 189 68 397 68 607 158 108
189 68 85 359 68 158 108 68 550 158 118
503 158
43 158 68 550 501 85 68 189 108 68 19 85
607 158 68 81 68 189 68 189 68 607 158 68 607 158 68 5 189 68 189 68 189 68 189 68 189
261 86 68 261 86
503 189 68 569 68 569 68 569 68 569 68 569 68 569 68 85 359
479 68 517
211 68 339 68 569 68 569 68 569 68 569 68 569 68 569 68 569
370 68 5 68 81 68 189 68 19 85 68 19 85 68 517 68 19 85 68 158 118
370 68 5 68 81 68 189 68 241 68 569 68 241 68 241 68 569 68 189 211
503 189 68 550 501 68 397 68 397 68 397 68 397 68 397 68 397 68 397
527 68 5 68 5 189 68 5 189 68 5 189
189 68 85 359 68 158 108 68 550 158 118
5 68 288 68 19 85 68 241 68 241 68 430 199
564 68 158 108 68 569 68 189 68 19 85 68 569 68 569 68 569 68 569
240 299 299
261 86 68 607 158 68 607 158 68 607 158 68 607 158 68 5 68 5 68 5 68 5 68 607 158 68 189 68 189 68 607 158 68 5 189 68 607 158 68 5 68 607 158 68 5 189 550 501 68 5 68 5 68 5 189 68 5 189 68 5 189 68 5 189 68 5 189 68 607 158 68 5 68 5 68 5 68 5 68 5 68 5 68 5 68 5 68 5 68 5 68 5 68 5 68 86 68 86
85 4 258 68 158 108
240 51 86 68 640
501 68 517 68 501 68 517 68 569 68 569 68 517
5 68 81 68 5 68 607 158 68 241 68 430 199 68 430 199
503 158 68 527 68 397 68 397 68 569 68 569 68 569 68 569 68 569 68 569
189 68 5 68 5 189 68 5 189 68 397 68 5 189 68 397
527 68 607 158 68 607 158 68 189 68 189 68 607 158 68 189 68 189 68 189 68 189 68 189
261 86 68 607 158 68 189 68 19 85 359 68 569 68 189
359 68 5 68 189 68 189 68 189 68 569 68 569
149 389 158 108
543 389 158 68 527 68 5 68 5 68 189 68 189 68 189 68 569 68 189 68 189 68 189
189 68 527 359 68 189 68 189
5 68 370 68 5 68 5 68 81 68 569 68 189 68 569 68 569 68 189
397 68 569 85 359
43 158 68 517 68 607 158 68 607 158 68 607 158 68 517
261 86 68 81 68 189 68 189 68 189 68 569 68 517
189 68 501 68 189 68 189 68 189 68 189
503 189 68 158 108 68 569 68 569 68 569 68 569 68 569 68 569 68 569
517
607 158 68 550 158 543
189 85 299 68 158 108 68 189 68 189 68 389 158 118
189 240 51 86
503 189 68 158 108 68 607 158 68 5 68 189 68 5 189 68 189
189 211 359 68 430
43 158 68 5 189
569 68 189 68 189 68 189 68 189 68 19 85 359
261 86 68 607 158 68 607 158 68 241 68 640
527 68 5 68 607 158 68 5 68 607 158 68 607 158 68 5 68 397 68 189 68 189 68 189 68 189 68 189 68 189 68 189 68 607 158 118
501 85 68 517 68 517
283 68 5 68 5
527 68 607 158 68 397 68 397 68 241 68 569 68 517 85
405 240
19 85 359
370 68 5 68 5
211 543 68 517 68 517
503 189 68 5 68 5 68 5 68 189 68 189 68 5 189 68 569 68 189 68 189
43 158 68 527 68 5 68 189 68 241 68 607 158 108 68 241 68 397 68 189 68 64 211 108
261 86 68 124 68 189 68 397 68 397 68 397
607 158 68 527 68 189 68 189 68 189 68 189
527
321 359
85 359
197 86 211
283 68 550 501 68 397 68 397 68 241 68 241 68 241 68 397 68 397
158 108 68 5 189 68 241 68 241
43 158 68 189 68 189
261 86 68 5 68 5 68 5 68 397 68 397 68 5 189 68 397
261 86 68 5 68 189 68 189 68 170 108 68 189
158 108 68 569 68 64 211 108 68 158 118
189 68 43 158 68 189 68 189 241 430 199
43 158 68 370 68 149
240 299 68 241 68 241
607 158 68 607 158 68 607 158 68 607 158
240 194
503 189 68 517 68 189 68 189 68 405 85
189 68 19 85 68 607 158 68 607 158 68 189 68 189 68 550 158 108 68 189 68 64 211 108
283 68 158 108 68 158
503 158
430
64 211 108 68 241 68 241 68 241 68 241 68 240 211 108
211 68 158 108 68 158 108 68 158 108 68 158 108 68 158 108 68 158 108
405 85
283 68 550 501 68 397 68 397 68 241 68 241 68 241 68 241 68 241 68 189
503 158 108 68 607 158 68 397 68 397 68 397 68 397 68 397 68 397 68 569 68 569
43 158 68 527 68 607 158 68 5 68 397 68 397 68 397 68 397 68 397 68 397 68 397 68 397 68 397 68 397 68 397 68 397 68 550 501 85 550 501 68 550 501 68 607 158 118 68 550 501 85 152 550 158 118 68 430 68 430 68 550 158 118 68 189 68 5 189 550 501 68 430 68 430 149 68 430 68 158 118 68 430 194 487 359 68 397 68 397 68 397 68 86 68 397 68 86 68 86
607 158 68 607 158 68 607 158 68 189 68 189 68 189
261 86 68 241 68 5 189 68 241
241
397 68 550 158 118
370 68 5 68 241 68 241
189 68 607 158 68 5 68 241 68 569 68 569 68 517 68 517 68 517
503 158 108 68 370 68 5 68 5 108
501 85 359 389 85
261 86 68 550 501 68 517 68 517 68 517
211 543 211 108
43 158 68 607 158 68 607 158 68 607 158 68 607 158 68 5 68 517
569 68 64 211 108 68 189 68 158 108 68 64 211 108
607 158 68 189 68 397 68 397 68 397 68 397 68 397 68 397 68 397
261 86 68 5 68 569 68 569 68 569
321
564 68 158 68 189 68 158 108
607 158 68 81 68 543 68 405
19 85 68 5 68 569 68 189 68 569 68 569 68 569
283 68 19 85 68 569 68 241 68 241 359
503 158 108
43 158 68 527 68 189 68 607 158 68 397 68 569 68 569 68 569 68 397
569 68 527 68 5 68 5 68 189 68 189 68 189 68 189 68 189 68 189
261 86 266 158 118
283 68 5 68 5 68 189 68 241 68 5 189 68 5 189 68 189
283 68 19 85 68 189 68 19 85 68 79 430
5 68 397 68 397 68 5 189 68 397 68 5 189 68 5 189 68 397 68 189 68 189
397 68 85 359 68 5
283 68 569 68 569 68 569 68 569 68 569 68 569 68 85 359
607 158 68 5 68 397 68 397 68 241 68 397 68 397 68 397 68 397 68 397 68 241 359
5 68 397 68 359
397 68 241 68 189
564
517 68 5 189 68 85 359 389 85 359
261 86 68 550 501 68 607 158 68 43 158 68 43 158 68 517
5 68 527 68 81 68 189 68 189 68 19 85 68 189 68 19 85 68 189 68 189 68 189
261 86 68 607 158 68 607 158 68 241 68 607 158 68 397 68 397
261 86 68 339 68 339 68 569 68 569 68 569 68 569 68 569 68 569
43 158 68 527 68 5 68 397 68 569 68 569 68 517 85 359
240 68 19 85 359 68 397
64 211
43 158
607 158 68 5 68 5 68 5 68 607 158 68 607 158 68 5 68 397 68 189 68 189 68 189
51 86 68 5 189
189 149
43 158 68 64 211
607 158 68 527 68 607 158 68 607 158 68 607 158 68 339
283 68 370 68 5 68 5 68 370 68 370 68 5 68 19 85
189 68 607 158 68 607 158 68 607 158 68 607 158 68 189
240 211 359
607 158 68 527 68 5 68 5 68 517 68 517 68 517 68 517 68 517 68 64 211 108 68 64 211 108 68 517 68 517 68 607 158 108 68 550 501 68 550 501 68 550 501 68 550 501 68 550 501 68 430 68 550 501 68 550 501 68 550 501 68 430 149 550 501 68 550 501 68 430 68 430 149 68 430 68 158 108 68 430 68 430 68 158 108 68 430 68 189 68 86 68 86 68 86 68 86 68
211 68 81 68 189 68 189 68 5 189 68 189 68 189 68 189 68 189 68 189 550 158 118
569 68 550 501 68 517 68 517 68 517
564 68 5 68 569 68 397 68 241 68 569 68 569 68 517 85
240 550 158 108
339 68 517 68 517 68 517 68 517 68 517
241 359
479 85 4 258 85
5 68 288 68 397 68 397 68 397 68 397 68 397 68 397
569 85 359
564 68 5 68 81 68 189 68 405 68 405
283 68 569 68 19 85
81 68 5 68 81
527 68 158 68 607 158 68 189 68 189 68 189 68 158 118
569 68 85 359 68 158 108
51 86 68 370 68 5 189
189 68 189 68 569 68 189 68 569 68 569 68 240 211
261 86 68 5 68 5 68 5 68 5
5 108 68 517 85
607 158 68 81 68 189 68 189 68 189 68 189 68 5 189 68 189 68 189 68 189 550 501 85
261 86 68 550 501 68 607 158 68 43 158 68 43 158 68 517
85 359
370 68 5 68 81 68 189 68 85
5 68 527 68 81 68 189 68 189 68 189 68 189 68 241
211 543
189 68 550 501 68 397 68 397 68 397
503 158 108
283 68 5 68 5 68 5 68 241 68 241 68 5 189
339 68 607 158 68 607 158 68 607 158 68 607 158 68 550 158 68 19 85 359 68 189 68 607 158 68 189 68 189 68 607 158 108 68 607 158 68 607 158 108 68 550 158 189 550 501 68 550 501 68 430 149 550 158 189 550 158 189 550 158 189 550 158 189 68 158 189 149 550 158 149 68 158 149 68 158 108 68 158 149 68 158 68 158 108 68 158 68 158 68 158 68 158 68 158 68 158 68
261 85 359
158 108 68 569 68 569 68 241 68 569 68 569 68 517 85 68 569 68 64 211 108
85 389 158 118
607 158 68 81 68 189 68 189 68 189 68 189 68 189 68 189 68 189 68 189
607 158 68 527 68 5 68 5 68 397 68 397 68 5 68 241 68 397 68 64 211 108
64 211 108 68 569 68 241 68 241 68 569 68 240
550 158 68 339 68 430
189 68 5 68 607 158 68 5 68 5 68 5 68 5 189 68 241 68 189 68 189 68 189 68 189
261 86 68 5 68 5 68 5
607 158 68 81 68 189 68 189 68 189 68 189 68 189 68 189 211 108
43 158 68 517 68 5 68 5 68 517
397 68 397
43 158 68 517 68 5 189
189 68 5 189 68 405 108
261 86 68 339 68 339 68 339 68 569 68 569 68 569 68 85
211 543
564
43 158 68 550 501 68 397 68 397 68 397 68 397 68 189 68 397 68 189 68 189 550 501 85 359
359 68 397
43 158
607 158 68 81 68 517 68 5 68 517
261 86 68 5 68 5 68 5 68 397 68 397 68 5 68 397
503 189
607 158 68 527 68 5 68 5 68 5 68 5 68 5 68 5 68 397 68 189 68 189 68 189 68 189
501 68 527 68 81 68 189 68 189 68 189
564 68 5 68 5 189 68 5 189 68 189
240 389 158 108 68 158
607 158 68 527 68 189 68 189 68 189 68 189 68 241 68 241 68 241 430 199
527 68 5 68 5 68 5 189 68 5 189
240 389 158 68 405 108 68 5
189 68 607 158 68 501 68 64 211 108
240 211 74
43 158 108
64 211 108 68 19 68 607 158 68 19 85 68 607 158 68 19 85 68 189 68 189 68 550 158 108 68 189 68 189 68 607 158 108 68 550 158 118 68 158 108 68 158 118 68 607 158 118 68 430 149 550 158 189 550 158 189 550 158 189 550 158 189 149 550 158 189 149 550 158 189 149 68 158 149 68 158 149 68 158 118 68 158 118 68 158 118 68 158 68 158 68 158 118 68 189 68 189 68
5 68 5 189 68 189
503 158 108
5 108 68 241 68 640
569 68 527 68 81 68 189 68 189 68 189 68 189 68 189 68 569 68 189 68 189 550 501 85 359
607 158 68 19 85 68 607 158 68 607 158 68 607 158 68 19 85 68 158 68 158 68 158 118
189 68 189 68 5 189 68 241 68 241 430 149 68 241 430 199
261 86 68 124
231 240
607 479 68 550 501 68 397 68 241 68 241 68 241 430 68 241 430 68 241 430
283 68 158 108 68 19 85 68 189 68 19 85 68 19 85 68 19 85
261 86 68 5 68 5 68 5 68 607 158 68 397
607 158 68 81 68 189
43 158
240 258 85
569 68 517 68 517 68 517
503 189 68 5 68 5 68 5 68 5 68 261 86 68 5
158 108 68 370 68 5 68 5 68 81
189 68 607 158 68 607 158 68 607 68 607 158 68 607 158 68 550 158 68 189 68 607 158 68 607 158 68 607 158 68 607 158 68 607 158 68 607 158 68 607 158 68 607 158 68 607 158 68 5 189 68 5 189 68 607 158 68 5 189 68 5 189 68 607 158 68 607 158 68 607 158 68 607 158 68 607 158 68 607 158 68 607 158 68 607 158 68 189 68 189 68 189 68 189 68 189 68 189
189 68 607 158 68 5 68 5 68 81 68 5 68 5 68 517 68 517 68 517 68 5 189 68 517
607 158 68 607 158 68 607 158 68 550 501 68 64 211 543
261 86 68 370 68 607 158 68 607 158 68 607 158 68 158 108
261 86 68 124 68 607 158 68 5 68 241 68 241 68 5 68 241 68 397 68 397 68 241 359
43 158
370 68 5 68 5 68 397 68 397 68 397 68 397 68 397 68 397 68 397
211 240 211
607 158 68 527 68 607 158 68 189 68 607 158 68 189 68 189 68 189 68 189 68 550 501 85 359
503 158
189 68 550 501 68 189 68 189 68 189 68 211 543 211 108
321 247 85 68 158 108 68 19 85 359
503 189 68 158 108 68 607 158 68 158 108
5 189
276 85 68 64 211 108
607 155 68 397 68 397 68 397 68 397 68 397 68 397 68 397 68 397
283 68 158 118 68 170
607 158 68 81 68 189 68 607 158 68 569 68 569 68 569 68 569 68 569 68 569 68 569 68 569 68 189
501 85
5 68 81 68 189 68 189 68 189 68 189 68 189 68 189
189 550 158 118 68 189 68 189
288 68 158 108 68 189 68 189
51 86 68 5 189
64 211 108 68 19 85 68 240 68 240
283 68 569 68 569 68 569 68 569 68 569 68 569 68 85 359
607 158 68 607 158 68 607 158 68 240 68 240 211 108 68 240 211 108 68 240 211 68 240 550 158 68 240
503 158 359
43 158 68 527 68 5 68 5 68 5 68 607 158 68 5 68 189 68 397 68 189 68 189
241 68 189 68 19 85
397 189
527
43 158 68 527 359 68 607 158 68 607 158 68 607 158 68 397 68 397 68 189 68 189 68 189 68 189 68 189
211 85 359
607 158 68 397 68 397 68 397 68 397 68 397 68 397 68 397 68 397
607 158 68 81 68 5 189 68 5
359 68 569 68 607 158 68 607 158 68 607 158 68 517 68 397 68 397 68 397 68 397 68 189
503 158 108 68 607 158 68 397 68 397 68 397 68 397 68 397 68 397 68 569 68 569
155 149 550 158 149
283 68 569 68 569 68 569 68 569 68 569 68 569 68 85 359
211 543 211
503 189 68 569 68 5 189 68 5 68 5 189 68 5 189
569 68 85 359
501 68 527 68 607 158 68 397 68 397 68 397 68 517 68 397 68 397 68 64 211 108
339 68 550 501 68 64 211 108 68 19 85 68 64 211 108 68 19 85 68 64 211 108 68 64 211 108 68 64 211 108
149
261 86
339
43 158 68 550 501 68 189 68 607 158 68 607 158 68 64 211 108
261 86 68 124
5 68 81 68 19 85 68 189 68 19 85
527
5 189 85 359
503 189
189 68 19 85 68 607 158 108 68 569 68 569 68 569 68 19 85 68 569 68 569 68 569 68 569
607 158 68 189 68 189
241 359
5 189 68 241 149
261 86 68 261 86
197 85
569 68 5 189 68 189 68 189 68 189 68 189 211 108
64 211 108 68 517
5 68 81 68 19 85 68 607 158 108 68 430 68 430 199
211 68 19 85 68 19 85 68 19 85 68 569 68 19 85
503 158
189 68 550 501 68 5 189 68 5
43 158 68 607 158 68 607 158 68 607 158 68 607 158 68 517
607 158 68 527 68 607 158 68 607 158 68 64 211 68 64 211 108
321 247
527 68 5 68 5 68 5 68 397 68 397
564 85
19 85 68 607 158 68 397 68 19 85 68 19 85 68 19 85 68 397 68 397 68 64 211 108
527 68 5 68 81 68 189 68 189 68 569 68 517 85
261 86 68 527 68 607 158 68 5 68 189 68 517 68 517 85 68 189 68 569 68 189
240 68 241 68 19 85 68 189 68 19 85
211 108 68 430 68 430 199 108 68 240
189 85 389 158 108 68 189 68 240 389 158 118
261 86 68 124
501 85 359
85 4 240 359
607 158 108 68 43 158 108 68 43 158 108
43 158 68 607 158 68 607 158 68 607 158 68 607 158 68 517 68 64 211 108
189 68 158 108 68 430 68 569 68 85 359
359 389 158 108 68 5 189 68 5 189
607 158 68 527 68 5
288 68 569 68 569 68 569 68 241 68 569 68 569 68 569 68 85 359 389 85 359
5 68 189 68 189 68 189 68 189 68 189
527 68 5 68 81 68 189 68 5 189 68 5 189 68 5 189 68 5 189 68 5 189 68 5 189
607 158 240 550 158
85 4 258 149 68 430 149
503 189 68 19 85 68 607 158 68 607 158 68 607 158 68 64 211 108 68 189 68 64 211 108
5 68 81 68 158 108 68 607 158 68 607 158 68 5
43 158 68 527 68 5 68 189 68 189 68 189 68 64 211 108
240 211 68 405 108
5 68 5 68 253 68 241 68 241 68 569 68 569
43 158 68 517 85 68 158 108
189 68 5 189 68 19 85 68 19 85 68 569 68 19 85
283 68 5 189
211 543 68 405 108
503 158 68 19 85 68 607 158 68 569 68 569
85
397 68 397 68 397 68 397 68 397 68 397 68 397 68 397 68 397
283
43 158 68 517 68 158 108 68 158 108 68 158
43 158 108 68 550 501 68 189 68 19 85 68 189 68 19 85
240 299
189 68 607 158 68 607 158 68 607 158 68 607 158 68 550 158 68 550 158 68 189 68 550 158 68 607 158 68 607 158 68 607 158 68 607 158 68 607 158 68 550 158 68 607 158 68 607 158 68 430 68 5 189 550 158 68 607 158 68 158 68 158 189 68 158 189 68 158 189 68 158 68 158 149 68 607 158 68 607 158 68 158 68 158 68 158 68 189 68 189 68 189 68 189 68 189 68 189
261 86
240 550 158 118
158 108 68 370 68 19 85
503 189 68 158 108 68 607 158 68 19 85 68 19 85
527 68 5 68 5 189 68 5 189
5 68 397 68 517
569 68 569 68 569 68 569 68 569 68 569 68 569 68 569 68 569 68 569 68 569 68 569
43 158
85 359
64 211
406 158 118
503 158 68 527 68 607 158 68 5 68 397 68 397 68 397 68 397 68 397 68 189 68 189
607 158 68 527 68 607 158 68 607 158 68 607 158 68 189 68 189 68 189
430 108
527 68 607 158 68 607 158 68 607 158 68 607 158 68 5 68 241 68 241 68 189 68 189 68 189 68 189 68 189 68 189 241 430 199
503 158
64 211 108 68 189 68 189 68 569 68 569 68 569 68 569
189 68 5 68 85 359
189 68 607 158 68 5 189 68 397 68 397 68 397 68 397 68 397
43 158 108 68 550 158 149 68 19 85
189 68 607 158 68 607 158 68 607 158 68 430 68 517
189 68 607 158 68 607 158 68 607 158 68 607 158 68 189 68 569 68 189 68 189
261 86 68 527 68 189 68 189 68 189 68 189 68 640
241 68 517 68 517 85
64 211 108 68 430 68 241 68 241 68 241 430 199
607 158 68 527 68 607 158 68 607 158 68 607 158 68 81
607 158 68 5 68 5 68 5 189 68 5 189
43 158 108
108 68 517
43 158 68 517 68 517 359 68 517
564
5 189 68 405 68 405 189
241 68 569 68 569 68 5 68 397 68 5 68 517 68 517 68 517 68 397 68 397 68 397 68 397 68 189
527 68 607 158 68 607 158 68 607 158 68 607 158 68 5 68 211 68 211 68 189 68 550 158 68 189 68 189 68 189 68 607 158 189 550 158 189 211 543 211 543 211 152 550 501 68 550 501 68 5 189 68 5 189 68 550 158 189 550 158 189 211 189 68 158 189 68 158 189 68 158 108 68 158 108 68 158 108 68 158 68 158 68 158 68 158 68 607 158 68 158 68 189 68 189 68 158 68
607 158 68 81 68 149
19 85 68 64 211 108 68 569 68 158 108
607 158 68 550 501 68 189 68 189 68 189 68 189
5 189
283 68 607 158 68 397 68 397 68 397 68 397 68 397 68 397 68 397 68 397 68 189 68 397 68 397 68 397
189 68 607 158 68 607 158 68 189 68 550 501 68 189 68 550 158 108
569 68 569 68 19 85 68 158 108 68 569 68 569 68 19 85 359 68 569 68 569 68 569 68 569 68 569 68 569 68 569 68 569 68 158 118
189 68 607 158 68 607 158 68 607 158 68 607 158 68 517
64 211 108 68 241 149
261 86 68 5 68 5 68 5 68 5 68 607 158 108 68 5 68 5 189 68 5 189 68 5 189 68 189 68 189 68 607 158 108 68 5 189 550 158 118 68 550 158 118 68 5 189 550 501 68 5 189 550 158 149 550 158 149 550 158 149 550 158 149 550 158 149 550 158 149 68 5 189 68 158 149 68 5 68 5 68 5 189 68 5 68 158 118
569 68 85 359 68 430
607 158 68 527 68 189 68 607 158 68 527 359 68 397 68 397 68 397 68 397 68 189 68 189 68 189
607 158 68 607 158 68 189 68 189 68 189 68 189 68 189 550 158 118
564 68 19 85 68 189 108 68 569 68 85
240 51 86 68 240 211 543
189 68 517 68 569 68 569 68 569 68 569 68 569 85 359
64 211 108 68 19 85 68 397 68 19 85 68 19 85 68 19 85
85 359 258 85
240 550 158 108
85 359
283
430 299
569 68 158 108 68 158 68 607 158 68 607 158 68 607 158 68 569 68 569 68 569 68 569 68 189
43 158 68 43 158
189 68 5 68 397 68 397 68 397 68 397 68 397 68 397 68 397
189 68 607 158 68 5 189 68 5 189 68 5 189 68 5 189
569 211 543 389 158 118
189 68 607 158 68 517 68 397 68 85 68 397 68 517 85 359 68 397 68 569 68 569 68 569 68 517
339 68 240 359
189 68 339 68 339 551 68 339 68 85 359
5 108
503 189 68 5 68 5 68 397 68 569 68 569 68 569 68 569
5 189
81
85 359
503 158
503 189
261 86
43 158
43 158
51 86 68 5 189 68 5 189
64 211 108 68 430 68 517
189 85
607 158 68 607 158 68 607 158 68 607 158 68 607 158 68 550 158 68 189 68 189 68 189
5 68 569 68 517
85 4 85
397 68 241 68 640
397 68 550 501 68 189 68 189 68 189 68 189 68 189
607 158 68 5 68 517 68 397 68 569 68 569 68 569 68 569 68 569
501 68 527 68 607 158 68 607 158 68 607 158 68 607 158 68 607 158 68 189 68 527 359 68 607 158 68 189 68 607 158 68 607 158 68 607 158 68 607 158 68 607 158 68 607 158 68 607 158 68 607 158 68 158 68 158 68 158 68 158 68 158 68 158 68 158 108 68 607 158 68 158 108 68 158 68 158 68 158 68 158 68 158 68 158 68 158 68 158 68 158 68 158 68 158 68 158 68
43 158 68 550 501 68 189 68 189 68 189 68 189 68 189 550 158 118
359 211 68 607 158 68 189 68 189 68 189 68 189 68 189
43 158 108
5 68 189 68 189 68 189 68 241 68 569 68 189 68 517 85 68 189 211 240 211
283
43 158
527 68 607 158 68 607 158 68 81 68 189 68 189 68 189 68 550 158 68 189 68 189 68 189
241 68 517 68 189 68 189 68 19 85 68 189 68 189
5 68 397 68 241 68 241
321 247
43 158 68 240 359
261 86 68 261 86
189 68 5 68 81 68 189 68 189 68 189 68 189 68 5 189 68 189
189 68 81 68 189 68 189 68 331 149
85 4 240 359
5 68 607 158 68 607 158 68 5 68 241 68 241 68 397 68 397 68 397 68 189 68 189 68 189
479 85 611 85
283 68 158 108 68 430 68 339 68 550 158 118
211 199
527 68 81 68 189 68 189 68 189 68 189
261 86 68 5 68 5 68 5 68 189 68 189 68 189
607 158 68 19 149
569 68 189 68 189 68 189 68 19 85 68 19 85 68 19 85
503 158 68 19 85 68 5 68 397 68 397 68 517
213
430 149 550 158 118
