405 85
261 86 68 5 68 370 68 370 68 397 68 397
405
149 550 158 108 68 365 430 149
5 68 569 68 569 68 189 68 517 68 517
370 68 5 68 241 68
430 199 68 124 68 124 68 569 68 85 359
43 158 85 359
564 68 87 449
607 158 68 19 85 68 569 68 241 68 241 68 241 68 241 68 241 68 189 68 241 68 241 68 241 68 241 68 241 68 241 68 189 108
397 68 359
189 68 124 68 5 189 68 5
43 158 68 158 68 564 68 397 68 569 68 189 68 189 68 569 68 189 68 189 68 158 108
527 68 607 158 68 81 68 189 68 85 359 68 569 68 158 108
283 68 189 68 5 68 81 68 189 68 189 68 189 68 189 68 149
283 68 550 158 108 68 397 68 550 158 108
70 158 68 158
5 68 527 68 189 68 189 68 189 68 189 68 189 68 189 68 189 68 189
240 211 108
405 68 405 85 359
397 85 359
211 543
261 86 68 5 68 85 68 85
397 68 527 68 405 68 189 68 569 68 189 68 189 68 189 68 85 359
406 158
197 86 68 158 108 68 189 68 189
569 68 158 108 68 189 68 189 68 189 68 158 108 68 158 108
5 189 68 550 158 149 68 430
79 339
64 211 68 607 158 68 550 158 68 405 68 607 158 68 607 158 68 607 158 68 607 158 68 607 158 68 607 158 68 607 158 68 607 158 68 607 158 68 607 158 68 550 158 68 607 158 68 550 158 68 211 543 211 108 68 607 158 68 211 108 68 607 158 68 607 158 68 607 158 68 607 158 68 607 158 68 607 158 68 607 158 68 607 158 68 607 158 68 607 158 68 607 158 68 607 158 108 68
43 158 68 5 68 149 68 189 68 189 68 149 389 158 68 189 68 149
240 152
564 68 158 108 68 569 68 569 68 569 68 569 68 569 68 569 68 569 68 550 158 108
283 68 158 108 68 189 68 158 108 68 189 68 189 68 430
79 158 240
211 240
87
5 68 258 68 81 68 189 68 430 68 189 68 430 68 189 68 430 68 430
153 108 68 158 108 68 397 68 397
607 479 68 189 68 569 68 189 68 85 359 68 189 68 189 68 19 85
64 211 108 68 569 68 19 85 68 569 68 569 68 19 85 68 19 85
607 158 68 359 68 405 68 189 68 149 68 189 68 189 68 149
550 501 68 517 85
4 258 68 517
245 449
87 68 81 68 5 68 189 68 189
261 86
5 68 527 68 550 501 68 158 108 68 189 68 189 68 189 68 158 108
189 68 158 108 68 517
607 158 68 158 108
189
5 68 189 68 569 68 569 68 569
189 68 339 68 189 68 189 68 158 108
189 68 5 68 550 501 68 397 68 430 149 68 430
527 68 569 68 569 68 158 108 68 189 68 85 389 158 108 68 64 211 108 68 189 68 19 85 359 68 19 85 68 19 85 68 189 68 189 68 189 68 189 68 189 68 189 68 19 85 359 68 19 85 68 19 85 68 19 108 68 19 85 68 19 108 68 189 68 19 108 68 19 108 68 569 68 19 108 68 189 68 19 108 68 19 85 68 19 85 68 19 108 68 19 108 68 19 108 68 189 68
241 359 389 85 359
607 155 68 64 211
283 68 158 108 68 607 158 68 517 68 43 158 68 189
189 68 397 68 397 68 189 68 397
607 158 68 258
611 152
430 405
64 211 149
64 211
64 211 108 68 5 68 430 68 430
527 68 607 158 68 607 158 68 397 68 430 68 397 68 430
261 86 68 5 68 68 189 68 339 68 569 68 189 68 85 359
240 152
5 68 569 68 5
503 189
87 359
430 359
527 68 607 158 68 81 68 189 68 430 68 189 68 189 68 189 68 189
51 86 68 501 68 5
5 85
607 479 68 527 68 5 68 189 68 189 68 189 68 430 68 430 68 189
430 68 550 158 108 68 189 68 189 68 189
527 68 569 68 569 68 569 68 189 68 569 68 189
564 68 607 158 68 607 158 68 607 158 68 607 158 68 87
19 85 68 64 211 108 68 189 68 189 68 189 68 85
189 68 5 68 370 68 189 68 189 68 189 68 189 68 189 68 189 68 189
283 68 569 68 569 68 189 68 189 68 189 68 189
397 68 517 68 517 68 517 68 517
19 85 68 569 68 85 68 85 68 85 359 68 569 68 85 359 550 158 108 68 85 359 68 19 85 359 68 19 85 68 569 68 189 68 241 68 19 85 68 19 85 68 19 85 68 19 85 359 68 19 85 68 19 85 68 19 108
370 68 405 68 189 68 149
189 68 405 199 68 189 68 189
283 68 19 85 68 64 211 108
87 68 569 68 550 158 108 68 430 149 68 430 68 430
430 85
607 158 68 527 68 607 158 68 527 68 397 68 397 68 189 68 189 68 189 68 189 68 189 68 189 68 158 108
189 68 5 68 85 68 85 152 68 85 152 68 85 389 158 108
370 68 5 68 81 68 189 68 64 550 501 68 64 211 108
87 68 87 68 87
85 365 430 199 68 517 85
283 68 405 68 405 68 189 68 64 211 108 68 189 68 189 68 64 211 108
5 189
189 68 81 68 397 68 397 68 397 68 397 68 397
611 85
370 68 5 68 370 68 189 68 19 85 68 397 68 189 68 189 68 189 68 189
397 68 370 68 397 68 64 211 108 68 64 211 108
231 240
564 68 158 108 68 5 68 189 68 430 68 569 68 189 68 430 199
397 68 241 68 189 68 189 68 189 68 189 68 189 68 241 359 550 501
5 68 258 149 68 569 68 569 68 569 68 189
611 240
261 86 68 370 68 607 158 68 607 158 68 397 68 397 68 569 68 397 68 189 68 241 68 397 68 241 68 569 68 189 68 189 68 189 68 397 68 189 68 19 85 68 569 68 19 85 68 569 68 569 68 189 68 241 68 241 68 19 85 68 19 85 68 19 85 68 19 85 68 189 68 569 68 189 68 189 68 550 158 108 68 19 85 68 19 85 68 241 68 241 68 241 68 569 68 19 85 68
651 123 68 241 68 85 359 68 85 359 389 158 108
108 68 430 68 5 68 85 51 86
189 405 359
283 68 158 108 68 607 158 68 397 68 397
43 158 68 64 211 108 68 517 68 517
527 68 5 68 5 68 261 86
607 479 68 550 158 68 607 158 68 607 158 68 607 158 68 550 158 68 607 158 68 43 158 68 607 158 68 607 158 68 607 158 189 68 607 158 108
64 211 108 68 241 68 339
197 86 68 5 68 158 108
527 68 5 68 158 108 68 569 68 569 68 569 68 189 68 430 68 569 68 19 85 359 68 158 108
64 211 68 607 158 68 607 158 68 607 158 68 607 158 68 64 211 68 607 158 68 64 211 108
517 85
651 123 68 189 68 64 211 108
339
261 86 68 245 258 68 189 68 189 68 430 68 189 68 189 68 189 68 189 68 189
283 68 158 108 68 607 158 68 607 158 68 607 158 68 607 158 68 607 158 68 607 158 68 607 158 68 607 158 68 607 158 108
5 68 258 149 68 241 68 189 68 430 68 85 359 389 158 108
283 68 640 68 5
564 68 607 158 68 607 158 68 81 68 189 68 189 68 189 68 569 68 189 68 19 85 359
261 86 68 158 108 68 5 189 68 331 149
607 158 68 5 68 189 68 189 68 158 189 68 158 189
397 68 241 68 241 68 189
607 339 68 550 85 359
261 86 68 158 108 68 158 108 68 607 158 68 607 158 68 64 211 108
87 449 68 430 68 430 149
19 85 68 365 430 149
370 68 5 68 370 68 189 68 189 68 64 211 108
389 158 359
149 550 158 108
564 68 158 108 68 569 68 517 68 517 68 517
87 68 283 68 5 68 149 68 189 68 430 68 569 68 430 68 189 68 189 68 189
189 68 5 68 397 68 569 68 569 68 569 68 569 68 397 68 397 68 189 68 189 68 189 68 569 68 569 68 397 68 189 68 189 68 397 68 189 68 189 68 189 68 397 68 189 68 397 68 397 68 397 68 397 68 397 68 189 68 189 68 189 68 189 68 189 68 397 68 189 68 189 68 397 68 189 68 189 68 189 68 189 68 189 68 189 68 189 68 189 68 189 68 189 68 189 68 189 68
240 550 158 85
417
64 211 108 68 189 68 158 543 211 108
189 68 158 108 68 189 68 158 108 68 189 68 158 211
564 68 607 158 68 81 68 5 68 85
283 68 5 68 370 68 370 68 397 68 397 68 397 68 640
189 68 64 211 68 607 158 68 19 85 68 569 68 189 68 19 85 68 189 68 189 68 19 85 68 569 68 19 85 68 189 68 189 68 19 85 68 189 68 19 85 68 19 85 68 19 85 68 19 85 68 19 85 68 19 108 68 19 108 68 19 108 68 19 108 68 19 108 68 19 68 241 68 19 68 189 68 19 68 19 68 19 68 19 68 19 68 607 158 108 68 19 108 68 607 158 108 68
564 68 158 108 68 607 158 68 607 158 68 397 68 397 68 19 85 359 68 189 68 19 85 359 68 19 85 68 19 85 68 189 68 189 68 189 68 189 68 158 108 68 397 68 189 68 550 158 108 68 397 68 19 85 68 397 68 19 85 68 550 158 108 68 550 158 108 68 550 158 108 68 550 158 108 68 189 68 158 108 68 19 85 68 550 158 108 68 19 85 68 19 108 68 19 108 68 19
5 68 85 4 85 68 85 359
577 68 517 68 85 359 68 85 359
189 68 283 68 339 68 569 68 569 68 569 68 569 68 569 68 569 68 189
189 68 158 108 68 189 68 189 68 170 108
43 158
607 158 68 81 68 5 68 189 68 64 211 108
607 479 68 550 501 68 397 68 189 68 569 68 189 68 19 85 359
189 68 158 108 68 189 68 189 68 241 359 389 158 108
189 68 64 211 108 68 517 68 189 68 189 68 189 68 189 68 189 68 189
527 68 5 68 81 68 189 68 189 68 149 550 158 108
197 86
5 108 68 405 68 543
339 68 397 68 569 68 158 108 68 158 108 68 158 108 68 158 108
527 68 397 68 19 85 68 64 211 108 68 64 211 108
359 389 479
189 68 5 68 189 68 189 68 64 211 108 68 189 68 64 211 211 108
85 550 158 108 68 158 108
189 68 158 108 68 397 68 517 68 517 68 517 68 517 68 517
241 68 158 108 68 189 68 149 550 158 108
564 68 607 158 68 397 68 569 68 569 68 569 68 569 68 569 68 569
365 152
85 430 359 389 158 85 359
85 68 85 359 68 5 68 85 51 86 108
5 68 258 149 68 517 68 517 68 517 68 517 68 517 68 517 68 517
70 158 68 158 108 68 189 68 70 158
607 68 5 68 550 501 68 189 68 241 68 241 68 241 68 241 68 241 68 158 108
64 211 68 189 68 189 68 189 68 189 68 189 68 189
564
288 68 189 68 189 68 64 211 108 68 569 68 85 359
569 68 189 68 81 68 189 68 189 68 189 68 189
607 158 68 108 68 189 68 189 68 64 211 108
79 359 68 64 211 108
607 158 85 359 68 569 68 19 85
19 85 68 339 68 550 339
607 155 68 347 158 68 397
405 85
607 158 68 550 501 68 397 68 569 68 569 68 430 199
189 68 5 68 189 68 189 68 189 68 189 68 189 68 189 68 189 68 189 68 189 68 158 108
153 68 158 108 68 189 68 189 68 189 68 189 68 189 68 189 68 189 68 189
241 359
189 68 64 211 108 68 189 68 189 68 189 68 189 68 189 68 189 68 189
607 158 68 81 68 397 68 397 68 397 68 397 68 189 68 189 68 189 68 189
189 68 550 501 68 397 68 158 108 68 397 68 241 68 241 68 241 68 189 68 241 359 389 158 108
283 68 158 108 68 607 158 68 397 68 397
261 86 68 189 68 397 68 397 68 397 68 397
550 158
43 158 68 258 149
569 85 359
5 108
240 211 108
87 68 158 108 68 397 68 569 68 430 68 569 68 430 199
607 158 68 527 68 607 158 68 607 158 68 397 68 5
64 211 108 68 5 68 85 68 85
189 68 158 108 68 517 68 517 68 517 68 517
607 158 68 527 68 607 158 68 81 68 607 158 68 607 158 68 607 158 68 607 158 68 607 158 68 607 158 68 607 158 68 607 158 68 108 68 607 158 68 607 158 68 607 158 68 607 158 68 607 158 68 607 158 68 550 158 68 108 68 607 158 68 607 158 68 607 158 68 607 158 68 607 158 68 607 158 68 607 158 68 607 158 68 607 158 68 607 158 68 607 158 68 607 158 68 607 158 108
288 68 158 108 68 189 68 189 68 189
189 68 158 108 68 607 158 68 241 68 189 68 189 68 430 149 550 158 149 68 189 68 189 68 189 68 241 68 241 68 189 68 189 68 189 68 189 68 189 68 189 68 189 68 189 68 241 68 241 68 241 68 241 389 158 108
240 211
261 86 68 405 68 405 68 189 68 517
261 86 68 245 449 68 189 68 569 68 339
19 85 68 158 108 68 607 158 68 569 68 517
189 68 81 68 607 158 68 607 158 68 607 158 68 189 68 64 211 108 68 189 68 189 68 607 158 68 607 158 68 607 158 108 68 189 68 189 68 81 68 81 68 550 158 68 189 68 550 501 68 607 158 68 189 68 189 68 189 68 81 68 81 68 607 158 68 550 158 108 68 607 158 68 550 158 108 68 189 68 81 68 81 68 81 68 607 158 68 607 158 108 68 607 158 108 68 81 68 81
189 68 5 68 68 68 149 550 501 68 189 68 149
430 199 68 64 211 108
85 68 158 108 68 158 108 68 158 108 68 85
283 68 158 108 68 158 108 68 158 108 68 189 68 158 108
149 550 158 108
370 68 5 68 370 68 397 68 397 68 397 68 397 68 189 68 189 68 189 68 189 68 85
189 68 81 68 189 68 189 68 189 68 189
564 68 158 108 68 189 68 569 68 85
261 86 68 5 108 68 85 359
43 158 85
405
5 68 397 68 501
339
283 68 569 68 569 68 189
261 86 68 124 68 607 158 68 405 68 607 158 68 5 68 405 68 241 68 241 68 241
64 211 108 68 85 68 85 359 389 158 108 68 64 211 108
158 389 158 68 189 68 405
189 68 5 189 68 189 68 189 68 158 108
261 86 68 158 108 68 339
261 86 68 158 108 68 607 158 68 607 158 68 607 158 68 241 68 607 158 68 241 359 389 158 68 607 158 68 607 158 68 397 68 241 68 607 158 108 68 607 158 108 68 607 158 68 607 158 68 607 158 68 241 68 241 68 241 68 19 85 359 550 158 108 68 607 158 108 68 607 158 68 607 158 68 607 158 108 68 261 86 68 607 158 68 607 158 68 607 158 68 19 85 359 550 158 108 68
564 68 158 108 68 5 68 64 550 158 108 68 397 68 64 211 108 68 397 68 64 211 108
5 68 527 68 370 68 397 68 569 68 569 68 569 68 569 68 19 85
527
189 550 158 108
189 68 5 68 189 68 189 68 569 68 569 68 189 68 85 359
189 68 5 68 68 68 189 68 189 68 370 68 370 68 397 68 397 68 397 68 189 68 189 68 189 68 189 68 5 189 68 189 68 189 68 5 189 68 68 68 68 68 68 68 68 68 54 86 68 5 189 68 241 68 397 68 397 68 54 86 68 68 68 68 68 54 86 68 5 189 68 5 189 68 5 189 68 5 189 68 68 68 68 68 68 68 5 189 68 397 68 5 189 68 5 189 68 189
607 158 68 258 149 68 189 68 19 85 68 569 68 85 68 240 211 108
43 158 68 288 68 569 68 569 68 569 68 569 68 569 68 569 68 569 68 569 68 19 85 68 569 68 569 68 569 68 569 68 189 68 569 68 569 68 569 68 19 85 68 569 68 19 85 68 569 68 569 68 19 85 68 569 68 19 85 68 19 108 68 19 108 68 569 68 569 68 569 68 569 68 569 68 550 501 68 550 501 68 19 85 68 19 108 68 569 68 569 68 569 68 569 68 550 158
569 68 405 68 405 68 189 68 85 152 68 189 68 85 152 68 85
85 359
43 158 68 5 68 149 68 569 68 430 68 430 68 430 68 430 68 569 68 189
43 158 68 81 68 5 189 68 149 550 158 68 189 68 189 68 149 550 158 543 211 543 211 68 189 68 189 68 189 68 189 68 189 68 189 68 81 68 189 68 81 68 81 68 189 68 550 158 543 550 158 543 550 158 543 389 158 543 550 158 108 68 81 68 189 68 550 158 108 68 550 158 108 68 189 68 189 68 550 158 108 68 81 68 550 158 108 68 189 68 189 68 189 68 189 68 189 68
607 68 189 211 68 550 158 68 405 68 607 158 68 405
5 68 81 68 189 68 189 68 189 68 189 68 189 68 189 68 189 68 189
283 68 158 108 68 189 68 85 152 68 85 359 68 189 68 85
564 68 607 158 68 607 158
405
19 85 359
261 86 68 245 149
189 68 283 68 158 108 68 607 158 68 189 68 189 68 189 68 19 85 68 189 68 158 108 68 19 85 68 19 85 68 189 68 189 68 189 68 189 68 189 68 19 85 389 158 108 68 19 85 68 19 85 68 19 85 68 19 85 68 19 85 68 19 108 68 19 108 68 19 108 68 19 108 68 19 108 68 189 68 189 68 607 158 108 68 19 108 68 19 85 68 19 108 68 19 108 68 189 68
569 68 543 211 68 68 189 68 19 85 68 569 68 569 68 19 85 68 189 68 19 85 359 68 19 85 68 19 85 68 189 68 189 68 19 108 68 189 68 81 68 81 68 19 108 68 19 85 68 64 211 108 68 64 211 108 68 19 108 68 19 108 68 19 108 68 19 108 68 19 108 68 64 550 158 108 68 19 108 68 19 108 68 19 108 68 19 108 68 19 108 68 19 108 68 19 108 68
64 211 108 68 569 68 19 85 68 569 68 569 68 569 68 19 85 68 569 68 19 85
158 108 68 550 158 108 68 189 211 543 211
241 68 430
189 68 158 108 68 397 68 189 68 189 68 569 68 189 68 550 158 108 68 189 68 158 108 68 158 108 68 189 68 189 68 189 68 189 68 189 68 189 68 189 68 189 68 189 68 189 68 550 158 108 68 189 68 189 68 189 68 550 158 108 68 189 68 189 68 550 158 108 68 189 68 550 158 108 68 189 68 550 158 108 68 68 68 550 158 108 68 189 68 550 158 108 68 189 68 189 68 189
64 550 158 149
64 211 68 607 158 68 607 158 68 397 68 397 68 517 68 241 68 397 68 397 68 241
79 158 240 359
5 68 543 68 64 550 501 68 189 68 189
189 68 527 68 189 68 85 359 68 397 68 397
405 240 211
5 68 87 68 87 68 397 68 397 68 397 68 397 68 397 68 397
87
240 258
607 158 68 70 158 68 70 158
85
611
43 158 68 501 68 5 68 158 108 68 501 68 501 68 501 68 501
405 85 68 189 68 81
607 158 68 258 149 68 189 68 189 68 189 68 189
19 85 68 158 108 68 5 189 68 241 68 640
189 68 5 68 550 501 68 189 68 19 85 68 19 85 68 64 211 108
241 359
370 68 397 68 5 68 189 68 241 68 397 68 397 68 241 359 389 85 359
85 550 158
189 68 64 550 158 108 68 397 68 569 68 397 68 569 68 569 68 569 68 19 85
240 211
153 68 158 108 68 189 68 189
564 68 189 68 158 108 68 189 68 569 68 19 85
370 68 5 68 241 68 85
607 158 68 81
261 86 68 158 108 68 397 68 397 68 189
527 68 5 68 430 149 68 430 68 517
85 370 68 5 68 85 359
527 68 607 158 68 517 68 397 68 569 68 85 359
370 68 607 158 68 81 68 189 68 189 68 189 68 189 68 189 68 189 68 189 68 189 68 189 68 189 68 189 68 189 68 189 68 189 68 189 68 189 68 189 68 550 158 108 68 189 68 189 68 189 68 189 68 189 68 189 68 550 158 108 68 550 158 108 68 550 158 108 68 189 68 550 158 108 68 189 68 550 158 108 68 550 158 108 68 607 158 189 68 189 68 550 158 108 68 189 68 550
240 211
261 86 68 245 149
261 86 68 245 149
85 359 550 85
87
189 68 189 68 189 68 189
85 430 85 359
569 68 189 68 81 68 189 68 189 68 149
241 152 68 85 152 68 85
85 359
564 68 607 158 68 283 68 189 68 19 85 68 189 68 19 85 68 189 68 158 108
43 158 68 81 68 189 68 189 68 569 68 189 68 189 68 405 108
261 86 405
189 68 283 68 405 68 405 68 569 68 405
261 86 68 158 108 68 189 68 64 211 108
569 68 211 108 68 211
406 479
43 158 68 550 501 68 189 68 189 68 517
283 68 5 68 189 68 189 68 517 68 517
211 240
405 68 640
189 68 5 68 405 68 405
86 68 85 359 68 85 359
19 85 68 158 108 68 189 68 189 68 189 68 189 68 189 68 64 211 108
189 68 5 68 241 68 189 68 64 211 108 68 241 68 241 68 241 68 189 68 64 211 241 68 64 211 108
240 51 85
170 108
405
501 68 43 158 68 43 158
43 158 68 5 68 68 189 68 149 550 158 108 68 189 68 149 550 158 108
43 479 68 517
19 85 68 158 108 68 189 68 189 68 189 68 189 68 189 68 64 211 108
5 189 68 5
527 68 607 158 68 81 68 158 68 189 68 430 68 569 68 430 108 68 189 68 189 68 158 108
283 68 517
19 85
43 158 68 240 211 68 241
64 211 108 68 5 189
189 68 5 68 405 68 189 68 189 68 64 211 108
197 85
569 108 68 158 108 68 158 108 68 85
189 68 5 68 189 68 189 68 569 68 569 68 189 68 85 359

211 108 68 517 68 517
607 479 68 527 68 607 158 68 607 158 68 607 158 68 527 68 607 158 68 607 158 68 607 158 68 607 158 68 607 158 68 607 158 68 607 158 68 527 68 527 68 527 68 607 158 68 527 68 607 158 68 607 158 68 607 158 68 607 158 68 527 68 607 158 68 607 158 68 607 158 68 607 158 68 607 158 68 607 158 68 607 158 68 607 158 68 607 158 68 607 158 68 607 158 68 607 158 68
5 68 163 68 68 189 68 189 68 189
43 158 68 163 68 68 149 68 397 68 397 68 397 68 569 68 569 68 189 68 189
527 68 607 158 68 569 68 569 68 569 68 569 68 569 68 569 68 569 68 569 68 569 68 569 68 569 68 569 68 569 68 569 68 569 68 569 68 569 68 569 68 569 68 569 68 569 68 569 68 569 68 569 68 550 501
607 158 85 359 68 81 68 189
430 199 68
276 85 68 158 108 68 158 108 68 189 68 158 108
406 430 359
189 211 68 64 211 241
189 68 5 68 550 501 68 517 68 517 68 189 68 189 68 517
607 479 68 517 68 517 68 517
569 68 158 108 68 189 68 158 108 68 430 68 430 68 430 68 158 108
43 158 68 527 359 68 569 68 569 68 569 68 85 359
261 86 68 189 68 189
240 240 240
189 68 70 158 68 189 68 64 211 108 68 189 68 189 68 189 68 189
189 85 158 108
564
85 550 158 108 68 405 68 189 68 189
564
564 68 158 108 68 569 68 569 68 569 68 397 68 397 68 64 211 108
64 211 108
189 68 158 108 68 569 68 19 85 68 85 359 68 85 359 68 19 85 359
527 68 607 158 68 87 68 189 68 430 68 189 68 430
64 550 501 68 189 68 359
527 68 5 68 85 68 189 68 85 359 68 85 359 389 158 108
261 86 68 245 449 68 569 68 430 68 430
240 241 85
149 550 158
261 86 68 370 68 607 158 68 607 158 68 189 68 189 68 189 68 189 68 189 68 189 68 189 68 189 68 189 68 189 68 189 68 189 68 189 68 81 68 81 68 81 68 189 68 189 68 19 85 68 189 68 189 68 189 68 189 68 550 501 68 81 68 81 68 189 68 189 68 189 68 189 68 81 68 189 68 189 68 81 68 81 68 189 68 189 68 189 68 189 68 189 68 189 68 189 68 189
430 199
503 86
124
189 68 158 108 68 397 68 569 68 85 359 389 158 108
261 86 68 245 449 68 189 68 85
197 86 68 569 68 189 68 189
43 158
64 211 108
261 86
261 86
189 68 406 158 108 68 5 68 430 68 5 189 68 430 68 430 199
365 430
339 68 211 68 64 211 68 189 68 189 68 189 68 189 68 64 211 108
189 68 158 108 68 261 86 68 158 108 68 397 68 5 189 68 321 189
527
359
43 158
5 68 81 68 81 68 189 68 189 68 189 68 189
417
5 68 543
87 68 158 108 68 5 189 68 149
607 479 68 550 158 68 405 108
564 68 158 108 68 189 68 149 68 189 68 189 68 189
189 68 241 68 241 68 189
85 550 158 68 406 158 118
564
149 550 158
517 85
261 86 149
189 68 5 68 397 68 339 68 397 68 397 68 397 68 241 359 389 158 108
503 189 68 158 108 68 158 68 158 108 68 607 158 68 19
189 68 5 68 64 211 108 68 85 359 68 85
79 430
564 68 158 108 68 607 158 68 405 68 64 211 108
86 68 397 68 124
189 68 158 108 68 158 108 68 64 211 108 68 64 211 108
569 68 158 108 68 5 68 405 68 405 68 189
339 68 136 479
87 189 68 283 68 64 211
153 189 68 569 68 569 68 569 68 430 68 569 68 430 199 68 569 68 569 68 85 359
261 86 68 158 108 68 189 68 189 68 189
564
607 479 68 189 68 158 68 517 68 607 158 68 607 158 68 43 158 68 607 479
5 68 261 86
527 68 607 158 68 569 68 158 108 68 569 68 158 108
189 68 81 68 189 68 189 68 189 68 189 68 189 68 189 68 189 68 189 68 189 68 189 68 189 68 189 68 189 68 189 68 189 68 189 68 189 68 189 68 189 68 189 68 189 68 189 68 189 68 189 68 189 68 189 68 189 68 189 68 189 68 189 68 189 68 189 68 189 68 189 68 189 68 189 68 189 68 189 68 189 68 189 68 550 158 108 68 189 68 189 68 189 68 189 68 189 68
607 479 68 550 501 68 397 68 569 68 569 68 569 68 19 85 359 68 19 85
569 108 68 158 108
158 108
43 158 68 258 149 68 19 85
19 85 68 158 108 68 189 68 189 68 517
189 68 527 68 397 68 149 68 397 68 397 68 397 68 569 68 397 68 397 68 569 68 397 68 397 68 569 68 397 68 397 68 397 68 397 68 397 68 397 68 397 68 397 68 397 68 397 68 397 68 397 68 397 68 397 68 397 68 397 68 397 68 397 68 397 68 397 68 397 68 370 68 397 68 397 68 397 68 397 68 397 68 370 68 149 68 397 68 397 68 397 68 397 68 397 68 397 68
261 86 85
607 479 68 189 68 189 68 189 68 189 68 189
64 211 68 607 158 68 5 68 189 68 430 68 189 68 430 68 607 158 68 607 158 68 607 158 68 607 158 68 607 158 189 68 607 158 189 68 607 158 189 68 607 158 68 607 158 68 607 158 68 607 158 68 607 158 68 607 158 108
197 86
607 158 68 527 68 607 158 68 607 158 68 607 158 68 607 158 68 607 158 68 607 158 68 607 158 68 527 152
370 68 5 68 550 158 68 189 68 19 85 68 569 68 19 85 359
197 86 68 430 149 68 5 189 68 370
527 68 158 68 158 108 68 158 108
261 86 68 5 68 339 68 339 68 339
397
261 86 68 158 108
43 158
79 85 359
607 68 607 158 68 241 68 241 68 85
607 158 68 81 68 189 68 158 68 569 68 189 68 430 68 189 68 189 68 189 68 189 68 189 68 158 108 68 189 68 189 68 189 68 189 68 189 68 81 68 81 68 189 68 189 68 550 158 543 211 543 389 158 543 389 158 108 68 81 68 81 68 189 68 189 68 550 158 108 68 189 68 550 158 108 68 189 68 550 158 108 68 81 68 550 158 108 68 189 68 189 68 189 68 189 68 189 68
430 199
241 359
430 240 211
211 359 68 517
405 199
79 85 359
5 68 19 241 68 64 211
240 211 85
189 68 158 108 68 397 68 397 68 397 68 397 68 397 68 397 68 397
629
569 68 211 68 211 68 189 68 189 68 517
283 68 19 85 359 68 19 85
108 68 5 68 81 68 189 68 189 68 189 68 189 68 189 68 64 211 108
405 68 85 359
365 86 199
261 86 68 245 449 68 189 68 189 68 189 68 189 68 189 68 189 68 189
189 68 550 158 108 68 517 68 517 68 517
397 68 136 479 68 517 68 241
241 430 149
261 86 68 158 108 68 158 108
5 68 258 149 68 189 68 189 68 189 68 189 68 189 68 430 68 189 68 189 68 189 68 19 85
5 68 258 149 68 19 85 68 241 68 241 68 241 68 241 68 241
607 158 68 43 158 68 607 158 68 607 158 68 607 158 68 43 158 68 607 158 68 43 158 68 43 158 68 607 158 108
189 68 64 211 108 68 397 68 189 68 397 68 397 68 189 68 189 68 189 68 189 68 189 68 189 68 189 68 189 68 397 68 189 68 189 68 189 68 189 68 64 550 158 108 68 64 211 108 68 189 68 189 68 189 68 397 68 64 211 108 68 64 211 108 68 64 211 108 68 189 68 64 550 158 108 68 189 68 550 158 108 68 64 550 158 108 68 397 68 189 68 64 550 158 108 68 64 550
564 68 158 108 68 569 68 569 68 569 68 569 68 569 68 19 85
283 68 405 108 68 189 389 158 108
405 85
5 189

189 68 5 68 158 108 68 158 108 68 339
370
64 211
43 158 68 550 158 108 68 5 189
5 68 550 158 108 68 607 158 68 81 68 189 68 189
64 211 108 68 64 211 108
86 68 397 68 85 359 389 85 359
189 211 241 359
64 211 108 68 189 68 517 68 517 68 517
607 158 68 81
564 68 158 108 68 569 68 569 68 569 68 569 68 569 68 405 85
397 68 430 68 517 68 189 68 569 68 569 68 569 68 569 68 19 85 359 68 189 68 569 68 569 68 85 68 189 68 189 68 189 68 189 68 189 68 189 68 550 158 108 68 189 68 85 359 68 19 85 68 189 68 189 68 189 68 550 158 108 68 550 158 108 68 550 158 108 68 550 158 108 68 189 68 189 68 550 158 108 68 550 158 108 68 550 158 108 68 19 149 68 397 68 189 68 550
261 86
527 68 607 158 68 19 85 68 607 158 68 569 68 85 359 68 19 85
397 68 569 68 569 68 569 68 569
87 108 68 189 68 569 68 158 108 68 503 189 68 158 108
189 68 81 68 158 108 68 149
189 68 5 68 158 108 68 158 108 68 158 108 68 158 189 68 158 108
240 389 85 359
339 551 68 430 359
189 68 406 158 108 68 5 68 430 68 5 189 68 430 68 430 199
189 68 5 68 397 68 397 68 397 68 397 68 397 68 397 68 397 68 397 68 397
19 85
607 158 68 527 68 397 68 397 68 397 68 397 68 189 68 158 108
189 68 550 158 108 68 158 108 68 158 108 68 241 68 241 68 241 68 241 68 241
43 158 68 5 68 19 85 68 19 85 68 19 85 68 19 85 68 64 211 108
64 211 108 68 158 108 68 189 68 158 108
370 68 5 68 5 68 189 68 189 68 189 68 189 68 158 108
5 68 189 68 189 68 189 68 158 108 68 397 68 189 68 189 68 189 68 189
189 68 527 68 5 68 189 68 189 68 569 68 189 68 19 85 359 68 189 68 189
261 86 68 5 68 189 68 189
85 370 68 5 68 85 359
5 68 245 449
607 479 68 550 501 68 397
189 68 81 68 158 108 68 189 68 189 68 189 68 149
149 68 64 211
19 85 68 19 85
87 68 19 85 68 607 158 68 19 85 68 517
189 68 189 68 189 68 189
261 86 68 170 359
261 86 85 68 124
629 68 430 85 359 389 158 108
5 68 370 68 550 501 68 397 68 569 68 241 68 640
241 68 569 68 158 108 68 189 68 158 108 68 397 68 241 68 241 68 189 68 158 108
85 359 550 430 149
611 51 86
85 85
85 430 85 359
527 68 5 68 430 68 569 68 430 68 189 68 189 68 430 68 19 85 359 68 189 68 241 68 189 68 158 108 68 241 68 189 68 189 68 189 68 189 68 189 68 189 68 189 68 189 68 241 68 189 68 189 68 241 68 189 68 189 68 258 108 68 189 68 189 68 241 68 241 68 189 68 241 68 189 68 189 68 550 158 108 68 189 68 158 108 68 189 68 189 68 189 68 189 68 189 68 189
261 86 68 158 108 68 607 158 68 517 68 397 68 569 68 430 68 397 68 397 68 158 108
261 86 68 149 68 607 158 68 607 158 68 607 158 68 149 550 501 68 607 158 68 607 158 68 607 158 68 607 158 68 607 158
564 68 158 108 68 5 68 189 68 365 430 149
189 68 5 189 68
43 158 68 5 68 550 501 68 189 68 430 68 430 68 189 68 550 501 68 189 68 189 68 607 158 108
359
607 158 68 359 68 405 68 405 149
87 68 158 108 68 397
85 290 85
261 86 85
240 211 68 550 158 118
607 158 68 550 501 68 397 68 397 68 397 68 397 68 397 68 397 68 397 68 397 68 397 68 397 68 397 68 397 68 397 68 397 68 189 68 397 68 397 68 550 501 68 397 68 397 68 397 68 397 68 397 68 397 68 397 68 550 501
569 68 158 108 68 189 68 189 68 158 108 68 189 68 64 211 108
405
564
261 86 68 5 68 189 68 189 68 149 68 189 68 189
189 85 389 158 108 68 189 68 189 68 189 68 189 68 189 68 189 68 189
43 158 68 550 501 68 607 158 68 241 68 241 68 241 359 389 158 108
397 68 405 68 158 108 68 607 158 68 189 68 189 68 189 68 189 68 189
339 551
43 158 68 241 68 640
5 85 68 19 85 68 241
607 479 68 189 68 189 68 189 68 19 85 359
43 158 68 5 68 189 68 189 68 517 68 189
189 68 81 68 5 189
211 85 359
79 158 85
527 68 607 158 68 607 158 68 607 158 68 397 68 241 68 241 68 241 68 241 158 68 607 158 68 607 158 68 607 158 108 68 241 68 607 158 108 68 607 158 68 607 158 68 607 158 68 607 158 68 241 68 241 68 241 68 607 158 108 68 607 158 68 607 158 108 68 607 158 108 68 5 68 607 158 68 607 158 68 607 158 68 607 158 68 607 158 68 607 158 68 607 158 108 68 607 158 108
607 158 68 258 68 607 158 68 607 158 68 607 158 68 607 158 68 607 158
569 68 85 359 68 241 68 517 68 241 68 189
5 68 527 68 189 68 189 68 189 68 189 68 189 68 189 68 189 68 189 68 189 68 158 108
339 68 550 501 68 607 158 68 397 68 550 158 68 397 68 550 501 68 189 68 158 108
283 68 405 68 397 68 430 68 397 68 397 68 189 68 430
564 68 158 108 68 85 68 85 359
569 68 85 258 85
43 158 68 607 158 68 189 68 189
5 68 163 68 64 211 108 68 189 68 189 68 189
189 68 5 68 81 68 569 68 569 68 569 68 569 68 569 68 569 68 569 68 569 68 569 68 569 68 569 68 569 68 569 68 189 68 569 68 569 68 569 68 569 68 569 68 569 68 569 68 569 68 569 68 550 158 108
517 85 359 68 517 85
261 86 68 245 149
85 51 85 68 241 359 68 85 359
43 158 68 43 158 68 43 158 68 607 158 68 607 158 68 43 158 68 607 158 68 43 158 68 43 158 68 607 158 68 607 158 68 607 158 68 43 158 68 527 68 43 158 68 607 158 68 607 158 68 607 158 68 607 158 68 607 158 68 527 68 43 158 68 607 158 68 43 158 68 607 158 68 43 158 68 607 158 68 43 158 68 43 158 68 607 158 68 607 158 68 607 158 68 43 158 68 43
607 158 68 527 68 607 158 68 5 68 189 68 149 550 158 68 149 68 189 68 189 68 189 68 189 68 189 68 189 68 189 68 189 68 189 68 189 68 189 68 189 68 189 68 189 68 430 68 189 68 189 68 189 68 189 68 189 68 527 68 550 158 108 68 189 68 430 68 607 158 108 68 550 158 108 68 189 68 550 158 108 68 550 158 108 68 607 158 108 68 189 68 607 68 189 68 189 68
189 85 359 389 85 359
261 86 68 158 108 68 189 68 569 68 569 68 189 68 19 85 359
189
189 68 5 68 550 501 68 397 68 397 68 397 68 569 68 397 68 189 68 189 149
405
527 68 5 68 5 68 261 86
240 359 389 339
5 68 189 68
189 68 158 108 68 607 158 68 569 68 19 85 68 19 85 68 19 85 68 189 68 158 108
19 85
211 85 359
5 68 258 149 68 189 68 189 68 189 68 189 68 189 68 149
370 68 397 68 124
211
283 68 517 68 5 68 189 68 430 68 397 68 397 68 189 68 397 68 397
189 68 5 68 189
85 359
359
189 68 527 68 397
189 68 517 68 607 158 68 607 158 68 607 158 68 189 68 189 68 607 158
283 68 158 108 68 5 68 149 68 569 68 241 68 241
85 359 389 85 68 241 68 241
607 158 68 527 68 397 68 85 68 85
527 68 5 68 158 108 68 607 158 68 607 158 68 607 158 68 607 158 68 607 158
569 108 68 70 158
527 68 607 158 68 5 68 189 68 189 68 189 68 189 68 189 68 189
283 68 569 68 189 68 189 68 19 85 68 569 68 85 68 189 68 64 211 108
283 68 5 189 68 405
607 158 68 527 68 607 158 68 19 85
283 68 517 68 5 68 370 68 397 68 397 68 397
87 68 550 501 68 397 68 339
189 68 5 68 64 211 108 68 85 359 68 85
79 85 359
503 569
87 68 158 108 68 569 68 569 68 569 68 569 68 240 389 158 108
64 211 108 68 397 68 569 68 569 68 569 68 569 68 85
607 158 68 527 359 68 569 68 241 68 241

501 85 359 68 501 85 359 389 85 359
607 158 68 527 68 189 68 189 68 64 211 68 189 68 64 211 108 68 189 68 189 68 189 68 189 68 189 68 189 68 189 68 189 68 189 68 189 68 189 68 189 68 189 68 189 68 189 68 64 211 108 68 189 68 189 68 189 68 189 68 189 68 189 68 189 68 189 68 189 68 189 68 189 68 189 68 189 68 64 211 108 68 64 211 68 64 550 158 108 68 64 211 108 68 189 68 189 68
607 158 85 359 68 569 68 19 85
406 199
153 189 68 19 85 68 158 108 68 517 68 517
527 68 607 158 68 607 158 68 19 85 68 189 68 189 68 430 68 189 68 189 68 158 108
64 211 68 607 158 68 607 158 68 607 158 68 607 158 68 241 68 607 158
527 68 5 68 68 68 189 68 189 68 189 68 189 68 158 108
5 68 370 68 81 68 5 68 241 68 241 68 241
397 68 370 68 397
189 68 569 68 149 68 397 68 397 68 397 68 397 68 397 68 397 68 397
607 479 68 527 68 189 68 158 68 189 68 189
397 68 241 550 158 108 68 607 158
397
577 68 397 68 569 68 569 68 569 68 569 68 569 68 569 68 569 68 569 68 19 85 359
85 123 85 359
607 479 68 189 68 64 211 108 68 569 68 19 85 68 19 85
245 258
189 68 5 68 517 68 517 68 517 68 517 68 189 68 517
607 158 149
87 68 261 86 68 607 158 68 81 68 189 68 189 68 189 68 189 68 189 68 158 108
593 163 68 550 158 108 68 397 68 569 68 397 68 397 68 550 158 108
245 449
607 158 68 607 158 68 607 158 68 607 158 68 607 158 68 607 158 68 607 158 68 607 158 68 607 158 68 607 479 68 607 158 189 68 607 158 189 68 607 158 68 607 158 68 607 158 68 607 479 68 607 158 68 607 158 68 607 158 68 607 158 68 607 158 68 607 158 68 607 158 68 607 158 68 607 158 68 607 158 68 607 158 68 607 158 68 607 158 68 607 158 68 607 68 607 68 607 68
569 68 569 68 569 68 569 68 569 68 397 68 189 68 189 68 550 158 108
241 68 517 68 85 359 68 569 68 85 359
189 68 405 85 68 189 68 569 68 569 68 569
189 68 550 501 68 397 68 430 149 68 607 158 68 397 68 607 158 68 397 68 189 68 607 158
64 211
607 158 68 527 68 607 158 68 607 158 68 397 68 158 68 158 68 189
569 108 68 189 68 68 124
527 68 569 68 405 68 85 68 85 359 68 189 68 85 359 68 85 359 68 189 68 189 68 569 68 569 68 64 211 108
283 68 430 149 550 158 118
607 479 68 550 501 68 607 158 68 397 68 569 68 569 68 19 85 359 68 158 108
607 158 68 70 158 68 70 158
189 211 108 68 158 108 68 189 68 189 68 189
577 68 241
607 479 68 81 68 189 68 189 68 85 68 189 68 189 68 189 68 189 68 189 68 189 68 189 68 189 68 85 68 189 68 189 68 189 68 189 68 189 68 405 68 405 108 68 189 68 405 108 68 405 108
406 158 68 617
189 550 158 108 68 430 68 517
189 68 397
158 108 68 158 108 68 189 68 158 240 389 158 118
261 158 85
19 85 359
261 86 68 245 449 68 158 108 68 189 68 189 68 189 68 189 68 189 68 189
43 158 68 365 152 68 517 149
370 68 397 68 85 68 189 68 158 108
85 359
607 158 68 607 158 68 108 68 158 108
158 108 68 405 68 501 85 359
405 85
397 85 359
607 158 68 258 149 68 569 68 19 85
564 68 607 158 68 5 68 189 68 189 68 189 68 189 68 158 108
189 68 607 158 68 5 68 339 68 569 68 569 68 569 68 569 68 569 68 158 108
5 68 258 149 68 19 85 68 241 68 241 68 241 68 241
283 68 5 68 370 68 397 68 397 68 397 68 569 68 569 68 189
87 68 569 68 550 501 68 189 68 124
607 155 68 617 149
321 247 85
397 68 245 449 68 517 68 517 68 517
240 389 149
5 68 258 149 68 397 68 397 68 397 68 397 68 397 68 397 68 397 68 397
321 240 211
261 86 68 245 449 68 370 68 397 68 397 68 397 68 397 68 397 68 397
5 68 550 158 108 68 607 158 68 189 68 397 68 569 68 189 68 397 68 397 68 569 68 569 68 569 68 569 68 569 68 189 68 189 68 189 68 370 68 81 68 550 158 108 68 550 158 108 68 569 68 19 85 68 397 68 397 68 550 501 68 550 158 108 68 550 158 108 68 569 68 550 158 108 68 370 68 370 68 370 68 370 68 550 158 108 68 569 68 569 68 569 68 397 68 370 68 261
189 68 68 5 68 189 68 189 68 189 68 189 68 189 68 158 108
43 158 68 550 501 68 607 158 68 241 68 241 68 241 359 389 158 108
261 86 68 607 158 68 607 158 68 607 158 68 189 68 19 85 68 19 85 68 189 68 19 85 359 68 569 68 19 85 68 189 68 189 68 607 158 108 68 607 158 108 68 19 85 68 19 85 68 19 85 68 19 85 68 19 85 68 19 85 68 19 108 68 19 85 68 19 85 68 19 85 68 607 158 108 68 19 85 68 19 85 68 19 85 68 19 108 68 19 85 68 19 108 68 19 108 68
189 68 68 189 68 158 118 68 189 68 189 68 189 68 189 68 189 68 189 68 189 68 189 68 189 68 158 118
261 86 68 370 68 5 68 569 68 397 68 189 68 189 68 569 68 189 68 189
19 85 68 158 108 68 158 108 68 158 108
406 158 68 617
240 389 158
158 108
607 479 68 211 108 68 517 68 517 68 517
241 359
607 158 68 81 68 607 158 68 405 68 405
397 68 64 211 108 68 397 68 397
231 240
607 158 68 170 359 68 189 68 359
405
189 68 550 158 108 68 5 189 68 158 108
527 68 607 158 68 607 158 68 607 158 68 189 68 189 68 189 68 189 68 189 68 189 68 189 68 189 68 189 68 189 68 189 68 189 68 189 68 189 68 189 68 189 68 189 68 158 108
87 449 68 569 68 569 68 569 68 569 68 211 108 68 569 68 569 68 569 68 158 108
5
261 86 68 5 68 569 68 569 68 569 68 569 68 569 68 19 85 359
564 68 607 158 68 607 158 68 607 158 68 5
19 85 68 365 430 149
405 189 68 430 199 68 517 85 359
211 68 365 430 149
405 118
405 241 359
607 158 68 527 68 397 68 397 68 550 501 68 189 68 158 108
86 258 68 430 68 241
189 68 651 359
189 211 85 359
211 149
43 158 68 64 211
397 68 430 68 430
430 149 550 158 108
564
569 68 405 68 189 68 189 68 189 68 189 68 189
240 211 108 68 85 359
87 449 68 430 68 189 68 64 550 501 85
70 158
211 359 68 517
5 189 68 136 479
87 108 68 158 108 68 19 85 68 19 85 68 64 211 108
43 158 68 550 501 68 189 149
607 158 68 527 68 607 158 68 158 68 607 158 68 607 158 68 607 158 68 607 158 68 607 158 68 607 158 68 158 108 68 607 158 108
189 68 81 68 189 68 189 68 189 389 158 240 211
5 68 550 158 108
611 240
241 68 261 86 68 370 68 5 68 569 68 569
189 68 405 68 405 68 189 68 158 108 68 397 68 189 68 189 68 189

261 86 85
5 68 258 149 68 189 68 149 550 158 108 68 189 68 189 68 430
240 389 430
611 51 86
189 258 68 241 68 241
607 158 68 550 158 108 68 430 68 241 68 85
430 359
87 68 158 108 68 569 68 189 68 550 158 108
211 211
19 85 68 527 68 5 68 189 68 64 550 501 68 189 68 189 68 64 211 108
158 108
607 158 68 64 550 158 68 64 211 108 68 189 68 64 211 108 68 64 211 108
19 85 68 365 430 149
564 68 158 108 68 569 68 158 108 68 569 68 569 68 19 85 359
189
79 158 149
550 501
359 389 85
124 68 5 68 189 68 149
87 68 158 108 68 5 68 370 68 397 68 397 68 189
527 68 339 68 19 85 68 569 68 19 85
607 158 68 550 158 68 359
189
370 68 5 68 370 68 370 68 189 68 370 68 397 68 5 68 397 68 189
64 211 108 68 241 68 241
108 68 124
564 68 158 108 68 5 68 189 68 365 430 149
64 211 108
569 68 158 108 68 189 68 189 68 189 68 189 68 430 199
607 158 68 87 68 87 68 607 158 68 87
240 152
5
607 158 68 607 158 68 64 211 108 68 517
527 68 607 158 68 607 158 68 189 68 189 68 189 68 189 68 189 68 189
211 108 68 5 68 189
87 68 158 108 68 397 68 189 68 64 211 108
108 68 430 68 241 68 241 430 68 241 359
261 86 68 5
607 479 68 81 68 189 68 189 68 189 68 517
261 86
564 68 189 68 569 68 189 68 189 68 503 189
283 68 339 68 189 68 189 68 189 68 241
5 68 527 68 81 68 189 68 189 68 189 68 189 68 189 68 189 68 189 68 189 68 158 108
261 86 68 124 68 189 68 189 68 339 68 189 68 189 68 189 68 189 68 189 68 550 86 68 64 211 108 68 64 211 108 68 189 68 397 68 189 68 189 68 189 68 189 68 64 211 108 68 64 211 108 68 64 211 108 68 397 68 550 86 68 577 68 64 211 108 68 550 86 68 550 158 108 68 189 68 189 68 550 158 108 68 550 158 108 68 64 211 108 68 550 158 108 68 189 68 550 158
607 158 68 81 68 5
261 86
651 123 68 517 68 517 68 517
87 68 70 158
527
405 85 359
211 85 359
564 68 158 108 68 569 68 85 359
64 211 108 68 108
370 68 607 158 68 607 158 68 551 68 569 68 569 68 19 85 68 19 85
197 85
189 68 283 68 5 68 189 68 189 68 189 68 189 68 189 68 189 68 189
564
5 68 163 68 503 158 68 397 68 397 68 189 68 189
564
479 240 211
564 68 158 108 68 607 158 68 5 68 85
397 68 189 68 607 158 68 189 68 19 85 68 189 68 430 68 241 68 189 68 189 68 158 108
86
189 68 158 108 68 569 68 189 68 430 68 607 158 189 68 70 158 68 189 68 189 68 607 158 68 607 158 68 607 158 189 68 189 68 607 158 189 68 607 158 189 68 607 158 189 68 70 158 68 607 158 68 607 158 68 607 158 68 70 158 68 607 158 68 607 158 68 607 158 68 19 68 607 158 68 607 158 68 170 211 68 283 68 607 158 68 607 158 68 607 158 68 607 158 68 607 158 68
85 359
607 479 68 389 158 68 81
397 68 158 108 68 397 68 85 359 550 158 108
64 211 108 68 640
189 68 370 68 397 68 85 359 389 85 359 68 189 68 189 68 85 359
607 479 68 527 68 607 158 68 189 68 189 68 189 68 149 550 501 68 189 68 189
607 479 68 527 68 397 68 189 68 569 68 189 68 189 68 189 68 189 68 189 68 189 68 189 68 189 68 189 68 189 68 189 68 189 68 189 68 189 68 189 68 189 68 189 68 189 68 550 158 108 68 189 68 189 68 189 68 189 68 550 158 108 68 189 68 550 158 108 68 189 68 189 68 189 68 189 68 189 68 550 158 108 68 189 68 189 68 189 68 517 68 517 68 189 68 189 68 189
288 68 5 189 68 241 149
397 68 359 68 517
5
85 430 68 189 68 189 68 189 290 85 359
564 68 339 68 550 158 108 68 189 68 189 68 189 68 189 68 189 68 189 68 158 108
189 68 158 108 68 569 68 569 68 569 68 569 68 85
261 86 68 5 68 124 68 124 68 85 68 397 68 640
211 85 359 68 158 108 68 189 68 430 68 189 68 189
19 359
430 85 359
397 68 241
5 68 258 149 68 149 68 189 68 430
321 543
430 359 389 158 118 68 189 68 189

5 68 258 149 68 19 85 68 241 68 241 68 241 68 241 68 241
189 68 158 108 68 339 68 339
240 211 359
5 189 68 136 479 68 397 68 397 68 397 68 189 68 189 68 607 158
189 68 158 108 68 569 68 569 68 569 68 569 68 569 68 241 359 389 158 108
651 123 68 189 68 189 68 189 68 517 68 189 68 189 68 189 68 189 68 189 68 158 108
79 359
405 68 158 108 68 189 68 189 68 503 158 108
607 158
43 158 68 5 189 68 189
85 359 389 158 108 68 158 108
397 68 64 550 158 108
211 543
389 85 359

64 211 108 68 158 108 68 158 108 68 569 68 158 108
283 68 517 68 5 68 149 68 189 68 149 550 501 68 189 68 189 68 189
87 68 70 158
569 68 81 68 189 68 158 108 68 430 68 189 68 430 68 430 68 189 68 189 68 158 108
87 68 283 68 5 68 370 68 189 68 189 68 189
261 86 68 64 550 158 108
240 359
68 5 68 189 68 189 68 189 68 158 108 68 189 68 158 108
87 108

85 5
370 68 5 68 54 86 68 124
5 68 370 68 607 158 68 81 68 19 85 68 64 211 108
5 68 241 68 158 108 68 158 108 68 158 108 68 241 68 241 68 241 68 158 108
189 68 158 108 68 569 68 517 68 517 68 517 68 189 68 517 68 189 68 189 68 189 68 517
189 68 5 68 550 501 68 397 68 569 68 397 68 397 68 397 68 397 68 189 68 158 108
261 86 68 245 449 68 189 68 569 68 189 68 189 68 189 68 189 68 189
211 211 199
607 155 68 64 211 108 68 569 68 569 68 189 68 85
43 158
564 68 5 68 81 68 189 68 569 68 569 68 569 68 189 68 189 68 189 68 158 108
5 189 543 211 108
85 5 189 68 85 4 240 68 240 389 158
406 430
158 108 68 158 108 68 569 68 501 85 359 389 158 108
503 189 68 503 189 68 5 189 68 405
158 108
189 68 81 68 158 108 68 158 108 68 189 68 189 68 430
189 68 85 359 68 5 68 430 68 430
261 86 149
607 158 68 405 68 405 68 569
189 68 527 68 607 158 68 569 68 19 85 68 158 108 68 158 108
87 68 283 68 569 68 569 68 19 85 68 241 68 241 359
405 68 189
189 68 124 68 124 68 405 68 405 68 405
197 85
607 158 68 527 68 607 158 68 527 68 607 158 68 189 68 189 68 189 68 189 68 189 68 189 68 189 68 189 68 189 68 189 68 189 68 189 68 189 68 527 68 527 68 189 68 527 359 389 158 68 189 68 189 68 189 68 189 68 527 359 550 158 189 68 550 158 108 68 607 158 189 68 607 158 189 68 550 158 189 68 607 158 68 550 158 149 68 189 68 189 68 607 158 189 68 527 68 527
564 68 241 68 5 189 68 189
189 68 527 68 5 68 405
607 158 68 222 149 68 189 68 158 108 68 158 108
397 68 189 68 189 68 189 68 189 68 189 68 189 68 189 68 64 211 108
405 85
189 68 158 108 68 189 68 158 108 68 189 68 158 211
397 68 85 359
43 158 68 5 68 543 68 397 68 397 68 397 68 569 68 397 68 397 68 569
5 68 189 68 189 68 189 68 189 68 397 68 189 68 189 68 158 108
64 211 108 68 64 211
283 68 189 68 189 68 189 68 189 68 189
189 543 211 85 68 158 108 68 158 108
276 85 68 158 108 68 158 108 68 158 108
43 158 68 405 68 405 68 569 68 569 68 569 68 430 149
370 68 5 68 543 68 189 68 189
64 211 108 68 158 108 68 339 68 430 68 189
261 86 68 245 149
189 68 405 68 405
211 85 359
124 68 85
43 158 85
564 68 158 108 68 569 68 569 68 85 359
261 86
79
527 68 569 68 569 68 569 68 85 359 68 189 68 189
231 240
405 359
189 68 245 449 68 517 68 517 68 397 68 397 68 517
607 158 68 158 68 527 359 68 189 68 189 68 158 108
43 430 149
569 68 189 68 5 68 189 68 85 389 158 108 68 189 68 85 359 68 189 68 189 68 158 108
503 189
430 149 550 158 108 68 189 68 241
64 211 108 68 569 68 241 68 241 68 241
359 389 158 85
564 68 5 68 68 68 189 68 517
397 68 569 108
64 211 108 68 397 68 241 68 241 68 241 359
611 51 86 359
43 158 68 5 68 81 68 189 68 569 68 189 68 550 158 108
370 68 607 158 68 81 68 397 68 397 68 397 68 397 68 397 68 397 68 189 68 189 68 397 68 397 68 397 68 397 68 189 68 189 68 397 68 189 68 189 68 189 68 397 68 189 68 397 68 397 68 397 68 397 68 397 68 370 108
527
87 68 158 108 68 569 68 569 68 569 68 569 68 430
405
430 359 389 85 359
283

43 158 68 241
527 68 607 158 68 64 211 108
607 158 68 550 158 68 189 68 158 108 68 158 108
397 68 550 501 68 397 68 189 68 430 68 189 68 430 68 85 359
87 68 70 158
189 68 158 108 68 607 158 68 430 68 64 211 108
339 551
149 550 339 68 389 339
240 389 85 359
43 158 68 593 163 68 149 68 189 68 189 68 149
149 550 85
607 158 68 550 501 68 405
517 85
85 430 149
527 68 607 158 68
503 189
43 158 68 397 68 517 68 517
189 68 158 108 68 5 68 85 152
87 68 283 68 149 68 43 158 68 517 68 517
527 68 5 68 189 68 189 68 189 68 550 158 108
5
189 68 5 68 550 501 68 189 68 158 108 68 189 68 189 68 607 158 68 189 68 158 189 68 607 158 189 68 607 158 189 68 189 68 189 68 607 158 189 68 550 501 68 607 158 189 68 550 501 68 607 158 189 68 211 189 68 211 189 68 550 501 68 607 158 189 68 607 158 189 68 550 501 68 607 158 189 68 607 158 68 607 158 68 607 158 68 607 158 189 68 607 158 189 68 607 158 189
359 503 189 68 503 189
503 158 108 68 365 501 68 189
501 85 359 389 339 68 158 108
64 211 108 68 501 68 517
108 68 607 158 68 81 68 189 68 189 68 189 68 189 108 68 189 68 189 68 158 108
43 158
430 405 68 189 68 517 149
19 85 68 158 108 68 607 158 68 607 158 68 607 158 68 607 158 68 607 158 68 607 158 68 607 158 68 607 158 68 607 158 189 68 607 158 108
261 86 68 5 68 158 108
240 430 85 359
211 543
211 211 108
87 68 43 158 68 43 158 68 397 68 397 68 397 68 397 68 124
479
397 68 189 68 5 189 68 5 189
158 108 68 406 430 68 189 68 158 108
189 68 158 108 68 189 68 189 68 189 68 189 68 189
564
189 68 158 108 68 189 68 517 68 189 68 517
550 158 68 550 158
189 68 569 68 569 68 569 68 569 68 569 68 189 68 569 68 569 68 189 68 189 68 189 68 569 68 569 68 569 68 189 68 189 108
283 68 158 108 68 607 158 68 19 85 68 189 68 19 85 359
564 68 158 108 68 569 68 569 68 569 68 211 108
607 479 68 527 68 607 158 68 607 158 68 397 68 430 68 517 68 397 68 19 85
189 68 158 108 68 5 68 189 68 149
564 68 5 68 569 68 569 68 569 68 569 68 569 68 550 501 85 359 68 550 430 199
405 85 359
501 68 517 68 405
64 211 108 68 397 68 189 68 189 68 397 68 397 68 189 68 189 68 189
564 68 5 189 68 189 68 189 68 189
569 68 430 68 430 149 68 430 68 569 68 430 68 569 68 430 149 550 430 149
339 68 550 501 68 607 158 68 405 85
564 68 5 68 124 68 189 68 569 68 85 359
5 189 68 405 149
240 211 85 68 64 211 108
241 68 517 68 189 68 85 359 68 569 68 85
189 258 149
211 211 199
241 149
503 189
527 68 189 68 405 68 64 211 108
70 158 68 158 68 189 68 339
43 158 68 527 68 189 68 189 68 189 68 189
79 339
153 68 550 158 68 607 158 68 405 68 397 68 189 68 64 211 108
430 149 389 158 359 68 189 68 189
569 68 370 68 370 68 397 68 397 68 397 68 189 68 189 68 189 68 189
43 158 68 288 68 81 68 5 68 189 68 189
43 158 68 406 158 68 406 158 118
501
87 68 70 158
283 68 64 211 108 68 397 68 397 68 397 68 397 68 397 68 397 68 397
283 68 517 68 607 158 68 607 158 68 607 158
240 211 108
189 68 64 211 108 68 189 68 189 68 189 68 189 68 189 68 189 68 189
527 68 5 68 405 68 405 85
607 479 68 550 501 68 607 158 68 607 158 68 607 158 68 43 158 68 607 158 68 607 158 68 43 158 68 607 158 68 607 158 108
189 68 5 68 550 501 68 397 68 397 68 397 68 397 68 397 68 397
527 68 607 158 68 607 158 68 550 158 68 397 68 85 359 68 85 359 68 85
64 211 68 189 68 189 68 85 359 68 189 68 189 68 85
564 68 158 108 68 5 68 19 85 68 189 68 85
153 68 158 108 68 189 68 189
276 85 68 5 68 397 68 397 68 397 68 397
564 68 607 158 68 607 158 68 607 158 68 397 68 64 211 68 64 211
527 68 607 158 68 81 68 189 68 189 68 189 68 430 68 189 68 189 108
261 86 68 245 149
339 68 550 339
79 85 359
564
607 158 68 527 68 607 158 68 19 85
569 68 158 108 68 189 68 189 68 517
550 158 118 68 517 68 189 68 189
283 68 569
261 86 68 124 68 397 68 397 68 397 68 397 68 397 68 397 68 397 68 189
397 68 517
19 85 68 158 108 68 5 189 68 241 68 640
430 149 550 158 108 68 158 108 68 158 108
503 189 68 189 68 617 149 68 189 68 189 68 189
64 211 108 68 189 68 189 68 189 68 189 68 189
189 68 158 108 68 158 108 68 430
339 551 68 85 359 389 158 108
43 158 68 5 68 149 68 569 68 85 51 86 68 85 68 85 68 19 85
149 550 158 68 189 68 517
85 359
564 68 5 68 68 149 68 189 68 189 68 189 68 189
397
153 68 550 501 68 5 68 189 68 189 68 550 158 108
397 68 405 108 68 405 108
430 85 359 389 158 85 359
5 68 397 68 517 68 189 68 517 68 517
189 68 81 68 607 158 68 569 68 517 68 189 68 189 68 189 68 189 68 189 68 189 68 189 68 158 108
189 68 569 68 397 68 397 68 397
339 551 68 189
397 68 397
5 68 211 211
283 68 158 108 68 397 68 397 68 397 68 397
189 68 5 68 64 211 108 68 397 68 397 68 397 68 241 359
211 68 517
245 449
43 158 68 370 68 397 68 397 68 397 68 517
85 359 550 158 85
283 68 158 108 68 397 68 64 211 108 68 397 68 241 68 241 68 241 68 241 68 241 359
503 158 108
359 359
189 68 81 68 189 68 189 68 189 68 189 68 189
189 68 283 68 189 68 189 68 189 68 569 68 569 68 189
527 68 189 68 607 158 68 189 68 64 211 108 68 189 68 189 68 189 68 189
189 85 359 389 479
370 68 5 68 405 68 189 68 64 211 108 68 189 68 240 389 85 359
87 359
70 158 68 81
43 158 68 163 68 68 149 550 158 68 189 68 430 149 550 158 108
5 108
64 211 108 68 64 550 158 108 68 397 68 397 68 85 359
5 68 370 68 397 68 158 108 68 397 68 241 68 241 68 241 68 241 68 241
261 86 68 370 68 5 68 370 68 397 68 397 68 397
5 68 527 68 5 68 189 68 189 68 189 68 189 68 189 68 149 389 158 108
189 68 5 68 397 68 397 68 397 68 397
261 86 68 158 108 68 607 158 68 189 68 189 68 189 68 189 68 189 68 189 68 189 68 607 158 108 68 607 158 108 68 189 68 189 68 189 68 607 158 108 68 607 158 108 68 607 158 108 68 607 158 68 189 68 189 68 189 68 607 158 108 68 607 158 108 68 607 158 108 68 607 158 68 607 158 189 68 370 68 261 86 68 607 158 68 607 158 68 607 158 68 607 158 68 607 158 108 68
85 70 158 68 397
503 158
261 86 68 5 68 189 68 189 68 189 68 189 68 189 68 189 68 189 68 189 68 189 68 189 68 189 68 189 68 189 68 189 68 189 68 189 68 189 68 189 68 189 68 189 68 189 68 5 189 68 189 68 189 68 189 68 189 68 550 501
64 211 108 68 640
211
651 123 68 241 68 607 158 68 241 68 241 68 189 68 241 430 68 64 211 108
564
87 449 68 124 68 64 211 108 68 64 211 108
211 299
197 86 68 5 68 189 68 189 68 189 68 189 68 189 68 189 68 189 68 189 68 158 108
607 158 68 397 68 64 211 108 68 189 68 397
527 68 5 68 68 68 189 68 158 108
405
43 158 85 149
564
5 68 149 550 158 108 68 19 85 68 19 85 68 19 85 68 64 211 108
261 86 68 158 108 68 85 68 85 359 68 85
189 68 569 68 81 68 189 68 189 68 64 211 108
397 68 85 359
527 68 607 158 68 405 68 405 68 517 68 517
261 86 68 158 108 68 397 68 430 149
189 68 158 108 68 397 68 64 211 108
189 68 550 158 299
85 550 158
527 68 607 158 68 397 68 85 359 68 85 359 68 85 359 68 85 359 68 85 359 68 85 359 68 85 359 68 85 359 68 189 68 241 68 397 68 397 68 189 68 85 68 85 359 68 85 359 68 85 359 550 158 108 68 397 68 85 68 85 68 85 68 85 68 85 68 85 68 85 68 85 68 85 68 189 68 85 68 85 68 85 68 85 68 85 68 85 68 85 68 85 68 189 68 189 68 189
569 68 85 258 85
569 68 158 108 68 189 68 189 68 158 108 68 189 68 189 68 189 68 189 68 158 108
19 85 68 158 108 68 5 189 68 241 68 640
527 68 607 158 68 189 68 189 68 189 241 359
527 68 607 158 68 607 158 68 607 158 68 607 158 68 527 68 189 68 189 68 189 68 189 68 189 68 406 158 108
569 68 550 158 108 68 189 68 189 211 108
261 86 68 158 108 68 430 68 339
153 68 158 108 68 189 68 189
189 68 158 108 68 158 108 68 430 68 19 85 68 430 68 241 68 19 85 68 19 85 68 607 158 108 68 19 85 68 607 158 108 68 607 158 108 68 607 158 108 68 607 158 108 68 19 85 68 19 85 68 19 85 68 607 158 108 68 43 158 108 68 607 158 108 68 607 158 108 68 607 158 108 68 607 158 68 607 158 68 607 158 68 19 108 68 19 85 68 19 85 68 607 158 108 68 607
189 68 5 68 85 359 68 339 68 397 68 517 68 517
321 68 5 68 19 85 68 189 68 19 85 68 189 68 241 68 241 68 189
158 85 359 211 68 189 68 189 211 189 211
569 68 85 359 68 189 68 189 68 189 68 189 68 85 359
189 550 158 108 68 430 68 517
569 108 68 158 108
189 211 241 359
189 68 64 211 149 68 430 149
189 68 503 189 68 283 68 189
430 149
527 68 607 158 68 283 68 189 68 158 68 189
261 86 68 245 449 68 158 108 68 569 68 85
651 123
189 68 189 68 189 68 189
503 189
5 68 258 149 68 189 68 189 68 189 68 189
607 479 68 189 68 158 68 158 118 68 430 68 158 108 68 43 158 68 158 68 158 68 43 158 68 43 158 68 43 158 68 607 158 68 43 158 68 43 158 68 43 158 68 189 68 43 158 68 241 68 189 68 241 68 43 158 68 43 158 68 43 158 68 189 68 43 158 68 43 158 68 43 158 68 607 158 68 43 158 68 43 158 68 43 158 68 43 158 68 43 158 68 43 158 68 43 158 68
5 68 370 68 5 68 189 68 241 68 241 68 189 68 189 68 241 68 189 68 189 68 241 359
406 158 359
64 211 108 68 569 68 569
397 68 158 108
170 108 68 211 108 68 189 68 359
43 158
607 479 68 527 68 397 68 189 68 569 68 569 68 189 68 569 68 189 68 189
283
430 68 245 247
197 86 68 5 68 569 68 569 68 569 68 189 68 189
189 68 5 189 68 5 189
189 68 81 68 430 68 517 68 517
564
283 68 517 68 5 68 189 68 149 68 189 68 189 68 149
43 158 68 163 68 149 68 189 68 430 68 189 68 85 68 85 68 189
5 68 241 68 241 68 241 68 241 359
607 158 68 607 158 68 607 158 68 607 158 68 607 158 68 607 158 68 607 158 68 189
370 68 5 68 68 397 68 397 68 397 68 397 68 397 68 397 68 397 68 397 68 397 68 397 68 397 68 397 68 397 68 397 68 397 68 397 68 397 68 68 68 397 68 397 68 397 68 397 68 397 68 397 68 397 68 397 68 397 68 288 68 397 68 397 68 397 68 397 68 397 68 397 68 397 68 397 68 397 68 397 68 397 68 397 68 397 68 397 68 397 68 397 68 397 68 397 68 397
5 189
527 68 607 158 68 81 68 189 68 189 68 189 68 189 68 158 108
64 211 108 68 607 158 68 189 68 19 85 68 189 68 19 85 68 189 68 189 68 19 85 68 607 158 108 68 19 85 68 189 68 241 68 607 158 108 68 607 158 108 68 607 158 108 68 19 85 68 19 85 68 19 108 68 241 68 241 68 64 211 108 68 19 108 68 607 158 108 68 19 108 68 607 158 108 68 64 211 108 68 64 550 158 108 68 607 158 108 68 607 158 108 68 607 158 108
189 68 158 211 68 359
43 158 68 5 189 68 189
417 85 68 85 152 389 158 108
503 569
430 199
189 68 189 68 189 68 189 68 189
261 86 68 158 108 68 430 68 430
43 158 68 51 108 68 607 158 68 64 211 108 68 189 68 64 211 108 68 64 211 108
527 68 607 158 68 81 68 339 68 569 68 569 68 569 68 569 68 550 158 108
85 359
158 108 68 5 68 430 68 85 359
189 68 5 68 569 68 569 68 241 359 389 158 118
189 108
5 68 258 149 68 81 68 189 68 241 68 5 189
189 68 5 68 81 68 189 68 569 68 569 68 189 68 149
64 211 108 68 569 68 241 68 241 68 241
240 211 85
240 240 211 85
5 68 295 149 68 430 68 430 68 240 550 158 108
85 430 199
564

64 550 487 149 68 397
569 68 550 158 108 68 189 68 550 158 108 68 189 68 550 158 108
231 240
405 85 359 211 108
607 158 68 170 68 397 68 607 158 68 397 68 607 158 68 397 68 607 158
430 149 550 158 108 68 85 359
189 68 124 68 158 108 68 397 68 569 68 569 68 569 68 569 68 569 68 569 68 158 108
503 158
564 68 158 108 68 607 158 68 517 68 397 68 569 68 430
241 68 189 68 189 68 189 241 430 68 189
189 68 158 108 68 189 68 189 68 189 68 189
339 68 550 158 108 68 397 68 397 68 189 68 189 68 70 158 68 189 68 189
5 68 241
417
43 158 68 607 158 68 607 158 68 607 158 68 607 158 68 607 158 68 607 158 68 607 158 68 607 158 68 607 158 68 607 158 68 607 158 68 607 158 68 527 68 607 158 68 607 158 68 607 158 68 607 158 68 607 158 68 607 158 68 527 68 527 68 527 68 607 158 68 607 158 68 607 158 68 607 158 68 607 158 68 607 158 68 607 158 68 607 158 68 607 158 68 607 158 68 527 68 527
189 68 370 68 397
240 389 85 359
5 68 81 68 189 68 189 68 241 68 189 68 189 68 189 68 241 68 189
189 68 370 68 5 68 397 68 569 68 397 68 397 68 569 68 397 68 397 68 397 68 397 68 397 68 397 68 397 68 397 68 397 68 397 68 397 68 397 68 253 68 397 68 397 68 397 68 397 68 397 68 397 68 397 68 397 68 397 68 397 68 397 68 397 68 397 68 397 68 397 68 397 68 397 68 397 68 370 68 370 68 397 68 397 68 397 68 397 68 397 68 397 68 397 68 397 68
607 158 68 607 158 68 607 158 68 607 158 68 189 68 64 211 68 189 68 189 68 189 68 189 68 189 68 64 211 108
503
189 68 517 68 517 68 607 158 68 569 68 569 68 189 68 550 158 68 189 68 189 68 189 68 189 68 517 68 517 68 189 68 189 68 189 68 189 68 189 68 189 68 189 68 189 68 517 68 517 68 189 68 189 68 189 68 189 68 517 68 517 68 607 158 189 68 517 68 517 68 517 68 550 158 189 68 189 68 550 158 189 68 607 158 543 68 607 158 189 68 517 68 607 158 189 68 189 68
87 108
5 68 569 68 19 85 68 19 85 68 189 68 19 85 68 85 68 19 85
397 108
211 199
593 149 68 370 68 189 68 19 85 68 85 359
283
261 86 68 5 68 158 108 68 241 68 241 68 241
479
189 258 85
569 68 550 158 108 68 189 68 339 68 189 68 158 108 68 158 108 68 189 68 158 108
5 85 359 68 241 359
550 501 68 87
43 158 68 550 158 68 189 68 189 68 189 68 189
607 158 68 170 359 68 189 68 359
189 68 5 68 517 68 517 68 517 68 517 68 43 158 68 43 158 68 43 158 68 43 158 68 43 158 68 43 158 68 43 158 68 43 158 68 607 158 68 189 68 607 479 68 607 158 68 397 68 397 68 43 158 68 43 158 68 189 68 550 501 68 607 158 68 550 501 68 607 158 68 550 501 68 607 158 68 189 68 607 158 68 607 158 68 607 479 68 607 158 68 607 158 68 607 158 68 189
189 68 5 68 241 68 189 68 189 68 189 68 189
149 550 158
64 211 108 68 569 68 569 68 19 85 68 189 68 19 85 68 19 85 68 19 85 68 19 85 68 19 85 68 19 85 68 189 68 241 68 241 68 64 211 108 68 64 211 108 68 64 211 108 68 64 211 108 68 64 211 108
261 86 68 158 108 68 339 68 339 68 397 68 569 68 158 108
261 86 68 158 108 68 158 108 68 569 68 397 68 430 68 19 85 68 19 85
607 158 68 527 68 607 158 68 527 68 397 68 189 68 430 68 189 68 189 68 189
569 68
43 158 68 593 163 68 149
397 68 5
359 389 158 108 68 569 68 405 108
283 68 430 68 607 158 68 607 158 68 607 158 68 607 158 68 527 359 68 607 158 68 607 158 68 607 158 68 607 158 68 397 68 189 68 527 68 527 68 527 68 527 68 607 158 68 527 359 68 607 158 68 607 158 68 397 68 253
189 68 550 158 68 397 68 397 68 397
370 68 5 68 5 68 189 68 189 68 189 68 189
607 158 68 550 501 68 397 68 517 85 359
5 68 81 68 189 68 569 68 85 359 68 189 68 189 68 189 68 189 68 189
5 68 550 501
607 479 68 517 85 359 68 85 359
5 68 5 68 397
189 68 5 68 189 68 189 68 569 68 569 68 189 68 189 68 149 550 501
405
370 68 397 68 5 68 189 68 158 108 68 189 68 19 85 68 19 85 68 158 108
283 68 158 108 68 569 68 569 68 569 68 189 68 189 68 19 85 359 68 189 68 158 108
569 68 64 211 108 68 189 68 189 68 189 68 189 68 189 68 189 68 189 68 189 68 189 68 189 68 189 68 64 211 108 68 189 68 189 68 189 68 189 68 64 211 108 68 189 68 64 211 108 68 189 68 189 68 189 68 189 68 241 68 64 211 108 68 64 211 108 68 64 211 108 68 64 211 108 68 189 68 64 211 108 68 64 211 108 68 189 68 189 68 64 211 108 68 189 68 19 108
87 68 158 108 68 5 68 189 68
211 359 68 241 359
370 68 5 68 550 501 68 189 68 189 68 149 550 501 68 189 68 189 68 189
389 339 68 405 108
339 551
261 86 68 607 158 68 607 158 68 607 158 68 607 158 68 19 85 359 68 189 68 189 68 607 158
261 86 68 158 108 68 158 108 68 569 68 397 68 430 68 19 85 68 19 85
564 68 5 68 189 68 189 68 189 68 189
5 68 245 449 68 397 68 397 68 397 68 397 68 397 68 397 68 397 68 189
397 68 189 68 189 68 397 68 397 68 397 68 397 68 397 68 397 68 397 68 397 68 397 68 397 68 397 68 397 68 397 68 397 68 397 68 397 68 397 68 397 68 397 68 397 68 397 68 397 68 397 68 397 68 397 68 397 68 397 68 550 158 108
64 211 108 68 189 68 64 211 108 68 189 68 189 68 189 68 189 68 189
593 163 68 370 68 5 68 370 68 569 68 189
283 68 517
569 68 527 68 189 68 189 68 85 359 68 189 68 189 68 189 68 189 68 189
153 189 68 158 108 68 189 68 158 108 68 189 68 189 68 189 68 189 68 189 68 189 68 158 108
19 85 68 158 108 68 370 68 397 68 85 359
87 68 550 158 108 68 189 68 64 211 108 68 64 211 108
417
611 240 359
397 85 359
430 149 550 158 149
189 68 5 68 68 68 189 68 189 68 189 68 189 68 189 68 189 68 189 68 189 68 68 359 68 359 68 68 68 189 68 189 68 189 68 189 68 68 68 68 68 68 68 68 283 68 283 68 283 68 5 189 68 189 68 189 68 189 68 189 68 283 68 68 68 68 68 68 189 68 189 68 189 68 189 68 189 68 68 68 68 68 68 68 68 68 189 68 189 68 189 68 189 68 189 68 189 68
503 189
87 359 68 569 68 569 68 189 68 517
607 158 85 68 85 503 158 68 158 108
564 68 607 158 68 81 68 189 68 64 211 108 68 189 68 64 211 108

283 68 158 108
607 158 68 550 158 68 189 68 158 108 68 158 108
283 68 158 108 68 405 108
240 51 85 359 68 397 68 241 359
85
261 86 68 5 68 81 68 189 68 189 68 189 68 189 68 189 68 189 68 189
43 158 68 258 149 68 569 68 430 68 569
189 290 85 359
64 211 108 68 569 68 189 68 189 68 189
527 68 607 158 68 405 68 405 68 517 68 517
189
607 158 68 397 68 64 550 501 68 397 68 397 68 189 68 64 211 108
261 86 68 158 108 68 569 68 569 68 569 68 569
86 68 569 68 359
527 68 607 158 68 397 68 85 359 68 85 359 68 85 359 68 85 359 68 85 359 68 85 359 68 85 359 68 85 359 68 189 68 241 68 397 68 397 68 189 68 85 68 85 359 68 85 359 68 85 359 550 158 108 68 397 68 85 68 85 68 85 68 85 68 85 68 85 68 85 68 85 68 85 68 189 68 85 68 85 68 85 68 85 68 85 68 85 68 85 68 85 68 189 68 189 68 189
64 211
283 68 158 108 68 607 158 68 607 158 68 5 68 189 68 241 68 241 68 189 68 189 68 5 189 68 19 85 68 241 68 189 68 189 68 5 189 68 81 68 81 68 5 189 68 19 85 389 158 108 68 241 68 241 68 189 68 189 68 81 68 81 68 19 85 68 241 68 5 189 68 5 189 68 189 68 189 68 81 68 81 68 81 68 19 85 68 64 211 108 68 241 68 607 158 108 68 189
417
261 86 68 158 108 68 339
19 85 68 517
406 158 359
189 68 5 68 189 68 189 68 189 68 189 68 189 68 189 68 550 501
79 359 68 64 211 108
189 68 158 108 68 397 68 397 68 569 68 569 68 569 68 569 68 517
87 68 607 158 68 607 158 68 607 158 68 397 68 607 158 68 607 158 68 607 158 68 87
197 86 85
189 68 253 68 189 68 189 68 241 359 389 158 108
211 149 211
189 68 283 68 158 108 68 158 108
607 158 68 189 68 189 149
527 68 607 158 68 607 158 68 189 68 64 211 108
43 158
283 68 158 108 68 397 68 19 85 68 85 359
189 68 550 158 108 68 430 68 430 68 5 68 189 68 430 68 430 68 189 68 189 68 189 68 189 68 430 68 241 68 189 68 189 68 189 68 189 68 189 68 550 158 108 68 189 68 550 158 108 68 189 68 241 68 241 68 189 68 550 158 108 68 607 158 108 68 550 158 108 68 550 158 108 68 550 158 108 68 550 430 68 550 158 108 68 550 158 108 68 189 68 607 158 108 68 189 68 607
261 86 68 124
405
79 359 68 64 211 108
405
397 68 189 68 189 68 189 68 189 68 189 68 189
569 68 158 108 68 189 68 189 68 241 68 189 68 189 68 189 68 189 68 189 68 189 68 189 68 189 68 85 359 68 189 68 189 68 189 68 189 68 189 68 189 68 189 68 189 68 85 359 389 158 108
543
153 68 158 108 68 64 211 108 68 189 68 189 68 189 68 64 211 108
406 430
527 68 569 68 85
189 68 158 118 68 189 68 189 68 189 68 189 68 189
189 68 5 68 550 501 68 189 68 158 108 68 158 108 68 158 108
611 85
651 123 68 189 68 189 68 189 68 189 68 189 68 189 68 189 68 189 68 189 68 189 68 158 108
64 211 108 68 5 68 85
240 389 158 359
339 68 550 158 118
370 68 5 68 5
189 68 81 68 569 68 569 68 569 68 569 68 569 68 370
261 86 68 158 108 68 158 108 68 607 158 68 607 158 68 64 211 108
651 123 68 5 189 68 149 68 189 68 189 68 189
607 158
87 85 359
389 158 359
405 68 405 85 359
261 86 68 124
261 86 68 158 108 68 189 68 189 68 158 108 68 5 189 68 5 189 68 158 108
607 158 68 527 68 607 158 68 189 68 607 158 68 607 158 68 607 158 68 189 68 607 158 68 607 158 68 527 68 607 158 68 189 68 607 158 68 607 158 68 527 359 68 607 158 68 527 359 68 607 158 68 189 68 607 158 68 607 158 68 527 68 607 158 68 527 68 607 158 68 607 158 68 607 158 68 607 158 68 607 158 68 607 158 68 607 158 68 607 158 68 607 158 68 607 68 607 68
564 68 607 158 68 81 68 5 68 85
607 158 68 527 68 189 68 189 68 331 149
5 68 258 68 149 68 430 68 189 68 430
397 68 569 108
211 543
564 68 158 108 68 158 108
189 68 550 501 68 5 68 189 68 149
43 158 68 365 152
339 85 430
211 199
189 68 5 68 550 501 68 189 68 158 108 68 158 108 68 158 108
149 550 158 108
5 68 543 550 158 68 81 68 189 68 189 68 189
189 68 5 68 430 68 430 68 189 68 430 68 189 68 430 68 189 68 189
397 68 241 68 569 68 189 68 569 68 189 68 189 68 189 68 64 211 108
87 68 158 108 68 569 68 569 68 430 68 430 68 430 199 68 569 68 569 68 430
430 85 359 68 85
211 199 68 85 359 68 85 359
240 389 339
85 152
189 68 241 359 68 189
197 86
564 68 5 68 550 501 68 397 68 397 68 397 68 397 68 397 68 397 68 397
43 158 68 5 68 370 68 189 68 569 68 569 68 189 68 149 550 158 108
397 68 85 359 389 158 118
261 86 68 124 68 189 68 189 68 64 211 108
607 158 68 241 68 241 68 241 68 241 68 241
87
564
189 68 81 68 189 68 158 108 68 189 68 569 68 189 68 189 68 85
43 158 68 501 68 87 68 158 108 68 158 108
5 68 241 359
397 68 550 158 108
79 85 359
569 68 85 359 68 85 359 68 85 359 68 397 68 397 68 85 359
607 158 68 397 68 397 68 430
158 108 68 85 241 68 85 359
261 86 85
564 68 158 108 68 517 68 517 68 517
288 68 189 68 607 158 68 189 68 19 85 68 189 68 189 68 189 68 189 68 189 68 158 108
288 68 283 68 569 68 189 68 189 68 158
64 211 108 68 5 68 85
189 68 85 359 68 85 359 389 158 108
261 86 68 261 86 68 569 68 85 359
564 68 158 108 68 569 68 569 68 569 68 189 68 189 68 19 85 359 68 189 68 19 85 359
258 258
241 359 389 85 359
189 68 158 108 68 189 68 189 68 241 359 389 158 108
564 68 158 108 68 189 68 158 108 68 430 68 430
607 479 68 189 68 64 211 108 68 569 68 19 85 68 19 85
397 68 245 449 68 517 149
43 158
261 86 85 359
79 359 389 158
5 68 527 68 81 68 189 68 189 68 189 68 189
5 189
503 189 68 158 108 68 569 68 569 68 503 189 68 158
87 68 517 68 517
607 155 68 64 211 68 569 68 569 68 569 68 19 85 68 19 85
607 479 68 550 501 68 397 68 19 85 68 569 68 19 85 68 19 85 68 19 85 68 19 85 68 569 68 19 85 68 569 68 189 68 550 158 108 68 550 158 108 68 19 85 68 19 85 68 19 85 68 19 85 68 64 211 108 68 550 158 108 68 19 108 68 550 158 108 68 550 158 108 68 550 158 108 68 550 158 108 68 550 158 108 68 19 108 68 19 85 68 550 158 108 68 550 158 108
43 158 68 5 68 81 68 189 68 569 68 189 68 550 158 108
197 86
19 85 68 339 68 19 85 68 569 68 569 68 569 68 19 85 68 19 85 68 19 85 68 19 85 68 19 85 68 19 108 68 19 85 68 19 108 68 19 108 68 19 108 68 19 85 68 19 85 68 19 85 68 19 108 68 19 108 68 19 108 68 19 108 68 19 108 68 569 68 19 108 68 19 108 68 19 108 68 19 108 68 19 108 68 19 108 68 19 108 68 19 108 68 19 108 68 19
5 68 370 68 5 68 189 68 189 68 189 68 189 68 189 68 189 68 189 68 189 68 189 68 189 68 189 68 189 68 189 68 189 68 189 68 189 68 189 68 189 68 189 68 189 68 158 108 68 189 68 189 68 189 68 189 68 189 68 550 501 68 189 68 189 68 189 68 189 68 189 68 189 68 189 68 189 68 550 501 68 550 501 68 189 68 189 68 189 68 189 68 189 68 189 68 189 68
87 68 81 68 397 68 397 68 569 68 397 68 189 68 241 359 389 158 108
527 68 5 68 501 68 397 68 640 68 640
503 189 68 158 108 68 189 68 569 68 211 108
406 430
261 86 68 149 68 607 158 68 607 158 68 607 158 68 149 550 501 68 607 158 68 607 158 68 607 158 68 607 158 68 607 158
397 68 158 108 68 189 68 189
359 550 158 85 359
593 163 68 189 68 189 68 189 68 240 211 108
607 158 68 527 68 397 68 189 68 189 68 331
64 211 108
85 359 389 339
405 68 19 85 68 64 550 158 149
43 158
149 550 501
651 123 68 189 68 517 68 189 68 189 68 189 68 189
240 211 68 64 211
43 158
197 86 68 339 68 189 68 189 68 124 68 397 68 397 68 397 68 397
607 158 68 543 550 158 108 68 569 68 430
79 158
87 68 19 85 68 640 68 189 68 640 68 5 189 68 85
189 68 158 108 68 189 68 189 68 405 68 569 68 70 158
64

189 68 85 359 68 189 68 189 68 241 68 640
158 108 68 527 68 158 108 68 430 68 158 108
261 86 68 158 108 68 5 189 68 331 149
607 479 68 550 501 68 397 68 158 108 68 397 68 397 68 397 68 397 68 397 68 397 68 397 68 397 68 19 85
189 258 189
607 158 68 550 158 68 81 68 189 68 189 68 189 68 189 68 189 68 189 68 189 68 189 68 189 68 189 68 189 68 189 68 189 68 189 68 189 68 189 68 189 68 189 68 189 68 189 68 189 68 189 68 189 68 189 68 189 68 550 158 108 68 189 68 189 68 550 158 108 68 189 68 550 158 108 68 550 158 108 68 550 158 108 68 550 158 149 550 158 108
5 189 211 85 359
564 68 158 108 68 569 68 569 68 517 68 517
339 551 68 158 108
64 211 108 68 569 68 64 211
564 68 569 68 370 68 5 68 397 68 397
70 158
288 68 397 68 158 108 68 189 68 189 68 189 68 189 68 189 68 189 68 189 68 158 108
607 479 68 5 68 189 68 430 68 430 68 189 68 189 68 430 68 607 158 68 189 68 607 158 189 68 607 158 189 68 607 158 189 68 189 68 607 158 189 68 68 550 158 189 68 43 158 68 607 158 68 189 68 189 68 189 68 189 68 406 158 68 189 68 189 68 550 158 189 68 607 158 189 68 607 158 189 68 550 158 68 68 68 68 550 158 68 607 158 189 68 43 158 189 68 189 68 607
397 68 517 68 517 68 517
5 68 81 68 189 68 189 68 241 68 189 68 189 68 189 68 241 68 189
64 211 68 607 158 68 189 68 550 339 68 189 68 189 68 64 211 108
564
261 86 68 158 108 68 569 68 569 68 569
64 211 68 607 158 68 607 158 68 607 158 68 607 158 68 64 211 68 607 158
241
189 68 5 68 550 501 68 189 68 189 68 189 68 189 68 189 68 189 68 189 68 189 68 189 68 189 68 189 68 189 68 189 68 189 68 189 68 189 68 189 68 189 68 189 68 189 68 189 68 189 68 189 68 189 68 189 68 189 68 550 501 108 68 189 68 189 68 189 68 189 68 550 501 68 189 68 189 68 189 68 189 68 189 68 550 501 68 189 68 189 68 189 68 189 68 189 68 189
405 85 359
607 158 68 64 211 108 68 64 211 108
283 68 158 108
5 68 5 68 241 68 241 68 241 68 241 68 189 68 241 68 241 68 241 68 241 68 241 68 241 68 241 68 241 68 241 68 189 241 68 241 68 241 68 241 68 241 68 241 68 241 68 241 68 241 68 241 68 241 68 241 68 241 68 241 68 241 68 241 68 241 68 241 68 241 68 241 68 241 68 189 68 241 68 241 68 64 211 108
607 158 68 607 158 68 397 68 397 68 550 158 108
405 68 405 68 640 68 5 189 68 430
359 550 158 85
189 68 158 108 68 189 68 569 68 189 68 189 68 189 68 189 68 189 68 189 68 158 108
261 86 68 158 108 68 569 68 569 68 397 68 397
170 108
85 359
64 211 108 68 397 68 241 68 241 68 241 68 241 152
607 479 68 550 158 68 19 85 68 85 68 569 68 85 359
189 68 569 68 569 68 189 68 189 68 569 68 189 68 569 68 189 68 189 68 189 68 189 68 189 68 569 68 189 68 189 68 189 68 189 68 189 68 189 68 189 68 189 68 189 68 569 68 569 68 189 68 189 68 189 68 189 68 397 68 569 68 189 68 189 68 569 68 189 68 569 68 569 68 189 68 189 68 189 68 189 68 569 68 569 68 189 68 189 68 569 68 189 68 189 68 189 68
189 68 124 68 5 68 189 68 189 68 397 68 189 68 189 68 189 68 189
189
189 68 5 68 550 501 68 189 68 85 359 68 189 68 189 68 189 68 189
43 158 68 550 158 108 68 64 211 108
564
283 68 158 108 68 607 158 68 607 158 68 607 158 68 607 158 68 607 158 68 607 158 68 607 158 68 607 158 68 607 158 68 607 158 108
189 68 158 108 68 397 68 397 68 397
321 359
527 68 5 68 158 108 68 569 68 569 68 569 68 430 68 430 68 19 85 68 19 85 68 19 85 68 158 108 68 569 68 189 68 189 68 19 85 68 19 85 68 19 85 68 19 85 68 19 85 68 19 85 68 19 108 68 19 85 68 550 158 108 68 19 108 68 19 108 68 569 68 19 108 68 19 108 68 550 158 108 68 19 85 68 19 85 68 19 85 68 19 108 68 19 108 68 19 108
197 85
124
359 389 158 108 68 569 68 405 108
569 68 85 152 68 517 68 189 68 517
397 85 359
158 359
283 68 245 449
19 85
189 68 5 68 550 501 68 189 68 517 68 189 68 189 68 189 68 189 68 189 68 158 108
5 68 189 68 5 68 189 68 241 68 241 68 189 68 241 68 241 68 189 68 189 68 241 68 241 68 241 68 241 68 241 68 189 241 68 241 68 241 68 241 68 241 68 241 68 241 68 241 68 241 68 241 68 241 389 158 108
85 68 527 68 607 158 68 607 158 68 397 68 397 68 85 359 68 85
359 389 85
5 68 189 68 189 68 189 68 158 108 68 397 68 189 68 189 68 189 68 189
87
158 108
189 68 550 501 68 64 211 108 68 64 211 108
261 86 68 124
189 68 64 211 68 189 68 85 359 550 158 108 68 189 68 430
359 70 158
283 68 5 68 68 149 68 189 68 158 108
87
607 158 68 253 68 189 68 85 359
370 68 397 68 397 68 158 189 68 158 108
397 68 19 85 68 517
611 108
189 68 158 108 68 158 108 68 569 68 569 68 569 68 430
564 68 158 108 68 569 68 569 68 569 68 397 68 397 68 64 211 108
153 68 158 108 68 189 68 189
87 85 359
430 85
189 68 158 108 68 189 68 189 68 189 68 189
527 68 5 68 68 189 68 158 108 68 189 68 189 68 158 108 68 189 68 189 68 158 108
607 158 68 550 158 68 397
158 108 68 5 189 68 405 68 405 68 569 68 569
189 149
5 68 370 68 5 68 189 68 189 68 189 68 189 68 189 68 189
64 211 108 68 189 68 19 85 68 569 68 19 85 68 19 85
607 158 68 543 68 189 68 189 68 569 68 189 68 189
405 85 359
85 359 550 158 108 68 517
79 85 359
527 68 5 68 241 68 85 359
607 68 283 68 19 85 68 569 68 550 158 68 189 68 569 68 550 158 108
283 68 5 68 370 68 397 68 397 68 397 68 397 68 569 68 397 68 397 68 189 68 569 68 397 68 569 68 397 68 397 68 189 68 189 68 397 68 189 68 550 158 108 68 397 68 550 501 68 397 68 397 68 397 68 397 68 241 68 550 501 68 607 158 108 68 550 501 68 5 68 607 158 108 68 397 68 550 158 108 68 607 158 108 68 607 158 108 68 607 158 108 68 607 158 189 68 607
64 211
87
430 199
607 479 68 189 68 189 68 189 68 430 149
276 85 68 5 68 158 108 68 189 68 517 68 517
283 68 569 68 569 68 569 68 19 85 68 569 68 569 68 19 85 68 19 85
189 68 81 68 5 68 149 550 158 543 68 189 68 149
64 211 108 68 189 68 85 359 68 189 68 569 68 85
564
607 158 68 5 68 81 68 240 211
5 68 258 149 68 405 68 189 68 189 68 189 68 189 68 430 68 517
87 108 68 189 68 5 68 189 68 189 68 397 68 397 68 189 68 189 68 189 68 54 86
189 68 5 68 158 108 68 158 108 68 158 108 68 158 108
64 211 108 68 397 68 569 68 19 85 68 569 68 19 85 68 19 85 68 189 68 19 85 359 68 19 85 68 19 85 68 189 68 241 68 241 68 189 68 19 85 68 19 85 68 19 85 68 19 85 68 19 85 68 19 85 68 241 68 241 68 19 108 68 19 85 68 241 68 19 85 68 19 108 68 19 108 68 241 68 19 85 68 19 85 68 19 85 68 19 85 68 64 550 158 108 68 19

607 158 68 64 211 108 68 189 68 517 68 43 158 68 43 158 68 43 158 68 189 68 158 68 607 158 68 64 211 108
240 211 108
607 158 68 258 149 68 158 68 189 68 158 189 68 158 108
189 68 5 68 158 108 68 158 189 68 158 189 68 158 189 68 607 158
517 359
550 158 543 68 64 211 149
283 68 550 501 68 607 158 68 189 68 64 211 108 68 64 211 108
651 123 68 85 68 85 68 85 68 85 68 64 211 108
607 158 68 81 68 189 68 569 68 569 68 569 68 158 108
406 199
189 68 283 68 569 68 430
87 68 543 68 397 68 397 68 397 68 397 68 397
43 158 85 359
5 68 258 68 149 68 569 68 19 85 68 569 68 189 68 19 85 68 19 85
261 86 68 245 449 68 158 108 68 430 68 397 68 241 68 241 68 397 68 397 68 241 359
245 449
170 108
397 68 370 68 397
283 68 569
607 155 68 81 68 189 68 189 68 158 108 68 149 550 158 108
389 339
5 68 370 68 189 68 189 68 430 68 517
261 86 68 370 68 5 68 149 68 569 68 397 68 569 68 569 68 397
569 68 550 158 108 68 189 68 189 68 85 359 389 158 108
68 5 189 68 607 158 68 189 68 550 158 68 189 68 550 158 108 68 189 68 189 68 550 158 108
189 68 245 449 68 517 68 517 68 517 68 517
189 68 5 68 64 211 108 68 64 211 108 68 64 211 108 68 64 211 108
5 68 527 68 543 68 149 68 189 68 149 68 569 68 149 550 158 108
261 86 68 607 158 68 607 158 68 607 158 68 397 68 370 68 397 68 397 68 158 108
43 158 68 51 108 68 607 158 68 64 211 108 68 189 68 64 211 108 68 64 211 108
569 68 158 108 68 5 189 68 189 68 189
629 68 405 68 405 108
405 68 405 85 359
64 211 108 68 5 189 68 569 68 19 85
5 68 569 68 19 85 68 569 68 569 68 569
611 359
261 86 68 245 449 68 569 68 85 359 68 85 359 550 158 108 68 64 211 108
339 68 397 68 569 68 158 108 68 158 108 68 158 108 68 158 108
261 86 68 569 68 569 68 189 68 158 108
569 68 158 108 68 158 108 68 5 189 68 241 68 241 68 241 211 108
189 68 158 108 68 339 68 339 68 189 68 158 108 68 158 108
370 68 607 158 68 81 68 5 189 68 517
211 149
405 68 405 68 5 189 68
43 158 68 5 68 158 108 68 158 108 68 158 108 68 158 108 68 158 108 68 158 108
43 479 68 517
564 68 158 108 68 189 68 189 68 158 108
43 158 68 43 158 68 607 158 68 189 68 430 68 430 149 550 501 68 189 68 189 68 158 108
189 68 158 108 68 5 68 189 68 189 68 149 211
283 68 245 449 68 5 68 569 68 85 359 68 569 68 85
124
189 68 81 68 189 149 389 158
607 158 68 81 68 5 68 241 68 241 68 241
197 86
339 68 550 501
79 158
543 211 68 189 68 64 211 108 68 189 68 569 68 189 68 189 68 189 68 189 108
370 68 5 68 370 68 397 68 397 68 397 68 397 68 397 68 397
189 68 158 108 68 397 68 397 68 189 68 189 68 430 68 430 68 189 68 189
261 86 68 124
5
189 68 81 68 189 68 189 68 64 211 108
189 68 158 108 68 19 85 68 64 211 108
189 68 81 68 5 68 189 68 189 68 189 68 189 68 189 68 189 68 189
607 479 68 550 158 108
261 86 68 158 108 68 607 158 68 607 158 68 607 158 68 607 158 68 607 158 68 607 158 68 607 158 68 607 158 68 607 158 108
43 158 68 550 158 68 607 158 68 397 68 397 68 550 158
86 211 108
261 86 68 245 149
569 68 85 359 68 397 68 397 68 397 68 397 68 397 68 397 68 397
87 68 124
158 85 359
189 68 158 108 68 64 211 108 68 189 68 517
189 68 527 68 397 68 85 68 189 68 189 68 189 68 85
397 68 85 359
479 85 68 550 158 108 68 189 68 19 85 359
240 359
124
564 68 5 68 569 68 569 68 19 85 68 19 85 68 19 85
405 68 405 68 5 189 68 430 68 430
64 211
240 389 430
261 86 68 86 68 158 108 68 569 68 569 68 569 68 430 199
607 68 5 68 189 68 517 68 189 68 517 68 189 68 517 68 517
189 68 158 108 68 397 68 430 68 189 68 430 68 189 68 149 550 501 68 189 68 158 108
241 68 158 108 68 607 158 68 607 158 68 607 158 68 241 68 607 158 68 569 68 241 68 569 68 569 68 569 68 607 158 189 68 241 68 241 68 569 68 19 85 68 569 68 569 68 19 85 68 569 68 569 68 189 68 189 68 241 68 19 85 68 19 85 68 19 85 68 607 158 108 68 19 68 569 68 241 68 241 68 19 85 68 19 85 68 607 158 68 241 68 241 68 19 85 68 19 108
189 68 517 68 607 158 68 189 68 517
5 68 283 68 189 68 158 108
261 86 68 86 68 5 68 149 68 149
43 158 68 245 449
479
64 211 108 68 85
189 85 430 199
85 389 158 108 68 517 149
607 155 68 550 501 68 189 68 158 68 158 108 68 158 108
397 68 136 479 68 517 68 241
503 189
430 199
283 68 124 68 5 68 81
43 158 68 5 68 19 68 19 85 68 569 68 240 211 108
124
197 86
189 241 430
607 479 68 550 501 68 397 68 158 108 68 43 158 68 43 158 68 43 158 68 43 158 68 43 158 68 43 158 68 43 158 68 189 68 43 158 68 43 158 68 43 158 68 43 158 68 550 501 68 43 158 68 43 158 68 43 158 68 43 158 68 43 158 68 43 158 68 43 158 68 43 158 68 43 158 68 43 158 68 43 158 68 43 158 68 43 158 68 43 158 68 43 158 68 43 158 68 43
283 68 569 68 569 68 569 68 569 68 569 68 569 68 19 85
79 158 108 68 85 359 68 85 359
564 68 5 68 87 68 543 68 189 68 189 68 517
85 359 68 370 68 5
189 68 527 68 5 68 189 68 569 68 569 68 569 68 569 68 19 85 359 68 189 68 19 85 359 68 569 68 569 68 569 68 189 68 189 68 189 68 189 68 81 68 189 68 189 68 19 85 68 569 68 19 85 68 19 85 68 19 85 68 81 68 81 68 19 108 68 569 68 569 68 569 68 569 68 189 68 19 85 68 81 68 19 85 68 19 108 68 19 85 68 19 108 68 19 108 68 189
564 68 5 68 68 68 189 68 149 68 189 68 189 68 189 68 149
43 158
189 68 158 108 68 158 108 68 158 108 68 158 108
87 68 70 158
5 189 68 430 149
153 189 68 64 550 158 149
189 68 5 68 241 68 241 68 189 68 5 189 68 5 189 68 241 68 189
564 68 158 108 68 5 68 189 68 430 68 569 68 189 68 430 199
607 158 68 607 158 68 607 158 68 607 158 68 189 68 158 68 607 158
283 68 339 68 550 158 108 68 397 68 124
5 68 81 68 19 85 68 189 68 158 108 68 189 68 189 68 19 85
5 68 550 158 108 68 517
261 86 68 5 68 158 108 68 405 108
607 158 68 550 501 68 189 68 189 68 189 68 211
607 479 68 5
359 503 189 68 501 85 359
283 68 5 68 370 68 397 68 397 68 397 68 397 68 569 68 397 68 397 68 189 68 569 68 397 68 569 68 397 68 397 68 189 68 189 68 397 68 189 68 550 158 108 68 397 68 550 501 68 397 68 397 68 397 68 397 68 241 68 550 501 68 607 158 108 68 550 501 68 5 68 607 158 108 68 397 68 550 158 108 68 607 158 108 68 607 158 108 68 607 158 108 68 607 158 189 68 607
607 68 527 68 607 158 68 19 85 68 158 108
607 158 85
87 68 70 158
87 108 68 64 550 501 68 397 68 124
79 158 85 359
79 158 108
564 68 158 108 68 569 68 569 68 569 68 211 108
5 68 550 158 108
124
5 68 5 68 397
405
64 211 108 68 397 68 189 68 189 68 397 68 397 68 189 68 189 68 189
124
86 258 68 241 359 68 241 359
64 211 108 68 397 68 569 68 569 68 569 68 85 359 389 158 108
607 479 68 397 68 397 68 569 68 569 68 569 68 569 68 569 68 569 68 569
607 158 68 5 68 211 68 189 68 211 189
189 85 359
189 211 85 359
283 68 85 359
406 189
564 68 158 108 68 189 68 189 68 189 68 189 68 189 68 189 68 189 68 189
261 86
5 189 68 158 108 68 569 68 158 108
231 240
189 68 5 68 149 550 86 68 240 389 158
607 479 68 87 68 577 68 339 68 211
564 68 158 108 68 569 68 569 68 569 68 569 68 569
189 68 5 68 550 501 68 241 68 517 68 397 68 241 68 241 68 397 68 189
527 68 5 68 68 189 68 189 68 85 359 68 189 68 85 68 189 68 189 68 158 108
527 68 607 158 68 189 68 19 85 68 569 68 569 68 85 359 68 189 68 189 68 85 359 68 19 85 68 85 68 189 68 189 68 189 68 189 68 189 68 189 68 189 68 189 68 85 359 68 19 85 68 19 85 68 19 85 68 85 68 527 108 68 189 68 19 85 68 19 85 68 19 85 68 189 68 189 68 19 85 68 19 85 68 19 85 68 19 85 68 19 85 68 19 108 68 19 108 68
607 158
261 86 68 370 68 607 158 68 607 158 68 397 68 397 68 569 68 397 68 189 68 241 68 397 68 241 68 569 68 189 68 189 68 189 68 397 68 189 68 19 85 68 569 68 19 85 68 569 68 569 68 189 68 241 68 241 68 19 85 68 19 85 68 19 85 68 19 85 68 189 68 569 68 189 68 189 68 550 158 108 68 19 85 68 19 85 68 241 68 241 68 241 68 569 68 19 85 68
397 68 158 108 68 5 189
5 68 81 68 189 68 189 68 189 68 189 68 189 68 189 68 189 68 189 68 189 68 189 68 189 68 189 68 189 68 189 68 189 68 189 68 189 68 81 68 81 68 189 68 189 68 189 68 81 68 189 68 189 68 189 68 189 68 189 68 81 68 81 68 189 68 189 68 189 68 189 68 189 68 189 68 189 68 189 68 81 68 189 68 19 85 389 158 108
43 158 68 550 158 68 189 68 189 68 189 68 189
370 68 5 68 81 68 189 68 569 68 569 68 189 68 569 68 569 68 189 68 19 85 359
43 158 85 149
4 240
593 149 68 158 108 68 189 68 158 108 68 189 68 189 68 19 85
370
43 158
397 68 283 68 189 68 189 68 189
189 68 5 68 550 501 68 189 68 189 68 189 68 189 68 189 68 189 68 189 68 189 68 189 68 189 68 189 68 189 68 189 68 189 68 189 68 189 68 189 68 550 501 85 68 189 68 550 501 85 359 389 158 108
564 68 158 108 68 607 158 68 607 158 68 607 158 68 5 68 19 85 359
197 85
87 68 158 108 68 607 158 68 607 158 68 607 158 68 19 85 68 607 158 68 19 85 359
370 68 5 68 68 68 189 68 149 550 158 108 68 189 68 189 68 189 68 189 68 189 68 19 85
430 68 189 68 158 108 68 189 68 430 199
370 68 5 68 5 68 241 68 241 68 241 68 241 68 241 68 241 68 241 68 241 222 108
85 152
70 189
430 149 550 158 149
43 158 68 569 68 283 68 189 68 170
397 68 405 108
197 86 68 5 68 189 68 430 149 550 501 68 430 68 430 149 550 501 85
85 51 86
406 149
189 68 81 68 241 68 85 359 550 158 108 68 85 359 550 158 108 68 85
153 189
564 68 370 68 5 68 149 68 149 68 64 211 108 68 189 68 64 550 501 85
405 85 68 569
158 108
43 158 108 68 550 158 149 68 149 550 158 149
85 359
189 68 550 501 68 397 68 517 68 517 68 517 68 517 68 517 68 189 68 189
527 68 607 158 68 607 158 68 607 158 68 189 68 19 85 68 189 68 189 68 158 108
564 68 158 108 68 607 158 68 405 68 607 158 68 607 158 68 607 158 68 607 158 68 607 158 68 43 158 68 43 158 68 607 158 108
189 68 5 68 189 68 189 68 85 359 68 189 68 189 68 85 68 189 68 189 68 158 108
189 68 81 68 397 68 397 68 397 68 397 68 397 68 397 68 397 68 397 68 189
283 68 5 68 149 68 149
149 550 339 68 503 189
87 68 158 108 68 397 68 189 68 158 108 68 189 68 19 85 68 189 68 158 108
189 68 5 68 158 108 68 189 68 158 108 68 189 68 189 68 607 158 68 189 68 158 108
283 68 569 68 19 85 68 19 85 68 241 68 241 359
149 550 158 149
64 211 108 68 405
43 158 68 550 158 149
527 68 5 68 158 108 68 607 158 68 607 158 68 607 158 68 607 158 68 607 158
189 68 81 68 189 68 189 68 189 68 189
43 158 68 501 68 517
607 158 68 81 68 607 158 68 569 68 569 68 430 68 430 68 189 68 19 85 68 430 68 607 158 68 569 68 569 68 189 68 189 68 189 68 189 68 81 68 81 68 607 158 108 68 158 108 68 569 68 189 68 189 68 189 68 550 158 108 68 81 68 19 85 68 550 158 108 68 158 108 68 607 158 108 68 550 158 108 68 550 158 108 68 19 68 569 68 569 68 569 68 569 68 569 68 550
85 68 527 68 607 158 68 81 68 189 68 85 359
43 158 108
283 68 189 68 158 108 68 569 68 64 211 108
261 86 68 124
240 550 158 68 85 359
189 85 359
211 359 68 501 85 359
550 158 68 550 158
197 86 68 5 68 158 108 68 189 68 430 68 149 550 158 108 68 19 85 68 189 68 19 85 68 189 68 158 108 68 189 68 189 68 189 68 189 68 189 68 189 68 189 68 189 68 550 158 108 68 189 68 189 550 158 108 68 550 501 68 405 108 68 189 68 550 158 108 68 189 68 550 158 108 68 189 68 550 158 108 68 550 158 108 68 19 108 68 19 108 68 550 158 108 68 550 158 108
43 158 68 5
189 68 5 68 81 68 189 68 241 68 241 68 189 68 241 68 64 211 108
339
261 86 68 5 68 241 68 241 68 241 68 241 359 389 158 108
397 68 158 108 68 64 211 108 68 241 68 189 68 85
564 68 158 108 68 5 68 189 68 189 68 189 68 158 108
261 86 68 370 68 397
607 158 68 70 158 68 70 158
189 68 527 68 5 68 189 68 189 68 85 152 550 158 108
87 359
406 199
85 359
197 86 68 5
370 68 5 68 241 68 85
85 550 158 108 68 64 211 108
261 86 68 124 68 5 68 189 68 569 68 569
85 359
189 68 406 158 108 68 189 68 189 68 189 68 189 68 189 68 189 68 189 68 189 68 158 108
339
503 189 68 81 68 189 68 5 68 397 68 397 68 397 68 397 68 397 68 189 68 189 68 189 68 189 68 189 68 397 68 189 68 189 68 189 68 81 68 81 68 81 68 189 68 5 189 68 81 68 397 68 397 68 397 68 397 68 550 158 108 68 81 68 189 68 550 158 108 68 5 189 68 397 68 189 68 189 68 81 68 81 68 81 68 550 158 108 68 5 189 68 5 189 68 189 68 81
64 211 108
564 68 607 158 68 607 158 68 607 158 68 607 158
370 68 607 158 68 397 68 397 68 397 68 397 68 189 68 189 68 189 68 189 68 189 68 189 68 189 68 158 108
569 68 640 68 64 211 108
359
149 550 86
607 158 68 359 389 158
569 68 359 550 501 68 189 68 189 68 189 68 189
189 211 85 359
189 389 339
189 68 5 68 550 501 68 158 108 68 397 68 397 68 241 68 241 68 189 68 189 68 158 108
607 155 68 64 211 68 64 211 108 68 64 211 108 68 64 211 108 68 64 211 108

607 158 68 5 68 550 501 68 189 68 550 501 68 189 68 607 158 68 607 158 68 607 158 68 607 158 68 607 158 68 607 158 68 189 68 607 158 68 607 158 68 607 158 68 607 158 68 550 501 68 607 158 68 550 501 68 607 158 68 550 501 68 607 158 68 550 501 68 607 158 68 5 68 607 158 68 607 158 68 607 158 68 607 158 68 607 158 68 607 158 68 607 158 68 607 158 68 607
189 68 81 68 158 108 68 430 68 517 68 517 68 517
607 479 68 543 550 501 68 397 68 517 68 397 68 397 68 189 68 397 68 189 68 85 359

241
569 68 158 108 68 5 68 189 68 430 68 189 68 189 68 430 68 189 68 189 68 430 68 43 158 108 68 569 68 189 68 189 68 189 68 189 68 189 68 158 108 68 370 68 569 68 550 158 108 68 189 68 189 68 189 68 189 68 19 85 68 569 68 569 68 550 158 108 68 569 68 550 158 108 68 550 158 108 68 550 158 108 68 569 68 550 158 108 68 569 68 550 158 108 68 569 68 550
189 68 517 68 517 68 607 479
503 189
607 479 68 240 211 108 68 19 85
5 68 258 149 68 158 108 68 189 68 189 68 189 68 430 68 430 68 189
189 68 550 501 68 5 68 85 152 68 85 68 85
527 68 607 158 68 81 68 189 68 189
550 158 108
607 158 68 359 550 339 68 339
211 85 359
5 108
607 158 68 241 68 241 68 569 68 241 359
189 68 158 108 68 189 68 189 68 189 68 189 68 189 68 189 68 189 68 189 68 158 108 68 158 108 68 158 108 68 189 68 189 68 189 68 189 68 189 68 68 68 68 189 68 158 108 68 68 189 68 189 68 189 68 189 68 189 68 550 158 108 68 189 68 550 158 108 68 189 68 550 158 108 68 189 68 550 158 108 68 68 68 550 158 108 68 189 68 550 158 108 68 189 68 189 68 189
211 543 211 108
569 68 397 68 85 359 68 189 68 85 359 68 85 359
569 68 64 211 108 68 85
479
611 108
64 211 108 68 189 68 189 68 430 68 189 68 189 68 430 68 189 68 189
527 68 569 68 68 68 189 68 189 68 569 68 189 108
43 158 68 241 68 85 359 68 189 68 189 68 189
261 86 68 158 108 68 5 68 189 68 189 68 189 68 189 68 189 68 189
359 550 158 108 68 640
189 68 550 501 68 5 68 241 68 241 68 241 68 241 211 240 211 108
64 211 108 68 189 68 158 108 68 189 68 189 68 189 68 64 211 108
64 211 108 68 569 68 19 85 68 241 68 241 68 241 68 241 68 241
564 68 158 108 68 189 68 189
283 68 158 108 68 5 68 189 68 189 68 149 550 158 108 68 189 68 189 68 189 108
527 68 5 68 158 108 68 189 68 189 68 85 359 389 158 108
43 158 68 550 158 68 189 68 19 85 68 189 68 189 68 189 68 189 68 189 68 189 68 241 68 189 68 189 68 189 68 189 241 68 189 241 68 189 68 189 68 189 68 189 68 189 68 550 158 108 68 189 68 189 241 68 189 241 68 550 158 108 68 189 68 550 158 108 68 189 68 550 158 108 68 189 68 189 68 550 158 108 68 550 158 108 68 189 68 189 68 189 68 189 68 189 68 189
19 85 68 158 108 68 189 68 64 211 108
86 170 359
189 68 569 68 569 68 189 68 189 68 189 68 189 68 189 68 189 68 189
19 85 68 158 108 68 397 68 550 501 68 397 68 397 68 550 501
527 68 607 158 68 81 68 607 158 68 189 68 189 68 430 68 189 68 189 68 189
569 68 19 85 68 158 108 68 569 68 158 108 68 158 108
189 68 158 108 68 189 68 158 108 68 189 68 189
189 68 124 68 189 68 189 68 189 68 241 359 389 85 359
339
197 85
43 158 68 51 108 68 397 68 189 68 430 68 189 68 85 359
283 68 5 68 370 68 370 68 397 68 569 68 85
607 479 68 211 68 158 68 158 108 68 240 211
405 85 359
527
611 189 108
87 68 517 68 607 158 68 607 158 68 397 68 189 68 550 158 68 189 68 189
607 68 527 68 5 68 149 68 158 189 68 149
569 68 158 108 68 158 108 68 158 108 68 158
19 85 68 241 359
629
64 211
527 68 607 158 68 607 158 68 607 158 68 607 158 68 258 149
189 68 5 68 517 68 517 68 517 68 517 68 517
607 158 68 43 158 68 607 158 68 607 158 68 607 158 68 43 158 68 607 158 68 43 158 68 43 158 68 607 158 108
189 211 85 359 68 158 118
276 85 68 5 189 68 149 550 158 108
189 68 81 68 189 68 189 68 189 68 85 359
370 68 5 68 370 68 397 68 569 68 397 68 569 68 569 68 569 68 569 68 19 85 359
189 68 550 501
4
503 158
87
87 68 158 108 68 569 68 19 85 68 19 85 68 19 85 68 19 85
283 68 158 108 68 569 68 569 68 569 68 189 68 189 68 19 85 359 68 189 68 158 108
430 149 550 158 108 68 430
189 68 64 211 108 68 397 68 397 68 569 68 569 68 569 68 397 68 569 68 241 359 68 397 68 569 68 397 68 397 68 189 68 397 68 397 68 397 68 241 68 397 68 397 68 397 68 397 68 397 68 397 68 397 68 397 68 241 68 64 211 108 68 241 68 241 68 397 68 397 68 241 68 397 68 189 68 241 68 241 68 64 211 108 68 64 550 158 108 68 241 68 64 211 108 68 64 550
85 430 359 389 158 108 68 158 108
527 68 5 68 241 68 241
261 86 68 124
405 85 152 68 124
211 543
189 68 81 68 189 68 189 68 64 211 108
189 85 359 68 158 108 68 430
607 68 527 68 5 68 370 68 370 68 397
5 108
43 158 68 258 68 569 68 211 189 68 517
261 86 68 5 68 189 68 339
339 68 550 501 68 189 68 19 85 68 189 68 189 68 19 85 68 189 68 158 108
607 158 68 527 68 5
607 479 68 189 68 85 68 85 68 189 68 85 359
189 68 158 108 68 158 108
405 68 189 68 517
607 158 68 258
527
240 240 211 85
240 389 85 359
430 149
261 86 68 5 68 569 68 569 68 569 68 569 68 569 68 569 68 569 68 189 68 19 85 359
527 68 5 68 85 68 517 68 517 68 517 68 517
527 68 607 158 68 158 68 19 85 68 189 68 158
5 68 258 68 81 68 189 68 189 68 189 68 189 68 189 68 19 85
527 359
503 189 68 85
261 86 68 158 108 68 607 158 68 397 68 397
241 68 405 108
607 158 68 607 158 68 550 158 68 19 85 68 569 68 158 108
87 68 283 68 158 108 68 189 68 158 108 68 189 68 158 108 68 158 108
43 158 68 241
4 240
607 479 68 5
261 86 68 370 68 5 68 370 68 397 68 397 68 189 68 19 85
5 68 397 68 370 68 397 68 241 68 241
261 86 68 158 108
261 86
607 158 68 550 158 68 222
158 108 68 19 85 68 569 68 569
261 86 68 245 449 68 149 68 569 68 569 68 569
189
564 68 158 108 68 189 68 189 68 189 68 189 68 189 68 240 389 158 108
370 68 5 68 550 501 68 189 68 189 68 189 68 189 68 149
527 68 607 158 68 81 68 189 68 189 68 158 108
261 86 68 5 68 64 211 108
517 85 359
527 68 5 68 543 68 189 68 158 108 68 189 68 19 85 68 19 85
189 85 359
517
397 68 550 158 108 68 397 68 189 68 189 68 189 68 189 68 85 359 550 158 108
19 85 68 158 108 68 397 68 241 68 241 68 397 68 241 68 241 68 397 68 189 68 241 68 241 68 241 68 241 68 189 68 189 68 241 68 241 68 241 68 241 68 241 68 241 68 241 68 241 68 241 68 241 68 241 68 397 68 241 68 241 68 241 68 241 68 241 68 241 68 241 68 241 68 189 68 189 68 241 68 241 68 241 68 241 68 397 68 397 68 241 68 241 68 189 68 189 68
607 158 68 81 68 189 68 189 68 189 68 189
5 68 258 149 68 149 550 158 108 68 430 68 189 68 430
240 430
189 68 189 68 517 68 397 68 189 68 517 68 189 68 158 543 211 108
617 68 189
527 68 607 158 68 527 68 189 68 85 359
19 85 68 19 85
189 68 5 68 149 550 501 68 19 85 68 569 68 430
189 68 81 68 189 68 189 68 189 68 64 211 108
189 68 81 68 5 68 189 68 189 68 189 68 189 68 189 68 189 68 189 68 189 68 158 108
261 86 68 86 68 158 108 68 158 108 68 569 68 19 85
479 85 359
43 158 68 593 149 68 607 158 68 189 68 19 85 68 189 68 19
430 359 211
607 158 68 527 68 5 68 189 68 550 158 108 68 189 68 550 158 108 68 189 68 158 108
405 68 430 108 68 19 85 68 19 85
189 68 81 68 607 158 68 158 68 607 158 68 397 68 550 501 68 607 158 68 189 68 189 68 189 68 158 108 68 607 158 108
85 51 85 68 5 189
564 68 158 108 68 569 68 517 68 517
397 68 158 108 68 5 189 68 550 158 108
564 68 158 108 68 5 68 569 68 569 68 569 68 19 85 359
189 68 158 108 68 189 68 85
231 240
189 68 5 68 405 68 405 108 68 19 85 68 19 85 68 64 211 108
189 68 283 68 5 189 68 189 68 189
5 68 258 68 81 68 189 68 569 68 569 68 189 68 189 68 569 68 189
87 68 543 550 501 68 607 158 68 19 85 68 397 68 64 211 108
189 68 550 501 68 397 68 19 85 68 569 68 569 68 430 68 569 68 569 68 158 108
261 86 68 245 449 68 569 68 85 359
607 158 68 550 158 68 222
527 68 189 68 607 158 68 189 68 64 211 108 68 189 68 189 68 189 68 189
550 501 68 64 211 108
339 68 550 158 108 68 397 68 569 68 569 68 64 211 108
527 68 5 68 359
87 449 68 430 68 569 68 569 68 517 359
261 86 68 245 449 68 158 108 68 569 68 85
5 68 258 68 81 68 189 68 158 108 68 189 68 189 68 189 68 189 68 189
397 68 359
108 68 124
51 86 68 158 108 68 5 189 68 19 85
321 152
283 68 550 501 68 397 68 569 68 550 501 68 397 68 189 68 550 501 68 189 68 158 108
503 158
288 68 397 68 5 68 149 550 501 68 189 68 189 68 149 550 501 68 189 68 189 68 19 85 359
211 85 359
405 149
261 86 68 245 449 68 158 108 68 64 211 108
189 68 569 68 569 68 569 68 85 359 389 158 108
397 68 158 108 68 189 68 189
189 68 158 108 68 5 189 68 189 68 550 158 108
64 211 108 68 5 108
64 211
153 68 158 108 68 607 158 68 81 68 189 68 189 68 189 68 569 68 189 68 158 108
43 158 68 19 85 68 158 108 68 241 68 241 68 241 68 241 68 241
189 68 5 68 81 68 189 68 569 68 550 158 108 68 189 68 550 158 108 68 189 68 569 68 569 68 569 68 569 68 189 68 189 68 189 68 370 68 81 68 550 158 108 68 550 158 108 68 550 158 108 68 550 158 108 68 189 68 550 158 108 68 81 68 550 158 108 68 569 68 550 158 108 68 550 158 108 68 550 158 108 68 550 158 108 68 550 158 108 68 550 158 108 68 569 68 550 158
261 86 68 124 68 158 108 68 158 108 68 189 68 189 68 158 108 68 189 68 189 68 158 108
564 68 158 108 68 189 68 158 108 68 569 68 189 68 430 68 189 68 189 68 189
5 189 68 19 85
79 158 108 68 607 158 68 607 158
124
527
527 68 569 68 189 68 189 68 64 211 108
189 68 5 68 503 158 68 569 68 211 108 68 517
170 359
5 68 81 68 81 68 189 68 569 68 569 68 189 68 189 68 550 158 108
397 68 43 158 68 43 158 68 397 68 397
211 359 389 158 118
124
149 68 359

189 68 158 108 68 397 68 397 68 397 68 397
397 68 550 158 118
607 158 68 108 68 158 68 569 68 19 85 68 19 85 68 19 85 68 19 85 68 158 108
43 158 68 158 68 81 68 189 68 189 68 189 68 189
211 543
397 68 397 68 569 68 569 68 569 68 569 68 85 68 550 501 85 68 517
607 158 68 79 501 68 397 68 85
43 158 68 5 189
85 51 85 359 68 158 108 68 158 108
283 68 158 108 68 5 68 189 68 241 68 189 68 189 68 430 68 189 68 189 68 189 68 189 68 189 68 241 68 241 68 189 68 189 68 189 68 189 68 189 68 189 68 189 68 5 189 68 5 189 68 241 389 158 108
517 85 359 68 517 85
261 86 68 569 68 370 68 5 68 370 68 397
283 68 517 85 359 68 158 108
651 359
189 68 158 108 68 607 158 68 189 68 189 68 189 68 189
189 68 81 68 158 108 68 158 108 68 189 68 158 108
87 85 359
64 211 108 68 189 68 189 68 85 359 68 189 68 85
189 68 158 108 68 189 68 189 68 189 68 189 68 189 68 158 543 550 501
370 68 607 158 68 607 158 68 241 68 241 68 189
607 158 68 550 501 68 241 68 241 68 241 68 241
283 68 569 68 569 68 189 68 569 68 569 68 189
517 85 359
87 68 5 68 503 189 68 503 189 68 503 189 68 569 68 405 189
189 68 5 68 241 68 241 68 241 68 241 359 389 158 108 68 241 68 517 68 241 68 241 359 68 241 68 241 68 241 68 189 68 241 68 241 68 241 68 241 68 241 68 241 68 241 68 241 68 241 68 241 68 241 68 241 68 241 68 241 68 241 68 241 68 241 68 241 68 241 68 241 68 241 68 189 68 241 68 241 68 241 68 241 68 241 68 241 68 241 68 241 68 241 68 241 68 241
501 85 550 158 108 68 189 68 19 85
283 68 569 68 149 68 569 68 85 359 550 501 68 569 68 85 359
569 85 359
189
611 240 211
189 68 550 501 68 241 68 241 68 241 68 241
569 68 158 108 68 189 68 189 68 189 68 189 68 189
550 158 149
189 68 283 68 607 158 68 607 158 68 241 68 241
87 68 87 68 87
611 240
593 163 68 149 68 370 68 397 68 569 68 569 68 569 68 569 68 569 68 569 68 569 68 569 68 569 68 569 68 569 68 569 68 569 68 253
550 339
503 189
64 211 108 68 569 68 569 68 569 68 569 68 85
189 68 283 68 569 68 397 68 397 68 397 68 397 68 397 68 397 68 397
64 211 108
64 211 543 68 569
564
607 158 68 527 68 397 68 158 68 158 108 68 189 68 19 85 68 19 85 68 158 108
85 68 43 158 68 359 389 158 85 359
5 189
189 85
189 68 550 501 68 607 158 68 405 68 397 68 569 68 211 543 211 68 517
240 211
5 68 370 68 81 68 5 68 569 68 321 247
5 189 68 405
370 68 5 68 68 189 68 189 68 189 68 189 68 189 68 189 68 189 68 189 68 189 68 189 68 189 68 189 68 189 68 189 68 189 68 189 68 189 68 189 68 189 68 189 68 189 68 189 68 189 68 189 68 189 68 189 68 189 68 527 68 189 68 189 68 189 68 189 68 189 68 189 68 189 68 189 68 189 68 189 68 189 68 189 68 189 68 189 68 189 68 189 68 189 68 189 68 189
397 68 158 108 68 189 68 158 108
283 68 517 68 5 68 241 68 241 68 241 68 397 68 241 152
607 339 68 550 501 68 397 68 19 85 68 19 85 68 19 85
189 68 640
64 211 108 68 158 108 68 158 108
651 359 68
577 68 241
261 86 68 5 68 64 211 108
124
43 158 68 550 158 68 397 68 189 68 189 68 189 68 189 68 19 85 359 68 189 68 241 68 241 68 189 68 189 68 189 68 189 68 241 68 241 68 189 68 550 158 108 68 241 68 241 68 64 550 158 108 68 189 68 241 68 241 68 550 158 108 68 189 68 241 68 241 68 189 68 189 68 189 68 189 68 550 158 108 68 550 158 108 68 64 550 158 108 68 189 68 241 68 189 68 189 68
359
607 158 68 607 158 68 607 158 68 607 158 68 607 158 68 607 479
189 68 5 68 550 501 68 189 68 189 68 189 68 189 68 550 501
397 68 569 68 569 68 189 68 189 68 569 68 189 68 550 158 108
240 430 118
405
85 64 211
240 51 85 68 64 211
405 199
153 189 68 607 158 68 607 158 68 5 68 240 211 68 240 211 68 240 211
397 68 569 68 405
5 68 543 211 543
430
405
43 158 68 64 211 108 68 189 68 189 68 189 68 189
189 211 85 359 68 158 211
405 359
64 211 68 607 158 68 5 68 189 68 550 158 68 189 68 430 68 370 68 189 68 607 158 68 607 158 68 607 158 68 607 158 189 68 607 158 108
651 123 68 5 68 189 68 189 68 430
370 68 5 68 81 68 397 68 569 68 397 68 397 68 569 68 397 68 569 68 569
43 158
64 211 108 68 5 68 397 68 569 68 569
569 68 158 108 68 189 68 189 68 189 68 189 68 189 68 189 68 189 68 189 68 189 68 189 68 189 68 158 108
211 359
5 68 258 149 68 189 68 149 68 189 68 189 68 430 68 607 158 68 607 158 68 607 158 68 607 158 68 607 158 68 607 158 189 68 397 68 397 68 397 68 550 501 68 607 158 68 550 501 68 607 158 68 607 158 68 397 68 607 158 68 550 501 68 607 158 68 607 158 68 607 158 68 550 501 68 607 158 68 550 501 68 5 68 607 158 68 607 158 68 607 158 68 607 158 68 607 158 189
5 68 569 68 241 68 189 68 189 68 189 68 189 68 189 241 359 389 158 108
5 68 295 149 68 501 68 189 68 569 68 501 85 359
359 359
189 68 527 68 617 149
607 155 68 550 158 68 607 158 68 607 158 68 189
240 211
