189 68 182 149 68 638 211 68 354 68 607 68 569 68 638 149
607 170 299 68 494
170 334
135 68 517 68 617 149 68 430 68 133 68 430 68 241 68 253 213
87 68 170 68 617 149 68 405 68 261 158 543
135 68 517 68 201 178 68 405
607 68 550 501 68 607 158 68 430 68 43 155
607 50 68 550 501 68 638 211 68 189 241 330 551 68 607 158 68 531 149 68 397 68 406 155 68 617 68 406 155
258 68 617 149 68 607 158 68 133
517 85
648 108 85 623 108
133 85 51 155 68 321 27
651 68 569 68 569 68 617 68 430 68 347 158 118
517 13 149
79 155 149
85 347 158
607 158 334 199
607 50 68 550 501 68 295 19 68 5 68 330 68 189 68 241 68 569 68 201 258 68 201 258 68 638 68 321 617 68 321 617 68 321 569 68 189 68 321 108 68 321 638 68 321 430 68 189 68 189 68 189 68 189 68 189 68 189 68 189 68 189 68 189 68 43 158 68 43 158 68 321 189 68 85 68 617 68 201 258 68 617 68 431 68 431 68 201 258 68 201 258 68 201 258 68 201 258
240 258 158 74
607 155
517 458
4 85 152 68 79 158 68 43 158
607 158 68 330 68 183 158 108 68 158 189 68 189 68 189 550 158 68 189
189 68 261 158 543 68 5 108 68 189 68 245 572 68 569 68 237 68 430
261 86 68 135 68 253
87 607 158 68 362 68 569 68 517 250 68 87 68 397 68 85 68 19 85 68 153 108
426 158 189
158 68 517 85 648 240 68 201 258 178 68 70 189 68 240 211 68 241 68 245 258
611 163 68 64 550 86 68 569 68 550 158 108 68 241 68 330 85 241 68 43 158 108
607 158 68 607 68 607 158 68 76 85 359 68 331 158 108
503 108 68 607 68 617 149 68 430 68 240 51 108 68 611 85 68 261 86
321 68 19 68 430 68 495 68 237 68 170 108 68 211 68 550 339
517 68 189 68 222 68 651 68 397 68 569 68 64 211 189
134 68 517 68 201 240 299 241 299
617 149 68 569 68 5 68 189 68 397 68 211 222 85 68 50 68 19 85
158 68 507 68 507 68 261 158 68 490 68 607 158 543 194 149 68 611 74
569 68 552 68 201 258 68 611 85
189 68 607 50 68 359 68 548 68 43 158 68 405 68 607 50
503 158 118 108 347 158 118
503 108 68 189 68 288
527 68 87 68 283 68 189 68 299
64 211 68 430 68 222 68 405 189 68 569 68 430 68 389 339 68 389 158 189
87 359 68 70 158
153 108 68 189 68 189 68 430
607 158 68 189 68 531 108 68 640 68 162 68 607 158 68 570 211 607 155 68 517
617 149 68 517 68 54 86 68 241
517 68 189 68 577 68 607 158 68 165 68 211 240
189 68 550 501 68 189 68 531 339 68 430 68 339 68 405 85 68 241 68 43 158 68 241 68 43 158 68 517 68 517 68 517 68 517 68 517 68 189 149 550 158 240 389 339 68 517 570 389 158 68 577 68 330 68 136 158 240 389 158 240 389 158 240 68 43 158 240 68 405 551 68 136 158 68 405 68 405 68 85 68 201 240 359 68 405 68 405 68 405 68 405 68 405 68 501 85 68 43
201 331 241 359
201 74
503 189 68 607 158 68 201 258 68 431 68 331 149
550 501 68 158 108 149 550 487 149
503 108 68 189 68 552 85 68 149 550 158 543 68 607 551
607 50 68 617 149 68 339 68 54 86 68 638 68 258 503 85 68
607 50 68 550 501 68 397 68 517 68 321 149 68 607 50
617 68 339 68 4 68 607 158 68 211 471 211 68 170 149 68 569 68 79 430 108
261 158 108 250 551
607 247 213 88
76 85 68 330 118
170 108 68 607 68 569 68 170 570 68 170 211
607 158 68 295 149 68 577 68 189 68 152 389 149 550 158 68 611 189 68 331
607 68 617 149 68 607 158 68 430 68 36 211 149 68 611 149 68 430 68 569 68 569 68 283 68 283 68 569 68 569
651 68 253 68 189 68 550 487
617 149
495 68 64 550 86 108
503 85 68 189 68 569 68 213 458 152 68 136 479 68 136 479
258 108 68 577 68 189 68 607
607 68 569 68 64 550 158 189
153 108 68 189 68 569 68 245 258 68 245 258 68 517 194 85 68 241 68 241 68 201 258
247 85 4 68 607 50
349 149 68 87 339 68 189 68 137 158 189 550 158 551
611 261 85 136 155 149 550 158 118 68 170 68 15 158 189 68 569 68 241 68 245 569
347 158
550 158 68 321 240 68 569 68 64 211
611 79 158 68 607 158 68 550 501 68 158 108 68 183 67 68 241 68 569 68 569 68 158 85 359 550 158 623 68 577 68 339 68 189 68 189 68 189 68 189 68 189 550 158 237 85 68 577 68 577 68 189 68 330 359 389 158 607 158 189 68 189 68 189 68 189 68 158 551 68 189 68 189 68 321 189 68 189 68 189 68 189 68 158 237 85 359 68 158 237 247 85 68 189 68 158 237 550
617 149 68 189 266 158 85 68 339 68 158 108 68 136 158 240 458 68 471 550 158
87 359 68 201 258 68 651
158 108 68 569 108 68 607 158 68 321 569 68 64 550 430 68 321 108 68 241 68 16 158 623
76 85 643
245 152 261 611 152
397 68 85 359 43 152
527 68 607 68 569 68 321 27 68 27 68 397 68 406 85 299
527 68 397 68 85 331 68 607 68 607
87 68 339 68 189 68 201 430 299 68 397 68 70 189 68 211 85 611 189 68 330 68 339 68 607 158 108 68 607 158 68 607 158 108 68 607 158 85 68 607 158 85 68 607 158 85 68 607 158 85 68 189 68 189 68 189 68 607 158 108 68 607 158 108 68 607 158 108 68 607 158 108 68 607 158 237 517 93 211 85 68 607 158 85 68 189 68 189 68 189 68 607 158 237 550 158 237 550
87 68 648 607 68 640 68 162 68 607 50 68 617 149 68 189 68 550 501
607 158 68 607 158 68 394 68 330 222 108
189 68 261 158 543 68 607 158 68 64 389 339 68 347 85
11
321 4 68 170 108 68 170 152
261 85 152 68 640
189 389 243 359
189 68 170 299 68 577 68 607 158 68 570 211 108 68 611 79 152 68 648 149
503 108 68 158 108 68 617 149 68 570 211 199
149 389 339 68 136
240 321 27 258 625
87 339 68 607 158 68 65 19 85 68 85 170 108
189 68 170 299 68 397 68 517 85 68 569 68 70 158 68 471 389 248 194 108
415 330 68 347 430
397 415 211 108
611 189 68 295 149
87 68 648 607 68 640 68 136 155 149 68 170 149 68 617 149 68 189 68 617
349 68 222 476 68 607 158 68 389 339 68 640 68 569 68 430 68 607 158 68 170 68 158 118 68 170
550 85 359 68 201 258 474 85
87 339 68 149 550 158 543 108
5 68 617 149 68 370 68 642 68 241 68 5 108
25 68 64 550 158 68 79 621 550 248
607 158 5 347 158 471 68 189 68 321 430 299 149
347 158 104 85
569
405 108 68 607 68 261 170 149
507 449 68 211 155
569 68 405 108 68 189 68 638 68 405 68 531 149
211 108 68 258 149 68 426 339 68 430 299
153 108 68 189 68 189 68 430
607 68 211 152 68 261 85 359 68 638 68 43 158 68 569 68 136 479 68 607 158 68 339 68 149 68 149 550 501 68 149
87 359 68 201 258 68 569 68 638 68 241 149 550 155 149 68 607 155 68 19 85 68 201 258 68 246 68 189
607 155 68 183 158 359 68 651 68 189 68 201 258 543 68 149
501 85 548 68 517 68 517 551 68 389 85
51 339 68 321 211 245 258 68 370 68 607 569 68 397 68 343 189 550 85 359
611 163 68 5 68 397 68 19 68 136 155 68 607 155
189 68 550 158 68 607 158 68 211 68 64 550 339 68 43 487 149 68 346 149
189 68 213 458 152
607 158 68 261 158 85 648 68 189 68 611 149 68 231 240
158 108 68 617 149 68 170 68 638 503 158 85
261 158 189
70 158 108 68 430 68 153 68 607 68 607 68 68 431 68 638 68 43 158 68 321 189 68 5 189 68 189 68 189 68 189 68 241 68 577 68 607 158 108 68 607 158 68 607 158 68 607 158 68 607 158 68 607 158 68 607 158 68 189 577 68 5 189 68 607 158 68 607 158 68 607 158 68 406 85 68 331 158 68 331 430 68 430 68 607 158 68 607 158 68 607 158 68 43 158 68 331 158
87 607 158 68 295 19 85 68 607 158 474 85
503 85
87 68 241 68 638 68 635 89 68 417
149 389 85 347 189 68 607 68 189 241 85 347 158 118
569 68 68 5 189 68 494 68 550 501 68 651 4 240 68 405 241 108
397 334 85 170
136 158 240
607 50 68 295 19 68 158 68 330 68 183 67 189 531 211
389 158 240 68 490 359
390 245 258 108
170 611 517 68 197 86 68 54 86 68 397 68 253 68 617 149
122 68 397 68 85
261 86 68 43 158
76 258 299
4 85 217
261 86 68 51 570 211 108 68 87 68 430 68 347 158 85 68 354 68 158 108 68 189 241 359
607 247 68 611 68 241 85 68 43 158 68 550 158 149
349 543
51 85 68 339 68 607 170 299 68 611 189 68 507 299 68 430 68 5 189 68 321 189 68 321 189
607 158 570 389 339
607 158 68 137 158 299 68 241 68 241 68 43 155
607 50 68 617 149 68 607 158 68 237 558 68 525
261 86 68 43 158 68 201 258 68 569 68 79 339 551
607 170 68 617 149 68 607 158 68 607 158 68 211 543 68 359 389 85 359 68 79 359 68 79 64 389 158 118
5 68 543 550 158 68 247 108 68 543 389 158 68 569 68 36 211
5 149
550 430
155
651 68 607 158 68 258 68 85 359
550 206 543 108
133 85 152
43 158 68 261 158 68 430 68 241 68 569 68 64 389 158 149 68 189 68 70 158 68 5 189
189 68 261 158 68 607 479 68 406 211 406 211 68 607 68 397 68 87 449
397 68 45 514 199
607 237 85
569 68 149 550 158 108 68 189 68 183 158 359 68 189 149 68 543 51 178 68 569 68 85 359
607 158 68 197 108 68 85 68 397 68 648 149 68 617 149 68 170 570 389 339
189 68 170 299 68 397 68 517 68 651 68 64 550 339 68 64 550 339
617 149 68 43 158 68 5 189 68 611 51 611 189
611 79
517 68 651 123 68 405 189 503 189 503 158
245 4 240
607 170 68 617 149 68 607 158 68 331 334 199 68 241 68 517 85 16 430
607 170 570 68 543 13 149
417 551
87 68 5 68 295 149 68 241 68 170 108 68 170 152
406 85 299 471 211
153 108 68 201 258 68 330 68 183 67 343 247 68 189 68 389 240 550 158 118
76 531 299
517 458
87 359 68 70 158
158 85 68 189 68 231 240 68 617 149
261 86 68 43 158 68 201 258 68 569 68 430 152 68 240 211 199
607 50 68 550 501 68 607 158 68 389 339 551 68 51 152 68 51 152
483 359 118
115 479 68 189 68 607 158 68 194 149 68 331 487 551
611 189 68 569 68 170 487 51 487
197 611
158 543 334 359 331 339
5 68 295 19 68 201 240 68 189 68 577 68 640 68 245 449 68 354 68 651 123
211 339
607 158 68 490 68 266 158 68 93 225 68 283 68 349
43 158 68 405 152 68 261 85 68 638 68 638 68 43 158 68 569
503 85 68 158 108 68 617 149 68 570 389 339 68 397 68 430 68 222 476
65 79 68 241 68 550 158 543 108
245 343 189
189 68 211 68 607 158 68 237 4 68 640 68 49 551 68 640 68 517 241 359
189 68 607 50 68 330 158 108 68 531 334 85 68 430 68 241 68 149 550 158 108 68 149
258 189
250 299 247 299
415 85
237 85
550 430
607 68 389 339
607 170 68 617 149 68 569 68 397 68 5 108 68 115 155 68 189 550 158 118 68 397 68 354 68 354 68 19 85
531 415 68 158 85 152 68 4 85 359
495 68 607 50 68 321 247 68 607 158 68 189 68 569 68 430 108 68 241 68 569 68 170 149 68 569 68 569 68 569 68 569 68 569 68 569 68 569 68 569 68 569 68 569 68 569 68 569 68 569 68 569 68 569 68 569 68 569 68 607 50 503 158 108
527 68 36 149 68 611 189 68 550 501 68 339 68 569 68 241 68 241 68 241 330 551
321 149 68 640 68 5 189
527 68 153 68 153 68 158 108 68 76 85
189 68 261 158 543 68 430 397 68 43 158 68 261 158
133 108
503 108 68 607 50 68 189 68 517 68 607 68 607
503 85 68 517 68 607 158 68 347 501 68 607 158 68 189 68 531 108 68 397 68 339 551 68 397 68 397 68 241 68 569 68 569 68 569 68 569 68 241 68 85 347 85 347 158 108 68 517 85 347 158 68 189 68 189 397 189 397 68 503 158 108 68 43 158 108 68 607 155 68 607 155 68 550 158 118 68 158 108 68 43 158 68 43 158 68 339 68 339 551 68 158 68 158 68 158 108 68
87 68 607 50 68 617 149 68 339 68 638 68 133 211 68 339 68 569 68 569 68 64 389 339
79 334 108
76 258
76 543 189 370 68 607 158 68 389 158 199 211 211 359
531 85 68 261 158 85 648 68 201 258 68 197 607 68 5 68 54 86 68 158 108
617 68 607 158 68 607 158 68 611 240 68 607 158 68 430 68 189 68 241 68 19 85 68 607 158 108
607 158 68 197 108 68 36 85 68 531 299 68 607 50 68 607 50 68 153 189
570 430
87 339 68 222 68 158 108 68 153 189 68 261 158 543 68 607 479 68 339 68 339 68 339
153 108 68 607 158 68 321 339
136 479
5 68 617 149 68 321 247 68 149 207
258 108
189 68 474 68 222 343 158 85
607 158 68 607 68 49 68 394 211 68 197 86 68 54 86 68 397
501 85 611 74 68 266 415
607 50
531 149
607 170 299 68 261 158 543
135 68 569 108 68 405 68 607 158 68 189 68 543 550 68 354
261 86 68 43 158
155 68 183 339
149 245 449
222 68 64 43 85 438 551
170 299 68 397 68 258
87 68 607 50 68 295 149 68 241 68 158 108 68 36 149 68 133 68 258 189 458
43 158 68 330 68 158 108 68 514 108 68 159 68 19 68 158 68 170 108 68 170 108
503 189 68 189 68 331 108 68 531 85 299 478
607 158 68 570 550 607 158 68 295 19 68 347 501 68 189
189 68 569 68 330 68 430
321 68 189 68 394 68 607 158 68 189 68 331
64 211 68 459 543 108 68 241 68 607 158
607 5 189 108
611 163 68 81 68 5 108 68 65 86 489
43 158 68 5 68 607 68 569 68 405 85 152
261 86 68 158 189 68 133 68 638 68 158 108 68 211 240 68 397 68 158 211 211 211 211
607 158 68 607 158 68 430 68 149 550 170 108 68 189 68 638 68 611
64 211 68 133 68 569 68 153 108
4 74 108
607 50 68 617 68 607 158 68 64 550 339 68 397 68 211 108 68 36 85 68 397 68 617 149 68 617 68 617 68 617 68 617 149 68 617 149 68 617 149 68 617 149 68 617 149 68 617 149 68 430 68 607 158 68 607 339
607 68 607 68 607 158 68 607 158 68 24 85 68 85 68 241 68 517 68 5 189 68 406 158 607 158 68 607 158 68 607 158 68 607 158 68 607 158 68 607 158 611 189 550 517 68 607 158 189 68 607 158 189 406 158 189 68 607 158 189 68 607 68 607 158 189 68 607 158 551
299
517 194 471 568
490 240
189 68 5 189 68 253
70 189 68 617 149 68 648 68 569 68 517
189 68 241 577 68 397 68 577 68 189 68 162 68 241 68 569 68 136 479 108
189 68 170 299 68 397 68 85 241 68 339 68 19 240 359
611 163 68 370 68 569 68 390 68 390 415
183 67 343 247 299
49 68 158 68 158 108 68 378 523 68 617 108 68 158 108
4 359
397 68 607 68 517 334 222 68 64 211
550 158 543
87 476 68 43 155
397 68 347 501 245 250
189 68 550 501 68 607 158 108 68 517 334 108
331 149 68 152 51 68 87 68 189 68 607 158 189 68 607 339
189 68 64 550 487 199
346 68 241
503 85 68 517 68 607 158 68 253 68 651 247
45 68 430 68 104 189 68 261 86 68 261 158 108 68 617 149 68 64 211
321 27 68 569 68 253 68 64 211 68 389 158 359 68 189 68 354 68 617 68 43 158 108
79 334 108
517 85 247 104 108
611 149 68 593 89 158 68 19 68 189 68 339 68 158 189
87 68 201 258 68 569 108 68 397 68 253 68 607 158 68 607 50 68 153 189 108
607 158 68 607 68 49 68 607 359 389 243 359 68 189 68 158 68 133 551
503 339
253 503 158 68 569 68 569
503 158 189 68 570 389 339
149 68 170 68 503 189
405 85 68 258 222
617 149 68 397
607 170 68 617 149 68 430 68 43 158 68 64 550 108 68 397 68 389 339
569 68 136 158 68 339 551 68 415 211 68 19 68 607 158 68 607 50
64 211 68 16 158 240 359 68 538 339 68 189 68 299
189 68 517 359 68 258 189 68 607 155 68 471 550 430
51 570 68 70 158 68 607 68 253
19 570 442
607 158 108
253 68 517 68 197 86 68 54 86 68 577 68 189 68 170 68 569 68 569 68 569 68 611 85 68 611 189 85 68 517 68 517
43 158 118 68 517 299 68 158 108 68 343 158 108 68 241 85 321 108
64 211 68 240 149 68 5 68 607 68 569 68 170 623 68 389 339
629 108
253 68 170 123
397 68 43 155 194
607 158 68 197 108 68 36 85 359 68 189 68 550 487 359 68 330 68 330 359
607 68 389 339
170 299
517 458 68 446 201 258
607 158 68 197 108 68 36 85 68 135 68 25 85 68 607 158 68 550 86
552 240 211 178
607 158 51 149
231 51 86 68 87 68 517 68 607 158 68 607 158 68 640 68 640 68 397 68 222 149
16 339
76 85 359
517 299 85 68 430 70 158 149
593 163 68 211 68 607 158 68 19 85 68 70 189 108
550 501 68 651
607 247 68 611 68 397 68 330 247 68 19 85 222 68 330 299
170 299
389 339
189 68 550 501 68 189 68 607 155 68 607 158 68 261 158 68 211 68 397
189 68 253
189 68 261 607 158 68 514 85 359 68 347 158
5 543 389 158 85 68 330 406 158 359
70 189 68 617 149 68 640 68 189 531 299 68 158 189 199
54 86
170 155 68 87 68 5 68 527 68 189 68 201 258 65 607 50
405 155
87 359 68 253 68 569 68 241 68 149 550 158 108 68 397 68 330 68 330 359 201 85 359 68 607 479
607 158 68 5 189 68 503 158 199 68 19 85 68 389 158 189 199
607 607 607 158
569 68 570 211
531 339
87 339 68 136 158 240 389 85 222 149
189 68 170 299 68 397 68 550 86 68 170 339
405 108 68 170 211 68 607 158 68 137 158 189 68 564
343 189
194 543
170 149 68 617 149 68 43 155 68 405 68 417
87 68 5 68 607 158 68 183 430 149 68 149 68 19 68 155 68 339
213 51 86 68 68 68 550 430
607 158 68 158 149 389 339
359 43 187
607 158 68 4 85 68 64 211 68 430
201 158 543 321 247 211 359
170 415 68 201 258 247 123
87 68 638 68 607 50 68 201 85 149 68 640 68 569 68 183 158 543 68 405 240 68 405 68 550 158 543
503 189
115 158 551
261 86 68 51 570 68 607 170 68 569 68 4 189 241 85 68 211 438 359
389 189 68 149 550 158 108
651 123 68 550 487 68 5 68 471 507 149
617 68 550 158 68 397 68 607 158 68 517 334 108 68 247 478 68 189 68 70 189 68 241 68 5 189
261 86 68 51 570 68 607 50 68 189 68 339 68 405 68 640 68 397
64 550 158 611
201 276 85 299 525
607 50 68 617 149 68 607 158 68 607 155 68 507 550 158 189 108
339 299 389 158 118
569 68 397 68 65 430 68 189 68 213 550 501
349 68 607 158 68 607 158 68 389 85 347 158 68 19 85 68 607 50 68 569 68 430 108
397 68 258 476 68 64 211 607 155
321 569 68 295 19 85 68 283
49 68 607 158 68 222 476 68 617 149 68 569 68 389 339 68 446 68 446 550 158
607 158 68 607 68 397 68 15 178
607 155 643 359
19 85 359
261 640 68 607 68 201 85 68 54 86 68 570 211 68 430 68 19 68 87
607 170 108
447 158 4 519
189 68 651 123
79 155 81 68 189 68 446 68 241
158 240 108 68 607 158 68 321 569 415
64 211 108 68 430 299 68 607 68 70 189 68 389 158 108 68 241 68 241 68 330 570 389 158 108
617 149 68 405 68 611 189 68 611 389 339
527
517 458
87 68 135 68 158 108 68 183 158 543 68 607 158 68 158 222
540 68 517 299 222 222 108
189 68 247 149 68 189 68 569 108
135 68 5 68 321 247 68 397 68 569 68 501 85 359 68 397 68 397 68 136 479
495 68 245 68 611 68 189 68 5 68 617 149 68 525 68 241 68 241 68 43 158 68 241 222
189 68 253 68 617 149 68 430 68 569 68 490 359
503 108 68 517 68 189 68 417 68 173
87 152 68 569 68 189 68 638 68 321 247 85
460
19 108 68 158 108 68 430 68 5 189 68 64 211 68 397 68 65 607 50
321 108 68 201 258 222
640 68 611 108 68 189 68 135 68 405 68 569 108
36 108 68 241 68 85 611 438 359
517 458
189 68 182 149 68 189 68 397
79 158 240 108
43 79
611 79 158 108
245 222 68 397 68 607 158 68 339
517 68 295 149 68 611 240 68 158 240 68 607 155 68 211 251 68 153 108
607 68 550 501 68 607 158 68 158 189 149 389 158 108
76 85 68 64 550 85
299 85 68 4 68 638
43 158 68 389 339 68 189 68 201 258 68 189 426 339
70 189 68 617 149 68 189 68 158 79 85 406 479 68 189 68 347 158 359
5 189 68 611 68 370 68 5 68 550 430 68 389 339
76 240 359
5 79 359
162 85
49 68 158 68 158 108 68 378 523 68 617 108 68 158 108
5 108
49 68 5 68 54
253 68 19 68 607 479 68 321 89 158 68 577 68 43 158 68 288
261 158 543 68 70 158
247 570 261
241 108
189 68 607 68 19 543 68 607 158 68 321 569 68 36 211 108 68 611 189 68 321 543 68 241 68 241 68 43 158 108 68 43 158 543 68 43 158 543 68 241 68 241 68 241 68 241 68 241 68 241 68 321 247 68 343 543 68 607 158 68 5 189 149 68 43 158 108
153 108 68 430 68 49 68 211 68 638 211 68 354 68 241 68 617 149
87 359 68 611 85 68 607 50 68 617 149 68 170 299
201 258 104
503 108 68 201 258 68 45 108 359
611 152
158 68 607 158 68 430 68 158 108 68 149 550 405
182 108 68 390 359 507 572 68 430 197
64 211 68 133 68 569 68 153 108
189 68 170 299 68 261 158 240 68 290 68 158 189
87 359 68 253 68 569 68 240 79 430 68 640 68 295 19 85 68 85 359
245 68 607 68 607 68
261 86 68 607 68 189 68 64 85 64 85
607 158 68 607 158 85
189 635 189
87 339
651 123 68 211 68 607 158 68 54 86 68 607 158 68 189 199
261 86 68 295 19 85 68 394 85
87 607 158 68 295 19 85 68 490 68 611 152 68 321 155
5 68 617 149 68 569 68 550 430 68 550 430
87 339 68 70 158 68 5 68 617 149 68 607 158 68 607 50 551
137 430 68 339 68 158 108 643 551
550 158 189
5 68 642 211 68 430 359 68 405 189 68 64 211 189 68 331 68 577 68 330 359
607 50 68 550 501 68 638 211 68 64 211 68 611 68 638 68 397 68 611
607 50 68 550 501 68 397 68 158 152 68 607 158 68 240 550 158 68 359 389 158 68 170 68 158 68 570 389 339 68 330 68 85 68 54 86 68 189 68 85 68 85 68 85 68 85 68 550 501 68 607 158 68 607 158 68 607 158 68 607 158 68 607 158 68 370 68 5 189 68 607 158 68 607 158 68 607 158 68 189 68 201 108 68 397 68 397 68 607 158 85 152 68 607 158 68 237 558
426 247 85 68 158 108 68 638
36 51 86
70 189 68 247 149 68 189 68 617 68 607 155 68 607 155 194
189 68 607 158 543 68 531 299 68 25 194 178 68 607 50 68 247 108 68 321 247 85
607 359 389 85 299 389 155 68 611 519 68 430
517 68 295 149 68 53 85 68 339
607 50 68 617 149 68 640 68 607 158 68 330 570 211 607
213 149
607 158 68 189 68 577 68 569 68 552 108 68 45 108 68 543 389 158 108 68 70 158 108
611 572
651 76 68 330 68 36 85
43 163 189
261 86 68 607 68 189 68 79 158 85 68 640 68 570
607 68 550 501 68 397 68 611 189 68 158 189 68 648 199
153 108 68 189 68 189 68 430 68 189 68 397 68 213 51 189 68 550 158 189
231 240 68 295 635 240
261 86 68 51 570 68 170 68 189 68 261 339 68 397 68 339 68 241 68 43 158 68 136 479 85 359 68 136 479 68 136 479
87 359 68 70 158
87 359 68 70 158
276 85 68 201 258 64 389 158 85
607 50 68 550 501 68 397 68 158 152 68 607 158 68 24 85 68 241 68 241 68 611 68 397 68 397 68 339
321 68 19 68 430 68 495 68 237 68 170 108 68 211 68 550 339
189 68 5 189 68 577 68 569 68 183 158 359 68 189 68 611 189
503 108 68 189 68 569 68 550 158 359 68 430 68 241 68 321 189
70 189 68 527 68 189 68 517 85 347 189 68 5
531 149
347 501 68 490 359
607 170 299 149 68 149
607 158 68 607 158 68 321 4 79 68 170 108
201 258 163
170 108
170 299 68 611 68 321 339
5 68 295 19 68 245 449 68 607 158 68 51 85 68 569 68 378 85 68 330
64 99 68 321 108 68 331 430 359 68 405 359
321
607 155
133 108 68 24 158 108 68 525
397 108 68 241 538 158 108
330 149 550 158 108 68 64 211
527 68 405 68 405 149 68 569 68 431 68 201 245 449
570 430
133 68 15 178 68 607 158 68 570 550 339 68 397 68 569 68 241 359
503 85
189 426 430 68 446 222 85 359
87 68 189 68 123 149 68 64 550 50 68 569 68 611 241 85 241 68 43 158 68 331
115 479
70 189 68 617 149 68 640 68 611 189
261 158 68 137 430
222 68 607 158 68 607 158 68 405 108 68 543 415
517 68 189 68 517 85 331 68 189 68 543 550 158 108
87 68 569 68 617 149 68 577 68 321 247 68 397 68 405 68 550 339
527 68 527 68 330 68 430 68 43 155 68 65 178
261 86 68 43 158 68 201 133 68 569 68 321 27
607 158 68 550 501 68 189 178 68 241 330 240 70 158
330 359 68 4 85 68 24 108
503 158 611 68 87 68 137 339 68 158 108 68 617 149 68 51 178 68 241 68 241 68 241 68 170 108
149 550 158 241 85 299 213
331 550 487
261 86 68 158 189 68 93 225 68 430
607 68 211 68 607 158 68 158 258 222 222 68 607 68 36 85
569 68 607 158 68 189 68 246 68 207 108
607 50 68 607 68 550 86 68 170 334 199 68 347 158 211 199 68 397 68 397
189 68 19 68 19 85
189 68 517 68 158 189 68 261 158 189 68 543 51 178 68 570 550 430
503 189 68 607 50 68 36 211 149
189 68 517 359 68 153 108 68 617 149 68 64 211 68 552 68 4 152 68 640
87 339 68 158 108 68 617 149 68 133 551 68 651 85
607 68 405 5 108
87 339 68 405 108 68 607 158 68 617 149 68 607 68 607
261 86 68 43 158 68 607 50 68 617 149 68 640 68 241 68 70 158 108
503 85
517 570 389 158
43 158 118 68 517 299 68 158 108 68 343 158 108 68 241 85 321 108
189 68 261 158 108
638 149 68 189 68 189 68 85 158 189 643 85
607 68 550 501 68 397 68 5 241 430 359 68 607 158 68 384 108 68 607 155 68 471 550 430
189 68 64 51 514 199 68 241 68 43 158 68 405 334 543 68 330 158 118 108 68 330 123 108
569 68 471 550 430 68 640 68 5 68 295 551 68 430 68 430 68 430 68 430 68 430
611 163 68 617 68 19 68 651 68 149
607 170 108
378 85 4 389 85 68 607 50
87 359 68 70 158 68 5 68 617 149 68 611 430
426 240 389 158 68 64 68 64 643
550 430 68 550 501 68 36 108 68 170 108 68 638 68 189 68 79 430 359
194 543
330 68 607 50
607 158 68 201 85 334 108 68 430 68 550 487
162 85
211 158 359 389 339 68 5 68 321 247
611 163 68 162 68 607 158 68 607 155
76 85 359
550 569 199
189 68 430 68 51 570 458 68 397 551
137 430
321 68 189 68 517 149 68 194 359 68 607 158 68 607 158 68 36 85
527 68 607 68 405 68 54 86
253 68 569 68 4 334 222 68 607 68 389 238 68 569 68 569 68 79 359 258 607 50
189 68 170 299 68 397 68 70 339
517 68 189 68 611 189 389 569 68 569 68 85 64 359
490 359
70 339
607 68 189 68 261 158 68 569 68 159
231 240
397 68 569 68 218 68 122 359 68 64 211 68 64 211 68 261 86 68 43 158 68 638 68 638 68 354 68 354 68 354 68 617 149
170 163 68 550 501 68 397 68 611 189 68 258 68 258 68 170 299 68 70 158 68 70 158
27
87 359 68 182 149 68 430 108 68 607 158 68 321 189 68 426 155
607 158 68 43 158 108 68 397 68 607 50
495
70 189 68 617 149 68 135 68 261 85 68 24 85 68 569 68 153 189
189 68 133 68 122 199
170 123 331
189 68 394 68 643 68 189 68 347 158 543 68 153 189 108 68 261 149
133 551 572
607 158 68 258 222 68 237 68 241 68 607 158 68 87 152
321 241 85 359 331 158 359
569 68 241 85 359 68 640 68 507 449 68 155
607 158 68 197 108 68 36 85 68 137 430 68 201 558 194 149
189 68 253 68 617 149 68 569 68 490 68 321 247 85 68 70 189 68 19 108 68 527
231 51 86 68 87 68 517 68 607 158 68 607 158 68 640 68 640 68 397 68 222 149
231 240
651 123 68 569 68 183 158 623 68 115 158 189
4 155
607 158 334 478 478
189 68 158 68 331 68 134 415 68 19 85 68 350 85 359
607 155 68 183 158 359 68 569 68 70 189 68 430 149 68 295 149
321 189 68 87 85 68 640 68 122 222 85 359
321 247 68 87 85
354 551
189 68 651 123 68 430 68 64 211 108
258 108
607 155
611 85
261 86 68 51 570 211 247 68 617 149 68 430 68 569 68 430 68 43 158 68 241 430
45 108
483 222 149 550 158 108 68 389 158 334 85 331
607 158 68 189 68 569 68 607 158 68 170 108 68 253 68 85 65 189 108
64 211 68 137 430 68 49 68 49 68 43 158 68 517
261 640 68 417 68 189 334 68 397 68 617 149
261 247 108
503 85 68 517 68 189 68 531 149 68 158 68 158 108 68 447 158 199
222 476
569 68 405 85 68 550 178 68 64 211 108 68 170 149 68 170 108
76 85 299
503 85
550 68 133 118
607 68 70 189 347 158 118 68 204 543 389 158 68 389 158 189 68 389 299
503 211 158 623
133 85 152
43 158 108 258 108
330 158 189 68 241 68 446
189 68 607 170 68 354 68 54 50 68 397 68 569 68 183 158 359 68 517 85
503 108 68 189 68 569 68 4 85 359
137 430 68 339 68 158 108 643 551
321 247 68 87 85
189 68 339 68 76 85 503 189
158 108 347 201 64 389 517 68 189 211 211 211 347 158 118
133 85 152
231 51 86 68 607 68 550 501 68 397 68 430 68 241 68 43 158 68 15 430
189 68 550 158 543 68 638 68 569 68 569 68 64 550 158 108 68 64 550 158 108
189 68 430 68 577 68 339 68 350 85 359
503 189 68 253 68 569 68 85 299 149 68 430 68 153 189 68 550 158 543
501 85 611 74 68 330
550 178 68 607 479
607 158 68 397 68 213 149 68 430 68 397 68 607 50 68 19 68 397
611 155 359 68 136 155
607 158 68 607 158 68 189 241 299 68 607 170 68 331 149
76 85 68 64 550 85
517 68 189 68 330 123
51 155 68 517 68 155
397 68 607 158 68 189 68 158 85 64 435 68 192 194 68 607 158 68 607 158 68 607 158 68 430 68 617
405 70 158 149 68 64 550 158
189 68 607 50 68 330 158 108 68 405 108
405 189
261 86 68 51 570
258 108 68 617 149 68 607 158 68 85 331 68 189 68 607 68 397 68 569 68 241 68 241 68 241
607 158 68 531 108 149 68 415 211 68 569 68 222
607 158 68 295 149 68 197 86 68 19 68 19 68 607 68 354 68 42 247
189 68 472 68 51 86 85 68 447 158 68 430 68 397 68 569 108 68 133
261 86 68 43 158 68 607 170 68 607 170 68 237 149
189 68 133 551
607 155 68 64 85
222 476
447 158 543 68 415 550 158 108
189 426 430 68 330 155 68 133
87 339 68 70 158 68 5 68 617 149 68 577 68 569 68 240
569 68 241 68 253 68 538 158 199
607 158 85 68 347 158
247 213 194 149
258 430 68 607 68 241 68 85 170
339 68 155
158 152 68 569 68 569 68 490
87 359 68 137 430 68 569 68 538 158 199 68 64 211 108 68 447 158 611
76
222 85 68 133 68 79 241
321 108 68 201 258 222
64 211 68 570 607 158 68 636 68 569 68 5 68 471 389 430
426 158 359 68 354 68 155
517 458
87 68 648 68 640 68 201 240 68 201 258 68 237 68 617 149 68 607 155
261 86 68 253 68 189 68 19 85 359
170 163 68 550 501 68 397 68 339 68 339 68 79 158 189 68 241 68 5 189 68 607 50
189 68 240 299 68 158 108 68 201 85 152
258 68 295 149 68 133
290 250 118
43 155 68 258 108 68 331 68 189 68 390 415
607 50 68 550 501 68 607 158 68 570 458 68 640 68 405 85 68 64 211
43 339
87 152 68 334 68 389 339
76 85 359
43 158 68 64 389 339
611 64 550 430
503 189 68 189 68 266 158 68 5 68 543 51 108 68 569 68 213 51 86 68 607 50 68 607 50
321 247 85
261 86 68 43 158 68 158 108 68 36 149 68 354 68 261 152 68 321 240 68 339 68 241 68 430 68 19 68 19 68 241 68 241 68 19
247 85
261 607 158 406 158 240
245 68 64 550 569
611 149 85 359 389 339 331 430 359
201 108
189 68 43 158 68 507 258 222 68 430
54 86 68 330 68 183 158 108 643 359
170 245 415
258 189 68 607 158 68 607 158 68 607 155 68 607 155
170 108 68 64 550 93 68 162
415 85 68 640
527 68 607 68 389 43 158 68 135 68 550 531 339
527 68 153 68 64 211 108 68 389 406 51 123 68 283 68 153 189 68 149 258 108 68 241 68 245 258 68 245 258 68 241
617 149 68 261 86 68 330 68 415 85 68 531 299 68 569 68 389 339 68 5 189 68 85
158 85 68 189 68 222 476 551 68 607 50 551
189 426 430 68 330 155 68 133
517 330 359 68 517 85
548 68 189 68 321 359
189 68 258 85 68 635 68 550 430 85
133 85 152
503 339
76 43 430
135 68 261 158 543 68 569 68 611 611 68 611 152 68 517 68 64 211
607 158 68 158 149 389 339
550 158 543
54 86 68 607 68 569 68 577 68 189 68 115 479 68 211 85
611 261 85 222 149 68 389 158 118 68 201 258 68 330 68 64 68 261 640 68 261 640 68 182 108
64 211 68 222 68 65 240 68 640 68 295 334 68 638
607 158 570 389 339
517 152
79 158 108 68 331 430 68 550 487
607 158 68 607 158 85
64 211 68 570 68 334 68 607 158 68 607 479 68 607 479 68 517 85 241 359
607 158 68 189 68 531 149 68 136 479 68 640 68 241 68 397 68 611 152 68 321 152
517 68 189 68 577 68 607 479 68 85 359 241 359
153 155 68 189 68 246 149 550 158 108 68 517 68 517
87 359 68 158 189 68 651 68 397 68 607 50
355
607 359 389 85 299 389 155 68 158 471 211
87 68 648 607 68 640 68 568 68 237 68 237 89 158 189 68 170 299 149
569 68 245 258 68 170 68 170 299 68 415 85 68 607
5 68 617 149 68 607 158 68 417 68 417
490 68 568 389 108
258 158 108
607 158 68 405 108 258 430 299 68 189 68 331 68 43 155
527 68 64 211 607 430
5 68 617 149 68 607 158 68 447 158 68 189 68 170 299 68 45 108 68 365 430 108
25 149 550 158 213
43 155 68 607 158 68 158 68 563 158 68 36 149 68 607 68 211 79 79 79 79
426 158 85 68 189 68 527 68 19 85 68 430 299 68 607 155 68 430 68 43 158 68 64 211 149 550 430
517 330 359 68 517 85
593 108 68 330 155 68 54 86 68 54 86 68 339 68 19 359
479 507 247 299 68 330 85 241 551
115 479
87 68 648 607
54 86 68 397 68 550 158 108 68 569 68 569
389 339 415 211 415
153 607 158 245 478
390 245 258 85
405 68 70 339
607 68 5 189 135
258 85 68 133 551
5 68 165 68 170 430 68 133
503 339 551
261 86 68 43 158 68 201 258 68 569 68 79 339 551
245 569 505
64 211 68 648 108 68 189 68 133 551
617 149 68 640 68 569 68 64 550 158 611 479
607 158 68 295 149 68 577 68 651 68 430 68 607 50
87 68 189 68 137 430 68 415 51 68 397 68 430 68 87 68 87 68 430
430 211 471
258 611 189 68 261 158 240
158 68 15 158 359 68 415 149 68 415 85 359
87 68 170 108 68 136 155 68 158 189 68 25 211 89 158 189 68 339 68 19 85 68 189 241 68 85 241 68 19 85 241 68 85 241 68 19 85 241 68 189
426 158 85
527 68 607 158 68 258 68 321 247 68 607 170 68 170 487 237 4
330 149 68 517 68 43 430 149
651 68 397
87 607 158 68 295 19 85 68 201 189 68 152 88
49 68 43 158 68 76 85 359 68 347 158 68 70 158 68 569 68 397
426 158 68 241 68 79
79 158 334 359 68 339 68 339
153 68 189 68 638 68 339 68 569 68 5 189 68 299
527 68 153 189 68 607 158 68 531 19 149 68 607 50 68 430
503 339 68 87 68 211 5 68 397 68 43 158 68 5 189
607 50 68 550 501 68 397 68 517 68 607 158 68 43 158 68 152 550 158 149
611 163 68 577 68 607 155 68 611 189 68 607
607 68 607 158 68 607 158 68 397 68 170 569 68 158 237 543
577 68 640
258 189 68 651 123 108
570 550 158
543 68 570 261 170 68 397 68 569 68 158 108 68 189 241 359
617
607 68 550 158 68 397 68 517 68 607 155 211 389 299
607 68 607 158 68 339 389 158 199
389 339 68 213 550 501 68 405 152
5 543 389 158 108
415 330 68 237 552
158 108 68 569 68 378 85 4 189 108 68 389 339 68 136 479 68 19 85
503 108 68 189 68 569 68 389 85 299 68 397 68 569 68 247 149 68 87 449
115 158 68 607 68 189
446 4 79 359
503 85 68 158 108 68 617 149 68 570 389 339 68 397 68 430 68 222 476
189 68 170 299 68 253 68 607 158 68 607 158 68 607 158 68 397 551
330 479 68 339 68 551 68 136 158 299 299
446 4 79 359
24 68 607 68 607
564 551
189 68 137 430 68 133 68 240 194 68 611 149 68 611 51 178 68 64 550 339
54 86 68 405 68 405 68 261 158 68 607 158 68 211 68 607 158 85
87 68 162 68 370 68 607 158 68 503 155 68 607 158
136 479
417
153 68 636 68 607 158 68 211 68 397 68 241 550 158 68 36 211
343 247 211 222 68 330 68 183 189 550 158 108
415 330 68 331 430 108
189 68 137 430 68 607 158 68 321 27 149
370 68 321 155 68 431
43 158 68 389 339 68 189 68 201 258 68 189 426 339
135 68 5 68 365 430 359
607 50 68 550 501 68 397 68 321 4 68 43 158 68 149 68 430 68 611 51 611 359
397 334 85 170 68 343 247 607
531 178
19 68 158 359 68 158 189 68 607 158 68 339 68 36 211 607
321 108 68 136 158 222
76
355 68 49 68 49 551 68 85 123 359
460
189 68 137 158 108 68 607 158 68 607 158 68 201 258 68 209 189
5 68 642 68 201 258 68 397 68 611
153 68 551 68 607 50 68 552 85 149 68 261 158 108 68 261 158 108 68 258 68 158 108
607 68 550 501 68 397 68 531 149 68 266 158 68 43 158 68 568
16 479
135 68 51 152 68 607 158 68 182 149 68 607 158 68 611 68 266 158 68 405 68 162
517 68 189 68 85 331 68 651 68 149 68 607 339
607 158 68 197 108 68 85 68 397 68 153 108 68 19 85
569 68 426 158 149 68 201 426 86 68 472 551
51 86
43 339 68 321 240
87 339 68 158 108 68 617 149 68 261 158 543
170 570
201 258 68 211 36 211 199 68 158 189 643 359 68 5 189 397
607 50 68 331 149 68 237 68 503 334 108 68 170 68 170 299 68 170 149
599 68 607 158 68 189 68 617 149 68 211 189 68 158 237 68 189 68 550 339 68 189 68 189 68 170 108
607 170 299 68 136 479 68 19
607 50 68 194 543 68 397 68 531 339 68 70 158 68 347 158 68 89 50
189 68 607 170 68 577 68 189 68 299
189 68 354 68 189 68 261 158 543 68 569 68 64 149
503 85
552 85 359
330 65 86 359
527 68 153 68 153 108 68 189 68 201 430
607 158 85 241 85 359
607 170 299 68 162 68 189 68 347 158 359
85 359 149
321 68 617 149 68 607 158 68 629 68 70 158 108
43 155 68 5 189
651 85
76 85 359
204 68 617 149
5 189 211 471 211
135 514 199
189 68 394 68 550 430 149
245 4 240
527 68 261 86 68 607 158 68 189 68 231 240 68 617 149
115 479
189 68 550 158 68 397 68 430 68 295 19 68 133 68 343 189 199
204 68 617 149
607 158 68 241 85 648 108
189 68 261 158 543 68 135 68 430 152
607 158 68 54 86 189 570 68 189 68 569 68 430 68 5 68 389 85 359 68 577 68 397 68 577 68 577 68 577 68 577 68 577 68 577 68 16 158 623
607 158 213 194 149
527 68 569 68 70 189 68 438 359 68 611 189 68 569 68 213 245 149
170 149 68 617 149 68 550 501 68 397 68 330 359
170 149 68 189 68 246 68 158 189 68 607 155 68 389 85 68 430 299 149 68 569 68 133 68
170 163 68 617 68 397 68 550 158 543 68 607 158 68 430 68 258 74
19 68 87 68 87 85
241 85 68 201 85 299 149
426 158 240 258
64 211 68 240 149 68 640 68 93 550 158 108 68 550 158 570 68 397 68 258 68 43 155
222 68 261 339
607 158 51 108 68 85 68 122 149
527 68 607 68 430 359 68 115 155 68 607 158 68 430 108 68 569 68 617 149 68 569 68 64 211 108 68 617 149 68 617 149 68 569 68 617 149 68 617 149 68 569 68 617 149 68 617 149 68 569 68 569 68 569 68 569 68 569 68 569 68 569 68 569 68 569 68 617 149
241 503 158 68 201 258
611 261 85 222 149 68 389 158 118 68 201 258 68 330 68 64 68 261 640 68 261 640 68 182 108
189 68 170 152 68 617 149 68 617 149 68 170 299 68 543 68 397 68 430 68 64 211
607 50 68 550 501 68 397 68 517 68 607 158 68 334 68 330 67 343 247
607 158 68 189 68 577 68 569 68 552 108 68 45 108 68 543 389 158 108 68 70 158 108
503 85
158 85 68 189 68 134 299 68 617 149
330 258 149
638 68 397 68 189 68 16 158 68 570 389 339 68 397 68 405 68 241 68 569 68 290 85 359
607 68 211 68 397 68 81 68 569 68 124 68 569 68 569 68 253 68 133
153 158 108 261 635 189 426 86
49 68 607 158 68 417 68 331 149
201 258 149 68 170 108 68 137 64 68 231 240 68 339 68 370 68 607 155
19 339
503 189 68 253 68 569 68 211 430 149 68 640 68 569 68 36 85 68 550 158 108 68 550 158 543 68 550 339
76 85
192 194 68 607 158 68 607
517 334 108
189 68 570 389 158 68 87 68 503 339
503 108 68 517 68 189 68 531 149 68 152 225 108
642 68 250 551 68 321 247 68 261 86 68 607 158 68 617 149 68 640 68 617 149
64 211 607 50 68 397 68 158 359 68 607 50
503 85 68 158 108 68 617 149 68 570 389 339 68 397 68 79 155 68 241 68 517 85
607 155
503 85
607 50 68 331 68 5 189 68 201 240 68 201 258 68 261 551
189 550 67 359
471 550 158 199 68 241 68 133
189 68 569 68 5 68 635 68 446
321 108 68 261 158
158 68 133 68 43 158 68 415 149 258 108
189 68 261 158 543 68 397 68 158 152 68 607 158 68 189 68 85 136 155 68 346 68 155
321 149 68 640 68 635 108
189 68 5 189 68 25 85 68 569 68 501 85 359
321 108 68 64 550 430
87 68 153 68 550 178 68 389 501
607 50 68 617 149 68 405 85 68 189 68 245 449 68 158 108
569 68 76 85 68 189 68 430 68 135 68 183 339
153 68 607 158 68 261 158 543 68 651 108 68 564 68 237 68 607 50 68 370 68 607 158 68 569 68 261 339 68 261 339 68 261 339
122 630 68 87 68 87 476
158 108 68 617 149 68 19 85
261 86 68 43 158 68 607 50 68 617 149 68 607 155
503 189 68 189 68 295 19 68 79 155 68 339 68 397 68 339 68 64 532 64 68 189 68 246 68 617
607 50 68 617 149 68 607 158 68 241 68 241 68 162
406 334 199 68 397 68 397
611 51 108
607 158 68 550 158 543 389 158 68 397 334 85 170 108
607 155 68 183 158 359 68 611 68 638 68 638 68 321 247 85 68 153 108
527 68 153 108 68 569 68 617 108
405 152
189 68 550 501 68 207
5 155 550 158
76 85 359
607 158 68 550 339
607 158 68 222 68 222 68 447 158 543 68 517 258 68 643 359
611 163 68 611 68 266 158 68 189 68 79 543 68 201 240 211 68 158 359 13 149
64 211 68 550 158 543 68 550 158 543 68 158 74 68 19 211 68 430 68 104 471 211
64 211 68 258 189 68 5 68 339 68 330 68 158 74
137 158 240
330 4 189 108
25 74
607 158 543 68 569 68 250 68 231 240
204 68 617 149
617 68 339 68 531 149 68 43 158 68 158 123 406 51 68 189 68 339 68 241 359 43 158 68 241 430 397 611 79 359
607 50 68 550 501 68 397 68 517 68 158 189 68 334 68 430 68 65
240 321 415 245 515 551 68 607 68 638 68 430 68 64 211 108 149
607 158 68 36 85 68 569 108 68 133 118
76 85 299 85
189 68 607 158 68 517 68 517 68 405 149 258 68 189 68 261 339 68 397 68 569
87 339
570 13 68 471 211
593 108 68 136 155
531 85 68 54 86
261 86 68 43 158 68 201 133 68 569 68 64 389 339 68 241 68 241 68 241 68 517
133 68 638 149 27
133
158 85 152 359
569 68 79 430 68 158 108 68 158 108 68 241
64 211 68 651 152 68 189 68 321 247 85
503 85 68 189 68 569 68 397 108 68 651 240 550 158 222 240 68 611 189 68 70 189 108
189 68 158 108 68 538 158 570 458 68 430 68 607 158 68 550 487
517 68 189 68 4 85 68 153 108
115 479
261 86 68 158 108 68 617 149 68 607 170
607 50 68 617 149 68 79 158 189 68 241 430 551
261 158 85 170 108
64 550 339
517 85 64 149
241 347 158 108
261 86 68 43 158
611 149 68 237 247 68 81 68 569 68 569 68 240 211 68 240 211 68 321 108 68 321 240 68 321 240 68 321 108 68 43 158 68 43 158 68 331 149 68 321 4 149 550 158 68 406 85 68 321 4 149 68 406 85 68 321 240 68 321 240 68 607 50 43 158 108 68 43 158 68 331 430 299 43 158 68 431 68 431 68 431 68 237 558 68 406 158 68 43 158 68 331 158 68 331 158 68 237
261 158 543 68 70 158
405 152 258 359
503 85 68 550 339 68 261 108 68 19 85 68 64 211 108
231 240
68 152
517 68 607 158 68 550 501 68 607 158 68 447 158 108
189 68 651 123 68 552 108 68 253 68 607 389 85 299 241 108
70 189
4 108
617 149 68 158 189 68 430 397 68 133
564 68 607 158 68 607 158 68 189 68 19 489
593 189 68 607 50 68 611 189 85 359 211 70 158 118 68 241 68 79 430
135 68 607 158 68 339 68 158 189 550 339
189 68 261 158 543 68 607 158 68 258 108 68 250 551 68 607 68 389 158 68 389 158 438 551
87 68 638 68 5 68 577 68 397 68 569 68 446 68 241 68 241 299
170 449 68 607 68 64 550 430
405 397 334
4
153 68 607 158 68 607 158 108 68 261 178
70 189
189 68 569 68 490 68 85 76 85 68 607 479 68 607 158 68 241 68 189 149
19 108 68 430 68 607 158 68 76 85
137 158 189 635
617 149 68 550 178
527 68 87 68 137 158 108
19 430 68 430 68 135 68 183 339
5 189
607 158 68 389 339 68 550 158 359
133 85 152
607 50 68 617 149 68 607 158 68 245 68 517
607 158 68 137 430 68 607 158 68 607 158 68 501 85
189 68 201 258 253 68 135 68 405 68 569 108
611 152 34
261 86 68 189 68 295 19 85 68 45 299
213 13 189 643 68 517 299 108
87 607 158 68 295 19 85 68 64 435 334 68 149 550 158 108
527 68 189 68 25 194 211 359
550 487 359 68 607 158 68 182 149
4
189 68 577 68 430 68 389 158 570 389 158 623 68 189 68 331 68 201 258 68 43 158 68 170 149 68 170 108 68
158 85 64 68 192 194 68 643 85
611 189
378 85 359
79 155
569 68 607 158 68 321 222 68 638 68 397 68 43 158 68 569
135 514 199
182 108
64 550 213 68 321 247 108
189 27 68 548 68 5 68 93 435 85
611 189 85 359 68 19 158 118 68 638 68 295 19 108 68 629 68 397 68 405 68 397 68 241 68 339
261 86 68 295 19 85 68 189 16 158 118
651 123 68 607 170 68 397 68 569 68 87 85 331 430 108
503 189 68 607 158 68 569 68 24 108 68 241 149 68 241 68 550 158 68 550 158 68 247 85 68 247 68 405 68 405 68
607 68 550 501 68 397 68 517 415 68 651 123
189 68 261 158 543 68 149 550 213 108
197 86 68 607 158 68 295 19 85 68 189 16 158 551 68 517
4 155 359
170 570 68 550 158 108 68 405 108
607 170 68 550 501 68 397 68 158 152 68 158 68 330 68 183 67 189 531 158 118
45 68 607 158 68 153 108 68 241 68 158 108 68 43 155
201 79 158 68 389 158 222 359
415 330 68 158 189 149 389 430
25
19 108 68 253 68 607 68 405 68 569 68 607 155
550 85 359 68 517 85
261 430 240
507 449 68 211 155
607 68 211 68 397 68 517 68 607 155 68 64 389 339
495 68 253 68 569 68 607 339 551
189 68 70 189 68 569 108 68 5 189 68 124 68 611 189 397 68 415 211 108 68 569 68 321 247 85 68 569 68 569
611 68 593 89 158 68 405 108 68 64 389 339 68 246 68 617
258 108 68 170 149 68 607 68 617 149 68 397 68 339 68 241 68 189 68 430 299 68 241 68 397 68 135 68 135 68 617 68 64 550 430 299
611 258 85 359 43 569
607 158 68 577 68 389 339 68 321 240 68 153 108
397 415 211 108
261 86 68 201 638 68 339
158 405 108 258 478 68 43 158 68 517 85
245 85
276 339
261 86 68 43 158
201 258 68 133 68 415 85 170 108 68 170 178 68 331 149
527 68 405 68 405 149 68 569 68 431 68 201 245 449
189 68 5 68 607 158 68 201 258 178
258 70 158 68 607 158 68 49 551 68 640 68 394 68 133 551 550 170 108 68 299 149
629 68 640 68 640 68 261 86
607 158 68 258 149 68 617 149 68 607 155 68 339 68 347 501
397 68 607 158 85 68 431 68 611 189
158 68 19 85 68 397 68 201 426 86 68 170
133 85 152
607 158 68 258 222 68 331 68 339 68 607 158 68 64 211
70 189 68 617 149 68 640 68 222 476 68 517 68 241 68 517 118
189 68 426 158 68 68 550 648 108 68 405 85 68 189 458 68 629 68 170 108 68 569 68 237 211 68 237 558 68 237 108
19 108 68 189 68 133 68 640 68 446 68 189 68 543 68 405 68 162
70 189 68 617 149 68 189 68 158 79 85 406 479 68 189 68 347 158 359
189 68 607 158 543 68 19 68 607 158 68 447 158 68 189 68 241 68 607 158 68 397 68 389 339
611 149 68 295 149 68 197 86 68 569 68 569 68 261 86 68 51 86
389 517 68 397 68 158 359 68 617 149 68 5 68 607 158 68 527 68 607 158 68 104 189
321 68 70 189 68 617 149
43 155 68 5 189
135 68 137 155 68 339
36 108
189 68 261 158 543 68 79 430 68 189 68 417
617 149 68 430 68 330 68 415 85 629 68 607 158 68 389 339 68 389 339
241 85 68 370 68 158 189 68 295 415 68 245 258 68 617 149 68 640 68 70 189 68 389 158 108 68 211 68 389 85 359 550 339
495 68 607 158 68 636
611 85 359
258 4 116 222 108
405 199 136 158 108
607 155 68 406 211 149 68 611 85 359
607 50 68 607 68 607 50 68 640 68 607 158 68 607 158 68 390 68 607 158 68 189 426 339
25
531 178
170 149 68 339 68 607 158 68 290 85 438 551
87 68 611 118 68 339 68 189 68 158 359 68 607 68 70 189
189 68 651 247 108 68 405 199 68 525
447 158 543 68 405 108 68 638 68 550 487
569 68 136 479 68 430 108 68 158 108 68 426 170 68 607 50
617 149
189 68 79 67 68 158 189 149 643 359
607 158 570 389 158
503 189 68 607 50 68 607 68 607 50 68 189 68 405 152 68 607 479 68 339 68 5 68 321 247 149
426 213 349 85 359
189 68 261 158 543 68 607 158 68 266 158 68 339 68 136 158 240
517 331 339
651 68 201 258 68 158 189 68 104
201 258 68 133 68 330 68 43 158 68 430 68 81 68 201 258 68 569 68 569 68 136 479 68 339 68 339 68 339 68 339 68 569 68 569 68 569 68 321 4 68 321 4 85 68 43 158 108 68 43 158 108 68 569 68 569 68 189 241 68 430 397 68 43 158 108 68 43 158 108 68 617 149 68 64 211 85 68 85 359 68 339 68 87 68 87 68 43 158 543 68 43 158 85 68 43 158 85
261 86 68 43 158 68 201 258 68 569 68 4 85 68 640 68 611 189
64 211 68 85 155 68 64 68 640 68 93 51 108 68 438 415
426 158 240 258
170 68 607 158 68 607 158 108
447 189
5 108
607 158 570 389 158
607 158 68 64 550 158 189 68 397 68 54 86 68 397 68 211 68 36 85 68 569 68 617 68 607
19 85 68 607 68 607 158 68 187 68 5 68 64 211 108
607 158 68 197 108 68 85 68 569 68 64 435 68 189 68 543 389 158 68 405 194 68 5
577 68 611 108 68 397 68 577 551 68 569 68 295 19 85 68 241 68 397 68 189 68 241 359
607 170 299 68 43 155 68 607 158
607 50 68 617 149 68 430 68 19 85 68 158 192 211
607 158 68 607 158 68 321 4 343 158 359 68 201 258 108
222 68 36 211 108 68 569 68 347 158 68 347 158 68 607 68 607
51 426 86
135 68 261 158 543 68 607 158 85 299 68 331 68 617 149 68 153 189
517 68 607 158 68 550 501 68 607 158 68 447 158 108
87 68 189 68 295 19 85 68 640 68 640 68 569 68 237 68 607 158 68 607 155
552 85
607 158 68 54 86 68 397 68 397 68 247 222 68 241 68 241 68 607 50 68 237 550 339 68 170 211 68 607 339
321 247 85
390 299 517 299 89 50
189 68 79 158 189 389 158 359 68 201 438 68 321 543 68 189 397
607 158 68 359 261 253 68 189 68 245 258
550 339
36 108
607 50 68 617 149 68 607 158 68 241 68 430 108 68 133 68 321 247
158 85 68 201 258 68 36 211
552 85 149 68 155 68 261 158 108 68 430
250
446 389 158 222 68 611 258 189
222 476
607 50 68 550 501 68 397 68 158 152 68 607 158 68 183 67 68 343 247
253 68 651 123 68 397 68 405 68 93 211 104 85
527 68 87 68 5 68
87 359 68 158 108 68 158 68 237 241 85 359 70 158 68 79 359 68 241 68 241 85 241 347 158 118
231 240
503 189 68 607 170 68 261 158 543 68 607 158 68 189 241 158 118 68 258 189 426
607 158 68 514 68 397 68 569 68 261 339 68 19 85
607 68 158 118 108
321 68 189 68 577 68 189 68 550 86
183 158 118
503 85
527 68 527 68 189 68 135 68 550 213
189 68 648 240 68 638 68 538 158 199
527 68 330 68 330 68 397 68 258 68 295 70 158
87 339 68 19 68 638 68 189 550 158 245 85 213 68 204 213
607 50 68 617 149 68 607 158 68 394 68 330 79 158 240
607 158 68 550 501 68 189 68 241 68 158 108 68 321 4 406 241
261 86 68 638 68 611 68 397 68 569 68 430
607 170 299 68 648 68 569 68 430 359 68 64 211
607 158 68 607 158 68 321 543 68 397 68 607 158 68 170 68 258 68 339
607 50 68 550 501 68 397 68 417 68 189 64 435 68 299 68 569 68 237 108
531 85 68 54 86
261 86 68 189 68 15 211 68 201 258 68 607 170 68 607 68 550 339
593 525 68 183 158 359 68 640 68 640 68 611 108
607 158 570 389 158
170 68 617 149 68 258 68 607 158 68 514 199
189 68 261 158 543 68 397 68 158 152 68 607 158 68 149 570 389 339 68 346
527 68 607 68 347 501 68 87 222 85 68 446 68 79 158 623
136 158 240 68 43 158 68 334
517 68 189 68 258 68 405 85 331 211 199
446
607 170 68 617 149 68 640 68 390 68 321 27 68 397 68 611 258 85
189 68 550 178 68 550 501 68 607 158 68 607 155 68 607 155
611 68 137 155 68 137 158 543 68 253 68 5 68 405 108 68 394 68 79 430
503 108 68 189 68 569 68 76 339 551 68 642 211
607 158 68 211 339 68 607 68 36 211 68 330 359
261 86 68 43 158 68 189 68 430 68 207 68 211 155 68 607 155
189 68 651 68 607 68 68 359 88
189 85 299 245 149
405 152
245 258 68 261 86 68 550 158 359
321
607 158 68 295 149 68 49 68 43 158 68 261 339 68 19 68 64 68 607 158 68 640 68 640 68 359 68 359 68 359
189 68 490 68 54 86 68 397 68 136 155 68 397 68 617 149 68 397 68 607 50
189 68 651 189 68 430 222 213 194 213
607 68 241 299 359
189 68 261 158 543 68 607 479 68 158 189 68 531 211 68 607 50 68 607 50 68 343 247
5 68 617 149 68 70 158 68 397 68 65 607 50
261 86 68 43 158
607 158 68 607 339 551 68 339 68 430 68 133
43 158 68 64 550 517
503 189 68 137 247 68 607 158 245
430 415 85 331 155
607 68 550 158 68 397 68 222 476 551 68 241 551 68 241 68 64 51 397
64 85 68 430 222 240 211 240
607 68 550 501 68 397 68 550 158 543 68 43 158 68 617 68 153 68 153 108
64 550 430 68 501 85 149 43 158 68 158 68 607 158
170 149 68 617 149 68 550 501 68 405 240 68 640 68 183 430 68 189
517 85 64 149
261 86 68 569 68 503 339 551 68 397 334 85 68 65 86 551
201 108 405 189 68 64 550 158 189
201 258 152
430 211 199
153 108 68 430 68 607 158 68 389 158 85 68 331 158 178 68 194 359
569 68 607 50 68 397 68 5 68 5 68 19 68 81 68 569 68 397 68 569 68 241 68 569 68 569 68 569 68 569 68 241 68 569 68 569 68 241 68 241 406 85 611 51 517 68 569 68 321 4 85 299 43 158 543 389 158 543 211 543 211 189 266 158 108 68 569 68 569 68 569 68 569 68 397 68 247 543 543 85 299 68 158 543 85 347 158 543 550 158 543 68 170 108 68 170 108 68
76 43 85 406 158 118
607 50 68 617 149 68 247 108 68 657 108 68 527 68 170 149 68 19 85 68 290 85 68 64 211 108 68 153 189 68 153 189
550 158 199
246 149 550 158 406 211 68 611 79 158 189
514 199 68 136 158 213
415 85
45 206 68 64 149 68 430 68 397 68 241 68 16 430
415 330 68 237 552
550 85 359 68 133
70 158 108 68 430 68 607 158 68 378 85 347 158 543 68 5 68 331 158 68 183 158 118 68 253 359 68 569 68 569 68 569 68 569 68 569 68 170 108 68 569 68 503 158 68 569 108 68 503 430 68 569 68 569 68 569 68 569 68 339
45 206 108
611 178
415 85 359
5 68 295 19 108 68 430 299 68 503 189 68 201 258 68 331 199
607 68 5 108 68 16 479 68 64 211
611 189 68 295 149 68 552 108
153 108 68 51 570 68 347 158 68 607 68 607 68 253
135 68 16 158 543 68 295 19 68 607 158 68 607 158 247
241 149 550 158 108
405 68 405 108 68 19
503 339 551
405 108
149
261 86 68 51 570 68 607 170 68 569 68 430 68 54 86 68 640 68 241 68 85
426 158 85 68 430 299 68 347 158 118
79 359 149
189 68 651 189 68 19 85 68 241 68 241 68 330 152 68 550 178 68 189 68 189 16 158 108 68 158 108 68 189 108 68 85
261 86 68 295 247 108 68 531 415
607 68 617 149 68 354 68 617 68 577 68 189 68 550 85 359 68 552 85 359 68 525
611 643 68 397 68 607 155 68 405 213 550 430
330 426 158 213 194 213
495 68 19 68 525 68 201 108 68 241 68 87 152 68 36 85 152
607 158 68 189 68 577 68 607 158 68 394 68 607 158 74
231 51 86
405 240
550 158 543 108
607 158 68 550 501 68 189 68 241 108 68 79 430 68 241 68 43 158 211 158 211 189
607 479 68 607 155 68 321 247 85
158 108 68 607 68 258 68 258 189 68 79 158
43 155 149 68 170 108
43 158 68 389 240 68 158 108 68 517 173
569 68 5 543
378 149 517 389 108 68 5 68 65 155 68 64 550 430
607 50 68 617 149 68 253 68 253 68 170 108 68 51 86 68 153 108
87 359 68 258 299
189 68 158 68 607 68 241 85 321 189 68 640 68 19 68 170 149 68 531 149
607 158 68 158 149 389 339
261 86 68 43 158 68 201 258 68 569 68 446 607 155
607 158 68 213 211 189 68 389 199 68 153 108
617 68 158 108 68 397 68 211 155 68 607 50 68 397 68 183 158 68 241 68 189 68 607 170
189 68 551 68 635 68 550 430 85
64 211 607 50 68 397 68 158 68 607 50 68 370 68 5 68 211 68 430 68 104 189 68 237 211
607 68 550 501 68 397 68 258 189 68 651 123 68 331 330 299 211 68 389 155 68 5 189 68 347 158 471 211
517 331 339
321 240 68 611 108 68 607 68 189 68 331 19 68 158 152 68 607 158 68 241 68 339
64 211 68 611 189 397 68 517 68 569 68 36 85 68 607 158 68 543 550 430 68 550 430
19 85 68 607 68 607 158 68 187 68 5 68 64 211 108
86 163 68 550 501 68 397 68 629 68 629 68 170 222 68 607 158 68 70 158
611 299
87 339 68 136 158 108 68 339 551 68 189 68 201 258 68 397 68 607 50
201 331 241 359
397 240
189 68 550 67 68 607 158 68 405 108 68 607 170 68 261 149 68 253
189 68 5 189 68 531 19 68 253
133 68 158 240 68 158 189
76 85 68 5 68 550 430 108
133 211 189 68 339 68 569 68 261 290 6
593 163 68 648 189
527 68 261 86 68 607 158 68 189 68 231 240 68 617 149
607 68 607
607 50 68 617 149 68 339 68 54 86 68 241 68 189 68 431 261 158
189 68 550 158 68 397 68 54 86 68 397 68 569 68 483 359 258 551
503 108 68 158 108 68 569 68 430 68 43 155
87 339 68 501 85 4 189 68 517 68 607 170 68 261 149 68 261 339
593 85 68 607 155 68 258 359
261 158 85 170 108
240 213 223 68 397 68 65 430 359
347 211 543 211 178
321 247 68 517 68 5 359
64 211 68 240 149 68 640 68 617 108 68 189 68 569 68 569 68 446 68 241 222 108 68 136 479 70 158 108 68 241 222
503 339 68 607 158 68 321 569 68 64 211
517 68 607 68 607
64 389 517
503 189
607 68 5 189 359
170 334
607 50 68 550 501 68 397 68 638 68 397 68 607 569 68 569 68 136 479
503 85 68 54 86 68 570 389 339 68 321 543 68 607 158 68 430 68 397 68 397
201 258 163
607
347 158
261 86 68 158 68 189 68 611 189 68 611 85 359 68 617 149 68 517 68 155
189 68 569 68 354 68 5 68 321 247 68 525 68 170 152 68 170 152
607 68 617 149 68 339 68 85 136 247 108 68 183 67 68 43 158 149
607 158 334 199
189 426 430 68 611 258 68 569 68 258 551
76 85 359
405
189 68 569 68 517 85
19 108 68 201 108 68 607 68 607 68 405 68 68 415 211 68 153 108
189 68 354 68 569 68 135 68 638 68 550 501
87 607 158 68 253 68 517 149 68 430 370 68 640 68 569 68 76 85
49 68 5 68 222 476 551 68 136 158 108 68 136 158 222 149
550 36 152
149 550 158 108 250 551
447 158 543 68 405 108 68 638 68 550 487
503 189 68 135 68 617 149 68 247 68 189 16 34 85
531 415 503 158 85
283 68 405 68 517 85
189 68 607 170 68 261 158 543 68 607 158 68 64 389 430 68 359 389 85 136 479 85
76 570 211 339
5 543 389 158 85 68 162
201 258 222 222
611 474 68 617 149 68 446 68 253 68 253 68 531 158 118 68 213
76 570 211 339
611 189 85 222 149 68 389 158 118 68 321 569 68 611 85 68 241 68 321 240 68 321 240
189 68 569 108 68 607 158 68 211 222 240 68 447 189
240 550 213 550 158
189 68 261 607 158 68 389 339 68 19 85
607 50 68 550 501 68 397 68 247 222 68 430 68 201 258 222
527
87 359 68 158 108 68 569 68 397 108 68 651 85 347 158 118 68 397 68 189 68 507 643 551 68 189 16 430 68 189 16 430 299 68 189 16 158 331 438 415
607 158 68 54 86 189 570 68 397 68 503 158 68 189 68 550 170 359 68 158 359 68 331 487 359 68 331 487 359
51 86 68 170 108 68 64 85 68 64 643 359
64 211 68 548 68 640 68 617 108 68 149 550 158 68 569 68 258 108
49 68 5 68 321 108 68 490 68 149 68 64 211 189 68 153 189
607 158 68 295 149 68 79 189 68 158 118 68 607 158 68 331 108
378 523 543 68 426 86
189 68 550 501 68 569 68 241 299 68 638 68 531 149 68 490 68 531 430 359
189 68 261 158 543 68 607 158 68 490 108 68 460
201 258 68 133 68 183 155 68 430 68 569 68 397 68 189 68 538 339 68 87 449 68 87 449
64 211 68 153 108 68 43 158 68 607 50
483 359 68 642 211
49
394 178
170
607 247 85
87 68 124 359
607 68 607 158 68 607 158 68 397 68 170 569 68 158 237 543
638 4 116 389 158 189
189 68 137 430 68 43 158 68 64 211 108
194 543
189 68 261 86 68 133
607 170 68 550 501 68 397 68 321 4 189 68 607 158 68 321 247 85 68 430 149 68 321 211 149
87 68 189 68 158 189 68 246 68 158 426 86 68 51 86
64 299 68 19 85 68 629
426 158 543 570 570 68 607 479 149
64 211 68 330 68 330 68 295 19 85 68 607 158 68 189 68 261 158 68 261 430 149 68 569 68 607 158 68 569 68 569 68 189 68 569 68 569 68 569 68 569 68 189 68 153 189 149 550 430 149
189 68 261 158 543 68 430 64 389 339 68 79 158 199
189 68 158 247 68 295 149
607 50 68 617 149 68 607 158 68 543 550 158 199 68 397 68 517 68 569 68 431
189 68 241 79 79 50 68 640 68 638 68 611 155
490 68 76 85
503 85 68 189 68 569 68 64 550 155 68 85 299 68 446 503 158
611 152 68 64 211 607
153 68 648 108 68 24 108 68 45 74 68 607 158 240 68 607 158 68 16 430 68 5
517 648 199 68 158 611 68 611 149
170 149 68 617 149 68 197 86 68 569 68 87 68 87 68 569 68 426 86 68 430 68 339 68 430 359 68 430 359 68 430 359
87 607 158 68 651 68 339 68 397 68 65 607 155
64 211 68 222 68 65 240 68 640 68 261 85 68 261 339
607 68 211 68 189 68 241 68 158 108 68 446 64 389 339
405 199
261 86 68 607 68 617 149 68 550 501 68 569 68 5 68 343 543
538 430 68 36 108 68 607 158 108
253 68 189 68 19 85 68 569 108
189 68 261 158 543 68 250 551 68 611 572
79 64 68 137 155 68 640 68 241 108 68 183 155
213 108 68 569 68 133
64 211 68 137 158 108 68 19 79 430
162
607 158 68 607 158 570 389 430 359 68 19 68 19
87 339
133 68 283 68 170 570 49 68 339 68 607
527 68 607 68 158 68 321 643 222 68 241 68 153 108
569 68 158 108 68 389 339 68 201 258 68 245 449 68 241 68 397 68 241 85 65 86 85 359
550 501 68 321 240 68 241 68 43 158 68 607 158 68 417 68 149 68 149
222 68 347 501 68 607 155 68 349 630 68 49 68 5 68 64 211
241 85 347 158 222 68 241 359
617 149 68 607 158 68 245 258 68 607 158 68 321 247 68 397 68 70 85 68 397 68 43 158 68
231 51 86 68 651 68 189 68 550 334 149 68 153 189 68 79 178
87 359 68 189 68 295 149 68 194 245 68 638 68 43 155 68 79 155
43 155 149
189 68 213 245 449 68 607 158 68 211 240 68 339 68 5 155 458
617 149 68 397
607 50
577 68 611 625 68 397 68 569 108
64 550 158 68 460
4 108
389 211 299 299 569
87 68 648 68 640 68 514 240 68 5 68 237 247 149 68 19 68 430 68 569 68 430 68 611 189 397 611 189 68 607 158
189 68 651 123 68 397
136 158 85
295 149 68 607 50 68 397 68 158 74 68 651 123
266 415
405 152 68 640 68 43 158 68 261 158 189
247 108 68 569 68 569 68 607 158 85
607 50 611 85 359
607 170 68 617 149 68 607 158 68 611 68 611 68 321 247 330 68 258 68 430
64 211 607 50 68 397 68 158 68 607 50 68 370 68 43 158 68 211 68 430 68 349 258 189 68 158 68 43 158 68
607 68 569 68 550 158 199
607 68 25 68 170
517 68 189 68 577 68 607 158 68 517 85 137 430
261 86 68 607 68 607 158 68 339 68 651 68 651 123 68 5 68 5 68 607 50
261 158 85 68 211 68 87 68 334 85 204 359
426 247 108
503 108 68 189 68 569 68 611 108 68 359
517
569 68 5 68 201 258 68 611 64 211 359
460
149 211
607 158 68 43 240 68 640 68 459 240 68 64 68 64 211
607 170 299 68 36 51 86
133
607 158 68 550 501 68 189 68 241 68 158 108 68 158 108 68 241 68 70 158 68 397 68 170 108 68 170 211
189 68 170 299 149 68 617 68 430 68 397 68 651 85 68 330 68 330 68 397 68 430 68 397 68 617 550 158 68 389 339
514 108 222 70 339
247 85
189 68 253 68 617 149 68 607 155 68 45 4 189 643
43 163 189
552 85 359
607 158 68 197 108 68 36 85 68 189 68 517 359 68 79 359 68 4 85 359
76 339 68 241 68 446
201 258 68 133 68 158 189 149
607 68 550 501 68 607 158 68 261 158 189 68 137 430
607 50 68 550 501 68 397 68 158 152 68 607 158 68 170 68 170 550 85
79 155 519
240 550 213 68 241 68 153 189
295 19 108 68 430 241 85 68 64 211 108
155 550 158 68 237
447 430 197
183 67 343 247 299
43 158 68 134 68 607 158 68 459 543
261 86 68 158 189 68 64 85 471
153 108 68 189 68 189 68 430
87 68 5 68 295 19 68 158 108 68 189 68 158 189
651 68 430 68 405 108 68 405 240 68 640 68 525
51 68 70 189 68 617 149
607 158 51 108 68 85 68 122 149
189 68 54 86 68 629 68 137 339 68 170 108 68 569 68 569 68 65 339
201 276 85 136 158 118 68 517 551
245 258 108
64 211 68 65 155 68 45 68 397 68 43 155 68 607 155 68 607 155
261 86 68 43 158 68 201 258 68 569 68 607 158 258 189 68 79 68 394
158 68 527 68 607 158 68 295 149 68 607 158 68 390 569 397
517 68 635 189 68 162
607 158 68 330 85
611 163 68 430 149 68 5 68 617 108 68 347 501 68 136 479
201 258 321 189 68 201 258 68 299 68 158 189 68 331 158 68 258 222 68 258 65 189
394 68 158 152
137 479
54 86 68 68 389 339
261 86 68 43 158
651 68 607 158 68 201 108 68 241 359 68 640 68 295 149
607 68 607
201 258 163
607 50 68 189 68 569 68 241 68 201 85 152 68 569 68 258 551
189 68 651 123 68 389 158 178 68 241
87 339 68 158 108 68 569 68 261 158 543 211 543
359 68 189 68 607
87 68 607 50 68 261 158 543 68 5 68 253 68 189 68 431 68 611 85 359
189 68 170 149 68 550 501 68 397 68 397 68 330 85 51 86
607 158 68 295 149 68 611 68 321 247 85 68 607 170 68 170 123 189 550 158 331
201 258 158 189
635 240 68 607 158 68 321 240 68 607 158 85 68 607 158 68 607 50 550 158 68 153 189
397 68 54 86
611 621
189 68 426 158 108 68 531 108
607 158 266 19 85 68 569 68 237 123
446 266 158 189
607 158 68 197 108 68 36 85 68 607 158 68 211 68 389 339 68 417 68 85 68 397 68 170
607 607 607 607 607
189 68 394 68 643 68 189 68 347 158 247 68 153 189 108
607 50 68 550 501 68 607 158 68 70 339 68 446 68 64 211
415 330 68 331 430 108
503 108 68 158 108 68 617 149 68 570 211 199
211 430 359 68 158 123
405 68 611 189 211 406 158 118
189 68 261 158 543 68 158 108 68 149 68 189 643 334
189 68 321 247 85 68 189 68 211 623 68 389 339
87 339
611 163 68 405 68 70 430 245 152
261 86 68 158 189 68 64 68 64 68 607 50 68 189 68 81 68 397 68 607 158 68 607 158 68 607 158 68 607 158 68 607 158 68 607 158 68 607 158 68 607 155 68 607 158 68 607 158 68 607 158 68 64 503 189 68 189 68 370 607 158 108 87 189 93 532
651 123 68 211 85 68 189 68 158 240 68 354
258 108 68 135 68 577 68 577 68 611 152 68 397
531 415 68 245 449 68 158 108
607 50 68 295 247 85 68 81 68 261 158 68 189 68 389 158 108
503 108 68 189 68 569 68 472 68 237 552 118
607 158 149 68 629 68 16 158
170 108
189 68 517 359 68 51 570 68 607
189 68 617 149 68 607 50 68 133 68 189 68 170 149 68 405 68 247 108
85 347 158
266 569 108
321 68 607 68 607
4 108
503 189 68 607 158 68 189 68 79 152 68 189 68 569 68 640
651 76 68 330 68 36 85
54 86 68 405 68 405 108 68 36 211 108
607 158 68 189 68 261 158 543 68 426 158 68 153 189
240 194
189 68 261 158 68 240 517 551 68 389 155 68 189 68 550 339
258 611 189 68 295 339 68 247 85 68 247 478
415 211 68 397 68 607 158
211 68 295 339 68 153
170 68 617 149 68 158 108 68 158 108 68 607 155
158 543 247 85
531 158 108 68 295 19 85 68 5 68 321 4 359 68 607 158 68 415 211 68 158 108 68 158 118
5 163 68 64 550 430
170 570
87 359 68 201 258 68 339 68 607 158 68 321 240
231 51 86 68 261 86 68 370 68 5 68 370 68 607 158 68 170 299 149
231 240
158 108 426 170
5 108
295 19 108 68 253 68 189 68 638 68 241 359
405 70 158 149
501 85 517 68 43 158 68 64 211 68 64 211 68 149 68 607 50 68 569 68 550 158 85 359
405 152
158 108 68 569 68 430 299 68 339 68 87 152
569 68 389 189 68 189 149 68 543 13 449
43 158 19 79 359 108
54 86 68 607 158 68 607 158 85
189 68 569 108 68 133 68 354 68 170 570 211 199
135 68 253 68 617 149 68 261 86
607 158 108 68 272 270
617 149 68 339 68 253 68 189 68 405 68 531 149 68 189 426 640 68 397 68 635 108
76 85 359
201 245 449
607 170 299 68 426 569 68 64
607 68 550 501 68 397 68 5 241 430 359 68 607 158 68 384 108 68 607 155 68 471 550 430
321 247 108
158 68 617 68 517 68 261 158 68 158 149 68 430 68 194 68 211 68 19 68 70 158
240 108 4 430
240 321 474 359
503 189
158 189 258 68 607 50
189 68 570 570 570 389 339 68 133 68 330 68 538 158 189 458
153 68 170 299 68 19 68 87 68 87 68 503 607 68 607 155 68 54 86
611 163 68 343 189
636
87 607 158 68 295 19 108 68 259 85 68 339 68 550 158 543 68 70 158 108
261 86 68 43 158 68 201 133 68 607 158 68 389 339
607 50 68 550 501 68 607 158 68 430 241 68 241 68 201 108 68 64 211
170 149 68 617 149 68 197 86 68 339 68 569 68 531 149 68 607 50
64 435 334 68 640
607 170 299 68 550 178 68 640
471 211 199 389 158 359
135 68 240 68 89 339 68 569 108 68 430 149 68 430 68 397 68 430 68 189 68 517 68 64 435 68 64 435 68 64 435 68 64 435 68 64 435 68 617 149 68 64 435 68 607 339
189 68 426 158 108 68 635 108 68 241 68 241 68 43 158 68 517 85 68 430 68 189 68 189 68 5 189 68 517 85 68 517 85 43 158 108 68 241 68 241 68 43 158 108 68 43 158 108 68 189 550 158 108 68 189 550 158 85 406 158 108 68 43 158 108 68 517 85 68 43 158 68 189 550 158 85 43 158 85 213 550 158 85 611 570 389 158 85 68 201 85 43 158 85 43 158 68 43
189 68 170 299 68 397 68 426 339 68 189 68 331 158 334 68 261 158 108
87 68 170 68 405 266 50 68 397 68 607
149 550 158 543 108
261 86 189 170
189 68 5 189 68 158 189 68 397 68 5 68 331 149 68 331 149 68 158 108
611 68 189 68 189 550 487
321 155 68 552
607 50 68 550 501 68 397 68 183 189 68 158 68 43 158 68 331 149
261 158 543 68 295 19 85 68 607 50 68 189 68 430 68 43 158 68 430 68 43 158 68 258
158 68 85 266 158 68 149 550 405 108
517 152
153 108 68 197 86 68 19 85 68 446 222
607 158 570 389 158
189 68 64 442 68 189 68 137 430 68 54 86 68 397 68 607 50 68 607 50
517 68 87 68 577 68 339 68 136 155
405 108 68 569
430 170 108
261 86 68 607 50 68 370 68 569 68 651 68 253
189 68 552 152
607 158 68 295 149 68 397 68 607 158 68 503 108 68 569 68 207 68 201 240 299 68 397 611 189 68 406 158 118 68 406 211 68 406 211 68 406 158 347 189 68 607 158 607 158 438 299 68 430 299 68 406 158 347 189 68 430 299 68 607 158 118 68 189 68 406 158 118 68 170 108 68 607 158 158 438 299 68 431 68 406 158 438 359 68 16 158 68 472 551 68 201 240 299 68 430 551 68
617 149 68 43 158 68 321 247 68 607 158 68 211 68 19 68 569 68 638 68 569 68 201 258 4
607 155 68 222 476 68 339 68 569 68 569 68 158 189 643 415
321 68 607 158 68 237 245 449 68 430 68 36 85 68 569 68 648 108
261 158 149 68 640
241 68 550 158 543 211 543 108
51 155 68 517 68 155
607 158 68 54 86 68 321 68 397 68 222 68 389 339 68 570 389 158 118 68 189 68 189 241 430 299 68 189 68 406 158 118 68 406 158 118 68 189 68 189 16 430 299 68 406 158 438 359 389 158 118 68 189 16 430 299
321 247 85 68 569 108
189 68 517 68 158 189 68 261 158 189 68 543 51 178 68 570 550 430
607 50 68 550 501 68 397 68 330 68 158 108 68 517
295 19 85 68 189 68 201 258 68 158 241 359 68 607 158 68 122 108 68 607 50
51 123 68 430 68 93 240 68 640 68 607 50
189 68 339 68 430 68 43 155 68 607 158 68 607 158 68 607 50
503 405 68 426 607 158 68 231 51
349 85 68 611 189 211 189
607 50 68 295 149 68 158 611 189 68 158 240 389 339 68 447 158 543 68 79 487 149
527 68 607 158 68 531 211 68 531 85 359 68 19 68 189 68 550 178
569 68 543 389 158 118 68 330 68 330 118 68 158 108 68 611 258 118 68 569 68 569 68 569 68 569 68 569 68 569 68 569 68 569 68 569 68 569 68 569 68 569 68 569 68 569 68 569 68 569
4 79 158 108 68 321 240 68 389 438 359
321 241 85 359 331 158 359
564
250 299 247 85
593 85 68 397 68 648 550
189 68 651 123 68 638 149 68 607 50 68 607 50
261 158 68 137 430
577 68 321 240
189 68 617 149 68 550 158 543 68 295 19 85 68 211 68 211 68 397 68 19 68 617 68 397 68 617 68 617 68 189 68 617 149 68 617 149 68 617 149 68 43 158 68 617 149 550 158 68 607 158 68 607 158 68 607 158 68 189 85 68 189 149 68 43 158 68 43 158 68 617 149 68 617 68 617 68 617 68 617 149 68 617 149 68 607 158 68 607 158 68 607 158 68 607 158 68 43 158
569 68 136 158 68 201 258 68 517 570 211 158 189 68 64 211 108
389 569
611 430
607 50 68 550 501 68 397 68 76 85 359 68 569 68 173
550 158 199 68 158 108 68 611 85 359
607 50
43 339 68 321 240
261 86 68 51 570 68 170 68 569 68 569 68 531 19 85 68 405 68 607 158 68 607 155 68 607 155 68 607 155
4 108
19 68 5 68 607 158 85
607 158 68 607 158 68 258 189 108 68 607 68 611 51 570 211
607 50 517 299 643 359
611 149 68 617 149 68 405 108 68 638 68 638 211 68 79 222 149
155 85 611 189 85
4 152
153 68 137 430 68 339 68 170 68 170 299 68 430 68 550 501
503 85
503 189 68 253 68 189 68 405 189
577 68 321 240
87 607 158
607 237 85
417 551
135 68 405 199 68 295 149 68 607 158 68 550 86
517 194 611 194
158 68 517 85 68 261 158 68 162 85 68 607 170 68 607 68 397 68 153
607 158 108
261 158 543 68 397 68 5
550 85 359 68 517 85
261 86 68 43 158
189 68 261 158 543 68 397 68 43 158 68 261 86 85 170 152
527 68 607 158 68 607 68 389 158 118 299
76 570 211 339
246 149 550 158 611 189
189 68 170 299 68 397 68 501 149 550 158 68 189 68 241 68 158 108 68 241 359
611 189 68 87 68 261 158 543 68 569 108 68 607 50 68 430 68 569 68 245 68 611 68 397 68 569 68 569 68 569 68 569 68 569 68 321 4 189 68 321 4 406 85 68 321 569 68 517 68 321 4 85 68 569 68 569 68 569 68 517 68 569 68 517 68 517 68 321 240 211 68 321 240 211 68 611 51 85 359 68 201 240 222 68 321 247 85 68 321 247 68 406 85 68 406 85 359 68
550 178 68 158 108 68 321 189 550 487 149
189 68 611 149 68 359 68 430 64 211 240
558
397 68 258 476 68 64 211 607 155
503 189 68 201 258 68 607 68 389 67 551
483 359 258 204 68 189 68 189 241 330 551
607 158 51 108 68 389 339 68 354
240 68 611 258 118
213 194 301 359
122 68 397 68 85
651 123 68 158 118 68 64 550 158 108 68 607 158 68 389 158 108
389 85 149
189 68 261 607 158 68 517 85 68 158 108 68 406 211 299
607 158 68 153 108 68 607 68 321 247 68 339
76 85
87 68 607 50 68 617 149 68 261 158 108 68 241 108 68 250 551
240 550 213 550 158
397 85 51 123
158 68 517 68 189 68 201 258 68 201 74
346
569 68 240 550 85 359 389 158 68 189 68 507 211 68 189 68 197 108 68 321 247 68 397 68 64 435 415 211
70 189 68 617 149 68 640 68 611 189
45 206 68 397 68 446 68 330 68 517 68 64 149 240 149
569 68 36 108 68 70 189 68 266 158 68 170
87 68 261 158 543 68 397 68 133 68 569 68 213 194 458
261 86 68 137 430 68 569 68 630
607 68 550 501 68 397 68 517 68 611 189 68 334 68 347 501 68 290 178 68 241 68 241
607 170 299 68 389 85 359
331 68 189 68 201 189 68 36
517 250 359
550 339 551
607 50
189 68 261 158 543 68 638 211 68 330 359 68 564 68 495 68 430 68 569 68 258 68 430 68 5 68 258 68 258 68 258 68 258 68 258 68 258 68 258 68 258 68 258 68 258 607 158 258 607 158 258 607 430
507 643 189
503 108 68 517 68 189 68 531 149 68 607 158 68 346 211 68 517 68 517 85
389 189
397 68 237 552
79 158 240
133
51 570 68 201 258 68 354 68 321 240 68 611 189 68 261 158 199 68 241 68 43 158 68 569 68 158 108 68 517 68 517 68 517
43 158 68 607 158 108 68 158 108 68 189 68 570 389 158 199
76 85 359 68 640 68 607 155
162 68 89 79 152
51 86 68 189 68 137 430 68 212 199
290
65 79 68 241 68 550 158 543 108
577
321 247 65 507 572
503 108 68 201 258 68 517 551
261 86 68 607 50
201 108 68 569 68 607 158 68 158 237 558 68 331 149 68 405 149 68 531 211 189 68 550 339 551 68 550 339
607 158 68 607 68 339 68 339 68 189 68 76 85 68 153 189 108
503 155 68 635 108 68 87 68 503 189 68 137 247 68 607 50
36 108 68 330 68 183 158 108 68 204 359 643 359
607 50 68 617 149 68 607 158 68 45 261 68 45 108
115 158 189 211 199 68 64 51
87 68 607 50 68 331 149 68 607 158 189
527 68 517 68 514 85 68 19 85 68 321 189 68 611 290 85 359
503 189 68 607 158 68 503 108 68 5 68 87 68 607 68 339
79 158 299 621 458
189 68 170 299 68 136 247 108 68 438 68 517 152
607 170 299 68 133 68 79 79 241
189 68 158 68 607 68 241 85 321 189 68 640 68 19 68 170 149 68 531 149
158 15 85
201 258 551 68 569 68 607 158 68 4 85 359 68 133 68 426 158 108 68 211 85
261 86 68 51 570
495
258 108 68 54 86 68 607 158 68 261 158
495 68 517 68 4 85 299 222
19 213 194 213
158 79 339 222 211 359
355 611 158
170 149 68 617 149 68 550 501 68 36 108 68 607 68 170 68 253 68 241 68 241
54 86 68 397 68 415
593 163 68 430 68 85 551
231 240
79 430 299 211 359
607 158 68 197 108 68 36 85 68 201 258 471 149 550 339 68 550 339
136 158 108
607 158 68 104 189 68 607 50
49 68 607 158 68 417 68 617 149 68 607 158 68 85
211 390 68 405 108 68 79 158 240 258 108
158 538 158 25 68 347 158
397 68 397 68 133 551
49 68 607 158 68 258 68 617 149 68 261 158 543 68 611 51 438 359
5 68 617 149 68 370 68 446
5 68 617 149 68 607 158 68 153 68 19 531 211 240 359 68 389 339
158 108 68 617 149 68 550 158 543 68 607 155 68 607 155 68 430 68 430 68 87 149
115 640
189 68 158 189 68 237 334 108 68 153 85 359
503 334
43 158 68 134 551 68 295 19 108
611 51 86
501 85 149 68 5 68 503 158 108 68 137 158 68 607 339
569 68 115 479 68 261 158 68 261 158 240 68 430 68 149 68 531 149
43 158 570 389 158 68 64 550 158 108
430 330
245 258 222
247 247 149
253 68 569 68 76 85 68 607 68 471 211 68 64 211 108 68 430 108
365 430 85 68 607 155 68 446 258 108 68 4 108 68 241 68 517
503 108 68 158 108 68 569 68 517 85 611 108
135 68 240 359 68 617 149 68 569 68 629 68 245 258
189 68 552 68 153 189 68 570 13 68 607 158 68 507 211
607 50 68 617 149 68 607 158 68 85 359 389 85 359 68 347 501 68 136 479
261 86 68 158 108 68 617 149 68 607 170
607 158 68 607 158 68 70 339 68 24 51 170
415 241
79 430 149 359
222 476 68 552 85 359
503 108 68 638 68 607 170 68 330 149 68 415 211 68 517 68 517 85
153 108
389 248 194 68 261 158 85
64 211 68 548 68 640 68 295 19 68 430 68 397 68 569 68 569 68 64 435 334 108 68 64 435 334 108 68 64 435 85 68 64 435 85 241 68 64 435 85 68 64 435 415 435 415 435 415 435 415 435 415 435 415
87 359 68 70 158
87 339
607 158 68 607 158 68 68 158 189 68 79 79 155 68 64 211 68 79 339
330
54 397 68 397 68 607 479 68 290
211 240 68 241 68 569 68 607 158 85
261 86 68 607 68 189 68 577 68 397 68 651 85
593 108 68 397 68 426 211 570 211 108 68 607 158 68 36 85 68 405 68 397 68 241 68 43 158 68 405 68 517
189 68 261 158 108 68 189 68 397 68 211 68 503 339 68 19 85
611 258 471 43 158 68 19 68 201 258 507 430
503 85
261 86 68 43 158 68 201 133 68 569 68 153 189
65 155
222 68 253 68 339
517 458
222 68 36 211 108 68 569 68 347 158 68 347 158 68 607 68 607
611 51 108
607 50 68 550 501 68 397 68 501 85 611 189 68 36 211 108 68 170 68 607 68 65 155 68 118
149 550 158 543
607 158 68 76 85 359 68 189 68 152 550 68 43 430
43 339
87 339 68 136 158 240 211 68 607 68 253 68 137 158 68 170 108
189 68 648 240 68 253 68 389 158 189
569 68 389 339 261 86 85 68 607 170 68 201 258 68 70 339
201 258 290 213
70 108 68 638 68 354 68 189 68 517 68 607 158 68 607 50
430 152 68 240 435 85
607 68 550 501 68 607 158 68 240 389 108 68 189 68 261 86 149
189 68 550 158 68 397 68 550 86 68 124
261 86 68 51 570
490
611 79 158 108 68 331 149 68 189 68 607 50
79 158 118 149
240 550 213 550 158
321 149 68 640 68 635 108
426 339 68 607 158 68 158 108 222 211 222
135 68 189 68 394 68 426 158 85 68 158 240 68 339 551 68 136 479 68 70 158 68 406 211 406 211 245 211
607 68 517 359 68 158 108 68 201 189 68 405 149 68 189 68 201 108
64 211 68 607 50 68 85 359 149 68 149
261 86 68 43 158 68 378 85 4 189 211 406 68 607 68 237 247 149 68 45 531 149
607 158 68 258 222 68 331 68 339 68 607 158 68 64 211
162 68 570 550 430
189 68 222 476 68 158 108 68 85 68 85 70 189 68 331 430 68 517 85
607 50 68 617 149 68 607 158 68 240 550 158 68 241 299 222 68 397 68 85 170 108
45 206 68 397 68 370 68 43 158 68
321 108 68 261 569 572
64 211 108 68 415 85 68 640 68 640 68 617 149 68 241 68 173
607 158 68 607 158 68 24 85 68 640 68 640 68 170 108
189 68 170 299 68 158 108 68 543 258 415
483 222 149 85 136 158 189 359
194 543
607 68 607 50 68 152 68 237 68 261 86 68 397 68 483 79 487
283
503 85
136 479 389 189 507 211
607 158 51 149 406 211 406 211 299
115 158 68 607 68 189
611 108 258 430
87 68 261 158 543 68 517 68 635 189 211
87 68 64 550 85 68 158 108 68 36 149 68 237 68 397 68 397
607 158 68 607 155 550 85 68 321 68 397 68 4 479 68 630
330 359
149 643 334 108 68 245 64
607 158 68 64 550
64 211 68 231 240 68 43 158
170 108 68 643 359 68 607 68 389 85 359
527 68 640 68 611 108 68 483 149
607 158 68 607 158 68 321 4 343 158 359 68 201 258 108
170 68 152 68 51 86
153 68 70 189 68 5 189 68 550 487
222 68 149 68 607 50
241 68 19 85 68 5 68 261 86 68 261 86 68 569 68 638 68 397 68 517 68 430 68 339 68 339
330 149 550 158 108 68 607 155
76 85 68 514 199
607 158 68 201 643 359 68 54 86 68 189 397 68 158 68 331 108
426 158 359
54 86 68 19 85 68 19 68 607 158 189
611 155 359 68 136 155
189 68 569 108 68 430 68 568 68 67 405 68 570 258 68 430 68 397 68 607 158 118 108 68 153 189 550 158 108
607 50 68 550 501 68 397 68 258 189 68 651 123 108 68 24 334 108 68 330 68 330 68 330 68 158 108
607 158 68 607 158 68 550 86 68 183 158 543
133 68 321 240 68 207
503 108 68 189 68 569 68 405 551
87 68 607 50 68 617 149 68 339 68 638 68 133 211 68 339 68 569 68 569 68 64 389 339
330 64 211
135 68 611 68 405 68 162
607 50 68 617 149 68 607 158 68 550 501 68 201 211 607 155
527 68 153 68 517 68 611 79 430 68 550 339 68 149 68 149 550 158 85 149
552 158 118 68 183 158 152
593 163 68 211 68 397 68 64 68 135 68 569 68 569 68 4 136 158 108 68 517 85 136 479 108
321 68 607 158 68 201 108 68 85 152
503 108 68 189 68 569 68 137 158 108 68 640 68 241 149 550 339
87 68 347 158 68 5 68 253 68 569 68 76 85 359 68 405 68 405 68 241 68 241 68 241 68 36 85
5 68 617 149 68 330 68 330 158 189 199
182 108
51 170 108 68 76 406 430
189 68 170 299 68 569 68 43 158 68 158 68 158 68 158 406 430 68 19 68 651 123 68 430
76 85 359 68 213 68 266 158 68 5 68 137 158 551
189 68 550 501 68 295 149
19 85 68 430 68 211 199 68 85 68 531 149 68 569 68 247 85 68 517 85 68 64 211 108 68 64 211 108
607 158 68 607 68 607 158 68 76 85 359 68 331 158 108
261 85 152 68 640
611 51 359 68 430 136 479 68 651 123
241 503 158 68 552 85 68 397 68 189 68 211 68 569 68 158 108
607 158 68 607 158 85 68 607 155 68 93 68 617
503 189 68 607 68 137 158 68 137 158 543 68 397 68 517 68 405 68 405
158 240 299 108 68 607 158 68 132
135 68 550 158 543 68 607 158 68 158 74
569 68 397 68 65 430 359 68 189 68 640 68 241 68 635 108
321 607 158 85
564 68 240 299 68 170 108 68 170 108 68 189 68 331 19 68 5
189 68 426 108 68 108 68 635 108
76 85 359
503 189 68 607 68 189 68 405 266 158 68 397 68 415 85 359 68 189 68 189 68 607 50
483 149 643 359
211 339 551
149 258 68 133 68 43 158 611
201 258 651 85 68 430 64 211 68 607 155 68 390 68 290 68 241 68 189 68 189 68 189 241 68 158 118 108 68 389 339
479 507 247 299
638 68 611 258 478 68 330 68 70 158 108
569 68 241 85 611 68 201 240 550 430 68 79 158 68 607 68 170 68 339 68 136 479 68 343 189 16 158 359 68 569 68
70 189 68 617 149 68 640 68 611 189
45 206 68 241 68 93 51 108 68 638 68 54 430 68 16 430
231 240
51 68 430 359 68 201 152
189 68 158 108 68 397 68 397 68 85 170 152
5 68 617 149 68 607 158 68 607 158 68 36 211 607
517 155
607 50 68 550 501 68 397 68 158 152 68 607 158 68 240 550 158 68 359 550 158 68 170 108 68 16 158 68
446 247 85
43 158 68 261 158 68 158 108 68 517 173
501 85 149 68 43 158 68 158
201 108 405 199 68 517
51 68 189 68 617 68 261 158 543 68 19 108 68 569 68 237 552
201 258 551 68 569 68 133 68 543 389 339 68 170 108 68 331 149 68 331 149
651 635 68 158 108 68 43 158 68 93 51 572
607 170 299 68 577
189 68 405 189 68 430 68 339 68
607 158 108
607 158 266 19 68 607 68 354 68 640 68 640
189 85 299 245 149
643 68 611 86 163
189 68 550 158 68 397 68 133 108 68 201 108 68 638 68 266 50
211 68 158 108 68 81 108
158 258 551 68 250 68 607 158 108
651
79 158 240 108
51 68 607 68 607 50
258 85 299
133 68 390 68 550 501 68 430 68 430 222 68 64 389 158 149
607 50 68 45 206 68 490 68 261 79 158 471 389 158 189 68 211 406 155
538 158 5 68 405 68 330 359 68 630
189 68 577 68 359 389 248 68 405 68 405
136 158 4 85 222 149
599 68 45 68 397 68 137 158 68 607 158 68 607 158 68 389 339
88
607 158 68 607 68 607 158 68 417 68 640 68 158 108 68 108
261 86 68 51 570
43 163
417
19 489 68 240 389 85 359 68 79 158 108 68 189 68 16 430 68 189 68 569 68 64 68 569 68 64 68 64 68 569 68 569 68 569 68 569 68 64 68 321 240 68 321 240 68 569 68 569 68 569 68 569 68 569 68 569 68 569 68 569 68 569 68 640 68 640 68 640 68 64 68 64 68 64 68 617 149
503 108 68 189 68 569 68 76 339 551 68 642 211
607 50 68 617 149 68 339 68 525 68 321 108 68 330 68 330 155 149
503 189 68 253 68 295 635 108 68 64 550 339 68 550 158 543
446 163 189 85 68 64 211
189 68 165 68 339 68 339 68 430 68 261 86 85 68 405 241 68 397 68 54 86 68 405 68 397
607 68 550 501 68 397 68 241 330 85 68 330 68 189 68 64 389 339 68 201 240 643 359
607 158 68 447 189 68 261 86 68 158 108 68 607 339 68 617 149
503 85 68 189 68 569 68 158 108 68 4 85 222 68 133 68 133 551
5 68 331 149 68 237 68 15 170 68 430 68 354
607 158 68 76 85 550 158 189 211 189
569 68 158 222 68 189 68 430 299 550 158 108
79 155 149
45 68 158 108 68 189 68 617 149 68 550 178 68 241 68 19 85 68 70 189
87 359 68 70 158
170 149 68 617 149 68 550 501 68 397 68 258 108 68 321 108 68 64 211 108
261 170 68 617
397 415 415 258 415
648
359 170 299 68 158 189 550 569
19 158 359 68 607 158 68 54 86 68 607 50
222 68 607 158 68 149 550 158 108 68 607 158 68 170 68 170 149 68 617 149 68 517 68 517 68 607 155
276 85 68 201 258 64 389 158 85
170 149 68 617 149 68 81 68 5 68 617 149 68 153 189 68 607 158 68 507 85
503 108 68 189 68 569 68 389 85 299 136 479
394 68 607 158 68 430 258 74
241 299
607 50 68 189 68 158 570 211 108
213 68 158 68 430 68 550 430 68 638 68 261 158 108
261 158 108
189 68 211 240 68 43 158 68 648 68 189 68 517 85 68 517 85
517 359 68 245 449
607 50 68 45 206 68 490 68 261 79 158 471 389 158 189 68 211 406 155
295 19 85 68 36 211 68 189 68 405 108 68 54 86
64 194 149
611 163 68 343 189
16 155 108
135 68 261 158 543 68 189 68 607 50 68 405 68 76 85
245 258 222 68 115 479 68 389 158 299
88
607 158 68 321 339
189 68 4 240 68 607 158 68 261 430 149 68 321 247 85 68 158 108 68 290 222 240 359
54 86
611 163 68 258 149 68 569 68 397 68 569 68 405 68 607 155 68 607 155
607 158 85 68 339 551 68 397 334 85 170 108
611 149 68 593 89 158 68 330 359 68 569 68 158 189 68 241 359
240 389 238 442
70 189 68 617 149 68 640 68 617 149 68 517 68 155
153 68 261 158 68 607 158 68 611
5 68 321 240
527 68 36 149 68 237
607 170 68 550 501 68 397 68 501 85 517 158 199 68 551 68 108 68 569 68 299 68 299 68 299 68 299
51 68 607 68 607 50
76 570 389 339
640 68 611 108 68 258 149 68 16 158 623 68 153 189 108
607 158 51 108 68 135 68 389 189
552
261 86 68 51 570
607 50 68 370 68 43 158 68 153 108 68 321 4 189
426 158 241 321
170 149 68 617 149 68 550 501 68 253 68 5 68 330
503 189
607 68 550 501 68 397 68 5 68 343 543 68 651 123
611 189 85 222 149 68 389 158 118 68 295 19 108
170 550 86
611 136 479 359
64 389 79 170 149
189 68 261 158 543 68 607 158 68 213 13 85
51 155 68 115 479 64 389 155
611 68 607 68 201 189 68 550 430 149 68 617 68 430 68 19 68 266 158
527 68 211 68 525 68 397 68 569 68 430 359 68 258 611 189
189 68 577 68 347 158 108 68 607 158 68 430 93 435 85
261 86 68 43 158 68 189 68 430 68 207 68 211 155 68 607 155
607 158 68 295 149 68 430 334 68 339 68 87 68 93 51 155 68 607 155 149
64 550 158 68 79 158 108
397 68 213 194 189
241 85 68 617 68 550 178
261 158 189 68 19 79 158 189 68 607 170 108 68 405 85 68 70 189
158 85 68 189 68 231 240 68 617 149
266 158 118
330 123 611 85 222
43 163 189
64 211 68 389 430 299 68 397 68 569 68 16 163
79 430 199
189 68 288 68 295 266 158 68 607 158 68 607 158 68 607 479 68 607
170 245 415
517 68 189 68 261 158 543 68 607 339
87 68 158 108 68 569 68 490 68 568 68 568 68 569 108 68 569 68 237 68 430
611 163 68 81 68 5 108 68 65 86 489
87 339
64 211 68 607 50 68 397 68 415 170 108 68 617 149 68 517 85 359 68 339 68 339 68 339 68 87 68 87 68 87 68 87 68 87 569 68 87 569 68 87 569 68 87 569 68 405 331 339 68 87 449
564 68 550 158
79 79 79 158 108
64 435 68 651 68 640 68 283 68 70 189
211 359 68 70 158
201 276 85 299 525
495 68 79 158 299 68 651 123 68 76 85
527 68 87 68 5 68
87 359 68 158 108 68 569 68 397 108 68 651 85 347 158 118 68 397 68 189 68 507 643 551 68 189 16 430 68 189 16 430 299 68 189 16 158 331 438 415
51 570 68 170 123 607 170
5 68 570 550 487
607 170 68 617 149 68 430 68 43 158 68 64 550 108 68 397 68 389 339
503 85
397 108 68 430 359 68 339 551 507 643 359
607 158 68 197 108 68 85 68 19 68 189 68 611 149 68 611 51 170 108 68 430 149 68 617 149
514 85 359
189 68 472 68 51 86 85 68 447 158 68 430 68 397 68 569 108 68 133
87 68 607 158 68 189 68 295 19 68 19 68 211 68 370 68 640 68 569 68 79 155 68 137 155
201 258 68 201 240 152 68 640 68 617 149
611 189 189
189 149
446 550 158 108 68 115 479 108
170 240
189 68 261 158 68 45 4 34 68 189 68 405 405
87 359 68 158 108 68 617 149 68 638 68 611 258 478 68 183 158 240 68 330 158 189 643 359
261 86 68 607 50 68 331 68 36 301 68 569 68 288 359
153 108 68 189 68 189 68 430
503 189
569 68 426 158
79 158 189 68 45 68 189 68 417 68 651 123
153 108 68 197 86 68 189 108 68 607 158 68 241 68 430 68 261 86 85
261 86 68 51 570 68 638 68 607 50 68 189 68 405 607 155
189 68 569 68 241 85 43 158 68 430 68 5 68 170 149 68 389 339 551 68 389 158 189 643 551
607 158 85 68 347 158
527 68 5 68 617 149 68 261 158 543 68 638 211 68 354
607 68 607
405 258 68 158 108 68 394 149
76 85 359
446 266 158 189
501 85 64 550 79 163
43 158 68 611 79 222 85 359 68 189 68 237
158 108 68 617 149 68 330 68 617 149 68 70 189 68 617 149 68 349 85 68 330 68 158 108
189 426 430 68 638
189 68 471 211 474 211 68 359
503 85 68 189 68 569 68 158 108 68 4 85 222 68 133 68 133 551
220 51 158 189
397 68 54 86 68 64 211
607 50 68 617 149 68 607 158 68 158 108 68 517 68 517
45 68 607 68 607 68 550 501 68 397 68 517 68 189 68 607 68 550
241 299
607 68 569 68 136 155
247 85 347 189 397
246 149 550 158 406 211 68 611 79 158 189
158 68 79 339 68 153 108 68 170 108 68 241 68 43 158 68 611 51 334
5 543
261 86 68 43 158 68 253 68 189 68 397 68 611 68 189 68 211 155
245
261 86 68 189 68 123 149 68 261 108 68 295 569 68 64 435 79 79 79 79 79 79 487 149 68 607 50
241 503 158 68 552 85 68 397 68 189 68 211 68 569 68 158 108
426 237 299 68 201 258 288 359
607 50 68 617 149 68 36 85 68 189 68 550 430 68 550 158 359 68 241
