417
5 68 389 339 68 543 211
261 86 68 124
64 211 108 68 189 68 189 68 158 543 211 68 211
431 240 51
240 389 158 149
85 359 68 85 51
19 85 68 19 85 68 569 68 19 85 68 85 68 85 359 68 85 359 68 85 359 68 85 359 68 85 359 68 85 359 68 189 68 189 68 189 68 19 85 359 68 19 85 359 68 19 85 359 68 19 85 359 68 19 85 359 68 19 85 68 19 85 68 19 85 68 19 85 68 19 85 68 19 85 68 19 85 68 503 158 108 68 19 85 68 19 85 68 19 85 68 19 85 68 19 85 68 19
158 85 359 389 158 118
19 85 68 85
189 68 189 68 517 68 607 479 68 517 68 517
527 68 607 158 68 81 68 607 158 68 189 68 211 543
19 163 68 550 501 68 607 158 68 19 68 397 68 397 68 19 85 68 397 68 569 68 19
503 189 68 19 68 158 108 68 158 108 68 503 189 68 607 158 68 607 158 68 503 158
64 211 108 68 85 68 64 211 108 68 64 211 108
283 68 189 68 5 68 19 85 68 19 85
527 68 607 158 68 64 211 108 68 189 68 189 68 189
517 359
189 68 517 68 189 68 517 68 517 68 517
261 86 68 158 108 68 189 68 189 68 617
430 543 211
629
593 163 68 81 68 158 108 68 158 108 68 5
531 158 149
5 68 158 108 68 158 543 68 158 108 68 158 108
253 68 189 68 617 149
189
607 479 68 81 68 189 68 517 68 607 158 68 607 158
607 158 68 81 68 5 189 68 240 211 68 240 211 68 240 211 68 240 211
197 85 68 85 359 68 189 68 189
189 68 617 68 189 68 124
5 68 189 68 607 158 68 240 211 68 240 211 68 240 211 68 607 158 68 189 68 189 68 5 189 68 189 68 607 158 108
5 68 81 68 189 68 189 68 240 211 68 189 68 189
607 158 68 527 68 189 68 189 68 158 108 68 158 108 68 158 108
158 211 211
397 68 240 389 158
607 158 68 389 501 68 189
189
527 68 607 158 68 81 68 517 68 517 68 517 68 517
564 68 517 68 397 68 397 68 397 68 397 68 397 68 569 68 569 68 569 68 19 85
189 68 158 108 68 397 68 517 68 569 68 569 68 85 359 68 85 359
431 68 607 158 68 550 158 68 607 158 68 5 189 68 550 158 108 68 550 158 68 158 108
5 68 158 108 68 189 68 189 68 189 68 189 68 189 68 189 68 189 68 189 68 189 68 189 68 189 68 189 68 189 68 189 68 189 68 189 68 189 68 68 68 68 189 68 189 68 158 108 68 189 68 189 68 189 68 189 68 189 68 189 68 81 68 189 68 189 68 189 68 189 68 189 68 189 68 189 68 158 108 68 81 68 189 68 189 68 189 68 189 68 189 68 189 68 189 68 189 68
85 359
261 86 68 158 108 68 158 108 68 158 108 68 19 85
339 68 550 501 68 640 68 569 68 240 211
261 86 68 253 68 397
261 86 68 124 68 5 189 68 240 211 68 240 211 108
517 85
64 211 108 68 5 68 607 158 68 607 158 68 607 158 68 607 158 68 607 158 68 607 158 68 607 158 68 607 158 68 607 158 68 607 158 108 68 607 158 108 68 607 158 68 607 158 68 607 158 68 607 158 68 607 158 68 607 158 108 68 607 158 68 607 158 108 68 607 158 68 607 158 68 607 158 68 607 158 108 68 607 158 68 607 158 68 607 158 68 607 158 68 607 158 68 607 158 108
527 68 5 68 81 68 19 85
430 68 430 359
189 68 189 68 189 68 189
70 158 68 5 68 189 68 68 85 359 68 569 68 211 108
527 68 607 158 68 81 68 607 158 68 607 158 68 607 158 68 607 158 68 550 158
527 68 607 158 68 85 359 68 189 68 189 68 85
64 211 68 503 158
189 68 158 189 68 85 359 211 85 359 68 85
189 68 449 68 517 68 397 68 19 68 569 68 19 68 19 85 68 19 68 397 68 397 68 397 68 397 68 397 68 397 68 397 68 397 68 397 68 19 68 19 68 19 68 19 68 19 68 19 68 19 68 19 68 19 68 19 68 397 68 253 68 19 68 19 68 550 501 68 397 68 397 68 19 68 19 68 19 68 19 68 19 68 19 68 19 68 19 68 503 158 108 68 397 68 19 68 19 68
527 68 569 68 189 68 85
124
593 163 68
607 158 68 527 68 189 68 81 68 189 68 189 68 189 68 189 68 189 68 189 68 189
189 68 85 359 68 189 68 189 68 64 211 108
158 108 68 189 68 517 359
253 68 517 68 189 68 158 108
158 108 68 430 68 85 4 149
189 68 617 68 397 68 397 68 397 68 397 68 397 68 397 68 189 68 189 68 189 68 189 68 189 68 189 68 85 359 68 189 68 189 68 189 68 189 68 189 68 85 359 68 189 68 85 359 68 397 68 397 68 397 68 189 68 189 68 85 359 68 189 68 189 68 189 68 189 68 189 68 189 68 189 68 189 68 189 68 189 68 189 68 189 68 189 68 189 68 189 68 189 68 189 68 189 68
189 68 189 68 158 108 68 607 158 68 607 158 68 607 158 68 607 158 68 607 158 68 607 158 68 607 158 68 607 158 68 607 158 189 68 607 158 68 607 158 68 607 158 68 607 158 68 550 501 68 607 158 68 211 189 68 607 158 68 607 68 607 158 68 607 158 68 607 158 68 5 68 550 501 68 607 158 68 607 158 68 607 158 68 607 158 68 81 68 607 158 68 607 68 607 68 607 68
85 240 51 85
253 68 189 68 85 359 68 189 68 569 68 189 68 189 68 189 68 189 68 189 68 189 68 189 68 189 68 240 211 189 68 189 68 189 68 189 68 189 68 189 68 189 68 189 68 85 359 68 240 211 240 211 240 211 240 211 108
290 85
543 550 430 68 517 108
4 240 51 85 359
607 158 68 211 359
189 389 85 359
189 68 158 108 68 5 189 68 189 68 189 68 189
569 68 158 108 68 158 108 68 5 189 68 158 108 68 158 108 68 607 158 68 158 108 68 607 158 68 569 68 607 158 68 607 158 108 68 550 158 108 68 19 85 550 158 68 81 68 550 158 68 607 158 68 607 158 68 607 158 108 68 19 85 550 158 68 19 85 68 550 158 108 68 550 158 68 81 68 19 68 19 68 19 68 19 68 19 68 607 158 108 68 19 68 19 68 19 68 19 108
158 85 430
85 359
189 543 211 108 68 158 108 68 158 108
503 189 68 517 68 607 158 68 527 68 607 158
189 68 517 68 189 68 19 85 68 158 108 68 158 108 68 158 108
43 158 68 85 359 68 85 359 211 85 359
430 68 607 158 68 211
240 211
211 108
211 108 68 359 211 85 359
158 108 68 19 85 68 189 68 189 68 189
64 211 108 68 189 68 85 359 68 503 158 108
43 158 68 550 339 68 397 68 430 68 517
569 68 85 359 68 517 68 85 359
158 108 68 5 189 68 240 211 240 211 68 240
253 68 339 68 550 430 68 397 68 124
253 68 189 68 124 68 189 68 189 68 189 68 189 68 189 68 189 68 189 68 189 68 189 68 189 68 189 68 189 68 189 68 189 68 550 501
261 86 68 517 68 189 68 19 85 68 569 68 85
507 449 68 158 108
197 86 68 339 68 189 68 617 68 397 68 397 68 397 68 397 68 397
85 359 389 85 68 505
153 68 240 68 64 211 108 68 189 68 158 108 68 158 108 68 189 68 189 68 158 108
211 108 68 5
527 68 607 158 68 19 85 68 158 108 68 189 68 158 108 68 19 85
503 189 68 158
283
446 68 543 211 108
85 359 389 569
607 479 68 211 68 607 158 68 607 158 68 607 158 68 607 158 68 211 68 43 158
503 189 68 517 68 339 68 339 68 19 85 68 85 68 85 359 68 85 359 68 85 359 68 85 359 68 85 359 68 85 68 85 68 85 68 85 68 85 68 85 68 85 359 68 85 359 68 85 359 68 85 359 68 19 85 359 68 19 85 68 85 68 85 68 85 68 211 108 68 211 108 68 550 158 108 68 211 108 68 85 68 85 68 85 68 85 68 85 68 19 85 68 19 85 68 19 108 68
5 68 569 68 189
261 86 85 68 85
261 86 68 607 158 68 607 158 68 607 158 68 607 158 68 607 50 68 607 50
430 359 211
19 85 68 158 108
607 158 68 253 68 189 68 85 359
240 211 68 261 86 68 158 108 68 607 158 68 607 158 68 240 211 108 68 85
607 158 68 158 108
261 86 68 261 86 68 607 158 68 607 158 68 607 158 68 261 86 68 607 158

51 86 68 189 68 158 108
503 158
629
607 158 359
189 430 199
64 211 108 68 85
517 68 5 189 68 189
189 68 158 108 68 397 68 517 68 517 359
569 68 359 389 339 68 189 68 517
607 479 68 189 68 85
240 51 85 68 85
85 359 68 85 359
527 68 607 158 68 189 68 550 339
527 68 607 158 68 431 68 607 158 68 517
158 85 359
261 86 359
397 68 158 108 68 607 158 108 68 85 359
607 479 68 431 68 189 68 85 359
253
189 68 550 501 68 5 68 19 85 68 19 85 68 517
158 149 211 543
339 68 64 211 108 68 189 68 189 68 189 68 19 85
283 68 189 68 617 68 158 108 68 189 68 211 543
5 68 158 108 68 158 108 68 158 108 68 189 68 189 68 189 68 189 68 189
290 85 359
189 68 158 189 68 189
5 68 550 158 108 68 607 158 68 19 68 569 68 550 158
397 68 158 108 68 607 158 68 431
245 449
503 158 359
359 211
370 68 5 68 81 68 189 68 158 108 68 19 85 68 19 85 68 158 108
276 85 68 85
189 68 158 108 68 397 68 517 68 517 68 189 68 189 68 189 68 189 68 189 68 189 68 189 68 189 68 517
240 68 397 68 158 108 68 397 68 19 85
85 68 339 68 158 108 68 158 108 68 85
417
517 68 517 68 607 158 68 64 211 108
189 68 241 68 189 68 189 68 189 68 189 68 189 68 189 68 189 68 189
85 290 85
189 68 81 68 158 108 68 430
85 359 4
607 158 68 527 68 607 158 68 607 158 68 189 68 189 68 189 68 189 68 189 68 189 68 189 68 85
651 123 68 517 68 517 68 517
189 149 211 85
245 449 68 189
189 389 430
290 85 359
503 158 68 347 158
517
339 68 550 501 68 397
85 290 85
240 158 211 68 85
189 68 370 68 5 68 85 359 68 85 359 68 85 389 85 359
290 85
64 211 108 68 5 68 397 68 19 85
64 211 108 68 5 68 19 85 68 19 85 68 19 85 68 19 85 68 19 85
189
607 339 68 569 68 19 85
517 550 430 68 550 158 149
593 163 68 189 68 189 68 189 68 517
64 211
189 68 550 430 359 211
85
607 158 68 64 211 108 68 189 68 517 68 517
211 108 68 405 68 370 68 5 68 617 149
261 86 68 5 68 64 211 108
245 449
189 68 81 68 158 108 68 430
276 85 68 607 158 68 85 68 240 211 68 189 68 158 108 68 189 68 189 68 158 108
43 158 68 431 68 85 359 68 85 359
64 211 108 68 5 68 211 108 68 211 108
543 550 430 68 85
5 85 359
607 479 68 503 189 68 158 68 359
503 189
189 68 19 68 189 68 81 68 569 68 240 211
261 86 68 124
569 68 189 68 81 68 189 68 189 68 189 68 189
503 189 68 85 359 68 19 85 68 503 189 68 503 189 68 19 85
339 68 550 501 68 607 158 68 81 68 189 68 189 68 189 68 158 108 68 189 68 158 108
189 68 617 68 189 68 189 68 158 108 68 189 68 189 68 189 68 189 68 189 68 158 108
607 158 68 253 68 607 158 68 607 158 68 607 158 68 607 158 68 607 158
240 211 68 81 68 189 68 189 68 569 68 211 108
359 211 85 359
564 68 158 108 68 189 68 189 68 189 68 189 68 189 68 158 108
288 68 339 68 550 501 68 189 68 189 68 189 68 189 68 189 68 189 68 189 68 189 68 189 68 189 68 189 68 189 68 189 68 189 68 253 359 68 550 501 68 550 501 68 189 68 550 501 68 189 68 240 211 108
359 211
261 86 68 158 108 68 607 158 68 607 158 68 607 158 68 607 158 68 607 158 68 607 158 68 607 158 68 607 158 108 68 607 158 108
607 68 64 211 108 68 5 68 19 85 68 19 85 68 19 85
64 211
517 85 359
607 479 68 189 68 85 359 68 189 68 569 68 85 359
503 158
19 85 359
153 189 68 158 108 68 158 108 68 158 108 68 189 68 189 68 158 108
607 158 68 19 149 68 517
85 359 550 487 149
5 68 543 389 158 108
240 68 43 158 68 406 158 68 81 68 569 68 85
85 359 68 85
569 68 81 68 189 68 417
261 86 68 158 108 68 607 158 68 607 158 68 607 158 68 607 158 68 607 158 68 617
503 68 189 68 64 211 108 68 158 108 68 64 211 108
189
503 85 68 158 108 68 19 85 68 19 85 68 19 85
543 51 85
651 123 68 85 68 85
261 86 68 245 449 68 158 108 68 607 158 68 607 158 68 607 158 68 81
543 550 487 149
629 68 189 68 189
43 158 68 527 68 189 68 417
503 85 359
527 68 569 68 189 68 189 68 64 211 108
550 158 118 68 640 68 640
5 189
240 261 85 359
153 189 68 5 68 189 68 189 68 189 68 189 68 189 68 189 68 189 68 189
527 68 607 158 68 607 158 68 607 158 68 189 68 189 68 189 68 189 68 189
189 68 617 68 85 68 85 68 64 211 108 68 5 189 68 85 68 64 211 108
85 211 359
240 51 85
240 211 64 211
189 68 417 68 189 68 189 68 85 68 189 68 189 68 189 68 189 68 189
261 86 68 253 68 19 85 68 19 85
64 211
197 86 68 5 68 189 68 189 68 189 68 158 108 68 158 108
153 189 68 81 68 189 68 189 68 189 68 189 68 189 68 189 68 189 68 189
211 108 68 5 68 417 68 189 68 158 108
283 68 85
85 359 4
607 158 68 81 68 189 68 64 211
370 68 607 158 68 81 68 5 189 68 517
607 158 68 189 68 189 68 158 240 211 68 158 108
503 158
85 240 211 85 359
189 68 5 68 397 68 85 359 68 85 359 68 189 68 85 359 68 85 359
240 211
85 449
197 85 68 81 68 158 108 68 158 108
607 158 68 81 68 5 68 569 68 19 85 68 569 68 19 85
19 85 68 158 108 68 158 108 68 158 108 68 211 68 211
283 68 517 68 189 68 64 211
607 68 527 68 5 68 189 68 158 108 68 517
501 85 247 85
359 19 85
607 479 68 431 68 189 68 189 68 189 68 189 68 189 68 189 68 189 68 189 68 189 68 189 68 189 68 189 68 189 68 189 68 189 68 189 68 189 68 189 68 189 68 189 68 189 68 189 68 189 68 189 68 189 68 189 68 189 68 550 158 108 68 189 68 517 68 189 68 517 68 517 68 189 68 189 68 189 68 189 68 189 68 189 68 189 68 189 68 189 68 189 68 189 68 189 68 189
158 211 211
19 163 68 158 108 68 19 85 68 19 85 68 19 85 68 19 85
19 68 253 68 569 68 19 85 68 240
593 163 68 550 487 149 68 189 68 189 68 189 68 189
261 86 68 124 68 607 158 68 517 68 517
370 68 607 158 68 81 68 5 68 397 68 397 68 569 68 19 85 359
85 449
85 430 149
503 189 68 158 108 68 189 68 189 68 211 108
543 430
85 359
359 211 240 68 240 211 108
607 158 68 81 68 189
258 189
543
607 158 68 81 68 5 68 158 108 68 158 108 68 517 68 211 108
430 149 550 158 108 68 158 108
189 85 359
189 68 417
189 68 85 359 550 158 108 68 158 108
261 86 68 607 158 68 81 68 607 158 68 5 189 68 607 158 68 607 158
607 158 68 527 68 189 68 417
397 68 550 158 118
5 68 253 68 189 68 189 68 189 68 211 108
189 68 607 68 607 158 68 607 158 68 240 211 68 189 68 240 211 68 189 68 189 68 189 68 189 68 189 68 64 211 108
19 68 253 68 283 68 189 68 503 158
261 86 68 158 108 68 158 108 68 517
85 359
19 85 68 85 68 85 68 189 68 158 108
43 158 68 245 258 68 607 158 68 607 158
5 68 19 85 68 240 211 108 68 189 68 517 68 517
51 569
607 158 68 81 68 158 68 517 68 517 68 189 68 189 68 517 68 189 68 189
189 189
153 189 68 158 108
64 211 108 68 240 389 158
5 543
607 158 68 527 68 607 158 68 85
607 158 68 81 68 189
617 68 189 68
431 68 517
85 68 517 85 359 211 108
370 68 5 68 81 68 189 68 85 359 68 85 359 68 85 359 68 85 359 68 85 359 68 85 359 68 85 359 68 189 68 240 211 108 68 240 211 108 68 81 68 81 68 81 68 85 359 68 85 359 68 240 211 108 68 240 211 108 68 240 211 108 68 189 68 240 211 108 68 240 211 108 68 189 68 81 68 5 68 81 68 81 68 189 68 189 68 240 211 108 68 240 211 108 68 240 550 158
85
253 68 189 68 543 211 68 569 68 85 359 68 189 68 189 68 19
4 449
124
189 68 550 158 108 68 5 68 189 68 189 68 189 68 189 68 189 68 189 68 189
85 68 85 359 550 158 108 68 569 68 617
189 68 158 108 68 189 68 158 108 68 5 189 68 158 108
64 211 108 68 517 68 517
85 359 550 85
543 389 85 359
397 68 85 51 86
417
189 68 158 108 68 189 68 170 108
85 550 158 108 68 158 108 68 158 108
5 108
503 189 68 158 108 68 189 68 503 189 68 503 189 68 503 189 68 503 189
607 158 68 81 68 5 68 158 108 68 5 189 68 189 68 240 211 108 68 189 68 189 68 5 189 68 158 108 68 158 108 68 189 68 240 211 108 68 81 68 81 68 81 68 158 108 68 19 85 68 569 68 240 211 108 68 189 68 81 68 81 68 81 68 158 108 68 5 189 68 607 158 108 68 5 189 68 81 68 81 68 81 68 81 68 5 68 5 189 68 240 211 108 68 189 68 81 68
503 569
5 68 237 237
5 68 158 108 68 81 68 158 240 211 68 158 108 68 158 108
189 68 158 108 68 158 108 68 158 108 68 158 108
5 68 19 85 68 19 85 68 85 68 85 68 85
197 86 68 5 68 158 108 68 158 108 68 19 85 68 158 108 68 158 108 68 158 108 68 607 158 108 68 607 158 108 68 189 68 550 158 108 68 81 68 81 68 81 68 81 68 550 158 108 68 189 68 189 68 211 108 68 550 501 68 550 501 68 550 158 108 68 550 158 108 68 550 158 108 68 550 158 108 68 550 501 68 81 68 550 158 108 68 158 108 68 550 158 108 68 550 158 108 68
211 299 85
370 68 5 68 81 68 189 68 240 211 68 189 68 189 68 189 68 189
607 158 68 81 68 189 68 189 68 189 68 189
503 158 118
240 51 86
189 211 85 359 68 158 189 68 211 211
503 85
359 517 359
617 68 5 189
283 68 158 108 68 5
517 551
339 68 211 543 68 569 68 85 359 211 108 68 85 359
85 449 68 517 108
527 68 607 158 68 81 68 189 68 189
503 85
253 68 339 68 189 68 85 503 189 68 85
43 158 68 517
564 68 189 68 81 68 189 68 189 68 503 189
85 449
261 86 68 5
19 163 68 550 158 108 68 158 108 68 158 108 68 211
85 4
261 86 108 68 158 108 68 517
240 211 68 417
607 158 68 607 158 68 517 68 517 68 517
503 189 68 503 189 68 189 68 517
261 86 149
189 68 527 68 607 68 81 68 569 68 569 68 569 68 189 68 19 85
531 158 118
158 108 68 550 158 108 68 189 68 189 68 550 158 543
189 68 158 108 68 397 68 517 68 517 68 517 68 517
503 189 68 607 158 68 81 68 5 189 68 211 240 211 68 81
397 68 240 211 68 569 68 85 359 68 189 68 189 68 189 68 85 68 189 68 85 68 85 68 85 68 85 68 189 68 189 68 189 68 85 68 81 68 81 68 81 68 81 68 81 68 85 68 19 85 68 189 68 189 68 81
370 68 5 68 85
158 240
503 189 68 158 108 68 569 68 211 108 68 211 85 359
397 68 517 359
261 86 68 517 68 189 68 158 108 68 569 68 85
261 86 68 241 68 189 68 189 240 389 158 118
85 85 247
397 68 253 68 430 68 607 158 68 211
417
158 211 108
261 86 68 124 68 569 68 569 68 503 158 108
5 68 527 68 5 68 189 68 189 68 189 68 189 68 189 68 189 68 189 68 189 68 189 68 189 68 189 68 189 68 189 68 189 68 189 68 189 68 189 68 331 68 189 68 189 68 189 68 189 68 189 68 240 211 240 211 108
517
290
431 68 517
189 211 68 189 68 240 389 158
189 68 527 68 189 68 189 68 85 359 68 189 68 85
261 86 68 5 68 189 68 85 359 68 569 68 85
261 86 68 124
245 108
503 189 68 517 68 189 68 81 68 189 68 5 189 68 550 158 108
607 158 68 81 68 5 68 81 68 607 158 68 607 158 68 607 158 68 607 158
189 211 108
64 211 108 68 19 85 68 85
64 211 108 68 569 68 85
431 85 68 85
19 68 158 108 68 189 68 158 108 68 189 68 189 68 189 68 189 68 189
85 158 189 68 517 68 517
503 189 68 607 158 68 607 158 68 19 85 68 607 158 68 607 158 68 607 158
517 359 389 85 359
211 68 517 85
240 211
607 479 68 189 68 189 68 85 359 68 569 68 85 359
189 68 85 359 68 158 108 68 158 108 68 158 108 68 19 85 68 19 85
543 51 85
527 68 607 158 68 189 68 189 85 359
51 108
607 479 68 550 501 68 607 158 68 607 158 68 607 158 68 607 158 68 406 158
81 68 569 108
85 158 189
51 86 68 124
607 158 68 82 68 607 158 68 240 211 108 68 569 68 240 211 108
564 68 607 68 283 68 189 68 85 68 5 189 68 158 108
527 68 607 158 68 19 85 68 19 85 68 569 68 240
189 68 517 68 517 68 517 68 517 68 517 68 517 68 517 68 517 68 517
543
85 64 211
503 85
189 68 517 68 517 68 517
283 68 517 68 189 68 85
211 68 617 149
189 68 158 543 68 607 158 68 370 68 5 68 70 158
431
85 359 211 85
5 68 158 108 68 158 108 68 5 189 68 158 108
189 68 531 158 108 68 189 68 417
253 68 189 68 124
283 68 370 68 5 68 19 108 68 189 68 189 68 189
197 86
240 51 108
397 68 370 68 5 68 240 211 68 240 211 68 240 211 68 240 211 68 85
64 211 108 68 569 68 85
261 86 68 245 449
517 68 517 68 5 68 124 68 397 68 397 68 397 68 253
283
158 108 68 531 158 108
607 68 607 158 68 19 68 607 158 68 607 158 68 19 85 68 19 68 607 158 68 189 68 607 158 68 607 158 108 68 607 158 108 68 607 158 108 68 81 68 81 68 81 68 81 68 19 85 68 81 68 607 158 108 68 607 158 68 607 158 68 81 68 81 68 607 158 108 68 607 158 68 607 158 68 81 68 607 68 81 68 81 68 81 68 81 68 607 158 68 607 158 108 68 607 68 607 68
527 68 607 158 68 607 158 68 607 158
261 86 118
19 85 359
261 86 68 5 68 81
283 68 430 68 370 68 189 68 85
19 85 68 158 108
261 86 68 245 258 68 607 68 607 68 607 68 607 50
5 189 68 189 68 158 108
370 68 5 68 81 68 85 359 68 85 359 389 158 108 68 85 359 68 85 359
607 158 68 431
124
261 86 68 124 68 607 158 68 607 158 68 607 158 68 5 68 81 68 607 158 68 19
283 68 245 449 68 5 68 19 85 68 19 85 68 85
5 189 68 70 158
527 68 5 68 607 158 68 19 85 68 19 85 68 19 85 68 19 85 68 19 85 68 19 85 68 19 85 68 19 85 68 19 85 68 19 85 68 85 68 85 68 19 85 68 19 85 68 85 68 19 85 68 19 108
19 85 68 19 85 68 19 85 68 85 68 85
64 211 108 68 607 158 68 81 68 189 68 189 68 189 68 189 68 189 68 189 68 240 211 108
290 85 68 81 68 158 543 211
276 85 68 569 68 253 68 189 68 517
397 68 19 85 68 370 68 5
189 68 550 158 108 68 607 158 68 607 158 68 607 158 68 607 158 68 607 158 68 607 158 68 607 158 68 607 158 68 607 158 68 607 158 68 81 68 81 68 81 68 81 68 81 68 81 68 81 68 607 158 68 211 108
283 68 517
85 359
211 108 68 158 108 68 158 108 68 158 108 68 158 108
431 85 359
64 211 108 68 19 68 569 68 19 85 68 19 85 68 19 85
261 86 68 527 68 607 158 68 19 85
397 68 124
517 85 359
503 85 359
290 85
503 189 68 158 108 68 569 68 19 85 68 503 189 68 19 85 68 19 85
397 68 85 4 85
261 86 68 189 68 189 68 189 68 189 68 397
211 108 68 64 211
290 85 359 68 517 85 359
517 68 517 68 503 158 108 68 503 158
5 68 158 108 68 189 68 189 68 189
240 211 68 517
64 211 108 68 607 158 68 81 68 189 68 189 68 189 68 158 108
607 68 527 68 5 68 189 68 85 359 68 85
593 163 68 19 68 19 85 68 569 68 85 68 85
449
607 479 68 295 149
283 68 5 68 189 68 189 68 189 68 189 68 189 68 189 68 189 68 189 68 189
517 68 517
503 189
85 261 86 85
607 479 68 517
607 158 68 70 158
64 211 108
189 68 158 108 68 397 68 397 68 397
550 158 108
19 85 68 19 85 68 569 68 19 85 68 19 85 68 19 85 68 19 85
607 158 68 527 359
189
261 86 68 517 68 607 158 68 607 158 68 607 158 68 607 158 68 607 158 68 607 158 68 607 158
5 68 527 68 5 68 189 68 189 68 85
569 68 85 51 85 68 158 108 68 158 189 68 211
564 68 607 158 68 550 339 68 189 68 85 359 68 189 68 85 359 68 189 68 85
629 68 85 359 68 189 68 158 108
64 211 108 68 189 68 189 68 517 68 517
253 68 397 68 124
359
261 86
389 108
397 68 569 68 569 68 85 359
503 189 68 607 68 5 68 19
240 211 68 81 68 189 68 189 68 569 68 211 108
19 85
503 189 68 569 68 158 108 68 158 108 68 189 68 158 108 68 158 108 68 158 108
64 211 108
189 68 617 68 158 108 68 19 85 68 569 68 569 68 569 68 19 85
517 551
651 123 68 517 68 189 68 517
276 85 68 607 158 68 85 51 86
240 68 397 68 397 68 397
253 68 189 68 189 68 189 68 189
124
124 68 617 149
240 211 68 261 86 68 569 68 19 85
593 163 68 550 501 68 189 68 189 68 189 68 189 68 189 68 189 68 189 68 189 68 189 68 189 68 189 68 189 68 189 68 189 68 189 68 189 68 189 68 331 149 68 189 68 331 149 68 189 68 189 68 189 68 189 68 189 68 189 68 550 501 68 550 158 108 68 550 501 68 189 68 550 501 68 189 68 550 501 68 550 501 68 550 158 108 68 189 68 189 68 189 68 189 68 189 68 189
64 211 108 68 569 68 85
189 68 5 68 517 68 517 68 517 68 189 68 189 68 189 68 189 68 189
240 211 68 607 158 68 19 85 68 607 158 68 607 158 68 240 211 68 240 211
261 86 68 158
431 240 211
5 68 240 211 68 64 211
503 189 68 158
189 68 158 108 68 158 108 68 158 108 68 5
397 108
503 158 108 68 158
261 86 68 124 68 189 68 189 68 189
189 68 617 68 189 68 158 108 68 158 108 68 158 108 68 240 211 108
189 68 124 68 158 108 68 158 108 68 569 68 569 68
189 68 370 68 5 68 189 68 240 211 68 189 68 569 68 189 68 189
431 68 550 158 108 68 189 68 158 108 68 158 108 68 158 108
593 163 68 158 108 68 189 68 158 108 68 158 108 68 240 211 68 240 211 108
197 86
607 155 68 85 359 68 19 68 19 85 68 569 68 19 85
629 68 430 68 158 108
5 68 527 68 81 68 158 68 189 68 189 68 189 68 189 68 189 68 189 68 189
607 158 68 550 158 108 68 158 108 68 85
189 68 517 68 339 68 339 68 607 158 68 607 158 68 607 158 68 607 158 68 607 158 68 607 158 68 607 158 68 607 158 68 189 68 607 158 68 607 158 68 550 501 68 170 108 68 550 501 68 347 501 68 607 158 68 607 158 68 607 158 68 550 501 68 550 501 68 607 158 68 550 501 68 607 158 68 189 68 607 68 607 68 550 501 68 170 108 68 607 158 68 607 158 108
607 158 68 82 68 569 68 543
431 240
197 86 68 189 68 189 68 550 158
5 68 19 85 68 81 68 189 68 189 68 189 68 189 68 189 68 189 68 158 108
527 68 607 158 68 19 85
189 68 85 359 68 85 359 211 68 640 68 5 189 68 640
158 85 158 85
370 68 397 68 85
153 68 85 359 68 189
503 189 68 158 108 68 158 108 68 189 68 503 189
527 68 607 158 68 431 68 607 158 68 261 86
189 68 81 68 189 68 70 158
5 68 527 68 607 158 68 81 68 189 68 189 68 517
446
564 68 607 158 68 81 68 189 68 189 68 503 158 68 189 68 189 68 189 68 189
290 85
189 68 240 211
43 158 68 607 68 5
527 68 5 68 189 68 417
517 359
85 359 211 240 68 158 85
189 213 211 68 417
503 189 108
543 68 189 68 359
189 213 211 108
5 68 527 68 189 68 189 68 158 108 68 569 68 158 108
261 86 68 158 108 68 607 158 68 607 158 68 607 158 68 607 158 68 607 158 68 607 158 68 261 86 68 607 158 68 607 158 108
189 68 85 240 211 68 189 68 189 68 189
517 51 86
507 449 68 158 108
19 85 359
607 158 68 607 158 68 170 108 68 158 108
43 158 68 64 211 108 68 517
189 158 108 68 158 108 68 189 68 517
108 68 85 550 158 108 68 245 449
531 501
261 86 68 124 68 19 85 68 569 68 85
607 479 68 397 68 550 158 108 68 569 68 240 211 68 240 211 68 85 359
5 68 163 68 19 85 68 19 85 68 189 68 19 85
19 85 68 158 108
503 85
607 68 158 68 527 68 189 68 158 108 68 189 68 158 108
19 85 68 85 68 64 211 108 68 189 68 64 211
527 68 5 68 527 68 189 68 158 108 68 189 68 158 108 68 158 108 68 189 68 158 108 68 81 68 158 108 68 189 68 189 68 158 108 68 81 68 81 68 527 68 81 68 81 68 85 359 68 81 68 189 68 81 68 81 68 85
517 68 517 68 189 68 189 68 189 68 211 543 211 68 189
261 86 68 517 68 607 158 68 81 68 5
607 68 527 68 607 158 68 607 158 68 607 158 68 607 158 68 81 68 189 68 158 108
153 68 85 359 68 189
253 68 569 68 240 211 68 85 359 68 85 359 68 189 68 85 359 68 189 68 85
370 68 5 68 81 68 189 68 85 359 68 85 359
240 359 68 19 85 68 64 211
85 359
503 189 68 158 108 68 158 108 68 189 68 503 189
593 163 68 81 68 158 108 68 158 108 68 5
527 68 607 158 68 158 68 158 108
189 68 5 68 81 68 569 68 569 68 569 68 569 68 569 68 569 68 569 68 569 68 569 68 569 68 569 68 569 68 569 68 569 68 569 68 569 68 569 68 569 68 569 68 569 68 569 68 569 68 569 68 211 108
43 158 68 64 211
5 68 163 68 550 501 68 19 85 68 517
607 158 68 81 68 5 68 158 108 68 158 108 68 158 68 607 158 68 81 68 607 158 68 607 158 68 607 158 68 607 158 68 607 158 108 68 81 68 81 68 81 68 81 68 81 68 81 68 81 68 607 158 68 607 158 68 81 68 81 68 81 68 81 68 607 158 68 607 158 68 607 158 68 81 68 607 158 68 81 68 81 68 81 68 81 68 81 68 607 158 108 68 81 68 81 68 81 68
5 189
211 543
19 85 68 339 68 189 68 189 68 189
261 86 68 124 68 189 68 189 68 64 211 108
651 68 607 158 68 81 68 85 359 68 85 359
158 211 211
189 68 158 108 68 5 189 68 5 189
430 543 211
189 68 64 211 108 68 64 211 108 68 189 68 211 108 68 240 211 68 64 211 108
19 85 68 19 359 68 517
607 158 68 81 68 189 68 569 68 569 68 569 68 569 68 19 85
283 68 569 68 158 240 68 290 211
283 68 240 51 108 68 158 108 68 189 68 85 359
517
564 68 189 68 85 359 68 517 68 517 359
124
19 85 68 5 68 81 68 569 68 85 359 68 85 359 68 85 359 68 85
607 158 68 19 85 68 85 68 85
189 68 517 68 189 68 517 68 517 68 517
517 359
607 479 68 5
370 68 5 68 5 68 189 68 158 108 68 189 68 158 108 68 158 108
261 86 68 124 68 189 68 189 68 189 68 189 68 189 68 189 68 189 68 189 68 158 108
569 68 211 189 68 189 68 517
149 550 487 149
503 189 68 245 449 68 158 108 68 189 68 211 543
503 158 108 68 158 108 68 569 68 503 189 68 503 158 108
124
543 51 85
189 68 158 108 68 640 68 189 68 517 68 517
503 189 68 158 108 68 5 68 19 85 68 569 68 19 85
85 359
19 85 68 158 108
5 68 517 68 517
283
617 68 617 149 68 124
527 68 569 68 85 359 68 189 68 503 189
245 108
85 430 199
261 86 68 124
5 68 211 211
283 68 240 51 86 68 5 68 81 68 81
543 211 68 189 68 85 68 189 68 569 68 85 359 211 108 68 85 359 68 189 68 85 68 85 68 85 359
607 158 68 82 68 569 68 158 108 68 430
290 85
85 389 158 543 68 64 211 108
503 158 68 347 158
189 68 64 211 108 68 261 86 68 85
189 68 158 108 68 158 108 68 158 108 68 240 211
253 68 189 68 531 158 118 68 430 68 569 68 430
607 158 68 81 68 189 68 189 68 189 68 189 68 189 68 189 68 189
19 85 68 158 108 68 607 158 68 607 158 68 607 158 68 607 158 68 607 158 68 70 158 68 607 158 68 607 158 68 607 158 189
517 68 158 108 68 81 68 158 108
5 68 527 68 81 68 569 68 19 85 68 19 85 68 19 85 68 19 85 68 85
593 163 68 19 68 19 85 68 569 68 19 85 68 569 68 19 85
85 68 253 68 5 108 68 158 108 68 158 108
593 163 68 19 68 19 68 189 68 19 85 68 189 68 189
70 189 68 211 68 211
240 68 85 359 550 430
189 68 550 501 68 5 68 189 68 517 68 517 68 517
607 479 68 517 85 359 68 85 359
370 68 5 68 370
5 68 527 68 81 68 189 68 158 543 211
211 108 68 158 108 68 85 359 211 108 68 19 85
240 211 68 19 85 68 19 108
189
607 158 68 607 158 68 81 68 189 68 189 68 189
370 68 5 68 397
240 211 68 19 85 68 607 158 68 607 158 68 607 158 68 19 85 68 607 158 68 240
503 189 68 158 108 68 189 68 19 85 68 331 149
607 158 68 527

569 68 550 158 108 68 607 158
607 158 68 607 158 68 81 68 158 108 68 158
527 68 569 68 85
85 359 359 68 85 359
290 85 359
85 359 550 158 108 68 158 108 68 158 108
253 68 5 189 68 19 85 68 85 68 158 108
607 479 68 550 501 68 189 68 19 68 19 68 569 68 240 211
564 68 5 68 550 85 359 68 569 68 569 68 211 108
651 359 68 189 68 517 68 517 68 517 68 607 158 68 189 68 189 68 189
607 158 68 170 68 503 158 68 517 68 607 158 68 607 158 68 607 158
370 68 5 68 81 68 189 68 70 158
70 158 68 70 189
189 68 158 108 68 569 68 607 158 68 607 158 68 607 158 68 607 158 68 607 158 68 607 158 68 607 158 68 607 158 189 68 607 158 189 68 607 158 68 607 158 68 607 158 68 19 68 19 68 81 68 607 158 68 607 158 68 607 158 68 607 158 68 81 68 607 158 68 607 158 68 607 158 68 607 158 68 607 68 607 68 81 68 81 68 81 68 607 158 68 607 68 607 68 607 68 607 68
158 211 108
564 68 189 68 85 359
85 359 211 85
397 68 158 108 68 189 68 85 51 86 68 85
593 163 68 19 68 19 68 569 68 19 68 253
5 68 550 158 108 68 189 68 517 68 517 68 517
503 189
19 85 68 158 108 68 569 68 211 108 68 211 108
211 108 68 607 158 68 607 158 68 607 158 68 5 189 68 70 158 68 70 158 68 70 158 68 569 68 569 68 19 85
245 389 479
261 86 68 158 108 68 430 68 430
527 68 607 158 68 550 158 68 64 211 108 68 85
370 68 607 158 68 607 158 68 607 158 68 607 158 68 527 359 68 607 158 68 527 68 607 158 68 607 158 68 607 158 68 189 68 189 68 527 68 527 68 527 68 607 158 68 527 359 68 607 158 68 607 158 68 607 158 68 331 149 550 158 68 527 68 527 68 527 68 607 158 68 527 68 607 158 68 607 158 68 527 68 527 68 527 68 607 158 68 81 68 189 68 607 158 108 68 527 149 68
253 68 5 68 550 487
517 550 430
339 68 397 68 569 68 158 108 68 158 108 68 158 108 68 158 108
189 68 5 68 397 68 397 68 397 68 397 68 569 68 569 68 85 359
85 359 68 417
85 359 211
503 85
370 68 5 68 240 211 68 331
19 163 68 550 501 68 607 158 68 19 68 397 68 397 68 19 85 68 397 68 569 68 19
569 68 85 359 68 189 68 189 68 189 68 189 68 189 68 189 68 189 68 189 68 189 68 189 68 189 68 85 359 68 189 68 189 68 85 359 68 85 359 68 85 359 68 189 68 85 359 68 85 359 68 189 68 189 68 189 68 85 359 68 85 359 68 85 211 240 211 108 68 85 211 240 211 189 68 189 68 211 108 68 85 68 85 68 85 68 189 68 189 68 240 211 68 503 189 68 240 211
290 85 359
85 4 68 517 68 158 108 68 158 108 68 158
607 158 68 81 68 189 68 189 68 189 68 189 68 189 68 189 68 189 68 189 68 189 68 189 68 189 68 189 68 189 68 189 68 189 68 189 68 189 68 189 68 189 68 189 68 189 68 189 68 189 68 189 68 189 68 189 68 189 68 81 68 189 68 189 68 189 68 189 68 189 68 189 68 189 68 189 68 189 68 189 68 81 68 189 68 189 68 189 68 189 68 189 68 189 68 81 68 81
607 479 68 189 68 189 68 85 359
5 68 431
370 68 5 68 550 158 68 189 68 158 108 68 158 108 68 158 108 68 158 108 68 158 108
607 479 68 189 68 417 68 517 68 517 68 397 68 397 68 189 68 189 68 189
607 158 68 527 68 607 158 68 81 68 189 68 189 68 189 68 189 68 158 68 158 108
607 158 68 64 211 108 68 189 68 189 68 397 68 189 68 189 68 189 68 189 68 189 68 189 68 189 68 189 68 189 68 189 68 189 68 240 211 108 68 240 211 108 68 189 68 240 211 108 68 189 68 189 68 189 68 189 68 240 211 108 68 64 211 108 68 240 211 108 68 240 211 108 68 64 211 108 68 240 211 108 68 64 211 68 189 68 189 68 189 68 240 211 108 68 189 68 240 211
370 68 5 68 81 68 517
527 68 607 158 68 189 68 211 85 359 68 189 68 189 68 85 68 189 68 85
569 68 158 108 68 158 108 68 189 68 158 108 68 189 68 158 108
211 70 189
189 531 85
607 158 68 607 158 68 64 211 108 68 189 68 189 68 189 68 189 68 189 68 189 68 189 68 189 68 189 68 189 68 189 68 189 68 189 68 189 68 189 68 189 68 189 68 189 68 64 211 108
370 68 5 68 81 68 189 68 85 51 86 68 85
85 359
189 85 359 68 189 68 189 68 189 68 189 68 189
189 68 189 68 189 68 189 68 189 68 569 68 211 108
211 108 68 158 108 68 158 108 68 158 108 68 158 108
503 158
158 85 158 85
339 68 550 501 68 189 68 189 68 189 68 211
211 359
527 68 607 158 68 81 68 517 68 517 68 517
5 68 527 68 607 158 68 19 85 68 19 85 68 240
397 68 517 68 517 68 517
569 68 19 85 68 158 108 68 158 108 68 158 108 68 158 108
253 68 189 68 85
359 70 149
19 68 158 108 68 5 68 70 158 68 70 158
5
189
359 517 359
290
283 68 517 68 569 68 189 68 85 359
189 68 158 108 68 81 68 189 68 189 68 189 68 189 68 189 68 189 68 189
543 51 85
283
283 68 85 359 211 85 359
158 211 211
261 86 68 517 68 607 158 68 607 158 68 607 158 68 607 158 68 607 158 68 189 68 607 158 68 607 158 68 607 158 189 68 189 68 189 68 81 68 81 68 81 68 81 68 189 68 607 158 68 81 68 189 68 189 68 189 68 189 68 607 158 68 81 68 189 68 607 158 108 68 550 158 108 68 81 68 189 68 503 158 68 81 68 81 68 81 68 189 68 189 68 189 68 81 68 189 68 607
629
85 550 487 359 68 85 359
213 211 68 527 68 5
397 68 517 68 43 158 68 397 68 70 158
189 68 517 68 607 158 68 607 158 68 607 158 68 607 158 68 607 158 68 189 68 527 68 189 68 189 68 607 158 108
19 163 68 158 108 68 607 158 68 607 158 68 607 158 68 607 158 68 607 158 68 607 158 68 607 158 68 607 158 68 607 158 68 607 158 108 68 607 158 68 607 158 68 607 158 68 607 158 68 607 158 68 607 158 68 607 158 68 19 68 283 68 81 68 607 158 68 607 158 68 607 158 68 607 158 68 607 158 68 283 68 283 68 81 68 81 68 81 68 607 158 68 607 158 68 607 158 68
19 68 240 211 68 607 158 68 81
517 551
85 4 68 85 359 68 85 359
261 86 68 158 108 68 189 68 569 68 359
64 211 108 68 158 108 68 158 108 68 607 158 68 607 158 68 607 158 68 607 158 68 607 158 68 607 158 68 607 158 68 607 158 68 211 108 68 211 108 68 211 240 211 108 68 211 240 211 240 211 108 68 211 240 211 108 68 211 240 211 108 68 211 108 68 211 108 68 607 158 68 211 108 68 607 158 68 211 240 211 108 68 64 211 240 211 108 68 607 158 68 607 158 108 68 240 211 108
593 163 68 370 68 5 68 569 68 253
569 68 85 359
261 86 68 517 68 189 68 158 108 68 569 68 85
370 68 5 68 81 68 189 68 189 68 189 68 189
19 85 68 158 108
517 85 359 68 517
189 68 158 108 68 158 108
85 68 85 359 550 158 108 68 569 68 617
211 543
569 68 68 68 189 68 85 70 158 68 397 68 397 68 397 68 397 68 569 68 569 68 397 68 189 68 189 68 397 68 397 68 397 68 189 68 5 189 68 68 68 68 68 68 68 68 68 68 550 158 108
607 158 68 19 85 68 64 211 108 68 189 68 550 158 108 68 189 68 189 68 189
19 85 68 85 359
503 189 68 85 359 68 189 68 85 359 68 85 359
170 108 68 189 68 85 359 211 108
189 85 359
85 4 449
189 68 253
64 211 108
564
261 86 68 517 68 189 68 569 68 19 85
503 569
617
607 158 68 81 68 569 68 158 108
517
527 68 5 68 189 68 189 68 85 359 68 189 68 85 68 85 359 68 189 68 189 68 85 359 68 85 359 68 189 68 189 68 189 68 85 68 85 68 85 68 85 68 189 68 85 68 85 359 68 189 68 189 68 85 68 189 68 85
607 158 118 68 189 68 189 68 430 149
245 449 68 189 68 189 68 550 85 359
339 68 397 68 569 68 158 108 68 158 108 68 158 108 68 158 108
397 68 189 68 189
85 449
158 85 430 68 501 85 359
189 68 517 68 5 68 158 108 68 158 108 68 607 158 68 607 158 68 607 158 68 607 158 68 607 158 68 43 158 68 607 158 189 68 43 158 68 43 158 68 43 158 68 43 158 68 43 158 68 607 158 68 607 158 68 607 158 68 43 158 68 43 158 68 43 158 68 43 158 68 43 158 68 43 158 68 43 158 68 43 158 68 406 158 68 43 158 68 607 158 68 43 158 68 527 68 527 68
189 68 617 68 397 68 19 85 68 430 68 158 108
607 158 68 189 68 189 68 517 68 517 68 517
43 158 68 550 158 108 68 517 85 359 68 85 359
261 86 68 158 108 68 607 158 68 189 68 189 68 607 158 68 607 158 68 607 158 68 607 158 68 607 158 68 607 158 68 607 158 189 68 607 158 108 68 607 158 68 81 68 81 68 607 158 68 607 158 68 607 158 68 607 158 68 607 158 68 81 68 81 68 81 68 81 68 81 68 607 158 68 81 68 607 158 68 81 68 81 68 81 68 81 68 607 158 68 607 158 68 81 68 81 68 81
19 163 68 19 68 19 85 68 569 68 85
51 86 68 158 108
253 68 527 68 189 68 85 359
85 51 85
253 68 5 189 68 359
189
431 68 124 68 124 68 640
85 449
5 68 253 68 19 85 68 569 68 19 85
158 85 359 211 85 359
189 68 163 68 19 85 68 189 68 240 211 68 189 68 189 68 189 68 189 68 189 68 85 359
240 211 68 85 359 211 68 19 85
85 359
607 158 68 527 68 189 68 189 68 158 189 68 211
283
19 213 211 543
607 158 68 81 68 339 68 189 68 85 359
189 19 149
19 68 158 108 68 189 68 158 108 68 189 68 189 68 189 68 189 68 189
607 158 68 81 68 189 68 189 68 85 359
290 85 359
189 68 189 68 189 68 85 359 211 240 211 68 189 68 189 68 189 68 189 68 189 68 189 68 189 68 85 359 68 189 68 189 68 189 68 189 68 189 68 189 68 189 68 189 68 189 68 189 68 85 359 68 240 211 240 211 240 211 240 211 240 211 240 211 240 211 240 211 240 211 240 211 240 211 108 68 189 68 189 68 189 68 189 68 189 68 64 211 240 211 240 211 240 211 108 68 189 68

189 68 189 213 51 86
5 68 543 68 85 347 501 68 397 68 397
189 68 617 68 517 68 517 68 517 68 189 68 158 108
593 163 68 19 68 19 108 68 158 108 68 158 108 68 5 68 19 85
503 189 85 359
51 118
261 86 68 158 108 68 5 189 68 189 68 189
261 86 68 85 68 158 108 68 158 108
607 158 211 68 5 68 81 68 19 85
240 359 68 19 85 68 64 211
5 108
19 68 158 108 68 607 158 68 607 158 68 517
339 68 85 359 389 158 108 68 517
189 68 158 108 68 531 158 108 68 189 68 189 68 189 68 189 68 189 68 189 68 189 68 189 68 189 68 158 108
569 68 158 108 68 43 158 68 189 68 70 158 68 189 68 189 68 189 68 189 68 85 359 68 85 359 68 85 359 68 189 68 189 68 85 68 85 68 85 68 527 68 68 68 85 359 68 85 359 68 189 68 189 68 189 68 85 68 85 68 550 158 108 68 550 158 108 68 550 158 108 68 550 158 108 68 550 158 108 68 550 158 108 68 85 68 189 68 85 68 85 68 85 68 85 68 85 68
43 158 68 550 158 149
189 68 245 258 68 189
5 68 283 68 543 389 158 108 68 189 68 189
607 158 68 70 158
189 158 108
283 68 19 85 68 85 359
607 68 158 68 550 158 108 68 517 68 517
253 68 189 68 158 108 68 397 68 189 68 158 108
527 68 607 158 68 81 68 158 108 68 158 108
607 68 607 158 68 527 68 607 158 68 607 158 68 607 158 68 607 158 68 607 158
517
527 68 607 158 68 607 158 68 607 158
564 68 189 68 417 68 189 68 158 108
19 85 68 85
189 149 211 85 68 158 240 211
261 86 85
431 240
397
517 359 389 85 359
189 149
158 85 158 85
5 68 19 85 68 19 85 68 19 85 68 19 85 68 19 85
19 85 68 158 108
189 68 5 68 158 108 68 158 108 68 158 108 68 158 108 68 607 158 68 158 108 68 607 158 68 607 158 68 607 158 189 68 607 158 189 68 5 189 68 5 189 68 607 158 189 68 158 68 607 158 68 158 108 68 607 68 189 68 189 68 607 68 189 68 607 68 607 68 607 68 5 189 68 607 68 607 68 189 68 189 68 5 68 607 68 158 68 158 108 68 607 68 607 68 189 68 189 68
253 68 189 68 189 68 189 68 189 68 85 359 211 108
85 4
253 68 397
569 68 240 389 158 108 68 189 68 189 68 189
543 389 108
189 85 359
517 85
189 158 108
85 158 543 189 68 417
85 359 85 359
64 211 108 68 19 85
85 359
19 258 108
189 389 339 68 531 501 85
607 158 68 81 68 189 68 189 68 189 68 189 68 189 68 189 68 189 68 189
527 68 5 68 19 85 68 19 85
189 68 5 189 68 189 68 189 68 189 68 189 68 189 68 189 68 189 68 189
158 108
189 68 158 108 68 189 68 189 68 189 68 517
564 68 85 359 68 189 68 189 68 158 108
189 68 189 68 85 359 211 85
158 211 211
189 68 617 68 5 68 189 68 240 211 68 240 211 68 189 68 189 68 189
503 158 359
527
211 108
19 85 68 253 68 158 108 68 430
64 211 108 68 569 68 64 211
189 430 199
189 241 430
503 189 68 5 68 81 68 569 68 19 85 68 19 85
359 68 240 211
569 68 517 68 517 68 569 68 430 68 430 149 211 68 569 68 19
85 359
569 68 85 359 211
253 68 397 68 397 68 569 68 517 359 68 517
189 68 189 68 189 68 189 68 189
158 258 258
290 85
261 86 68 85 359 68 85 359
651 123 68 189 68 189 68 617
19 85
153 68 85 359 68 189
446 68 240 389 158 108 68 85 359
19 85 68 158 108
527 68 569 68 5 68 81 68 189 68 189 68 569 68 189 68 189 68 189 68 85
189 68 245 258 68 189
5 68 163 68 19 108 68 158 108 68 158 108
189 240 51 85 359 68 5 189
517 149
158 108 68 5 189 68 531 158 108 68 19 85
189 211
189 430 199
503 189 68 85 68 189 68 189 68 550 158 108 68 397 68 189 68 189 68 397 68 85 359
153 68 158 108 68 607 158 68 81 68 607 158 68 607 158 68 607 158 68 81 68 158 68 607 158 68 607 158 68 81 68 607 158 108 68 607 158 68 81 68 81 68 81 68 81 68 81 68 81 68 81 68 607 158 68 607 158 68 607 158 68 81 68 81 68 81 68 81 68 607 158 68 81 68 81 68 607 158 68 81 68 81 68 81 68 81 68 81 68 19 68 19 68 81 68 19 68 81
19 85 68 19 85 68 569 68 19 85 68 85 68 85 359 68 85 359 68 85 359 68 85 359 68 85 359 68 85 359 68 189 68 189 68 189 68 19 85 359 68 19 85 359 68 19 85 359 68 19 85 359 68 19 85 359 68 19 85 68 19 85 68 19 85 68 19 85 68 19 85 68 19 85 68 19 85 68 503 158 108 68 19 85 68 19 85 68 19 85 68 19 85 68 19 85 68 19
189 68 569 68 158 108 68 158 108 68 5 189 68 70 158 68 158 108 68 569 68 158 108
503 189 68 158 108 68 189 68 158 108 68 19 85
245 449 68 85
253 68 189 68 430
503 189
503 158 68 19 108
19 68 253 68 5 68 240 211 68 240 211 68 607 158 68 607 158 68 5 68 550 158 68 607 158 68 607 158 68 607 158 108
283 68 158 108 68 158 108 68 189 68 503 189
189 68 617 68 189 68 569 68 569 68 569 68 569 68 158 108 68 158 108
19 68 158 108
550 501 68 517
431
19 85 68 158 108 68 158 108 68 158 108 68 158 108 68 19 85
517 85 359 211
261 86 68 189 68 517 68 607 158 68 607 158 68 607 158 68 607 158 68 158 108
19 85 68 85 85 359
19 85 68 19 85 68 569 68 19 85 68 19 85 68 19 85 68 19 85
503 189 68 189 68 189 68 189 68 68 189 68 503 189
276 85 68 81 68 189 68 85
290 359
189 68 189 68 85 359 68 189 68 189 68 569 68 569 68 189
607 479 68 189 68 85 359 68 189 68 189 68 85
189 68 517 68 517 68 517
124
189 68 517 68 5 189 68 240 211
261 86 68 124 68 64 211
527 68 569 68 19 85 68 158 108 68 85 68 189 68 85 359 68 85 68 189 68 189 68 189 68 85
564 68 158 108 68 85 359 68 85 359
5 68 19 85 68 81 68 189 68 189
189 68 158 108 68 189 68 339
607 158 68 81 68 189 68 85 359 68 158 108 68 240 211 108
211 240
397 68 253 68 430 68 607 158 68 211
569 68 85 359 211
261 86 68 19 85 68 158 108 68 569 68 503 158 108 68 19 85
189 68 517 68 158 108 68 158 108 68 158 108 68 339
43 158 68 81 68 607 158 68 81 68 189 68 189 68 189 68 189 68 189 68 189 68 189 68 189 68 189 68 189 68 189 68 189 68 550 158 108 68 527 68 81 68 81 68 81 68 550 158 543 211 543 211 543 211 543 211 108
197 86
189 68 158 108 68 158 108 68 158 108 68 189 68 158 108
517
569 68 85 359 68 189 68 189 68 189 68 189 68 189
5 68 550 501 68 189 68 158 108 68 158 108 68 158 108 68 240 211 68 158 108
593 163 68 550 158 108 68 5 189 68 70 158 68 70 158 68 70 158
629 68 189 68 189 68 149
86 68 397 68 124
593 163 68 550 501 68 189 68 19 85 68 517
503 158 68 347 158
43 158 68 527 68 189 68 417
5 68 163 68 81 68 569 68 19 108 68 189 68 189 68 19
261 86
64 211 108
607 158 68 447 158 68 85 359 68 158 108 68 158
5 68 295 149 68 158 108 68 189 68 189 68 189 68 189 68 189 68 189 68 189
261 86 68 5 189 68 158 108 68 158 108 68 158 108
288 68 189 68 189 68 85 359 68 85 359
370 68 5 68 81 68 189 68 550 158 108 68 211 108
517 240
19 85 68 158 108
527 68 607 158 68 19 85 68 607 158 68 607 158 68 607 158 68 211 108
517 68 245 389 158
503 189 68 170 359
569 68 85 359 68 189 68 189 68 189 68 189 68 189 68 189 68 189 68 189
517 68 517 68 607 158 68 19 85 68 19 85 68 19 85 68 19 85
211 68 617
564 68 158 108 68 81 68 189 68 85
607 339 68 19 85 68 189
85 68 5 189 68 85
527 68 607 158 68 607 158 68 189 68 550 339 68 189 68 158 68 189 68 189
564 68 189 68 85
503 189 68 158 108 68 158 108 68 189 68 550 158 108 68 158 108
189 68 158 108 68 397 68 85 359 68 569 68 85 359
43 158 68 607 158 68 261 85 68 158 108 68 158 68 158 108
503 189 68 85 359 68 189 68 85 359 68 85 359
85 68 5 189 68 85
290 85
85 4 85 359
245 389 479
19 85 68 158 108 68 85 68 64 211 108
607 158 68 593 163 68 389 158 108 68 517 68 517
189 68 397 68 189 68 189 68 189 68 189 68 189
189 189
370 68 5 68 397 68 569 68 240 211 68 240 211 68 240 211 68 64 211 108
43 158 68 5
607 68 527 68 5 68 189 68 189 68 189 68 189 68 189 68 189 68 189 68 158 108
64 211 108 68 240 211 240
365 430
527 68 607 158 68 81 68 189 68 189 68 189 68 189 68 158 108
431 359
211 85 359
617 149
211 108 68 5 68 81 68 189 68 19 68 189 68 189 68 189 68 189 68 189 68 189 68 189 68 189 68 517 68 189 68 189 68 189 68 189 68 189 68 189 68 189 68 189 68 189 68 550 158 108
51 86 68 86
153 189
517 85
253 68 607 158 68 81 68 189 68 85 359 68 85 359
261 86 68 124 68 158 108 68 158 108 68 189 68 189 68 189 68 189 68 189 68 189 68 85 359 68 85 359 68 189 68 189 68 189 68 189 68 189 68 189 68 189 68 189 68 189 68 85 359 68 189 68 189 68 189 68 189 68 189 68 577 68 85 68 85 68 503 158 108 68 189 68 189 68 189 68 503 158 108 68 503 158 108 68 85 68 503 158 108 68 189 68 189 68 189 68 189 68
211 68 43 158 189 68 517
370 68 5 68 81 68 189 68 189 68 240 211 68 240 211 68 189 68 240 211
261 86 543
607 158 68 607 158 68
503 189 68 261 86 68 607 158 68 503 189 68 517
85 158 189 68 189 68 158 108
189 68 531 211 108 68 189 68 189 68 503 158 108
503 189 68 158 108 68 569 68 19 85 68 211
607 68 607 158 68 607 158 68 607 158 68 607 158 68 607 158 68 607 158 68 607 158 68 607 158 68 607 158 68 607 158 189 68 607 158 189 68 607 158 68 607 158 68 607 158 68 607 479 68 607 479 68 607 158 68 607 68 607 68 607 68 607 158 68 607 158 68 607 68 607 158 68 607 158 68 607 68 607 68 607 68 607 68 607 158 68 607 68 607 68 607 68 607 68 607 68 607 68
290 211 68 158 118
503 189 68 189 68 359
261 86 68 85 149
339 68 550 501 68 189 68 339 68 211 108 68 211
607 158 68 550 158 68 527 68 607 158 68 607 158 68 607 158 68 607 158 68 189 68 527 359
290 85 359
211 85 359 68 430 68 19 85 68 189 68 189
564 68 158 108 68 5 68 543 211 68 158 108
189 550 430
607 68 253 68 189 68 397 68 397
283 68 517 68 607 158 68 607 158 68 607 158 68 607 158 68 607 50
258 68 189 68 158 108 68 189 68 430
85 240 389 158 68 64 211
64 211 108 68 189 68 517 68 517 68 517
527 68 607 158 68 19 85 68 189 68 211
189 68 550 501 68 189 68 85 359
64 211 108 68 85
261 86 68 569 68 158 543
370 68 607 158 68 550 158 68 81 68 189 68 189 68 189 68 189 68 189 68 189 68 85 359 68 85 359 68 189 68 189 68 189 68 189 68 189 68 331 149 68 189 68 189 68 331 149 68 85 359 68 189 68 240 211 108
211 543
189
261 86 85 359
245 449
4 449
51 108 68 85
197 86 68 189 108
283 68 430 68 397
431 108 68 158 108 68 189 68 189 68 158 108 68 189 68 189 68 189 68 189 68 240 51 85 359
593 163 68 19 85 68 19 85 68 240 211 68 158
240 51 86
290 85 68 85 359
283 68 517 68 569 68 569 68 85 359 68 189 68 569 68 189 68 85 68 189 68 189 68 85 359
253 68 189 68 158 108 68 189 68 189 68 189
189 68 85 359 211 108 68 158 108
629
417
261 86 68 124
607 479 68 19 68 19 85 68 158 108 68 85 68 85
446
43 158 68 43 158 68 527 68 607 158 68 607 158 68 607 158 68 607 158 68 517
503 158 68 543 68 503 158 68 503 158 108 68 503 158
359 211 543 389 158
49 68 517 68 397 68 569 68 569 68 569 68 85 359 68 85 359 68 85 359
189 4 258
189 68 517 68 517 68 517 68 517 68 517
189 68 158 108 68 158 108 68 19 85
261 86
370 68 607 158 68 550 158 68 19 85 68 19 85 68 19 85 68 19 85
543 211 68 85 503 189 68 170 68 189 68 503 158
68 19 85 68 158 108 68 607 158
43 158 68 240 68 640
189 240 389 479
503 85
527 68 5 68 81 68 607 158 68 81 68 5 189
527 68 607 158 68 446 68 85 359 68 85 359 68 85 359 68 85 359
339 68 64 211 108 68 189 68 189 68 189 68 19 85
503 189 68 5 68 19 85 68 19 85 68 19 85 68 19 85 68 19 85
51 108
189 211 359
431 108 68 158 108 68 189 68 189 68 189 68 189 68 189 68 189 68 189 68 189 68 189 68 189 68 189 68 189 68 189 68 189 68 189 68 189 68 189 68 189 68 189 68 189 68 189 68 189 68 189 68 189 68 189 68 189 68 189 68 189 68 189 68 189 68 189 68 189 68 189 68 189 68 189 68 189 68 189 68 189 68 189 68 189 68 189 68 189 68 189 68 189 68 189 68 189 68
564 68 569 68 19 108 68 569 68 19 85 68 19 85 68 19 85
261 86 68 245 449 68 5 68 19 68 19
276 85 68 607 158 68 81 68 189 68 189 68 189 68 189 68 189 68 189 68 158 108
527 68 607 158 68 81 68 189 68 19 85 68 569 68 85 68 85 68 189 68 85
189 68 339 68 517 68 189 68 189 68 189 68 189 68 189 68 189 68 189
276 85 68 5 68 189 68 517
261 86
5 68 189 68 607 158 68 240 211 85 68 189 68 189 68 85 68 189 68 189 68 189 68 189 68 189 68 85 68 189 68 189 68 189 68 189 68 189 68 189 68 290 85 68 189 68 85 240 211 240 211 240 211 240 211 108
19 85 68 85 68 640 68 517
417 68 85 359 211 85
5 68 5 189 68 397
5 68 81 68 189 68 85 359 68 85 359 68 85 359 68 85 359
149 211 108
607 158 68 527 68 607 158 68 81 68 189 68 189 68 189
629 68 640
149 211
245 51 86
517 550 430
517 68 397 68 517 68 517
359 211 68 189 68 189 68 189 68 189 68 189 68 189 68 189 68 189 68 189 68 158 108
417
517
64 211
19 85 68 339 68 19 85 68 19 85 68 19 85 68 19 85 68 19 85 68 85 68 85 68 85 68 85 68 85 68 19 85 68 19 108
189 389 359
651 68 189 68 189 68 189 68 158 108 68 189 68 189 68 189 68 189 68 189 68 189 68 189 68 158 108
607 158 68 81 68 189 68 189 68 85 359
283
5 68 158 108 68 158 108 68 158 543 68 189 68 189
211 85 359
607 158 68 607 158 68 158 108
158 108 68 158 108 68 5 189 68 19 85
261 86 68 245 449
158 211 68 81 68 158 118
283 68 158 108 68 158 108 68 158 108 68 158 108
607 158 68 527 68 5 68 158 108 68 158 108 68 158 108 68 43 158 68 43 158 68 43 158 68 43 158 68 43 158 108
564
550 158 108 68 607 158 68 189 68 389 158
517 211
431 108 68 158 108 68 189 68 158 108 68 158 108 68 158 108 68 64 211 108 68 85
197 487 359
158 543 211 68 240 211 240
64 211 108 68 19 85 68 19 85 68 569 68 19 85 68 85 68 85 68 85
290 85 359 68 85 359
359 211 68 70 158 68 397 68 70 158 68 70 158
5 68 189 68 189 68 189 68 189 68 189 68 189 68 189 68 189 68 189 68 189 68 189 68 189 68 189 68 189 68 189 68 189 68 189 68 189 68 189 68 189 68 189 68 189 68 189 68 189 68 189 68 189 68 189 68 189 68 189 68 189 68 189 68 189 68 189 68 189 68 189 68 189 68 189 68 189 68 189 68 189 68 189 68 189 68 189 68 189 68 189 68 189 68 189 68 189 68
607 158 68 527 68 607 158 68 607 158 68 607 158 68 607 158 68 607 158 68 527 68 527 68 607 158 68 607 158 68 607 158 68 607 158 68 527 68 527 68 527 68 527 68 527 68 607 158 68 607 158 68 607 158 68 607 158 68 527 449 68 527 68 527 68 527 68 607 158 68 607 158 68 607 158 68 527 68 527 68 527 68 527 68 527 68 607 158 68 607 158 68 607 158 68 527 68 527
607 479 68 550 501 68 607 158 68 19 85 68 19 85 68 19 85 68 19 85 68 607 158 108 68 607 158 68 19 85 68 19 85 68 607 158 108 68 431 68 550 158 108 68 43 158 68 19 85 68 19 85 68 19 85 68 43 158 68 43 158 68 43 158 68 43 158 108 68 43 158 68 550 158 68 43 158 68 43 158 68 43 158 68 43 158 68 64 211 108 68 43 158 68 43 158 68 43
189 68 617 68 189 68 189 68 189 68 189 68 189 68 189 68 189 68 189 68 189 68 189 68 189 68 189 68 189 68 189 68 189 68 189 68 189 68 189 68 189 68 189 68 189 68 189 68 189 68 189 68 240 211 108
503 189 68 158 108 68 158 108 68 189 68 550 158 108 68 158 108
397 68 517 85
569 68 85 359 211
5 68 163 68 158 108 68 189 68 189
431 68 517
607 158 68 81 68 189 68 617 68 189 68 189
517 68 517 68 607 158 68 19 85 68 19 85 68 85
70 158
189 258 68 430 68 241
5 189
158 158 85 359 68 158 85 359 211
607 158 68 240 68 240 550 501 68 607 158
240 211
503 189
503 189 68 189 68 617 68 189 68 517
607 158 68 81 68 189 68 189 68 189 68 189 68 189
189 68 417
124
543
397 68 85 359
253 68 5 68 550 158 108 68 430
211 189
85 359 51 85
189 68 64 211 68 189 68 189 68 189 68 189 68 189 68 189 68 189 68 189 68 189 68 189 68 189 68 189 68 189 68 189 68 189 68 189 68 189 68 189 68 189 68 189 68 189 68 189 68 189 68 189 68 189 68 189 68 189 68 64 211 108 68 189 68 189 68 189 68 189 68 189 68 189 68 189 68 189 68 64 211 189 68 64 211 189 68 189 68 189 68 189 68 189 68 189 68 189
241 359 359 359
5 68 295 149 68 158 108 68 158 108 68 240 211 108
370 68 607 158 68 550 158 68 81 68 5 189 68 158 68 158 108 68 189 68 158 108
189 85
158 85 359 211 108 68 189 211
517 68 245 449 68 85 359 68 569 68 85 359
19 85 68 158 108
189 290 85 359
527 68 607 158 68 64 211
153 189 68 158 108 68 517 68 517 68 517 68 607 158 108 68 607 158 68 569 68 85 359
359 211 240 68 240 211 108
527 68 607 158 68 81 68 189 68 339
189 189
283 68 517
290
593 163 68 149 68 417
503 189 68 158 68 81 68 569 68 569 68 211
189 68 158 108 68 397 68 517 68 569 68 19 85 68 19 85 68 19 85
85 36 211 108 68 158 108
503 189
607 158 68 43 158 68 517 68 569 68 569 68 569
527 68 607 158 68 81 68 607 158 68 607 158 68 607 158 68 607 158 108
261 86 68 5 68 158 108 68 158 108 68 640 68 85
85
527 68 5 68 370 68 397 68 19 85 68 158
261 86 68 517 68 189 68 158 108 68 189 68 189 68 189 68 189 68 189 68 189
283 68 5 68 370 68 370 68 397 68 85
85 359 68 85 359
261 86
261 86 68 124
64 211 108 68 517 68 517 68 517 68 607 158 68 607 158 68 607 158 68 607 158 68 240
359 68 640
550 501 68 339 68 607 158 68 550 501 68 70 189 68 158 68 70 158 68 158
149
158 108 68 158 108 68 158 108 68 158 108
527 68 607 158 68 446 68 85 359 68 85 359 68 85 359 68 85 359
153 68 158 108 68 189 68 189 68 189 68 5 189
189 68 189 68 189 68 189 68 189 68 430 68 189 68 189 68 189 68 189 68 189 68 189 68 189 68 189 68 189 68 189 68 189 68 189 68 189 68 68 68 68 189 68 189 68 550 158 240 211 543 211 543 211 108
607 158 68 607 158 68 607 158 68 607 158 68 607 158 68 607 158 68 607 158
550 501
359 389 479
4 240 211
607 155 68 81 68 189 68 517 68 5 68 85
517 359
283 68 607 158 68 593 163 68 19
290 85 359
283 68 517 68 5 68 370 68 397 68 397 68 397 68 569 68 397 68 189
70 158 68 158 68 189 68 517 85
607 158 68 607 158 68 211 108 68 158 108 68 158
64 211 108 68 19 85 68 158 108 68 5 189 68 19 85 68 19 85 68 240 211 108
197 86 68 5 68 569 68 569 68 569 68 189 68 189
19 85 68 158 108 68 5 189 68 240 211
189 543 389 543
189 68 158 108 68 397 68 189 68 158 108 68 189 68 158 108 68 189 68 189 68 158 108 68 19 85 68 189 68 189 68 189 68 189 68 527 68 527 68 527 68 527 68 81 68 617 68 617 68 189 68 189 68 550 158 108 68 550 158 108 68 81 68 550 158 108 68 550 158 108 68 550 158 108 68 189 68 550 158 108 68 81 68 550 158 108 68 81 68 550 158 108 68 81 68 189 68 527
86 68 85 359 68 19 85
607 479 68 189 68 503 158 68 240 211
607 158 68 527 68 5 68 550 158 108 68 5 189 68 158 108
276 85 68 158 108 68 158 108 68 158 108 68 158 108 68 158 108 68 158 108 68 158 108
211 543
607 158 68 607 158 68 517 68 607 158 68 607 158 68 607 158 68 607 158
569 68 158 108 68 158 108 68 158 108 68 158 108 68 240 211
85 503 85
211
607 479 68 189 68 189 68 189 68 189 68 189
85 359
607 68 527 68 5 68 189 68 85 359 68 189 68 85
370 68 5 68 81 68 189 68 550 501 68 211 543 211 68 550 501
503 339
607 158 68 527 68 607 158 68 527 68 607 158 68 189 68 527
158 108 68 19 85 68 85 68 517
5 68 201 258 241 68 189 68 189 68 189 68 189 68 189 68 189 68 189
283
290 85
283 68 158 108 68 5 68 85 359 68 85 359 68 85 359 68 85 359 68 85 359
70 158
564 68 158 108 68 43 158 68 43 158 68 43 158
64 211 108 68 607 158 68 19 68 19 68 607 158 68 240 211 68 19 68 189
290 430 359
124 68 397 68 569 68 85 211 108 68 517 68 517
86 68 397 68 359
189 68 527 68 607 158 68 527 68 607 158 68 211
240 51 85
290 85
503 85
253 68 607 158 68 85 359 68 19 85 68 85 68 158 108
189 68 617 68 189 68 189 68 569 68 569 68 189 68 569 68 85 68 189 68 189
593 163 68 543 68 189 68 189 68 189
158 108 68 85 4 240 68 85
189 68 651 359
607 479 68 550 158 108 68 5 189
629 68 189 68 531 189 68 85
607 479 68 189 68 189 68 189
211 359
290 85 359
253 68 189 68 85 359 68 189 68 569 68 189 68 189 68 189 68 189 68 189 68 189 68 189 68 189 68 240 211 189 68 189 68 189 68 189 68 189 68 189 68 189 68 189 68 85 359 68 240 211 240 211 240 211 240 211 108
607 479 68 189 68 85 359 68 19 85 68 158 108
153 68 158 108 68 397 68 397
85 550 158 108 68 64 211 108
85 430 359 211 85 359
5 68 158 108 68 158 108 68 158 108 68 158 108 68 158 108
19 68 339 68 189 68 85 359 68 158 108 68 158 108 68 85 359 68 85
503 189 68 158 108 68 569 68 19 85 68 70 158 108 68 70 158 68 70 158 108
430
158 258 258
189 68 617 68 158 108 68 158 108
370 68 607 158 68 397 68 189 68 189 68 189 68 189 68 189 68 189 68 189 68 85 51 86
124
359 51 85 359
290 85 68 85 359
5 68 19 85 68 81 68 189 68 158 108
607 68 283 68 517 68 569 68 85 359 211 108
189 68 550 158 108 68 158 543 68 158 108
261 86 68 253
64 211 108 68 189 68 158 108 68 158 108 68 189 68 158 108 68 607 158 68 189 68 607 158 108 68 607 158 108 68 607 158 108 68 607 158 108 68 607 158 108 68 81 68 81 68 607 158 68 81 68 19 108 68 607 158 108 68 240 211 108 68 81 68 607 158 108 68 607 158 108 68 607 158 108 68 64 211 108 68 64 211 108 68 19 68 81 68 607 158 108 68 607 158 108 68 240 211
550 158 68 517
85
5 68 527 68 607 158 68 81 68 189 68 189 68 189 68 189 68 189 68 189
527 68 5 68 607 158 68 19 85 68 19 85 68 569 68 19 85 68 19 85 68 85 68 85 68 85 68 85 68 189 68 189 68 85 68 85 68 85 68 158 108 68 19 85 68 19 85 68 19 85 68 19 85 68 19 85 68 550 158 108 68 550 158 108 68 550 158 108 68 550 158 108 68 19 108 68 19 108 68 550 158 108 68 19 85 68 19 108 68 19 108 68 550 158 108 68 550 158
261 86 68 245 258 68 189 68 569 68 85
261 86 68 245 449 68 158 108 68 158 108 68 607 158 68 607 158 68 607 158 68 607 50
607 158 68 81 68 189 68 85 359 68 189 68 85
531 430
85 4 240
283 68 569 68 19 85 68 189 68 211 108
189 68 85 359 68 158 108
283 68 339 68 189 68 189 68 607 158
5 68 189 68 189 68 85
261 86 68 5 108 68 85 359
527 68 5 68 189 68 189 68 158 108 68 189 68 189 68 189 68 189 68 189 68 189 68 189 68 189 68 158 108
85 359 389 158 108 68 85 359 211
261 86 68 253 68 607 158 68 517
189 68 158 108 68 339 68 158 108 68 5 189 68 158 108
85 158 68 197 86 68 189 68 158 108 68 607 158 68 189 68 81 68 189 68 158 108
189 68 517 68 607 158 68 607 158 68 607 158 68 189 68 240 211 108
607 158 68 550 501 68 397
189 68 85 240 211 68 19 85 68 158 108 68 158 108 68 158 108 68 158 108 68 158 108
405 68 158 108 68 607 158 68 607 158 68 5
189 68 417 68 189 68 189 68 569 68 85
503 189
19 85 68 158 108 68 189 68 189 68 550 158 108 68 550 158 108
5 68 158 108 68 158 108 68 158 108 68 158 108 68 158 108
607 68 527 68 607 158 68 189 68 158
85 430 149
5 68 85 4 240 68 240 51 86 68 569 68 397 68 241 359
19 85 68 158 108 68 5 189 68 240 211
5 68 163 68 158 108 68 158 108 68 607 158 68 607 158 68 607 158 68 607 158
189 68 5 68 19 85
158 85 359
189 68 158 108 68 158 108 68 517 68 517
517 68 253 68 5 68 19 85 68 569 68 19 85
43 158 68 550 501 68 569 68 19 85 68 517
158 108 68 607 158 68 19 85
629 68 189 68 189 68 189
240 51 359
189 85 359
5 68 189 68 607 158 68 81 68 189 68 189 68 189 68 158 108
283 68 517 68 5 68 19 85 68 240 211 68 397 68 331 149
189 85
283 68 158 108 68 607 158 68 607 158 68 189 68 19 68 240 211 68 189 68 189 68 189 68 189 68 189 68 240 51 86 68 189 68 189 68 189 68 189 68 189 68 189 68 189 68 550 158 108 68 240 211 108 68 240 211 108 68 550 158 108 68 81 68 550 158 108 68 550 158 108 68 550 158 108 68 189 68 253 68 253 68 550 158 108 68 189 68 189 68 189 68 189 68 189 68 189 68
43 158 68 5 68 158 108 68 158 108 68 158 108 68 158 108 68 158 108 68 158 108
564 68 189 68 81 68 569 68 19 85
43 158 68 240 68 640
64 211 108 68 64 211 108 68 64 211 108 68 64 211 108
283 68 19 68 629 68 85 359
607 158 359
607 158 68 430 68 240 389 158
593 163 68 550 501 68 397 68 240 211
5 68 295 149 68 158 108 68 158 108 68 240 211 108
607 68 607 158 68 240 68 189 68 85
607 155 68 81 68 189 68 158 108 68 158 108 68 158 108 68 81 68 158 108
240 211 68 240 211 68 108
158 108 68 19 85 68 569 68 240 211 68 240 211 68 240 211 68 85
189 68 158 189 68 85 359 211 85 359 68 85
85 4 68 240 51 86 68 607 158 68 505
189 68 569 68 569 68 189 68 189 68 189 68 189 68 189 68 189 68 189 68 189 68 189 68 189 68 189 68 189 68 189 68 189 68 189 68 189 68 189 68 189 68 189 68 189 68 569 68 189 68 189 68 189 68 189 68 189 68 189 68 569 68 189 68 189 68 189 68 189 68 189 68 189 68 189 68 189 68 189 68 189 68 189 68 189 68 189 68 189 68 189 68 189 68 189 68 189 68
607 158 68 197 86 68 189 68 85 359 68 189 68 85 359
543 389 189
430 359 211
283 68 19 85 68 569 68 85 68 85 359
261 86 68 245 449
517 359
531 158 108
607 158 68 253 68 189 68 85 359
5 68 189 68 189 68 189 68 503 189 68 503 189 68 189 68 189 68 189 68 189
261 86 68 158 108 68 5 189 68 189 68 189
261 86 68 124 68 5 68 569 68 569 68 569
517 359
189 68 189 68 213 211 68 569 68 19 85 68 19 85 68 19 85
527
503 85
543 68 85 359
607 158 68 81 68 189 68 189 68 85 51 86 68 85 51 85
189 68 158 108 68 19 85 68 85
5 68 163 68 81 68 607 158 68 189 68 189 68 189
189 68 550 501 68 397 68 158 108 68 158 108 68 158 108 68 85 359 68 85 68 189 68 85
64 211 108 68 189
339 68 550 501 68 397 68 158 108 68 158 108 68 158 108 68 158 108 68 158 108
370 68 5 68 81 68 569 68 19 68 19 68 19 68 19
189 68 19 85 68 158 108 68 569 68 211 108
189 149
503 158
569 68 527 68 189 68 517
189 68 617 68 158 108 68 158 108 68 158 108 68 158 108 68 607 158 68 19 85 68 607 158 68 607 158 68 607 158 68 607 158 108 68 607 158 108 68 81 68 81 68 81 68 607 158 68 607 158 68 19 108 68 19 108 68 64 211 108 68 64 211 108 68 607 158 108 68 607 158 68 607 158 68 607 158 68 64 211 108 68 64 211 108 68 19 68 19 68 64 211 108 68 64 211 108 68
70 158 68 81
189 68 189 68 607 68 503 158 68 607 68 607 68 607 68 607 158 68 607 68 607 68 607 68 607 68 607 68 607 158 68 607 68 607 68 607 68 607 68 607 68 607 68 607 68 607 68 607 68 607 68 607 158 68 211 108
629 68 569 108
517 68 85 359 211 108 68 189 68 189 68 19 85
290 85
607 68 607 158 68 527 68 189 68 189 68 189 68 211
607 158 68 527 68 607 158 68 81 68 5 68 189 68 189 68 189 68 189 68 189 68 189 68 189 68 189 68 189 68 189 68 189 68 527
370 68 5 68 85
5 68 431 68 261 86 68 189 68 253
158 85 359 389 158 118
517 359
240 550 158 108 68 189 68 189 68 517
197 86
417
211 108
430 199 68 85
85 359 430
5 68 163 68 240 51 86 68 189 68 189 68 189
607 158 68 593 163 68 81 68 189 68 189 68 189 68 189 68 189 68 189 68 189 68 189 68 189 68 189 68 189 68 189 68 189 68 189 68 189 68 81 68 81 68 81 68 189 68 81 68 189 68 189 68 189 68 189 68 189 68 81 68 81 68 81 68 81 68 189 68 189 68 189 68 81 68 189 68 189 68 189 68 81 68 81 68 189 68 189 68 189 68 189 68 189 68 189 68 189 68
629
261 86 68 245 449
607 158 68 550 85 359
370 68 5 68 81 68 189 68 19 85 68 569 68 569 68 19 85 68 189 68 158 108
503 86 68 397
197 86 68 81 68 189 68 85
86 68 397 68 85 359
19 68 158 108 68 607 158 68 240 211 68 189 68 189 68 85 359
19 68 283 68 569 68 19 85 68 85 68 240 51 86
503 189 68 158 108 68 158 108 68 158 108 68 158 108 68 158 108
153 68 158 108 68 5 68 189 68 158 108 68 189 68 158 108 68 158 108
253 68 158 108 68 339 68 158 108 68 158
189 85 359 389 85 359
189 68 5 68 19 85 68 85 68 85 68 85
189 68 158 108 68 158 108 68 19 108
527 68 607 158 68 81 68 517 68 517 68 517
189 359
19 85
283 68 5 68 189 68 189 68 517 68 517
70 158 68 158 68 339 68 189 68 85 359
276 85 68 85
503 189 68 517 68 189 68 158 108 68 517 68 211 108 68 189 68 189 68 211
370 68 5 68 81 68 189 68 85 359
211 68 517 85
245 449 68 517 68 517
189 85 359 389 85 359
189 68 68 189 68 189 68 189 68 241 68 5 189 68 19 85 68 241 68 397 68 189 68 189 68 189 68 189 68 241 68 189 68 189 68 189 68 68 68 68 68 68 68 68 68 68 68 5 189 68 189 68 240 211 108
370 68 5 68 397
283 68 19 85 68 85 68 85 359 68 85 359
5 68 189 68 569 68 569 68 569 68 569
261 86 68 5 68 19 85 68 607 158 68 189 68 607 158 68 607 158 68 607 158 68 607 158
607 158 68 81 68 5 68 19 85 68 158 108 68 158 108 68 158 108 68 158 108 68 607 158 68 607 158 68 607 158 68 607 158 108 68 81 68 81 68 81 68 81 68 81 68 81 68 81 68 607 158 68 607 158 68 607 158 68 81 68 81 68 81 68 607 158 68 607 158 68 607 158 68 81 68 607 158 68 81 68 81 68 81 68 81 68 607 158 68 19 68 19 68 19 68 19 68 81
517 85 359 68 517
517 85
70 158 240 194 149
189 68 617 68 189 68 85 68 85 68 569 68 85 359
245 449
517 85
189 68 189 543 211 108 68 189 68 189
607 158 68 370 68 397 68 240 211 68 240 211
70 189
19 85 68 85 68 85 68 158 108 68 158 108 68 240 211
189
211 85 359
5 68 370 68 43 158 68 43 158 68 240 211
607 158 68 527 68 607 158 68 81 68 569 68 550 158 68 550 339
503 189 68 517 68 569 68 85 359 68 211 108 68 211 108
85 359 68 85 359 68 189 68 85 359 68 85
253 68 189 68 124 68 569 68 19 85 68 19 85 68 569 68 19 85
158 108
189 68 517 68 517 68 5 189 68 158 108 68 607 158
503 85
86 359
211 199
5 68 189 68 607 158 68 81 68 189 68 189 68 189 68 158 108
261 86 85 68 85
85 359
607 158 68 81 68 158 68 158 108 68 158 108 68 517
283 68 640 68 64 211 108
19 85 68 158 108 68 5 189 68 240 211
517
158
261 86 68 517 68 19 85 68 240 211 68 569 68 569 68 569 68 189
569 68 550 158 108 68 5 68 158 108 68 189 68 189 68 85 359 68 85 68 85 68 85 68 85
189 68 550 501 68 5 68 158 108 68 158 108
276 85 68 158 108 68 158 108 68 158 108
607 68 527 68 397 68 517 68 517 68 517 68 517
283 68 158 108 68 517 85
503 158
85 503 189
370 68 5 68 81 68 189 68 617 68 5
5 68 158 108 68 607 158 68 19 68 607 158 68 607 158 68 19
189 149 211 85 68 158 240 211
189 68 517 68 189 68 189 68 189 68 189 68 158 108
283 68 607 158 68 5 68 19 85 68 158 108
64 211 108 68 158 108 68 158 108 68 158 108
564 68 189 68 189 68 339
503 189 68 85
290 85
283 68 339 68 189 68 81
5 68 295 19 68 81 68 607 158 68 189 68 189
607 158 68 81 68 189 68 189 68 240 211 108 68 85
189 213 211 68 85 359
64 211 108 68 19 68 569 68 19 108 68 517 68 517
19 85 68 19 85 68 85 68 85 68 569 68 85 68 85 359 68 85
290 85
290
283
64 211 108 68 5 189 68 19 85
261 86 68 607 68 5 68 189 68 70 158 68 189 68 81
253 68 607 158 68 189 68 189 68 189 68 189 68 189
189 240 389 479
5 68 527 68 81 68 5 68 569 68 158 108 68 5 189 68 19 85
607 158 68 240 211 68 64 211 108
189 85 4 68 240 51 86 149
261 86 68 5 68 19 85 68 607 158 68 189 68 607 158 68 607 158 68 607 158 68 607 158
64 211 108 68 5
5 68 163 68 240 550 158 108 68 189 68 430 68 85 359
431 68 85 4 240 68 85 359
211 189
569 68 19 118
85 4 85 359
189 68 158 108 68 189 68 64 211 108 68 64 211 108
569 68 81 68 158 108 68 158 108 68 158 108 68 158 108 68 158 108 68 158 108 68 19 85 359
85 359
51 108
43 158 108
607 158 68 607 158 68
19 85 68 430
503 199
397 68 430 68 430
397 68 85 359 389 158 118
339 68 550 339
607 158 68 240 68 240 211 68 64 211
85 68 85 359 68 85 51 86
607 158 68 81 68 189 68 189
70 158 85 359 68 189 68 189 68 158 240 211
19 68 283 68 158 108 68 158 108 68 170 108 68 158 108 68 170 108
370 68 5 68 607 158 68 240 68 240 211 68 240 211 68 240 211 108
189 68 617 68 5 68 189 68 158 108 68 189 68 189 68 189 68 189 68 189 68 189 68 189 68 189 68 189 68 189 68 189 68 189 68 189 68 189 68 189 68 189 68 189 68 189 68 189 68 189 68 189 68 189 68 189 68 189 68 550 501 68 189 68 189 68 550 501 68 189 68 550 158 108 68 189 68 189 68 189 68 189 68 189 68 189 68 189 68 189 68 189 68 189 68 189 68 189
564 68 189 68 85
527 68 607 158 68 607 158 68 19 85 68 189 68 189 68 19 85 68 189 68 189 68 189 68 189 68 85 68 85 68 189 68 189 68 85 68 189 68 85 68 85 68 189 68 85 68 85 68 85 68 189 68 240 211 108
503 85
189 68 617 68 189 68 189 68 158 108 68 607 158 68 607 158 68 607 158 68 607 158 68 607 158 68 607 158 68 607 158 68 607 158 108 68 189 68 550 501 68 527 359 68 189 68 550 501 68 189 68 607 158 68 607 158 68 607 68 550 501 68 550 501 68 527 68 607 158 68 527 68 527 68 189 68 189 68 607 68 607 68 607 68 607 158 68 607 158 68 607 158 68 607 68 607 68 550
564 68 607 158 68
569 68 85 359 68 189 68 189 68 85 359 68 189 68 189 68 189 68 189 68 189 68 85 359
170 359
261 86 68 86 68 5 108 68 19 85 68 19 85
51 86
5 68 163 68 19 85 68 85 68 240 51 86 68 85 359
564
4 449
43 158 68 517 68 517
261 86 68 158 108 68 607 158 68 607 158 68 370 68 261 86
158 108 68 397 68 19 85 68 158 108 68 189 68 189 68 85 68 189 68 85
64 211
607 158 68 81 68 189 68 64 211
503 189 68 85 359 68 569 68 517 68 517
261 86 68 85 68 158 108 68 158 108 68 339
283 68 19 85 68 607 158 68 240 51 86 68 503 189 68 85
189 68 517 68 517 68 607 158 68 607 158 68 607 158 68 607 158 68 607 158 68 607 158 68 607 158 68 607 158 68 607 158 68 607 158 68 607 158 68 607 158 68 607 158 68 517 68 517 68 607 158 68 607 158 68 607 158 68 527 359 68 527 68 607 158 68 607 158 68 607 158 68 607 158 68 607 158 68 607 68 527 68 527 68 517 68 607 158 68 607 158 68 607 68 527 68 527 68
417
607 158 68 527 68 189 68 189 68 158 189 68 211
517 85
276 85 68 5 68 108
189 68 85 359 68 397 68 189 68 85 359 68 517 68 517 68 517 68 189 68 85 359
240 51 359
607 158 68 81 68 607 158 68 607 158 68 607 158 68 607 158 68 607 158
283 68 430 68 607 50
5 68 527 68 607 158 68 607 158 68 607 158 68 607 158 68 607 158 68 607 158 68 607 158 68 607 158 68 607 158 68 607 158 68 607 158 68 431 68 431 68 431 68 607 158 68 527 449 68 607 158 68 607 158 68 607 158 68 431 68 431 68 607 158 68 607 158 68 607 158 68 607 158 68 607 158 68 607 158 68 593 163 68 607 158 68 607 158 68 607 158 68 607 158 68 607 158 108
158 108 68 397
261 86 68 245 449 68 569 68 517
503 189
430 359 389 85 359
290 85 359
211 85 359
517
64 211 68 240 389 85
503 189 68 517 68 189 68 189 68 240 211 68 359
417
430 199
189 68 240 211 68 189 68 189 68 189
290 430
503 189 68 124 68 397 68 397 68 397 68 397 68 397
5 68 5 189 68 397
503 189 68 158 108 68 158 108 68 189 68 64 211 108 68 64 211 108
607 479 68 211 68 397 68 124
503 189
158 118
397 68 569 68 19 68 189 68 19 68 569 68 211 108
290 85
5 68 19 85 68 517 68 517 68 517 68 517
158 85 359 211 240 68 189 68 211 189 68 189
569 68 517 68 85 359 68 569 68 569 68 569 68 189 68 19 85 359 68 19 85 68 85 68 85 68 85 68 85 68 189 68 189 68 19 85 68 68 68 68 85 68 19 85 68 85 359 68 85 359 68 19 85 68 19 85 68 19 85 68 550 158 108 68 85 68 211 108 68 211 68 211 68 211 108 68 211 68 550 158 108 68 550 158 108 68 19 68 19 68 19 68 19 68 19 68 19 68
5 68 68 189 68 68 189 68 68 503 158 108 68 189 68 189 68 189 68 189 68 189 68 189 68 189 68 189 68 189 68 189 68 189 68 68 68 68 68 68 68 68 68 68 68 68 68 283 68 189 68 189 68 189 68 189 68 189 68 189 68 189 68 68 68 68 189 68 189 68 189 68 189 68 189 68 68 68 68 68 68 68 68 68 68 68 189 68 189 68 189 68 189 68 189 68 189 68
253 68 607 158 68 607 158 68 240 211 68 607 158 68 607 158 68 607 158 68 607 158 68 607 158 68 607 158 68 607 158 68 607 158 108 68 550 158 68 82
153 68 527 68 607 158 68 19 85 68 569 68 70 158
5 68 550 501 68 64 211 108 68 240 211 108
36 211 68 543 68 517
629 68 5 189 68 543 211 108
503 189
283 68 158 108 68 158 108 68 158 108 68 158 108
189 68 517 68 158 108 68 158 108 68 158 108
517 211 240
189 68 158 108 68 189 68 189 68 158 108 68 158 108 68 158 108 68 158 108 68 158 108 68 5 189 68 189 68 189 68 189 68 189 68 189 68 189 68 189 68 189 68 189 68 550 158 108 68 189 68 189 68 550 158 108 68 550 158 108 68 550 158 108 68 550 158 108 68 550 158 108 68 189 68 189 68 550 158 108 68 550 158 68 550 158 108 68 550 158 108 68 550 158 108 68 550 158
569 68 449 68 189 68 85 359 68 189 68 189 68 189 68 189 68 189 68 189
503 189 68 81 68 189 68 569 68 550 158 108 68 5 189 68 550 158 108
527 68 607 158 68 158 68 81 68 158 108
19 85 68 85 68 85 68 158 108 68 158 108 68 240 211
370 68 5 68 81 68 189 68 397 68 397 68 397 68 397 68 397 68 189 68 397 68 397 68 397 68 189 68 189 68 189 68 397 68 253
253 68 85 359 68 189 68 189 68 189 68 189 68 189 68 189 68 189 68 189 68 189 68 189 68 189 68 189 68 189 68 189 68 189 68 189 68 189 68 189 68 189 68 189 68 85 359 211 108 68 189 68 189 68 189 68 189 68 85 359 68 189 68 189 68 240 211 108 68 189 68 240 211 108 68 189 68 550 158 108 68 189 68 189 68 189 68 189 68 189 68 189 68 189 68 189 68 189
593 163 68 550 86 68 397 68 19 68 19 68 19
189 68 417
158 118
189 68 158 108 68 189 68 64 211 108
569 68 550 501 68 417 68 189 68 189 68 85
569 68 85 389 158 108 68 189 68 189 68 189 68 19 85
503 189
527 68 607 158 68 81 68 189 68 85 359
64 211 68 417
607 479 68 550 158 108
569 68 158 108 68 189 68 5 189 68 158 108 68 158 108 68 158 108 68 158 108
651 123 68 85 68 85 359 68 158 108 68 158 108 68 158 108 68 158 108
189 68 211 359
19 85
503 189 68 503 189 68 503 189 68 503 189 68 211
503 158
417
43 158 68 43 158 68 43 158 68 19 68 569 68 19 85 68 19 85 68 19 85 68 19 85 68 569 68 19 85 68 569 68 569 68 19 85 68 43 158 108 68 43 158 108 68 19 85 68 19 85 68 19 68 19 68 19 68 19 85 68 43 158 68 19 108 68 550 501 68 517 68 550 501 68 19 68 19 68 43 158 68 43 158 68 19 68 19 68 569 68 19 68 19 68 19 68 43 158
189 68 617 68 189 68 517 68 569 68 569 68 569 68 569 68 569 68 569 68 158 108
245 108
370 68 607 158 68 550 158 68 19 85 68 569 68 19 85 68 19 85 68 85
607 158 68 593 68 607 158 68 607 158 68 607 158 68 607 158 68 607 158 68 607 158 68 607 158 68 607 158 68 607 158 68 607 158 68 607 158 68 607 158 68 527 68 607 158 68 527 359 68 607 158 68 607 158 68 607 158 68 607 158 68 607 158 68 607 158 68 607 158 68 607 158 68 607 158 68 607 158 68 607 158 68 607 158 68 607 158 68 607 158 68 607 158 68 607 68 607 68
261 86 68 124 68 189 68 189 68 85 359
607 158 68 607 158 68 261 85 359
189 68 68 417 68 569 68 569 68 517
189 68 517 68 517
517 85
607 158 68 85 158 108 68 158 108 68 158 189 68 158 189 68 158 189 68 211 189
19 163 68 158 108 68 189 68 189 68 211 108 68 211 108 68 607 158 68 211 108
158 85 158 85
261 86 68 124 68 19 85
503 158
5 68 253 68 261 86 68 569 68 503 189 68 503 189
189 68 158 108 68 397 68 397 68 503 189 68 503 189
359 4 240
517 68 240 211
5 68 550 501 68 189 68 290 85
261 86 68 5 68 19 85 68 569 68 19 85 68 569 68 19 85 68 85
253 68 295 370 68 5 68 397
503 189 68 189 68 189 68 189 68 389 569
64 211 108 68 5 68 85
253 68 189 68 640
503 189 68 5 68 503 189 68 503 189 68 503 189 68 153 189
19 85 68 517 68 189 68 189 68 189 68 189
397 189 68 85 543 211 68 189
261 86 68 245 449 68 158 108
5 68 370 68 81 68 607 158 68 397 68 569 68 569 68 569 68 569 68 569 68 569 68 569 68 569 68 569 68 569 68 569 68 569 68 397 68 253
607 158 68 197 85 68 569 68 19 85 68 19 85
153 68 527 68 81 68 5 189 68 158 108 68 5 189 68 158 108
359 51 85 359
211 108 68 5 189 68 617
283 68 189 68 5 68 19 68 19 85 68 19 85
240 68 397 68 85 359 68 85 68 85 68 569 68 85
5 85 359
211 517
503 189 68 85 359 68 517 68 517 68 517
607 479 68 5
189 85 189
189 68 569 68 158 108 68 158 108 68 189 68 189 68 189 68 158 108 68 189 68 189 68 158 108 68 158 108 68 158 108 68 189 68 189 68 189 68 189 68 81 68 81 68 19 85 211 240 211 108 68 19 85 211 108 68 189 68 189 68 81 68 19 108 68 19 108 68 19 108 68 19 68 19 108 68 189 68 189 68 189 68 19 68 19 85 211 108 68 189 68 189 68 189 68 189 68 189
85 359
189 68 158 108 68 158 189 68 158 108
527 68 607 158 68
261 86 68 85 68 81 68 189 68 189 68 189 68 189 68 189 68 189 68 189
607 158 68 527 68 607 158 68 19 85 68 211 108
503 189 68 158 108 68 189 68 517
85 68 189 108 68 517 149
85 68 85 359 68 189 68 189 68 189 68 189
607 339 68 211 108 68 189
5 68 240 211 68 290 85 68 158 108 68 158 108
283
5 68 397 68 253 68 397 68 569 68 503 189 68 85
261 86
189 68 550 501 68 189 68 189 68 19 85 68 158 108 68 189 68 189 68 189 68 189 68 189 68 85 359 68 189 68 189 68 189 68 189 68 189 68 189 68 189 68 189 68 189 68 189 68 189 68 189 68 240 211 240 211 108
43 158
550 158 240 68 64 211 108
283 68 569 68 569 68 569 68 430 68 430
64 211 108 68 397 68 85 359 68 85 359
253 68 607 158 68 253 68 189 68 607 158 189 68 430
158 211 211
564 68 158 108 68 85
261 86 68 245 449 68 569 68 569 68 253
19 85 68 158 108
503 189 68 158 108 68 189 68 189 68 19 85 68 211 108 68 189 68 19 85 68 19 85 68 19 85 68 85 68 189 68 189 68 211 108 68 85 68 85 68 85 68 19 85 68 211 108 68 359 68 211 108 68 211 108 68 211 108 68 85 68 85 68 211 108 68 211 108 68 211 108 68 211 108 68 211 108 68 503 158 108 68 211 68 211 68 211 68 211 240 211 240 211 68 211 68 211 108
569 68 85 359 68 189 68 189 68 158 108 68 158 108 68 158 108 68 158 108 68 158 108
158 108 68 617 68 189 68 158 108 68 158 108 68 158 108 68 189 68 158 108 68 158 108
158 108
211 359 68 397
189 68 550 501 68 189 68 158 108 68 158 108 68 158 108
70 189 68 503 189
211 240
189 85 359
189 68 189 68 189 68 189 68 189
261 86 68 517 68 158 108 68 158 108 68 189 68 189 68 158 108 68 189 68 189 68 158 108 68 189 68 19 85 359 68 189 68 189 68 607 158 108 68 607 158 108 68 81 68 331 68 19 85 68 19 85 68 19 85 68 19 85 68 19 85 68 81 68 19 85 68 19 85 68 70 158 108 68 19 68 189 68 19 68 81 68 19 68 19 85 68 19 85 68 19 85 68 81 68 81 68 81
503 158 68 347 158
607 158 68 550 158 108 68 550 158 108
64 211 108 68 189 68 189 68 158 108 68 517 68 189 68 189 68 189 68 189
85 51 86
517
430 543 389 569
261 86 68 85 359
158 108 68 261 86 68 189 68 253
503 189 68 85 359 68 569 68 85 359 211 108
189 68 617 68 189 68 189 68 85 68 240 51 86 68 189 68 189 68 189 68 189 68 189 68 189 68 85
607 158 68 550 430
339
527 68 607 158 68 240 68 640
503 158 68 347 158
607 158 68 81 68 5
359 68 517 68 517 68 569 108

153
283 68 517 68 607 158 68 81 68 189 68 189 68 189 68 189 68 189 68 189
51 86 149
19 68 253 68 5 68 19 85 68 19 85 68 85
503 85 68 158 108 68 517 68 517 85 359
189 68 5 68 158 108 68 607 158 68 607 158 68 607 158 68 607 158 68 189 68 189 68 607 68 189 68 607 158 108
19 85 68 158 108 68 85 68 85 359
339 68 550 501 68 397 68 19 85 68 19 85 68 19 85
211 108
607 158 68 550 158 108
189 68 550 158 108 68 397 68 517 68 158 108 68 158 108
431
607 479 68 527 68 607 158 68 81 68 607 158 68 607 158 68 607 158 68 607 158 68 607 158 68 607 158 68 607 158 68 607 158 68 607 158 68 607 158 68 527 68 607 158 68 527 68 527 68 81 68 607 158 68 607 158 68 607 158 68 607 158 68 607 158 68 607 158 68 607 158 68 607 158 68 607 479 68 607 158 68 607 479 68 607 158 68 607 158 68 517 68 517 68 517 68 517 68
550 158 68 517
189 68 81 68 189 108
517 68 245 449 68 607 158 68 550 430 68 517
36 211 68 607 158 68 81 68 607 158 68 607 158
189 68 81 68 189 68 189 68 189 68 189 68 189 68 189 68 189 68 189 68 189 68 189 68 189 68 189 68 189 68 189 68 189
261 86 68 158 108 68 569 68 569 68 359
503 189 68 211 108 68 569 68 85
651 123 68 85 359 68 85 359
189 68 550 158 108 68 569 68 569 68 19 85
85 430 359 68 85 211 108
261 86 68 397 68 370 68 397 68 240
85 359
51 86 68 158 108
189 68 550 501 68 189 68 189 68 240 211 68 189 68 189 68 189 68 189 68 189 68 189 68 189 68 189 68 189 68 189 68 189 68 189 68 189 68 189 68 189 68 189 68 189 68 189 68 240 211 240 211 240 211 108
607 158 68 85 503 158 68 85
245 449
261 158 85
431 68 189 68 189 68 64 211 108
5 68 527 68 158 108 68 158 108 68 158 108
527 68 607 158 68 543 68 189 68 85
359 68 640
189 85 359 68 158 108 68 189 389 158 118
189 68 517 68 158 108 68 158 108 68 158 108 68 158 108 68 19 85
593 163 68 19 85 68 64 211 108 68 569 68 85
283 68 517 68 5 68 19 85 68 19 85
5 68 527 68 81 68 189 68 189 68 189 68 211 108
261 86 68 5 68 607 50 68 339
189 68 81 68 5 189
569 68 240 211 68 64 211 108 68 189 68 189 68 189 68 189 68 189 68 189 68 189 68 189 68 189 68 189 68 189 68 189 68 189 68 240 211 108 68 240 211 108 68 189 68 240 211 240 211 108 68 189 68 189 68 189 68 240 211 240 211 108 68 240 211 240 211 108 68 240 211 240 211 108 68 189 68 240 211 68 81 68 19 68 64 211 68 189 68 189 68 240 211 68 81 68 81 68
527 68 607 158 68 81 68 158 68 189 68 189 68 189 68 158 108
5 68 163 68 19 85 68 158 108 68 158 108 68 189 68 158 108
564 68 158 108 68 5 68 19 85 68 85 68 85
43 158 108
290 85
261 86 68 189 68 64 211 108
261 86 68 158 108 68 5 189 68 158 108 68 158 108 68 158 108
253 68 189 68 505
261 86 108
359 68 517
19 85 68 253 68 397 68 517 359
189 68 517 68 189 68 85 359 68 189 68 517 68 569 68 569 68 569 68 569 68 85 359
261 86 68 85 68 85 359 68 85 359
607 158 68 527
607 68 447 158 68 503 189 68 503 158 108 68 607 68 158 108
189
153 68 85 359 68 189 68 158 108 68 158 108 68 158 108
5 68 370 68 397
189 68 617 149 68 617 149
290 85 359
189 68 81 68 189 68 158 108 68 189 68 189 68 189 68 189 68 189 68 189
261 86 68 245 449
197 86 68 5
283 68 189 68 5 68 370 68 397 68 517
85 359 211
290 85 359
5 108 68 85 4 240 68 240
189 19 85
5 68 370 68 81 68 158 68 158 108 68 5 68 85
189 68 211 543 68 397 68 397 68 569 68 397 68 189 68 189 68 189 68 189
253 68 189 68 189 68 189 68 189 68 189
607 158
253
607 68 527 68 5 68 370 68 153 189
503 189
197 86 68 5 68 158 108 68 158 108 68 158 108 68 158 108
5 68 245 449 68 550 339 68 189 68 569 68 189 68 189 68 189 68 189 68 189 68 569 68 569 68 569 68 569 68 189 68 189 68 550 86 108 68 550 487 359 68 550 50 68 550 487 359 68 550 339 68 550 86 108
543
261 86 68 5 68 85
593 163 68 158 108 68 189 68 158 108 68 158 108 68 158 108
339 551 68 189 68 347 339
517 68 158 108 68 158 149 211
189 68 550 501
517 211
607 479 68 189 68 417 68 189 68 189 68 189 68 189 68 189 68 189 68 189
153 108 68 64 211 108
211 550 158
283 68 517 68 5 68 240 51 86 68 397 68 397 68 397 68 189 68 397 68 189
607 158 68 81 68 5 68 158 108 68 158 108 68 189 68 158 108 68 189 68 189 68 189 68 189 68 158 108 68 607 158 108 68 189 68 607 158 108 68 81 68 81 68 158 108 68 158 108 68 189 68 189 68 211 240 211 108 68 81 68 81 68 81 68 158 108 68 607 158 108 68 211 68 607 158 108 68 81 68 81 68 81 68 158 68 158 108 68 189 68 189 68 189 68 189 68 81 68
261 86 68 85 68 417
607 158 68 397 68 397
569 68 543 211 68 85 68 189 68 19 85 68 19 85 68 19 85 68 19 85 68 85 68 19 85 68 85 68 19 108 68 19 108 68 19 108 68 81 68 81 68 81 68 81 68 19 85 68 19 108 68 19 108 68 19 108 68 19 108 68 19 108 68 19 108 68 19 108 68 19 68 19 108 68 19 108 68 19 108 68 19 68 19 68 19 68 19 108 68 19 108 68 19 108 68 19 108 68
189 85 359
64 211 108 68 189 68 85 359
607 158 68 359 211 68 211
527 68 607 158 68 19 85 68 158 108 68 158 108 68 158 108
149 68 64 211
189 68 158 108 68 339 68 158 108 68 158 108 68 158 108 68 158 108
501
158 85 359
607 158 68 81 68 607 158 68 607 158 68 64 211 108
261 86 68 124 68 189 68 189 68 517 68 189 68 607 158 68 607 158 68 607 158
189 68 617 68 85 68 189 68 158 108 68 5 189 68 158 108
189 68 5 68 531 158 108 68 517
503 189 68 81 68 189 68 189
517 85
5 68 81 68 189 68 189 68 240 211 68 189 68 189
651 359 68 397
158 258 258
211 211 199
431 68 64 211 108
261 86 68 158 108 68 189 68 158 108 68 607 158 68 158 68 5 189 68 158
189 68 70 158 68 417 68 189 68 189 68 189 68 189
370 68 5 68 189 68 189 68 189 68 189 68 189 68 189 68 189 68 189 68 189 68 189 68 189 68 189 68 189 68 189 68 189 68 189 68 189 68 189 68 189 68 189 68 189 68 189 68 189 68 189 68 189 68 189 68 189 68 527 359 68 189 68 189 68 189 68 189 68 189 68 189 68 189 68 189 68 189 68 527 68 331 149 68 189 68 189 68 189 68 189 68 189 68 189 68 527 108
261 86 68 245 449
531 158 359
261 86 68 517 68 607 158 68 607 158 68 607 158 68 607 158 68 607 158 68 607 158 68 607 158
64 211 108 68 85 359 68 85 359
211 359 68 189 68 81
158 85 359 550 158 108
153 68 607 158 68 607 158 68 607 158 68 607 158
189 68 240 211 68 19 149
517 85
85 158 108
253 68 607 158 68 19 85
430 118 68 189 68 189 68 189
261 86 68 19 85 68 158 108 68 569 68 503 158 108 68 19 85
189 68 517 68 189 68 517 68 517 68 607 158
517 68 5 189 68 189
564
153 68 158 108 68 158 108 68 517
85 359
288 68 417 68 189 68 189
607 158 68 5 68 211 189 68 211 189 68 211
189 68 550 158 108 68 339 68 158 108 68 158 108 68 158 108
564 68 85 359 68 189 68 19 85 68 503 158 108
189 68 517 68 85 359 68 339 68 517 68 517
517 68 517 68 81
4 149
607 158 68 189
189 68 5 189 68 397 68 189 68 517
189 68 189 68 189 68 189 68 517 68 569 68 189 68 189 68 189 68 189
158 108 68 158 108 68 85
276 85 68 5 68 158 108 68 607 158 68 517
189 68 617 68 569 68 569 68 569 68 240 51 86
64 211 108 68 85 359 68 85 359
189 389 85
189 68 517 68 607 158 68 550 158 68 607 158 68 607 158 68 550 158 108
43 158 68 550 158 108 68 517 85 359 68 85 359
64 211 108 68 85 359 68 85 359 68 85
189 68 569 68 5 189 68 85 51 86
564 68 5 68 370 68 5 68 569 68 569 68 569
64 211
607 158 149
607 158 68 81 68 5 68 189 68 158 108 68 158 108 68 189 68 189 68 158 108
417
503 85 68 85 359 68 19 85 68 19 85
261 86 68 5 68 81 68 189 68 85
527 68 607 158 68 261 86 68 607 158 68 607 158 68 607 158 68 81
607 158 68 527 359
189 68 81 68 640 68 85 51 85 68 85 359
331 359
189 158 85
365 158 108 68 607 158 68 617
543
607 158 68 607 158 68 607 158 68 607 158 68 189 68 607 158
189 68 158 108 68 158 108 68 158 108 68 189 68 189 68 158 108
629 68 607 158 68 607 158 68 81 68 189 68 189 68 189
607 158 68 607 158 68 85 359 68 85 359
253 68 517 68 517 68 569 68 85 359
253 359
19 85 68 158 108 68 189 68 189 68 64 211 108 68 189 68 189 68 189 68 85
245 449
283 68 517 85 359 211 108
261 86 68 124 68 569 68 19 85
189 430 149
564 68 370 68 5 68 19 85 68 19 85 68 85 68 85 68 85
189 68 417 68 189 68 5 68 19 68 517
339 551
5 68 158 108 68 189 68 189 68 517
607 158 68 81 68 158 68 158 543 68 189 68 517
189 68 158 108 68 189 68 85
153 189
5 68 163 68 19 108 68 397 68 569 68 211 108
261 86 68 245 449
339
503 85
189 68 158 108 68 158 108 68 158 108 68 158 108
189 68 617 68 85 68 569 68 85 359 68 85 359
607 479 68 431 68 189 68 189 68 19 85 68 189 68 189 68 189 68 189 68 189
569 68 85 359 68 189 68 189 68 189 68 189
51 108
593 163 68 550 158 108 68 43 158 68 517 68 517
517 359
283 68 124
283 68 370 68 5 68 189 68 359
189 68 617 68 189 68 517 68 189 68 189 68 158 108
189 68 158 108 68 158 108 68 158 108 68 158 108
253 68 189 68 170
189 68 617 68 189 68 189 68 569 68 569 68 189 68 569 68 85 68 189 68 189
276 85 68 158 108 68 158 108 68 189 68 189 68 189
51 86 68 158 108 68 5 189
5 68 158 108 68 607 158 68 81 68 607 158 68 607 158 68 607 158
607 158 68 81 68 569 68 240 211
550 339
5 68 19 68 81 68 189 68 19 85 68 189 68 569 68 189 68 189 68 19 85
564 68 158 108 68 158 108 68 517 68 517
85 290 85
124 68 617 68 189 68 85 68 189 68 85 359
189 68 617 68 517 68 517 68 517 359
19 85 68 158 108 68 189 68 189 68 240 211 68 189 68 240 211
64 211 108 68 189 68 189 68 19 85 68 569 68 189
517 299
503 85
503 189 68 245 449 68 5 189 68 70 158
503 189 68 5 68 19 85 68 19 85 68 19 85
19 68 253 68 189 68 158 108 68 517 68 517
276 85 68 607 158 68 527 68 189 68 201 258
517 149 550 158 149
261 86 68 607 158 68 158 108
607 339 68 569 68 19 85
503 158 68 347 158
531 158 149 68 81 68 189 68 240 211
85 449
189
211 211 68 517 68 517
417
261 86
189 64 211 108
503 189 68 158 108 68 517 68 517
158 85 359 68 158 108 68 189 68 158 240 211
283 68 550 501 68 5 68 550 501
527 68 5 68 81 68 189 68 158 108 68 569 68 19 85 68 158 108
359 211 85
417 68 85 359 68 517
189 68 517 68 607 158 68 607 158 68 607 158 68 607 158 68 607 158 68 189 68 527 68 189 68 189 68 607 158 108
5 543 211 108
607 158 68 170 108 68 189 68 158 108 68 211
19 85 68 158 108 68 158 108 68 158 108 68 158 108
503 189 68 527 68 607 158 68 19 85 68 64 211 108
607 158 68 607 158 68 19 85
189 68 189 68 158 108 68 189 68 158 108 68 158 108
569 68 85 240 211 68 85
517 68 517 108 68 158 108
5 68 397 68 189 68 189 68 158 108 68 607 158 68 607 158 68 607 158 68 189 68 158 68 5 189 68 189 68 189 68 189 68 189 68 189 68 189 68 68 68 68 68 68 68 68 550 158 108 68 189 68 189 68 189 68 189 68 550 158 108 68 189 68 189 68 550 158 189 68 189 68 607 158 189 68 68 550 158 108 68 68 68 550 158 108 68 189 68 189 68 189 68 189 68 189 68 189
5 68 19 85 68 240 211
564 68 85 359 68 158 108
397 68 550 158
517 85
370 68 607 158 68 607 158 68 81 68 189 68 189
85 449
431 108 68 158 108 68 189 68 158 108 68 158 108 68 158 108 68 64 211 108 68 85
543 51 237 237 108 68 430
64 211 108 68 189 68 189 68 189 68 189 68 85
607 158 68 527 68 5
569 68 253 68 517 68 517
607 158 68 607 158 68 85 359 68 517
189 68 158 108 68 5 68 70 158 68 70 158
189 68 617 68 189 68 517 68 569 68 569 68 211 108 68 569 68 19 85
397 68 240 211 68 64 211
85 359
290 85 359
290 85 359
527 68 569 68 19 85 68 569 68 85
19 85 68 5 68 19 68 19 85 68 19 85 68 189 68 19 85 68 189 68 189 68 85
64 211 108 68 5 68 607 158 68 158 68 607 158 68 607 158 68 607 158 68 607 158 68 607 158 68 607 158 68 607 158 189 68 607 158 108 68 607 158 108 68 607 158 68 607 158 68 607 158 68 607 158 68 607 158 68 240 211 108 68 607 158 68 607 158 108 68 607 158 68 607 158 68 607 158 68 607 158 108 68 607 158 68 607 158 68 607 158 68 240 211 240 211 108 68 607 158 108
70 158 68 158 108 68 70 158
5 68 158 108 68 158 108 68 158 108 68 158 108
607 158 68 70 158
85 503 158
607 158 68 81 68 189 68 189 68 253 68 189 68 607 158 68 607 158 68 607 158
253 68 189 68 569 68 85 359 389 85 359 68 189 68 189 68 189 68 189
339 68 85 359
211 108
527 68 607 158 68 261 86 68 607 158 68 607 158 68 607 158 68 81
517 68 19 68 283 68 189 68 503 189
5 68 347 501 68 517 68 517 68 569 68 517
651 123 68 607 158 68 81 68 5 189 68 5 189
245 449
607 479 68 189 68 85 359 68 19 85 68 158 108
607 158 68 607 158 68 240 68 240 51 86 68 85
261 86 68 124 68 5 68 569 68 569 68 569 68 211 108
569 68 211 108 68 189 68 189 68 211 108
241 359 359 359
153 189 68 19 85 68 517 85
449
431 108 68 339 68 189 68 189 68 19 85 68 189 68 85 68 189 68 189 68 85
19 85
283 68 430 68 607 158 68 607 158 68 607 158 68 607 158 68 253 68 607 158 68 19 85 359
85 158 189
85 359
405
189 68 517 68 517 68 517
189 68 550 501 68 189 68 158 108 68 158 108 68 158 108
449
189 68 240 211 68 85

153 68 85 359 68 189
261 86 68 517 68 189 68 189 68 189 68 189 68 189 68 189 68 189 68 189
19 85 68 339 68 550 339
430 543 389 158 68 517 359
189 68 617 68 189 68 189 68 517 68 517
85 430 199 85
527 68 607 158 68 431 68 607 158 68 607 158 68 189 68 19 85 68 189 68 85
503 189 68 85 359 68 569 68 85 359 211 108
431
189 240 389 158 118
85 4 85 359
503 158 108 68 64 211 108 68 617 149
43 158 68 43 158 68 397 68 70 158
569 68 359 68 85 359 68 85 359 68 85 359
19 68 339 68 19 85 68 569 68 19 85 68 211 108
283 68 189 68 158 108 68 158 108 68 158 108 68 158 108
43 158
189 68 189 68 359 211
261 86 68 245 449 68 370 68 569 68 253
189 68 5 189 68 158 108 68 158 108 68 158 189 68 607 158 68 607 158 68 189 68 607 158 68 189 68 607 158 189 68 189 68 607 158 189 68 607 68 607 158 68 607 68 607 158 68 607 158 68 607 158 68 607 158 68 607 68 607 68 607 68 607 68 607 68 607 68 607 68 607 158 68 607 68 607 68 607 68 5 68 5 68 5 68 607 68 607 68 189 68 607 68 607 68 607 68 607
64 211 108 68 85 359 68 85
607 479 68 189 68 64 211 108
564 68 607 158 68 607 158
261 86 68 85 68 189 68 85
189 68 617 68 189 68 189 68 517 68 607 158 68 607 158 68 607 158 68 189 68 189 68 607 68 189 68 607 158 108
189 68 397
261 86 68 397 68 397
108 68 158 108 68 607 158 68 189 68 240 211 68 189 68 240 211 108 68 189 68 158 108
19 85 68 158 108 68 446 68 569 68 19 85
51 86 68 189 68 5 189 68 550 158
