607 158 68 5 68 5 68 5 68 5 68 397 68 5 68 5
283
607 158 68 607 158 68 189 68 640
283 68 5 68 5 68 5 68 5 68 5
607 158 68 5 68 5 68 5 68 397 68 397 68 397
607 158 68 607 158 68 607 158 68 607 158 68 189 68 607 158 68 607 158 68 189 68 607 158 68 189 68 607 158 68 550 158 68 550 158 68 550 158 68 607 158 68 607 158 68 607 158 68 607 158 68 607 158 68 607 158 68 607 158 68 607 158 68 158 108 68 607 158 68 189 68 607 158 68 339 68 158 108 68 339 68 158 108 68 607 158 68 607 158 108 68 607 158 68 607 158 108 68
607 158 68 5 68 5 68 5 68 397 68 397
607 158 68 5 68 5 68 5 68 5 68 397 68 397 68 5 68 5 189
607 158 68 64 211 68 189
211
607 158 68 5 68 5 68 189
211
283 68 5 68 5 189 68 5 189
607 158 68 85
261 86
240 359
261 86
389 158
211 85
607 158 68 607 158 68 189 68 607 158 68 189 68 189 68 5 68 5 68 189 68 5 68 5 68 189 68 189 68 550 158 68 189 68 5 68 5 68 19 85
607 158 68 607 158 68 189 68 189 68 189 68 189
241
64 211 359
85 359
607 158 68 5 68 5 68 5 189 68 5 68 5 189 68 5 68 5 189
607 158 68 607 158 68 607 158 68 607 158 68 189 68 189 68 5 68 5 68 5 68 5 68 189 68 189 68 550 158 68 397 68 550 158 68 397 68 607 158 108 68 607 158 108 68 607 158 68 607 158 68 607 158 68 607 158 68 607 158 68 607 158 108 68 607 158 68 397 68 189 68 397 68 397 68 397 68 5 68 5 189 68 189 68 5 189 68 397 68 397 68 397 68 397 68 607 158
607 158 68 5 68 5 68 5 68 5
607 158 68 85 359
607 158 68 5 68 5 68 5 68 397 68 397 68 397
607 479 68 640
607 158 68 85
607 158 68 5 68 5 68 5 68 5 68 5 189
389 158 359
607 158 68 607 158 68 607 158 68 5 68 397 68 397 68 5 68 397 68 397 68 5 68 397 68 397 68 397 68 397 68 397 68 397 68 397 68 397
607 158 68 607 158 68 607 158 68 607 158 68 189 68 5 68 5 68 5 68 5 68 5 68 5 68 189
240 211
607 158 68 607 158 68 189 68 189 68 189 68 189 68 189 68 5 68 189 68 189 68 5 68 189 68 189 68 550 158 68 189 68 550 158 68 550 158 108
564
607 479 68 397 68 397 68 397 68 397 68 397
607 158 68 607 158 68 397 68 397 68 397 68 397 68 397 68 397 68 397
607 158 68 5 68 5 68 5 68 5 68 397 68 5 68 5
564
607 158 68 5 68 5 68 5 68 5 68 397 68 397 68 5 68 397 68 5 189
607 158 68 5 68 5 68 5 68 5 68 5 68 5 68 5
607 158 68 5 68 5 68 5 189
607 158 68 5 68 5 68 5 68 5 68 5 68 5 68 5 68 5 189
607 158 68 5 68 397 68 397
607 158 68 5 68 5 68 5 68 5 68 397 68 5
607 158 68 85 85
607 158 68 5 68 5 68 5 68 5 68 5 189 68 5 68 5 68 5 189
607 158 68 5 68 5 68 5 68 5 68 397 68 397 68 5
607 158 68 640
607 158 68 5 68 5 189 68 189
607 158 68 19 85
607 158 68 5 68 5 68 5 68 5 68 397 68 397 68 5
607 158 68 85
607 158 68 5 68 5 68 5 68 5 68 397 68 397 68 5
503 158
607 158 68 85 68 85
607 158 68 5 68 5 68 5 68 397 68 397 68 397 68 397 68 397
607 158 68 607 158 68 397 68 397 68 397 68 397 68 397 68 397 68 397 68 397
607 158 68 640
607 158 68 607 158 68 189 68 607 158 68 397 68 189 68 5 68 5 68 5 189
607 158 68 607 158 68 189 68 189 68 85
617
607 479 68 397 68 397 68 397 68 397
607 158 68 607 158 68 189 68 607 158 68 189 68 189 68 640
607 158 68 5 68 397 68 397 68 397
240 359
607 158 68 64 211 68 189
607 158 68 607 158 68 607 158 68 607 158 68 189 68 607 158 68 640 68 189
607 158 68 5 68 5 68 5 68 5 68 5 68 5 68 5 68 5 189
607 158 68 5 68 397
607 158 68 5 68 5 68 5 68 5 68 5 68 5 68 5 68 5 68 5 189
607 158 68 5 68 5 68 5 68 5 68 5 68 5 68 5 68 5 68 5 189
283 68 5 68 5 68 5 68 5 68 5
607 158 68 5 68 5 68 189 68 5 68 189
607 158 68 607 158 68 607 158 68 607 158 68 397 68 397 68 640
607 158 68 607 158 68 607 158 68 607 158 68 397 68 397 68 640
85
607 158 68 5 68 5 189 68 5 189 68 5
607 158 68 607 158 68 189 68 607 158 68 189 68 189 68 5 68 5 68 189
607 479 68 5 68 397 68 397
607 158 68 5 68 5 68 5 68 5 68 397 68 5
607 158 68 5 68 5 68 5 68 5 68 5 68 5 68 5
85 359
607 158 68 5 68 5 68 5 68 5 68 397 68 5
607 158 68 5 68 5 68 5 68 5 68 5 189 68 5 68 5
503 189
503 158 108
607 158 68 5 68 5 68 5 68 5 68 397 68 5
607 158 68 5 68 5 68 189
607 158 68 607 158 68 158 68 189 68 189 68 189
607 158 68 5 68 5 68 5 68 5 68 5
607 158 68 607 158 68 339 68 607 158 68 397 68 397 68 640
607 158 68 5 68 397 68 397 68 397 68 397 68 397 68 397 68 397
607 158 68 5 68 5 68 5 68 5 68 397 68 5 189
211
607 158 68 5 68 5
607 158 68 607 158 68 189 68 189 68 189 68 189 68 189 68 5 68 189 68 189 68 5 68 189 68 189 68 550 158 68 189 68 550 158 68 550 158 108 68 607 158 108 68 189 68 607 158 68 607 158 68 607 158 68 607 158 68 607 158 68 607 158 108 68 607 158 68 189 68 189 68 5 68 189 68 189 68 5 189 68 158 108 68 189 68 189 68 189 68 189 68 5 189 68 607 158 108
607 158 68 607 158 68 607 158 68 5 68 5 68 5 68 5 68 5 68 5 68 5 68 5 68 397 68 5 68 397 68 397 68 5 68 5 68 397 68 5 68 5 68 5 189
283 68 5
607 158 68 5 68 5 189 68 189
607 158 68 607 158 68 189 68 189 68 550 158
283 68 5 68 5 68 5 189 68 5
211
607 158 68 607 158 68 607 158 68 607 158 68 189 68 5 68 5 68 5 68 5 68 5 68 189 68 189 68 5 68 397 68 189 68 5 68 5 68 5 68 5 68 5 68 5 189 68 5 68 607 158 68 607 158 68 5 68 5 68 5 68 5 189 68 5 189 68 5 189 68 5 189 68 5 68 5 189 68 5 189 68 158 108
85 85
607 158 68 5 68 19
607 158 68 5 68 397 68 397
607 158 68 5 68 158 108 68 189 68 5 68 189
241
607 158 68 640
607 158 68 397 68 397 68 397
607 158 68 607 158 68 607 158 68 5 68 397 68 5 68 5 68 5 189 68 5 189
283 68 5 68 5
283 68 5 68 5 68 5 189
607 158 68 5
607 158
607 158 68 607 158 68 158 68 607 158 68 607 158 68 607 158 68 640 68 158 108
607 158 68 5 68 5 68 5 68 5 68 5 68 5 189
607 158 68 607 158 68 397 68 397 68 397 68 397 68 397 68 397 68 397
607 158 68 5 68 640
564
607 158 68 5 68 5 68 5 68 5 68 5
607 158 68 607 158 68 397 68 397 68 640
607 158 68 607 158 68 607 158 68 607 158 68 189 68 189 68 5 68 5 68 5 68 5 68 189 68 189 68 550 158 68 397 68 397 68 397 68 397 68 607 158 108 68 607 158 189 68 607 158 68 607 158 68 607 158 68 607 158 68 607 158 68 607 158 108 68 607 158 68 397 68 397 68 397 68 397 68 5 68 5 189 68 158 108
261 86 68 5
607 158 68 5 68 5 68 5 189 68 5 68 5 189
607 158 68 5 68 5 189 68 5
607 158 68 85
607 158 68 5 68 5 68 5 68 5 68 5 68 5 68 5 68 5
85 85
607 158 68 607 158 68 607 158 68 607 158 68 189 68 189 68 5 68 5 68 5 68 5 68 397 68 189

564
85 85
607 158 68 607 158 68 607 158 68 5 68 5 68 5 68 5 68 5 68 5 68 5 68 5 68 5 68 5 68 397 68 397 68 5 68 5 68 5 68 5 68 5 68 5 189
211
85 85
607 479 68 5 68 397 68 397 68 397 68 397
607 158 68 607 158 68 607 158 68 607 158 68 189 68 607 158 68 397 68 189 68 5 68 397 68 189 68 397 68 397 68 397 68 397 68 397 68 397 68 607 158 68 607 158 68 607 158 68 607 158 68 607 158 68 607 158 68 607 158 68 607 158 68 607 158 68 607 158 68 397 68 397 68 397 68 397 68 397 68 397 68 397 68 397 68 397 68 397 68 397 68 397 68 397 68 607 158 108
607 158 68 5 68 5 68 5 68 5 68 5 68 5 68 5 68 5 189 68 5 189
85 85
283 68 5
503 189
607 158 68 607 158 68 607 158 68 397 68 397 68 397 68 5 68 397 68 397 68 5
607 158 68 5 68 397 68 397 68 397 68 397 68 397
607 158 68 607 158 68 607 158 68 607 158 68 397 68 397 68 397 68 397 68 5 68 5 68 397 68 397 68 397 68 397 68 397 68 397 68 397 68 397 68 5 68 397 68 397 68 397 68 397 68 397 68 397 68 397 68 397 68 5 68 5 68 397 68 397 68 397 68 397 68 397 68 397 68 397 68 397 68 5 68 397 68 397 68 5 189 68 397 68 397 68 397 68 397 68 397 68 5
607 158
607 158 68 640 68 640
283 68 5 189
607 158 68 607 158 68 607 158 68 397 68 397 68 397 68 397 68 640
607 158 68 5 68 5 68 5 68 5 68 397 68 397
607 158 68 5 68 5 68 189 68 5 68 397 68 189
240 85
85 85
607 158 68 607 158 68 607 158 68 607 158 68 189 68 5 68 5 68 5 68 5 68 5 68 189 68 189 68 5 68 397 68 397 68 5 68 5 68 5 189
85 359
607 158 68 607 158 68 607 158 68 397 68 397 68 397 68 640
607 158 68 607 158 68 607 158 68 5 68 397 68 5 68 5 68 5 68 5 68 5 68 5 68 397 68 397 68 397 68 397 68 397 68 397 68 397 68 5 68 5 68 397 68 5 68 5 68 397 68 397 68 5 68 397 68 5 68 5 68 5 189 68 5 189 68 397 68 397 68 5 68 397 68 397 68 5 189 68 5 189 68 5 189 68 397 68 397 68 5 189 68 397 68 5 189 211
607 158 68 607 158 68 189 68 189
607 158 68 5 68 5 68 5 68 5 68 397 68 397 68 5
607 158 68 5 68 5 189 68 5 189 68 5 189
607 158 68 607 158 68 607 158 68 607 158 68 397 68 397 68 397 68 397 68 397 68 397 68 397 68 397 68 397 68 397 68 397 68 397 68 397 68 397 68 397 68 397 68 397 68 397 68 397 68 397 68 397 68 397 68 397 68 397 68 397 68 397 68 397 68 397 68 397 68 397 68 397 68 397 68 397 68 397 68 397 68 397 68 397 68 397 68 397 68 397 68 397 68 397 68 5 189
607 158 68 640
607 158 68 5 68 5 68 5 189 68 5 68 5 189 68 5 68 5 189
607 158 68 5 68 397 68 397 68 397 68 397 68 397 68 397
607 158 68 607 158 68 189 68 607 158 68 5 68 189 68 5 68 5 68 5 189 68 5 68 5 189 68 5 68 5 68 189 68 5 68 5 68 5 189
283
607 158 68 64 211
607 158 68 85 68 85
607 158 68 5 68 5 68 5 68 5 68 397 68 5 68 5 68 5 68 5 189
607 158 68 607 158 68 189 68 189 68 189 68 189 68 189 68 5 68 189 68 189 68 5 68 189 68 189 68 550 158 68 189 68 550 158 68 550 158 108 68 5 68 5 68 189 68 607 158 68 607 158 68 607 158 68 607 158 68 607 158 68 5 189 68 189 68 5 68 189 68 189 68 5 68 5 189 68 5 189 68 5 189 189 85 85
261 86 68 5
607 158
607 158 68 5 68 397 68 397 68 397
607 158 68 5 68 5 68 5 68 5 68 397 68 5
283
607 158 68 85
607 158 68 607 158 68 607 158 68 5 68 397 68 189 68 5 68 5 68 5 68 5 68 5 68 189
283
283 68 5 189 68 5
503 158
607 158 68 5 68 5 68 5 68 5 68 397
607 158 68 5 68 5 189 68 5
607 158 68 5 68 5 68 5 68 5 68 397 68 397 68 5
607 158 68 158 68 158 68 189 68 189 68 189 68 189
211
607 479 68 640
211
607 158 68 607 158 68 607 158 68 607 158 68 189 68 607 158 68 5 68 189 68 5 68 5 68 189 68 189 68 397 68 397 68 397 68 397 68 397 68 607 158 108 68 607 158 68 607 158 68 397 68 607 158 68 607 158 68 607 158 68 607 158 68 607 158 189 68 397 68 397 68 397 68 397 68 397 68 5 189 68 397 68 189 68 5 189 68 397 68 397 68 397 68 397 68 607 158 108
607 158 68 607 158 68 607 158 68 607 158 68 189 68 189 68 5 68 189 68 5 68 5 68 189
607 158 68 607 158 68 158 68 189 68 85
283
85 359
607 158 68 5
607 158 68 607 158 68 607 158 68 397 68 397 68 397 68 397 68 397 68 397 68 5 68 397 68 397 68 397 68 397 68 397 68 397
607 158 68 5 68 5 68 5 68 5 68 5 189
607 158 68 5 68 397 68 397
607 158 68 607 158 68 397 68 397 68 397 68 397 68 397 68 397 68 397 68 397 68 397
607 158 68 5 68 5 68 5 68 5 68 397 68 397 68 5
607 158 68 640
607 158 68 5 68 5 68 189 68 5 68 397
607 158 68 607 158 68 607 158 68 5 68 397 68 397 68 5 68 5 68 5 68 5 68 397 68 397 68 397 68 397 68 397 68 397 68 397 68 397
261 86 68 5
607 479
607 158 68 640
211
607 158 68 5 68 5 68 189 68 5 68 189
607 158 68 85
607 158 68 5 68 5 68 5 189 68 5 68 5 189
607 158 68 5 68 397 68 397 68 397 68 397 68 397 68 397 68 397 68 397
283 68 5 108
607 158 68 607 158 68 189 68 5 68 5 68 189
607 158 68 5 68 397
607 158 68 607 158 68 607 158 68 5 68 397 68 397 68 5 68 5 68 5 189
607 158 68 607 158 68 189 68 607 158 68 189 68 189 68 5 68 5 68 189 68 5 68 5 189 68 189 68 5 68 550 158 108 68 5 68 5 68 19 85
283
607 158 68 5
607 158 68 85
607 158 68 5 68 5 68 5 68 5 68 5 68 5 68 5 68 5 68 5 189
283
283
607 158 68 5 68 5 68 5 68 5
607 158 68 5 68 5 68 5 68 397 68 397 68 397 68 5
607 158 68 607 158 68 189 68 607 158 68 397 68 189
85 359
607 158 68 607 158 68 607 158 68 397 68 397 68 397 68 397 68 397 68 397
211 85
607 158 68 5 68 5 68 5 68 5 68 5 68 5 189
607 158 68 5 68 5 189
607 158 68 607 158 68 189 68 607 158 68 5 68 189 68 5 68 5 68 5 189 68 5 68 5 189
607 158 68 607 158 68 607 158 68 5 68 397 68 397 68 5 68 397 68 5 68 5
283 68 5 68 5 68 5 68 5
607 158 68 5 68 5 68 5 68 5 68 5 68 5 68 5 68 5 68 5 189
607 158 108
607 158 68 640
607 158 68 5 68 5 68 5 68 5 68 397 68 397 68 5 68 5 189
607 158 68 607 158 68 158 68 5 68 397 68 397 68 5 68 640
607 158 68 5 68 5 68 5 68 5 68 397 68 397 68 5
607 158 68 5 68 5 68 5 68 5 68 397 68 397 68 5
607 158 68 640
85 85 85
607 158 68 5 68 5 68 189 68 5 68 5 189 68 5 68 5 68 5 189 108 68 5 68 5 189 68 5 68 5 68 5 189 68 5 68 5 189
261 86 68 124
607 158 68 5 68 5 68 5 68 5 68 397 68 397 68 5
607 158 68 5 68 5 68 5 68 5 68 5
607 158 68 5 68 5 68 5 68 5 68 397 68 5 68 5
607 158 68 5 68 5 68 5 189 68 5 68 397
607 158 68 5 68 5 68 5 68 5 68 397 68 397 68 5
85 85
607 158 68 5 68 5 68 5 68 5 68 5 68 5 189 68 5 68 5 189
261 86
211
607 158 68 5 68 5 68 5 68 5 68 5 68 5 189
607 158 68 19 359
607 158 68 607 158 68 607 158 68 397 68 397 68 397 68 397 68 397 68 397 68 5
607 158 68 5 68 5 68 5 68 397 68 397 68 397 68 397
607 158 68 5 68 397 68 397 68 397 68 397 68 397 68 397
607 158 68 5 68 5 68 397
607 479 68 640
564
607 158 68 5 68 5 68 5 189 68 5 68 5 189 68 5 68 5 189
607 479 68 640
607 158 68 607 158 68 607 158 68 397 68 397 68 397 68 397 68 397 68 397 68 5 68 397 68 397 68 397 68 397 68 397
503 158
607 158 68 607 158 68 607 158 68 607 158 68 189 68 189 68 5 68 189 68 189
607 158 68 5 68 5
211
607 158 68 5 68 5 68 5 189 68 5 68 397 68 5
607 158 68 5 68 397 68 397 68 397 68 397 68 397 68 397
240 359
607 158 68 5 68 19 85
64 211
607 158 68 5 68 5 189 68 189
607 158 68 85
607 158 68 5 68 397
85
607 158 68 5 68 5 68 5 68 5 68 5 68 5 68 5 68 5 68 5 189 68 5 68 5 68 5 68 5 68 397 68 397 68 5 68 397 68 5 189
607 158 68 85
607 158 68 607 158 68 189 68 607 158 68 189 68 189 68 5 68 5 68 189 68 5 68 5 68 189 68 189 68 550 158 68 397 68 550 501 68 397 68 607 158 68 607 158 68 607 158 68 607 158 68 607 158 68 607 158 68 607 158 68 607 158 68 607 158 189 68 397 68 397 68 397 68 397 68 397 68 5 68 5 189 68 189 68 5 189 68 397 68 397 68 397 68 397 68 5 189 68
607 158 68 5 68 5 68 5 68 5 68 5 189
607 158 68 5 68 5 68 5 189 68 5 68 5
607 479
607 158 68 607 158 68 607 158 68 5 68 397 68 397 68 5 68 5 68 5 68 5 68 397 68 397 68 397 68 397 68 397 68 397 68 397 68 397 68 5
607 479 68 397 68 397 68 397 68 397
607 158 68 5 68 5 68 5 68 5
607 158 68 5 68 5 68 5 68 5 68 5
607 158 68 607 158 68 397 68 397 68 397 68 397 68 397
607 158 68 5 68 5 68 5 68 397 68 397
607 158 68 5 68 5 68 5 68 5 68 397 68 5 68 5 68 5
283
607 158 68 5 68 5 68 5 68 5 68 397 68 5
607 158 68 241
607 158 68 5 68 5 189 68 5 189 68 397
283
607 158 68 5 68 5 68 5 68 5 68 397 68 5 68 5 68 5
290
240 85
607 158 68 5 68 5 68 5 68 5 68 397 68 397
607 158 68 607 158 68 189 68 189
85 85
607 158 68 5 68 397 68 397 68 397 68 397 68 397
607 158 68 640
607 158 68 607 158 68 607 158 68 5 68 397 68 397 68 5 68 5 68 5 68 5 68 5 68 397 68 397 68 397 68 397 68 397 68 397 68 397 68 5 68 5 68 397 68 607 158 68 397 68 397 68 397 68 397 68 397 68 5 68 5 68 397 68 5 189 68 397 68 397 68 397 68 397 68 397 68 5 189 68 5 189 68 5 189 68 397 68 397 68 5 189 68 397 68 5 189 211
607 158 68 607 158 68 607 158 68 607 158 68 397 68 397 68 397 68 397 68 5 68 5
607 158 68 607 158 68 158 68 5 68 5 68 397 68 5
283 68 5 68 5 68 5 189 68 5
607 158 68 607 158 68 607 158 68 397 68 397 68 397 68 397 68 640
607 158
607 158 68 5 68 5 68 5 68 5
607 158 68 607 158 68 607 158 68 5 68 397 68 397 68 5 68 640
85 359
607 158 68 607 158 68 189 68 189 68 397 68 397
607 158 68 607 158 68 607 158 68 607 158 68 189 68 189 68 5 68 189 68 5 68 5 68 189 68 189 68 550 158 68 189 68 607 158 68 550 158 108 68 607 158 68 607 158 68 607 158 68 607 158 68 607 158 68 607 158 68 607 158 68 607 158 68 607 158 68 607 158 68 189 68 607 158 68 158 108 68 5 68 158 108 68 189 68 607 158 108 68 607 158 68 397 68 607 158 108 68
607 158 68 5 68 5 68 5 68 5 68 5 189
617
607 158 68 5 68 5 68 5 68 5 68 5 189
617
64 211
503 158 108
607 158 68 607 158 68 607 158 68 5 68 5 68 5 68 5 68 5 68 5 189
85 359
85 359
607 158 68 85 68 85
607 158 68 339 68 64 211
607 158 68 5 68 5 68 5 68 5 68 397 68 397 68 5 68 397
564
607 158 68 607 158 68 397 68 397 68 397 68 397 68 397 68 397
607 158 68 5 68 5 68 5 189 68 5
607 158 68 5 68 5 68 5 189
607 479 68 397 68 397
240 359
64 211
607 158 68 5 68 397 68 397 68 397 68 397
607 158 68 607 158 68 607 158 68 607 158 68 189 68 189 68 5 68 189 68 189 68 5 68 189 68 189 68 550 158 68 189 68 607 158 68 550 158 108 68 607 158 68 607 158 68 607 158 68 607 158 68 607 158 68 607 158 68 607 158 68 607 158 189 68 607 158 68 607 158 68 607 158 68 397 68 189 68 5 68 158 108 68 189 68 5 189 68 189 68 607 158 108 68 607 158 108 68
607 158 68 5 68 397 68 397
261 86
617
607 158 68 5 68 397 68 397 68 397 68 397 68 397
607 158 68 607 158 68 607 158 68 607 158 68 189 68 517
607 158 68 241
503 189
283
241 359
607 158 68 5 68 5 189 68 5
503 158
607 158 68 5 189 68 5 189
607 158 68 5 68 5 68 5 68 5
607 158 68 607 158 68 397 68 397 68 640
85 359
261 86
607 158 68 5 68 5 68 5 68 5 68 5 68 5
607 158 68 85
607 158 68 607 158 68 189 68 189 68 189
607 158 68 5 68 5 189 68 5
211
261 86
607 158 68 85
607 158 68 5 68 5 68 5 189 68 5 68 5 189 68 5 68 5 189 68 5 189
607 158 68 5 68 5 68 5 68 5 68 397 68 397 68 5
607 158 68 607 158 68 607 158 68 607 158 68 397 68 5 68 5 68 5 68 5 68 5 68 397 68 5 68 397 68 397 68 397 68 5 68 397 68 5 68 5 68 5 68 5 189
607 158 68 5 68 5 68 5 68 397 68 397 68 397
85 359
339
617
607 158 68 607 158 68 158 68 607 158 68 397 68 397 68 640
211
607 158 68 607 158 68 607 158 68 607 158 68 189 68 189 68 5 68 158 108
607 158 68 85 68 85
64 211
607 158 68 607 158 68 607 158 68 5 68 397 68 397 68 5 68 397 68 397
607 158 68 5 68 5 68 5 68 5 68 5 68 5 189 68 5 68 5 189
503 158
607 158 68 607 158 68 189 68 189 68 189 68 189
607 158 68 607 158 68 189 68 189 68 189 68 189 68 189 68 5 68 189 68 189 68 5 68 189 68 189 68 189 68 189 68 189 68 5 68 550 158 108
389 158 359
607 158 68 607 158 68 607 158 68 5 68 5 68 189 68 5 68 5 68 5 68 5 68 5 68 5 68 5 68 397 68 397 68 5 68 5 68 5 68 5 68 5 68 5 189
607 158 68 5 68 5 189
607 479 68 640
607 158 68 5 68 5 68 5 189 68 5 68 5 189 68 5 68 5 189
607 158 68 5
64 211
607 158 68 5 68 5 68 5 68 5 68 5 189
607 158 68 607 158 68 189 68 189 68 5 68 189
617
607 158 68 5 68 5 189 68 397
607 158 68 85
261 86 68 86
607 158 68 5 68 158 108 68 5 68 5 189 68 19
85 359
240 359
283 68 5 68 5
283
607 158 68 5 68 5 68 5 189 68 5 68 5 189
607 158 68 607 158 68 607 158 68 607 158 68 397 68 397 68 397 68 397 68 397
85 359
607 158 68 607 158 68 607 158 68 397 68 397 68 397 68 397 68 397 68 397 68 5 68 397 68 397 68 397 68 397 68 397 68 397 68 397 68 397
607 158 68 5 68 397 68 189
607 158 68 607 158 68 607 158 68 607 158 68 189 68 189 68 5 68 397 68 5 68 5 68 397 68 189 68 397 68 397 68 397 68 397 68 397 68 397 68 5 68 397 68 607 158
283
607 158 68 5 68 397 68 397 68 397 68 397 68 397
283
607 158 68 19 85 359
607 158 68 5 68 5 68 5 68 5 68 397 68 5
607 158 68 5 68 5 68 5 189 68 5 68 5 189 68 5 68 5 189
617
607 158 68 85 359
607 158 68 5 68 189 68 189
85 85 359
85 85
607 158 68 5 108
85 359
607 158 68 5 68 5 68 5 68 5 68 5 68 5 68 5 68 5 189
607 158 68 5 68 5 68 5 68 5 68 5 68 5 189 68 5 68 5 189
607 158 68 5 68 5 68 5 189 68 5 68 5
607 158 108 68 85 359 68 85 85
607 158 68 5 68 5
607 158 68 607 158 68 607 158 68 397 68 397 68 397 68 397 68 397 68 397 68 5 68 397 68 397 68 397 68 397 68 397 68 397 68 397 68 397 68 397 68 397 68 397 68 397 68 397 68 397 68 397 68 397 68 397 68 397 68 5 68 397 68 397 68 397 68 397 68 397 68 397 68 397 68 397 68 397 68 397 68 397 68 397 68 397 68 397 68 397 68 397 68 397 68 397 68 5
85 359
607 158 68 5 68 189
607 158 68 5 68 5 68 5 68 397 68 397 68 397
389 158
607 158 68 211 68 189 68 189
607 158 68 607 158 68 607 158 68 5 68 397 68 397 68 5 68 5 68 5 68 5
607 158 68 85
607 158 68 5 68 397 68 397 68 397 68 397 68 397 68 397 68 397 68 397
607 158 68 85
607 158 68 5 68 5 68 5 68 5
607 158 68 5 68 5 68 5 68 5 68 5 68 189
607 158 68 640
607 158 68 5 68 5 68 5 189 68 5 68 5
607 158 68 5 68 5 68 5 68 5 68 397 68 5 189
85 85
607 158 68 5 68 5 189 68 5
607 158 68 5 68 19 85
607 158 68 607 158 68 607 158 68 607 158 68 189 68 607 158 68 397 68 189 68 607 158 68 397 68 189 68 550 501 68 397 68 397 68 397 68 397 68 607 158 68 607 158 68 607 158 68 607 158 68 607 158 68 607 158 68 607 158 68 607 158 68 607 158 68 607 158 68 397 68 397 68 397 68 397 68 397 68 397 68 397 68 397 68 397 68 397 68 397 68 397 68 397 68 607 158 108
389 158 108
607 158 68 5 68 5 68 5 68 397 68 397 68 397 68 5 68 397 68 397
607 158 68 5 68 5
607 158 68 5 68 5 68 5 68 5 68 397
85 85
607 158 68 607 158 68 189 68 189 68 189 68 189
607 158 68 5 68 5 68 5 189 68 5 68 5 189 68 5 68 5 189
607 158 68 5 68 5 189 68 5
607 158 68 64 211 68 397
607 158 68 5 68 5 68 5 189 68 5 68 5 189 68 5 68 5 189
607 158 68 339
85 85 85
283 68 5 68 5
261 86 68 5
607 479 68 640
283 68 5 68 5 68 5
283
607 158 68 5 68 397 68 397 68 397 68 397 68 397 68 397
607 158 68 5 68 189
607 158 68 5 68 5 68 5 189 68 5 189 68 5 189
607 158 68 607 158 68 607 158 68 607 158 68 397 68 397 68 397 68 397 68 5 68 5 68 397 68 397 68 397 68 397 68 397 68 397 68 397 68 397 68 5
607 158 68 5 68 5 68 5 68 5 68 5 68 5 189
607 158 68 607 158 68 607 158 68 5 68 397 68 5 68 5 68 5 68 5 189
607 158 68 5 68 5 68 5 68 5 68 397 68 397 68 5 68 397 68 5 68 5
607 158 68 5 68 5 68 5 68 5 68 5 68 5 68 5
261 86 68 397
607 158 68 5 68 5 68 5 68 5 68 5 68 5
617
261 86
607 158 68 5 68 5 68 5 68 5
607 158 68 5 68 5
607 158 68 607 158 68 607 158 68 5 68 397 68 397 68 5 68 397 68 397
607 158 68 5 68 5 68 5 68 5 68 397 68 397 68 5
617
607 158 68 5 68 5 68 5 68 5 68 5 68 5 189 68 5 68 5 189
607 158 68 607 158 68 607 158 68 607 158 68 189 68 5 68 5 68 397 68 5 189 68 5 68 189
283
607 158 68 640
607 158 68 5 68 5 189
389 158
290 359
617
607 158 68 85 359 68 85
607 158 68 607 158 68 189 68 5 68 5 68 189 68 5 68 5 68 5 189 68 5 68 5 68 189 68 5 68 5 68 189
607 158 68 5 68 397
607 158 68 5 68 5 189 68 5
64 211
607 158 68 607 158 68 189 68 607 158 68 189 68 189 68 5 68 5 68 5 189 68 5 68 189 68 189 68 5 68 397 68 189 68 5 68 5 68 5 189
607 158 68 5 68 397 68 397 68 640
607 158 68 5 68 5 68 5 189 68 5 68 5 189
607 158 68 607 158 68 607 158 68 607 158 68 189 68 607 158 68 640 68 189
607 479 68 397 68 397
261 86 68 5
607 158 68 607 158 68 607 158 68 607 158 68 397 68 397 68 640
607 158 68 607 158 68 607 158 68 5 68 397 68 397 68 5 68 5 68 5 68 5 68 397 68 397 68 397 68 397 68 397 68 397 68 640
607 158 68 607 158 68 607 158 68 607 158 68 189 68 397 68 5 68 397 68 5 68 5 68 397 68 189 68 397 68 397 68 397 68 397 68 397 68 397 68 5
607 158 68 5 68 397 68 397 68 397
261 86 68 397 68 397
479
607 158 68 5 68 5 68 5 68 5 68 5 68 5 68 5 68 5 189 68 5 189 68 5 68 5 189
607 158 68 607 158 68 607 158 68 607 158 68 189 68 5 68 5 68 5 68 5 68 5 68 189 68 189 68 5 68 397 68 189 68 5 68 5 68 5 68 5 68 5 68 607 158 68 607 158 68 607 158 68 5 68 5 68 5 68 5 68 5 189 68 5 189 68 5 68 189 68 5 68 5 68 5 189 68 5 189 68 5 189 189 68 5 189 68 189 68 5 189 68 5 189 68 5 189
607 158 68 5 68 397 68 397
211 149
607 158 68 5 68 5 68 5 68 5 68 397 68 5
607 158 68 85
607 158 68 607 158 68 189 68 397 68 397 68 397
607 158 68 5 68 5 189 68 5 189
607 158 68 5
607 158 68 5 68 5 68 5 189
607 158 68 5 68 5 189
607 158 68 5 68 5 68 5 68 5 68 397 68 5 68 5 68 5
607 479 68 640
240 85
241 359
283
607 158 68 5 68 5 68 5 68 5 68 5 189 68 5 68 5
211 189
607 158 68 607 158 68 189 68 189 68 5 68 189 68 5 68 5 68 189
607 158 68 5 189
607 158 68 241
607 158 68 5 68 5 68 5 68 5 68 397 68 397 68 5
607 158 68 607 158 68 607 158 68 607 158 68 189 68 189 68 5 68 189 68 189 68 5 68 189 68 189 68 607 158 68 189 68 607 158 68 607 158 108 68 607 158 68 607 158 68 607 158 68 607 158 68 607 158 68 607 158 68 607 158 68 607 158 68 607 158 68 607 158 68 189 68 607 158 68 189 68 607 158 108 68 158 108 68 607 158 108 68 189 68 607 158 68 607 158 108 68 607
607 158 68 607 158 68 607 158 68 607 158 68 189 68 397 68 5 68 397 68 5 68 5 68 397 68 397 68 397 68 397 68 397 68 397 68 397 68 397 68 607 158 68 397 68 607 158 68 397 68 397 68 607 158 68 397 68 607 158 68 607 158 68 397 68 607 158 68 397 68 397 68 397 68 397 68 397 68 5 189 68 397 68 397 68 397 68 397 68 397 68 397 68 397 68 397 68 5
607 158 68 85 68 85
607 158 68 5 68 5 68 5 68 5 68 5 68 5 68 5 68 5
607 158 68 5 68 5 68 5 189 68 5 68 5
85
607 158 108
607 158 68 5 68 5 68 5 68 5 68 5 68 5
607 158 68 607 158 68 607 158 68 5 68 5 68 5 68 5 68 5 68 5 68 5 68 5 68 5 68 5 68 5 68 397 68 5 68 5 68 5 68 5 68 5 68 5 189
607 158 68 85
607 158 68 640
607 158 68 5 68 5 68 5 68 5 68 397 68 5 189 68 5 68 5 189
607 158 68 640 68 397
607 158 68 607 158 68 189 68 5 68 5 68 5 189 68 5 68 5 189
607 158 68 640
607 158 68 211
607 158 68 5 68 5 68 5 68 5 68 397
607 158
607 158 68 607 158 68 607 158 68 5 68 397 68 397 68 5 68 5 68 5 189 68 5 68 397 68 5 68 397 68 397 68 397 68 5 68 397 68 5 189
607 158 68 607 158 68 607 158 68 607 158 68 189 68 5 68 5 68 5 68 5 68 5 68 397 68 189 68 397 68 397 68 397 68 5 68 397 68 5 68 5 68 5 68 607 158
85 85 359
211
607 158 68 5 68 5 68 5 189
607 158 68 5 68 5 68 5 68 5 68 5 189 68 5 68 5 68 5 189
607 158 68 5 68 5 68 5 189 68 5 68 5 189
290
607 158 68 607 158 68 607 158 68 5 68 397 68 397 68 5 68 5 68 5 189
607 158 68 607 158 68 607 158 68 5 68 397 68 5 68 5 68 5 68 5 68 5 68 5 68 397 68 5 68 397 68 397 68 5 68 397 68 397 68 5 68 5 68 5 189
607 158 68 5 108
607 158 68 607 158 68 607 158 68 397 68 397 68 397 68 397 68 397 68 397 68 5
85 85 85 85
607 158 68 5 68 5 68 5 68 5 68 397 68 5 68 5 68 5
283
607 158 68 607 158 68 189 68 189 68 85 68 189 68 85
503 189
607 158 68 607 158 68 189 68 189
607 158 68 607 158 68 607 158 68 397 68 397 68 397 68 5 68 397 68 397 68 5 68 397 68 397 68 397 68 397 68 397 68 397
607 158 68 5 68 5 189 68 5 68 397
607 158 68 607 158 68 607 158 68 397 68 397 68 397 68 5 68 5 68 5 189 68 5 68 397 68 397 68 397 68 397 68 397 68 397 68 397 68 397
241
607 158 68 5 68 5 68 5 68 5 68 5
607 158 68 607 158 68 607 158 68 5 68 397 68 5 68 5 68 5 68 5 189
607 158 68 5 68 5 68 5 68 5 68 397 68 397
607 158 68 607 158 68 607 158 68 397 68 397 68 397 68 5 68 397 68 397 68 5 68 397 68 397 68 397 68 397 68 397 68 397 68 397 68 397 68 5
564
607 158 68 85
607 158 68 640
607 158 68 397 68 397
607 158 108
607 158 68 5 68 5 68 5 68 5 68 5
607 158 68 5 68 5 68 5 68 5 68 397 68 5
607 158 68 5 68 5 68 5 189 68 5 68 5 189
607 158
607 158 68 5 68 397 68 397 68 397 68 397 68 397 68 397 68 397
261 86
607 158 68 5 68 5 68 5 189 68 5 68 5 189 68 5 68 5 189
607 479 68 397 68 397
607 158 68 85
607 158 68 5 68 5 68 5 189 68 5 68 5 189
64 85 359
389 158 108
607 158 68 607 158 68 607 158 68 397 68 397 68 397 68 397 68 640
607 158 68 640
283
607 158 68 607 158 68 189 68 189 68 189 68 189 68 189
607 158
607 158 68 5 68 5 189 68 189
607 158 68 5 68 5 68 5 68 5 68 397 68 5 68 5
503 189
64 211
607 158 68 607 158 68 189 68 189 68 189 68 189
607 158 68 85 359 68 85 359
85 85 85
607 158 68 607 158 68 607 158 68 397 68 397 68 397 68 397 68 640
617
240 359
607 158 68 5 68 397 68 397 68 397 68 397 68 397 68 397
283 68 5 68 5
607 158
85 85
607 158 68 5 68 640
607 158 68 5 68 5 68 5 68 5 68 5 68 5
617
607 158 68 5 68 5 68 5 68 5 68 5
607 158 68 5 68 5 189
607 158 68 5 68 5 68 5 189 68 5 68 189
607 158 68 5
607 158 68 607 158 68 607 158 68 5 68 397 68 397 68 5 68 397 68 5 68 5
607 158 108 68 85 359
389 158
607 158 68 607 158 68 607 158 68 607 158 68 189 68 189 68 5 68 189 68 189 68 5 68 189
607 158 68 5 68 5 68 5 68 5 68 397 68 5 68 5 68 5 189
607 158 68 5 68 5 68 5 68 5 68 5 68 5 68 5 68 5 68 5 189 68 5 68 5 189 68 5 68 5 68 397 68 5 68 5 68 5 189
607 158 68 5 68 5 68 5 68 5 68 5 68 5 68 5 68 5 189
607 158 68 5 189 68 397
283 68 5 68 5 189 68 5 189
85 85 359
211
283
607 158 68 607 158 68 189 68 189 68 189 68 189
607 158 68 607 158 68 607 158 68 5 68 397 68 397 68 5 68 5 68 5 189
607 158 68 5 68 5 68 5 189 68 397 68 397
607 158 68 5
617
607 158 68 5 68 5 68 5 68 5 68 5 68 5 189 68 5 68 5 189 68 5 189 68 5 189 68 5 68 5 68 5 189 68 5 68 5 189
607 158 68 5 68 5 189
607 158 68 607 158 68 607 158 68 607 158 68 189 68 189 68 5 68 5 68 5 68 5 68 189 68 189 68 5 68 397 68 189 68 5 68 397 68 607 158 108 68 607 158 68 607 158 68 607 158 68 607 158 68 607 158 68 607 158 68 607 158 68 607 158 189 68 397 68 189 68 397 68 397 68 397 68 5 189 68 5 189 68 5 189 68 397 68 397 68 5 68 397 68 5 189 68 5
607 158 68 607 158 68 189 68 397 68 397 68 397
607 158 68 607 158 68 607 158 68 607 158 68 189 68 5 68 5 68 5 68 5 68 5 68 5 189 68 5 68 397 68 397 68 5 68 5 68 397 68 5 68 5 68 5 189
607 158 68 607 158 68 607 158 68 607 158 68 189 68 5 68 5 68 5 68 5 68 5 68 189 68 189 68 550 158 68 397 68 550 158 68 550 158 108
607 158 68 5 68 5 68 5 68 5 68 397 68 5
607 158 68 607 158 68 189 68 189 68 5 68 189 68 5
607 158 68 5 68 19 359
617
607 158 68 607 158 68 607 158 68 5 68 397 68 397 68 5 68 640
211 149
607 158
607 158 68 85 359
607 158 68 607 158 68 397 68 397 68 397 68 397 68 397
607 158 68 5 68 5 68 5 68 5 68 5 68 5 68 5 68 5 68 5 189
607 158 68 5 68 5 68 5 189 68 5 68 5 189
607 158 68 5 68 5 68 397 68 397 68 397 68 397 68 397 68 397
283 68 5 68 5 68 5 68 5
607 158 68 5 68 5 189 68 5 189 68 5 189 68 5 189
607 158 68 5 68 640
607 158 68 5 68 5 68 5 68 5
607 158 68 5 68 397 68 397 68 397 68 397 68 397
607 158 68 5 68 5 68 189
607 158 68 607 158 68 607 158 68 5 68 397 68 189 68 5 68 5 68 5 189
607 158 68 5 68 5 68 5 68 5 68 397 68 5
607 158 68 607 158 68 189 68 189
607 158 68 5 68 5 68 397 68 397 68 397 68 397 68 397 68 397
607 158 68 5 68 397
607 158 68 5 68 5 68 189 68 5 68 5 189
607 158 68 607 158 68 189 68 5 68 5 68 189 68 5 68 5 68 5 189 68 5 68 5 189 68 189 68 5 68 397 68 397 68 5 68 5 68 5 189
607 158 68 5 68 5 68 5 68 5 68 5 68 5 189 68 5 68 5 189 68 5 189 68 5 189
85
607 158 68 5 68 5 68 5 68 5 68 397 68 397 68 5
607 158 68 5 68 189 68 189 68 189
503 158
617
607 158 68 5 68 5 68 5 68 5
607 479 68 397 68 397
283
283 68 5 68 5
607 158 68 5 68 5 68 5 68 5 68 5 189 68 5 68 5
211
607 158 68 158 68 158 68 189 68 189 68 189
607 158 68 607 158 68 607 158 68 607 158 68 397 68 397 68 397 68 397 68 5 68 5 68 397 68 397 68 397 68 397 68 397 68 397 68 397 68 397 68 5
261 86 68 397 68 397
607 158 68 5
607 158 68 607 158 68 607 158 68 5 68 397 68 189 68 5 68 5 68 5 68 5 68 5 68 397 68 397 68 397 68 397 68 397 68 397 68 397 68 5 68 5 68 397 68 5 68 397 68 397 68 397 68 5 68 397 68 5 68 5 68 5 68 5 189 68 5 68 397 68 397 68 397 68 397 68 5 189 68 5 189 68 5 189
211 85
607 158 68 607 158 68 189 68 189
283 68 5 68 5
607 158 68 5 68 5 68 5 68 5 68 5 68 5 189 68 5 68 5 189
607 158 68 5 68 397 68 397 68 640
607 158 68 5 68 19 85
607 158 68 5 68 5 68 5 68 5 68 5 68 5 68 5 68 5 68 5 189
564
607 158 68 607 158 68 607 158 68 607 158 68 189 68 607 158 68 397 68 189 68 607 158 68 189 68 189 68 550 158 68 397 68 550 158 68 550 158 68 607 158 68 607 158 68 607 158 68 607 158 68 607 158 68 607 158 68 607 158 68 607 158 68 607 158 68 607 158 68 397 68 607 158 68 397 68 158 108
607 158 68 607 158 68 607 158 68 607 158 68 189 68 5 68 5 68 5 68 5 68 5 68 397 68 189
607 158 68 5 68 5 189 68 5 189
564
85
503 189
607 158 68 5 68 5 68 5 68 5 68 5 189 68 5 68 5 68 5 189
85 359
261 86
607 158 68 5 68 5 68 5 68 5 68 5 68 5 68 5 68 5
607 158 68 607 158 68 189 68 189 68 5 68 189 68 189 68 5 68 19 85
607 158 68 607 158 68 189 68 607 158 68 189 68 189 68 5 68 5 68 189
211 108
607 158 68 607 158 68 189 68 189 68 397 68 189
607 158 68 5 68 5 189 68 5 189 68 5 189 68 5 189 68 5 189 108
607 158 68 5
85 359
607 158 68 5 68 5 68 5 68 5 68 5 68 5 68 5 68 5 68 5 189
607 158 68 640 68 640
607 158 68 85 359
607 158 68 5 68 5 189
64 211
607 158 68 607 158 68 397 68 397 68 397 68 397 68 397 68 397 68 397
607 158 68 5 68 640 68 397 68 640
607 158 68 85 68 189 68 189
607 158 68 5 68 5 68 5 68 5 68 397 68 5 68 5 68 5 189 68 5 189 68 5 68 397 68 5 68 397 68 397 68 5 68 397 68 397 68 5
617
64 211
607 158 68 5 68 397 68 397 68 397
607 158 68 5 68 158 108
389 158
607 158 68 607 158 68 607 158 68 5 68 397 68 397 68 5 68 5 68 5 189 68 5 68 397 68 5 68 397 68 397 68 397 68 5 68 397 68 5 189
283
564
283 68 5 68 5 68 5 68 5
607 158 68 5 68 5 68 5 68 5 68 397 68 5 68 5 68 5 189
283
607 158 68 607 158 68 189 68 607 158 68 5 68 189 68 5 68 5 68 5 189 68 5 68 5 189 68 5 68 5 68 5 68 5 68 5 68 5 189
607 158 68 85
607 158 68 5 68 5 68 5 68 5 68 397 68 397 68 5 68 397 68 397
607 158 68 607 158 68 607 158 68 607 158 68 189 68 5 68 5 68 5 68 5 68 5 68 397 68 189 68 397 68 397 68 397 68 397 68 397 68 5 68 5 68 607 158 68 607 158 68 607 158 68 607 158 68 607 158 68 607 158 68 607 158 68 607 158 189 68 397 68 397 68 397 68 397 68 397 68 5 189 68 397 68 5 189 68 5 189 68 397 68 397 68 397 68 397 68 5 189
607 158 68 640
607 158 68 5 68 5 68 5 68 5 68 397 68 5
607 158 68 5 68 5 189
607 158 68 607 158 68 397 68 397 68 397 68 397 68 397 68 640
85 85 85
85 359
564
607 158 68 19 85 359
607 158 68 5 68 5 68 5 68 5 68 397 68 397 68 5 68 397 68 397 68 5 68 397 68 397
607 158 68 5 68 189 68 189 68 5
607 158 68 607 158 68 189 68 607 158 68 189 68 189 68 5 68 5 68 158 108 68 5 68 189 68 189 68 5 68 550 158 108
607 158 68 5 68 5 68 5 68 397 68 397 68 397 68 5 68 397
607 158 68 5 68 5 68 5 68 397
261 86 68 5 68 5 68 5 68 397
607 158 68 607 158 68 189 68 607 158 68 397 68 397
211
261 86
607 158 68 5 68 5 68 5 189 68 5 68 5 189
564
389 158
607 158 68 5 68 5 68 5 68 5 68 397 68 189
607 158 68 607 158 68 607 158 68 607 158 68 189 68 5 68 5 68 397 68 5 68 5 68 397 68 189
607 158 68 5 68 5 68 5 68 5
607 158
607 479 68 640
607 158 68 5 68 5 68 5 68 5 68 397 68 397 68 5 68 397
607 158 68 5 68 5 68 5 68 5 68 5 68 5 68 5 68 5 189 68 5 189
607 158 68 607 158 68 189 68 5 68 5 68 189 68 5 68 5
607 158 68 5 68 5 68 5 68 5
283
607 158 68 607 158 68 607 158 68 607 158 68 397 68 397 68 397 68 397 68 5 68 5
607 158 68 5 68 5 68 5 68 5 68 397 68 397 68 5 68 397 68 5 68 5
607 158 68 5 68 5 68 5 68 5 68 5 68 5
617
607 158 68 607 158 68 189 68 189 68 5 68 189 68 189 68 5 68 5 189
607 158 68 5 189
607 158 68 607 158 68 607 158 68 397 68 397 68 397 68 397 68 397 68 397 68 397 68 397 68 397 68 397 68 397 68 397 68 397 68 397 68 397
607 158 68 607 158 68 189 68 189 68 189 68 189
607 158 68 5 68 5 189 68 5 189
85 359
607 158 68 5 68 397 68 397 68 397 68 397
283 68 5
283
607 479 68 397 68 397
607 158 68 607 158 68 189 68 189 68 189 68 189
607 158 68 5 68 5 68 5 189 68 5 68 5 189
211
283
261 86 68 124
607 158 68 607 158 68 607 158 68 607 158 68 189 68 5 68 5 68 5 68 5 68 5 68 397 68 189 68 397 68 397 68 397 68 5 68 397 68 5 68 5 68 5 68 607 158 118
607 158 68 607 158 68 397 68 397 68 397 68 397 68 397 68 640
85 359
389 158
607 158 68 640
64 211 68 241
607 158 68 5 68 5 68 5 68 5 68 397 68 397 68 5
607 479 68 640
607 158 68 85 359 68 85
607 158 68 5 68 5 68 5 68 5 68 5 68 5 189 68 5 68 5 189
283
607 158 68 5 68 397 68 397 68 397 68 397 68 397
607 158 68 607 158 68 607 158 68 607 158 68 189 68 607 158 68 640 68 189
607 158 68 607 158 68 189 68 607 158 68 189 68 189 68 607 158 68 189
607 158 68 607 158 68 607 158 68 5 68 5 68 5 68 5 68 5 68 5 68 5 68 5 68 397 68 5 68 397 68 397 68 5 68 5 68 5 68 5
283 68 5 68 5
359 359
607 158 68 607 158 68 607 158 68 607 158 68 189 68 397 68 5 68 397 68 5 68 5 68 397 68 189
607 158 68 607 158 68 189 68 189 68 85
283
283 68 5 68 5 189 68 5
607 158 68 5 68 5 68 5 189 68 5 68 397 68 5 68 5
607 158 68 607 158 68 158 68 607 158 68 85
607 158 68 85
283 68 5 108
607 158 68 85
85 85 359
607 158 68 607 158 68 607 158 68 5 68 5 68 189 68 5 68 5 68 5 189 68 5 68 5 68 189 68 5 68 397 68 5 68 5 68 5 68 5 189
607 158 68 5 68 5 68 5 189 68 5 68 5 189 68 5 68 5 189
389 158
607 158 68 607 158 68 607 158 68 607 158 68 189 68 397 68 640
607 158 68 5 68 5 189 68 85
85 85 359
607 158 68 607 158 108 68 85 68 85
607 158 68 5 68 5 68 5 189 68 5 68 397 68 5 68 5
503 189
607 158 68 5 68 5 68 5 68 5 68 5 68 5 189 68 5 68 5 189
607 158 68 5 68 5 68 5 68 397 68 397 68 397 68 5 68 397 68 397
607 158 68 5 68 5 68 5 68 397 68 397 68 397 68 5 68 397 68 397
607 479 68 640
607 158 68 5 68 5 68 5 68 5 68 397 68 5 189
64 211
607 158 68 5 68 5 68 5 189 68 5 68 5 189 68 5 68 5 108
607 158 68 5 68 5
607 158 68 64 211
607 158 68 607 158 68 607 158 68 5 68 5 68 189 68 5 68 5 68 5 68 5 68 5 68 189
283
607 158 68 5 68 5 68 5 68 5
607 158 68 5 68 397 68 397 68 397
607 158 68 607 158 68 189 68 189 68 189
607 158 68 5 68 5 68 5 189 68 5 68 397
607 158 68 5 68 397 68 397 68 397 68 397 68 397
607 158 68 5 68 5 68 5 68 5 68 5 68 5 189
607 158 68 607 158 68 189 68 517
607 158 68 5 68 158 108
211 85 359
607 158 68 5 68 5 68 5 68 5 68 5 68 5 68 5 68 5 189
607 158 68 640
64 211
607 158 108 68 85 85 85 85
607 158 68 607 158 68 339
607 158 68 607 158 68 189 68 189 68 189 68 189
607 158 68 5 68 397 68 397 68 397 68 397 68 397 68 397
261 86
283 68 5 68 5 68 5 68 5
359 359
607 158 68 607 158 68 607 158 68 607 158 68 189 68 5 68 5 68 5 68 5 68 5 68 5 189
607 158 68 607 158 68 397 68 397 68 397 68 397 68 397 68 640
607 158 68 607 158 68 607 158 68 607 158 68 607 158 68 607 158 68 397 68 607 158 68 397 68 397 68 607 158 68 397 68 397 68 397 68 397 68 607 158 68 607 158 68 607 158 68 607 158 68 607 158 68 607 158 68 607 158 68 607 158 68 607 158 68 607 158 68 397 68 397 68 397 68 397 68 397 68 5 68 397 68 397 68 607 158 68 397 68 397 68 397 68 397 68 607 158 108
211
607 158 68 607 158 68 158 68 607 158 68 397 68 397 68 640
607 158 68 5 68 5 68 5 68 5 68 397 68 5 68 5
211
607 158 68 607 158 68 189 68 189 68 397 68 189
607 479 68 397 68 397
503 189
607 158 68 607 158 68 607 158 68 607 158 68 397 68 5 68 5 68 397 68 5 68 5 68 397 68 397 68 397 68 397 68 397 68 397 68 397 68 397 68 5 68 397 68 397 68 607 158 68 397 68 397 68 397 68 397 68 397 68 5 68 397 68 397 68 5 189 68 397 68 397 68 397 68 397 68 397 68 5 189 68 397 68 5 189 68 397 68 397 68 397 68 397 68 397 68 5 189
607 158 68 607 158 68 607 158 68 397 68 397 68 397 68 640
64 211
607 158 68 607 158 68 607 158 68 607 158 68 397 68 397 68 5 68 397 68 5 68 5 68 397 68 397 68 397 68 397 68 397 68 397 68 397 68 397
607 158 68 5 68 397 68 397 68 397
283 68 5
607 158 68 85
607 479 68 397 68 397
607 158 68 5 68 5 189
607 158
607 158 68 607 158 68 607 158 68 607 158 68 397 68 397 68 640
389 158
607 158 68 5 68 5 68 189 68 5
607 158 68 85
607 158 68 5 68 5 68 189
607 158 68 5 68 5 189 68 5 189
211 85
607 158 68 607 158 68 189 68 640
607 158 68 5 68 5 68 5 68 5 68 5 68 5 68 5 68 5 68 5 189 68 5 68 5 189
607 158 68 607 158 68 607 158 68 607 158 68 397 68 397 68 397 68 397 68 5 68 5 68 397 68 397 68 397 68 397 68 397 68 397 68 397 68 397 68 5
85
261 86 68 86
85 359
607 158 68 5 68 5 68 5 68 5 68 5
607 158 68 5 68 5 189 68 5
211
607 158
64 211
607 158 68 5 68 5 189 68 5 189 68 5 189
283 68 5 68 5 189 68 5 189
607 158 68 5 68 5 68 5 68 5
607 158 68 5 68 397 68 397 68 397
607 158 68 5 68 5 68 5 68 5 68 397 68 5 68 5
607 158 68 85 359
607 479 68 5
607 158 68 607 158 68 397 68 397 68 397 68 397 68 397
607 158 68 5 68 5 68 5 68 5 68 397 68 5 68 5 68 5 68 5 189
607 158 68 64 211 68 397 68 397
607 158 68 5 68 5 189
85 85 359
607 158 68 607 158 68 189 68 189 68 5 68 189 68 5 68 5
607 158 68 85
607 158
283 68 5 68 5
240
607 158 68 607 158 68 189 68 5 68 397 68 397 68 5 68 640
607 158 68 607 158 68 607 158 68 607 158 68 397 68 397 68 397 68 397 68 397 68 397 68 397
283 68 5 68 5
607 158 68 607 158 68 189 68 189 68 5 68 189 68 5 68 5 68 19 85
607 158 68 607 158 68 607 158 68 607 158 68 189 68 189 68 5 68 397 68 5 68 5 68 397 68 189 68 397 68 397 68 397 68 397 68 397 68 397 68 5 68 397 68 607 158 68 607 158 68 397 68 607 158 68 397 68 607 158 68 607 158 68 607 158 68 397 68 397 68 397 68 397 68 397 68 397 68 5 68 397 68 397 68 5 189 68 397 68 397 68 397 68 397 68 5 189 68
86
607 158 68 5
607 158 68 640
607 158 68 607 158 68 158 108 68 85
607 158 68 5 68 5 68 5 68 5 68 397 68 397 68 5
85 85 85
86
607 158 68 85
607 158 68 607 158 68 607 158 68 5 68 5 68 189 68 5 68 5 68 5 189 68 5 68 5 189 68 5 68 5 68 397 68 5 68 5 68 19 85
607 158 68 607 158 68 397 68 397 68 397 68 397
503 189
261 86
607 158 68 607 158 68 189 68 5 68 5 68 189 68 5 68 5 68 5 189
261 86
607 158 68 607 158 68 397 68 397 68 397 68 397 68 397 68 397
607 158 68 5 68 5 68 397 68 397 68 397 68 397
607 158 68 607 158 68 397 68 397 68 397 68 397 68 397
283
607 158 68 5 68 5 68 5 68 397 68 397
607 158 68 607 158 68 607 158 68 397 68 397 68 397 68 640
607 158 68 607 158 68 189 68 189
607 158 68 607 158 68 607 158 68 5 68 397 68 397 68 5 68 5 68 5 68 5 68 397 68 397 68 397 68 397 68 397 68 397 68 397 68 397 68 5
607 158 68 5 68 5 68 5 68 5 68 5 189
607 158
389 158 118
607 158 68 5 68 5 68 5 68 5 68 5
607 158 68 5 68 5 68 5 68 5 68 397 68 189
607 158 68 5 68 5 68 5 189 68 5 68 5 189
617
607 158 68 607 158 68 607 158 68 607 158 68 397 68 397 68 5 68 397 68 5 68 5 68 397 68 397 68 397 68 397 68 397 68 397 68 397 68 397 68 5 68 397 68 607 158
607 158 68 607 158 68 607 158 68 607 158 68 397 68 397 68 397 68 397 68 5 68 397 68 397
607 158 68 5 68 5 68 5 68 5 68 5 189
607 158 68 5 68 5 68 5 68 5 68 397 68 5
607 158 68 607 158 68 607 158 68 5 68 397 68 397 68 5 68 640
607 158 68 607 158 68 189 68 607 158 68 397 68 397
283 68 5 68 5 68 5 68 5
607 158 68 85 85 359 68 85
564
607 158 68 5 68 5 68 5 68 5 68 397 68 397 68 5 68 5 68 5 189
607 158 68 5 68 397
211 108
261 86 68 5
607 158 68 85 359
607 158 68 5 68 5 68 5 68 5 68 5 68 5 189
211 85
607 158 68 85
607 158 68 5 68 5 68 5 68 5 68 397 68 5
607 158 68 607 158 68 607 158 68 397 68 397 68 397 68 397 68 640
607 158 68 339 68 339 68 85
607 158 68 5 68 5 68 5 68 5 68 5 68 5 68 5 68 5
607 158 68 5 68 5 68 5 68 5 68 5 68 5 189 68 5 68 5 189
607 158 68 5 68 19 85
607 158 68 85 359
607 158 68 5 68 5 68 5 68 5 68 5 68 5
607 158 68 5 68 397
607 479 68 397
607 158 68 85 359
241 359
607 158 68 607 158 68 189 68 189 68 5
607 158 68 5 68 5 68 5 68 5 68 397 68 397 68 5 68 5 189
607 158 68 5 68 5 68 5 68 5 68 397 68 397 68 5
211
85 85
283
607 158 68 607 158 68 607 158 68 607 158 68 397 68 5 68 5 68 397 68 5 68 5 68 397 68 397 68 397 68 397 68 397 68 397 68 397 68 397 68 5 68 397 68 397 68 607 158 68 397 68 397 68 397 68 397 68 5 68 5 68 397 68 397 68 5 189 68 397 68 397 68 397 68 397 68 397 68 5 189 68 397 68 5 189 68 397 68 397 68 397 68 397 68 397 68 5 189
607 158 68 5 68 397 68 397
607 158 68 5 68 397 68 397
240 85
607 158 68 5 68 5 68 5 68 5 68 5 189
85 359
85 359 359
283 68 5 68 5
85 359
389 158 108
607 158 68 5 68 397 68 397 68 397 68 397 68 397 68 397 68 397 68 397
607 158 68 5 68 5 68 5 68 5 68 5 68 5 189 68 5 68 5 189
503 189 68 5
503 189
85 359 68 85 359
607 158 68 5
607 158 68 5 68 5 68 5 68 5 68 5 68 5 68 5 68 5 189
389 158 118
607 158 68 158 68 189 68 189 68 189 68 189
211
607 158 68 5 68 5 189 68 189
607 158 68 607 158 68 607 158 68 5 68 5 68 189 68 5 68 5 68 5 68 5 68 5 68 189 68 5 68 550 158 68 189 68 5 68 5 68 5 68 5 68 5 68 5 189 68 5 68 397 68 607 158 68 5 68 5 68 5 68 5 68 5 189 68 5 189 68 5 189 68 5 68 5 68 5 189 68 5 189 68 158 108
607 158 68 640
607 479 68 397
607 158 68 607 158 68 189 68 189 68 5 68 189
607 158 68 5 68 397 68 397 68 397
607 158 68 85
389 158 118
607 158 68 85
617
607 158 68 5 68 5 68 5 68 5 68 397 68 397
607 158 68 5
607 158 68 607 158 68 607 158 68 607 158 68 189 68 607 158 68 397 68 189 68 607 158 68 189 68 189 68 550 158 68 397 68 607 158 68 397 68 607 158 68 607 158 68 607 158 68 607 158 68 607 158 68 607 158 68 607 158 68 607 158 68 607 158 189 68 607 158 68 189 68 397 68 397 68 397 68 607 158 108 68 158 108
607 158 68 85
607 158 68 5 68 5 68 5 68 397 68 397 68 397 68 5
607 158 68 5 68 5 68 5 68 5 68 5 189 68 5 68 5 68 5 189
607 158 68 5 68 5 68 5 68 397 68 397 68 397 68 5
211
283 68 5 68 5 68 5 189
85 359
607 158 68 5 68 397 68 397
607 158 68 5 68 5 68 5 189 68 5 68 5 189
607 158 68 607 158 68 607 158 68 5 68 5 68 189 68 5 68 5 68 5 189 68 5 68 5 68 189
607 158 68 607 158 68 189 68 189 68 85
240 359
564
389 158
211
86
607 158 68 5 68 397 68 397 68 397 68 397
607 158 68 5 68 5 189 68 189
283
607 158 68 5 68 5 68 5 68 5 68 397 68 397
607 158 68 607 158 68 607 158 68 5 68 397 68 397 68 5 68 397 68 397 68 5 68 397 68 397 68 397 68 397 68 397 68 397 68 397 68 397
86
607 158 68 607 158 68 607 158 68 607 158 68 397 68 397 68 640
211
607 158 68 5 68 397 68 397 68 397
85 359
607 158 68 85 359
607 158 68 5 68 5 68 5 68 5 68 397 68 397
607 158
85 85 85
607 158 68 5 68 5 68 5 189 68 5 68 5 189 68 5 68 5 189
607 158 68 5 68 397 68 397 68 397 68 397 68 397
607 158 68 607 158 68 189 68 189 68 189
607 158 68 607 158 68 189 68 189 68 189 68 189
607 158 68 640 68 640
607 158 68 640
607 158 68 607 158 68 607 158 68 607 158 68 397 68 397 68 397 68 397 68 397 68 397 68 397 68 397 68 397 68 397 68 397 68 397 68 640
607 158 68 5 68 397 68 397
607 158 68 607 158 68 189 68 189 68 5 68 189 68 5 68 5
240 359
607 158 68 607 158 68 607 158 68 5 68 397 68 189 68 5 68 5 68 5 68 5 68 5 68 189 68 5 68 397 68 397 68 397 68 397 68 397 68 5 68 5 68 5 189
617
607 158 68 5 68 640
211
607 158 68 5 68 5 68 5 68 5 68 397 68 397 68 5 68 397 68 397
283
607 158 68 5 68 5 68 5 68 5 68 397 68 397 68 5 68 397
607 158 68 640
607 158 68 607 158 68 189 68 189 68 189 68 189
617
607 158 68 5
607 158 68 5 68 5 68 5 68 5 68 397 68 397 68 5
607 158 68 607 158 68 189 68 607 158 68 5 68 189 68 5 68 5 68 5 189 68 5 68 5 189 68 5 68 397 68 397 68 5 68 5 68 5 189
283 68 5 68 5 189 68 5 189
564
617
607 158 68 607 158 68 607 158 68 5 68 5 68 5 68 5 68 5 68 5 68 5 68 5 68 5 68 5 68 397 68 397 68 5 68 5 68 5 68 5
503 189
607 158 68 607 158 68 339 68 607 158 68 189 68 189
124
607 158 68 5 68 5 68 5 189 68 5 68 5 189 68 5 68 5 189
607 158
607 158 68 5 68 5 68 5 189 68 397 68 397 68 5 68 5 68 397 68 5 189
607 158 68 5 68 5 68 5 189 68 5
389 158
607 158 68 5 68 5 68 5 189
607 158 68 5 68 397 68 189
607 158 68 607 158 68 189 68 189 68 189 68 189 68 189 68 5 68 189 68 189 68 5 68 189 68 189 68 550 501 68 189 68 550 501 68 550 501 68 5 68 5 68 607 158 68 607 158 68 397 68 607 158 68 607 158 68 607 158 68 5 68 189 68 189 68 5 68 397 68 189 68 397 68 397 68 189 68 5 68 5 189 68 189 68 5 189 68 189 68 5 68 397 68 5 189 68 5
85 359
607 158 68 607 158 68 189 68 5 68 5 68 189 68 5 68 5 68 5 189
607 158 68 5 68 5 68 5 68 5 68 397 68 5 68 5 68 5 68 5 68 5 68 5 68 397 68 5 68 397 68 397 68 397 68 397 68 397 68 5 68 5 68 397 68 5 68 5 68 397 68 397 68 5 68 397 68 5 68 5 68 5 68 5 189
607 158 68 5 68 5 68 5 68 5 68 5 68 5 189 68 5 68 5 189 68 5 189 68 5 189
261 86 68 397 68 397
607 158 68 640
607 158 68 5 68 397 68 397 68 397
607 158 68 5 68 397 68 397
607 158 68 5 68 19 85 359
607 158 68 5 68 5 68 5 68 5 68 5
283
503 158
607 158 68 5 68 397 68 397 68 397 68 640
283
607 158 68 5 68 5 189 68 189
607 158 68 5 68 5 68 5 68 5 68 397 68 5 189
607 158 68 607 158 68 607 158 68 5 68 397 68 397 68 5 68 397 68 5
607 158 68 5 68 5 68 5 68 5 68 397 68 5 68 5 68 5
86
607 158 68 5 68 5 68 5 189 68 5 68 5 189
607 158 68 5 68 5 68 5 68 5 68 5 189
503 189
607 158 68 5 68 5 68 5 68 5 68 5
607 158 68 607 158 68 607 158 68 397 68 397 68 397 68 397 68 397 68 397
607 479 68 241 359
607 158 68 5
389 158 108
283 68 5 68 397
607 158 68 5 68 5 68 5 68 5 68 397 68 5 68 5 68 5
261 86 68 124
389 158 108
211
503 189
607 158 68 607 158 68 607 158 68 5 68 5 68 5 68 5 68 5 68 5 189 68 5 68 5 189
389 158
261 86 68 397 68 397
607 158 68 607 158 68 189 68 189
607 158 68 607 158 68 607 158 68 397 68 397 68 397 68 397 68 397 68 397 68 397 68 397 68 397 68 397 68 397 68 397 68 397 68 397 68 397
607 158 68 5 68 397 68 397 68 397 68 397 68 397
389 158 108
85 359
283 68 5 68 5
85 359
607 158 68 607 158 68 607 158 68 5 68 397 68 397 68 5 68 5
607 158
607 158 68 5 68 5 189 68 5 189 68 5 189
261 86 68 5 68 5
607 158 68 607 158 68 607 158 68 607 158 68 189 68 189 68 5 68 189 68 189 68 5 68 189 68 189 68 550 501 68 397 68 550 501 68 397 68 607 158 68 607 158 68 607 158 68 607 158 68 607 158 68 607 158 68 607 158 68 607 158 68 607 158 68 607 158 68 397 68 189 68 397 68 397 68 189 68 5 68 397 68 189 68 5 68 397 68 397 68 397 68 397 68 397 68 5 68
607 158 68 607 158 68 607 158 68 397 68 397 68 397 68 5 68 397 68 397
261 86
607 479
607 158 68 85 359
389 158 118
607 158 68 5 68 5 68 5 68 397 68 397 68 397 68 397
607 158 108 68 85 359
607 158 359
607 158 68 85 359 68 85
607 158 68 607 158 68 607 158 68 607 158 68 189 68 5 68 5 68 5 68 5 68 5 68 5 189 68 5 68 550 158 68 189 68 5 68 397 68 19 85
85 85
607 158 68 5 68 5 68 5 68 5 68 5 68 5
607 158 68 607 158 68 607 158 68 607 158 68 397 68 397 68 640
211 108
607 158 68 607 158 68 607 158 68 397 68 397 68 397 68 5 68 397 68 397 68 5
607 158 68 5 68 5 189 68 189
607 158 68 5 68 5 68 5 68 5 68 5 68 189
261 86 68 5
607 158 68 5 68 5 68 5 68 5 68 397 68 5 189 68 5 68 5 189
607 158 68 607 158 68 607 158 68 607 158 68 189 68 189 68 5 68 5 68 5 68 5 68 397 68 189 68 397 68 397 68 397 68 5 68 397 68 607 158 108
607 158 68 607 158 68 607 158 68 5 68 397 68 5 68 5 68 5 68 5 68 5 68 5 68 397 68 5 68 397 68 397 68 397 68 640
607 158 68 607 158 68 397 68 397 68 397 68 397 68 397 68 397 68 397 68 397
607 158 68 607 158 68 607 158 68 5 68 397 68 397 68 5 68 397 68 397 68 5
607 158 68 607 158 68 189 68 189 68 517
64
283
607 158 68 640
85 85
85 85 359
607 158 68 5 68 5 68 189 68 5 68 5 189
607 158 68 607 158 68 607 158 68 5 68 397 68 5 68 5 68 5 68 5 189
607 158 68 517
564
607 158 68 5 68 5 68 5 189 68 5
607 158 68 5 68 5 68 5 68 5 68 397 68 5 68 5 68 5 68 5 189
607 158 68 5 68 5 68 189 68 5 68 5 189
607 158 68 607 158 68 189 68 5 68 5 68 5 68 5 68 5 68 5 189 68 5 68 5 68 189 68 5 68 5 68 397 68 5 68 5 68 5 189
607 158 68 5 68 5 68 5 68 5 68 397 68 397 68 5 68 397 68 397
607 158 68 607 158 68 607 158 68 397 68 397 68 397 68 397 68 397 68 397
607 158 68 5 68 5 68 397 68 397 68 397 68 397 68 397 68 397
617
607 158 68 5 68 5 68 5 68 5 68 397 68 397 68 5
283
607 158 68 5
607 158 68 607 158 68 607 158 68 5 68 5 68 5 68 5 68 5 68 5 189 68 5 68 5 189
607 158 68 5 68 5 68 5 68 5 68 5 68 5 189 68 5 68 5 189
240 85
607 158 68 607 158 68 607 158 68 607 158 68 189 68 189 68 5 68 5 68 5 68 5 68 189 68 189 68 5 68 397 68 189 68 5 68 5 68 5 68 5 68 5 68 607 158 68 607 158 68 607 158 68 607 158 68 607 158 68 5 68 5 189 68 607 158 189 68 189 68 189 68 5 68 5 68 5 189 68 5 189 68 189 68 5 189 68 5 189 68 5 68 5 189 68 5 189 68
283 68 5 68 5 189 68 158
261 86
607 158 68 5 68 5 189 68 5 189 68 5
607 158 68 5 68 5 68 5 68 5 68 5 68 5 68 5 68 5 189
607 158 68 5 68 5 68 5 68 5 68 397 68 5 68 5
607 158 68 607 158 68 607 158 68 397 68 397 68 397 68 5 68 397 68 397 68 5
85
607 158 68 158 108 68 158 108
607 158 68 5 68 5 68 5 68 5 68 397 68 5
240 359
607 158 68 5 68 5 68 5 68 5 68 397 68 397 68 5 68 397 68 5 68 5 68 397 68 397
283
607 158 68 5 68 5 68 5 189 68 5 68 5 189 68 5 68 5 189 108
283 68 5 68 5 68 5 68 5 68 5
607 158 68 64 211 68 397 68 397 68 397
607 158 68 5 68 5 68 5 68 5 68 5 68 5 68 5 68 5 189
607 158 68 5 68 5 68 5 68 5 68 397 68 397 68 5
564
607 158 68 5 68 5 68 189 68 397 68 397
607 158 68 5 68 5 68 5 68 5 68 5 68 5 189 68 5 68 5 189 68 5 68 5 68 5 189
86
607 158 68 517 68 397 68 397
607 158 68 640
607 158 68 5 68 5 68 5 68 5 68 5 68 5 189
607 158
607 158 68 5 68 397 68 397
211 149
283 68 5
607 158 68 607 158 68 189 68 607 158 68 397 68 189
607 479 68 640
607 158 68 607 158 68 158 68 189 68 5 68 189
389 158
564
607 158 68 5 68 5 68 189 68 5 68 5 189 68 5 68 5 68 5 189 68 5 189 68 5 189
607 158 68 5 68 5 189 68 189
607 158 68 5 68 5 189 68 5 68 5
607 158 68 607 158 68 607 158 68 607 158 68 189 68 397 68 640
607 158 68 5 68 5 68 5 68 5 68 5
607 158 68 5 68 5 68 5 68 5 68 5 68 5 189 68 5 68 5 189
64 211
85
607 158
607 158 68 5 68 5 68 5 68 5 68 397 68 5 68 5 68 5
607 158 68 5 68 5 68 5 68 5 68 397 68 5 68 5 68 5 68 5 68 5
607 158 68 5 68 5 68 5 68 5 68 5 68 5 68 5 68 5 189
359
607 158 68 5 68 5 68 5 68 5
240 85
607 158 68 85 68 85
607 158 68 607 158 68 189 68 189 68 397 68 189
283
607 158 68 607 158 68 607 158 68 5 68 5 68 189 68 5 68 5 68 5 68 5 68 5 68 189
389 158 359
607 158 68 85 359
283 68 5 68 5
607 158 68 5 68 5 68 5 68 5 68 5 68 5 189
607 158 68 5 68 5 68 5 189
503 189
211
607 158 68 607 158 68 189 68 607 158 68 189 68 189 68 5 68 5 108
85 359
503 158
607 158 68 5 68 5 68 5 68 5 68 5
607 158 68 607 158 68 607 158 68 607 158 68 189 68 5 68 5 68 5 68 5 68 5 68 397 68 189 68 397 68 397 68 397 68 5 68 397 68 5 68 5 68 5 68 607 158 118
607 158 359
85 359
607 158
564
607 158 68 5 68 397
607 158 68 5 68 5 68 189 68 5 68 5 189 68 5 68 5 68 5 189
211 85
607 158 68 607 158 68 607 158 68 5 68 397 68 397 68 5 68 397 68 5
503 189
607 158 68 517
211 108
503 189
503 189 68 5
607 158 68 640 68 640
607 158 68 5 68 158 108 68 189 68 5 189 68 189
261 86 68 397
607 158 68 5 68 5 68 5 68 5 68 5
85 85 85
503 158
607 158 68 607 158 68 607 158 68 607 158 68 189 68 5 68 5 68 5 68 5 68 5 68 397 68 189 68 397 68 397 68 397 68 5 68 397 68 5 68 5 68 5 68 607 158
607 158 68 607 158 68 607 158 68 607 158 68 189 68 5 68 5 68 19 85
607 158 68 607 158 68 189 68 189 68 189
283 68 5
389 158 359
85 359
607 158 68 5 68 5 68 5 68 5 68 5 68 5 189 68 5 68 5 189
607 158 68 5 68 5 189
85 359
607 158 68 607 158 68 189 68 607 158 68 397 68 189 68 5 68 640 68 189
607 158 68 607 158 68 607 158 68 607 158 68 189 68 5 68 5 68 5 68 5 68 5 68 397 68 189 68 397 68 397 68 397 68 5 68 397 68 5 68 5 68 5 68 607 158 68 607 158 68 397 68 607 158 68 397 68 607 158 68 5 68 607 158 189 68 5 68 397 68 397 68 397 68 397 68 397 68 5 189 68 397 68 5 189 68 397 68 397 68 5 189 68 397 68 5 189 359
607 158 68 5 68 5 68 5 68 5 68 397 68 5 189
283 68 5
564
240 85
607 158 68 5 68 5 68 189
607 158 68 5 68 158 108 68 5 68 5 68 19
607 158 68 5 68 5 68 5 189 68 5
607 158 68 607 158 68 397 68 397 68 397 68 397
607 158 68 5 68 158 108 68 5 68 5
85 359
607 158 68 85
283 68 5 68 5 68 5 189 68 5 189
607 158 68 5 68 5 68 5 189 68 5 68 5 189 68 5 68 5 189
283
64 211
389 158 359
607 158 68 607 158 68 607 158 68 5 68 397 68 397 68 5 68 5
389 158 108
607 158 68 607 158 68 158 68 607 158 68 397 68 397 68 640
261 86
607 158
607 158 68 158 108 68 158 108
85 85 85
607 158 68 607 158 68 607 158 68 5 68 5 68 189 68 5 68 5 68 5 68 5 68 5 68 189 68 5 68 397 68 397 68 5 68 5 68 5 68 5 68 5 68 5 189
607 158
607 158 68 640
607 158 68 5 68 5 68 397 68 397 68 397 68 397 68 397 68 397 68 397 68 5
85 359
211
607 158 68 5 68 5 189 68 5 68 5
607 158 68 5
607 158 68 5 68 5 68 397 68 397 68 397 68 397 68 397
607 158 68 5 68 5 68 5 68 5 68 5 189
607 158 68 607 158 68 397 68 397 68 397 68 397 68 397 68 640
607 158 68 5 68 5 68 189 68 5 68 5 189
211
85 359
607 158 68 607 158 68 189 68 607 158 68 189 68 189 68 607 158 68 85 68 85
283 68 5
607 158 68 5 68 5 68 5 68 5 68 5 68 5
607 158 68 5 68 5 68 5 68 397 68 397 68 397 68 5 68 397
85
607 158 68 85 359
607 158 68 607 158 68 158 108
607 158 68 85
607 158 68 85 359
607 158 68 607 158 68 189 68 189 68 5 68 189 68 5 68 5 68 5 189 68 5 68 5 68 189
503 158
607 158 68 607 158 68 189 68 189
607 158 68 5 68 5 68 5 68 5 68 5
607 158 68 5 68 5 68 189 68 5 68 189
85 359
607 158 68 5 68 397 68 397 68 397 68 397 68 397 68 397 68 397 68 397
607 158 68 607 158 68 189 68 189
607 158 68 607 158 68 607 158 68 5 68 5 68 5 68 5 68 5 68 5 189 68 5 68 5 189
607 158
86
607 158 68 5 68 397 68 397
607 158 68 5 68 5 68 5
607 158 68 607 158 68 397 68 397 68 397 68 397
64 211
607 158 68 607 158 68 189 68 607 158 68 189 68 189 68 5 68 5 68 5 68 5 68 5 68 189 68 189 68 397 68 189 68 5 68 5 68 5 68 5 68 5 68 5 189
607 158 68 5 68 5 68 5 68 5 68 397 68 397
607 158 68 5 68 5 68 5 68 5 68 397 68 397 68 5 68 5 189
607 158 68 64 211
607 158 68 5 189
607 158 68 5 68 5
503 158 108
607 158 359
607 158 68 5 68 5 68 5 68 5 68 5
607 158 68 158 68 158 68 158 108 68 189 68 189
389 158 108
607 158 68 339
389 158 108
389 158
607 158 68 607 158 68 607 158 68 607 158 68 189 68 5 68 5 68 5 68 5 68 5 68 189 68 189 68 5 68 397 68 189 68 5 68 5 68 5 68 5 68 5 68 607 158 189 68 607 158 68 607 158 68 607 158 68 607 158 68 607 158 68 607 158 189 68 397 68 397 68 5 68 397 68 397 68 5 189 68 5 189 68 5 189 68 5 189 68 5 189 68 5 189 68 5 189 68
607 158 68 607 158 68 607 158 68 607 158 68 397 68 397 68 640
85 85 359
240 359
607 158 68 607 158 68 607 158 68 607 158 68 397 68 397 68 397 68 397 68 397 68 397 68 397 68 397 68 397 68 397 68 397 68 397 68 397 68 397 68 397 68 397 68 397 68 607 158 68 397 68 397 68 397 68 397 68 607 158 68 397 68 397 68 397 68 397 68 397 68 397 68 397 68 397 68 397 68 397 68 397 68 397
607 158 68 5 68 189 68 189
607 158 68 607 158 68 189 68 189 68 189 68 189 68 189
607 158 68 5 68 5 68 5 68 5 68 5 189 68 5 68 5 68 5 189
211
607 158 68 607 158 68 607 158 68 607 158 68 189 68 189 68 5 68 397 68 189 68 5 68 397 68 189 68 550 501 68 397 68 550 501 68 397 68 607 158 68 607 158 68 607 158 68 607 158 68 397 68 607 158 68 607 158 68 607 158 68 607 158 68 607 158 68 397 68 397 68 397 68 397 68 397 68 397 68 397 68 397 68 397 68 397 68 397 68 397 68 397 68 397 68 607 158 108
607 158 68 607 158 68 397 68 397 68 397 68 397 68 397 68 397 68 397 68 397
607 158 68 5
607 158 68 607 158 68 189 68 607 158 68 189 68 189
564
607 158 68 85 68 85 85 85 68 85
607 158 68 607 158 68 607 158 68 607 158 68 189 68 607 158 68 397 68 189 68 5 68 397 68 189 68 397 68 397 68 397 68 397 68 397 68 397 68 607 158 68 607 158 68 607 158 68 397 68 397 68 607 158 68 397 68 607 158 68 607 158 68 607 158 68 397 68 397 68 397 68 397 68 397 68 397 68 5 68 397 68 397 68 5 189 68 397 68 397 68 397 68 397 68 397 68 5
607 158 68 5 68 5 68 5 189 68 5 68 5 189
607 158 68 5 68 5 68 5 68 5 68 5 68 5 68 5 68 5 189
607 158 68 607 158 68 607 158 68 607 158 68 189 68 5 68 5 68 397 68 5 68 5 68 397 68 189
607 158 68 5 68 5 68 5 68 5 68 5 68 5 68 5
607 158 68 5 68 5 189 68 5 189 68 5
261 86 68 5
607 158 68 5 68 5 68 5 68 5 68 5 68 5 189 68 5 68 5 189 68 5 189 68 5 189
607 158 68 5 68 5 68 5 68 5 68 5 68 5 68 5 68 5 68 5 189
607 158 68 5 68 5
607 158 68 85
211
607 158 68 607 158 68 397 68 397 68 397
607 158 68 5 68 5 68 5 68 5
283 68 5
607 158 68 5 68 5 68 5 68 397 68 397 68 397 68 5 68 397
86
397
607 158 68 607 158 68 607 158 68 607 158 68 397 68 397 68 397 68 397 68 5
85

607 158 68 640
607 158 68 607 158 68 189 68 189 68 189 68 189 68 189 68 5 68 189 68 189 68 5 68 189 68 189 68 550 158 68 211
607 158 68 5 68 5 189 68 5
607 158 68 5 108
211 108
607 158 68 5 68 397 68 397 68 397 68 397 68 397
607 158 68 607 158 68 607 158 68 607 158 68 189 68 607 158 68 397 68 189 68 5 68 397 68 189 68 397 68 397 68 397 68 397 68 397 68 397 68 607 158 68 607 158 68 607 158 68 607 158 68 607 158 68 607 158 68 607 158 68 607 158 68 607 158 189 68 397 68 397 68 397 68 397 68 397 68 397 68 397 68 397 68 397 68 397 68 397 68 397 68 397 68 397 68 607 158 108
607 158 68 607 158 68 607 158 68 607 158 68 189 68 5 68 5 68 5 68 5 68 5 68 397 68 189 68 550 158 68 397 68 397 68 397 68 397 68 5 68 5 68 607 158 108
607 158 68 5 68 397 68 397
607 158 68 19 85
607 158 68 607 158 68 607 158 68 397 68 397 68 397 68 5 68 397 68 397 68 5
564
607 158 68 607 158 68 607 158 68 5 68 5 68 5 68 5 68 5 68 5 189 68 5 68 5 68 5 68 5 68 397 68 5 68 5 68 5 68 5 189
607 158 68 5 68 5 68 5 68 5 68 5 68 5 189 68 5 68 5 189
607 158 68 607 158 68 607 158 68 397 68 397 68 397 68 397 68 640
86
85 85 85 359
389 158
607 158 68 85
283
607 158 68 5 68 5 68 5 68 5 68 5 189
85 359
389 158
607 158 68 5 68 5 68 5 68 5 68 397 68 5 189
607 158 68 85 68 85 68 85
607 158 68 607 158 68 607 158 68 607 158 68 397 68 397 68 640 68 640
607 158 68 5 68 5 68 5 68 5 68 397 68 397 68 5
607 158
607 158 68 5 68 5 68 397 68 397 68 397 68 397 68 5 68 397 68 397
607 158 68 5 68 5 68 5 68 5 68 397
607 158 68 5 68 5 68 5 189
607 158 68 5 68 5 68 5 68 5 68 397 68 397 68 5
607 158 68 607 158 68 607 158 68 5 68 397 68 397 68 5 68 5 68 5 68 5
617
503 189
607 158 68 5 68 5 68 5 68 5 68 397 68 397 68 5
503 189
607 158 68 607 158 68 607 158 68 607 158 68 189 68 5 68 5 68 5 68 5 68 5 68 397 68 189 68 397 68 397 68 397 68 5 68 397 68 5 68 5 68 5 68 607 158 68 607 158 68 397 68 607 158 68 397 68 607 158 68 5 68 397 68 607 158 68 397 68 397 68 397 68 397 68 397 68 5 189 68 5 189 68 5 189 68 397 68 397 68 5 68 397 68 397 68 5 189
607 158
85 359
607 158 68 607 158 68 189 68 189 68 189 68 189
607 158 68 5 68 5 68 189 68 5 68 189
389 158 108
607 479 68 640
211 108
607 158 68 158 108
283 68 5 68 5 189 68 5 189
607 158 68 607 158 68 607 158 68 5 68 397 68 5 68 5 68 5 68 5 68 5 68 5 68 397 68 5 68 397 68 397 68 5 68 640
607 158 68 607 158 68 189 68 607 158 68 5 68 189 68 5 68 5 68 5 189 68 5 68 189 68 189 68 5 68 397 68 189 68 5 68 5 189
607 158 68 5 68 5 68 5 68 5 68 397 68 5 68 5
607 158 68 85 359 68 85
211 189
607 158 68 5 68 5 68 5 68 5 68 397 68 5 189
607 158 68 607 158 68 607 158 68 607 158 68 397 68 397 68 640 68 640
607 158 68 85
607 158 68 607 158 68 189 68 607 158 68 397 68 189
607 479 68 5
607 158 68 5
607 158 68 5 68 5 68 5
564
607 158 68 5 68 397 68 397 68 397 68 397 68 397 68 397 68 397 68 397
607 158 68 607 158 68 607 158 68 397 68 397 68 397 68 5 68 397 68 5 189 68 5 68 397 68 397 68 397 68 397 68 397 68 397 68 397 68 397
85 85
607 158 68 5 68 5 68 5 189 68 5 68 397
85 85
607 479 68 5 68 397
607 158 68 607 158 68 158 68 607 158 68 64 211
607 158 68 5 68 5 189 68 5
607 158 68 607 158 68 607 158 68 5 68 397 68 397 68 5
607 158 68 607 158 68 189 68 397 68 397 68 397 68 397
607 158 68 5 68 189 68 189
607 158 68 5 68 5 68 5 68 5 68 5 189 68 5 189 68 5 189
607 158 68 607 158 68 189 68 5 68 5 68 189
607 158 68 607 158 68 189 68 607 158 68 189 68 189 68 5 68 5 68 5 68 5 68 5 68 189 68 189 68 397 68 397 68 5 68 5 68 5 68 5 68 5 68 5 189 68 5 68 5 68 607 158 68 5 68 5 68 5 68 5 68 5 189 68 5 189 68 5 68 189 68 5 68 5 68 5 189 68 5 189 68 5 189 189 211 189 68 5 189 68 5 189 68 5 189 68 5 189
607 158 68 5 68 5 68 5 68 397 68 397 68 397
607 158 68 607 158 68 607 158 68 607 158 68 189 68 189 68 5 68 189 68 189 68 5 68 189 68 189 68 5 68 397 68 189 68 5 68 5 68 607 158 108 68 607 158 68 607 158 68 607 158 68 607 158 68 607 158 68 607 158 68 607 158 68 607 158 189 68 607 158 68 189 68 5 68 397 68 189 68 5 189 68 189 68 189 68 5 189 68 189 68 5 189 68 5 189 68 607 158
240 359
607 158 68 607 158 68 607 158 68 607 158 68 189 68 189 68 607 158 68 189 68 607 158 68 189 68 189 68 550 158 68 189 68 550 158 68 550 158 108 68 607 158 68 607 158 68 607 158 68 607 158 68 607 158 68 607 158 68 607 158 68 607 158 108 68 607 158 68 189 68 189 68 607 158 68 158 108 68 158 108 68 158 108 68 607 158 108 68 189 68 607 158 68 607 158 108 68 607
607 158 68 5
607 158 68 5 68 5 68 5 68 5 68 5 189
607 158 68 85
389 158 359
607 158 68 607 158 68 397 68 397 68 397
261 86
607 158 68 5 68 5 68 5 68 5 68 5
607 158 68 607 158 68 607 158 68 607 158 68 189 68 607 158 68 397 68 189 68 607 158 68 397 68 189 68 550 501 68 550 158 68 550 501 68 550 158 68 607 158 68 607 158 68 607 158 68 607 158 68 607 158 68 607 158 68 607 158 68 607 158 68 607 158 68 397 68 397 68 607 158 68 397 68 397 68 607 158 68 397 68 607 158 68 397 68 397 68 607 158 68 397 68 607 158 108
607 479
211
607 158 68 5 68 5 68 5 68 5 68 5
607 158 68 5 68 19 85
607 158 68 607 158 68 189
389 158 108
607 158 68 5 68 5 68 5 68 5 68 5 68 5 68 5
617
617
607 158 68 607 158 68 607 158 68 5 68 397 68 397 68 5 68 5 68 5 189
211
607 158 68 5 68 5 68 5 68 5 68 397 68 397 68 5 68 397 68 5 189
607 158 68 607 158 68 189 68 189 68 189 68 189
564
607 158 68 5 68 5 68 5 68 5 68 397 68 5
607 158 68 607 158 68 189 68 189 68 85
211
283 68 5 68 5 68 5 68 5 68 5
211
607 158 68 5 68 5 68 5 68 5 68 397 68 5 189 68 5 68 5 189
607 158 68 5 68 397 68 397
283 68 5 68 5 68 5 189 68 5
607 158 68 85
283
283 68 5 68 5
607 479 68 640
607 158 68 607 158 68 189 68 5 68 5 68 189 68 5 68 5 68 5 189
607 158 68 607 158 68 607 158 68 397 68 397 68 397 68 5 68 397 68 397 68 5
607 158 68 607 158 68 607 158 68 397 68 397 68 397 68 640
607 479 68 640
607 158 68 5 68 5 68 5 189 68 5 68 397 68 5
503 189
607 158 68 607 158 68 607 158 68 397 68 397 68 397 68 397 68 640
607 158 68 5 68 5 68 5 68 5 68 5 68 5 68 5 68 5 68 5 189 68 5 68 5 189
607 158 68 607 158 68 189 68 607 158 68 189 68 189 68 5 68 5 68 158 108 68 5 68 189 68 189 68 550 158 68 189 68 550 158 68 19 85

283
607 158
617
211 85
607 158 68 85
607 158 68 607 158 68 189 68 640
85 359
607 158 68 5 68 5 68 5 68 5 68 397 68 5 68 5 68 5 68 5 68 5 68 5 68 397 68 5 68 397 68 397 68 397 68 397 68 397 68 5
607 158 68 5 68 5 68 5 68 5 68 5
607 158 68 607 158 68 189 68 607 158 68 189 68 189
607 158 68 5 68 5 68 5 68 5 68 397 68 397
607 158 68 607 158 68 607 158 68 607 158 68 397 68 397 68 397 68 397 68 397 68 397 68 397 68 397 68 550 501
607 158 68 5 68 5 68 5 68 5 68 5 68 5 189 68 5 68 5 189 68 5 189 68 5 189
607 158 68 5 68 5 68 5 68 5 68 5 189
607 158 68 607 158 68 189 68 189 68 5 68 189
607 158 68 607 158 68 189 68 189 68 189 68 189
607 158 68 5 68 5 68 189 68 5 68 189
607 158 68 607 158 68 607 158 68 607 158 68 189 68 5 68 5 68 5 68 5 68 5 68 5 68 189 68 5 68 397 68 397 68 5 68 5 68 5 68 5 68 5 68 5 189 68 5 68 397 68 607 158 68 5 68 5 68 5 68 5 68 5 189 68 5 189 68 397 68 5 68 5 68 5 189 68 5 189 68 5 189 189 189 68 5 189 68 5 189 68 5 68 5 189 68 5 189
240 359
607 158 68 5 68 5 68 189
607 158
607 158 68 85
607 158 68 640
607 158 68 5 68 5 68 5 68 5 68 5 68 5 68 5 68 5 189
211
283
607 158 68 85 359
607 158 68 5 68 5 189 68 5 68 5
607 158 68 5 68 5 68 5 68 5 68 5 189 68 5 68 5 68 5 189
607 158 68 5 68 5 68 5 68 5 68 5 68 5 189
283 68 5
607 158 68 607 158 68 607 158 68 607 158 68 397 68 397 68 397 68 397 68 397
607 158 68 607 158 68 189 68 607 158 68 397 68 189 68 607 158 68 85
503 189
607 158 68 5 68 5 68 397 68 397 68 397 68 397 68 397 68 640
607 158 68 607 158 68 607 158 68 5 68 5 68 5 68 5 68 5 68 5 189
261 86
607 158 68 5 68 5 189
503 189
564
607 158 68 5 68 5 68 5 189
607 158 68 5 68 5 68 5 68 5 68 397 68 397 68 5
389 158 108
283
607 158 68 5 68 5 68 5 68 5 68 397 68 5 68 5 68 5 68 5 189 68 5 68 397 68 5 68 397 68 397 68 397 68 5 68 397 68 5 189
607 158 68 640
283
607 158 68 5 68 5 68 5 68 5 68 5 189
607 158 68 5 68 397
607 158 68 607 158 68 607 158 68 5 68 5 68 5 68 5 68 5 68 5 189 68 5 68 5 68 5 68 5 68 397 68 397 68 5 68 397 68 5 189
607 158 68 5 68 5 68 5 189 68 5 68 5 189
607 158 68 5 68 397 68 397 68 397 68 397 68 397 68 397 68 397
64 211
607 158 68 5 68 397 68 397 68 397 68 397 68 397 68 397 68 397 68 397
607 158 68 607 158 68 607 158 68 607 158 68 189 68 5 68 5 68 5 68 5 68 5 68 189 68 189 68 397 68 397 68 397 68 5 68 397 68 5 68 5 68 5 68 607 158 189 68 607 158 68 607 158 68 607 158 68 607 158 108 68 607 158 189 68 607 158 68 397 68 397 68 397 68 397 68 5 189 68 5 189 68 158 108
19 359
607 158
607 158 68 5
607 158 68 5 68 5 68 5 68 5 68 5 68 5 189
607 158 68 5 68 5 68 5 68 5
607 158 68 5 68 5 68 5 68 5 68 5
85 359
607 158 68 607 158 68 607 158 68 607 158 68 189 68 189 68 5 68 158 108
607 158 68 5 68 5 68 5 189 68 5
607 158 68 5 68 158 108 68 5 68 640
607 158 108 68 85 85 85 85 85
607 158 68 5 68 5 68 5 189 68 5 68 5 189
607 158 68 5 68 5 68 5 68 5 68 5 68 5 68 5 68 5 68 5 189
607 479 68 397 68 397 68 397 68 397
607 158 68 5 68 5 68 397 68 397 68 397 68 397 68 397
607 479 68 640
211 85
607 158 108 68 85 359
607 158 68 5 68 5 68 5 68 5
607 158 68 607 158 68 189 68 607 158 68 397 68 189 68 5 68 5 68 5 189
607 158 68 5 68 5 68 5 68 5 68 397 68 5 189
389 158
607 158 68 5 68 5 189 68 5
607 158 68 5 68 5 68 5 189 68 5 68 397 68 5 68 5 68 5 189
85 85 359
607 158 68 5 68 5 68 5 68 5 68 5
607 158 68 607 158 68 397 68 397 68 397 68 397 68 397 68 640
607 158 68 607 158 68 397 68 397 68 397 68 397 68 397 68 397 68 397 68 397
607 158 68 607 158 68 607 158 68 607 158 68 189 68 607 158 68 640 68 158 108
607 158 68 607 158 68 607 158 68 607 158 68 189 68 5 68 5 68 5 68 5 68 5 68 189
607 158 68 5 68 397 68 397
607 158 68 5 68 5 68 5 68 5 68 397 68 5 189
617
607 158 68 607 158 68 189 68 189 68 5 68 189 68 5 68 5
607 158 68 5 68 5 189 68 5 189 68 397
607 158 68 5 68 5 68 5 68 5 68 397 68 397 68 5
607 158 68 607 158 68 607 158 68 397 68 397 68 397 68 397 68 397 68 397 68 5 68 397 68 397
85 359
389 158 108
607 158 68 607 158 68 189 68 189 68 5 68 189
607 158 68 5 68 5 68 5 68 5 68 397 68 397
607 158 68 5
607 158 68 607 158 68 189 68 189 68 189
607 158 68 19 359
607 158 68 607 158 68 607 158 68 5 68 397 68 397 68 5 68 397 68 5 189
607 158 68 607 158 68 607 158 68 397 68 397 68 397 68 397 68 397 68 397 68 5 68 397 68 397 68 397 68 397 68 397
607 158 68 5 68 5 68 5 68 397 68 397
607 158 68 158 108 68 85
607 158 68 5 68 397 68 397
607 158 68 5 68 5 68 5 189
85 359
607 158 68 5 68 19 85
261 86 68 5
607 158 68 5 68 5 68 397 68 397 68 397 68 397 68 397
211
607 158 68 85
607 158 68 607 158 68 607 158 68 607 158 68 189 68 189 68 5 68 158 108
607 158 68 85
64
607 158 68 5 68 5 68 5 68 5 68 5 68 5 68 5 68 5 189 68 5 189
607 158 68 607 158 68 607 158 68 5 68 5 68 5 68 5 68 5 189 68 5 189
607 158 68 5 189
607 158 68 5 68 5 68 189 68 5 68 5 68 189 68 5 68 5 189 68 5 189 68 5 189 68 189 68 5 68 397 68 189
389 158 359
607 479 68 5 68 397 68 397
607 158 68 5 68 397
85 359
261 86 68 124
607 158 68 5 68 397
607 158 68 607 158 68 607 158 68 607 158 68 189 68 189 68 5 68 5 68 5 68 5 68 189 68 189 68 550 158 68 397 68 550 158 68 640 68 19 85
607 158 68 640
290 359
389 158 108
607 158 68 5 68 5 68 5 189
607 158 68 607 158 68 607 158 68 607 158 68 397 68 397 68 397 68 397 68 397 68 397 68 397 68 397 68 397 68 397 68 397 68 397 68 397 68 397
607 158 68 607 158 68 607 158 68 607 158 68 189 68 5 68 5 68 5 68 5 68 5 68 5 68 189 68 5 68 397 68 397 68 5 68 5 68 5 68 5 68 5 68 607 158
617
607 158 68 5 68 5 68 5 68 5 68 397 68 5 68 5 68 5 189
617
607 158 68 607 158 68 189 68 189 68 397 68 189
607 158 68 607 158 68 158 68 189 68 5 68 189 68 189
607 158 68 85
503 189
607 158 68 5 68 5 68 397 68 397 68 397 68 397 68 5 68 397 68 397
389 158 118
607 158 68 5 68 5 68 5 68 5 68 5 68 5
501
283 68 5 68 5
283
503 189
607 158 68 5 68 5 189 68 5
85 359
607 158 68 5 68 5 68 5
607 158 68 607 158 68 607 158 68 607 158 68 397 68 397 68 5 68 397 68 5 68 5 68 397 68 397 68 397 68 397 68 397 68 397 68 397 68 397 68 5 68 397 68 397 68 607 158 68 397 68 397 68 397 68 397 68 5 68 5 68 5 68 397 68 5 68 397 68 397 68 397 68 397 68 397 68 5 68 5 189 68 5 189 68 5 189 68 397 68 397 68 397 68 397 68 5 189
607 158 68 5 68 5
607 158 68 5 68 5 189 68 5 68 5
607 158 68 607 158 68 189 68 607 158 68 189 68 189 68 5 68 5 68 5 68 5 68 5 68 189
607 158 68 5 68 5 68 5 68 5 68 397 68 397 68 5
607 158 68 5 68 5 68 5 189
85
607 158 68 397 68 397
85 359
607 158 68 85 359
389 158 359
607 158 68 5 68 5 68 5 68 5 68 397 68 5
240
607 158 68 607 158 68 189 68 189 68 607 158 68 189 68 5 68 5 68 158 108
607 158 68 5 68 5 68 5 189 68 5 68 5
607 158 68 5 68 189 68 189 68 5 68 189
607 158 68 607 158 68 607 158 68 5 68 397 68 397 68 5 68 5 68 5 68 5 68 5 68 397 68 5 68 397 68 397 68 397 68 397 68 397 68 5 68 5 68 397 68 5 68 5 68 397 68 397 68 5 68 397 68 5 68 5 68 5 189 68 5 189 68 397 68 397 68 397 68 397 68 397 68 5 189 68 5 189 85 359
417
607 158 68 5 68 5 68 5 189 68 5
607 158 108 68 85 359
283 68 5
607 158
607 158 68 607 158 68 189 68 189
607 158 68 607 158 68 189 68 189 68 5 68 189 68 189 68 5 68 19 85
607 158 68 5 68 5 189 68 5 68 397
607 158 68 607 158 68 607 158 68 5 68 397 68 5 68 5 68 5 68 5 189
607 158 68 607 158 68 189 68 189 68 189
607 158 68 5 68 5 189 68 5 189
607 158 68 5 68 189
607 479 68 397 68 397 68 397 68 397 68 397
607 158 68 5 68 397 68 189 68 397 68 397
617
607 158 68 607 158 68 189 68 189
607 158 68 5 68 5 68 5 189
607 158 68 5 68 5 68 5 68 5 68 397
607 158 68 85 359
607 158 68 607 158 68 607 158 68 5 68 397 68 5 68 5 68 5 68 5 189
607 158 68 5 68 5 68 5
607 158 68 5 68 5 68 5 68 5 68 5 189 68 5 68 5
607 158 68 607 158 68 189 68 5 68 5 68 5 189 68 5 68 5 189
607 158 68 5 68 19 85
607 158 68 607 158 68 607 158 68 5 68 397 68 5 68 5 68 5 68 5 189
607 158 68 5 68 5 68 5 68 397 68 397 68 397 68 397
607 158 68 5 68 5 189 68 189
85 359
607 158 68 607 158 68 607 158 68 5 68 397 68 397 68 5 68 5 68 5 189
607 158 68 607 158 68 607 158 68 607 158 68 189 68 189 68 5 68 189 68 189 68 5 68 189 68 189 68 550 158 68 397 68 550 158 68 550 158 108 68 607 158 68 607 158 68 607 158 68 607 158 68 607 158 68 607 158 68 607 158 68 607 158 108 68 607 158 68 397 68 189 68 397 68 397 68 189 68 5 68 397 68 189 68 607 158 108 68 189 68 397 68 397 68 397 68 607 158
607 158 68 607 158 68 607 158 68 397 68 397 68 397 68 397 68 397 68 397 68 5
607 158
607 158 68 640
607 158 68 5 68 5 68 5 68 5 68 5 68 5 68 5 68 5 189
607 158 68 5 68 5 68 189 68 5
607 158 68 607 158 68 189 68 189 68 189 68 189 68 189
607 158 68 5 68 5 189 68 5
283 68 5 68 5
607 158 68 607 158 68 158 68 607 158 68 189 68 189 68 640
261 86
85 359
607 158 68 607 158 68 607 158 68 5 68 5 68 189 68 5 68 5 68 5 68 5 68 5 68 189
607 158 68 5 68 397 68 397 68 397 68 397 68 397 68 397
607 158 68 607 158 68 189 68 189 68 397 68 189
607 158 68 5 68 5 68 5 68 5 68 5 68 5 68 5 68 5
607 158 68 5 68 5 68 5 68 5 68 5 68 5 68 5 68 5 189 68 5 189 68 5 189
607 158 68 64 211
607 158 68 5 68 397 68 397 68 397
607 158 68 85
607 158 68 5 68 397
607 158 68 5 68 5 189 68 189
607 158 68 607 158 68 607 158 68 5 68 397 68 189 68 5 68 5 68 158 108
607 158 68 5 68 397 68 397 68 397 68 397 68 397 68 397 68 397 68 397
607 158 68 5 68 5 68 189 68 5 68 5 68 189
607 158 68 5 68 5 68 5 68 5 68 5 68 5 189 68 5 68 5 189
607 158 68 607 158 68 607 158 68 607 158 68 189 68 189 68 5 68 189 68 189 68 5 68 189 68 189 68 550 158 68 397 68 550 158 68 550 158 108
283
607 158 68 5 68 5 68 397 68 397 68 397 68 397 68 397 68 397 68 397
283 68 5 68 5
607 158 68 5 68 5 189 68 5
389 158 359
389 158 118
607 158 68 5 68 397 68 189
211
283 68 5 68 5
607 479 68 640
607 158 68 5 68 5 68 397 68 397 68 397 68 397 68 397 68 397
607 158 68 85
389 158 108
85 359
607 158 68 5 68 5 68 5 189 68 5 68 5
607 158 68 5 68 640
607 479 68 640
607 158 68 607 158 68 189 68 189 68 5 68 189 68 5 68 5 68 5 189 68 5 189 68 5 189
607 158 68 607 158 68 607 158 68 5 68 397 68 189 68 5 68 5 68 5 68 5 68 5 68 397 68 5 68 397 68 397 68 397 68 397 68 397 68 5 68 5 68 397 68 607 158 68 397 68 397 68 5 68 5 68 397 68 5 68 5 68 5 189 68 5 189 68 397 68 397 68 397 68 397 68 5 189 68 5 189 68 5 189 211 189 68 397 68 397 68 5 189 68 397 68 5 189
240 359
607 479
607 158 68 5 68 5 68 5 68 5 68 5 68 5 68 5 68 5 189 68 5 189 68 5 68 5 189 68 5 68 397 68 5 68 5 68 5 68 5 189
85 85
283
607 158 68 607 158 68 189 68 189 68 189
607 158 68 5 68 5 68 397 68 397 68 397 68 397 68 397 68 397
607 158 68 5 68 5 68 189 68 5 68 189
85 359
607 158 68 5 68 5 189 68 189
607 158 68 5 68 5 68 5 68 5 68 397 68 5
389 158 108
607 158 68 85 359
607 158 68 607 158 68 189 68 607 158 68 397 68 397 68 397 68 397 68 397 68 5
389 158
607 158 68 5 68 5 68 5 68 5
607 158 68 5 68 5 68 5 68 5 68 5 68 5 68 5 68 5 68 5 189
607 158 68 607 158 68 189 68 189
607 158 68 607 158 68 189 68 607 158 68 189 68 189 68 5 68 5 68 189 68 5 68 5 68 189 68 189 68 5 68 189 68 5 68 5 68 5 189
283 68 5
607 158 68 5 68 397
607 158 68 5 68 5 189 68 5 189
607 158 68 5 68 397 68 397
564
283 68 5 108
607 158 68 5 68 5 68 189
607 158 68 607 158 68 607 158 68 5 68 397 68 397 68 397 68 640
607 158 68 640 68 640
283
503 189
211
607 158 68 640
261 86 68 124
607 158 68 607 158 68 607 158 68 397 68 397 68 397 68 640
607 158 68 5 68 5 68 5 68 5 68 397 68 5 189
617
607 158 68 5 68 5 68 5 68 5 68 5 68 5 68 5 68 5 68 5 189
240 359
607 158 68 5 68 5 68 5 68 5 68 5 189 68 5 68 5
607 479 68 397 68 397
85 85 85
607 158 68 5 68 397 68 397 68 397 68 397 68 397 68 397 68 397
607 158 68 607 158 68 189 68 189 68 397 68 397
607 158 68 5 68 640
283 68 5 68 5 189
85
607 158 68 607 158 68 189 68 189 68 5 68 189
503 189
389 158
607 158 68 5 68 5 68 397 68 397 68 397 68 397 68 5 68 397 68 397
607 158 68 5 68 189
283
85 85
607 158 68 5 68 5 68 397 68 397 68 397 68 397 68 397 68 397
607 158 68 607 158 68 189 68 607 158 68 397 68 189
607 158 68 5 68 5 68 5 68 5 68 397 68 397 68 5
607 158 68 85
607 158 68 5 68 5 68 5 68 5 68 397 68 5
607 158 68 85 359 68 85
607 158 68 5 68 397 68 397 68 397 68 397 68 397
607 158 68 607 158 68 607 158 68 607 158 68 189 68 5 68 5 68 5 68 5 68 5 68 397 68 189 68 397 68 397 68 397 68 397 68 397 68 5 189
64 211
607 158 68 607 158 68 189 68 607 158 68 397 68 189
607 158 68 607 158 68 607 158 68 5 68 5 68 5 68 5 68 5 68 5 68 5 68 5 68 5 68 5 68 397 68 397 68 5 68 5 68 5 189
607 158 68 5 68 5 68 5 68 5 68 397 68 397 68 5
607 158 108 68 85 359 68 85 359
607 158 68 5 68 397 68 397 68 397 68 397 68 397 68 397 68 397
607 479 68 640
607 158 68 607 158 68 607 158 68 607 158 68 189 68 189 68 397 68 397 68 189 68 397 68 397 68 189 68 550 501 68 397 68 550 501 68 397 68 607 158 68 607 158 68 607 158 68 607 158 68 397 68 607 158 68 397 68 607 158 68 607 158 68 607 158 68 397 68 397 68 397 68 397 68 397 68 397 68 397 68 397 68 397 68 397 68 397 68 397 68 397 68 397 68 397 68 607 158
607 158 68 607 158 68 397 68 397 68 397 68 397 68 397 68 397
283 68 5 68 5
389 158
607 158 68 607 158 68 607 158 68 5 68 397 68 5 68 5 68 5 68 5 189 68 5 68 5 189 68 5 68 397 68 397 68 5 68 5 68 397 68 5 68 5 68 5 189
607 158 68 607 158 68 607 158 68 5 68 5 68 5 68 5 68 5 68 5 189 68 5 68 5 189
85 85 85
607 158 68 607 158 68 607 158 68 607 158 68 189 68 5 68 5 68 5 68 5 68 5 68 5 189 68 5 68 397 68 397 68 5 68 5 68 19 85
564
607 158 68 607 158 68 189 68 607 158 68 189 68 189 68 5 68 5 68 189 68 5 68 5 68 189 68 189 68 550 158 68 189 68 5 68 5 68 19 85
85 85
607 158 68 158 108 68 158 108
503 189 68 5
607 158 68 5 68 5 68 5 189 68 5 68 189
607 158 68 5 68 5 68 5 189 68 5 68 5 189
607 158 68 607 158 68 607 158 68 5 68 397 68 397 68 5 68 5 68 5 68 5
283
503 158 108
389 158
607 158 68 5 68 5 189
607 158
607 158 68 5 68 5 68 397 68 397 68 397 68 397 68 397 68 397
283
607 158 68 85 359
607 158 68 607 158 68 189 68 640
607 158 68 5 68 5 189 68 5
503 189
607 158 68 607 158 68 189 68 607 158 68 397 68 397 68 397
607 158 68 607 158 68 397 68 397 68 397 68 397 68 397 68 640
607 158 68 5 68 5 68 5 68 5 68 5 68 5 68 5 68 5
607 158 68 5 68 5 68 5 68 5 68 5 68 5
607 158 68 5 68 5 68 5 68 5 68 397 68 5
283
283 68 5
607 158 68 607 158 68 158 108 68 85 68 85 68 85
607 158
607 158 68 5 68 5 68 397 68 397 68 397
607 158 68 607 158 68 607 158 68 5 68 397 68 397 68 5 68 5 68 5 68 5 68 5 68 397 68 397 68 397 68 397 68 397 68 397 68 397 68 5
607 158 68 5 68 158 108
85 359
607 158 68 5 68 397 68 397 68 397 68 397 68 397 68 397 68 397
564
607 158 68 85 359
607 158 68 607 158 68 189 68 607 158 68 189 68 189 68 5 68 5
283 68 5 68 5
85 85 359
607 158 68 5 68 640
283
607 158 68 5 68 5 68 5 189 68 5
389 158 108
607 158 68 5 68 5 68 5 189 68 397 68 397 68 5 68 5 68 5 189
607 158 68 5 68 5 68 5 189 68 5 68 5 189 68 5 108
607 158 68 607 158 68 607 158 68 607 158 68 189 68 607 158 68 397 68 189 68 5 68 5 68 189 68 607 158 68 397 68 397 68 397 68 397 68 607 158 68 607 158 68 607 158 68 607 158 68 607 158 68 607 158 68 607 158 68 607 158 68 607 158 68 607 158 68 397 68 397 68 397 68 397 68 397 68 5 68 397 68 397 68 5 189 68 397 68 397 68 397 68 397 68 607 158 108
261 86 68 5
607 158 68 5 68 5 68 5 68 5 68 5 68 5 68 5 68 5 68 5 189
211
211
607 158 68 5 68 5 189 68 5 189
389 158 108
607 158 68 607 158 68 607 158 68 397 68 397 68 397 68 5 68 397 68 397 68 5
607 158 68 607 158 68 189 68 5 68 5 68 189
85 85 359
607 158 68 607 158 68 607 158 68 5 68 5 68 5 68 5 68 5 68 5 189
617
240 359
607 158 68 607 158 68 397 68 397 68 397 68 397 68 397 68 397 68 397 68 397 68 397 68 397 68 397
607 158 68 5 68 5 68 397 68 397
607 158 68 607 158 68 189 68 607 158 68 189 68 189 68 5 68 5 68 189 68 5 68 5 68 189
85 85
607 158 68 5 68 5 189
607 479 68 640
607 158 68 5 68 5 68 397 68 397
607 158 68 607 158 68 189 68 189 68 5 68 189
607 158 68 607 158 68 607 158 68 607 158 68 189 68 5 68 5 68 397 68 5 68 5 68 397 68 189
85
503 158
607 158 68 5 68 397
607 158 68 607 158 68 607 158 68 607 158 68 189 68 5 68 5 68 5 68 5 68 5 68 5 68 189 68 5 68 397 68 189 68 5 68 5 68 5 189
607 158 68 607 158 68 607 158 68 607 158 68 189 68 189 68 5 68 189 68 189 68 5 68 189 68 189 68 5 68 397 68 189 68 5 68 5 68 5 68 5 68 607 158 68 607 158 68 607 158 68 607 158 68 607 158 68 607 158 68 607 158 68 607 158 189 68 607 158 68 189 68 5 68 397 68 189 68 5 68 5 189 68 189 68 5 189 68 189 68 5 68 5 68 5 189 68 5
607 158 68 5 68 5 68 5 189 68 5 68 5 189 68 5 68 5 189
607 158 68 5 68 85
607 158 68 607 158 68 607 158 68 607 158 68 397 68 397 68 5 68 397 68 5 68 5 68 397 68 397 68 397 68 397 68 397 68 397 68 397 68 397 68 5
211 85 359
607 158 68 5 68 5 68 5 68 5 68 5 68 5 68 5 68 5 189 68 5 189
607 158 68 5
607 158 68 5 189 68 19 85
283
607 158 68 5 68 5 68 5 68 5 68 5 68 5 189 68 5 68 5 189
617
389 158
607 158 68 5 68 5 68 5 68 5 68 397 68 397 68 5 68 397 68 397 68 5
503 158
283 68 5 68 5 68 5 68 5 68 5
85 85 85
607 158 68 5 68 5 68 5 68 5 68 5
607 158 68 5 68 5 68 5 68 5 68 397 68 189
607 158 68 607 158 68 189 68 189 68 397 68 397 68 397 68 397
607 158 68 607 158 68 189 68 189
607 158 68 607 158 68 607 158 68 607 158 68 189 68 189 68 5 68 5 68 5 68 5 68 189 68 189 68 5 68 550 158 108 68 5 68 5 68 19 85
211 85
607 158 68 158 68 158 108 68 85
607 158 68 5 68 5 68 5 68 5 68 5 68 5 189 68 5 68 5 189
607 158 68 607 158 68 189 68 5 68 397 68 397 68 5
607 158 68 5 68 397 68 397 68 397
617
607 158 68 5 68 5 68 5 68 5 68 5 189 68 5 68 5
607 158 68 607 158 68 189 68 189 68 5 68 189 68 5 68 5 68 189
607 479 68 5 68 397 68 397
283
607 158 68 607 158 68 397 68 397 68 397 68 397 68 397 68 640
607 158 68 85 68 85
607 158 68 5 68 5 68 5 68 5 68 5 68 5 68 5
503 158 108
607 158 68 5 68 5 68 5 68 5 68 397 68 397 68 5
607 479 68 640
607 158 68 607 158 68 607 158 68 607 158 68 189 68 189 68 5 68 5 68 5 68 5 68 397 68 189 68 5 68 397 68 397 68 5 68 397 68 5 189
283 68 5
607 158 68 5 68 397 68 397 68 640
607 158 68 64 211
607 158 68 5 68 397 68 397
607 158 68 607 158 68 189 68 5 68 5 68 189 68 5 68 5 68 5 189
607 158 68 5 68 5 68 5 68 5
607 158 68 607 158 68 397 68 397 68 397 68 397
607 158 68 607 158 68 189 68 189 68 397 68 189
607 158 68 607 158 68 189 68 607 158 68 189 68 189 68 5 68 5 68 189 68 5 68 5 68 189 68 189 68 550 158 68 189 68 550 501 68 550 158 108 68 5 68 607 158 68 607 158 68 607 158 68 607 158 68 607 158 68 607 158 68 607 158 68 607 158 68 607 158 68 189 68 397 68 397 68 189 68 5 68 5 189 68 189 68 5 189 68 189 68 5 68 5 68 5 189 68 5
211 85 359
607 158 68 607 158 68 607 158 68 607 158 68 397 68 397 68 640
503 189
283 68 5 68 5 68 5 189
283
607 158 68 607 158 68 189 68 607 158 68 189 68 189 68 607 158 68 158 108 68 189 68 189 68 189 68 189 68 550 158 68 189
85
283 68 5 68 5
211
283 68 5 68 5 68 5 189
64 211 68 241
617
607 158 68 5 68 5 68 5 189 68 5 68 5 189
607 158 68 5 68 5 68 5 68 5 68 397 68 397 68 5 68 5 68 5 189
607 158 68 339
283 68 5 68 5 68 5 189
607 158 68 5 68 5 68 5 68 5 68 5 68 5 68 5
607 158 68 607 158 68 607 158 68 5 68 397 68 397 68 5 68 397 68 397 68 5 68 397 68 397 68 397 68 397 68 397 68 397 68 397 68 397 68 5
607 158 68 5 68 5 68 5 189 68 5 68 5
607 158 68 607 158 68 189 68 189 68 85 68 189 68 85
607 158 68 5 68 5 189 68 189
607 158 68 5 68 5 68 5 68 397 68 397 68 397 68 397 68 397 68 397
607 158 68 5 68 5 68 5 68 5 68 397 68 397 68 5 68 5 189
617
607 158 68 5 68 5 68 5 68 5 68 5
607 158 68 5 68 5 68 5 68 5 68 397 68 397 68 5 68 397 68 5 189
607 158 68 5 68 5 189 68 5 189 68 5
607 158 68 5 68 5 68 5 68 5 68 5 68 5
503 189
607 158 68 5 68 5 68 5 68 5 68 5 68 5 68 5 68 5 68 5 189 68 5 68 5 189
211 149
607 158 68 607 158 68 607 158 68 607 158 68 397 68 397 68 397 68 397 68 5 68 397 68 397 68 397 68 397 68 397 68 397 68 397 68 397
564
85 359
607 158 68 5 68 5 68 189 68 5 68 5
503 189
607 158 68 607 158 68 607 158 68 607 158 68 189 68 5 68 5 68 5 68 5 68 5 68 397 68 189
607 158 68 5 68 5 68 189
607 158 68 607 158 68 607 158 68 607 158 68 397 68 397 68 397 68 397 68 5 68 5 68 397 68 397 68 397 68 397 68 397 68 397 68 397 68 397 68 5 68 397 68 607 158
607 158 68 5 68 5 68 189
607 158
607 158 68 5 68 397
607 158 68 607 158 68 397 68 397 68 397 68 397 68 397 68 397 68 397 68 397 68 397
607 158 68 5 68 5 68 5 68 5 68 5 68 5 189
607 158 68 607 158 68 607 158 68 5 68 397 68 5 68 5 68 5 189
607 158 68 5 189 68 189
64 211 68 241
607 158 68 5 68 5 68 5 189 68 5 68 5 189
283
607 158 68 607 158 68 158 68 5 68 5 68 189
607 158 68 607 158 68 607 158 68 607 158 68 397 68 5 68 5 68 5 68 5 68 5 68 397 68 189
261 86 68 5
607 158 68 607 158 68 158 68 607 158 68 189 68 189
607 158 68 339
85 359
607 158 68 5 68 5 68 5 189
283
607 158 68 5 68 5 68 5 189 68 5 68 5 189 68 5 68 5 189
607 158 68 607 158 68 607 158 68 607 158 68 189 68 189 68 5 68 5 68 5 68 5 68 189 68 189 68 550 158 68 397 68 550 158 68 397 68 19 85
607 158 68 5 68 397
607 158 68 607 158 68 189 68 607 158 68 5 68 189 68 5 68 5 68 5 189 68 5 68 5 189 68 5 68 5 68 189 68 5 68 5 68 19 85
607 158 68 607 158 68 189 68 5 68 5 68 189 68 5 68 5 68 5 189 68 5 68 5 68 189
607 158 68 5 68 5 68 5 68 5 68 5 189
607 158 68 607 158 68 189 68 189 68 5 189 68 189 68 5 108
607 158 68 5 68 5 68 5 68 5 68 5 189
607 479 68 397
607 158 68 5 68 5 68 5 68 5 68 397 68 5 68 5
564
607 158 68 5 68 5 68 5 68 5 68 397 68 397 68 5
261 86 68 124
607 158 68 85 359
607 158 68 517
240 85
283
607 158 68 5 68 5 68 5 68 5 68 5 68 5 189
85
607 158 68 5 68 5 68 5 68 5 68 5 68 5 68 5 68 5 68 5 189
211
389 158
283
607 158 68 85
607 158 68 5 68 5 68 189
607 158 68 607 158 68 189 68 607 158 68 189 68 189 68 5 68 640
607 158 68 607 158 68 397 68 397 68 397 68 397 68 397 68 397 68 397 68 397
