240 389 85 359
189 68 158 108 68 189 68 189 68 189
370 68 5 68 370 68 370 68 370 68 5 68 370 68 5 68 370 68 370
85 389 339 551
5 68 569 68 569 68 569 68 569
283 68 5 68 370 68 397 68 397 68 397 68 397 68 397 68 397 68 397
5 68 370 68 5 68 370 68 397 68 397 68 397 68 5 189 68 397 68 189
189 68 81 68 189 68 189 68 430 68 189 68 189 68 189 68 189 68 189
43 158
64 211 108 68 607 158 68 607 158 68 241 68 640
240 211
189 108
607 158 68 81 68 607 158 68 397 68 397 68 397 68 569 68 517 68 397 68 339
607 158 68 550 158 68 189
85 68 64 211 108
283 68 607 158 68 607 158 68 607 158 68 397 68 607 158 68 607 158 68 158 68 339
189 68 607 158 68 607 158 68 397 68 397 68 397 68 607 158 68 397 68 397 68 158 68 607 158 68 607 158 68 607 158 108
5 68 81 68 607 158 68 19 85 68 64 211 108
283 68 158 108 68 569 68 569
5 68 81 68 189 68 189 68 189 68 189 68 189 68 189 68 607 158 108
607 158 68 81 68 5 68 189 68 569 68 569 68 569 68 569 68 569
283 68 158 108 68 607 158 68 189 68 85 359 68 569 68 85
261 86 68 158 108 68 158 108 68 569 68 569 68 85
283 68 85 359
607 158 68 607 158 68 5
19 85 68 607 158 68 607 158 68 607 158 68 607 158 68 607 158 68 607 158 68 607 158 68 607 158 68 607 158 68 607 158 68 607 158 68 607 158 68 607 158 68 607 158 68 339
370 68 5 68 5 68 189 68 189 68 569 68 569 68 569 68 569 68 189 68 158 108
85 359
283 68 5 68 397 68 397 68 397 68 397 68 397
283 68 158 108 68 607 158 68 607 158 68 189 68 19 85 68 607 158 68 19 85
405 68 158 108 68 569
5 68 5 68 189 68 189 68 189 68 189
607 158 68 527 68 607 158 68 430 149
607 479 68 642 68 397 68 430
430 108 68 5 68 569 68 569 68 85 359
283 68 189
261 86 68 370 68 5 68 81 68 569 68 569 68 5
283 68 158 108
397 68 339 68 397 68 189 68 569 68 397 68 189 68 85 68 85 68 85
189 68 81 68 5 68 189 68 189 68 241 68 241
283 68 158 108 68 607 158 68 81 68 189 68 189 68 81 68 81
430 149 68 430 149
5 108
607 158 68 607 158 68 85 359 68 85 359 68 85 359
283 68 5 68 501 68 640
261 86 68 607 158 68 607 158 68 397 68 397 68 241 68 241 68 241 68 241
607 158 68 607 158 68 607 158 68 397 68 397 68 607 158 68 397 68 397 68 397 68 397 68 607 158 68 607 158 68 607 158 68 607 158 68 607 158 68 607 158 68 397 68 397 68 397 68 397 68 397 68 397 68 397 68 397 68 607 158 68 607 158 68 607 158 68 607 158 68 607 158 68 607 158 68 607 158 68 607 158 68 607 158 68 607 158 68 607 158 68 607 158 68 607 158 68 607
283 68 158 108
283 68 158 108
430 199
283 68 607 158 68 189 68 189 68 189 68 189
283 68 158 108 68 189 68 569 68 517
564 68 149
288
564
406 85 359
607 68 5 68 241 68 241 68 241 68 241
5 68 543 68 397 68 397 68 397
564 68 607 158 68 607 158 68 607 158 68 607 158 68 430
283 68 5 68 5
189 68 339 68 397 68 397 68 85 359 68 85 359
5 68 501 68 550 501 68 189 68 64 211 108 68 64 211 108
86 108
19 85 68 158 108
607 158 68 81 68 189 68 158 108 68 158 108
564
543 389 158
430 68 81 68 189 68 189 68 189
607 158 68 81 68 397 68 397 68 397 68 397 68 397 68 397 68 397 68 397 68 339 68 397 68 397 68 397 68 397 68 189 68 189 68 397 68 397 68 607 158 108 68 397 68 397 68 397 68 397 68 397 68 397 68 397 68 397 68 397 68 397 68 397 68 397 68 607 50 68 607 158 108 68 607 50 68 607 50 68 607 158 68 607 158 68 397 68 397 68 607 50 68 607 50 68 607 50
64 211 108 68 640
503 189
189 68 81 68 397 68 397 68 397 68 397
237 118
5 68 550 501 68 189 68 517 68 517
189 211 108 68 158 108 68 189 211 108
189 68 81 68 81 68 189 68 64 211 108
19 85 359
527 68 607 158 68 81 68 189 68 569 68 569 68 569 68 569 68 19 85
261 86 68 5 68 370 68 370 68 397 68 397 68 397 68 5
283 68 5 68 81 68 517
503 189 68 158 108 68 607 158 68 158 68 189 68 19 85 68 158 108
241
189 68 339 68 189 68 189 68 189 68 517
5 68 550 501 68 607 158 68 569 68 569 68 569 68 569 68 64 211 108
370 68 5 68 550 501 68 189 68 607 158 68 189 68 607 158 68 189 68 189 68 331
607 158 68 81 68 189 68 607 158 68 397 68 397 68 607 158 68 397 68 189 68 397 68 607 158 68 607 158 68 607 50 68 189 68 607 50 68 607 50 68 550 501 68 397 68 397 68 397 68 397 68 189 68 397 68 397 68 607 50 68 550 501 68 607 50 68 607 50 68 607 158 68 607 50 68 607 50 68 607 50 68 607 158 68 607 50 68 607 50 68 607 50 68 607 50 68 607 50
283
607 158 68 81 68 158 68 189 68 81
607 68 5 68 397 68 397 68 397 68 397 68 397 68 5
607 158 68 339 68 397
64 211 108 68 607 158 68 189 68 64 211 108 68 64 211 108 68 64 211 108
370 68 5 68 5 68 569 68 569 68 569
189 68 158 108 68 430 149
261 86
607 158 68 81 68 158 68 158 108 68 158 108
607 68 5 68 550 501 68 189 68 189 68 607 158 68 607 158 68 607 158 68 607 158 68 607 158 68 607 158 68 607 158 68 607 158 68 607 158 68 607 158 68 550 501 68 189 68 211 68 211 68 607 158 68 211 68 211
503 189
283 68 569 68 569 68 569 68 569 68 569 68 569 68 569 68 569 68 569 68 569 68 85
283 68 158 108 68 5 68 397 68 397 68 397 68 397
607 158 68 607 158 68 607 158 68 85 359
283 68 158 108 68 158 108
527 68 607 158 68 569
607 158 68 81 68 607 158 68 607 158 68 607 158 68 81 68 607 158 68 607 158 68 607 158 68 607 158 68 607 158 68 607 158 68 607 158 68 81 68 81 68 607 158 68 607 158 68 607 158 68 607 158 68 607 158 68 607 158 68 81 68 607 158 68 607 158 68 607 158 68 607 158 68 607 158 68 607 158 68 607 158 68 607 158 68 607 158 68 607 158 68 607 158 68 607 158 68 81
5 68 81 68 5 68 397 68 397 68 397 68 189 68 189 68 241
283 68 607 158 68 81 68 569 68 569 68 569 68 569 68 517
321 247
240 389 339
607 158 68 607 158 68 607 158 68 397 68 189 68 607 158 68 64 211 108
189 68 211 108
85 359
430
283 68 158 108 68 189 68 189
43 158 108
261 86 68 607 158 68 5 68 5
607 158 68 81 68 189 68 430
283 68 607 158 68 607 158 68 607 158 68 607 158 68 607 158 68 607 158 68 158 68 158 68 607 158 68 607 158 108
19 85 68 607 158 68 607 158 68 607 158 68 607 158 68 43 158 68 43 158
189 68 527 68 607 158 68 607 158 68 85
43 158 108
283 68 158 108 68 607 158 68 158 68 569 68 569 68 569 68 19 85
503 189 68 81 68 189 68 569 68 64 211 108
5 68 527 68 158 108 68 189 68 158 108
607 158 68 527 68 607 158 68 607 158 68 607 158 68 607 158 68 19 85
211 543
503 189
189 68 527 68 617 149
283 551
406 158
503 189 68 158 108 68 607 158 68 339 68 607 158 68 569 68 569 68 158
261 86 68 261 86 149
370 68 5 68 370 68 397 68 397 68 397 68 397 68 397 68 397
19 149
417
189 68 158 108 68 607 158 68 607 158 68 397 68 569 68 517 68 569 68 569 68 339 68 339 68 569 68 517 68 607 50 68 607 50 68 607 50 68 607 158 108 68 397 68 339 68 339 68 397 68 397 68 397 68 397 68 397 68 19 85 68 607 50 68 607 50 68 607 50 68 607 158 68 607 50 68 607 50 68 607 158 68 607 158 68 607 50 68 607 50 68 607 50 68 607 50 68 607
607 158 68 607 158 68 607 158 68 517
261 86 68 158 108 68 158 108
86 68 170 108 68 158 108 68 189
503 189 68 5 68 397 68 397 68 397 68 397 68 397 68 397
607 158 68 607 158 68 607 158 68 607 158 68 607 158 68 70 158 68 607 158 68 70 158 68 607 158 68 607 158 68 607 158 68 607 158 68 607 158 68 607 158 68 607 158 68 607 158 68 607 158 68 607 158 68 607 50 68 607 158 68 607 50 68 607 158 68 607 158 68 607 158 68 607 158 68 607 158 68 607 158 68 607 158 68 607 158 68 607 158 68 607 50 68 607 50 68 607 50
389 85 359 68 81 68 189
85 359 211 108
339 551 68 517 68 517
261 86 68 569 68 189 68 569 68 397
417
389 85 359 68 501 85 359
5 68 158 108 68 158 108 68 189 68 189 68 189 68 569 68 158 108
607 158 68 339 68 397 68 189 68 397 68 189 68 189 68 569 68 397 68 189 68 339
283 68 527 68 607 158 68 527 68 517
607 158 108
189 68 569 68 85
339 68 397 68 607 158 68 397
19 85 359
283 68 158 108 68 397 68 85 359 68 85 359 68 85 359 68 85 359
543 389 339 551 68 85 359
607 158 68 397 68 569 68 569 68 569 68 569
64 211 108 68 607 158 68 153 189
283 68 5 68 550 158 108
283 68 607 158 68 607 158 68 607 158 68 607 158 68 607 158 68 607 158 68 607 158 68 607 158 68 607 158 68 607 158 68 607 158 68 607 158 68 607 158 68 607 158 68 607 158 68 607 158 68 607 158 68 607 158 68 607 158 68 607 158 68 607 158 68 607 158 68 607 158 68 607 158 68 607 158 68 607 158 68 607 158 68 607 158 68 607 158 68 607 158 68 607 158 68 607 158 68
64 211
5 68 607 158 68 607 158 68 607 158 68 607 158 68 5 68 81 68 189 68 158
405 359
543 550 501 68 5 68 5
569 68 5 68 189 68 189 68 189 68 189 68 189 68 64 211 108
283 68 158 108
5
283 68 569 68 569 68 569 68 569 68 569 68 569 68 569 68 569 68 569
19 85 68 158 108
189 85 359
607 158 68 607 158 68 607 158 68 607 158
261 86 68 607 158 68 607 158 68 527 68 607 158 68 607 158 68 607 158 68 527 68 607 158 68 607 158 68 607 158 68 607 158 68 607 158 68 81 68 81 68 607 158 68 607 158 68 607 158 68 607 158 68 607 50
85 550 158 108 68 158 108
607 158 68 527 68 607 158 68 607 158 68 607 158 68 527 68 607 158 68 607 158
370 68 5 68 81 68 569 68 569 68 85 359
85 550 339
19 85 68 430
5 68 81 68 81 68 189 68 189 68 189 68 189 68 569 68 81
261 86
430 199
370 68 5 68 430 149
64 211 108 68 607 158 68 397 68 397 68 397 68 85 359
261 86 68 607 158 68 607 158 68 607 158 68 607 158 68 607 158 68 607 158 68 158 68 607 158 68 607 158 68 607 158 108
19 85 68 64 211
64 211 108 68 569 68 569 68 569 68 85
607 158 68 81 68 607 158 68 607 158 68 607 158 68 241 68 241 68 607 158 68 158 68 607 158 68 607 158 68 607 158 108
406 158 359
430 149
430 199
607 158 68 81 68 189 149
564
189 211 108
370 68 5 68 81 68 569 68 569 68 569 68 569 68 569 68 569 68 569 68 569 68 569 68 569 68 569 68 569 68 397 68 569 68 569 68 569 68 569 68 569 68 397 68 569 68 19 85 359 68 397 68 19 85 68 397 68 397 68 19 108 68 397 68 19 108 68 397 68 607 158 108 68 607 50 68 607 50 68 607 50 68 607 158 68 19 68 397 68 607 50 68 607 50 68 607 50 68
370 68 5 68 81 68 189 68 189 68 189 68 189 68 607 158 108 68 189 68 189 68 607 158 108 68 607 158 108 68 189 68 189 68 81 68 81 68 81 68 81 68 81 68 607 158 108 68 81 68 64 211 108 68 64 211 108 68 607 158 108 68 607 158 108 68 607 158 68 607 158 68 607 158 68 607 158 68 607 158 68 607 158 68 607 158 68 607 158 68 607 158 68 607 158 108 68 607
283 68 569 68 569 68 569 68 569 68 569 68 569 68 569 68 85
283 68 607 158 68 607 158 68 607 158 68 397 68 569 68 517 68 241 68 241
85 359
64 211 108 68 607 158 68 607 158 68 607 158 68 607 158 68 81 68 189 68 607 158 68 607 158 68 607 158 68 607 158 108
607 158 68 550 158 359
189 68 5 68 607 158 68 397 68 397 68 397 68 397 68 517
370 68 5 68 5 68 430 149
569 68 339 68 550 158 108 68 569 68 569 68 569 68 569 68 158 108
283 68 158 108 68 158 108 68 158 108 68 85
607 158 68 81 68 189 68 189 68 189 68 189 68 569 68 70 158 68 189
261 86 68 81 68 569
283 551
5 68 370 68 397 68 397 68 397 68 397 68 397 68 397 68 397 68 397
64 211 108 68 640
240 389 339
479
64 211 108 68 607 158 68 607 158 68 607 158 68 607 158 68 607 158
189 68 81 68 189 68 569 68 569 68 569 68 569 68 569 68 64 211 108
5 68 370 68 5 68 397 68 397 68 397 68 397 68 5 189 68 397
85 550 158 108 68 189 68 189
406 158 359
19 85 359
64 211 68 81 68 189 68 569 68 569 68 569 68 569 68 85
283 68 607 158 68 607 158 68 189 68 569 68 189
503 189
85 347 158 108 68 158 108 68 158 108
64 211 108 68 607 158 68 19 85 68 397 68 397 68 241 68 241 68 241
5 189 68 81 68 189 149
85 359
288 68 5 68 189
339 68 550 501 68 5 68 64 211 108 68 189 68 64 211 108
189 68 81 68 189 68 158 108
370 68 5 68 550 501 68 189 68 189 68 189 68 189 68 607 158 108
261 86 68 607 158 68 607 158 68 607 158 68 607 158 68 81 68 569 68 569 68 569 68 569 68 569 68 569 68 607 158 108 68 607 158 108 68 607 158 108 68 81 68 569 68 19 85 359 68 19 85 68 19 85 68 397 68 569 68 19 85 68 607 158 108 68 607 158 108 68 607 158 68 607 158 68 607 158 68 607 158 68 607 158 68 607 158 68 607 158 68 607 158 68 607 158 68 607
189 68 527 68 5 68 189 68 517 68 517
527
430 299
543 68 5
189 406 158 118
607 158 68 81 68 189 68 189 68 189 68 189 68 189 68 5 189 68 189
64 211
607 479 68 501 68 189 68 158 118
397 68 397 68 5 189
593 163
261 86 68 261 86 149
564 68 158 108 68 158 108 68 158 108 68 189 68 158 108
189 68 81 68 607 158 68 607 158 68 64 211 108 68 64 211 108
86 86 86 86
417
261 86 68 5 68 81
607 158 68 5 68 397 68 397 68 397 68 397 68 397 68 397 68 397 68 397 68 397 68 397 68 397 68 241 68 397 68 397 68 241 68 397 68 397 68 397 68 397 68 397 68 397 68 397 68 397 68 397 68 397 68 397 68 397 68 397 68 397 68 397 68 397 68 397 68 607 158 108 68 607 50 68 397 68 550 501 68 397 68 607 50 68 397 68 397 68 397 68 397 68 397 68 397 68
64 211 108
321 247 68 607 158 68 397 68 517 68 397 68 397 68 517
607 158 68 607 158 68 189 68 158 108 68 158 68 158 108
64 211 108 68 64 211 108 68 64 211 108 68 241 68 64 211 108
85 359
503 189 68 339 68 158 108 68 569 68 85
189 68 339 68 550 501 68 189 68 189
283 68 569 68 569 68 397 68 397 68 397 68 397 68 569 68 397
569 68 517 68 607 158 68 189 68 517
64 211 108
543 51 86
607 158 68 527 68 607 158 68 607 158 68 607 158 68 607 158 68 331
406 158
283 551
64
240 551
261 86 68 124
283 68 5 68 81 68 189 68 189 68 189 68 189 68 189 68 64 211 108
19 85 359 68 430
397
607 158 68 81 68 5 68 64 211 108 68 189 68 64 211 108 68 64 211 108 68 64 211 108 68 607 158 108 68 64 211 108 68 189 68 189 68 189 68 81 68 81 68 64 211 108 68 64 211 108 68 64 211 108 68 64 211 108 68 64 211 108 68 607 158 108 68 607 158 108 68 607 158 108 68 607 158 108 68 607 158 68 607 158 68 64 211 108 68 607 158 108 68 607 158 108 68 607
261 86 68 158 108 68 158 108
85 359
607 158 68 607 158 68 158 68 158 108
503 189 68 607 158 68 607 158 68 607 158 68 607 158 68 607 158 68 607
564 68 158 108 68 607 158 68 406 158 68 406 158 68 359
389 158 108
397 611 299
189 406 430 149
283 68 5 68 189 68 189 68 397 68 397 68 189
370 68 5 68 81 68 189 68 189 68 189

5 68 5 68 543 68 64 211 108
397 68 397 68 397 68 397
283 68 158 108 68 81 68 189 68 189 68 189 68 189
261 86 68 158 108 68 607 158 68 64 211
64 211 108 68 85 68 430 68 241
283 68 189 68 607 158 68 189 68 339
569 68 339 68 550 158 108 68 189 68 569 68 189 68 569 68 85 359 68 189 68 569 68 569 68 569 68 85 359 68 189 68 189 68 189 68 189 68 189 68 189 68 189 68 189 68 339 68 85 359 68 189 68 189 68 189 68 569 68 569 68 569 68 569 68 339 68 339 68 569 68 607 50 68 189 68 189 68 569 68 569 68 569 68 19 85 68 569 68 569 68 569 68 189 68 189 68 189
564 68 158 108 68 607 158 68 430
189 68 81 68 569 68 569 68 569 68 569 68 189 68 569 68 85 68 189 68 569 68 85 359
607 68 607 158 68 607 158 68 85 359 68 85
261 86 68 124
240 479
283 68 569 68 569 68 569 68 569 68 569 68 569 68 569 68 569 68 569 68 569
607 158 68 527 68 607 158 68 430 149
527 68 339 68 19 85 359
607 158 68 527 68 607 158 68 158 68 158
261 86 68 124 68 158 108 68 158 108
19 149
365 430
607 158 68 527 68 5
5 68 81 68 81 68 189 68 189 68 189 68 189 68 640 68 569 68 189
5 68 81 68 189 68 189 68 189 68 241 68 189 68 5 189 68 189
261 86 68 64 211 108
189 68 81 68 607 158 68 569 68 19 85 68 397 68 569 68 85
64 211 108 68 64 211 108
189 85 359
527 68 607 158 68 81 68 189 68 517 68 517
503 189 68 158 108 68 569 68 569 68 569 68 569
64 211 68 569 68 569 68 569 68 189 68 189 68 569 68 569 68 569 68 189
370 68 607 158 68 607 158 68 607 158 68 339
607 158 68 527 68 189 68 81 68 189 68 189 68 189 68 189 68 189 68 189
85 389 158 543
321 247 68 5 68 543 68 543
607 158 68 527 68 607 158 68 43 158 68 397 68 517 68 517 68 43 158 68 43 158 68 43 158 68 607 158 68 607 50
261 86 68 607 158 68 607 158 68 81 68 397 68 5 68 81 68 241 68 241
283 68 158 108 68 158 108
370 68 5 68 81 68 189 68 517 68 517 68 517
370 68 5 68 517 68 430 68 430
607 158 68 527 68 607 158 68 527 68 189
237 241
370 68 5 68 607 158 68 19 85 68 397 68 189 68 569 68 569 68 189
607 158 68 430 68 430
607 68 607 158 68 607 158 68 241 68 241 68 397 68 241 68 241 68 607 50 68 241 68 607 158 68 607 158 68 607 50 68 607 50 68 241 68 607 158 108 68 241 68 397 68 241 68 241 359 68 241 68 241 68 241 68 241 68 241 68 241 68 607 50 68 607 50 68 607 158 68 607 158 68 607 158 68 607 158 68 607 158 68 607 158 68 607 50 68 607 50 68 607 50 68 607 50 68
527 68 5 68 81 68 189 68 569 68 569 68 569 68 569 68 331
607 158 68 81 68 189 68 158 108 68 430 149
5 68 370 68 5 68 430 68 430 68 189 68 189
261 86 68 261 86 149
543 389 158 108
5 68 189 68 189 68 189 68 569 68 569 68 189 68 569 68 569 68 189
85
339 68 189 68 189 68 189
564
397 68 5 68 85 359
288 68 569 68 19 85 68 158 108
283 68 158 108 68 607 158 68 569 68 517
43 158 85 359
607 158 68 607 158 68 607 158 68 607 158 68 607 158 68 607 158 68 607 158 68 607 158 68 607 158 68 607 158 68 607 158 68 607 158 68 607 158 68 607 158 68 607 158 68 607 158 68 607 158 68 607 158 68 607 158 68 607 158 68 607 158 68 607 158 68 607 158 68 607 158 68 607 158 68 607 158 68 607 158 68 607 158 68 607 158 68 607 158 68 607 158 68 607 158 68 607 158
397 68 397 68 397
189 68 569 68 189 68 189
417
189 68 81 68 81 68 189 68 189 68 189 68 189 68 81
564
64 211 543
397 108
5 189
503 189
283 68 5 189 68 189 68 189
543 389 158
261 86 68 261 86 149
5 68 81 68 81 68 189 68 430 68 189 68 189 68 640 68 517
283 68 189 68 189 68 189 68 189 68 189
64 211 68 607 158 68 607 158 68 607 158 68 607 158 68 607 158 68 607 158 68 607 158 68 607 158 68 607 158 68 607 158 68 607 158 68 607 158 68 607 158 68 607 158 68 607 158 68 607 158 68 607 158 68 607 50 68 397 68 607 158 68 607 158 68 607 158 68 607 158 68 607 158 68 607 158 68 607 158 68 607 158 68 607 158 68 607 158 68 607 158 68 607 158 68 607 50 68
607 479 68 550 501 68 189 68 517 85 359
283 68 81 68 569 68 569 68 569 68 569 68 569 68 569 68 569 68 569 68 569 68 569 68 569 68 569 68 569 68 569 68 189 68 569 68 569 68 81 68 81 68 569 68 569 68 569 68 569 68 569 68 569 68 569 68 569 68 569 68 81 68 569 68 569 68 569 68 569 68 569 68 81 68 569 68 569 68 81 68 569 68 569 68 569 68 569 68 569 68 569 68 569 68 189 68 81 68
211
370 68 607 158 68 607 158 68 339 68 397 68 339
85 479 68 517 68 517
283 68 5 68 607 158 68 5
64 211 108 68 607 158 68 189 68 189 68 189 68 64 211 108
86 86 68 397 68 85 359
607 479 68 550 501 68 189 68 85 68 85 359 68 607 158 108
339 551 68 347 158
339

607 158 68 81 68 158 108 68 158 108
189 68 81 68 5 68 81
189 68 569 68 158 108 68 569 68 569 68 85 359
261 158 108
261 86 68 607 158 68 607 158 68 189 68 607 158 68 607 158 68 607 158 108
370 68 5 68 5 68 397 68 397 68 397 68 397 68 5 189 68 64 211 108
261 86
503 189 68 81 68 189 68 189 68 189 68 189 68 5 189 68 189 68 189
339 68 550 501 68 189 68 189 68 550 158 108 68 189 68 550 501 68 189 68 607 158 108
527
64 211 68 607 158 68 397 68 397 68 397 68 189 68 569 68 569 68 189
406 158
389 158 68 81
64 211 108 68 607 158 68 607 158 68 189 68 19 85 68 64 211 108
527 68 607 158 68 607 158 68 607 158 68 607 158 68 527 359 68 607 158 68 527 68 517
43 158 68 81
283 68 158 108 68 607 158 68 189 68 189
261 86 68 607 158 68 607 158 68 607 158 68 607 158 68 81 68 607 158 68 607 50 68 607 158 68 607 158 68 607 158 68 189 68 607 158 68 81 68 81 68 81 68 607 50 68 569 68 607 158 68 607 50 68 397 68 397 68 569 68 607 50 68 607 50 68 607 50 68 607 158 68 607 158 68 607 50 68 607 50 68 607 158 68 607 50 68 607 50 68 607 50 68 607 50 68 607 50
85 359
607 158 68 527 68 607 158 68 397 68 397 68 189
189 68 158 108 68 607 158 68 607 158 68 607 158 68 85 359 68 607 158 68 158 68 85 359
189 68 569 68 569 68 569 68 569 68 569 68 569 68 569 68 569 68 569 68 569 68 569 68 569 68 569 68 569 68 189 68 189 68 569 68 569 68 569 68 569 68 569 68 569 68 569 68 569 68 569 68 397 68 397 68 397 68 569 68 569 68 569 68 569 68 397 68 569 68 569 68 569 68 189 68 189 68 569 68 569 68 569 68 569 68 569 68 189 68 397 68 569 68 189 68 189 68
607 158 68 527 68 607 158 68 607 158 68 189 68 607 158 68 331
5 68 81 68 81 68 189 68 517
283 68 607 158 68 397 68 397 68 397
283 68 5 68 370 68 397 68 397 68 397 68 397 68 640
241 68 5 68 189 68 189 68 189 118
370 68 5 68 81 68 189 68 189 68 189 68 189 68 189 68 189 68 189 68 189 68 339
569 68 189 68 81 68 189 68 189 68 189 68 189 68 189 68 189 68 189 68 189 68 569 68 569 68 189 68 189 68 189 68 189 68 189 68 189 68 189 68 81 68 189 68 189 68 64 211 108 68 189 68 189 68 189 68 189 68 64 211 108 68 189 68 607 50 68 607 50 68 607 50 68 189 68 189 68 607 50 68 607 50 68 607 50 68 607 50 68 189 68 607 50 68 189 68 189 68
501 85 359
240 211 85 359
527 68 5 68 569 68 569 68 517
288 85
283 68 569 68 569
370 68 5 68 81 68 189 68 189 68 189 68 189 68 189 68 607 158 68 189 68 607 158 68 607 158 68 607 158 68 189 68 189 68 607 158 108 68 607 158 68 81 68 607 158 68 607 158 68 607 158 68 189 68 607 158 68 607 158 68 607 158 68 607 158 68 607 158 68 607 158 68 607 158 68 607 158 68 607 158 68 607 158 68 607 158 68 607 158 68 607 158 68 607 158 68 607 50
261 86 68 397 68 189 68 189 241
5 68 81 68 81 68 189 68 189 68 189 68 189
607 158 68 607 158 68 607 158 68 607 158 68 607 158 68 607 158 68 607 158 68 158 68 607 158 68 607 158 68 607 158 108
64 211 108
607 158 68 81 68 189 68 189 68 189 68 189 68 189 68 64 211 108
607 479 68 517 85 359 68 85 359
607 158 68 81 68 5 68 397 68 397 68 397 68 189 68 189 68 397
261 86 68 81 68 569 68 569 68 569 68 569
607 158 68 607 158 68 607 158 68 607 158
397 68 430
430 68 5 189 68 189
503 189
607 158 68 5 68 189 68 189 68 189 68 189 68 189 68 406 158
261 86 68 569 68 569 68 569 68 569 68 569
189 211 108
607 158 68 527 359
607 158 68 81 68 607 158 68 607 158 68 397 68 607 158 68 607 158 68 607 158 68 339 68 607 158 68 607 158 68 607 158 68 607 158 68 607 158 68 607 158 68 607 158 68 339 68 397 68 607 158 68 397 68 397 68 397 68 607 158 68 607 158 68 607 158 68 607 158 68 607 158 68 607 158 68 607 158 68 607 158 68 607 158 68 607 158 68 607 158 68 607 158 68 607 158 68 607
543 389 339 551 68 430 68 430
607 158 68 550 158 68 339
5 68 397 68 397
5 68 85 359 68 85 359
240 211
189 68 607 158 68 607 158 68 607 158 68 397 68 607 158 68 397 68 397 68 397 68 397 68 397 68 607 158 68 397 68 189 68 189 68 607 158 108 68 607 158 108 68 397 68 397 68 397 68 397 68 397 68 397 68 397 68 607 50 68 607 50 68 607 50 68 607 50 68 607 158 68 607 158 68 607 50 68 607 50 68 607 158 68 607 50 68 397 68 607 50 68 607 50 68 607 50 68
189 406 211 359
607 479 68 370 68 5 68 397 68 397 68 397 68 397 68 5
339 68 607 158 68 607 158 68 607 158 68 607 158 68 339 68 607 158 68 607 158 68 339
503 189 68 158 108
370 68 5 68 81 68 189 68 64 211 108
564
564 68 158 108 68 607 158 68 81 68 189 68 189
170 68 617
283 68 158 108 68 607 158 68 569 68 85
503 189 68 517 68 607 158 68 517 68 517
430
607 158 68 607 158 68 189
189 68 5
527 68 607 158 68 607 158 68 607 158
283 68 569 68 569 68 569 68 569 68 569 68 569 68 569 68 85
607 158 68 607 158 68 189 68 607 158 68 189 68 189 68 607 158 68 189 68 339 68 339 68 607 158 68 607 158 118 68 189 68 189 68 607 158 108 68 607 158 118 68 189 68 339 68 607 158 68 189 68 189 68 189 68 189 68 607 50 68 607 50 68 607 50 68 607 158 68 607 158 68 607 158 68 607 158 68 607 158 68 607 158 68 607 50 68 607 50 68 607 50 68 607 50 68 607
43 158
503 189 68 607 158 68 189 68 607 158 68 189 68 569 68 81
283
397 68 339 68 550 501 68 607 158 68 397
564 68 158 118
607 158 68 501 68 85 152 68 430
405 359
564
607 158 68 5
607 158 68 527 68 607 158 68 607 158 68 607 158 68 607 158 68 607 158
85 359
64 211 108 68 607 158 68 19 85 68 19 85 68 85 68 64 211 108
406 149
564 68 158 108 68 189 68 189
283 68 189 68 569 68 397 68 397 68 397 68 189 68 189 68 397 68 189
189 543 211 543
261 86 68 5 68 397 68 569 68 241 68 241 68 241
607 158 68 158 68 158 108 68 158 108 68 189
211 108 68 607 158 68 397
527 68 5 68 517 68 517
283 68 607 158 68 607 158 68 397 68 397 68 397 68 517 68 517
607 158 68 642 211 68 241 68 569 68 241
283 68 5 68 640
406 158
211
64 211 68 607 158 68 607 158 68 19 68 397 68 19 85
240 51 85
85 64 64 211 108
503 189 68 158 108 68 158 108 68 569 68 569 68 569 68 331 149
261 86 68 261 86 149
240 211 85 359
283 68 5 68 81 68 5 68 241 68 241 68 241 68 5 68 241
85 85 359 68 85 359
189 68 81 68 397 68 397 68 397 68 397 68 397 68 397 68 397 68 397 68 397 68 397 68 397 68 397 68 397 68 397 68 397 68 397 68 397 68 397 68 397 68 397 68 397 68 397 68 397 68 397 68 397 68 397 68 397 68 397 68 397 68 397 68 397 68 397 68 397 68 397 68 397 68 397 68 397 68 397 68 397 68 397 68 397 68 397 68 397 68 397 68 397 68 397 68 397 68
430 199
569 68 158 108 68 189 68 158 108 68 85 68 189
370 68 5 68 5 68 189 68 189 68 189 68 189 68 5 189 68 189 68 189
211 108
607 479 68 550 501 68 607 158 68 397 68 397 68 607 158 68 85 359
283 68 5 68 81 68 189 68 189
564 68 569 68 158 108
283 68 569 68 569 68 569 68 569 68 569
607 158 68 339 68 189 68 19 85 68 85 359 68 85 359 68 85 359
607 158 68 527 68 607 158 68 81 68 189
503 189 68 158 108 68 158 108
569 68 85 68 85 68 85

607 158 68 158 68 158 108 68 158 108 68 189
569 68 339 68 189 68 189 68 569 68 189
607 158 68 607 158 68 607 158
283 68 607 158 68 81 68 189 68 189 68 189 68 189 68 189 68 189 68 189 68 189 68 607 158 108
189 68 81 68 5 68 189 68 189
607 479 68 527 68 607 158 68 85 68 85 359 68 85 359
347 501 359
283 68 5 68 81 68 5 68 189 68 189 68 189
397
607 158 68 607 158 68 607 158 68 607 158 68 607 158 68 607 158 68 607 158 68 607 158 68 607 158 68 607 158 68 607 158 68 607 158 68 607 158 68 607 158 68 607 158 68 607 158 68 607 158 68 607 158 68 607 50
397 68 517 359
527 68 607 158 68 81 68 189 68 517 68 517
617 149
5 68 550 501 68 189 68 189 68 607 158 68 189 68 607 158 68 241 68 189 68 241
189 68 170 211 68 397 68 397
189 85 359 68 85 359
569 68 569 68 397 68 397 68 397 68 397 68 189 68 85 359 68 397 68 189 68 85 359
189 68 389 158 68 211
607 158 68 642 211 108 68 569 68 241
503 189 68 158 108 68 158 108 68 189 68 189 68 569 68 85 550 501 68 189 68 158 108
261 86 68 5 68 189 68 189 68 64 211 108
261 86 68 261 86 149
163
283 68 339 68 550 501 68 397 68 397 68 397 68 430
607 68 607 158 68 607 158 68 607 158 68 607 158 68 607 158 68 607 158 68 607 158 68 607 158 68 607 158 68 607 158 68 607 158 68 607 158 68 607 158 68 607 158 68 607 158 68 607 158 68 607 158 68 607 158 68 607 158 68 607 158 68 607 158 68 607 158 68 607 158 68 607 158 68 607 158 68 607 158 68 607 158 68 607 158 68 607 158 68 607 158 68 607 158 68 607 158 68
397 68 339 68 550 501 68 607 158 68 397
370 68 5 68 81 68 569 68 64 211 108 68 241 68 640 68 64 211 108
339 68 189 68 550 501 68 189 68 189 68 189 68 189 68 64 211 108
5 68 5 68 397 68 189 68 189 68 397 68 189 68 241 258 85
283 68 569 68 569 68 569 68 569 68 569 68 569
430 108
5 68 158 108 68 607 158 68 158 68 607 158 68 607 158 68 607 158
5 68 81 68 189 68 569 68 569 68 85 359 68 189 68 85 359 68 189 68 569 68 85 359
189 68 81 68 5 68 397 68 397 68 397 68 397 68 5 189 68 397 68 397 68 397 68 397 68 397 68 5 189 68 397 68 189 68 5 189 68 5 189 68 5 189 68 397 68 397 68 397 68 397 68 397 68 397 68 397 68 397 68 5 189 68 397 68 397 68 607 50 68 5 189 68 5 189 68 5 189 68 5 68 5 68 5 68 607 50 68 397 68 397 68 5 189 68 5 189 68 5
397 68 158 108 68 607 158 68 397
85 359
261 86 68 607 158 68 189 68 569 68 189
607 158 68 642 211 68 397 68 85 68 85 359 68 640 68 85
607 158 68 81 68 5 68 430 68 241 68 241 68 5 68 430 68 241
370 68 5 68 81 68 189 68 430 68 189 68 189 68 517 149
64 211 108 68 85
43 158 68 607 158 68 189
283 68 158 108
283 68 158 108 68 607 158 68 397 68 189 68 569 68 569 68 85
288 68 5 68 430
607 158 68 81 68 5 68 430 68 241 68 241 68 5 68 430 68 241
430 199
607 158 359
430 199
283 68 607 158 68 397 68 397 68 397 68 397 68 189 68 517
86 86 86 68 241 359
430 149 211 68 430
607 158 68 81
64 211 108 68 5 68 569 68 569 68 569 68 569
64 211 108 68 5 68 241 68 640
64 211 108
564 68 569 68 158 108
261 86 68 339 68 19 85 68 607 158 68 607 158 68 19 85 68 607 158 68 19 85
617 68 430
189 543 389 543
64 211 108 68 64 211 108 68 64 211 108
607 158 68 81 68 5 68 189 68 550 158 68 189 68 64 211 108

389 339
527 68 607 158 68 607 158 68 569 68 569 68 569 68 517
5 68 370 68 607 158 68 19 85 68 85 68 85 68 85
85 359
5 68 81 68 189 68 569 68 189 68 189 68 569 68 640 68 240 550 158 108
85 85 359
64 211 108
607 158 68 527 68 5 68 430
607 158 68 81 68 5 68 19 85
564 68 158 108 68 569 68 569 68 569 68 569 68 569 68 569 68 569
199 68 158 108 68 189 68 158 108
339 551
64 211 108
86 86 86 68 5 189 68 430
527
503 189 68 569 68 569 68 569 68 569 68 569 68 569 68 569 68 397 68 397 68 85 359
5 68 5 68 5
5 189 543 211 108
261 86 68 607 68 607 158 68 607 158 68 5
85 359
261 86 68 5 68 189 68 189 68 64 211 108
261 86 68 245 449 68 430 68 5 68 430
19 85 359 68 189 68 189 68 189 68 189
607 479 68 607 158 68 397 68 397 68 397 68 397 68 569 68 397 68 189 68 397 68 397 68 607 50 68 607 50 68 189 68 189 68 607 50 68 607 50 68 607 50 68 397 68 397 68 607 50 68 397 68 397 68 397 68 397 68 607 50 68 607 50 68 607 50 68 607 50 68 607 158 68 607 50 68 607 50 68 607 50 68 607 50 68 607 50 68 607 50 68 607 50 68 607 50 68 607
339 551 68 607 158 68 189 68 158 108
240 211 108 68 339 68 430 359
283 68 607 158 68 607 158 68 607 158 68 397 68 397 68 517 149
430 68 430 149 68 430 149
430 199
43 158 68 283 68 569 68 189
503 189
607 158 68 607 158 68 607 158 68 19 85
189 211 108 68 339 68 189 550 158 108
607 479 68 550 501 68 397 68 397 68 397 68 397 68 397 68 397 68 189 68 397 68 85 359
288 68 517
283 68 607 158 68 81 68 189 68 430 68 189 68 607 158 68 331 149
370 68 5 68 607 158 68 397 68 397 68 397 68 397 68 397 68 397 68 397 68 397 68 397 68 397 68 607 158 108
245 449
283 68 158 108
564 68 158
397 68 5 68 189
5 108 68 430 68 569 68 640
430 149
607 479 68 397
283 68 569 68 569 68 569 68 569 68 397 68 397 68 569 68 397
503 189 68 569 68 569 68 569 68 569 68 85 359
283 68 607 158 68 607 158 68 607 158 68 189

564 68 81 68 81 68 189 68 64 211 108 68 64 211 108 68 64 211 108
261 86 68 339 68 19 85 68 607 158 68 397 68 569 68 19 85 68 397 68 339 68 85 359
81
607 479 68 397
617
283 68 19 85 68 19 85 68 19 85 68 397 68 397 68 19 85
607 158 68 527 68 189 68 569 68 569 68 189
430 149 68 517
370 68 5 68 607 158 68 569 68 569 68 397 68 569 68 569 68 397 68 189 68 339
564 68 158 108 68 569 68 569 68 85 359
569 68 158 108 68 607 158 68 607 158 68 241 68 241 68 85
370 68 5 68 370 68 397
283 68 569 68 569 68 569 68 569 68 85 359
543
189
261 86 68 288
237 118
417
607 158 68 607 158 68 607 158 68 397 68 397 68 397 68 397 68 397
607 158 68 607 158 68 607 158 68 607 158 68 607 158 68 607 158
197 86
64 211 108 68 81 68 189 68 569 68 85
283 68 81 68 81 68 189 68 81 68 189 68 189
283 68 607 158 68 189 68 189 68 189 68 189 68 189 68 189 68 189 68 189 68 158 108
64 211 108 68
64 211 108
189 68 81 68 569 68 569 68 569 68 405
85
283 68 339 68 397 68 189 68 397
189 68 81 68 569 68 569 68 569
19 108 68 430 68 640
189 68 81 68 5 68 189 68 189 68 189 68 189
370 68 5 68 81 68 569 68 569 68 569 68 569
503 189
64 211 108 68 607 158 68 607 158 68 607 158 68 607 158 68 64 211 108 68 607 158 68 607 158 68 607 158 68 607 158 68 607 158 68 607 158 68 607 158 68 607 158 68 607 158 68 607 158 68 607 158 68 64 211 108
405 149 68 81 68 569
607 479 68 81 68 189 68 189 68 517 68 189 68 607 158 68 331 149
569 68 569 68 569 68 189 68 569 68 569 68 189 68 569 68 517
607 158 68 81 68 5 68 5
5 68 81 68 607 158 68 5 68 189 68 189 68 569 68 81 68 569 68 189 68 569 68 569 68 607 158 108
503 189 68 607 158 68 370 68 5
64 211 108 68 607 158 68 189 68 158 108
189 68 5 68 189
607 158 68 607 158 68 397 68 397 68 397 68 397 68 517
64 211 108 68 640 68 640
290 85 359
397 68 397
5 68 501 68 607 158 68 406 501 68 397 68 189 68 517
189 68 607 68 607 158 68 569 68 569 68 569 68 569 68 569 68 569 68 569 68 569 68 569 68 569 68 569 68 189 68 189 68 189 68 569 68 189 68 569 68 569 68 569 68 569 68 569 68 569 68 569 68 397 68 397 68 569 68 569 68 569 68 569 68 607 50 68 607 50 68 607 50 68 607 50 68 607 50 68 607 158 68 607 50 68 607 50 68 607 50 68 607 50 68 189 68 607
607 158 68 527 68 607 158 68 607 158 68 43 158 68 43 158 68 43 158
406 158 108
64 211 108
607 158 68 158 108 68 158 108 68 430 68 189 68 430 68 430 108
569 68 81 68 81 68 189 68 189
283 68 517 68 607 158 68 189 68 517
5 68 5 68 81 68 189 68 189 68 189 68 189 68 5
359
607 158 68 81 68 189 68 158 108 68 85
261 86 68 569 68 19 85
189 68 158 108 68 607 158 68 607 158 68 607 158 68 607 158 68 607 158 68 158
64 211 108 68 241
189 68 158 108 68 339 68 189 68 569 68 569 68 569 68 569 68 569 68 158 108
370 68 5 68 81 68 397 68 397 68 397 68 397 68 397 68 397 68 397 68 397 68 397 68 397 68 397 68 397 68 397 68 397 68 397 68 397 68 397 68 397 68 397 68 397 68 397 68 397 68 397 68 397 68 397 68 397 68 397 68 397 68 397 68 397 68 397 68 397 68 397 68 397 68 397 68 397 68 397 68 397 68 397 68 397 68 397 68 397 68 397 68 397 68 397 68 397 68
283 551
261 86 68 569 68 569 68 569 68 569 68 189
261 86 68 339 68 397 68 397
283 68 607 158 68 5 68 189 68 189 68 189 68 189 68 241 68 189 68 189 68 607 158 118
283 68 517 68 607 158 68 527 359 68 517
607 158 68 501 68 189 68 189 68 189
81 68 5 68 607 158 68 5 68 640 68 640
607 158 68 607 158 68 607 158 68 189 68 189 68 607 158 68 607 158 68 189
85 389 158 359 68 85 359 68 85 359
64 211
607 68 527 68 5 68 617 149
406 158
405 543
189 68 339 68 397 68 397 68 569 68 85
261 86 68 339 551
339
64 211
607 158 68 81 68 81 68 189 68 189 68 189 68 81 68 81 68 189 68 189
283 68 158 108
370 68 5 68 81 68 189 68 569 68 569 68 569 68 569 68 569 68 569 68 569 68 569 68 569 68 569 68 569 68 189 68 189 68 569 68 569 68 569 68 81 68 569 68 569 68 569 68 569 68 569 68 569 68 569 68 569 68 569 68 569 68 569 68 569 68 569 68 569 68 569 68 569 68 189 68 569 68 569 68 569 68 569 68 569 68 569 68 569 68 70 158 108 68 189 68 189 68
189 68 607 158 68 397 68 397 68 397 68 397 68 397 68 397 68 397 68 397 68 397 68 397 68 397 68 397 68 397 68 189 68 241 68 397 68 397 68 397 68 397 68 397 68 397 68 397 68 397 68 397 68 397 68 397 68 397 68 397 68 397 68 397 68 397 68 397 68 5 189 68 5 189 68 189 68 397 68 397 68 397 68 397 68 397 68 397 68 397 68 397 68 397 68 397 68 397
283 68 158 108
527 68 5 68 5
569 68 81 68 397 68 189 68 517
261 86 68 607 158 68 607 158 68 607 158 68 607 158 68 607 158 68 607 50 68 158 68 607 50
189 68 81 68 158 108 68 189 68 64 211 108
189 68 81 68 189 68 189 68 189 68 189
64 211 108 68 158 108 68 158 108
406 479
241 86 118
607 158 68 550 501
261 86 543
283 68 397 68 397 68 397 68 397
283 68 158 108 68 607 158 68 189 68 85 359 68 569 68 85 359 68 569 68 569 68 85 359
501 68 501 85 359 68 430
5
261 86 68 86 108 68 189 68 569 68 569
5 68 569 68 189 68 189 68 189 68 569 68 189 68 569 68 517
607 479 68 397 68 397 68 397 68 397
607 158 68 70 158 68 70 158
501 68 158 108 68 430
430 149 550 430 68 517
283 68 569 68 19 85 68 19 85 68 85 359 68 85 359
19 149
607 158 68 527 68 607 158 68 81 68 189 68 189
189 68 158 108 68 607 158 68 85 359 68 85 359 68 85 359 68 85
189 68 158 68 158 108 68 158 108
607 479 68 5 68 397 68 397 68 397 68 397
607 158 68 5
5 68 370 68 607 158 68 607 158 68 397 68 397 68 5 68 607 158 68 397 68 607 158 68 607 158 68 607 158 68 607 158 68 607 158 68 607 158 68 607 158 68 397 68 397 68 607 158 68 397 68 607 158 68 397 68 397 68 607 158 68 550 501 68 607 158 68 607 158 68 607 158 68 607 158 68 607 158 68 607 158 68 607 158 68 607 158 68 607 158 68 607 158 68 607 50 68 607
283 68 607 158 68 81 68 189 68 517 68 517
189 68 527 68 607 158 68 189 68 527 359
5 108 68 64 211 108
321 247
527 68 5 68 611
503 189 68 607 158 68 607 158 68 569 68 569 68 569 68 569 68 569 68 569 68 85 359
430 108
189 68 550 158 108 68 607 158 68 550 158 68 189
607 158 68 5 68 189 68 189
64 211 108 68 64 211 108
397 108
5 68 397 68 397
321 86
5
64 51 86
5
607 479 68 397 68 189 68 189 550 501
149
85 359
397 68 158 108 68 607 158 68 64 211 108 68 189 68 64 211 108
5 189
543 211 68 5 68 189 68 189 68 569 68 189 68 189 68 85 68 64 211 108
607 158 68 81 68 189 68 569 68 569 68 569 68 569 68 569 68 569
607 158 68 81 68 569 68 569 68 569 68 569 68 569 68 569 68 569
283 68 430 149
211 108 68 81
339 551 68 550 501 68 397 68 85 359 68 85 359
503 189 68 5 68 370 68 5
189 68 569 68 81 68 189 68 569 68 569 68 189 68 331 149
283
5 68 5
19 85 68 607 158 68 64 211 108 68 64 211 108
503 189 68 158 108 68 569 68 569 68 85 359
64 211
189 68 158 108 68 569 68 569 68 569 68 569 68 569 68 569 68 569 68 569 68 569 68 569 68 569 68 569 68 241 68 241 68 241 68 241 68 569 68 569 68 569 68 397 68 339 68 397 68 397 68 241 359 68 241 118
261 86 68 607 158 68 607 158 68 81 68 189 68 569 68 569 68 81
19 85 68 607 158 68 607 158 68 85 359 68 189 68 569 68 85
86 108
607 158 68 81 68 64 211 108
283 68 517
240 211 108
607 158 68 81 68 189 68 569 68 569 68 569 68 569 68 85 68 85
370 68 5 68 607 158 68 339 68 397 68 397 68 607 158 68 397 68 397
283 68 158 108 68 607 158 68 607 158 68 607 158 68 517
64 211 108
70 158
189 68 607 158 68 189 68 189 68 189 68 189 68 189 68 607 158 68 189 68 189 68 158 108
389 339
501 85 359 68 158 108
85
397 85 359
283 68 158 108 68 607 158 68 19 85 68 569 68 569 68 569 68 19 85
607 158 68 81 68 189 68 158 108 68 85 359 68 85 359 68 85
283 551 68 158 108 68 189 68 569
389 158
397 68 550 158 108 68 607 158 68 607
5 68 397 68 397
189 108
569 68 569 68 517 68 189 68 517
64 211 108 68 607 158 68 81 68 189 68 189 68 64 211 108
339 68 550 158
370 68 5 68 607 158 68 158 108 68 85 68 85 359 68 85 550 158 108
189 68 81 68 189 68 189 68 189 68 189
189 68 158 108 68 607 158 68 397 68 397 68 189
240 51 85 359
5 68 81 68 189 68 189 68 569 68 569 68 569 68 569 68 569 68 189 68 569 68 569 68 569 68 569 68 569 68 189 68 189 68 569 68 569 68 569 68 569 68 569 68 569 68 569 68 569 68 189 68 569 68 397 68 569 68 569 68 569 68 569 68 569 68 569 68 569 68 569 68 607 50 68 189 68 607 50 68 607 50 68 569 68 569 68 189 68 569 68 607 50 68 607 50 68 607
607 158 68 81 68 189 68 569 68 85 359 68 85 359 389 85 359 68 85 359
607 158 68 81 68 189 68 189 68 64 211 543
19 85 68 331 149
283 68 5 68 81 68 569 68 430 68 241 68 241 68 640 68 640
261 86 68 607 158 68 5 68 5
607 479 68 81 68 397 68 397 68 397 68 397 68 397 68 517 359 68 397 68 397 68 517 359
503 189
86 108
5 68 370 68 81
189 68 158 108 68 607 158 68 85 359 68 85 359 68 85 359 68 85
240 211
19 85 68 607 158 68 607 158 68 85 359 68 189 68 569 68 85
64 211 108 68 158 108 68 158 108
607 158 68 607 158 68 607 158 68 607 158 68 607 158 68 517 68 607 158 68 607 158 68 607 158 68 607 158 68 607 158 68 607 158 68 607 158 68 607 158 68 607 158 68 607 158 68 607 158 68 607 158 68 607 158 68 607 158 68 607 158 68 607 158 68 607 158 68 607 158 68 607 158 68 607 158 68 607 158 68 607 158 68 607 158 68 607 158 68 607 158 68 607 158 68 607 158 68
569 68 569 68 569 68 569 68 569 68 569 68 569 68 569 68 85
501 68 158 108 68 430
397 68 397 68 397 68 397 68 397 68 397 68 397 68 397 68 397 68 397 68 397 68 397 68 397 68 397 68 397 68 397 68 397 68 397 68 397 68 397 68 397 68 397 68 397 68 397 68 397 68 397 68 397 68 397 68 397 68 397 68 397 68 397 68 397 68 397 68 397 68 607 50 68 397 68 397 68 397 68 397 68 397 68 397 68 397 68 397 68 397 68 397 68 397 68 397 68 397
85 479 68 85 359 68 85 359
283 68 5 68 607 158 68 607 158 68 397 68 607 158 68 607 50
607 158 68 81 68 607 158 68 569 68 569 68 569 68 81 68 569 68 569 68 569 68 569 68 569 68 569 68 569 68 189 68 189 68 189 68 81 68 81 68 81 68 81 68 569 68 19 85 68 569 68 569 68 19 108 68 569 68 81 68 81 68 607 158 108 68 607 158 108 68 607 158 108 68 607 158 108 68 607 158 68 607 158 68 81 68 607 158 108 68 607 158 68 607 158 108 68 81
370 68 5 68 124
607 158 68 527 68 607 158 68 607 158 68 607 158 68 607 158 68 607 158 68 607 158 68 607 158 68 607 158 68 607 158 68 607 158 68 607 158 68 607 158 68 607 158 68 607 158 68 607 158 68 607 158 68 607 158 68 607 158 68 607 158 68 607 158 68 607 158 68 607 158 68 607 158 68 607 158 68 607 158 68 607 158 68 607 158 68 607 158 68 607 158 68 607 158 68 607 50 68
339 551 68 397
5 68 81 68 569 68 569 68 158 108 68 569 68 569 68 569 68 569 68 158 108
283 68 607 158 68 607 158 68 607 158 68 397 68 430 68 640
189 68 5 68 569 68 569 68 569 68 569 68 569 68 569 68 569 68 569 68 569 68 569 68 569 68 569 68 241 68 241 68 241 68 241 68 241 68 569 68 569 68 569 68 569 68 569 68 569 68 241 68 241 68 241 68 241 68 241 68 241 68 569 68 569 68 241 68 5 68 5 68 241 68 241 68 241 68 241 68 607 50 68 569 68 569 68 241 68 241 68 241 68 5 189 68 241 68
5 68 5 68 569 68 189
397 68 136 479
19 85 359
189 68 527 68 607 158 68 5 68 397 68 397 68 5 68 241 68 397 68 397
64 211 108 68 607 158 68 397 68 397 68 397
607 158 68 607 158 68 607 158 68 517 68 607 158 68 517 68 517
370 68 5 68 81 68 5 68 189 68 64 211 108
607 158 68 543 550 158 68 569 68 569 68 569 68 569
607 158 68 81 68 569 68 569 68 569 68 569
501 85 359
261 86 68 339 68 397
527 68 607 158 68 607 158 68 397 68 85 359 68 85 359 68 85 359 68 85 359
261 86 68 370 68 5 68 19 85 68 19 85
405
189 68 81 68 189 68 189 68 189 68 85 68 189 68 64 211 108
283 68 607 158 68 607 158 68 189 68 43 158 68 43 158 68 43 158 68 43 158 68 43 158 68 607 158 68 607 158
43 158 149
64 211 108
339 551 68 85 68 85 359
189 68 339 68 189 68 189 68 85 359 550 501 68 189 68 85 359
5 68 81 68 189 68 189 68 430 68 189 68 189 68 569 68 517 108
527 68 607 158 68 607 158 68 607 158 68 397 68 607 158 68 397 68 397 68 339 68 339 68 397 68 397 68 397 68 397 68 189 68 397 68 607 50 68 607 50 68 397 68 397 68 339 68 397 68 397 68 397 68 397 68 397 68 607 50 68 607 50 68 607 50 68 607 50 68 607 158 68 607 50 68 607 50 68 607 50 68 607 50 68 607 50 68 607 50 68 607 50 68 607 50 68 607
607 479 68 550 501 68 189 68 189 68 85 359 68 189 68 64 211 108
370 68 5 68 5 68 397 68 397 68 397 68 397 68 569 68 85 359
189 68 527 68 607 158 68 81 68 5 68 189 68 64 211 108 68 64 211 108
607 479 68 550 501 68 607 158 68 607 158 68 607 158 68 43 158 68 607 158 68 43 158 68 607 158 68 607 158 68 607 158 68 607 158 68 607 158 68 607 158 68 607 158 68 607 158 68 607 158 68 607 50 68 607 50 68 607 158 68 607 50 68 607 158 68 607 158 68 607 158 68 607 158 68 607 158 68 607 158 68 607 158 68 607 50 68 607 50 68 607 50 68 607 50 68 607 50
607 158 68 81 68 5 68 189 68 189 68 241 68 5 189 68 241 68 241
283 68 158 108 68 607 158 68 158 108
283 68 501 68 189
211 108
370 68 5 68 81
397 68 397 68 397 68 397 68 397
240 211
5 68 550 501
406 158
283 68 517 68 5 68 611 51 86
189 68 569 68 81 68 189 68 189 68 189 68 189
240 550 158 149
261 86 68 607 158 68 607 158 68 81 68 189 68 569 68 569 68 569 68 569 68 569 68 569 68 569 68 569 68 569 68 189 68 569 68 569 68 569 68 81 68 569 68 569 68 19 85 359 68 19 85 359 68 19 108
417
197 86
417
569 68 569 68 550 158 108 68
564 68 158 108 68 85 68 85 359
189 68 81 68 5 68 397 68 397 68 397 68 397 68 397 68 397 68 397
261 86 68 607 158 68 607 158 68 81 68 189 68 569 68 569 68 569 68 569 68 331
43 158 108
607 479 68 81 68 569 68 569 68 569 68 569 68 569 68 569 68 569 68 569
64 211 108
189 68 607 158 68 607 158 68 406 501 68 397 68 397 68 517 68 607 50 68 397 68 517
607 158 68 81 68 189 68 64 211 108 68 64 211 108 68 64 211 108
370 68 5 68 397 68 397 68 397 68 397 68 397 68 397 68 397 68 397 68 397 68 397 68 397 68 397 68 397 68 397 68 397 68 397 68 397 68 397 68 397 68 397 68 397 68 397 68 397 68 397 68 397 68 397 68 397 68 397 68 397 68 397 68 397 68 397 68 397 68 397 68 397 68 397 68 397 68 397 68 397 68 397 68 397 68 397 68 397 68 397 68 397 68 397 68 397 68
64 211 108
261 86 68 569 68 569 68 569 68 569 68 569
5 68 5 68 81 68 189 68 189 68 189 68 189 68 640 68 517
19 85 68 607 158 68 64 211 108 68 241 68 640
189 68 527 68 5 68 64 211 108 68 64 211 108
64 211 108 68 569 68 569 68 569 68 569 68 569 68 569
430 199 68 189 68 158 108
370 68 5 68 81 68 5 189 68 189 68 189
430 551 68 241 68 241
261 86 68 124
5 189 211 85 359
339 551
64 211 108
607 158 108 68 430 68 430
430
607 158 68 5 68 189
430 299
430 199
240 51 85 359
283 68 569 68 569 68 569 68 569 68 569 68 569 68 569 68 85 359
503 189 68 569 68 569 68 569 68 85 359 68 85 359
43 158 68 245 449
85
503 189 68 158 108 68 158 108 68 569 68 569 68 569 68 569 68 569 68 158 108
543 389 339
189 68 158 108 68 189 68 189
189 68 527 68 607 158 68 607 158 68 607 158 68 607 158 68 64 211 108
189 68 527 68 607 158 68 607 158 68 85
261 86 68 370 68 5 68 370 68 370 68 5
189 406 211 359
370 68 5 68 81 68 617 149
607 158 68 81 68 189 68 569 68 430 68 189 68 569 68 85 68 85
189 68 158 108 68 430 149
261 86 68 569 68 19 85 68 569 68 569 68 569 68 569 68 569 68 569
19 85 68 19 85
607 479 68 550 501
19 85 359
64 211
64 211 108 68 569 68 569
283 68 158 108 68 607 158 68 569 68 569 68 569 68 430 68 430 68 430
607 158 68 81 68 189 68 189 68 517 68 189 68 517 68 517
261 86 68 124
43 158 108
607 158 68 607 158 68 158 68 607 158 68 158
564 68 124
85 550 158 108 68 85 359 68 85
406 158 359
389 543
283 68 517
189 68 81 68 189 68 189 68 189 68 189 68 189
43 158 68 43 158
527 68 607 158 68 81 68 607 158 68 189 68 569 68 569 68 569 68 569 68 569 68 569 68 569 68 607 158 68 607 158 108
247 299
64 211 108 68 397 68 189 68 85 359
64 211 108
543 68 81 68
370 68 5 68 81 68 5 68 189 68 189 68 64 211 108
64 211 108 68 64 211 108
261 86 68 5 68 158 108 68 158 108 68 189 68 640
189 68 527 68 607 158 68 517 68 517 68 517
397 68 569 68 158 108
370 68 5 68 81 68 189 68 189 68 189 68 189 68 607 158 108 68 189 68 189 68 607 158 108
607 158 68 527 68 607 158 68 517
321 68 569 68 569 68 569 68 569 68 569 68 569
607 158
607 68 5 68 550 501 68 189 68 607 158 68 607 158 68 607 158 68 607 158
189 68 158 108 68 607 158 68 607 158 68 189 68 607 158 68 607 158 68 607 158 68 607 158 68 607 158 68 607 158 68 189 68 607 158 68 607 158 68 607 158 68 607 158 68 607 158 68 607 158 68 607 158 68 607 50 68 607 158 68 607 158 68 607 158 68 607 158 68 607 158 68 607 158 68 607 158 68 607 158 68 607 158 68 607 158 68 607 158 68 607 158 68 607 158 68 607 50
283 68 158 108 68 158 108
569 68 158 108 68 607 158 68 189 68 517 68 189
503 189
211 108 68 211 108 68 189 68 517
617 68 517
607 158 68 81 68 64 211 108
430 85 359
261 86 68 339 68 189 68 158 108 68 158 108
5 68 245 449 68 397 68 397 68 517 68 397 68 397 68 517
189 68 527 68 607 158 68 64 211 108 68 64 211 108
607 158 68 607 158 68 607 158 68 397 68 397 68 607 158 68 397 68 397
261 86 68 81 68 569 68 158 108
501 68 397 68 397
64 211 108
370 68 5 68 370 68 370 68 370 68 370 68 5 68 370 68 370 68 397 68 370
85 550 158 108 68 158 108
189 68 569 68 569 68 569 68 569 68 569 68 569 68 569 68 569 68 189
503 189
5 68 81 68 569 68 569 68 430 68 569 68 569 68 430 68 430 149
370 68 5 68 607 158 68 189 68 607 158 68 607 158 68 607 158 68 397
503 189
503 189 68 569 68 569 68 569 68 569 68 569 68 569 68 569 68 85
189 68 569 68 5 68 189 68 5
397 68 607 158 68 397 68 397 68 397
607 158 68 81 68 189 68 158 108 68 189 68 189 68 158 108 68 189 68 158 108
564
283 68 607 158 68 81 68 189 68 189 68 189
503 158 108 68 64 211 108 68 64 211 108
283 68 607 158 68 81 68 189 68 569 68 189 68 569 68 64 211 108
261 86 68 607 158 68 607 158 68 81 68 5 68 5 68 569 68 81
5 68 5 68 397
406 149
593 163 68 543 68 417
189
607 158 68 527 68 607 158 68 241 68 241 68 241 359
503 189 68 81 68 5 68 189 68 189 68 189 68 5 189 68 81
64 211 108 68 430 149
85 211 108 68 5 189
370 68 5 68 81 68 397 68 397 68 397 68 397 68 397 68 397 68 397
189 68 81 68 5 68 569 68 569 68 569 68 569 68 517 108
261 86 85
87 68 5 68 397 68 189 68 189 68 397 68 189 68 189 68 517
607 158 68 81 68 189 68 189 68 430 68 189
389 85 359 68 81 68 189
158 108 68 158 543 211 108
5 68 81 68 81 68 189 68 189 68 640
189 68 81 68 607 158 68 607 158 68 607 158 68 189
5 68 5
611 86
347 501 359
397 85 359
283 68 158 108 68 19 85 68 64 211 108
283 68 158 108 68 607 158 68 158 68 158
321
211 211 108
240 51 85
43 158 68 517 68 569
5 68 550 501
5 68 245 449
5 68 81 68 189 68 189 68 189 68 189 68 189
607 158 68 607 158 68 569 68 569 68 569 68 569 68 517 85 359
283 68 339 68 607 158 68 397 68 397 68 397
189 68 607 158 68 607 158 68 607 158 68 189 68 607 158 68 81 68 189 68 189 68 70 158 68 607 158 68 607 158 68 189 68 189 68 607 158 68 607 158 68 81 68 607 158 68 607 158 68 607 158 68 607 158 68 189 68 607 158 68 607 158 68 607 158 68 607 158 68 607 158 68 607 158 68 607 158 68 607 158 68 607 158 68 607 158 68 607 158 68 607 158 68 607 158 68 607 50
283 68 607 158 68 189 68 158 108 68 189 68 189 68 569 68 85 550 158 108
283 68 158 108 68 189 68 158 108 68 189 68 189 68 569 68 569 68 189 68 569 68 569 68 569 68 569 68 569 68 189 68 189 68 189 68 189 68 81 68 81 68 189 68 158 108 68 158 108 68 189 68 189 68 189 68 569 68 569 68 81 68 569 68 158 108 68 569 68 569 68 569 68 189 68 189 68 569 68 569 68 569 68 158 108 68 569 68 569 68 569 68 569 68 189 68 81 68
430 108
5 68 501 68 81 68 189 68 189
64 211 108 68 607 158 68 607 158 68 397 68 397 68 241 68 241 68 607 50
370 68 607 158 68 607 158 68 339
5 68 81 68 569 68 569 68 569 68 569 68 569 68 569 68 81
261 86 68 158 108 68 158 108 68 339 68 189 68 569 68 158 108 68 189 68 158 108
283
189 68 339 68 397 68 397 68 397 68 397 68 397 68 397 68 397
417
261 86 68 339 68 550 501 68 397 68 397 68 397 68 397 68 397 68 189
406 158 68 406 501 68 189 68 406 158 118
501 85 359 68 569 68 241
607 158 68 81 68 5 68 189 68 517 68 189 68 189 68 517
405 543
283
86 86 68 607 158 68 607 158 68 43 158
527 68 607 158 68 607 158 68 607 158 68 607 158 68 64 211 108
283 68 397
430 199
503 189
397 68 158 108 68 607 158 68 64 211 108 68 189 68 64 211 108
85 389 158 108
607 158 68 607 158 68 607 158 68 607 158 68 607 158
564 68 5 68 81 68 189 68 189 68 189
5 68 527 68 81 68 397 68 517 68 397 68 397 68 517
283 68 5 68 607 158 68 189 68 607 158 68 189 68 607 158 68 189
5
19 85 68 607 158 68 64 211 108 68 241 68 640
607 479 68 550 158 68 85 68 85 68 85 68 85 68 85
564 68 339 68 189 68 158 108
405 118
79 359
64 211 108 68 430 68 430
5 68 569 68 569 68 569
261 86 85 359
288
569 68 339 68 550 501 68 607 158 68 397 68 607 158 68 5
5 68 81 68 189 68 569 68 189 68 189 68 569 68 640 68 240 550 158 108
189 68 81 68 607 158 68 189 68 569 68 189 68 569 68 64 211 108
43 158 68 406 501 68 189 149
64 211 108 68 85 359 68 189 68 85 359
19 85 68 81 68 189 68 189 68 189 68 189 68 189
5
607 158 68 607 158 68 607 158 68 397 68 397 68 189 68 569 68 569 68 189 68 569 68 569 68 569 68 569 68 189 68 189 68 189 68 607 50 68 189 68 607 50 68 397 68 339 68 569 68 397 68 189 68 397 68 397 68 189 68 607 50 68 607 50 68 607 50 68 607 50 68 607 50 68 607 50 68 607 50 68 607 158 68 607 50 68 607 50 68 607 50 68 607 50 68 607 50 68
607 158 68 241
64 211 149
607 158 68 5 68 189 68 189 68 189 68 189 68 189 68 189 68 189 68 189
406 158 118
607 158 68 81 68 189
64 211 108 68 607 158 68 607 158 68 85 359
189 68 158 108 68 607 158 68 517 68 517
189 68 81 68 189 68 189 68 189
607 158 68 81 68 189 68 569 68 517 68 189 68 569 68 517 68 569 68 158 108
607 158 68 550 158 149 68 370 68 607 158 68 607 158
370 68 5 68 81 68 189 68 64 211 108 68 397 68 397 68 64 211 108
543 51 85
211 43 158
397 68 5 68 85 359
5 68 370 68 81 68 569 68 569 68 569 68 569
5 68 5 68 5 189 68 189
370 68 5 68 607 158 68 189 68 189 68 189 68 607 158 68 607 158 68 607 158 68 339 68 607 158 68 607 158 68 189 68 189 68 607 50 68 607 158 68 607 50 68 607 158 68 339 68 607 158 68 607 50 68 189 68 607 50 68 607 50 68 607 50 68 607 50 68 607 158 68 607 158 68 607 50 68 607 158 68 607 158 68 607 158 68 607 50 68 607 50 68 607 50 68 607 50 68
189 68 158 108 68 569 68 569 68 569 68 569 68 569 68 569 68 569 68 569
607 158 68 501 68 189 68 81 68 64 211 108
527 68 5 68 81 68 189 68 640
283 68 158 108 68 607 158 68 81 68 189
607 479 68 550 158 68 607 158 68 517 68 607 158 68 517 68 517
503 189 68 569 68 569 68 569 68 569 68 85 359
43 158 68 5 189
406 158 108
261 86 68 370 68 5 68 370 68 397 68 397 68 397 68 370 68 397
607 158 68 527 68 607 158 68 81 68 189
406 158 108
607 158 68 64 211 108 68 607 158 68 640
397 68 569 68 158 108
64 211 543 68 189 68 189
283 68 607 158 68 607 158 68 607 158 68 397 68 607 158 68 241 68 607 158 68 607 158 68 607 158 68 607 158 68 607 158 68 607 158 68 607 158 68 607 158 68 607 158 68 607 158 68 607 158 68 607 158 68 241 68 607 50 68 607 158 68 607 158 68 607 158 68 607 158 68 607 158 68 607 158 68 607 158 68 607 158 68 607 158 68 607 158 68 607 158 68 607 158 68 607 50 68
283 68 5 68 397 68 397 68 397 68 397 68 397 68 397 68 397 68 397
430 68 569 68 569 68 569
503 189 68 158 108 68 607 158 68 64 211 108 68 64 211 108 68 64 211 108
607 158 68 607 158 68 5
406 158
503 189 68 569 68 569 68 569 68 569 68 569 68 569 68 517
417
43 158 68 5 189
283 68 158 108 68 607 158 68 5 68 569 68 569
43 158 149
189 68 5 68 158 108 68 189 68 397 68 189 68 189 68 85 359
189 68 158 108 68 189 68 189 68 517
261 86 68 607 158 68 607 158 68 339 68 397
503 189 68 607 158 68 607 158 68 607 158 68 607
189 68 158 68 189
370 68 5 68 517 68 517
189 68 158 108 68 607 158 68 569 68 569 68 569 68 569 68 85
240 211
607 158 108 68 569 68 158 108
283 68 569 68 569 68 569 68 569 68 569 68 569 68 569 68 569
406 158 108
189 68 569 68 81 68 189 68 64 211 108
406 158 68 527 359
5 68 397 68 397 68 397 68 397 68 397 68 397 68 397 68 397 68 397
241
149 550 158 149
261 86 68 607 158 68 607 158 68 527 68 607 158 68 607 158 68 607 158 68 607 50 68 607 158 68 607 158 68 607 50
283 68 5 68 397 68 397 68 397 68 397 68 397 68 397 68 517
607 158 68 81 68 607 158 68 430 68 607 158 68 607 158 68 81 68 189
564 68 569 68 158 108
607 158 68 81
85 359
283 68 189 68 339 68 189 68 189 550 158 118
430 108
283 68 5 68 5
189 68 81 68 189 68 189 68 189 68 189 68 189
406 501 359 68 189 149
211 108
370 68 5 68 5 68 397 68 397
406 158
406 158 359
370 68 5 68 81 68 569 68 569 68 569 68 569 68 85 359
283 68 569 68 569 68 569 68 569 68 569 68 569 68 569 68 569
503 189 68 81 68 189 68 569 68 569 68 569 68 569 68 569 68 569 68 189
406 149
261 86
64 211 108 68 607 158 68 397 68 397 68 397 68 85
564 68 339
607 158 68 81 68 189 68 189 550 158
607 158 68 607 158 68 189
189 68 607 158 68 607 158 68 607 158 68 607 158 68 5 68 607 158 68 189 68 158 68 158 68 607 158 68 607 158 68 607 158 68 607 158 68 607 158 68 607 158 68 189 68 339 68 607 158 68 607 158 108
607 479 68 607 158 68 397 68 569 68 569 68 569 68 517
189 68 607 158 68 397 68 189 68 397 68 189 68 189 68 189 68 189 68 189 68 339 68 397 68 569 68 569 68 397 68 189 68 189 68 189 68 189 68 189 68 397 68 189 68 397 68 397 68 397 68 189 68 189 68 189 68 189 68 397 68 189 68 189 68 607 50 68 607 50 68 607 50 68 189 68 189 68 607 50 68 607 50 68 607 50 68 189 68 189 68 607 50 68 189 68 189 68
283 68 607 158 68 607 158 68 607 158 68 607 158 68 607 158 68 607 158 68 158 68 158 68 607 158 68 607 158 68 607 158 68 607 158 68 607 158 68 607 158 68 607 158 68 607 158 68 607 158 68 607 158 68 607 50 68 19 85 359 68 607 158 68 607 158 68 607 158 68 607 158 68 607 158 68 607 158 68 607 158 68 607 158 68 607 158 68 607 158 68 607 158 68 607 158 68 607
607 339 68 397 68 397 68 397 68 397 68 397 68 397 68 397 68 397 68 397
5 68 430
283 68 5 68 189 68 189 68 189 68 189 68 189 68 569 68 81
189 68 527 68 607 158 68 189 68 517
607 158 68 607 158 68 397 68 397 68 397 68 397 68 397 68 397 68 397 68 397 68 517
607 158 68 81 68 189 68 189 68 607 158 68 189 68 81 68 607 50
321 240 68 339 551
189 68 527 68 607 158 68 81 68 189 68 569 68 569 68 85
564
370 68 5 68 81 68 64 51 86
370 68 5 68 81 68 189 68 430 68 241 68 241 68 241 68 241
527 68 5 68 189
607 158 68 607 158 68 607 158 68 607 158 68 607
283 68 430 68 607 158 108 68 430 149
19 85 359 68 430
237 241
430 199 68 158 108 68 189 68 569 108
85 68 64 211 108
64 211 108 68 569 68 19 85 68 569 68 189 68 569 68 569 68 64 211 108
397 68 158 108 68 607 158 108 68 397 68 397 68 64 211 108
283 68 158 108 68 569 68 569
5 68 245 449 68 19 85 68 430 68 517 68 517 68 517 68 517
19 85 68 19 85
503 158
86 163
389 339
64 211
261 86 68 607 158 68 397 68 397 68 397 68 189 68 569 68 397 68 189 68 397 68 397 68 569 68 569 68 397 68 189 68 189 68 397 68 397 68 607 50 68 397 68 397 68 397 68 397 68 397 68 397 68 397 68 397 68 397 68 397 68 607 50 68 607 50 68 607 50 68 607 158 108 68 607 50 68 607 50 68 607 158 68 607 158 68 607 50 68 397 68 397 68 607 50 68 607 50
564
158 118
569 68 569 68 85 359 68 397 68 397 68 397 68 397 68 85 359
240 211 108
543 51 86
5 68 81 68 158 108 68 158 108 68 189 68 189
261 86 68 607 158 68 607 158 68 430
564 68 158 108 68 607 158 68 397 68 397 68 397 68 569 68 85
283
261 86 68 5 68 397 68 397 68 397 68 397 68 397 68 397 68 397 68 397
261 86 68 5 68 81 68 189 68 189 68 189 68 5
189 68 527 68 607 158 68 406 158 68 406 158 68 406 158 108
564 68 569 68 158 108
564 68 5 68 81 68 189 68 5 68 189 68 189 68 5 189 68 64 211 108
607 158 68 81 68 569 68 569 68 569 68 397 68 569 68 569 68 397
543 550 158 108 68 569
430 359
564
241
607 158 68 607 158 68 189 68 607 158 68 189
527 68 607 158 68 607 158 68 569 68 569 68 569 68 569 68 569 68 189 68 569 68 85 359 68 569 68 569 68 85 68 189 68 189 68 189 68 189 68 569 68 569 68 189 68 569 68 569 68 569 68 569 68 64 211 108 68 569 68 569 68 569 68 569 68 569 68 569 68 569 68 569 68 189 68 189 68 569 68 569 68 569 68 569 68 569 68 189 68 569 68 64 211 108 68 189 68 189
569 68 569 68 517 149
261 86 68 158 108 68 85
43 158 359
503 189 68 158 108 68 189 68 158 108 68 189 68 569 68 81
189 68 5 68 569 68 189
261 86
607 479 68 550 501 68 43 158
370 68 607 158 68 339
81
51 86
283 68 607 158 68 607 158 68 607 158 68 607 158 68 607 158 68 607 158 68 607 158 68 607 158 68 607 158 68 607 158 68 607 158 68 607 158 68 607 158 68 607 158 68 607 158 68 607 158 68 607 158 68 607 50 68 607 158 68 607 158 68 607 158 68 607 158 68 607 158 68 607 158 68 607 158 68 607 158 68 607 158 68 607 158 68 607 158 68 607 158 68 607 158 68 607 158 68
607 158 68 189 68 158 68 158 108 68 339
189 68 607 158 68 550 501 68 397 68 397 68 397 68 607 158 108
370 68 5 68 5 68 189 68 189
527 68 607 158 68 607 158 68 81 68 397 68 607 158 68 607 158 68 607 158 68 607 158 68 607 158 68 607 158 68 607 158 68 607 158 68 607 158 68 81 68 81 68 607 158 68 607 158 68 607 158 68 607 158 68 397 68 607 158 68 607 158 68 607 158 68 607 158 68 607 158 68 607 158 68 607 158 68 607 158 68 607 158 68 607 158 68 607 158 68 607 158 68 607 158 68 607 68
5 68 569 68 19 85 68 19 85 68 517 68 189 68 517 68 517
240 211
5 68 81 68 189 68 189 68 189 68 189 68 189 68 5 189 68 189 68 189
321 85 68 397 68 397 68 569 68 397 68 397 68 397 68 85 359 68 397 68 397 68 85 359
503 189
283 68 569 68 569 68 569
283 68 5 68 81
527 68 607 158 68 607 158 68 406 158 68 189 68 406 158 68 517
543 211 108
543 389 85 359
607 158 68 19 85 68 19 85
85 550 158 543
607 479 68 81 68 189 68 569 68 569 68 85 68 569 68 85
405 68 430 199 108
5 68 5 68 397
527 68 607 158 68 189 68 569
5 68 569 68 569 68 397 68 397 68 397 68 397 68 569 68 517
501 85 359 68 501 85 359 68 189 108
283 68 189 68 81 68 189 68 189 68 189 68 189
406 479
189 68 158 108 68 607 158 68 189 68 189 68 189
283 68 5 68 397 68 397 68 397 68 397 68 397 68 397 68 397 68 397
189 68 158 108 68 607 158 68 5 68 397 68 397 68 241 68 241 68 397 68 189 68 85
261 86 68 261 86 149
85 359 550 85 359
527 68 607 158 68 607 158 68 607 158 68 397 68 607 158
261 86
19 85 359
430 211
189 68 5 68 397 68 397 68 397 68 397
189 68 5 68 397 68 397 68 397 68 397 68 397 68 397 68 397 68 397
430 68 5 108 68 189 68 158 108
321 211 68 5 68 158 108
5 68 81 68 5 68 64 211 108 68 64 211 108
5 68 81 68 607 158 68 397 68 397 68 397 68 397 68 241 68 397 68 397 68 397 68 607 158 108
43 158 68 430
593 163 68 550 501 68 189 68 517
5 68 158 108 68 397 68 397 68 397 68 397 68 397 68 397 68 397
283 68 158 108 68 5 68 158 108 68 189 68 64 211 108
189 68 607 158 68 189 68 189 68 158 108 68 189 68 517 68 64 211 108
607 158
5 68 81 68 189 68 189 68 189 68 189 68 189 68 189 68 189 68 189 68 189 68 569 68 607 50
240
406 158
5 108
283 68 569 68 569 68 19 85 68 569 68 397 68 569 68 85

64 211 108
607 158 68 607 158 68 569 68 158 68 569 68 569
389 339
86 108 68 85 359
430 118 68 430 149
43 158
43 158 68 406 158 108 68 189 68 85 359
321 211
261 86 68 339 68 397 68 569 68 339
283
607 158 68 607 158 68 607 158 68 607 158
569 68 569 68 397 68 397 68 397 68 397 68 397 68 397 68 397 68 397 68 397 68 397 68 397 68 397 68 397 68 397 68 397 68 397 68 397 68 397 68 397 68 397 68 397 68 397 68 397 68 397 68 397 68 397 68 397 68 397 68 397 68 397 68 397 68 397 68 397 68 397 68 397 68 397 68 397 68 397 68 397 68 397 68 397 68 397 68 397 68 397 68 397 68 397 68 397 68
569 68 517 68 517 68 189 68 517
64 211 108 68 640
283 68 397
64 211
189 68 339 68 189 68 189 68 189
85 359
5 68 158 108 68 158 108 68 85 68 85 68 85 68 85
389 158
389 543
85
189 543 211 543
543 51 85
261 86 68 569 68 158 108 68 189 68 189 68 569 68 569 68 64 211 108
607 158 68 81 68 189 68 189 68 189 68 189 68 569 68 517
64 211 68 607 158 68 607 158 68 607 158 68 607 158 68 241 68 607 158
189 68 158 108 68 189 68 189 68 569
283
564 68 607 158 68 607 158 68 5 68 241 68 189 68 640
503 189
189 68 5 68 397 68 397 68 189 68 397 68 397 68 5 189 68 241
607 158 108
607 158 68 81 68 5
241 85
189 68 5 68 81 68 189 68 397 68 397 68 189 68 397 68 397 68 189 68 189 68 397 68 397 68 397 68 397 68 189 68 189 68 5 189 68 5 189 68 5 189 68 397 68 397 68 397 68 397 68 397 68 397 68 397 68 397 68 397 68 607 50 68 397 68 397 68 607 50 68 5 189 68 607 50 68 607 50 68 607 50 68 607 50 68 607 50 68 397 68 397 68 607 50 68 189 68
43 158
564
283 68 339 68 517 68 569 68 430 359
593 123
321 211 108 68 5 189 68 158 108
569 68 430
607 158 68 81 68 189 68 569 68 569 68 189 68 569 68 569 68 569 68 189 68 70 158 68 569 68 569 68 70 158 108 68 189 68 189 68 189 68 189 68 81 68 189 68 189 68 569 68 569 68 189 68 189 68 189 68 189 68 70 158 108 68 189 68 189 68 607 158 108 68 607 158 68 607 158 68 189 68 607 158 68 607 158 68 607 158 68 189 68 607 158 68 607 50 68 189 68 189
527 68 607 158 68 607 158 68 283 68 283
617 68 430
261 86 68 607 158 68 607 158 68 607 158 68 607 158 68 81 68 189 68 607 158 68 607 158 68 607 158 68 607 158 68 189 68 5 68 607 158 68 607 158 68 607 158 68 607 158 68 607 158 68 607 158 68 189 68 189 68 607 158 68 607 158 68 607 158 68 607 158 68 607 158 68 607 158 68 607 158 68 607 158 68 607 158 68 607 158 68 607 158 68 607 158 68 607 158 68 607 50
607 158 359
5 108 68 640
397
64 51 85

430 199
85 359 68 640
397 85 359
19 85 359
283 68 517 68 5 68 517
430 199 68 5 189
503 189 68 569 68 569 68 569 68 85 359 68 85 359
64 211 108
240 258
261 86 68 5 68 569 68 569 68 569 68 569 68 569 68 569 68 569 68 569
43 158 68 149
370 68 5 68 81 68 569 68 569 68 397 68 189
189 68 527 68 607 158 68 81 68 189 68 397 68 189 68 517 68 64 211 108
607 158 68 81 68 397 68 569 68 397 68 397 68 569 68 19 85 68 397 68 19 85 68 397 68 569 68 569 68 397 68 397 68 397 68 397 68 397 68 607 158 108 68 397 68 397 68 397 68 397 68 397 68 397 68 397 68 397 68 19 108 68 607 158 108 68 607 158 108 68 607 158 108 68 607 158 108 68 550 501 68 607 158 68 607 158 68 607 158 108 68 607 158 108 68 607 50 68
211 108
261 86 149
321
5 68 81 68 189 68 158 108 68 189 68 189 68 189 68 189 68 189 68 189
189 68 158 108 68 569 68 569 68 569 68 569 68 569 68 85
240 211 108
64 211 108 68 189 68 189
5 68 81 68 19 85 68 19 85 68 189 68 189
283 551
261 86 68 339 68 19 85 68 607 158 68 607 158 68 19 85 68 607 158 68 19 85
149 550 158 108
397 68 339
569
85 479 68 517 68 517
19 85 359 68 569
406 158 68 527 359
261 86 68 569 68 81 68 189 68 569 68 569 68 569 68 81 68 189 68 189 68 569 68 569 68 569 68 569 68 189 68 189 68 189 68 81 68 81 68 81 68 81 68 569 68 569 68 81 68 569 68 189 68 189 68 189 68 569 68 81 68 81 68 189 68 569 68 569 68 569 68 569 68 189 68 189 68 569 68 81 68 569 68 569 68 70 158 108 68 70 158 108 68 189 68 189 68 81
5 68 397 68 158 108
347 158 359
189 68 81 68 607 158 68 607 158 68 397 68 189 68 550 501 68 397 68 189 68 550 501 68 607 158 68 607 158 108
64 211 108
607 158 68 607 158 68 607 158 68 607
197 86
240 211 68 189
86 68 607 158 68 607 158 68 607 158 68 607 158 68 5
5 68 501 68 189 68 189
189 68 339 68 397 68 397 68 397 68 397 68 397 68 85 359 68 397 68 397 68 85 359
527 68 607 158 68 81 68 189
5 68 81 68 81 68 189 68 189 68 189 68 189
288 68 81 68 81
607 479 68 607 158 68 569 68 569 68 569 68 569 68 517
189 68 158 108 68 607 158 68 607 158 68 607 158 68 607 158 68 607 158 68 158
430 68 430
43 158 68 406 158 118
283 68 339 68 189 68 569 68 569 68 569 68 569 68 569 68 569 68 569 68 569 68 339
527 68 5 68 569 68 569 68 569 68 569 68 569
64 211 108
288 359
339
189 68 607 158 68 5 68 189 68 189 68 189
607 158 68 81 68 5 68 19 85
5
389 158 359
64 211 108 68 5 68 241 68 640
283 68 158 108 68 607 158 68 19 85 68 85 68 569 68 19 85
607 158 68 81 68 189 68 189 68 569 68 189 68 569 68 569 68 189 68 189
607 158 68 607 158 68 607 158 68 607 158 68 607 158 68 607 158 68 607 158 68 607 158 68 607 158 68 607 158 68 607 158 68 607 158 68 607 158 68 607 158 108 68 607 158 68 607 158 68 607 158 108
261 86 85
607 158 68 527 68 607 158 68 527 359
430 299
283 68 517 68 517 68 517 68 517 359
5 68 370 68 81 68 5 189 68 189 68 189
211
406 158 108
283 68 81 68 5 68 189 68 189 68 64 211 108
543 194 543
543 51 85
189 68 81 68 158 108 68 189 68 158 108
543 68 5
5 68 81 68 189 68 189 68 189 68 241 68 189 68 5 189 68 189
607 158 68 64 211 108 68 5
564 68 64 211 108
527 68 607 158 68 189 68 189 68 189
64 211 108 68 607 158 68 241 68 241 68 241 68 241
283 68 158 108 68 569 68 430 68 85 359
607 158 68 245 449
64 211 108
261 86 68 283 68 189
189 211 359
261 86 68 19 85 359
543 194 108
189 68 5 68 550 501 68 189 68 189 68 189 68 189 68 517 68 64 211 108
5 68 81 68 189 68 189 68 569 68 189 68 189 68 569 68 569 68 189 68 158 108
189 543 194 543
64 211 108 68 64 211 108
430 199 68 189 68 189
503 189 68 81 68 5 68 189
283 68 5 68 81 68 189 68 189 68 517
283 68 5 68 397 68 397 68 397 68 397 68 397
149 550 149
283
430 108
86 86 86 86
503 189
564
405 68 85 359
70 158 68 81 68 370 68 370 68 5
503 189 68 158 108 68 569 68 569 68 85 359 68 569 68 85 359
149 550 158 149
607 158 68 81 68 569 68 569 68 85 68 85 68 85 550 158 108
370 68 5 68 5 68 189 68 189 68 397 68 189 68 5 189 68 189 68 189 68 85
543 211 543
85 359
503 189 68 569 68 569 68 569 68 569 68 569 68 569 68 569 68 569
370 68 5 68 550 501 68 430 68 517
405 68 430 149
19 85 359
569 68 569 108
503 189
19 85 68 607 158 68 397 68 397 68 241 68 241 68 241 68 241 68 397 68 241 68 241 359
607 158 68 607 158 68 607 158 68 607 158 68 607 158 68 607 158 68 607 158 68 607 158 68 607 158 68 607 158 68 607 158 68 607 158 68 607 158 68 607 158 68 607 158 68 607 158 68 607 158 68 607 158 68 607 50 68 607 158 68 607 158 68 607 158 68 607 158 68 607 158 68 607 158 68 607 158 68 607 158 68 607 158 68 607 158 68 607 158 68 607 158 68 607 158 68 607 50
64 211
503 189 68 569 68 189
64 211 543 68 640
64 211 108 68 85 68 189 68 85 359 550 158 108
5 68 370 68 607 158 68 430 68 397 68 397 68 517
283 68 5 68 81
283
283
261 86 68 569 68 569 68 569 68 569 68 569 68 569
19 85 359 68 569 68 158 108
417
430 199
607 158 68 527 68 607 158 68 607 158 68 607 158 68 527 68 607 158 68 607 158
527 68 607 158 68 81 68 189 68 189 68 189
261 86 68 370 68 5 68 569 68 569 68 569 68 569 68 245 449
64 211 108 68 569 68 569 68 569 68 569
240 211 118
5 68 527 68 607 158 68 517 68 517 68 517
430 85 359
189 68 607 158 68 5
261 86 85
283 68 339 68 189 68 158 108 68 339 68 189 68 85 359
430 108 68 189 68 189
607 158 68 607 158 68 607 158 68 85 359 68 85 359 68 517 68 85
283 68 569 68 569 68 569 68 569 68 569 68 569 68 569 68 569 68 569 68 569 68 85 359
607 158 68 527 68 607 158 68 397 68 397 68 397
397 68 550 158 108
189 68 607 158 68 607 158 68 397 68 397 68 397 68 85 359
283 68 189 68 81 68 189 68 189 68 189 68 189 68 189 68 189 68 189 68 189 68 189 68 189 68 189 68 189 68 189 68 189 68 189 68 189 68 81 68 81 68 189 68 189 68 81 68 189 68 189 68 189 68 189 68 189 68 81 68 81 68 189 68 189 68 189 68 189 68 607 158 108 68 189 68 189 68 81 68 607 158 108 68 607 50 68 189 68 189 68 189 68 189 68 189 68 189
397 68 339 68 550 158 108
86 487 149
430 108
607 158 68 81 68 569 68 569 68 569 68 569 68 569 68 64 211 108
607 158 68 501 68 607 158 68 339 68 397 68 607 158
189 68 158 108 68 607 158 68 607 158 68 397 68 397 68 607 158 68 397
189 68 5 68 189 68 189 68 189 68 189 68 189 68 189 68 189 68 189
283 68 158 108 68 569 68 158 108
288 68 81 68 569 68 359
339 68 550 501 68 607 158 68 397 68 397 68 397 68 397 68 397 68 189 68 339
339
607 158 68 81 68 5 68 189 68 189 68 241 68 189
189 68 81 68 5 189 68 64 211 108
370 68 5 68 81 68 5 189 68 189 68 517
5 68 81 68 189 68 569 68 189 68 189 68 189 68 241 258 85
189 68 158 108 68 607 158 68 189 68 85
149 550 339 68
197 86
339 551 68 339
189 68 81 68 189 68 189 68 189 68 189 68 189 68 189 68 189 68 189
5 68 81 68 81 68 5 189
406 430
339 551
607 158 68 81 68 189 68 569 68 569 68 569 68 569 68 569 68 569 68 70 158 108
189 68 527 68 607 158 68 607 158 68 397 68 397 68 5
189 68 339 68 550 501 68 189 68 397 68 189 68 189 68 517 149
607 158 68 158 108
5 68 81 68 81 68 5 189 68 189 68 241
87 68 124
189 68 81 68 397 68 397 68 397 68 397 68 397 68 397 68 397 68 397
85 550 158 108 68 189 68 189
607 158 68 607 158 68 81 68 5 68 189 68 569 68 569 68 569 68 569 68 158 108
70 158
5 68 81 68 5 68 397 68 397 68 397 68 397 68 397 68 397 68 189 68 397 68 397 68 397 68 397 68 397 68 189 68 189 68 397 68 397 68 5 189 68 397 68 397 68 397 68 397 68 397 68 397 68 397 68 397 68 397 68 397 68 397 68 397 68 397 68 397 68 5 68 5 68 5 68 189 68 5 68 607 50 68 607 50 68 397 68 397 68 397 68 397 68 397 68 189 68 397
607 479 68 517 68 517 68 517
85 550 158 108 68 189 68 189 241 85 359 211 543 211 543 211 108
321 247
64 211 108 68 569 68 569 68 569 68 85 359 68 85 359 68 85 359
370 68 5 68 81 68 569 68 569 68 85
189 68 158 108 68 607 158 68 189 68 397 68 189 68 189 68 64 211 108
283 68 158 108 68 607 158 68 517
503 189 68 81 68 5 68 5 68 5 68 5 68 5 68 81 68 81 68 189 68 189 68 5 68 5 68 5 68 189 68 189 68 5 189 68 5 189 68 81 68 81 68 5 68 5 68 5 68 5 189 68 5 189 68 5 189 68 81 68 81 68 81 68 5 68 5 68 5 68 5 68 5 68 5 68 5 68 81 68 81 68 81 68 81 68 5 68 5 68 5 68 5 68 5 68 81 68
607 158 68 370 68 5 68 397 68 397 68 397 68 397 68 397 68 397 68 397
430 68 430 199 68 189 68 430
607 158 68 81 68 189 68 189 68 569 68 189 68 189 68 517 68 189 68 189 68 158 108
543 51 86
617 68
261 86 68 81 68 189 68 607 158 68 81 68 189 68 569 68 81
527 68 607 158 68 81 68 189 68 189 68 189 68 189 68 64 211 108
430
43 158 68 43 158
85 359
370
261 86 68 339 68 569 68 569 68 569
64 211 108
503 158 68 501 68 189 68 189 68 189 68 189
85 359
5 68 158 108 68 158 108 68 158 108 68 241 68 640 68 640 68 640 68 158 108
501 85 359 68 158 108 68 189
607 158 68 607 158 68 607 158 68 607 158 68 607 158 68 607 158 68 607 158 68 607 158 68 607 158 68 607 158 68 607 158 68 607 158 68 607 158 68 607 158 68 607 158 68 607 158 68 607 158 68 607 158 68 607 50
283 68 527 359
149 550 158
283 68 5 68 81 68 189
5 68 81 68 569 68 569 68 569 68 569 68 569 68 569 68 569 68 569 68 569 68 569 68 569 68 569 68 569 68 189 68 189 68 241 68 81 68 81 68 81 68 569 68 569 68 569 68 569 68 569 68 569 68 241 68 569 68 81 68 81 68 569 68 569 68 569 68 569 68 5 68 81 68 189 68 569 68 81 68 569 68 569 68 569 68 569 68 569 68 241 68 241 68 189 68 81 68
503 189 68 158 108 68 158 108 68 158 108 68 158 108
607 158 68 501 68 189 68 569
149 550 158
283 68 5 68 81 68 189 68 189 68 189 68 189 68 5 189 68 81
339
19 85 68 607 158 68 607 158 68 406 501 68 189
321 68 339 68 189 68 158 108
406 430
501
189 68 5 68 397 68 397 68 397 68 397 68 397 68 397 68 397 68 397
283 68 607 158 68 397 68 397 68 397 68 397 68 397 68 397 68 397 68 397 68 397 68 397 68 397 68 397 68 397 68 397 68 397 68 397 68 397 68 397 68 397 68 397 68 397 68 397 68 397 68 397 68 397 68 397 68 397 68 397 68 397 68 397 68 397 68 397 68 397 68 607 158 108 68 397 68 397 68 397 68 397 68 607 158 108 68 397 68 397 68 397 68 397 68 397 68 397
543 211 68 158 108 68 189 68 189 68 158 108
339 551 68 189 211 68 189 68 189 550 158 118
64 211 68 607 158 68 607 158 68 607 158 68 607 158 68 607 158 68 607 158 68 607 158 68 607 158 68 607 158 68 607 158 68 607 158 68 607 158 68 607 158 68 607 158 68 607 158 68 607 158 68 607 158 68 607 50 68 607 158 68 607 158 68 607 158 68 607 158 68 607 158 68 607 158 68 607 158 68 607 158 68 607 158 68 607 158 68 607 158 68 607 158 68 607 158 68 607 50
5 68 543 550 158 108
406 158 118
503 189 68 569 68 189 68 189 68 189 68 189
5 68 81 68 189 68 189 68 569 68 569 68 189 68 569 68 517 68 189 68 569 68 569 68 569 68 569 68 607 50 68 189 68 189 68 607 50 68 607 158 108 68 607 50 68 607 158 68 607 158 68 189 68 241 68 189 68 607 50 68 607 50 68 607 50 68 607 50 68 607 158 68 607 50 68 607 50 68 607 158 68 607 158 68 607 50 68 607 50 68 607 50 68 607 50 68 607 50
283 68 81 68 5 68 81
261 86 68 569 68 569 68 569 68 569 68 569 68 569 68 569 68 569 68 569 68 569 68 569 68 569 68 569 68 397 68 189 68 397 68 397 68 397 68 569 68 397 68 397 68 569 68 397 68 397 68 397 68 397 68 397 68 397 68 397 68 397 68 569 68 569 68 607 50 68 607 158 108 68 607 50 68 607 50 68 607 158 108 68 607 50 68 397 68 397 68 397 68 607 50 68 607 50
85 550 158 108 68 339 68 569
5 68 81 68 189 68 189 68 189 68 189 68 189 68 517
64 211 108
261 86 68 569 68 19 85 68 569 68 569 68 569 68 569 68 569 68 569
261 86 68 607 158 68 607 158 68 607 158 68 607 158 68 607 158 68 607 158 68 607 158 68 607 158 68 607 158 68 607 158 68 607 158 68 607 158 68 607 158 68 607 158 68 607 158 68 607 158 68 607 158 68 607 158 68 607 158 68 607 158 68 607 158 68 607 158 68 607 158 68 607 158 68 607 158 68 607 158 68 607 158 68 607 158 68 607 158 68 607 158 68 607 158 68 607 68
189 68 158 108 68 5 68 85
211 68 397 68 5
211 108
607 158 68 245 449 68 19 85
149
283 68 569 68 569 68 569 68 569 68 569 68 569 68 569 68 85
261 86 68 569 68 569 68 569 68 569 68 189 68 569 68 283
158 118

283
240 211
5 68 397 68 397
43 158 68 19 85 149
240 51 85 359
607 68 5 68 517 68 517 68 517 68 517 68 517
5 68 527 68 607 158 68 607 158 68 607 158 68 607 158 68 81
564 68 607 158 68 81 68 189 68 569 68 569 68 569 68 569 68 569 68 569 68 569 68 569 68 569 68 569 68 569 68 189
283
527
85
503 189
397 68 607 158 68 397 68 189 68 397 68 189 68 189 68 241 68 64 211 108
261 86 68 370 68 5 68 397 68 397 68 397 68 397 68 517
240 389 158 118
189 68 158 108 68 607 158 68 517
261 86
607 158 68 5 68 189 68 189
370 68 5 68 19 85 68 569 68 569 68 569 68 569 68 85
607 158 68 339 68 189 68 158 108 68 158 108
189 68 527 68 607 158 68 5 68 189 68 189 68 5 68 64 211 108
283 68 158 108 68 158 108 68 158 108
389 339
607 158 108 68 569 68 158 108
321 68 397 68 517
527 68 607 158 68 607 158 68 397 68 85 359 68 85 359 68 85 359 68 85 359
564 68 5 68 81 68 189 68 189 68 189
86 108
189 543 211 543 68 189 68 189
170
607 158 68 501 68 189 68 158 68 158 68 189 68 158 108
283 68 5 68 370 68 5 68 397 68 397 68 397
64 211 108 68 85 359
564 68 158 108 68 607 158 68 430 68 607 158 68 569 68 430
607 158 68 607 158 68 607 158 68 607 158 68 607 158 68 607 158 68 607 158 68 607 158 68 607 158 68 607 158 68 607 158 68 607 158 68 607 158 68 607 158 108 68 607 158 68 607 158 68 607 158 108
607 158 68 607 158 68 607 158
5 68 5 68 189 68 189 68 189 68 189 68 189 68 241 68 64 211 108
503 189 68 569 68 569 68 569 68 569 68 569 68 569 68 569 68 569 68 569 108
261 339 68 19 85 68 19 85 68 19 85 68 189 68 569 68 19 85 68 569 68 85 68 85 68 569 68 85 68 85 68 189 68 85 68 85 68 569 68 19 85 68 19 85 68 19 85 359 68 19 85 68 64 211 108
189 68 81 68 5 189
189 68 569 68 430 108
5 68 370 68 607 158 68 81 68 189 68 149
5 68 5 68 189 68 189 68 189 68 189 68 189 68 189 68 241 68 189 68 189 68 241 68 607 158 108
370 68 5 68 5 68 189 68 189 68 189 68 189 68 241 68 241 85
261 86 68 158 108 68 607 158 68 189 68 189 68 158 108
64 211 108
321 247
283 68 339 68 189 68 569 68 569 68 569 68 569 68 569 68 569 68 569 68 569 68 339
569 68 158 108 68 5 68 189 68 569 68 189 68 569 68 569 68 569 68 189
564 68 70 158
5 68 5 68 189 68 189 68 85 68 85 68 64 211 108
19 85 359 68 85 359
607 158 68 339 68 189 68 158 108
405
405
397 68 359
397 68 339 551 68 189 68 339
240 389 85 359
189 68 81 68 189 68 189 149
527 68 5 68 81 68 189 68 189 68 64 211 108
283
607 158 68 527 68 607 158 68 527 68 607 158 68 607 158 68 517
70 158 68 283
370 68 5 68 607 158 68 158 68 158 68 397
607 158 68 81 68 189 68 189
283 68 5 68 550 501 68 64 211 108
607 158 68 81 68 5 68 550 158 68 430 68 241 68 241 68 241 68 397 68 430
5 68 189 68 550 501 68 189 68 189 68 189 68 189 68 189 68 189 68 189 68 517
607 479 68 81 68 189 68 569 68 569 68 85 68 569 68 85
64 211 68 569 68 569 68 569 68 189 68 189 68 569 68 569 68 569 68 189
607 339 551 68 569 68 569
5
51 86
5 68 569 68 569 68 569 68 569 68 397 68 397 68 569 68 569 68 397 68 397 68 397 68 397 68 569 68 397 68 397 68 397 68 241 68 397 68 397 68 397 68 397 68 397 68 397 68 397 68 397 68 397 68 397 68 397 68 241 68 397 68 397 68 397 68 397 68 397 68 5 68 5 68 397 68 397 68 241 68 397 68 397 68 397 68 397 68 397 68 397 68 397 68 397 68 397 68
288
189 68 527 68 607 158 68 397 68 397 68 397 68 397 68 85 359
607 158 68 527 68 81 68 189 68 158
607 158 68 607 158 68 189 68 517 68 517
607 158 68 158 68 607 158 68 158 68 607 158 68 158 68 158
405 108 68 5 189 68 569
189 68 527 68 607 158 68 607 158 68 607 158 68 607 158 68 607 158 68 189
64 51 487 149
283 68 158 108 68 85 359 68 85 359
503 189 68 607 158 68 607 158 68 5 68 5 68 5 68 5 68 189
370 68 5 68 81 68 19 85 68 517
339 68 550 158 68 189 68 189 68 569 68 189 68 569 68 170 108
569 68 569 68 569 68 569 68 397 68 397 68 397
430 149
189 68 81 68 607 158 68 189 68 189 68 189
85 359
261 86 68 370 68 5 68 370 68 5 68 5
370
261 86
405 149
5 68 501 68 81 68 189 68 189 68 189 68 189 68 5 189 68 569 68 189
339 551 68 397
430 108
211 543
240 211 108
543 51 86 68 64 211 108
607 158 68 81 68 189 68 189 68 517 68 189 68 189 68 331 149
261 86 68 5
189 68 81 68 5 68 189 68 64 211 108
321 247
503 189
607 158 68 607 158 68 607 158 68 19 68 607 158 68 607 158 68 19 68 607 158 68 19 85 359 68 607 158 68 607 158 68 607 158 68 607 158 68 607 158 68 607 158 68 607 158 68 607 158 68 607 158 68 607 50 68 607 158 68 607 158 68 607 158 68 607 158 68 607 158 68 607 158 68 607 158 68 607 158 68 607 158 68 607 158 68 607 158 68 607 158 68 607 158 68 607 158 68
607 158 68 517 359 68 189
64 211 108 68 517
406 158 108
283 68 607 158 68 397 68 397 68 397 68 397 68 397 68 397 68 397 68 397 68 397 68 397 68 397 68 397 68 397 68 397 68 397 68 397 68 397 68 397 68 397 68 397 68 397 68 397 68 397 68 397 68 397 68 397 68 397 68 397 68 397 68 397 68 397 68 397 68 397 68 607 158 108 68 397 68 397 68 397 68 397 68 607 158 108 68 397 68 397 68 397 68 397 68 397 68 397
288 68 81 68 189 68 189
503 189 68 81 68 189
189 68 81 68 5 68 81 68 189 68 189 68 189
85 4 211 108 68 430
607 158 68 81 68 189 68 158 108 68 158 108
569 68 430 199 68 430 199
240 389 85 359
283
405 108 68 430
607 158 68 70 158 68 70 158
189 68 527 68 607 158 68 607 158 68 607 158 68 607 158 68 331 149
64 211 108 68 64 211 108
283 68 339 68 189 68 569 68 569 68 569 68 189 68 85 68 85 68 569 68 158 108
189 68 607 158 68 397 68 397 68 397 68 397 68 397 68 397 68 397 68 397 68 397 68 397 68 397 68 339 68 397 68 397 68 397 68 397 68 397 68 397 68 397 68 397 68 397 68 397 68 397 68 397 68 397 68 397 68 397 68 397 68 397 68 397 68 397 68 397 68 397 68 607 158 108 68 397 68 397 68 397 68 397 68 397 68 397 68 397 68 397 68 397 68 189 68 189 68 397
607 158 68 81 68 189
607 158 68 607 158 68 607 158 68 607 158 68 607 158 68 430 68 607 158 68 607 158 68 607 158 68 607 158 68 607 158 68 607 158 68 607 158 68 607 158 68 607 158 68 607 158 68 607 158 68 607 158 68 607 50 68 607 158 68 607 158 68 607 158 68 607 158 68 607 158 68 607 158 68 607 158 68 607 158 68 607 158 68 607 158 68 607 158 68 607 158 68 607 158 68 607 50 68
283 68 5 68 81 68 397 68 397 68 397 68 397 68 640
370 68 5 68 569 68 569 68 569 68 569 68 569 68 569 68 569 68 569 68 569 68 569 68 569 68 569 68 569 68 569 68 569 68 569 68 569 68 569 68 569 68 569 68 569 68 19 85 68 569 68 19 85 68 19 108 68 569 68 19 108 68 569 68 19 108 68 569 68 607 50 68 607 50 68 607 50 68 569 68 607 50 68 19 85 68 19 108 68 607 50 68 607 50 68 607 50 68
211
64 211 108 68 607 158 68 189 68 85 68 85 68 85
5 68 81 68 81 68 189 68 189 68 189 68 189 68 640
5 68 81 68 5
261 86 68 245 449 68 569 68 569 68 569 68 569 68 569
19 85 68 331 149
607 158 68 339 68 397 68 397 68 397 68 397 68 397 68 397 68 397 68 397 68 397 68 397 68 397 68 397 68 397 68 397 68 397 68 397 68 397 68 397 68 397 68 397 68 397 68 397 68 397 68 397 68 397 68 397 68 397 68 397 68 397 68 397 68 397 68 397 68 397 68 607 158 108 68 397 68 397 68 397 68 397 68 397 68 397 68 397 68 397 68 397 68 397 68 397 68 397
43 158 68 550 501 68 607 158
503 189 68 569 68 569 68 569 68 397
240 211 108
607 479 68 550 501 68 607 158 68 607 158 68 607 158 68 430 68 607 50
607 158 68 642 68 5 68 241 68 241 68 241 68 241
593 194 68 189 68 64 211
189 68 331
5 68 5 68 397 68 189 68 189 68 397 68 189 68 241 258 85
370 68 5 68 81 68 189 68 189 68 189 68 189 68 189 108
85 389 158 543
397 68 550 158 108 68 607 158 68 241
261 86 68 158 108
241 359
64 211
543
564 68 569 68 569 68 569 68 569 68 85 68 569 68 569 68 85
189 68 339 68 397 68 397 68 397 68 397
261 86 68 607 158 68 607 158 68 607 158 68 397 68 397 68 397 68 397 68 397 68 397 68 607 158 68 607 158 68 397 68 397 68 397 68 607 158 108 68 607 50 68 397 68 397 68 397 68 397 68 397 68 397 68 397 68 397 68 607 50 68 607 50 68 607 50 68 607 158 68 607 158 68 607 50 68 607 50 68 607 158 68 607 158 68 607 50 68 607 50 68 607 50 68 607 50 68
283 68 5 68 501 68 189 68 189 68 397 68 189
347 158 359
564 68 158 108 68 569 68 158 108
261 86
503 189 68 5 68 189 68 189
189 68 81 68 5 68 189
189 68 158 108 68 607 158 68 406 158 68 517 68 517
189 68 158 108 68 607 158 68 397 68 397 68 397 68 517 68 517
283
261 86
283 68 81 68 189 68 64 211 108 68 189 68 189 68 64 211 108
189 68 569 68 81 68 189 68 189 68 189 68 189 68 569 68 569 68 189 68 189 68 569 68 569 68 569 68 331
503 189 68 158 108 68 158 108 68 158 108
240 211 108
283 68 569 68 19 85 68 569 68 517 68 569 68 569 68 517
607 158 68 5 68 397 68 397 68 397 68 397 68 397 68 397 68 397 68 397 68 397 68 397 68 397 68 607 158 108
607 158
5 68 370 68 81 68 569 68 569 68 569 68 569 68 569 68 569 68 569 68 569 68 569 68 569 68 569 68 569 68 397 68 397 68 397 68 397 68 81 68 81 68 397 68 397 68 569 68 397 68 397 68 397 68 397 68 397 68 370 68 370 68 397 68 569 68 397 68 397 68 607 158 108 68 397 68 370 68 370 68 370 68 370 68 569 68 397 68 397 68 397 68 397 68 397 68 397 68
503 189 68 81 68 189 68 189
607 158 68 527 359 68 569 68 569 68 569
283 68 5 68 397 68 189 68 189 68 397 68 189 68 5 189 68 189 68 189
430 199 68 189 68 189 68 189
564 68 569 68 569 68 569 68 569 68 569 68 569 68 569 68 569
283 68 607 158 68 189 68 158 108 68 85 359
503 158 68 158 108 68 607 158 68 64 211 108
417 68 569 68 569 68 569 68 569 68 85 359
283 68 569 68 569 68 569 68 569 68 85 68 569 68 569 68 569 68 569 68 569 68 85 359
85 479 85 359
5 68 245 449 68 430 68 189 68 430 68 241 68 241 68 241 68 241 118
370 68 5 68 81 68 19 85 68 569 68 569 68 569 68 517
283 68 158 108 68 607 158 68 607 158 68 607 158 68 607 158 68 607 158 68 158 68 339 68 607 158 68 607 158 68 607 158 68 607 158 68 607 158 68 607 158 68 607 158 68 339 68 607 158 68 607 158 68 607 50
5 68 569 68 569 68 569 68 569 68 569 68 569
569 68 517 68 517 68 397 68 517 68 517
149
607 158 68 81 68 397 68 397 68 397 68 397 68 397 68 397 68 397
64 211 108
564
503 85 359
19 359
370
261 86
503 189 68 81 68 5 68 189 68 569 68 397 68 189
370 68 5 68 81 68 189 68 569 68 569 68 569 68 517 68 517
569 68 569 68 569 68 569 68 569 68 569 68 569 68 85 359
607 158 68 550 501 68 189 68 19 85 68 85 68 607 158 68 85 68 569 68 158 108
430 108 68 501 85 68 189 68 501 85
261 86 68 339 68 189 68 158 108 68 158 108
261 86 68 607 158 68 81 68 5 68 397 68 189 68 64 211 108
564 68 158
261 86 68 569 68 569 68 569 68 569 68 569 68 569
283 68 607 158 68 5 68 397 68 517
43 158 68 19 85 68 158 108 68 85 68 85
5 68 370 68 5 68 397 68 397 68 397 68 397 68 397 68 397 68 397 68 397 68 397 68 397 68 397 68 397 68 397 68 397 68 397 68 397 68 397 68 397 68 397 68 397 68 397 68 397 68 397 68 397 68 397 68 397 68 397 68 397 68 397 68 397 68 397 68 607 158 108 68 607 158 108 68 397 68 397 68 397 68 607 158 108 68 397 68 397 68 397 68 397 68 5 68 397 68
5 68 370 68 5 68 397 68 397 68 397 68 397 68 5
261 86 68 370 68 5 68 81 68 189 68 397 68 5 189 68 64 211 108
283 68 158 108 68 607 158 68 189 68 189 68 158 108
189 68 81 68 189 68 569 68 569 68 70 158 108
189 68 158 108 68 569 68 569 68 339
85 359
370 68 5 68 81 68 569 68 569 68 397 68 189
19 85 68 331 149
607 479 68 550 501 68 397 68 397 68 397 68 397 68 85 359 68 397 68 397 68 85 359
607 158 68 527 68 607 158 68 158 68 640
64 211
64 211 108 68 607 158 68 64 211
593 163
85 389 339 551 68 158 108 68 158 108
43 158 68 245 449
607 158 68 607
189 68 170 149
397 68 5 189 68 189 68 189
5 68 370 68 5 68 397 68 517 68 241 68 241 68 517
189 68 5 68 189 68 189 68 189 68 189 68 189 68 189 68 189 68 189
397 189 108
51 86
189 68 81 68 607 158 68 569 68 569 68 569 68 569 68 19 85 68 569 68 19 85 68 19 85 68 569 68 19 108 68 607 50 68 607 50 68 607 158 108 68 81 68 569 68 19 85 68 19 85 68 19 85 68 19 108 68 19 108 68 19 108 68 607 50 68 607 50 68 607 158 68 607 50 68 607 50 68 607 50 68 607 158 68 19 68 607 50 68 607 50 68 607 50 68 607 50 68
189 85 359
19 85 68 158 108 68 158 108 68 517 68 189
5 68 81 68 569 68 189 68 189 68 189 68 189
64 211 108
189 543 211 68 189 68 189 118
261 86 68 607 158 68 607 158 68 607 158 68 397 68 397 68 397 68 397
503 189 68 81 68 5 68 397 68 397 68 397 68 397 68 397 68 397 68 397
64 211 68 607 158 68 397 68 397 68 397 68 397 68 397 68 397 68 397 68 569 68 85 359
406 158 108
283 68 158 108 68 339 68 339
370 68 5 68 370 68 397 68 397 68 397 68 397 68 517
607 158 68 607 158 68 607 158 68 430
283 68 158 108
503 189 68 607 158 68 5 68 189 68 189 68 189 68 5
5 68 607 158 68 607 158 68 397 68 397 68 397 68 5 68 397 68 397 68 397 68 397 68 397 68 607 158 108 68 397 68 189 68 607 158 108 68 607 158 108 68 397 68 397 68 607 158 68 397 68 397 68 397 68 397 68 397 68 607 158 108 68 607 50 68 607 158 68 607 158 68 607 158 68 607 158 68 607 158 68 607 158 68 607 158 68 607 50 68 607 158 68 607 50 68 607 50
189 68 607 158 68 607 158 68 397 68 397 68 189 68 607 158 68 397 68 189 68 158 68 607 158 68 607 158 68 607 158 68 189 68 607 158 68 607 158 68 607 158 68 397 68 339 68 397 68 397 68 189 68 397 68 397 68 189 68 211 108 68 607 158 68 607 158 68 607 158 68 607 158 68 607 158 68 607 158 68 607 158 68 607 158 68 607 158 68 607 158 68 607 158 68 607 50 68
283 68 607 158 68 607 158 68 607 158 68 607 158 68 607 158 68 607 158 68 158
240 389 158
607 158 68 607 158 68 607 158 68 607 158 68 607 158 68 607 158 68 607 158 68 607 158 68 607 158 68 607 158 68 607 158 68 607 158 68 607 158 68 607 158 68 607 158 68 607 158 68 607 158 68 607 158 68 607 50 68 607 158 68 607 158 68 607 158 68 607 158 68 607 158 68 607 158 68 607 158 68 607 158 68 607 158 68 607 158 68 607 158 68 607 158 68 607 158 68 607 50
501 85 359
5 68 81 68 81 68 189 68 189 68 189
261 86 68 607 68 5 68 5 68 5 68 189
430 149 68 430
543 211 108
503 189 68 569 68 569 68 569 68 569 68 569 68 569 68 569 68 569 68 569 68 569 68 569 68 569 68 569 68 569 68 189 68 569 68 569 68 569 68 569 68 569 68 569 68 569 68 569 68 569 68 569 68 569 68 189 68 569 68 569 68 569 68 569 68 569 68 569 68 569 68 569 68 607 50 68 569 68 569 68 569 68 19 85 359 68 19 85 68 19 85 68 70 158 108
607 158 68 81 68 189 68 189 68 158 108 68 189 68 607 158 68 189 68 189 68 158 108
543 389 158 118
607 479 68 550 501 68 5 68 550 158 108 68 241 68 430 68 241 68 241
607 158 68 81 68 189 68 189 68 64 211 108 68 189 68 64 211 108
569 68 430 68 430 149 68 430 68 430 68 607 158 68 430 149
189 68 158 108 68 189 68 189 68 517
19 85 359
370 68 5 68 81 68 189 68 189 68 189 68 189 68 517 68 517 68 189 68 189 68 517
288
569 68 517 68 517 68 517
81 68 189 211 108 68 158 108
19 85
503 158
5 68 81 68 501 68 189 68 430 199 68 189 68 430 199
283
5 68 81 68 189 68 189 68 189 68 189 68 189 68 189 68 189 68 189 68 189 68 64 211 108
607 158 68 607 158 68 607 158 68 430 68 640
189 68 5 68 189 68 189 68 189 68 189 68 189
283 68 5 68 550 501 68 397 68 240 550 158 108
370 68 5 68 81 68 81 68 517
406 158 359
503 189 68 158 108 68 19 85 68 19 85 68 19 85
339 551 68 81 68 189 68 189
5 68 245 449 68 397 68 397 68 241 68 241 359
240 211 108
397 85 359
5 68 569 68 569 68 189 68 189 68 517
397 68 569 68 569 68 569 68 569 68 397 68 397 68 569 68 569 68 397
261 86 68 607 158 68 607 158 68 607 158 68 397 68 397 68 397 68 397 68 397 68 397 68 607 158 68 607 158 68 397 68 397 68 397 68 607 158 108 68 607 50 68 397 68 397 68 397 68 397 68 397 68 397 68 397 68 397 68 607 50 68 607 50 68 607 50 68 607 158 68 607 158 68 607 50 68 607 50 68 607 158 68 607 158 68 607 50 68 607 50 68 607 50 68 607 50 68
240 389 339
211 211
370 68 5 68 81 68 189 68 64 211 108
189 68 339
607 158 68 81 68 189 68 19 85 68 19 85 68 607 158 68 64 211 108 68 607 158 68 607 158 68 607 158 68 607 158 108 68 607 158 108 68 81 68 81 68 81 68 607 158 108 68 81 68 607 158 68 189 68 241 68 241 68 64 211 108 68 607 50 68 607 50 68 607 158 68 607 158 68 607 50 68 607 158 68 607 158 68 607 158 68 607 50 68 607 158 68 607 50 68 607 50 68
261 86 68 607 158 68 607 158 68 397 68 397 68 397 68 241 359 68 397 68 339 68 339 68 397 68 607 158 108
64 211 108 68 640 68 640
607 479 68 527 68 607 158 68 189 68 607 158 68 517
370 68 5 68 397
321 68 569 108
241 68 607 158 68 19 85 68 569 68 85 68 85
283 68 5 68 189 68 189 68 189
617 68 517
261 86 68 158 108 68 607 158 68 85
607 479 68 550 501 68 397 68 397 68 397 68 397 68 397 68 397 68 397 68 397 68 397 68 397 68 607 158 108
564 68 158 108 68 607 158 68 397 68 397 68 397 68 569 68 85
607 158 68 245 449
5
370 68 607 158 68 607 158 68 397 68 397 68 397 68 569 68 517 149
283 68 158 108 68 607 158 68 517 68 517
5 68 81 68 569 68 569 68 569 68 569 68 569
283 68 607 158 68 607 158 68 607 158 68 397 68 158 68 85 359
283 68 5 68 397 68 397 68 397
19 85
5 68 370 68 5 68 569 68 569 68 569 68 569 68 640
405 543
283 68 158 108
607 158 68 81 68 5 68 397 68 397 68 397 68 397 68 397 68 397 68 397 68 397 68 397 68 607 158 108 68 397 68 397 68 607 158 108 68 5 68 5 68 397 68 397 68 397 68 397 68 397 68 397 68 397 68 397 68 397 68 550 501 68 397 68 607 50 68 607 158 108 68 607 158 108 68 607 50 68 550 501 68 607 158 68 607 158 68 397 68 607 50 68 607 50 68 5 68 607
564
261 86
64 211 108
503 189 68 607 158 68 607 158 68 64 211 108 68 607 158 68 64 211 108
283 68 607 158 68 81 68 5 68 517
527 68 5 68 81 68 5 68 189 68 189 68 189
261 86 68 245 449 68 569 68 569 68 569 68 569 68 569 68 569 68 569
283 68 569 68 569 68 569 68 569 68 569 68 569 68 569 68 517 68 189 68 569 68 569 68 569 68 569 68 569 68 189 68 189 68 189 68 189 68 189 68 569 68 189 68 569 68 569 68 569 68 569 68 189 68 189 68 189 68 569 68 569 68 569 68 569 68 569 68 569 68 569 68 607 50 68 189 68 569 68 569 68 569 68 569 68 569 68 569 68 569 68 569 68 189 68 189 68 189
564 108
211
397 68 189 68 607 158 68 189 68 397 68 189 68 189 68 241 68 189 68 189
5 68 569 68 517 68 517 68 517 68 517
607 158
261 86 68 124
503 189 68 5 68 189 68 189
283 68 189 68 517 149
64 211 108 68 64 211 108 68 64 211 108 68 64 211 108
189 68 607 158 68 81 68 5 68 5 68 5
607 158 68 607 158 68 607 158 68 607 158 68 607 158 68 607 158 68 607 158 68 607 158 68 607 158 68 607 158 68 607 158 68 607 158 68 607 158 68 607 158 68 607 158 68 607 158 68 607 158 68 607 50 68 607 50 68 607 50 68 607 50 68 607 158 68 607 158 68 607 158 68 607 158 68 607 158 68 607 158 68 607 158 68 607 158 68 607 158 68 607 50 68 607 158 68 607 50
406 158 108
19 85
64 211 108 68 189 68 189 68 189 68 189 68 189 68 64 211 108
261 86
389 199 359
389 158
503 189
607 158 68 81 68 397 68 397 68 397 68 397 68 397 68 64 211 108
607 158 68 19 85
430 108
543 389 85 359
19 85 68 430
503 189 68 81 68 569 68 569 68 569 68 569 68 569 68 240 550 501 85
240 211
240 211
64 211 108 68 339
527 68 607 158 68 607 158 68 569 68 569 68 569 68 569 68 517
607 158 68 527 68 607 158 68 607 158 68 607
430 149
240
283 68 158 108 68 158 108 68 64 211 108 68 85
430 199
85 550 158 68 406 158 108 68 189
607 158 68 81 68 189 68 569 68 569 68 189 68 189 68 81
503 189
19 85 68 607 158 68 64 211 108 68 241 68 640
85 347 158 359
607 158 68 527 68 607 158 68 19 85 68 19 85
564
211 108
5 68 397 68 397 68 397 68 397
283 68 5 68 569 68 569 68 569 68 569 68 569 68 569 68 569 68 569
189
211
503 189 68 81 68 189 68 64 211 108
189 68 527 68 607 158 68 607 158 68 397 68 397 68 5 68 517
543
607 158 68 550 501
607 158 68 81 68 189 68 158 108 68 517 68 607 158 68 517
283 68 501 68 189 68 569 68 569 68 397 68 189 68 569 68 64 211 108
240 211 108
19 85 68 430
189 68 81 68 5 68 64 211 108 68 241 68 241 68 640 68 64 211 108
607 158 68 70 158 68 70 158
370 68 5 68 550 501 68 189 68 607 158 68 397 68 607 158 68 397 68 189 68 158 108
189 68 569 68 81 68 189 68 189 68 569 68 189 68 569 68 331 149
283 68 158 108 68 569 68 569 68 569 68 85 359
607 158 68 81 68 5 68 189 68 189
503 158 68 158 108 68 189 68 64 211 108 68 189 68 64 211 108
503 189
527 68 5 68 501 68 5 68 517
261 86 68 339 68 397 68 397 68 397 68 397 68 189 68 64 211 108
189 68 527 68 607 158 68 607 158 68 397 68 397
189 68 158 108 68 189 68 189 68 189 68 189 68 189 68 189 108
211 108
503 189 68 158 108 68 158 108 68 569 68 569 68 569 68 569 68 569
501 85 194
430 149
503 189 68 158 108 68 607 158 68 158 108 68 189 68 64 211 108
397 68 517 68 607 158 68 607 158 68 517
503 189 68 158 108 68 158 108 68 158 108
5 68 370 68 5 68 397 68 397 68 397 68 397
240 211 85 359
339 551 68 569 68 569 68 430
189 68 569 68 397 68 397 68 397
283 68 569 68 569 68 569 68 569 68 569 68 569
607 158 68 501 68 189 68 189 68 189
283 68 158 108 68 607 158 68 158 108 68 158 108
405 108
283 68 5 68 189 68 189 68 189 68 189 68 189 68 569 68 64 211 108
87 68 607 158 68 607 158 68 397 68 397 68 397 68 640 68 64 211 108
397 108
283 68 370 68 5 68 397 68 397 68 397 68 397 68 397 68 397 68 397 68 397 68 517
240 389 85 359
527 68 607 158 68 607 158 68 189 68 64 211 108 68 64 211 108 68 189 68 189 68 64 211 108
607 158 68 19 85 68 19 85
211
189 68 607 158 68 189 68 189 68 189 68 189 68 189 68 64 211 108
607 158 68 527 68 5
370 68 5 68 607 158 68 158 68 189 68 189 68 569 68 569 68 569 68 158 108 68 339 68 158 108 68 607 158 108 68 189 68 189 68 607 158 108 68 607 158 108 68 189 68 339 68 339 68 607 158 108 68 189 68 189 68 607 158 108 68 607 158 108 68 607 158 108 68 607 158 108 68 607 158 108 68 607 158 68 607 158 68 607 158 68 607 158 68 607 158 108 68 607 50 68 607 50
430 68 607 158 68 607 158 68 640 68 640
261 86 68 569 68 81
64 211 108
503 189 68 607 158 68 607 158 68 607 158 68 607 158 68 607
240 211 299
189
607 158 68 81 68 189 68 158 108 68 158 108
43 158
543
370 68 5 68 81 68 189 68 189 68 189 68 189 68 189 68 81
149 550 158 149
417
5 68 527 68 607 158 68 397 68 397 68 397 68 397 68 397 68 397
607 158 68 81 68 5 189 68 569 68 569 68 569
189 68 527 68 5 68 189 68 189 68 189
64 211 68 607 158 68 607 158 68 607 158 68 607 158 68 607 158 68 607 158 68 607 158 68 607 158 68 607 158 68 607 158 68 607 158 68 607 158 68 607 158 68 607 158 68 607 158 68 607 158 68 607 158 68 607 158 68 607 158 68 607 158 68 607 158 68 607 158 68 607 158 68 607 158 68 607 158 68 607 158 68 607 158 68 607 158 68 607 158 68 607 158 68 607 158 68 607 50
64 211 108 68 241
211 43 158
5 68 81 68 189 68 189 68 189 68 189 68 189 68 640 68 64 211 108
430 68 430 199
564
5 68 370 68 81 68 569 68 569 68 569 68 569 68 569 68 569 68 569 68 569 68 85 359
339 68 607 158 68 607 158 68 607 158 68 607 158 68 339 68 607 158 68 607 158 68 339
283 68 339 68 397 68 397 68 397 68 397 68 397 68 569 68 397 68 397
405
283 68 607 158 68 397 68 397 68 397 68 397 68 397 68 85
370 68 5 68 81 68 397 68 397 68 397 68 397 68 397 68 397 68 397 68 397 68 397 68 397 68 397 68 64 211 108
64 211 108 68 607 158 68 189 68 569 68 569 68 569 68 569 68 189 68 189 68 85
261 86 68 607 158 68 607 158 68 527 68 607 158 68 607 158 68 607 158 68 527 68 607 158 68 607 158 68 607 158 68 607 158 68 607 158 68 81 68 81 68 607 158 68 607 158 68 607 158 68 607 158 68 607 50
237 118
283 68 569 68 569 68 569 68 569 68 517 68 569 68 517
19 85 359
189 68 5 189 68 158 108
85 359 211 108 68 517
189 68 607 158 68 397 68 397 68 397 68 397 68 397 68 397 68 397 68 397 68 397 68 397 68 397 68 85 359 68 397 68 397 68 397 68 397 68 397 68 397 68 397 68 397 68 397 68 397 68 397 68 397 68 397 68 397 68 397 68 397 68 397 68 397 68 397 68 397 68 397 68 397 68 397 68 397 68 397 68 397 68 397 68 397 68 397 68 397 68 397 68 397 68 397 68 397 68
370 68 5 68 81 68 189 68 607 158 68 607 158 68 607 158 68 607 158 68 607 158 68 607 158 68 607 158 68 607 158 68 607 158 68 81 68 81 68 81 68 81 68 607 158 68 607 158 68 607 158 68 607 158 68 607 50
607 158 68 607 158 68 397 68 397 68 397 68 397
607 479 68 550 501 68 189 68 517 85 359
417 68 430 199 68 569 108
283 68 158 108
85 359 211 108
283 68 158 108 68 607 158 68 64 211 108 68 64 211 108
283 68 550 501 68 607 158 68 607 158 68 397 68 397 68 19 85 68 397 68 397 68 607 50
189 68 81 68 189 68 189 68 569 68 397 68 189 68 189 68 517
430 199
86 86 258 68 430 68 607 158
64 211 108 68 569 68 569 68 569 68 569 68 569 68 85 359 68 85 359
339 551 68 430 359
527 68 5 68 189
370 68 5 68 397
607 158 108
397 68 5
283 68 5 68 189 68 189 68 189 68 189 68 189 68 569 68 607 158 108
569 68 569 68 81 68 189 68 569 68 569 68 569
607 158 68 81 68 189 68 189 68 331 149
543 389 339
339 551 68 550 158 108 68 189 68 158 108
5 68 81 68 569 68 19 85 68 19 85 68 569 68 569 68 19 85
261 86
569 68 501 68 81 68 64 211 108 68 64 211 108
170 299
569 68 81 68 81 68 189 68 189 68 189 68 189 68 569 68 81
189 68 5 68 81 68 189 68 640 68 241 68 241
430 199
85 359 68 85 359
85 430 149
43 158 68 607 158 68 607 158 68 607 158
64 211 108 68 189 68 189 68 569 68 189 68 189
85 359
5 68 158 108 68 397 68 397 68 397 68 397 68 397 68 397 68 397
189 68 158 108 68 607 158 68 517 68 517
189 68 158 108 68 189 68 158 108
283 68 339
5 68 569 68 5
543 389 158 118
564
