261 86 68 124 68 197 86 68 339 68 339 68 640 68 640 68 640 68 640 68 397
189 68 64 211 68 347 501 68 607 158 68 189 68 397 68 189 68 189 68 607 50
550 339 68 550 155 68 158 85
651 86 68 189 68 517 68 189 68 397
550 543
397 68 54 86 68 64 211
165
43 158 68 189 68 577 68 569 68 149 258 85 68 149 458 85
290 158 290
85 68 406 158 85 359
503 158 68 339 68 607 158 68 70 158 68 64 211
517 211
593 149 68 611 74 68 397 68 397 68 397 68 211 108 68 211 68 211 68 211 68 211 543
87 152 68 19 505
49 68 197 158 68 430 68 607 158 68 85 359 68 85 299
85 379
321 290 68 406 85 68 85 152
273
85 406 158
85 406 158 359
611 258 68 5 68 517 85 359 68 241 68 241 68 85
85 347 158 430
607 158 68 607 158 68 607 158 68 430
503 189 68 197 86 68 189 68 543 211
552 85
331 149 68 81 68 43 158 68 611 194
447 158 359 68 505
527 68 397 68 85 331 68 397
405 152
87 152 68 19 85 68 321 569 68 538 158 199 68 397 68 397 68 397 68 397 68 405
503 85
642 211
564 68 552 68 158 85 68 158 108 68 651 85
290
503 85 68 158 108 68 189 68 629 68 629
611 149 389 213 194 359
503 158 68 339 551 68 569 68 85 299 85 359 68 85 299 299 299 299 299 299 299 299 299
503 85 68 189 68 651 569 68 85 222 85 359 68 85 299
517 430 149
321 569 68 64 211 189
189 68 569 68 158 108 68 211 211 290 85 359
651 505
405 68 611 299 299
321 68 189 68 577 68 189 68 359
158 108 68 569 68 365 430 155 68 158 152
189 68 165 68 170 108 68 85 406 158 118 68 569 68 85 299
189 68 607 68 607 68 397 68 397 68 85 299 85 68 85 68 85 359
189 68 189 68 149 149 68 158 149 74
552
397 158 85 68 85 611 189 68 543 211
629 68 397 68 569 68 85 211 430 68 158 108
607 50
593 85 68 197 86 68 158 108 68 339
550 430 68 347 158 359
189 68 197 86 68 70 158 108 68 170 149 68 331 149
261 86 68 370 68 245 449 68 189 68 321 149
347 158 68 629 68 397 68 397 68 149 68 5 68 640 68 640 68 640 68 640 68 640 68 331 149
189 68 253 68 370 68 569 68 405 68 569 68 85 331 569 68 85 331 68 85 331 68 85 331 569 68 365 430 199
64 211 258 68 397 68 569 108
550 501 68 85 222 85
503 189 68 640 68 149 68 339 68 397 68 253 68 397 68 569 68 569 68 569 68 569 68 569 68 397 68 550 501 68 550 158 359 68 253 68 253 68 253 68 253 68 253 68 253 68 152 68 152 68 152 68 651 123 68 651 123 68 651 123 68 152 68 152 68 152 68 152 68 640 68 550 501 68 651 339 68 651 123 68 651 339 68 550 501 68 397 68 651 339 68 651 339 68 253 68 253 359
189 68 149 211 68 607 158 68 543 68 543 550 501 68 550 430 68 550 158
253 85 152
607 155 68 87 68 81 68 397 68 85 68 85 68 158 108 68 517 68 397 68 43 158 68 640 68 640 68 640 68 640 68 640 68 43 158 68 517
261 86 543
321 569 68 85 347 158
640
189 68 347 501 68 331 149
253 359
611 211 68 517 359
651 85 68 640 68 397 68 397 68 19 85 68 189 68 189 68 189 68 189
43 158 68 331 68 89 158 68 87 68 569 68 503 189 68 503 189 68 503 189 68 503 189 68 503 189 68 607 158
258 68 331 149 68 607 158 68 611 68 197 86
503 339 68 550 501 68 197 86 68 550 152
503 339 68 405 68 397 68 85 359 51 86 85
261 86 68 607 158 68 331 68 505 68 607 158 68 607 158 68 607 158 68 607 158 68 607 158 68 607 155
189 68 543 211 68 569 68 607 158 68 640 68 85 68 5 189 68 640 68 5 68 321 240 68 640 68 640 68 640 68 640 68 321 240 68 189 68 5 189 68 5 189 68 5 189 68 607 158 68 607 158 68 640 68 607 155
611 258 68 5 68 517 85 359 68 241 68 241 68 85
593 543 68 405 68 611 194 68 611 189
158 85 64
651 569 68 189 68 189 68 550 86
135 149 68 593 149 68 189 68 347 501 68 640 68 640 68 85 68 85 68 85 68 640 68 640 68 640 68 331 487 149
135 68 189 68 81 68 370 68 5 68 517
189 68 189 68 347 501 68 339 68 550 85 68 321 152
149
189 68 651 85
321 68 593 85 68 43 158 68 577 68 640 68 640 68 640 68 517 118
189 68 149 211 68 607 158 68 543 68 543 550 501 68 550 430 68 550 158
321 359
43 158 68 189 68 81 68 5 68 344 189 68 290
331 569 68 43 158 68 81 68 607 68 331 68 19 85 68 569 68 569 68 331 569 68 331 569 68 331 569 68 331 569 68 331 569 68 331 487 359
189 68 607 158 68 569 68 158 108 68 331 430 149 68 640 68 4
593 85 68 85 299 68 43 158 68 158 108 68 607 68 237 68 237 68 237 108
64 211 68 550 158 543 68 607 158 68 430 68 607 158 68 211 240 211 108 68 211
607 158 222 85 359
611 149
503 158 68 347 158 359
389 569
569 68 607 158 68 339 68 189 68 149 68 611 85
85 299 299
503 85 68 189 68 651 569 68 85 359 68 397 68 149 68 158 108
321 240
344 108 68 347 158 331
406 158 359 68 189 68 85 406 158 85
189 68 231 543 68 189 68 397 68 405 85 68 640 68 640
503 189 68 640 68 370 68 607 158 68 640 68 85 68 85
253 68 503 189 68 607 158 68 339 68 211
503 189 68 640 68 89 86
651 123 68 331 68 397 68 569 68 85 68 158 108
261 158 108
543 85 290 85
417 85 68 640 68 158 85 359
640 68 149 211 85
503 189 68 189 68 81 68 397 68 85 359 68 85 359
189 68 81 68 149 458 85
550 86
430 211 197
611 149 68 593 149 68 538 430 68 149 68 607 158 68 149
642 211 68 201 85 152 68 607 68 241 68 611 68 43 158 68 43 158 68 43 158 68 43 158 68 85
321 27 68 569 68 569 68 79 158 108 68 201 258 68 201 258 68 201 258 68 201 258 68 201 258
43 158 68 189 68 430 68 81 68 85 152 550 339
290 136 479
611 199
189 68 211 299 68 607 158 68 607 158 68 607 158 68 430 68 607 158 68 607 158 68 607 158 68 211
331 149 68 397
347 158 68 550 339 68 397 68 569 68 19 85
503 158 68 347 158 359
503 189 68 527 68 189 68 85 290 85 68 640 68 640 68 640 68 640 68 640
406 152
64 211 68 85 299
503 189 68 197 86 68 642 68 85 68 569 68 569
503 189
503 189
211 85 359
158 108 68 85 299 68 607 68 158 68 85
569 85 258 68 158 108 68 290 85
552 85
344 108 68 201 258 68 158 108 68 430 68 85 359 211 68 241 359 211 85 359
149 390 68 189 158 85 222 85 211 359
158 85 68 593 149 68 261 86 68 607 158 68 266 158
550 152
447 85 359
347 158 68 577 68 607 158 359 68 19 359
347 158 359 68 430 68 405 543 68 149 68 149 211 85 331 149 68 149
611 211 199
43 158 68 189 68 189 85 189
231 68 261 86 68 370 68 43 158 68 370 68 397 68 607 155
629 68 405 68 158 543 68 607 158 68 607 158 68 607 158 68 607 158 68 607 158 68 405
158 85 331 68 331 152
189 68 81 68 607 50
503 189 68 189 68 266 158 68 253 68 397 68 85 68 189 68 253 68 189 68 253
43 158 68 607 158
344 108 68 347 158 331
503 158 68 607 50 68 640 68 149 258 68 607 158 68 607 158 68 137 158 68 607 158 68 137 158 68 607 158 68 607 158 68 607 158 68 137 158 68 87 68 87 68 607 158 68 253 68 253 68 253 68 253 68 258 240 68 607 158 68 607 155 68 607 158 68 640 68 640 68 640 68 640 68 640 68 607 158 68 137 158 68 640 68 607 158 68 331 487 359 68 137 158 68 607 158 68 87 68
165 68 49 68 339 68 158 108 68 85 152
79 430 68 197
261 211
79 430
569 85 68 607 158 85 331
189 68 64 211 149 68 189 68 19 85 68 397 68 253 68 430 68 158
201 211 68 607 158 68 640 68 406 85 152 68 85
405 85 68 629
290 158 85 359 68 607 50
253 68 406 158 359 211 222 85 359
189 68 569 68 253 68 5 189 68 503 189
241 359 68 85 347 158 359 68 397
43 158 68 331 149 68 5 68 569 68 569 68 19 85 68 93 211 85 68 158 68 331 68 331 569 68 640 68 640 68 640 68 640 68 331
158 85 379 85 359
189 211 85 299 211 299
607 158 68 4 85 68 64 211 108
640 68 347 158 359 68 359
43 158 68 607 158 68 607 158 68 158 68 158 68 569 68 158 108
543 389 621
258 189 68 607 158 68 607 158 68 211 211 155
189 68 640 68 189 68 347 158 359
611 359 68 569
321 237
197 86 68 299 68 505
406 430
569 68 211 299 68 189 68 517 258 68 569 68 85 68 85 68 85
189 68 197 86 68 640 68 640 68 85 359
538 158 149
321 68 593 543 68 607 158 68 607 158 68 331
261 86 68 158 68 331 68 611 189 68 85 359 68 85
651 86 68 343 543 68 197 86 68 170 211 68 607 50
550 152
550 158 543 211 543
189 68 347 501 68 189 68 158 108 68 607 158 68 607 50 68 607 155
405 577
189 68 517 68 5 68 85 406 158 543 68 517 68 517
651 123 68 430 68 607 158 68 607 158 68 607
211 607 199
577 68 607 158 68 640 68 85 64 211 108 68 640 68 640 68 430 68 611 74
253 359
241 68 607 158 68 149 211 543 85
527 68 87 68 197 86
211 543
593 163 68 299 68 607 158 68 149 68 158 108
240 149
607 158 68 70 158 149
135 149 68 593 149 68 189 68 405 68 640 68 640 68 640 68 79 430
640 68 370 68 607 158 68 607 158 68 189 68 85 331 68 640 68 331 237 79 158 68 640 68 640 68 640 68 640 68 640 68 640 68 640 68 640 68 640 68 640 68 640 68 189 68 640 68 607 155 194 543 194 299 237 79 474 79 158 68 640 68 640 68 640 68 640 68 640 68 640 68 640 68 640 68 640 68 640 68 640 68 640 68 607 155 194 543 194 543 194 299
149 458 85 68 611 68 611
321 152 68 370 68 170 68 170 449 68 607 68 607 50
593 163 68 299 68 640 68 397 68 64 211 108 68 569 68 569 68 19 85
43 158 68 189 68 189 643
503 85
344 108 68 347 158 331
49 68 158 108 68 501 85 158 85 152 211 68 158 108 68 158 108
189 68 211 299 68 517 68 158 108 68 569 68 149 68 149 211 68 149 550 158 149
290 85
593 149 68 339 68 149 68 189 68 405 149 68 189 68 85 68 85 68 85 331 487 149
501 85 503 189 68 538 158 68 550 158 178 68 64 211 108
189 68 189 68 397 68 577 68 569 68 85 611 189 68 503 339
189 68 550 501 68 607 158 68 550 430 68 640 68 64 211 108
189 68 359
569 68 85 152 211 68 339 68 170 211
189 158 199 85 359 389 85 359
290 178
527 68 405 68 517 258 149 68 569 68 365 430
43 158 68 331 149 68 158 108 68 158 108
607 158 211 430
552 85 359
81 211 222 68 430 68 158 108 68 19 85 359
321 68 158 85
569 68 538 158 108
538 158 189 68 389 158 543 68 406 158 543
321 68 158 85
290 543 68 189 68 149 211 158 199
19 651 85 68 569 68 85 68 85 68 365 430 149 68 569 68 569 68 569 68 569 68 365 430 149
86 163 68 152 68 347 501 68 397 68 607 158 68 607 158 68 211 450 68 607 158 68 607 158 68 607 158 68 550 501 68 550 158 68 550 158 68 86 550 501 68 550 501 68 550 501 68 550 501 68 152 68 152 68 152 68 152 68 152 68 152 68 152 68 152 68 152 68 152 68 152 68 152 68 152 68 550 158 68 550 501 68 152 68 152 68 152 68 152 68 607 158 74
495
347 158
231 240 68 640
321 240 359 51 85 359
503 85
231 240
389 339 68 213 68 85
253 68 5 68 569
321 68 593 149 68 158 108 68 640 68 85 299
261 86 68 197 86 68 651 569 68 85 359
85 347 158 118 68 640
607 158 68 189 389 158 118 68 331 487 149
189 211 108
5 85 68 430 64 211 85
503 158 68 607 68 189 68 331 149 68 158 108
64 211 68 577 68 81 68 607 158 68 211
189 68 550 501 68 397 68 607 158 68 607 158 68 290 85 359 68 640 68 640 68 85 359
64 211 149 68 397
347 158 68 577 68 397 68 241 68 569 85
447 158 359 85 359
189 68 397 68 651 85 68 397 68 397 68 85 68 503 189 68 503 189 68 569
85 331 158 108 68 430 68 19 85 299
189 68 550 501 68 397 68 640 68 241 68 158 108 68 158 247 85 68 611 194 85
290 158 68 158 152
607 158 222 68 158 108 68 87
611 299 299
189 68 81 68 607 158 68 64 211 108
201 108 68 79 430 68 5 68 331 430 68 430
211 299 211 68 81 68 5
321 569 68 321 569
503 189
651 339 68 211 85 68 85 359
189 68 577 68 85 347 158 108 68 331
344 290 85 359 68 85 359 68 640 68 331 149
611 163 68 81 68 607 158 68 607 158 68 405 68 569 68 405 85
5
170 152 68 170 152
290 85 68 642 68 64 211 108
189 68 550 501 68 607 158 68 607 158 68 321 240 68 211 68 64 211
607 158 222 85 359
347 158 68 211 299 68 5 189 68 85 152
447 290 85 359
189
211 543 68 85 331 405 68 237 85
503 189 68 197 86 68 569 68 550 158 149 68 405 85 68 237 85 68 158 85 68 158 543 68
155 68 93
189 64 211
189 68 81 68 640 68 331 543
45 149 68 505
211 189
261 86 68 43 158
189 68 213 194 85 68 331 149 68 607 68 170 189 68 321 189
651 339 68 550 339 68 85
651 158 108 68 197 86 68 197 86 68 569 68 85 359
211 430
197 86 68 359 68 253 359
321 569 68 19 85 68 331 149
503 339 68 158 85 68 158 108 68 158 149 68 331
593 85 68 197 68 152
189 68 593 149 68 397 68 253 68 640 68 85 68 607 68 211 85
321 152 68 397 68 517 359 68 85 299 149 68 569 68 569
45 108 68 642 68 85 152 68 397 68 397 68 607 158 68 607 158 68 640
651 123 68 406 158 68 85
189 68 253 359
629 68 405 68 237 108
85 406 86
189 68 607 68 607 479 68 640 68 640 68 640 68 85 299 64 211 108 68 517 359
189 68 430 299 211 299 211
283 68 505
550 339
135 149 68 593 149 68 189 68 397 68 517 68 503 158 68 503 158
543 211
321 240
189 68 640 68 5 189 68 149 430 359
503 85 68 189 68 331 487 149 68 640 68 640 68 640 68 261 86
611 211 68 517 359
290 85 359 550 158 74
651 85
201 211 68 607 158 68 405 68 640 68 19 85
245 258
253 68 70 158
321 149
389 569
607 158 68 569 68 85 359 389 339
165 68 189 68 64 211 108 68 64 211 108 68 569 68 85 359 68 85
4 258
651 123 68 611 68 430 68 189
170 68 569 68 569 68 405 68 189 68 189 68 45 149
430
258 299 299 68 417
331 149 68 406 501 68 569 68 64 211
503 189 85 68 189 68 299
517 68 5 189
564
149 211 543
43 158 68 331 149 68 85 152 68 85 347 158
5
651 86 85 68 158 108 68 19 85
501 85 552 68 607 158 68 569 68 4 240 68 640 68 569 68 85 359
405 240
406 501 68 64 211 240
189
611 163 68 81 68 5 68 85 359 68 253 68 170 299
189 68 81 68 607 158 68 397 68 517
503 85
503 339 68 253 68 149 68 197 86 68 640 68 640 68 640 68 640 68 640
189 211 85 299 299
321 290
149 149
344 543 68 347 158 359
43 158 68 189 68 85 152 68 158 108 68 569
79 430
158 240 68 64 211
651 123
405 68 629 68 397 68 397 68 19 85 68 85 359 85 359
321 68 593 543 68 158 108 68 642 68 5
19 222 68 43 158 68 503 189 68 607 158 68 331
550 501 68 651 86
43 158 68 331 149
503 85 68 158 108 68 189 68 629 68 397 68 397 68 331 339
607 158 68 211 85 359 68 290 85
397 359 85 299 149
189 68 165 68 607 158 68 158 178 68 397 68 321 247 68 321 247 68 321 247 68 321 247 68 321 240 68 405 68 405 68 321 240 68 321 247 85 68 607 68 158 68 158 68 87 68 87 68 87 68 87 68 577 68 397 68 397 68 577 68 152 68 152 68 152 68 607 158 68 405 68 405 68 405 68 640 68 640 68 640 68 158 108 68 158 178 68 158 543 68 397 68 577 68 577 68 577 68
503 189
447 85 359
527 68 87 68 197 86
503 189 550 430
43 158 68 189 68 258 149 68 158 108 68 85 299 149 68 85 299
5 158 149 68 344 240 211 68 430
189 68 607 158 68 152 211 158 68 607 158 68 70 158 68 321 569 68 359
321 569 68 241 68 331
397 68 397 68 651 85
607 155
189 68 607 158 68 339 68 397 68 397 68 43 158
503 189 68 503 543 68 517
170 68 607 158 68 607 158 68 158
5 68 550 501 68 397 68 158 152 68 607 158 68 640 68 640 68 85
397 68 158 85 170 85 68 405
5 68 640 68 640 68 158 108 68 503 189 68 158 108 68 158 108
149 211 213
651 86
629 68 85 430 299 211 108
503 158 68 5 68 158 108 68 158 149 211 68 19 85
158 85 331 68 347 501 68 189 68 85 68 85 68 85
321 68 593 543 68 607 158 68 158 68 290 85 68 607 155
85 331 68 331
501 85 503 189 68 405 68 397
189 68 607 158 68 81 68 347 158 359
552 85 152
189 211 85 299 211 299 211 68 211
43 158 68 331 149 68 577 68 569 68 651 569 68 149
213 51 86 68 331 68 430
517 194
527 68 331 68 331 569 68 611 189
339 68 607 158 68 607 158 68 405 85 68 607 50 68 607 155 68 158 68 158 68 19 85
607 158 68 640 68 611 68 640 68 64 211
503 158 199
347 158 68 211 543 68 397 68 85 299 85 68 85
503 85 68 651 569 68 189 68 85 359 68 569 68 569 68 569 108
564 68 607 158 68 607
344 158 68 607 158 68 81 68 607 158 68 45 108 68 253 68 253 68 158 68 158 85
231 240
290 149 550 430
321 68 593 543 68 607 158 68 158 68 240 194 85
347 68 170 299 68 158 240 68 290
299 85
189 68 405 68 607 158 68 405 85 68 640 68 640
503 85 68 189 68 189 68 339
87 152 68 19 68 189 68 640 68 405 85
651 158 108 68 85 359 68 607 158 68 611 68 569
189 68 81 68 5 68 85 430 68 569 68 158 108
347 501 68 4 68 241 68 158 199
189 68 607 68 607 68 124 68 87 68 503 339
611 149 458 85 359
344 108 430 85 430 85
607 158 68 85 331 149 68 158 108 68 339 68 5 189
331 149
405 213 550 158 149
343 640
201 258 68 331 158 68 331 339 68 397 68 569
321 68 593 543 68 430 68 564 68 564 68 569 68 564 68 211 85
189 68 165
261 86 68 124 68 135 149 68 397 68 397 68 405
406 158 68 252 155
321 237
321 68 569 68 152 550 152
503 339
85 406 158
85 430 149 390 569
189 68 347 158 85 68 158 108 68 158 85
503 339 68 189 68 607 158 68 607 158 68 640
43 158 108
64 211 108 68 397 68 331 149 68 158 108 68 569 68 19 85 68 569 68 19 85
569 85 68 365 430 405 85
189 68 347 501 68 397 68 640 68 158 108 68 85 299
197 86
651 85 68 397 68 640 68 640 68 85 359 389 85 359
189 68 189 68 397 68 85 543 211 68 85 152
64 211 258 68 197 68 5 68 339 68 552 85 68 158
651 543 68 629 68 397 68 397 68 331 149 68 397 68 397 68 331 149
253 149 68 189 68 85 79 430
261 86 68 370 68 43 158 68 430 68 607 155 68 165 68
189 85 406 85 359
49 68 607 158 68 405 68 331 149 68 189 68 85 152
149 389 68 503 189
344 158 85 68 85 152
611 85
550 86 68 611 85
43 158 68 245 449 68 607 158 68 158 68 149 68 152 211 68 607 158 68 607 155 68 607 155 68 607 155
165 68 43 158 68 197 86 68 397 68 253 68 397 68 237 68 237
503 85 68 607 68 261 86 68 517
155 68 85 347 158 359 68 611 68 397 68 569 68 569 108
158 68 611 74
49 68 607 158 68 347 501 68 85 359 68 85 222 85 222 85
211 543
517 211 505
651 85 68 640 68 505
406 430
611 163 68 417 68 405 68 607 158 68 607 158
231
155 68 85 347 158 359 68 651 569 68 331 149 68 158 149 68 158 108
213 211 68 331 68 197 86 68 158 108 68 635 189
503 501 68 640 68 640 68 607 158 68 607 158 68 607 158 68 569 68 607 158 68 607 158 68 640 68 640 68 640 68 640 68 640 68 81 68 81 68 87 68 87 68 87 68 640 68 640 68 640 68 640 68 607 158 68 517 152 68 81 68 152 68 152 68 640 68 640 68 640 68 640 68 640 68 640 68 607 158 68 564 82 152 68 640 68 640 68 607 158 68 607 158 68 517 152
651 543 68 569 68 569 68 517 68 517 68 517 68 517
503 189
550 152 68 550 501 68 189 68 85 611 68 19 85 68 430
344 290 68 331 68 158 85 68 158 108
158 158 199
321 68 607 158 68 158 68 158 258 85 68 430 68 331 487 359
79 178
258 543
211 543 68 85 331 68 85 406 158 85 359
503 85
201 211 68 607 158 68 331 237 85 68 85 359
197 86 68 189 68 135 68 577 68 397 68 611 68 397
158 108 68 158 258 85 68 158 108 68 149 211 149
569 68 593 211 68 339 68 607 68 197 86
290
189 85 158 108
170 85 211 68 430 68 85 299
347 501 68 197 86 68 189 68 152 211 68 211
569 68 339 68 430 68 43 158 68 240 550 158 199 68 240 550 158 85
189 68 158 108 68 5 189 68 397 68 569 68 503 189
19 85 68 331 149
397 68 569 68 231 240 68 651 569 68 64 211 68 64 211 68 64 211
503 189
417 85
331 149 68 607 68 607 158 68 640 68 640 68 607 158 68 158 68 158 68 640 68 640 68 640 68 640 68 640 68 640 68 640 68 640 68 85 331 68 152 550 158 240 211 240 211 240 211 240 211 240 211 240 68 640 68 640 68 640 68 152 68 152 68 640 68 640 68 640 68 640 68 640 68 640 68 640 68 640 68 640 68 640 68 640 68 640 68 640 68 640 68 640 68 640 68 607 158 152
261 86 68 503 158 68 258 68 651 85 359
552 85 149 68 550 158 85 68 430
258 85 222 85 359
64 211 68 651 85 68 397 68 85
64 211 108 68 569 68 85 68 149 550 158 68 569 68 517 68 569 68 569 68 569 68 64 211 149
651 123 68 430 222 68 158 85
158 85 54 85
290
651 152 68 397 68 135 68 135 68 135 68 550 339
158 449 68 189 68 231 240 68 640
321 189 68 347 501 68 569 68 569 68 211 240 211
137 158 85
290 258 149
43 158 68 331 149 68 577 68 158 108 68 331 68 43 158 68 611 194
503 339 68 170 68 158 108 68 85 152 68 397 68 158 74
189 68 517 68 5 68 85 299 68 85 299 211 543 211 68 339
569 68 430 149 68 517 68 430 68 170 299
43 158 68 189 68 577 68 158 240 68 137 155
321 152 68 397 68 651 152 68 607 68 389 85 68 607 68 85 299
503 339
85 299 149 550 158 149
197 86 68 359 68 339 68 158
189 406 158 85 503 158 108
85 620 149
189 68 81 68 607 158 68 64 211 199
344 290 85
517 85 299
347 158 149 68 149
321 68 189 68 611 149 68 339 68 339 68 158 108
189 68 347 501 68 397 68 158 152 68 158 108 68 85 299
593 85 68 397 68 152
359 211 85 222 85 359
527 68 87 68 158 108 68 158 108
189 68 607 68 607 68 81 68 569 68 569 68 211 74 68 569 68 569 68 211 258
607 158 68 85 347 158 68 149 68 397 68 158 543 68 43 158 68 43 158 68 640 68 640 68 640 68 85 359
569 85 258 68 607 158 68 635 189 68 43 158 68 331 68 331 68 331
611 85 359
321 290
64 211 68 165 68 397 68 85 299 85 68 85
189 68 538 86 68 397 68 577 68 517 68 85 68 517 68 517 68 85 68 517 85
569 68 405 213 68 253 68 189 68 93 435 85 68 640 68 85
241 68 158 149 68 149 211 149
189 68 347 501 68 397 68 81 68 640 68 79 158
4 85 79 430
569 85 152
158 108 68 569 68 85 152 211 85 290 85 68 607 479 68 158 108
253
503 85 68 189 68 651 569 68 149 389 158 359 68 331 487 359
607 158 68 527 68 158 108 68 158 149 68 607 158 68 640 68 640 68 640 68 640 68 640 68 640 68 607 158 85
189 68 607 68 607 158 68 211 240 68 569 68 517
569 85 211 68 70 158 149
64 211 258 68 397 68 569 108
261 86 68 124 68 165 68 569 68 569 68 569 68 85
321 68 593 163 68 85
165 68 165 68 607 50 68 607 158 68 527 359 68 339 68 339
197 86 68 569 68 158 240 211 68 607 68 607 68 505 68 640 68 569 68 640
607 158 68 607 158 68 152
651 152 68 158 68 527 68 158 108 68 87 85 68 640 68 640
607 158 68 406 152 68 569 68 149 258 68 397 68 43 158 68 19 85 68 149
290 85 359
211 505
651 569 68 211 68 607 68 607 68 607 68 189 68 189 68 189
158 85 611
569 68 430
321 68 593 543 68 81 68 5 68 258 85 68 5 68 253 68 253 68 253 68 253 68 5 68 45 149
149 70 158 68 339 68 517
564 68 505
517 68 593 149 68 405 68 158 108 68 505 68 85 331 68 331 487 359
607 158 74
197 158 68 275 68 189 68 365 430 149 68 158 247 68 550 158 149 68 550 158 240 194 149 68 158 149
344 108 68 253 68 149 68 85 406 85 359
347 158 359 68 430
261 86 68 158 108 68 593 149 68 189 68 629
503 189 68 640 68 370 68 640 68 640 68 85
158 240
158 406 158
611 149 68 593 149 68 19 149 68 339 68 640 68 331
64 550 543 68 85
135 149 68 593 149 68 189 68 85 152 68 640 68 321 240 68 321 240 68 321 240 68 321 240 68 321 240 68 550 86 85 68 321 240 68 86 85 68 86 85 68 593 85 152 68 152 68 152 68 152 68 152 68 152 68 152 68 152 68 593 89 158 152 68 152 68 152 68 152 68 152 68 152 68 501 85 68 86 85 68 593 85 152 68 152 68 152 68 501 85 68 86 85 68 86 85 68 86
405 19 19 505
607 158 194 149
593 149 68 405 85 68 607 158 68 640 68 85 331 68 517
321 569 68 569 68 213
261 86 68 124 68 211 108 68 569 68 569 68 517 68 85 68 85 359
87 68 165 68 85 299 68 405 68 158 543 211 290 85
503 85 68 158 68 607 68 339 68 550 158 68 85 359 68 85 299 85 359 68 85 359 68 85 359
49 68 607 158 68 347 501 68 397 68 397 68 569 68 85 359 68 85 359
64 211 108 68 158 85 222 85
45 108 68 405 68 569 68 607 68 607 155 68 245 449
640 68 611 149 68 5 68 331 149 68 607 158 68 640 68 607 158 68 640 68 640 68 640 68 640 68 640 68 640 68 640 68 640 68 640 68 640 68 640 68 640 68 5 189 68 152 68 152 68 152 68 152 68 152 68 152 68 640 68 640 68 640 68 640 68 640 68 640 68 640 68 640 68 640 68 640 68 640 68 640 68 607 158 152 550 158 152 68 607 158 152 550 158 152
158 108 68 331 149 68 569 85 359
5 85 359
64 211 108 68 158 108 68 158 108 68 370 68 397
405 152
651 158 189 68 158 108 68 607 158 68 503 189 68 158 68 64 211 108
261 86 68 189 68 189 68 577 68 651 86 85 68 607 50
189 68 347 501 68 569 68 640 68 397 68 149
261 86 68 505
538 430
189 68 347 158 68 430 68 517 68 607 155 68 607 50
331 149 68 538 430 68 19 85 68 397 68 569 68 569 68 19 85
87 68 611 74 68 607 68 189 68 569 68 211 543 211 543 211 68 211
43 158 68 607 158 68 607 158 68 152 211 85 68 19 85 68 569 68 517
189 68 347 501 68 397 68 85 359 68 651 85 68 651 85
569 85 68 347 158 359
149 552 85 359
527 68 607 158 68 569 68 85 152 68 158 108
70 158 68 331 149 68 640 68 43 158 68 611 189
85 240 211 359
651 123 68 347 501 68 397 68 406 479
189 68 651 569 68 19 85 68 241 68 85 68 158 108 68 331 68 331 158 85
133 68 365 430 199
347 501 68 158 85 359
189 359
49 68 158 108 68 501 85 158 85 152 211 68 158 108 68 158 108
49 68 651 158 68 397 68 158 68 211 149 68 70 158
347 158 68 503 158 359 68 640 68 158 85 68 158
189 68 629 68 70 158 108 68 569
189 68 550 501 68 5 68 241 68 85 299 68 397 68 397 68 397 68 397 68 85 299
344 108 68 347 158 331
189 68 70 158 68 5 68 211 85
527 68 607 158 68 569 68 93 211 108 68 331 68 331 487 149 68 331 487 149 68 331 487 85
43 158 68 189 68 347 501 68 651 152 68 607 68 569 68 505
261 86 68 370 68 43 158 68 189 68 389 339
651 85
651 123 68 290 85 68 339 68 569 68 569 68 85
211 68 170 543 85
339 68 550 155
189 68 211 299 85 68 405 85 68 517 258 85
64 211 68 607 50 68 397 68 85 299 85 68 85 68 85 299 85 299 85 359
503 85
261 86 68 370 68 43 158 68 430 68 607 155 68 165 68
211 79 359
43 158 68 189 68 577 68 569 68 149 258 85 68 149 458 85
359 149
85 339 68 569 68 85 240 211 68 611 189
651 86
189 68 211 85 68 331 149 68 397 68 158 85 299 68 158 108 68 331 68 85
189 68 397 68 577 68 347 158 359
607 158 68 331 487 359 68 85 379 68 638
503 85 68 189 68 569 68 19 85 68 397
149 389 85 359 68 211 505 68 85 359
201 108 68 85 240 359 550 158 359
607 158 68 70 158 149
569 68 81 68 607 158 68 253 68 85 299 149 68 19 85 68 19 85 68 569 68 569 68 19 85
321 68 593 543 68 607 158 68 640 68 543 68 543
503 339
543 211 505
189 68 651 569 68 135 68 331 68 331 222 85
189 68 550 501 68 397 68 517 68 607 158 68 158 68 85 152 550 158 178 68 85
331 149 68 370 68 258 68 189 68 253 68 85 331 222 85 359
501 85 258 149 68 607
640 68 331 149 68 397 68 397 68 405 85 68 640 68 640 68 640
569 68 607 158 68 149 68 397 68 253 68 397 68 261 86
189 68 211 158 108 68 405 68 258 149
593 149 68 430 68 430 68 201 258 68 640 68 85 359 68 85 359
158 85 85 158 108
283 551 68 19 85 68 430 85 68 85 331 359
87 68 611 152
261 86 68 593 149 68 152 68 397 68 564 68 569
607 158 68 389 339 68 211 299
189 149 458
405 194 68 505 68 505
538 430 68 339 68 347 158 299 68 85 68 19 85 68 607 158 68 19 85 68 158 149 68 19 85 68 339 68 339 68 339 68 339 68 158 74
258 543 68 406 158 108 68 158 199
569 68 240 51 85 68 241 68 517 359
607 158 68 607 158 68 197 194 68 640 68 569 68 211 543 211 68 70 158 68 149
64 211 152 68 607 158 68 640 68 85 299
321
189 68 135 149 68 550 430 68 64 211
503 85 68 158 108 68 569 68 564 211 430
640 68 370 68 607 158 68 607 158 68 64 211 108 68 397 68 331 149 68 397 68 331 149 68 397 68 640 68 640 68 397 68 397 68 152 68 152 68 152 68 640 68 640 68 397 68 152 68 152 68 397 68 152 68 152 68 152 68 152 68 640 68 640 68 640 68 640 68 640 68 640 68 640 68 397 68 397 68 152 550 501 85 152 550 158 152 68 397 68 397 68 152 68 152 68 152
538 158 189 68 149
564 68 331 149 68 85 64 211 108 68 19 85
651 158 108 68 158 68 158 108 68 430 68 640 68 640 68 85 359
189 68 347 501 68 397 68 640 68 640 68 19 85 68 5 189 68 550 86 85
406 85 359 550 158 85
564 68 640
321 247 85
527 68 189 68 651 85 68 331 68 158 108 68 569 68 64 211 108
189 68 347 501 68 397 68 211 543 68 607 158 68 245 449 68 503 158
261 158 68 629
629
189 68 347 501 68 370 68 5 68 253 68 5 68 201 258 68 201 258 68 201 85 359
189 68 347 501 68 397 68 85 331 487 149 68 370 68 370
49 68 211 68 640 68 640 68 149 550 339 68 189 68 85 359 68 85
158 108 68 552 68 607 158 68 430 68 189 68 85 359 68 85 359
261 86 68 43 158 68 45 149 68 569 68 290 85 359
158 68 64 211 108 68 158 108 68 517 290 85
406 158 359 68 189 68 85 406 158 85
564 68 135 149 68 640 68 640 68 640 68 405 85 68 405 108 68 405 68 405 68 405 68 405 68 405 85
189 68 593 89 158 68 81 68 607 158 68 569 68 365 430 199 68 45 108
43 158 68 611 149 68 85 359 68 253
19 85 68 170 68 607 158 68 640 68 158 68 211 240 68 211 85
283 68 253 68 266 158 85
43 158 149 550 155
189 68 211 299 68 158 240 68 152 550 339
503 339 68 158 240 68 640 68 607 68 158 68 170 108
503 189 68 43 158 68 189 68 331 479 68 640 68 640
85 347 158
406 85
550 501 68 405 359
158 68 135 149 68 577 68 189 68 430 68 389 158 74
417 85 359
503 189 68 165 68 370 68 189 68 405 68 245 449
201 108 68 642 68 85 563 189 68 213 194 68 149 68 321 247 68 321 189 68 321 189 68 331
629 68 189 550 339
569 85 68 430 68 321 189 68 321 247 68 158 108 68 569 68 569 68 569 68 569
85 64 211 108
197 86 68 347 158 68 253 68 538 158 199
611 211 68 5 189
85 347 158
501 85 447 158 118 68 339
552 152
569 68 331 68 607 50 68 397 68 550 501 68 189 68 85 68 85
43 158 68 189 68 85 331 68 85 331 68 640 68 359
607 158 68 449 68 241 68 43 158 68 611 74
253 149 389 543
405 68 405 85 359
165 68 331 149 68 158 108 68 158 108
189 68 607 50 68 85 152 550 158 543 68 43 158 68 189 68 189 68 189
503 85 68 189 68 651 569 68 85 359
321 68 593 543 68 158 543 68 158 240 68 158 152 211
503 85
240 211
564 68 651 569 68 241 68 149 68 607 158 68 85 68 85 359 68 85
611 211 68 5 189
321 68 593 543 68 607 158 68 158 68 240 550 158
189 68 347 501 68 397 68 266 158 68 550 158 149
344 152 68 64 211 108 68 430 68 201 258 68 607 158 68 211 240 211
550 543
189 68 347 501 68 397 68 85 299
189 611 149
189 149 550 158 108
170 240
158 359
87 68 81 68 397 68 253 68 569 68 543 211 543
406 158 359
577 68 611 68 85 68 397 68 569 68 85 359 68 85 359 68 85 359
447 430
321 68 189 68 189 68 359
213 211 152
189 68 607 68 607 68 611 211 68 64 211
189 68 170 299 68 197 86 68 607 50 68 85
344 543 68 331 569 68 158 108 68 85 430 68 569 68 158 258 19 85
261 86 68 189 68 611 189 68 19 85 68 569 68 569 68 569 68 569 68 85
189 68 5 68 449 68 405
503 189 68 43 158 68 607 158 68 417 68 85
321 68 593 149 68 237 108 68 149 68 170 299
86 163 68 89 158 68 253 68 569 68 19 85 68 158 68 253 359 68 19 85 68 253 359
253 68 517 68 607 158 68 607 155 68 449 68 85
321 68 569 68 651 86 68 365 430 149 68 158 108 68 158
331 149 68 158 108 68 430 68 397 68 331
135 68 550 501 68 158 85 68 149 68 607 158 68 611 68 611 68
347 158 68 430 68 5 68 189 68 253
290 85 79 430 85
261 86
189 68 347 501 68 397 68 517 258 68 564 68 564 68 517
405 85 152
503 339 68 430 359 389 339
347 158 68 430 68 4 85 68 430 149
564 211 85 68 45 108 68 158 108 68 70 158 108
503 501 68 189 68 640 68 5 68 331 68 331 149 68 593 152
149 211 64 211 108
197 86 68 651 569 68 569 85
569 68 406 158 85 68 517 68 430 68 85 359
64 211 405
158 406 158
5 85 359
527 68 64 211 240 258
344 158 85 68 85 152
64 211 108 68 550 158 149 68 397 68 85 611 68 569 68 569 68 569
527 68 607 158 68 370 68 158 68 158 449 68 607 155 68 252 155
406 158
651 85 68 569 68 517 68 158 240 68 354 68 339
331 149 68 607 68 397 68 339 68 85 299 85 68 158 108 68 85 299
629 68 85 347 158 199 68 607 158
189 68 397 68 152 68 261 86 68 397 68 253 68 640
607 158 543 68 149 68 397 68 45 108 68 640 68 640
359 577 551
45 108 68 158 240 68 197 86 68 640 68 640 68 253
64 211 68 607 158 68 397 68 158 68 331 149 68 607 158 68 607 158 68 607 158 68 640 68 607 158 68 607 158 68 607 158 68 607 158 68 211 258 240 211 258 211 258 189 68 607 158 68 607 158 68 607 158 68 607 158 68 640 68 394 258 240 68 607 158 68 607 158 68 607 158 68 607 158 68 607 158 68 640 68 607 158 68 607 158 68 607 158 68 607 158 68 607 158 74
189 68 640 68 640 68 397 68 611 74
189 68 19 85 68 19 85
564 68 135 149 68 577 68 397 68 569 68 85 68 85 68 569 68 569 68 211 85
261 86 68 607 158 68 331
321 68 593 543 68 607 158 68 640 68 640 68 85 299
339 551 68 527 68 158 108 68 505 68 640 68 640 68 607 50
321 68 569 68 577
347 501 68 321 569 68 569 68 85 222 68 607 158 68 607 158 68 607 158
593 85 68 211 155
569 85 68 430 68 638 68 397 68 640 68 85 152 68 397 68 158 152 68 397 68 397 68 569 68 397 68 85 359
135 68 64 149 68 397 68 19 85 68 397 68 19 85 68 158
527 68 607 158 68 5 68 430 68 389 339
197 86 68 87 68 331 149 68 158 108 68 85 299 85
258 68 197 86 68 365 430 199 68 538 430
550 501 68 85 136 479
347 158 85 68 85 430 68 155 108
170 149 68 149 211 543 85
321 68 593 543 68 607 158 68 430 68 85 611 68 607 479
607 158 68 564 68 607 158 68 607 158 68 158 68 158
158 108 194 68 189 68 611 149 68 85 359
189 68 347 501 68 5 68 64 211 68 611 68 611 68 397 68 611 68
43 158 68 197 86 68 607 158 68 211
503 85
201 211 68 397 68 85 299 211 68 390 68 640 68 85 359
158 108 68 331 149 68 158 149 68 158 149 68 85 331 149 68 85 152 68 85 152
430 85 359 85 152
629 68 629 68 640 68 170
569 68 347 158 299 68 189 68 213 68 611
347 501 68 370 359
550 155
503 158 68 339 68 569 68 569 68 405 258 85 68 430
321 194 68 165 68 5 68
640 359
189 51 85
607 158 68 85 347 158
189 68 577 68 607 68 70 158 68 149 550 158 68 331 68 331 68 331 68 331 68 331 68 331 68 331 487 359
87 108 68 505 68 93 550 501 68 640
321 68 593 543 68 607 158 68 607 158 68 640 68 85 299 85 359 68 321 189 68 321 247 85 359
261 86 68 43 158 68 258 149 68 651 152 68 189 68 85
406 178 68 611 68 611 149
347 158 240 68 241 68 149 211 543 211 85
651 543 68 611 158 543
261 86 68 189 68 538 430 68 5 189 68 397 68 607 155 68 607 155
569 68 552 68 527 68 517 85
64 211 68 430 68 389 339 68 397 68 70 158 149 68 189
189 68 607 158 68 607 158 68 607 158 68 158 108
607 158 68 629 68 85 211 68 430 68 197 86
347 158
651 85 68 640 68 397 68 397 68 19 85 68 189 68 189 68 189 68 189
19 85 68 158 85
331 149 68 81 68 397 68 397 68 339 68 339 68 339
211 359
43 158 68 503 189 68 577 68 339
503 189 68 607 158 68 503 189 68 5 68 170 68 339
70 158 68 331 149 68 640 68 43 158 68 611 189
607 158 68 607 158 68 158 85 93 211 85
201 258 68 85 68 85 152 68 640 68 640 68 331 149
189 68 253 68 89 158 68 135 68 290 258
283 68 19 85 68 189 68 430 68 640 68 85 152 68 85
347 158 68 124 68 640 68 640 68 241 68 640
577 68 640
347 158 68 550 158 149 68 593 68 152 68 347 501
503 339 68 651 70 158 68 397 68 640 68 19 85 68 19 85
189 68 607 68 607 50 68 339 68 85 359 68 640 68 85 359
158 211 430 359
503 339
189 149
290 85
231 240
417
651 85
189 64 211
43 158 68 651 158 68 405 68 158 189 68 503 158
158 85 406 158 68 158 108 68 430 68 189 550 430
611 85
503 158 68 607 50 68 527 68 189 68 397 68 569 68 158 108 68 158 108
258 299 68 189 68 170 108
85 240 211 359
165 68 635 189 68 503 189 68 503 543 68 503 158
189 68 651 569 68 211 85
611 149 68 593 149 68 405 152
577 68 607 158 68 607 158 68 505 68 397 68 241 68 241 68 577 68 550 158
70 149
550 501 68 170 152
189 68 194 543 68 397 68 405 68 189 68 189 68 189
538 430
503 189 68 611 194 543 68 640 68 85 299 68 640 68 85 68 85 299
503 189 68 43 158 68 607 158 68 405 85 68 607 155 68 158 68 503 189
593 85 68 155 68 550 430
158 85 64 211 108 68 505 68 237 93 435
189 68 347 501 68 397 68 405 68 640 68 85 68 569 68 85 68 85
347 158 68 253 68 538 430 68 635 85
70 158 68 331 149 68 640 68 85 359 389 158 359 68 389 158 359
611 189 4 189
290 85
64 135 149
397 68 406 158 68 406 158 108 68 158 258 290
607 158 68 564 68 405 543 68 607 158 68 503 189 68 607 158 68 607 158
331 149 68 397
189 68 651 152 68 370 68 651 86 68 397 68 189 68 189 68 189
189 68 550 501 68 397 68 158 85 222 68 241 68 85 68 85 299
503 189 68 149 211 543 85
261 86
347 158 68 211 222 359
64 211 68 607 158 68 397 68 158 68 331 149
406 152
43 158 85 543 543 85 158 85
189 149 550 158 108 68 611 68 290 85
201 258 68 85 449 68 19 68 397 68 611 68 85 359 68 85 299
593 85 68 430 290 85 359 68 64 211 108
290 85 149
550 487 359
261 86 68 370 68 245 449 68 370 68 607 158 68 81
344 85 68 85 347 158 68 253 68 158 149 68 158 108
197 86 68 651 68 607 50 68 397 68 405 85 68 607 155 68 607 155
607 86 68 503 189 68 339 68 158 68 87 68 503 155
211 155 194
569 68 189 68 417 68 635 149 68 189 68 189 68 70 158
189 68 347 501 68 397 68 611 211 68 331 68 331
189 68 81 68 5 68 607 158 68 241 68 158 68 85 299 211 299
577 68 640
405 152
189 68 64 211 68 331 68 158 108 68 569 68 158 108
43 158 68 189 68 577 68 158 108 68 158 74
611 108 68 19 85 299 299 68 189 68 85 68 158 108
189 85 68 189
197 158 68 5 189 68 569 68 569 68 79 158 359
503 501 68 189 68 640 68 640 68 253 68 321 152 68 593 152 68 593 152
405 359
569 68 406 152 68 339 68 85 68 197 86 68 397
564 68 651 68 607 50 68 339 68 339
189 68 347 501 68 397 68 517 68 611 359
158 158 199
43 158 68 607 158 68 81 68 397 68 211 158 68 607 50 68 607 50
564 68 651 569 68 19 85 68 640 68 640 68 85 68 85 359
531 359
261 86 68 124
564 68 569 68 569 68 517 258 85 68 640 68 339 68 569 68 569 68 569 85
321 68 189 68 607 158 68 607 158 68 640 68 85 406 158 68 640 68 5 189 68 640 68
430 211 197
543 85 290 85
201 258 68 331 158 68 331 339 68 397 68 569
43 158 68 642 211 68 149 211 85
189 68 81 68 5 68 158 152 211 68 149 68 85 299
290 85
189 68 85 447 158 68 189 68 213 194 85 68 569
331 149 68 607 68 397 68 253 68 651 86
258 290 68 640 68 64 211
642 211 68 517 68 517 68 370 68 607 158 68 158 68 252 155 68 252 155
651 86
64 211 108 68 43 158 68 552 85
85 299 149 211 85 68 149 550 158 85 152
189 68 347 501 68 607 158 68 158 108 68 158 149
85 290 85
253 85 152
517 68 607 158 68 569 68 170 74
321 430
611 149 550 158 149 68 397 68 253 68 611 68 611 68 611 189 68 611 189 68 611 189 68 611 189 68 149
85 359
85 299 108 68 642 211
417 85 68 245 449 68 158 108
651 569 68 405 68 569 68 85 68 43 158 68 640 68 331 68 331
290 550 430
290 85 178
245 85
347 152
165 68 607 158 68 503 158 68 19 85 68 397 68 321 240 68 321 240 68 321 240 68 321 240
651 85
321
189 68 81 68 397 68 43 158 68 495 108 68 85
258 149
503 85
85 359
321 68 189 68 201 85 152 68 85 152
503 189
253 85 152
339 299 299 389 339
85 331 155
261 86 68 87 68 564
85 299 85 359
347 501 68 321 569 68 569 68 85 222 68 607 158 68 607 158 68 607 158
201 211 68 505 68 397 68 397 68 397 68 253 68 253 68 253 68 253 68 158 85 152
503 85
611 189
321 299 68 347 158 85 359
543 85 152 550 158 178
149 211
261 86 68 43 158 68 577 68 85 152 211 68 640 68 640 68 640 68 640
550 155 68 165 68 165
85 406 430
347 501 68 505 68 189 68 189 68 149 68 543 211 149
155 68 85 347 158 359 68 569 68 149 550 501 68 152
640 68 611 359
189 68 81 68 607 158 68 158 74 68 81 68 607 158 68 81 68 607 158 68 81
87 85 68 211 299 108 68 569 68 85 4 240 68 64 211 108
552 85 359 68 85 152 458 85
607 158
64 211 543 68 430 359
137 158 85
611 149 211 359
629 68 607 158 68 237 85
43 158 68 331 68 370 68 43 158 68 642 68 170 247 68 607 479
611 258 222 68 406 430 68 611 189
258 222 222
189 68 405 68 607 158 68 430 68 85 299 211 68 85 68 85 68 85
503 85 68 158 108 68 189 68 629 68 629
86 163 68 152 68 347 501 68 397 68 5 189 68 640 68 640 68 5 189 68 640 68 640 68 640 68 640 68 607 158
261 86 68 527 68 189 68 19 85 68 19
538 430 68 503 189 68 503 189 68 339
503 85 68 189 68 569 68 611 189 149
569 85 258 68 197 86 68 405 68 158 449
19 152 68 331 149 68 607 68 569 68 569 68 503 189
344 108
347 158 85 290
170 54 86
211 68 149 68 635 189
550 68 577 68 170 152
64 211 108 68 149 68 397 68 640 68 85 611 68 64 211 108
189 68 347 501 68 397 68 158 152 68 158 85 68 503 158 108 68 503 158
397
527 68 607 155 68 211 85 68 85 68 397 68 158 108 68 569 68 569 68 569 68 569 68 85
607 158 68 569 68 211 85
290 149
245 258
87 543 68 430 68 607 68 231 543
517 68 505
405 68 70 149
258 149 68 331 68 607 158 68 43 158 68 85 68 397 68 85 359 68 331 68 189 68 85 359 68 331 149 68 331 68 331 68 189 68 85 331 68 85 331 68 85 331 68 331 68 85 331 68 331 68 331 68 331 68 331 68 331 487 359
85 577 68 550 158 108
344 189 359
550 501 68 370 68 640 68 642 211 68 43 158 68 43 158 68 331
347 501 359
43 158 68 189 68 406 85 331 68 85 359 68 543 68 607 479
261 86 68 607 158 68 331 430
569 68 607 155 68 430 68 43 158 68 64 211
43 149 68 640
593 85 68 158 108 68 550 158 199 68 397 68 397 68 339
85 406 158 543 68 189 68 85 299 211 359
189 68 550 501 68 397 68 197 86 68 45 108 68 331 68 331 68 331 158 85 299
87 68 321 569 68 81 68 170 543 68 170 149 68 331 68 331 68 331
189 68 347 501 68 397 68 85 64 211 108 68 85 68 158 68 158 240 211
19 85
321 68 593 543 68 81 68 569 68 550 430
577 68 577 68 569 85
607 158 68 158 108 68 158 108 68 158 189 68 85 152 550 158 199
261 86 68 290 85 359 68 569 68 79 359
64 211 108 68 569 68 85 299 108 68 405 68 569 68 569 68 569 68 569 68 569 68 569 68 640 68 569 68 640 68 569 68 569 68 569 68 569 68 569 68 569 68 569 68 640 68 640 68 640 68 569 68 569 68 569 68 640 68 240 211 543
170 299 68 43 158 68 370 68 370 359
158 85 222 85 222
651 543 68 158 68 158 108 68 430 68 5
552 85 152
607 158 194 149 211
189 68 550 501 68 339 68 43 158 68 85 299 68 397 68 397 68 397 68 397 68 397 68 85 299
577 68 611 74 68 397 68 569 85 359
651 543 68 629
389 569 68 611 68 43 158 68 149 68 397 68 397 68 85 359 389 85 359
503 339 68 505 68 158 108 68 538 158 68 629 68 397 68 397 68 321 569
261 86 68 189 68 189
406 158 68 252 155
158 108 68 430 68 331 158 149 68 158 108
527 68 405 68 517 258 149 68 569 68 365 430
611 211 68 517 359
405 543 68 552 359
19 152 68 331 149
503 189
283 68 607 158 68 577
321 240 68 640
189 68 64 211 149 68 149 458
43 158 68 189 68 577 68 158 108 68 85 447 158 359
503 339
651 85
347 501 68 447 158 149
261 86 68 43 158
290 85
261 86 68 43 158 68 45 149 68 569 68 158 108
344 158
359 70 149 68 158 68 339 551
503 158 68 347 158 359
397 68 406 406 152
189 68 569 68 253 68 5 189 68 543 149 389 85 359 68 85 331 149
189 85 299 149
321 68 593 543 68 607 158 68 405 68 640 68 538 158 108
189 68 211 299 68 85 299 85 68 19 85 68 158 108 68 158 189 68 158 108
347 158 68 629 68 321 569 68 170 149 68 170 68 170 68 170
321 68 593 543 68 158 108 68 158 108 68 85 331 68 347 158 359
550 501 68 158 85 359 550 86 149
503 85 68 189 68 651 569 68 85 359 68 85 331 68 85 299 85 299 85 359
43 149 68 640
197 86 68 640 68 651 86 68 397 68 397 68 85 68 569 68 85 359
651 85
550 339 68 347 158 68 607 68 197 86
149 430
189 68 321 189 68 85 70 158 108 68 569 68 19 85 68 79 158 108 68 19 85
321 339 68 577
651 86 68 503 158 68 569 68 85 359 68 85 68 85 68 85
290
406 158 359
503 339 68 158 108 68 640 68 149 550 158 543
189 68 607 68 607 50 68 165 68 211 68 211 211
629 68 397 68 43 158 68 611
261 86 68 640 68 158 240 68 505
321 68 189 68 607 68 397 68 640 68 158 85 68 640 68 85 331 68 640 68 640 68 640 68 640 68 640 68 640 68 640 68 640 68 5 189 68 5 189 68 607 158 68 607 158 68 640 68 640 68 640 68 640 68 331 487 299
241 68 158 118 68 397 68 397 68 211 569 68 211 85 359
189 68 607 158 68 607 158 68 158 85 479
290 258 68 45 108 68 397 68 45 108 68 640 68 640
283 68 569 68 82 68 85 299 85
501 85 68 258 569 68 503 158 108 68 158 108
517 258 85
517 68 550 158 68 607 158 68 331 149 68 5 68 569 68 505
321 68 81 68 397 68 397 68 85 152 211 68 569 68 569 68 569 68 569
405 68 611 85 68 158 85
43 158 68 189 68 611 299 149 68 70 189 68 85 359
406 158 290
189 68 347 501 68 397 68 640 68 640 68 19 85 68 5 189 68 550 86 85
359 70 85 68 538 158 108
651 86 68 607 50 68 607 50
640 68 158 543 68 158 108 68 5
406 85 299 211 149 68 19 149
503 158 68 397 68 331 149 68 397 68 85 152 68 85 152 68 85 68 85 152
149 211 85 299 211
19 68 607 158 68 640
19 152 68 331 149 68 640 68 85 517 85 68 517
5
607 158 68 189 68 406 623 68 397 68 85 152 68 158 108
149 211 543
495
261 86 68 189 68 331 149 68 19 85 68 85
569 85 68 365 430 405 85
321 68 189 68 189 68 359
211 543
347 158
640 68 85 331 487 359 68 611 74
189 550 487 359 68 640
201 211 155 68 85 299 68 611 68 158 240
79 430 68 397 68 213 68 253 68 158 108 68 158 108
397 68 552 623 68 64 211
85 299 149 68 85 447 158 240 68 430
158 240 68 158 85 430 68 635
64 211 108 68 365 430
503 85 68 158 108 68 189 68 629 68 397 68 397 68 331 339
189 68 85 4 85 68 158 108 68 638 68 569 68 211 211 211 85 359
564 68 552 68 158 85 68 158 108
87 68 321 247 68 170 68 397 68 321 189 68 321 189
261 86 68 189 68 331 149 68 640 68 640 68 85 331 68 85
611 163 68 577 68 165 68 607 158 68 607 155 68 607 155
189 68 189 68 299 258
43 158 68 189 68 347 501 68 607 158 68 85 359 68 569 108
231 359
503 85 68 158 108 68 569 68 158 108 68 85 299
4 85 290 85
261 86 68 158 108 68 593 149 68 189 68 629
417 68 406 158 68 85 406 158 359
640
651 158 108 68 158 108 68 158 108 68 85 359
5 85
503 501 68 189
331 149 68 158 108 68 397 68 211 155 68 397 68 189 68 321 247 85 68 189 68 321 240 68 321 240 68 321 247 68 321 247 68 321 247 85 68 189 68 607 68 5 189 68 5 189 68 607 68 607 50 68 607 68 321 247 68 640 68 607 158 68 607 50 68 607 50 68 607 50 68 607 50 68 607 50 68 640 68 640 68 607 50 68 607 50 68 607 50 68 189 68 189 68 189 68 331 487
651 86
321 68 593 543 68 607 158 68 258 240 68 79 86 68 85 359
189 68 607 158 68 607 479 68 517 68 397 68 397 68 503 189 68 503 189
569 68 611 74 68 569 68 19 149 68 149 550 158 149
290 85 359
64 211 258 68 607 50 68 607 68 569 68 211 108 68 211 108
64 211 68 165
550 152 68 68 194 149 389 86 149
344 149
417
261 86 68 593 85 68 405 85 359
406 158 359
43 158 68 331 149 68 158 108 68 158 108 68 170 299 68 85 299
569 68 64 211 108 68 397 68 261 86 68 43 158 68 189 68 240 194 108 68 240 68 240 194 240 194 149 68 189 68 189 68 640 68 640 68 640 68 640 68 64 211 189 68 189 68 79 158 68 189 68 79 158 68 79 430 543 211 543 211 543 211 543 211 543 68 640 68 79 158 68 79 158 68 79 158 68 79 158 68 79 158 68 64 211 108 68 189 68 79 158 68 79 158 68 640 68 640
651 152 68 189 68 135 68 135 68 64 211 108
569 68 211 194 68 417
651 222 68 430 359 211 68 397 68 189 68 389 543
564 68 564 68 261 86 68 569 68 258
640
158 158 199
64 211 108
158 152 68 569 68 405 543 68 197 86
189 68 347 501 68 397 68 611 211 543 68 85 68 85 331 158 543
321 68 593 543 68 405 68 158 108 68 290 211
503 189 68 43 158 68 607 158 68 417 68 365 430
253 68 245 449 68 550 86 68 397 68 397 68 397 68 503 339 68 503 339 68 503 339 68 503 339
189 68 550 501 68 607 158 68 258 240 68 241 68 211 68 211 85
577 68 389 158 359 68 213
611 85 68 85 449 68 189 68 85 359 389 85 359
543 85 170
503 339 68 158 108 68 642 68 640 68 85 359 68 321 240 299 68 321 240 68 321 240 68 321 240 68 640 68 640 68 640 68 321 240 51 86 85 359 211 85 359 211 85 359 211 85 359 68 640 68 640 68 640 68 640 68 321 569 68 339 551 68 158 68 640 68 640 68 640 68 640 68 640 68 640 68 640 68 640 68 85 359 211 85 359 389 158 118
149 211 474 68 611 359
503 85 68 189 68 651 569 68 85 359 68 321 189
347 158 68 607 158 68 503 543 68 85
503 339
283 68 245 449 68 158 108
213 194
569 68 405 85 68 189 68 253 68 149 211 543 149
503 85 68 189 68 85 152 211 68 149 68 607 68 607 68 503 189
321 247 68 213 194
503 189 68 43 158 68 607 158 68 405 85 68 640 68 85
261 86 68 370 68 43 158 68 651 569 68 642 68 642 211
189 68 211 543 68 607 158 68 158 74
640 68 569 108 68 607 158 68 527 68 370 68 5 68 245 449 68 397 68 397 68 245 449 68 640 68 607 158 68 607 158 68 253 68 640 68 640 68 640 68 158 68 158 68 253 68 253 68 253 68 253 68 253 68 253 68 640 68 640 68 569 68 607 158 68 607 158 68 640 68 607 158 68 158 68 245 258 68 640 68 158 68 158 253 68 158 253 68 253 68 253 68 253 359
85 347 158 85
158 108 68 149 550 487 149 68 640
405 543 68 569 68 564 68 505
85 64 211
85 258 85 359 68 189 68 241 299 211 85 359
503 189 68 397 68 197 86
201 258 68 607 158 68 640 68 640 68 331 149
189 85 299 149
347 158 68 211 543 68 197 86 68 569 68 19 85 68 640 68 85 359
201 258 68 321 189 68 241 68 538 158 240 68 158 240 194 68 607 155
189 68 189 68 347 158 178 68 389 339
550 155 68 64 211 68 517 299
569 68 85 64 211 108 68 517 68 640 68 503 189 68 397 68 503 189 68 339
550 155 68 165 68 165
611 108 68 19 85 299 299 68 331 68 158 108 68 64 211 108 68 64 211 108
538 430 68 389 158 299
321 211 85
201 258 68 85 449 68 569 68 64 211 108 68 607 155 68 607 155 68 607 155 68 607 155
43 158 68 85 152 211 68 19 85 359
344 543 68 397 68 607 68 607 68 607 68 261 86
321 85 68 85
189 68 517 68 517 68 43 158 68 405
261 86 68 43 158
651 86 85 68 189 68 189
261 86 68 124
201 258 74
359 211 68 640
651 85 68 397 68 397 68 569 68 136 479
517 68 593 163 68 569 68 258
651 359
87 85 68 189 68 70 189 68 170 108 68 211
503 339 68 158 108 68 569 68 449
503 85 68 189 68 651 569 68 64 211 108
552 85 359
503 339 68 339 68 430 68 158 108 68 607 158 68 607 158 68 503 158
321 569 68 85 222
201 258 68 405 68 607 158 68 93 211 68 640 68 85
85 347 158
85 158 359
344 85 449 85 253
406 152
538 339
503 501 68 189 68 640 68 640 68 85 331 68 397 68 397 68 397 68 397
70 158 68 331 149 68 640 68 43 158 68 611 189
231 68 135 68 651 85 68 189 68 365 430 199 68 240 68 240 550 158 240
564
611 149
43 158 68 158 108 68 552 85 68 607 158 68 152 68 331 487 149 68 331 487 149 68 331
189 68 397 68 43 158 68 261 86 68 607 155 68 70 158
258 211 194 543 68 85 389 158 74
85 503 189
197
49 68 258 68 258 68 331 569 68 149 68 611 543 68 149 68 149
651 569
611 149 68 593 149 68 197 86 68 397 68 85 359
85 299 85 359
611 152
253 68 70 158 68 211 74
45 4 68 158 240 68 640 68 252 155 149
261 86 68 43 158
261 86 68 370 68 45 68 258 68 607 158 68 607 158 68 258
651 85
503 339 68 197 86 68 569 68 85 68 85 68 64 211 108
503 189
201 85 543 158 543 211
189 68 213 550 152
611 163 68 89 68 505 68 569 68 19 85 68 640 68 85
347 152
158 449 68 505
651 85 68 189 68 611 74 68 607 50 68 607 50
135 149 68 593 149 68 197 86 68 569 68 569 68 543
543 389 570
321 569 68 149 458
517 430 158 430 68 43 158 68 258 149
629 68 5 68 149 211 85 359
503 339 68 165 68 189 68 405 68 81 68 607 155
189 68 651 543 68 81 68 569 68 64 211 149
607 158
86 163 68 152 68 347 501 68 397 68 339
564 68 331 149 68 538 430 68 339 68 85 359
189 68 213 194 68 165 68 339 68 158 108 68 211 258 211
85 577 68 550 158 240 68 64 211 108
87 68 81 68 503 189
158 543 85 152 550 339
321 405 611 299
261 86 68 43 158 68 45 149 68 569 68 569 68 240 211 68 240
201 258 68 517 68 339 68 607 50
64 211 68 611 359 68 136 479 68 569 68 85 152 211 108 68 430 68 158 240 550 158 85
201 108 68 149 550 158 199 68 331 68 19 85
344 108 68 201 258 68 569 68 611 74 68 5 189 68 85 299 85
503 339
189 68 651 158 68 93 211 68 405 85
70 158 68 331 149 68 189 68 158 108 68 447 158 68 347 158 359
189 68 569 108 68 158 108 68 430 68 569 68 211 149 68 149 68 149 550 158 74
189 68 397 68 85 222 543 211 543 85
64 211
640 68 370 68 607 158 68 607 158 68 405 68 577 68 517
261 86 68 640 68 158 108 68 640 68 538 430
189 149 550 158 108 68 611 68 290 85
189 550 339 194 359
405 85 68 170 68 211 68 607 155 68 564 68 365 152
640 68 19 85 68 19 85
347 158 240 68 241 68 149 211 543 211 85
611 85 152
552 158 290
49 68 197 86 68 370 68 538 430 68 569 68 569 68 569 68 211
503 85
640 68 640 68 359
405 258 68 158 108 68 569 68 505
158 85 222 68 158 108 68 5 189 68 359
321 68 593 85 68 158 108 68 19 85 68 339
85 359
158 85 152
503 189 68 640 68 87 68 81 68 397 68 189 68 405
321 569 68 81
201 211 68 607 158 68 331 237 85 68 85 359
149 389 339 68 389 339
64 211 68 354 551 68 43 158
189 68 405 85 68 189 68 211 299
389 85 359 68 406 152
564 68 19 85 68 397 68 170 149 68 5 189 68 331 149 68 331 149
550 501 68 5 68 93 550 158 240 68 359
331 68 136 479 68 569 68 607 158 68 258 85 68 201 258 85 359 68 331 487 359
550 569
607 158 68 430 68 430 149 211 85 68 149 68 611 189
607 158 68 569 108 68 642 68 149
19 85 68 331 149
405 290
569 68 299 211 68 211
253 68 607 68 189 68 505
158 449 68 189 68 231 240 68 640
261 86 68 43 158
552
64 211 405
501 85 64 211
189 68 64 211 108 68 405 85 68 640 68 158 543 68 158 108 68 85
405 74
569 85 68 158 108 68 197 86 68 607 158 68 640 68 640 68 640 68 640
543 211
569 68 406 430 68 170 149 68 170 149 68 149 68 149
189 68 211 359 68 85 152 68 43 158 68 640 68 640 68 85 68 85 359
261 86 68 124
564 68 85 68 85 331 487 149 68 85 299 149 68 149 550 158 108
611 152 136 155
517 430
85 331 158 189 68 240 68 85 620 149
611 68 331 149 68 607 158 68 550 158 68 569 68 85 299 68 85 299 68 611 194 299
165
135 149 68 593 163 68 158 108 68 43 158 68 19 85 68 569 68 149 550 158 149
344 543 68 331
85 189 149 189 68 245 149
5 189 211 85 359
550 152 68 189 68 158 108 68 149 550 86
165 211
189 68 81 68 158 108 68 149 550 430 68 331
503 189 68 189 68 577 68 640
447 85 359
189 68 165 68 170 108 68 85 406 158 118 68 569 68 85 299
158 85 85 158 108
321 189 68 569 68 158 85 152 68 347 158 152
406 152
447 85 299 68 64 211
258 189
231 68 261 86 68 261 86 68 339 68 640 68 640 68 640 68 640 68 640 68 640 68 640 68 640 68 640 68 607 68 640 68 640 68 640 68 607 158
189 68 4 152
201 258 68 85 68 85 331 68 607 158 68 569 68 85 359 68 347 158 68 347 158 68 85
197 86 68 607 158 68 81 68 569 68 135 149
347 158 68 629 68 189 68 569 68 211 85 299 68 85 68 389 339
189 68 152 68 331 149
189 211 85 299 211 299 68 211 543 68 85 331 68 211 430
211 85 299 85
189 68 347 501 68 397 68 611 211 68 152
344 189 68 430 68 607 158 68
64 211 108 68 430 68 158 108 68 149 68 640 68 640 68 640 68 640 68 640 68 640 68 640 68 640 68 149
189 68 550 501 68 397 68 607 50 68 85 331 68 158 108 68 85 152 68 85
569 85 74 68 397 68 261 86 68 607 68 607 479 68 607 68 397
564 149
189 68 81 68 158 543 68 158 543 211 85
189 359
290 85 359
201 211 68 290 68 261 86 85 68 158 108 68 331 149
350
552 68 505
640 68 331 149 68 170 152 68 607 158 68 331 68 331 569 68 331 569 68 331 569 68 331 569 68 331 569 68 331 149
503 158 68 347 158 68 5 68 89 158 68 81 68 607 68 503 189
503 189 68 158 68 607 158 68 258 543 68 201 258 68 607 68 81
321 68 158 85 406 158 85 68 642 68 85 359
189 68 253 68 189 68 149 68 397 68 149 68 611 68 397 68 517 152 68 517 152
64 211 68 158 68 158 68 211 108 68 517 152 68 517
253 359
495
347 152
503 339
651 569 68 158 108 68 569 68 19 85 68 611 85 359 68 85 359
261 86 68 593 149 68 569 68 258 149
651 543 68 543 68 569 68 85 359 68 397 68 389 501 68 397
611 149
45 108 68 640 68 85 222 85
331 430
43 158 68 189 68 417 68 538 86 85 68 611 68 611 68 611 194
347 158 68 397 68 417 68 397 68 397 68 397 68 339
321 569 68 85 347 158
158 85 347 158 158 158 158 158 158 68 430 299 211
517 240
564 551
640 68 370 68 81 68 607 158 68 43 158 68 43 158 68 430 359
85 405 85
211 543 211 85
651 569 68 85 359 68 85
321 68 593 543 68 640 68 135 149
201 258 68 85 68 331 479 68 607 479 68 640 68 640 68 640
503 189
503 189 68 527 68 189 68 85 359 68 85 331
258 108 68 629 68 607 158 68 607 158
503 339 68 339 68 85 359 19 85
397 68 85 299 152
158 68 135 149 68 577 68 189 68 430 68 389 158 74
640 68 321 189 68 85 152 68 158 108 68 19 85
149 430 211 68 430 68 85 299 85 359
261 86 68 43 158 68 19 85 68 331 149 68 397 68 241 68 331 68 331 68 241 68 640 68 640 68 331
640 68 158 543 68 158 108 68 5
564
189 68 651 158 68 430 543 211 543 211
430 543 550 158 74 68 611 149
564 68 651 569 68 517 68 640 68 640 68 569 68 85
79 359 68 389 158 85
43 158 68 550 86 85 152
158 505
64 211 108 68 569 68 19 85
503 158 68 347 158 152 68 607 68 607 68 569 68 79 158 68 569 68 569 68 569 68 569 68 85
149 70 158 68 85 331 149 68 85
503 85
538 430
503 158 68 347 158 359
651 68 550 158 85 68 155 108
86 85 152
321 569 68 64 211 108
189 68 607 479 68 569 68 405 405 68 81 68 607 158 68 81 68 81 68 81
19 152 68 331 149
577 68 607 158 68 607 158 68 607 158 68 241 68 5 189 68 607 155
344 543 68 347 158 359
122 86 68 85 152 68 158 108 68 158 149 68 607 158 68 569 68 569 68 569 68 640 68 640 68 640 68 85
64 211 68 651 569 68 137 158 68 70 189 149
321 68 81 68 397 68 569 68 543 211 213 194
397 68 213 194
189 68 517 68 266 158 68 405 68 611 68 611
197 158 68 5 189 68 430 68 389 339 68 331 68 607 158 68 331
189 68 81 68 607 158 68 397 68 640 68 19 85 68 85
321 68 593 163 68 569 68 85 241 68 569
170 86
527 68 607 68 593 543 68 158 149 68 607 158 68 607 68 70 158
258 85
19 85 359
611 149 68 593 85 68 569 68 19 85 68 607 68 607 359 68 607 359
189 68 651 85 68 569 68 85 68 611 189 68 85 359 68 611 299
447 85 359
211 68 331 149 550 339
67 359
321 68 607 158 68 607 158 68 397 68 503 189 68 331
611 258 149
253 85 152
64 211 108 68 158 4 85 68 651 85
290 85 152 550 158 68 79 158 240
49 68 577 68 397
290 85 68 85 359
321 68 370 68 607 158 68 81 68 5 68 339
651 570 68 397 68 397 68 85 331 68 85
165 68 158 152 68 158 199
321 240 359 51 85 359
189 68 607 68 607 50 68 85 79 430 68 640 68 266 158 68 253
564 68 299 211 68 5 189 68 651 86
406 158 158 108
85 379 389 339
347 501 68 339 68 158 152 68 397 68 19 85 68 569 68 569
321 86
405 85 68 629
197 86 68 640
501 85 447 158 189 68 611 189 68 85 359
64 211 68 430 359 68 640 68 640 68 85 359
85 347 158 359
359 577 551
64 211
321 68 593 149 68 211 85 299 68 607 158 68 607 158 68 607 158 68 607 158 68 331 149
447 158 64 211
321 68 593 543 68 640 68 81 68 19 85 68 149 550 158 194 149
43 158 68 331 569 68 370 68 640 68 64 211 108 68 569 68 569 68 569 68 85
331 569 68 135 149 68 397 68 85 64
607 158 68 85 152
527 68 607 158 68 611 68 640 68 149
189 68 607 158 68 607 158 68 158 199 68 339
503 189 68 640 68 321 569 68 640
550 86 85 68 290 85
344 211 299 68 149 550 430 68 158 108
503 339
155 68 85 347 158 359
189 68 124 68 19 149 68 607 158 68 607 158 68 607 479 68 607 479 68
321 68 607 158 68 607 158 68 397 68 503 189 68 331
405 85 68 158 449 68 640 68 5 68 5 68 607 158 68 189 68 189 85
290 158 178 68 550 158 74
189 68 640 68 85 152 68 85 152
527 68 331 68 397 68 611 68 397 68 397 68 85 68 85 152 68 85 68 85 68 85 152 68 85 331 68 331 68 331 68 85
550 152
189 68 85 81 68 170 543 68 85 152
261 86 68 370 68 245 258 68 253 68 397 68 339 68 607 155
321 68 593 543 68 607 158 68 81 68 261 86 85
321 68 189 68 189 68 503 189
503 85
273
189 68 405 68 258 543 68 611 299 299
550 543
261 85
85 359 85 359
321 569 68 640 68 85
503 85 68 189 68 651 569 68 85 359 68 359
347 158 68 629 68 397 68 397 68 430 68 211 543 68 85 331 487 299
201 258 68 85 449 68 158 108 68 158 74
197 86 68 87 68 64 211 108 68 93 211 108
201 108 68 569 68 611 189 68 136 479
611 85 359
417 85 359
197 86
43 158 68 189 68 577 68 158 240 68 158 240 211 68 607 155 68 607 155
543 85 359
261 86 68 124 68 81 68 607 158 68 370 68 607 158 68 258 449
397 68 552 623 68 64 211
503 85 68 189 68 569 68 213 517 152 68 339
43 158 68 158 108 68 430 68 405 85 68 397 68 261 86 68 261 86 68 503 189 68 503 189 68 607 158
64 211 108 68 569 68 85 299 149 68 405 149 68 569 68 569 68 569 68 569
64 211 68 607 158 68 397 68 158 68 331 569 68 158 149 68 158
552 158 290
405 85 152
406 85
189 68 211 299 68 517 68 517 68 365 152 68 517 68 517 68 517 68 517
503 189
201 258 68 85 449 68 158 108 68 201 258 68 517 359
552 152 550 158 178
85 299 149 68 85 447 158 85 359
189 68 158 108 68 158 108 68 5 189 68 258
321 68 593 163 68 85 222 149 68 85 68 85 68 85
261 86 68 43 158
189 68 211 299 68 124 68 503 339
527 68 189 68 170 149 68 64 211 108 68 19 85 68 607 158 68 651 85
447 158 359 68 505
261 86 68 124
611 149 68 593 149 68 197 86 68 569 68 253 68 253 68 564 68 569
149 550 339
158 108 68 417 68 85 406 85 406 85
189 68 347 501 68 397 68 158 152 68 158 108 68 85 299
201 211 68 607 158 68 640 68 201 258 68 85
611 240
258 68 331 149 68 611
527 68 397 68 569 68 211 178 68 569 68 569 68 569 68 569
321 240 68 611 74 68 149 68 149 68 189 68 569 108
85 331 158 189
258 68 189 68 258 258
189 68 81 68 607 158 68 405 189 68 538 158 149 68 189 68 189
158 85 331 68 430 68 331 149 68 607 158 68 149
189 68 607 68 607 50 68 430 68 331 487 149
49 68 607 158 68 149 68 331 149
503 339 68 611 68 642 68 640 68 149
629
5 211 570 211 68 241 359
347 158 543 68 213 194 68 158 108 68 503 189
189 68 87 543 68 85 152 211 19 85
611 74
201 258 68 331 199 68 640 68 158 85 152 68 87
189 68 211 359 68 359 68 70 189
85 331
189 68 651 85 68 569 68 85 68 430 68 85 211 85
550 501 68 85 136 479
517 68 5 68 397 68 211 543 68 564
611 299
365 339
261 86 68 124 68 197 86 68 569 68 550 158 108 68 241 68 321 240
651 543 68 158 68 158 108 68 430 68 5
405 74
321 68 593 543 68 607 158 68 258 240 68 79 86 68 85 359
607 158 68 640 68 85 82 152 68 640 68 640 68 43 158 68 158 68 158
189 68 152 68 321 240 68 430 199
158 108 68 213 211 213
45 68 607 158 68 405 68 607 155 68 64 211 68 64 211
86 163 68 246 68 607 158 68 211 258 85 68 397 68 550 158 118 68 397 68 149
321 247 68 538 86 85
85 406 158
550 501 68 85 379
189 68 629 68 81 68 5 68 5 189 68 152 211 152 68 85 359
85 299 85 68 93 51 86
640
321 240 68 253 68 189 68 213 194 85 68 569
85 359 149 550 85
550 155
158 569 68 550 155 68 405 85
201 258 68 607 158 68 189 68 85 299
503 158 68 640 68 85 299 68 158 108 68 158 189 68 550 158
503 85 68 189 68 569 68 211 85 299
503 339 551
569 68 240 51 430 68 85 68 189 550 158 199
569 68 611 85 68 85 359 68 607 158 68 569 68 569 68 569 68 569 68 569 68 569 68 569 68 640 68 640 68 640 68 81
651 158 108 68 158 108 68 158 108 68 564
85 222 290 85 68 158 405
651 158 68 321 247 68 397 68 397 68 85 152 68 85 359
503 158 68 347 158 359
189 68 640 68 5 189 68 70 158 149 68 397 68 569 68 246 68 246 68 321 569
64 211 149 68 19 68 607 158 68 397 68 211 199 68 389 339 68 389 339
503 85 68 158 108 68 538 86 68 397 68 397 68 64 211 108 68 64 211 108
201 258 68 85 68 85 359 68 19 85 68 19 85
359 211 85 359
290 85 359 85 359 389 85 359
321 68 593 543 68 405 68 45 108 68 607 479 68 85
189 68 569 85 68 158 108
339
503 189 68 189 68 389 339 68 189 68 170
344 108 68 527 68 189 68 189 68 158 240 68 430
122 299 68 406 158 68 611 68 430
261 86 68 640 68 5 68 397 68 397 68 158 108
43 158 68 642 68 5 68 253 68 611 68
611 163 68 81 68 5 68 85 359 68 253 68 170 299
611 149 68 593 149 68 517 68 569 68 19 149
397 68 365 569
321 68 593 163 68 397 68 253 68 253 68 503 86 85 68 503 86
611 149 68 593 85 68 43 158 68 253 68 5 189 68 550 158 74
189 68 152 68 189 68 213 194 543
564 68 331 149 68 158 108 68 5 189
64 211 68 430 68 339 68 640 68 85 611 149
503 85
189 68 607 68 607 158 68 607 158 68 607 158 68 607 158 68 189 68 607 158 68 607 158 68 607 158 68 607 158 68 607 158 68 607 158 68 189 68 189 68 607 158 68 607 158 68 607 158 68 607 158 68 607 158 68 607 158 68 607 158 189 68 607 158 68 607 158 68 607 158 68 607 158 68 607 158 68 607 158 68 607 158 74 68 607 158 74
87 85 68 577 68 189 68 577 68 189 68 629 68 397 68 397 68 397 68 397 68 397 68 321 247
85 359
149 85 79 430 68 158 85 359
417
19 359
189 68 629 68 149 458 68 405 68 405
543 211 68 629 68 189 68 189 68 640 68 211 68 211 85 359 68 569 68 569 68 85
347 501 68 505 68 189 68 189 68 149 68 543 211 149
611 240
651 68 569 68 569 68 85 68 85 68 158 85
231
211 543 68 505
503 85 68 189 68 651 569 68 607 50 68 640 68 640
241 68 158 152 68 331 178
189 68 397 68 81 68 607 158 68 240 211 68 331 68 331 68 85
64 211
503 339
607 155 68 593 149 68 43 158 68 149 68 241 68 569 68 158 108
70 158 68 331 149 68 189 68 158 108 68 447 158 68 347 158 359
321 189 68 85 359
261 86 68 273 68 569 68 569
611 258 222
321 68 593 543 68 158 108 68 642 68 640 68 642 211 68 5
201 211 68 397 68 64 211 68 629 68 397 68 397 68 397 68 321 158
640 68 593 163 68 158 543 68 365 607 158 68 331 339
45 108 68 405 68 5 68 430 68 640 68 85 406 158 118 68 339
651 543 68 607 158 68 543 68 397 68 253 68 339
258 74
261 86 68 43 158 68 45 149 68 569 68 158 108
611 108 68 19 85 299 299 68 331 68 158 108 68 64 211 108 68 64 211 108
503 158 68 85 152 211 85 68 611 189 68 640 68 640 68 81
283 68 245 449 68 261 86 68 640 68 640 68 640 68 19 85
503 189
158 108 68 593 543 68 211 543 68 607 155 68 158 68 158 68 158 68 158
344 108 68 430 68 211 299 68 397 68 85 68 397 68 321 569 68 122 85
611 211 199
87 68 124
261 86 68 87 68 564
607 158 68 607 158 68 152
19 85 68 170 68 607 158 68 640 68 158 68 211 240 68 211 85
321 68 593 240 68 640 68 85 331 487 149 68 397 68 158 108 68 253 68 253 68 197 86
189 68 158 85 152 68 640 68 158 108
321 68 331 149 68 5 68 640 68 201 258 68 607 158 68 158 108
359 158 85 86 85
527 68 189 68 189 68 347 501 68 85 299 85 68 85 359
70 189 68 149 211 68 85 68 397 68 85 152 68 397 68 569 68 149
290 85
321 189 68 359 68 170 152
321 68 593 163 68 158 108 68 158 199 68 189 68 189
261 86 68 607 158 68 331 487 359 68 339 68 569 68 339
406 158 290
611 108 68 19 85 68 397 68 430 68 397 68 85 68 397 68 397 68 149 68 397 68 85 359
158 449 68 261 86 68 321 189
321 189 68 299 68 321 240 68 640
347 501 68 607 158 68 640 68 405 85
550 158 68 640 68 569 68 64 211
347 158 543 68 417 68 607 158 68 339
347 158 68 607 158 68 406 152 68 158 85
189 68 593 149 68 397 68 331 68 85 68 339 68 85 152 68 640 68 640 68 339
189 68 651 85 68 397 68 189 68 550 158 178 68 389 339
165 85 359
321 68 569 68 651 86 68 365 430 149 68 158 108 68 158
611 258 505
149 258 68 359 68 611 158
517 68 5 189
290 158 108 68 430
651 85
611 149
347 158 68 550 501 68 189 68 241 68 158 85 222 85 299 85 68 339
290 85 359
231 68 135 68 189 68 189 68 347 501 68 640 68 607 158 68 158 178
189 543 85 611
569 85 68 607 158 85 331
503 339 68 651 569 68 85 68 253 68 607 68 607 68 503 189
331 149 68 651 85 68 569 68 85 359 68 149 68 149 68 331 68 331 149
577
347 158 68 607 158 68 607 68 607
258 108 68 577 68 189 68 389 339
43 158 68 417 68 19 85 68 197 86 68 43 158 68 43 158
189 68 397 68 81 68 607 158 68 241 68 43 158 68 43 158 68 611 194 85 68 640 68 640 68 640 68 640 68 640 68 640 68 640 68 640 68 640 68 640 68 640 68 640 68 640 68 397 68 397 68 397 68 611 299
189 68 593 163 68 158 108 68 158 108 68 85 299
651 158 108 68 593 149 68 397 68 321 240 68 321 569 68 85 68 321 569 68 321 569 68 321 569 68 321 569 68 321 240 68 321 569 68 651 152 68 321 569 68 85 68 85 68 152 68 152 68 152 68 152 68 152 68 152 68 651 152 68 152 68 152 68 152 68 152 68 152 68 152 68 152 68 321 569 68 651 152 68 365 152 68 152 68 152 68 321 569 68 321 569 68 152 68 152 68 152
165 68 593 149 68 607 158 68 607 158 68 607 155
85 240 211 359
405 68 85 79 85
158 211 430 359
611 149 68 593 149 68 607 158 68 569 68 607 158 68 607 158 68 607 158 68 607 158 68 607 158 68 331 569 68 331
4 85
241 68 158 118 68 397 68 397 68 211 569 68 211 85 359
261 86 68 651 569 68 19 85 359
43 158 68 642 211 68 430 68 569 68 543 211 68 607 155 68 607 155
503 85 68 189 68 651 569 68 85 359 68 321 189
211 299 299
347 158 68 607 158 68 70 189 68 85 240 211
261 86 68 370 68 245 449 68 640 68 640 68 640 68 85 359
503 189 68 593 149 68 607 68 607 50 68 339
85 158 74
344 68 253 68 370 68 339 68 70 158 68 211
503 189
607 158 68 640
189 85 449 85 85
569 68 607 158 68 339 68 430 68 85
231 240
158 149 550 158 247 550
201 258 68 85 449 68 189 68 331 68 85 152 68 158 85
253 85 152
503 189 68 158 108 68 642 211
201 211 68 607 158 68 640 68 201 258 68 85
19 152 68 331 149 68 640 68 85 68 611 68 611 189 68 611 85
321 237 68 331
64 211 258 68 430 68 158 543 68 607 158 68 569 68 211 240 211 68 211
85 211 199 68 189 68 642 211
64 211 258 68 64 211
569 68 447 158 68 79 430 68 158 108
651 86 68 629 68 253 68 569 68 19 85 68 397 68 85 359
290 85 68 577
405 19 19 505
189 68 651 152 68 397
503 189 68 651 569 68 85 359
197 86 68 550 501 68 189 68 430 68 331 149 68 19 85
347 501 68 321 189 68 640 68 85 241 68 85 4
64 211 108 68 577 68 85 447 158 68 85 359
405 152
158 108 68 405 85 68 290 85 68 640
290 359
417
607 158 68 569 108 68 642 68 149
201 211 68 189 68 503 158 199 68 85 359
607 158 68 158 85 359 68 85 222 85 68 85 611 85
189 68 189 68 5 189 68 607 158 68 152 68 158 68 331 149 68 331 149
503 158 199 68 189 68 64 211 108
651 149 68 189 68 135 68 81
43 158 68 339 68 5 68 211 359
245 258
359 211 85 152 643 85
339
527 68 607 158 68 258 68 43 158 68 290 85
651 85
503 339 68 158 108 68 189 68 85 430 68 19 85 68 45 108
321 569 68 640 68 85
266 158 85 68 122
43 158 68 331 149 68 189 68 45 149 68 45 152 68 331
290 85 359
347 158 68 503 158
321 68 189 68 189 68 135 68 569 68 569 68 158 108
550 430 68 640
189 68 607 155 68 397 68 611 189
651 85
517 68 5 68 81 68 397 68 397 68 19 85 68 339
290 85 359
651
189 68 253 68 370 68 607 158 68 569 68 569 68 405
550 158 85 68 85 331 430 68 158 108 68 290 85 359
405
503 85
503 189 68 611 68 430 68 189 68 331 149
321 339 68 124
189 68 517 68 43 158 68 640 68 85 152 550 158 108
189 68 135 149 68 135 68 397 68 85 611 189 68 170
344 108 68 347 158 68 527 68 189 68 397 68 397 68 543 68 607 50
347 158 68 430 68 640 68 240 68 331 68 397 68 135 149 68 135 149
189 68 607 158 68 640 68 517 299 68 85 359
347 158 213 194 178
261 158 68 197 149 68 569 68 81 68 640 68 85 299 85 359
135 68 81 68 607 158 68 607 68 152 550 158 68 189 68 189 68 189
503 158 68 347 158 359
405 68 430 211 194 85
189 68 347 501 68 607 158 68 607 158 68 564
290 85
550 430 68 607 50 68 640
149 550 158 85
397 68 54 86
593 85 68 538 158 108 68 397 68 611 68 85
611 149 68 593 163 68 405 68 331 68 331 149 68 640 68 149
538 158 189 68 5 189 68 19 85 68 430 359
321 194 149 68 149 458
447 290 85 68 93 211 108
517 359
607 158 68 253 68 136 479 149 68 19 85
197 86 68 640 68 189 68 577 68 577 68 397 68 397 68 397 68 397 68 359
43 158 158 108
564 68 607 158 68 607 158 68 607 158 68 651 339
321
85 213 194
149 79 152
569 68 339 68 19 85 68 569 68 569 68 158 108
261 86 68 197 86 68 651 68 607
543 211 85 68 189 68 149 458
197 86 68 651 136 479 68 189 68 517 359 68 397 68 517
290 430
651 158 68 430 68 430 68 158 108
321 240 68 331 149 68 5 68 70 158 68 503 189
135 149 68 593 163 68 397 68 397 68 397 68 321 68 397 68 70 158
564
651 123 68 85 359 68 640 68 85 222 85
19 152 68 331 149
158 85 85 158 108
527 68 607 158 68 261 86 68 165 68 505 68 607 50
550 158 158
607 68 189 68 607 68 503 339 68 503 189 68 85 359 68 397 68 397
189 68 347 501 68 158 152 68 158 108 68 258 149
503 339 68 152 68 640 68 640 68 19 68 135 149 68 607 68 135 149 68 607 155 68 135 149
321 68 189 68 397 68 430 68 397 68 611 189 68 331 68 331 68 331 68 331
261 86 68 124 68 197 86 68 569 68 569 68 85 68 85 299
211 430 158 108 68 149 253 68 158 149 68 331 359
503 85 68 189 68 651 569 68 85 222 85 359 68 85 299
189 158 199 85 359 389 85 359
189 68 607 68 607 68 640 68 538 158 68 405 68 640 68 64 211
70 158
213 194 85
321 68 593 543 68 158 247 68 405 543 68 417
283 68 406 155 68 64 211
64 211 108 68 5 189 68 149 211 149
231 68 261 86 68 261 86 68 339 68 640 68 640 68 640 68 640 68 640 68 640 68 640 68 640 68 640 68 607 68 640 68 640 68 640 68 607 158
607 68 517 68 5 68 347 158 149 68 607 158 68 607 158 68 607 158 68 607 158 68 607 158 68 607 158 68 607 158 68 607 158 68 607 68 389 158 68 43 158 68 607 158 68 607 158 68 607 158 68 607 158 68 152 68 152 68 611 68 611 68 577 68 577 68 577 68 607 158 68 607 158 68 607 158 68 607 158 68 43 158 68 607 158 68 607 158 68 607 158 68 152 68 607 158 68 43
152 51 86
211 543 149
321 247 68 569 85
503 339 68 158 108 68 331 149 68 85 299
158 108 68 569 68 85 152 211 68 397 68 569 68 611 74 68 85
85 258 85 359 389 543
347 501 359
261 86 68 124 68 158 108 68 158 108 68 170 299 68 85 359 68 85 359
5 189
201 258 149 68 85 449 68 135 68 607 158 68 339
503 339 551
158 85 331 68 81 68 189 68 331 149
501 85 359
607 155 68 5 68 158 152 68 607 158 68 85 68 640 68 85 299
170 54 86
86 163 68 252 155 149 68 607 158 68 405
189 68 4 240 68 550 430 68 261 86 68 503 189
261 86 68 124
651 123 68 638 68 640 68 19 85 68 158 108 68 158 108
543 85 170
189 68 149 68 640 68 85 299 211 68 503 158 108 68 211 85 359 68 389 339 68 211 149
189 68 165 68 593 149 68 430 68 638 68 430 68 430 68 430
158 108 68 19 85 68 651 86 68 124
64 211 108 68 611 189
550 339
299
607 158 68 70 158 149
347 501 68 347 501 68 550 158 149 68 550 158 68 569 68 550 158 240 68 550 158 240 68 550 158 152 68 550 158 152 68 550 158 178 68 550 158 152 68 550 501 68 550 158 178 68 550 501 68 550 158 74 68 550 158 178 68 550 158 152 68 347 501 68 339 68 339 68 339 68 550 158 178 68 550 158 178 68 550 158 178 68 550 158 178 68 550 158 178 68 569 68 569 68 550 158 178 68
503 158 359
331 149 68 397 68 331 149
189 68 81 68 189 68 331
321 68 81 68 397 68 569 68 543 211 213 194
64 211 108 68 611 85 68 640 68 642 68 158 108
201 258 68 85 449 68 158 108 68 607 158 68 397 68 85 299
550 19 85
258 68 189 68 258 258
273 68 189 68 389 85 299 85 359
503 158 68 339 551 68 569 68 85 299 85 359 68 85 299 299 299 299 299 299 299 299 299
550 339
347 85
189 68 211 299 68 577 68 577 68 569 68 517 85 68 517 152 68 569 68 517
149 458 68 339 68 211 68 397 68 505 68 640 68 607 158 68 607 158 68 607 158 68 607 158 68 607 158 68 607 158 68 550 86 68 258
406 152 68 189
189 68 170 299 68 85 68 85 359 68 569 68 569
569 68 347 158 359 68 189 68 253 68 640 68 640 68 640
651 70 158 68 70 158 108 68 651 85 68 569 68 569
189 68 347 501 68 397 68 405 68 253 68 430 68 430
611 299 68 136 479 68 517 359
258 543
64 211 68 607 158 68 211 68 397 68 517 211 68 211
607 158 543 68 19 85 68 569 68 430
331 149 68 321 68 261 86 68 607 158 68 607 158 68 607 158 68 331
397 68 430 550 158
64 550 158 108
231 240
85 406 158 359
189 68 569 108 68 607 158 68 640 68 85 299 85 68 85 299 85 359
158 108 68 149 550 158 543 68 543 211 68 607 68 607 68 5 189 68 607 158 68 152
258 543 68 406 155 68 505
149 158 543 68 347 158 299 68 85 299 68 640 68 79 299 299 299 299 299 299 299 299 299
503 189 68 197 86 68 569 68 149 211 68 569 68 79 158 543
651 86 68 370 68 370 68 5
197 86 68 569 68 85 68 406 158 108 68 505 68 569 68 569 68 569 68 569
87 68 158 85 68 85 347 501 68 397 68 397 68 19 85 68 397 68 19 85 68 397 68 85 359
162
64 211 405
527 68 87 68 503 158 68 651 339
64 211
430 152 550 158 68 640
273 68 189 68 389 85 299 85 359
158 68 165 68 165 68 430 68 430 359
527 68 607 158 68 370 68 158 68 158 449 68 607 155 68 252 155
607 158 68 85 347 158
85 347 158 359
189 68 347 501 68 397 68 611 211 199 68 64 211
447 85 359
347 158 68 258 258 68 550 501 68 189 68 85 152 68 85 611 299
261 86 68 43 158
347 158 68 347 158 152 68 189 68 640 68 430
189 158 199 85 347 158 118 68 85
86 163 68 152 68 201 258 68 5 68 5
577 68 640
5
189 68 550 501 68 397 68 43 158 68 85 68 397 68 85 68 397 68 321 189 68 550 501
158 158 199
43 155 194 505
149 74 68 569
45 108 68 405 68 158 85 152 68 5
629
19 222 68 550 158 108 68 64 211 108 68 569 68 569 68 569 68 569 68 85 299
503 189 68 640 68 149 68 339 68 397 68 253 68 397 68 569 68 569 68 569 68 569 68 569 68 397 68 550 501 68 550 158 359 68 253 68 253 68 253 68 253 68 253 68 253 68 152 68 152 68 152 68 651 123 68 651 123 68 651 123 68 152 68 152 68 152 68 152 68 640 68 550 501 68 651 339 68 651 123 68 651 339 68 550 501 68 397 68 651 339 68 651 339 68 253 68 253 359
189 68 405 247 68 405 68 640 68 640 68 85 68 397 68 85 299
503 339 68 170 68 503 189 68 397 68 136 479 68 5 189
607 158 68 593 543 68 607 158 68 158 68 85 299 68 607 158 68 607 155 68 607 155 68 19 85
611 149
640 222 85 68 569 68 564 68 640
569 68 81
564 68 331 149 68 85 331 487 359 68 331
258 299
258 85 359
201 258 290 266 155
503 158 68 347 158 68 5 68 629 68 397 68 640
149 149 68 158 85 331 487 359
64 211 68 577 68 81 68 607 158 68 43 158 68 85 299
331 149 68 189 68 189 68 611 299 299 68 149 68 149 458 152
321 68 5 68 135
651 86 68 158 68 158 149 68 430 359 68 550 501
527 68 321 240 68 640 68 85 611 149
5 68 93 211 194
258 108 68 68 135 68 640 68 331 68 331 68 331 68 331 430 359 68 331 430 359 68 331 68 331 68 331 487 359 68 331 68 331 68 550 501 68 550 501 68 550 86 68 550 501 68 550 501 68 331 487 359 68 331 487 359 68 152 68 550 86 149 68 640 68 640 68 640 68 640 68 331 487 359 68 331 487 359 68 550 501 68 550 501 68 93 435 85 359 68 331 487 359 68 331 487 359
45 247 68 158 108 68 158 108
152 550 158 199 85 359
189 68 569 68 517 85
503 189 68 593 89 158 68 81 68 5 189 68 430 68 253 68 253
87 68 538 152 68 370 68 87 68 503 155 68 607 158 68 607 158
253 85 152
189 577
85 211 543
651 85 68 158 68 158 108 68 430 68 5 189 68 430 68 79 430 299 211 68 331 68 79 430 359
189 68 607 158 68 607 68 503 339
527 68 607 158 68 569 68 85 331 487 359
321 68 5 68 538 158 149 68 517 68 64 211
640 68 503 158 68 607 158 68 331 487 149 68 640 68 640 68 85 68 85 68 640 68 640 68 640 68 85 359
189 68 607 158 68 211 339
543 577 211 85 359
85 152 550 501
170 449
430
564 68 611 68 152 68 397 68 85 359
321 68 189 68 64 211 68 93
331 569 68 136 479 68 149 68 607 158 68 189 68 85 299 85 299 85 68 85 359
405 359
189 68 405 68 165 68 517 68 149 68 397 68 189 68 189 68 189 68 189
651 152 68 569 68 569 68 85 68 85
321 68 593 543 68 607 158 68 607 158 68 240 68 611 68 85 152
85 258 85 359 389 543
550 158 543 85
261 86 68 43 158 68 258 149 68 569 68 640
550 152
321
211 607 68 189 68 611 85 359
43 158 68 189 68 81 68 607 158 68 405
201 258 68 607 158 68 85 152 458
189 85 299 68 569 68 607 158 68 331
359
189 406 158 503 158 108
231 240
503 158 68 347 158 68 5 68 331 487 149
611 74
5 85 68 430 64 211 85
64 550 158 85 68 85 222 240
149
640 85 299 68 158 108 68 158 108 68 430 68 550 430
189 68 347 501 68 397 68 253 68 397 68 569 68 569 68 85 299
5 189 85 359
569 68 189 74 68 640 68 241 68 85 68 85 211 85 68 550 430 68 550 158 85
85 299 149 68 85 447 158 85 359
501 85 503 189 68 158 108 68 339
611 149 550 158 299 299 299 68 397 68 611 68 611 68 397 68 611 194
430 211 197
503 339 68 339 68 19 85 68 19 85 68 189 68 339 68 339
651 569 68 505 68 85 68 430 68 79 430
331 149 68 85 152 68 607 158 68 189 68 538 430 68 237 417
503 158 68 253 68 189 68 85 68 240 211 68 505
651 359
503 339
550 543
640 68 370 68 5 68 640 68 640 68 397 68 517 68 640 68 640 68 640 68 640 68 640 68 640 68 640 68 640 68 640 68 640 68 640 68 640 68 640 68 607 158
4 85
189 68 593 85 68 405 85 68 331 149 68 158 108 68 158 108 68 640 68 640 68 640 68 640 68 640 68 331 149
321 68 593 189 68 261 86 85 68 503 189 68 503 189 68 170 149
211 85 68 640 68 569 68 158 85
290 258 118
201 211 68 397 68 85 152 550 339
261 86 68 189 68 593 89 158 68 347 501 68 607 68 81
569 85 258 68 430 68 503 158 108 68 397 68 640 68 85 359 68 85 359
135 149
503 68 640 68 197 86 68 135 149 68 189 68 543
503 189
651 85 68 339 68 397 68 253 68 331 149 68 331 149
397 68 607 158 68 527
344 158 108 68 5 68 149 359 359
503 339 68 651 569
503 158 68 5 68 651 85 68 339 68 607 50
290 19 359
43 158 68 607 158 68 607 158 68 158 68 158 68 569 68 158 108
261 86 68 607 68 607 158 68 607 158 68 651 86
417 68 640
290 258 85 359
607 339 68 629 68 189 68 189
189 68 651 543 68 405 85
189 68 607 158 68 430 68 5 189 68 430
189 68 569 108 68 158 85 152 211 85 68 397 68 331 149 68 331 487 149 68 331 487 359
43 158 68 189 68 417 68 406 152 68 397 68 611 68 611 68 611 68 611 68 611 68 611 359
607 158 68 607 158 68 430 68 158 240 68 640
564 551 68 339 68 158 85
43 158 68 245 449 68 607 158 68 405 68 81 68 611 194 543 68 149
