64 211 68 607 158 68 211 543 68 607 158 68 607 158 68 211 543 211 68 607 158 68 607 158 68 607 158 68 607 158 68 607 158 68 607 158 108
158 108 68 5 68 81 68 240 211
389 158 85 359
241 430 85 359
43 158 85 359 68 19 149
85 68 651 123 68 85 359 68 85 359
261 86 68 86 68 189 68 85 359 68 569 68 85
85 359 389 158 85 359
43 158 68 43 158 68 405 68 607 158 68 607 158 68 241 68 241 68 158
5 68 253 68 189 68 189 68 189 68 430 199
240 299
79 158 85 359 68 85 359
43 158 118
124
370 68 5 68 81 68 189 68 240 211 68 240 211 108
607 158 68 607 158 68 607 158 68 550 158 108
347 189
607 158 68 258 149 68 189 68 240 211 108 68 569 68 240 211 108
503 189 108
189 68 81 68 241 68 85 51 86 68 85 359
261 86 68 158 108 68 158 108 68 517 68 397 68 397 68 430 68 607 158 108
85 194 68 405
503 189 68 158 108 68 158 108 68 607 158 68 550 158 108 68 550 158 108 68 550 158 108
253 68 189 68 430
527 68 607 158 68 607 158 68 607 158 68 607 158 68 607 158 68 607 158 68 19 85 359
430 149 550 158 108 68 430
607 158 68 527 68 397 68 397 68 569 68 241 359 550 158 108 68 241 68 85
503 189 108
43 158 68 211 108 68 5
241 68 85 359 68 85 359 68 85 359
370 68 5 68 81 68 189 68 19 85 68 19 85 68 189 68 189 68 19 85
153 240
189 85 347 158 108 68 158 189 68 158 211
365 479
607 158 68 19 85 68 64 211 108 68 397 68 397 68 397 68 397 68 397 68 189
64 211 108 68 189
197 86 68 158 108 68 189 68 85 359
253 85
607 158 68 527 68 607 158 68 607 158 68 607 158 68 607 158 68 607 158
189 68 158 108 68 569 68 517 68 517 68 189 68 569 68 241 359
397 199 85 359
288
577 68 517 68 85 359 68 85 359
211 199
261 86 68 569 68 19 85 68 158 108
189 68 5 189 68 85 359 389 85 359 68 85 359
503 189 68 189 68 617 149 68 189 68 43 158 68 331
288 68 339 68 189 68 339 68 189 68 158 108 68 158 108
261 86 68 245 149
170 68 85 359 68 5 108
43 158 85 194
370 68 5 68 81 68 569 68 85 359 389 158 108
607 158 68 19 85 68 189 68 85 359
607 158 68 607 158 68 189 68 550 158 108 68 189 68 211 108
607 68 607 158 68 170 108 68 261 86 68 607
611 189
153 189 68 189 68 189 68 85 359
607 158 68 527 68 158 68 85
607 158 68 543 68 189 68 189 68 569 68 85 359
261 86 68 124
5 68 258 149 68 19 68 569 68 430
607 158 85 359 68 261 86 149
339 68 550 501 68 189 68 19 85 68 189 68 19 85 68 19 85 68 189 68 158 108
339 68 158 108 68 158 108 68 158 108 68 158 108
85 68 253 68 397 68 397 68 397 68 397 68 397
189 68 81 68 158 108 68 189 68 241 389 158 108
607 158 68 158 68 87 68 607 158 68 87
607 68 5 68 241 68 241 68 241
339
527 68 607 158 68 607 158
527 359
189 543 359
211 85 359
503 189 68 81 68 189 68 86 68 85 359 68 5 189 68 5 189 68 397 68 189 68 85
607 158 68 527 68 158 68 158 108 68 158 108 68 158 108 68 158 108
85 68 158 108 68 189 68 189 68 189 68 189
149 550 158 68 189 68 550 158 118
283 68 430 68 607 158 68 241 68 241 68 241 68 241 68 241 359 550 158 108
261 86 68 124
389 158 85 359
43 158 68 550 501 68 607 158
607 158 68 550 501 68 607 158 68 607 158 68 607 158 68 347 158 68 607 158 68 339
261 86 68 86 68 569 68 85 359
211 299 359
189 68 607 158 68 550 501 68 397 68 189 68 189 68 189 68 189 68 189 68 189 68 189 68 189 68 189 68 241 68 189 68 189 68 189 68 189 68 189 68 189 68 189 68 189 68 189 68 241 68 241 68 241 550 158 108
211 211 108
43 158 68 550 158 68 189 68 527 68 527 68 189
607 158 68 607 158 68 347 501 68 607 158 68 607 158 68 607 158 68 607 158 68 607 158
261 86 68 430 149
64 211 108 68 158 108 68 158 108
85 68 85 359 68 430 68 430 68 397 68 397
85 347 158 68 607 158 68 607 158 68 607 158 68 607 158 68 607 158 68 85
527 68 158 68 158 108 68 158 108
607 158 68 527 152 68 607 158 68 607 158 68 607 158 68 607 158 68 607 158 68 607 158 108
339
51 86
339 68 339
189 68 85 253
607 158 68 189 68 68 68 331 149 68 397 68 397 68 397 68 397 68 397 68 397 68 397 68 397 68 397 68 397 68 397 68 397 68 397 68 397 68 189 68 85 359 68 397 68 85 359 68 85 359 68 397 68 397 68 397 68 397 68 189 68 189 68 397 68 397 68 397 68 397 68 397 68 397 68 397 68 397 68 397 68 397 68 85 359 68 397 68 397 68 397 68 397 68 397 68 189 68
189 68 81 68 430 149
85 51 85 359 68 85 359
85 68 253 68 189 68 189 68 569 68 189 68 189 68 189 68 189 68 189 68 189
5 189 68 85 359
5 68 81 68 189 68 189 68 241 68 241 359
43 158 85
189
241
397 68 158 108 68 607 158 68 241 68 241 68 241
189 68 527 359 68 397 68 189 68 85 359 68 5 189 68 331 149
527 68 607 158 68 81 68 607 158 68 607 158 68 607 158 68 607 158 68 189
85 550 158 108 68 158 108
85 194 68 405
189 68 64 211 108 68 189 68 189 68 189 68 430 68 189
153 189 68 19 85 68 158 108 68 517
240 211 68 550 158 118
189 85 359 550 158 85 359 68 158 108
607 158 149 68 550 158 108 68 85
405 85 68 85 359
527
197 85
503 189 68 158 68 81 68 397 68 569 68 241 359
189 68 43 158 68 607 158 68 365 430 199 68 5 189 68 430 199
5 68 189 68 189 68 85
189 68 569 68 81 68 5 68 19 85 68 189 68 569 68 149 68 189 68 189 68 189 68 189 68 569 68 19 85
607 158 68 527 359
503 189 68 158 108 68 569 68 19 85 68 569 68 19 85 359
569 68 81 68 189 68 331 149
651 123 68 85 68 85 359 68 85
86 189 68 5 68 43 158 68 569 68 211 108
86 68 397 68 85 359 389 85 359
430 359
370 68 5 68 370 68 370 68 397 68 503 158 68 397 68 370
79 158 85 359 68 339 68 339
170 68 241 68 5
359 149
158 85 359 550 158 108
607 68 5 68 405 68 405
5 68 527 68 397 68 158 108 68 607 158 68 607 158 68 607 158 68 607 158 68 607 158 68 607 158 68 607 158 68 607 158 68 607 158 68 607 158 68 527 68 607 158 68 607 158 68 527 152 68 607 158 68 607 158 68 607 158 68 527 68 607 158 68 607 158 68 607 158 68 607 158 68 607 158 68 607 158 68 607 158 68 607 158 68 607 158 68 607 158 68 607 158 68 607 158 68 607
503 85 68 158 108 68 569 68 569 68 85 359
283 68 158 108 68 569 68 569 68 569 68 569 68 19 85 359 68 19 85 359
564 68 158 108 68 5 68 19 85 68 19 85
149 211 68 283
54 86 68 158 108 68 569 68 158 108
189 241 430
79 158 85 359 68 64 211 108
642 211 68 64 211 108
607 158 68 19 85 68 405 108
503 189 68 527 68 5 68 331 149
64 211 108 68 501 68 517
607 158 68 607 158 68 607 158 68 607 158 68 607 158 68 607 158 68 607 158 68 607 158 68 607 158 68 607 158 68 607 158 68 607 158 68 607 158 68 607 158 68 607 158 68 607 158 68 607 158 68 607 158 68 607 158 68 607 158 68 607 158 68 607 158 68 607 158 68 607 158 68 607 158 68 607 158 68 607 158 68 607 158 68 607 158 68 607 158 68 607 158 68 607 158 68 607 158
240 158 85
158 85 359
170 68 170 299
527 68 5 68 85 359 68 189 68 85 359 68 85
261 86 68 569 68 19 85 68 85 68 85 359
5 68 527 68 19 85 68 158 108 68 158 108
503 158 68 253 68 189 68 189 68 189 68 240 211
43 158 68 550 158 149 68 430 149
85 68 651 123 68 189 68 85 359
527 68 5 68 543 68 189 68 158 108 68 189 68 19 85
5 68 163 68 81 68 607 158 68 189 68 241
158 85 430 213 211
170 108 68 430 149
503 158 108 68 331
430 68 607 158 68 389 158
430
86 86 359
261 86 68 158 108 68 430
85 359 389 158 85 359
430 108 68 430 68 19 85
19 85 68 19 85 359
503 189 68 569 68 81 68 189 68 170 108
607 158 68 64 211 108 68 5
283 68 5 68 19 85 68 19 85 68 430 68 19 85
240 241 430 85
607 158 68 81 68 189 68 158 543 211 68 158 68 430 68 607 158 68 607 158 68 607 158 68 607 158 68 607 158 68 607 158 189 68 81 68 81 68 81 68 81 68 81 68 81 68 81 68 607 158 68 189 68 189 68 189 68 81 68 81 68 81 68 81 68 189 68 189 68 189 68 189 68 189 68 189 68 81 68 81 68 81 68 81 68 189 68 189 68 189 68 189 68 189 68 81 68 81
288 68 397 68 5 68 149 550 158 108 68 189 68 19 85 68 19 85 68 19 85 68 19 85
370 68 5 68 607 158 68 331 149 68 189 68 241 68 241 68 241 68 241 68 241
607 158 68 43 158 68 43 158 68 397 68 397 68 397 68 124
241 247 85
54 86 68 430 85 359 550 158 108
527 68 607 158 68 397 68 85 359 68 85 359 68 85 359 68 85 359
5 189 68 81 68 189 68 430
339 551 68 158 108
370 68 189 68 405 68 189 68 517
527 68 607 158 68 607 158 68 607 158
5 68 527 68 81 68 189 68 189 68 158 108
189 85 359 389 158 108
241 543
189 149
189 68 189 68 189 68 189 68 189
241
283 68 158 108
43 158
347 158 85
64 211 108 68 189 68 19 85 68 569 68 19 85
153 68 158 108 68 5 68 189 68 430 68 430 68 430 199
241 68 158 108 68 607 158 68 607 158 68 607 158 68 241 359 550 158 68 241 68 241 359
359
189 213
85 194
503 189 68 158 108 68 569 68 569 68 85 359 389 158 108
397 68 43 158 68 43 158 68 397
189 68 527 68 607 158 68 607 158 68 19 68 569 68 430
189 68 81 68 189 68 189 68 189 68 189 68 189
86 68 517 68 607 158 68 43 158 68 43 158
397 68 85 359
43 158 68 81 68 189 68 158 108 68 397 68 397
240 389 158 359
607 479 68 347 158 68 607 158 68 607 158 68 607 158
607 158 68 81 68 189 68 189 68 64 211 108
397 108
503 189 68 158 108 68 569 68 569 68 569 68 136 479
5 68 240 211 68 64 211
43 158
43 158 68 85 359 389 158 108 68 189 68 19 85
240 359
283 68 5 68 149 550 501 68 19 85 68 85 359
503 189 68 158 108 68 158 108 68 331 149
19 85
651 123 68 85 359 68 85 359 68 241 359
569 68 85 194 543 68 189 68 189 68 189 68 19 85
370 68 607 158 68 607 158 68 607 158 68 5 68 569 68 550 158 68 397 68 550 158 108
240 389 158 359
189 68 550 158 108 68 517 68 517 68 517
283 68 158 108 68 158 108 68 569 68 503 158 108
5 68 149 68 19 85 68 19 85 68 19 85
607 158 68 81 68 158 68 158 108 68 189 68 158 108
607 158 68 189 68 158 240 211 68 240
153 240
339 68 211 543 68 569 68 569 68 240 211 68 240 211 85 359
189 68 550 158 543 68 397 68 397 68 569 68 158 108
607 158 68 607 158 68 347 158 68 607 158 68 607 158 68 607 158 68 607 158 68 607 158 108
569 68 189 68 81 68 189 68 189 68 189
283 68 397 68 5 68 19 85 68 19 85
569 68 347 501 68 189 68 189 68 189 68 189
283 68 569 68 283 68 189
503 189 68 158 108 68 189 68 517
651 359 68 397
189 68 569 68 158 543 68 158 108 68 189 68 189 68 19 85 68 19 85 68 189 68 158 108
189 68 158 108 68 569 68 430 68 607 158 68 607 158 68 607 158 68 607 158 68 607 158 68 607 158 68 607 158 68 607 158 189 68 607 158 189 68 607 158 68 607 158 68 607 158 68 19 68 607 158 68 607 158 68 607 158 68 607 158 68 81 68 607 158 68 607 158 68 607 158 68 607 158 68 607 158 68 607 158 68 81 68 607 158 68 607 158 68 607 158 68 607 68 607 68 607 68
153 68 527 68 81 68 189 68 189 68 5 189 68 430
339 68 550 501
283 68 569 68 19 85 68 569 68 241 359
339 194 543 211
370 68 607 158 68 397 68 397 68 397 68 189 68 189 68 189 68 189 68 189 68 189 68 241 68 241 68 241 68 241 68 189 68 189 108
607 158 68 607 158 68 81 68 189 68 43 158
261 86 68 158 108 68 19 85
283
503 158 108 68 81 68 569 68 569 68 569 68 85
158 85 359 389 158 108
607 158 68 550 501 68 189 68 158 108 68 607 158 68 607 158 68 607 158 68 607 158 68 607 158 68 607 158 68 607 158 68 607 158 108
189 68 158 108 68 158 108 68 430 68 517
283 68 19 85 68 158 108 68 85 359
370 68 397 68 170 68 158 68 158 108
430 85
189 68 158 108 68 189 68 189 68 430
241 359 397
158 85 430 543
569 68 158 108
607 158 68 607 68 607 68 189 68 189 68 189 68 189 68 64 211 68 189 68 189
85 240 550 158 108 68 158
19 85 68 158 108 68 397 68 241 68 241 68 397 68 241 68 241 359
149 389 158 359 68 359
543 389 85
43 158 68 241
5 68 642 211 68 158 108 68 189 68 43 158 68 517
266 85
261 86 68 158 108 68 569 68 569 68 359
189 68 283 68 569 68 569 68 569 68 569 68 569 68 569 68 569 68 569 68 569 68 569 68 569 68 569 68 569 68 569 68 569 68 569 68 569 68 569 68 569 68 569 68 569 68 569 68 569 68 569 68 569 68 569 68 569 68 569 68 569 68 569 68 569 68 569 68 569 68 569 68 569 68 569 68 569 68 569 68 189 68 68 68 569 68 569 68 569 68 569 68 569 68 189 68 189 68
527 68 569 68 81 68 85
527 68 607 158 68 569 68 569 68 430 68 569 68 569 68 569 68 569 68 550 158 108
607 158 68 85 331 149 68 158 108 68 397 68 189 68 331 149 68 85
211 149 389 158 359
543 389 85
607 158 189 85
527 68 607 158 68 405 85
365 430 199
189 68 550 501 68 397 68 19 85 68 397 68 397 68 19 85 359
241 68 158 108 68 607 158 68 607 158 68 607 158 68 607 158 68 607 158 68 607 158 68 607 158 68 19 85 68 607 158 68 607 158 108
189 68 617 68 397 68 517 68 43 158 68 43 158 68 43 158 68 43 158 68 43 158 68 43 158 68 43 158 68 43 158 68 607 158 68 607 158 68 607 158 68 607 158 68 607 158 68 607 158 68 607 158 68 43 158 68 607 158 68 607 68 607 158 68 607 158 68 607 158 68 607 158 68 607 158 68 607 158 68 607 68 607 68 607 158 68 607 158 68 607 158 68 607 68 607 68 607 68
5 68 527 68 607 158 68 81 68 607 158 68 607 158 68 153 189
43 158 68 163 68 149 68 189 68 19 85 68 19 85
43 158 68 258 68 569 68 211 189
430 240 389 158 68 64 211
501 85 240 389 85 359 68 501 85 359
19 85 68 85 359
64 211 543 68 430
261 86 68 607 158 68 607 158 68 607 158 68 607 158 68 607 158 68 607 158 68 607 158 108
241 68 158 108 68 64 211
19 85 68 158 108 68 5 189 68 241 68 241
611 189
607 158 68 81 68 607 158 68 607 158 68 607 158 68 607 158 68 607 158 68 607 158 68 607 158 68 81 68 607 158 68 607 158 68 189 68 81 68 81 68 81 68 607 158 68 81 68 607 158 68 607 158 68 607 158 68 607 158 68 81 68 81 68 81 68 607 158 68 607 158 68 81 68 607 158 68 607 158 68 81 68 81 68 81 68 607 158 68 607 158 68 607 158 68 81 68 81 68
189 85 359 389 158 149
85 241 359 68 569 68 241 359
339
197 85
607 158 68 82 152 68 153 189 68 430
266 158 85
405 85 68 430 149
170 211
607 155 68 261 86 68 607 158 68 569 68 397 68 397 68 241 68 241 68 241 68 241
503 158
266 85
607 158 85 359 68 158 108 68 430
527 68 5 68 85 331 149 68 158 108 68 517
405 211 108
607 158 68 607 158 68 607 158 68 607 158 68 607 158 68 607 158 68 607 158
527 68 5 68 527 68 189 68 331 149 68 189 68 189 68 331 149 68 189 68 189
189 68 527 152 68 397 68 517 68 517 68 517
211 158 359
283 68 158 108 68 569 68 569 68 569 68 569 68 19 85 359 68 19 85 359
564 68 607 158 68 81 68 189 68 430
607 158 68 527 68 569 68 241 68 241
503 158 108 68 158 108 68 189 68 331 149 68 397 68 331
189 68 5 189 68 85 359
170 85 68 85 359 389 158 118
370 68 607 158 68 607 158 68 607 158 68 607 158 68 331 149 68 607 158 68 189
211 543
607 158 68 607 158 68 527
149 389 149
607 68 527 68 5 68 19
43 158 68 163 68 149 68 43 158 68 430 68 430 68 430 68 43 158 108
527 68 5 68 81 68 607 158 68 189 68 149
527 68 5 68 158 108 68 158 108 68 19 85 68 19 85 68 19 85 68 19 85 68 19 85 68 19 85 68 19 85 68 607 158 108
527 68 607 158 68 397 68 85 359 68 85 359 68 85 359 68 85 359
397 68 158 108 68 158 108 68 397 68 85 359
564 68 607 158 68 81 68 189 68 430
569 85 68 158 108
607 68 158 68 170 108 68 158 108 68 607 158 68 607 158 68 64 211 108
240 211 68 81
405 108
5 68 189 68 5 68 241 68 241 68 241 68 241 68 241 299 68 241 68 241
43 158 149
261 86
569 68 81
149 550 158 149
642 211 68 405 68 189 68 85
607 158 68 550 158
370 68 397 68 85 194 68 189 68 85
64 211 108
158 85 430 543
607 158 68 527 68 607 158 68 569 68 240 194 543
503 189 108
258 85
339 68 550 501 68 607 158 68 189 68 211
261 158 85
503 189
261 86 68 86 68 158 108 68 607 158 108 68 241 68 241
503 189 68 158 108 68 607 158 68 331 149
64 211
5 68 527 68 81 68 569 68 569 68 189 68 85 359
405
397 68 569
503 189 68 158
607 158 68 527 68 607 158 68 607 158 68 607 158 68 607 158 68 607 158 68 607 158 68 527
149 550 158 149
241 68 5 108
261 86 68 569 68 189 68 189 68 241 359 389 158 240 211 68 241 359
527
85 359
527 68 5 68 527 68 189 68 85 359 68 189 68 85 359 68 189 68 189 68 158 108
607 158 68 550 501 68 397 68 397 68 397 68 397 68 397 68 397 68 397 68 397 68 569 68 397 68 569 68 569 68 397 68 397 68 189 68 397 68 550 158 108 68 550 158 108
261 86 68 517 68 189 68 189 68 189 68 189
153 240
189 68 607 158 68 607 158 68 569 68 397 68 397 68 397 68 397 68 397 68 397 68 189 68 158 108
85 359 389 85 68 241
607 158 68 81 68 158 68 19 85 68 43 158 68 607 158 68 607 158 68 189
170 68 241 359
153 189 68 158 108 68 158 108 68 5 189 68 189 68 189 68 85 359 389 158 108
607 158 68 189 68 68 68 85 359 550 158 108 68 19 85
158 108
503 189 108
569 68 85 359 68 189 68 189 68 189 68 189
158 108
189 68 527 68 397 68 85 359 68 397 68 189 68 189 68 85
189 68 43 158 68 607 158 68 365 430 199 68 5 189 68 430 199
64 211 108
283 68 189 68 527 68 607 158 68 81
64 211 108 68 158 108 68 158 108 68 158 108
43 158
240 299 359
189 68 617 68 569 68 85 359 68 241 359 68 569 68 241 359
607 158 68 607 158 108
241 19 85
607 158 68 64 550 158 149
5 68 607 68 607 158 68 241 68 241 68 241 68 241 68 241 68 241 68 241
189 68 68 68 68 189 68 68 241 68 397 68 397 68 241 68 241 359
607 158 68 550 158 68 607 158 68 607 158 68 607 158 68 607 158 68 607 158 68 607 158 68 607 158 68 607 158 68 607 158 68 607 158 108
607 155 68 5 68 189 68 189 68 189 68 241 68 189 68 241 68 189 68 189
261 86 68 158 108 68 569 68 569 68 569 68 19 85
43 158
85 149 550 158
503 189
503 158 108 68 189 68 19 85 68 517 68 517
261 86 85 359 68 158 108
370 68 607 158 68 607 158 68 607 158 68 189 68 331
5 68 527 68 81 68 607 158 68 189 68 607 158 68 607 158 68 607 158
607 158 68 527 68 397 68 189 68 569 68 569 68 19 85 359
283 68 158 108 68 158 108 68 158 108 68 331 149
389 158 85 359
564 68 5 68 569 68 569 68 569 68 430
240 550 158 108
85 359 550 158 149
607 158 68 370 68 607 158 68 241 68 241 68 241
189 68 68 283 68 189 68 189 68 569 68 569 68 569 68 189
43 158
503 189 68 607 158 68 81 68 189 68 241 68 241 68 189 68 241 359
283 68 158 108 68 5 68 19 85 68 19 85
43 158
189 68 68 68 68 189 68 68 68 189 68 397 68 189 68 189 68 189 68 189 68 68 170 299 68 68 68 68 68 189 68 189 68 189 68 68 68 68 68 68 68 68 68 68 68 68 68 68 68 68 68 189 68 189 68 189 68 189 68 68 68 68 68 68 68 68 68 68 68 68 68 189 68 68 189 68 68 68 68 68 68 68 68 68 68 68 170 211 189 68 189 68 189 68 189 68 68 68
527 68 5 68 370 68 397 68 397 68 331 149
85 158 240 68 5 189 68
607 68 607 158 68 607 158 68 607 158 68 607 158 68 607 158 68 607 158 68 607 158 68 607 158 68 607 158 108
503 189 68 79 359
503 189
607 158 68 163 68 81 68 189 68 189 68 189 68 189 68 189 68 189 68 189 68 189 68 189 68 189 68 189 68 189 68 189 68 189 68 189 68 189 68 81 68 81 68 189 68 189 68 81 68 189 68 189 108
189 68 617 68 189 68 85 359 68 85 359 68 189 68 85 359 68 85
405 85 68 189 68 81
607 158 68 607 158 68 607 158 68 607 158 68 607 158 68 607 158 68 607 158 68 607 158 68 607 158 68 607 158 68 607 158 189 68 607 158 108
241 430 359
189 68 158 108 68 158 108
64 211 108 68 170 108 68 158 108 68 189 68 85
241 359
240 430 299
405 85 359
577 68 397 68 569 68 569 68 569 68 569 68 569 68 85 359
430 240 211
503 158 108 68 607 158 68 607 158 68 607 158 68 607 158 68 607 158 68 607 158
283 68 569 68 569 68 569 68 19 85 68 569 68 19 85 68 19 85
339 68 158 108 68 158 108 68 158 108 68 158 108
158 68 253 68 569 68 569 68 569 68 569 68 136 479
430 149 389 158 85 68 189 68 79 158 240
189 68 124 68 158 108 68 158 108 68 241 68 241 68 241 68 241
288 68 241 68 241 359
564 68 158 108 68 85 359 68 85 359
569 68 347 158 108 68 397 68 85 359 68 241 68 241 359
153 240
43 158 359
370 68 5 68 550 158 149 68 43 158 68 43 158 68 149
5 68 163 68 81 68 189 68 158 108 68 189 68 189
240 211 68 81 68 158 108
189 68 64 211 149 68 430 149
85 359
370 68 85 359 550 158 68 339
430 199 68 405 108 68 405 68 569 68 85 359
607 158 68 81 68 158 68 158 543 68 189 68 430
527 68 607 158 68 607 158 68 607 158 68 607 158 68 527 68 607 158 68 607 158 68 607 158 68 607 158 68 607 158 68 189 68 189 68 527 108
321 449 68 158 108
283 68 158 108 68 5 68 241 68 241 68 397 68 241 152
189 68 253 68 5 68 189 68 189 68 397 68 397 68 189 68 189 68 189
189 68 158 108 68 397 68 158 108 68 158 108 68 158 108
241 68 397 68 19 85 68 85 359
527
397 149
64 211 108 68 397 68 19 85 68 64 211 108
283
85 68 158 108 68 569 68 430 68 430 199
5 85
240 240 240
550 158 108
261 86 68 85 359
64 211 108 68 241 68 158 108
607 158
43 158 68 43 158 68 43 158 68 19 68 569 68 19 85 68 19 85 68 19 85 68 19 85 359 68 19 85 68 569 68 569 68 19 85 68 43 158 108 68 43 158 108 68 19 85 68 19 85 359 68 569 68 19 85 68 19 85 68 43 158 68 19 68 19 85 68 19 85 68 19 68 19 68 19 68 19 85 68 43 158 68 43 158 68 19 68 569 68 19 68 19 68 19 68 19 68 19
247 85 68 430

283 68 158 108 68 5 68 397 68 397 68 397 68 397 68 397 68 397
189 68 550 501 68 189 68 241 68 241 194 240 211 68 241 68 241
189 68 617 68 397 68 189 68 158 108 68 189 68 607 158 68 607 158 68 189 68 158 108
87 68 370 68 5 68 19 85 68 19 85 68 85 68 19 85 68 85
43 158 149
283 68 569
189 68 5 189 68
158 211 211
283 68 158 108 68 158 108 68 158 108
339
339 68 550 501 68 569 68 158 108 68 158 108 68 158 108
211 211
5 189 211 85 359
241 68 189 241 359
189 68 607 158 68 607 158 68 397 68 397 68 569 68 569 68 189 68 85
19 85
607 158 68 253 68 189 68 85 359
241 68 569 68 569 68 569 68 85 359 68 189 68 85 359 68 85 68 189 68 189
347 501 85 359
241 68 5 68 19 85 68 189 68 19 85 68 241 68 241 68 241 68 241
189 158 108 68 158 108 68 158 108
158 85 359
261 86 68 158 108 68 5 189 68 331 149
527 68 607 158 68 189 68 550 158 68 550 158
607 158 68 607 158 68 108 68 19 85
569 68 527 68 527 68 189 68 430
158 85 389 158
607 158 68 527 68 607 158 68 19 85 68 158 108
241 359 389 85 359 68 5 189
347 189
189 68 607 158 68 607 158 68 607 158 68 607 158 68 607 158 68 607 158 68 607 158 68 607 158 68 607 158 68 607 158 68 607 158 68 607 158 68 607 158 68 607 158 68 607 158 68 607 158 68 607 158 68 607 158 68 607 158 68 607 158 68 607 158 68 607 158 68 607 158 68 607 158 68 607 158 68 607 158 68 607 158 68 607 158 68 607 158 68 607 158 68 607 158 68 607 68 607
503 189 68 158 108 68 189 68 189 68 240 389 158 359
607 158
503 189 68 527 68 607 158 68 607 158 68 607 158 68 607 158 68 607 158 68 607 158 68 607 158 68 607 158 108
527
189 68 158 108 68 241 68 189 68 241 359
54 86 68 247 68 85
607 158 68 527 68 607 158 68 19 85 68 607 158 68 19 85 68 19 85 68 19 85 68 607 158 68 607 158 68 607 158 108 68 607 158 108 68 607 158 68 607 158 68 607 158 68 550 158 68 19 85 68 19 85 68 19 85 68 550 158 108 68 607 158 108 68 607 158 108 68 550 158 68 607 158 68 607 158 68 43 158 68 43 158 68 19 68 19 85 68 43 158 68 43 158 68 43 158
189 68 527 68 607 158 68 569 68 19 85 68 158 108
405 68 189 68 347 158 149
5 108
189 149 211 85 68 158 108 68 43 158
189 68 607 68 550 501 68 397 68 397 68 397 68 397 68 397 68 397 68 189 68 397 68 397 68 569 68 397 68 397 68 569 68 397 68 397 68 189 68 189 68 397 68 397 68 397 68 397 68 397 68 569 68 397 68 397 68 189 68 85 359 68 189 68 189 68 397 68 397 68 397 68 397 68 189 68 189 68 189 68 189 68 189 68 189 68 189 68 569 68 569 68 189 68 189 68 189 68
611 85
607 158 68 189 68 158 108 68 517 359
370 68 5 68 68 189 68 158 108 68 189 68 19 85 68 85 68 85
607 158 68 81 68 189 68 158 108 68 430 68 189 68 430 68 189 68 189
189 68 81 68 158 108 68 158 240 211 68 241 68 241 68 241
85 359
607 68 5 68 170 108 68 170 108 68 503 189 68 607
153 68 158 108 68 79 158 108 68 189 68 430 68 430
607 68 5 68 397 68 397 68 397 68 397
189 68 550 158 543 68 569 68 517 68 517 68 517
370 68 5 68 397 68 569 68 569 68 240 211 68 240 211 68 240 211 108
397 85 359
569 68 430 68 430 149 68 430 68 430 68 430
189 240 389 158 543
189 68 5 68 189 68 241 68 241 68 241 359
170 85 68 85 359
170 240
64 211 68 158 108 68 5 68 430 68 158 108
261 86 68 124 68 397 68 397 68 397 68 397 68 397 68 397 68 397
5 68 158 108 68 189 68 189 68 241 68 241 68 241 68 189 68 189 68 241 68 241 68 241 68 189 68 189 68 189 68 241 68 241 68 189 68 189 68 189 68 189 68 189 68 569 68 569 68 189 68 241 68 241 68 241 211 108
569 68 19 68 370 68 397 68 397 68 241 68 43 158 68 43 158 68 43 158
43 158 85 194
189 68 189 68 189 68 189 68 503 158
158 211
607 158 68 5 68 211 189 68 211
288 68 241 68 189 68 189 68 189 68 189 68 397 68 241 359
240 359 359
189 68 81 68 189 149 389 158 359
86 68 397 68 241 149
189 68 158 108 68 397 68 19 85 68 19 85 68 19 85 68 19 85
607 158 68 43 158 68 607 158 68 607 158 68 607 158 68 43 158 68 607 158 68 607 158 68 607 158 68 43 158 68 607 158 68 607 158 68 607 158 68 43 158 68 607 158 68 43 158 68 43 158 68 607 158 68 607 158 68 43 158 68 43 158 68 607 158 68 43 158 68 607 158 68 43 158 68 607 158 68 43 158 68 527 359 68 43 158 68 607 158 68 43 158 68 607 158 68 527 68
397 68 347 501
261 86 68 158 108 68 5 68 189 68 189 68 189 68 189 68 189
43 158 68 550 158
189 68 81 68 189 68 189 68 331
607 158 85 359 68 389 158 108
43 158 149
43 158 68 163 68 149
651 123 68 189 68 189 68 430
43 158 68 430 68 136 479
370 68 5 68 5 68 189 68 68 68 189
359 68 347 501
5 68 258 149 68 430 68 430 68 430
85 550 158 108 68 64 211 108
153 189 68 253
5 108
283 68 158 108 68 5 68 397 68 397 68 397 68 397 68 397 68 397
607 158 68 81 68 189 68 397 68 397 68 397 68 397 68 189 68 397
240 211 68 527 68 607 158 68 85
261 86 68 86 149 68 158 108
261 86 68 124 68 607 158 68 19 68 607 158 68 241 68 241 68 607 158 68 241
527 68 607 158 68 81 68 517 68 517 68 517
569 68 550 501 68 189 68 158 108 68 189 68 158 108
158 108 68 158 108 68 569 68 240 211 85 359
197 85 68 5 68 19 85 68 189 68 569 68 189 68 189 68 189 68 189 68 189 68 85 359 68 189 68 85 359 68 189 68 189 68 189 68 189 68 189 68 68 68 189 68 189 68 85 359 68 189 68 189 68 189 68 189 68 85 359 68 85 359 68 85 359 68 550 158 108 68 85 68 550 158 108 68 189 68 550 158 108 68 85 68 85 359 68 189 68 85 359 68 85 68 85 68 85 68
189 68 85 240 211 68 189 68 79 158 108
607 68 5 68 241 68 64 211 108
527 68 607 158 68 607 158 68 607 158 68 607 158
607 68 81 68 397 68 397 68 397 68 397 68 397 68 397 68 397 68 397
607 158 68 607 158 68 261 85 68 158 108 68 241 68 241 68 241
153 189 68 240
331 359
607 158 68 550 158 149
503 158 85 359
347 501
569 68 569 68 569 68 569 68 569 68 569 68 569 68 241 359 68 569 68 189
527 68 607 158 68 19 85 68 607 158 68 85 359
370 68 5 68 79 359 68 189 68 85 359 68 241 68 241 359 68 241 359
607 68 5 68 81 68 189 68 158 108 68 189 68 331 149
5 68 527 68 5 68 189 68 241 68 241 68 241 359
197 501 68 5 68 569 68 569 68 569 68 240 211
283 68 607 68 607 68 607 158 68 607 68 607 68 607 68 607 68 607 68 607 68 607 158
607 158 68 550 158 68 607 158 68 607 158 68 607 158 68 607 158 68 607 158 68 607 158 68 607 158 68 607 158 68 607 158 68 607 158 108
85 389 158 118
85 359 389 158 85
189 68 163 68 569 68 240 389 158
197 86 68 85 68 189 68 397 68 397 68 397 68 397 68 397 68 397
607 158 68 81 68 607 158 68 607 158 68 607 158 68 405 68 607 158 68 607 158 68 189 68 189 68 607 158 108
397 68 253 68 430 68 241 430
240 430 199
64 211 68 81 68 189 68 189 68 158 543 211 68 158 108
86 163 543
86 68 569 68 81
86 258 211 68 43 158 68 517
124
5 68 19 85 68 550 158 108 68 517 68 19 85
261 86 68 158 108 68 158 108 68 158 108 68 569 68 158 108
197 158 189
397 68 253 68 430 68 241 430
43 158 189
5 68 163 68 81 68 189 68 189 68 19 85
283 68 569 68 569 68 189 68 569 68 397
158 211 299
149 389 158 85 359
261 86 68 158 108
170 108 68 64 211 108 68 5
430 247 359
261 86 68 124 68 5 68 241 68 241 68 241 359
569 68 85 240 211 68 189 68 569 68 569 68 189 68 569 68 189 68 189 68 189
261 85 68 158 108 68 158 108 68 158 108 68 607 158 68 607 158 68 607 158
503 158 108 68 189 68 158 108 68 158 108 68 158 108
607 155 68 253
240 389 158 85
64 211 108 68 5 68 569 68 19 85 68 85 359 68 19 85 359
283 68 339 68 550 158 108 68 189 68 19 85
611 51 86
54 86 68 397 68 405 108
607 158 68 607 158 68 607 158 68 607 158 68 607 158 68 43 158 68 607 158
189 68 569
283 68 5 68 149 68 370 68 397 68 85
189 258 85
607 68 5 68 607 158 68 43 158 68 43 158 68 607 158 68 607 158 68 607 158 68 607 158 68 607 158 68 607 158 68 607 158 68 607 158 68 607 158 68 607 158 68 607 158 68 607 158 68 607 158 68 607 158 68 607 158 68 607 68 607 68 607 68 607 158 68 607 158 68 607 158 68 607 158 68 607 68 607 68 607 68 607 68 607 68 607 68 607 68 607 68 607 68 607 68 607 68
19 85 68 527 68 607 158 68 189 68 189 68 189 68 331
170 68 158 118 68 607 158 68 253 68 189 68 430
527 68 607 158 68 389 158 118
189 68 607 158 68 550 501 68 397 68 158 108 68 158 108
240 347 85 359
339 68 5 68 54 86
85 359 389 158 85 359
261 86 68 124 68 189 68 189 68 85
370 68 5 68 81 68 189 68 19 85 68 397 68 397 68 19 85 359
261 86 68 607 68 5 68 189 68 331 149
153 189 68 569 68 189 68 189 68 189 68 189 68 189 68 189 68 189 68 189
213 85 359
288 68 331 149 68 189
85 247 85
283 68 158 108 68 607 158 68 430 68 397 68 430
149 389 85 68 430 68 365 430 199
189 68 158 108 68 397 68 397 68 397 68 397 68 189 68 189 68 189 68 189 68 158 108
283 68 607 158 68 607 158 68 607 158 68 607 158 68 607 158 68 607 158 68 607 158 68 607 158 68 607 158 68 607 158 68 607 158 108
527 68 5 68 241 68 85 359
247 85 359
607 158 68 527 68 607 158 68 607 158 68 189 68 189 68 85
261 86 85
261 86 68 253
479 211 211
261 86 68 370 68 5 68 19 85 68 85 68 241 68 241 68 241 68 241
430 149 211
189 68 158 108 68 397 68 569 68 85 359
283 68 158 108 68 607 158 68 607 158 68 607 158 68 607 158 68 607 158 68 607 158 68 607 158 68 527 68 607 158 108
64 211 85
240 389 85 359
64 211 108
503 189
197 85
68 543
43 158
607 68 607 158 68 64 211 108 68 607 158 68 607 158 68 240 211 68 607 158 68 607 158 68 607 158 68 607 158 108
189 68 569 68 569 68 189 68 189 68 189 68 189
503 189 68 158 108 68 569 68 569 68 359
189 68 81 68 5 189
189 68 550 158 543
189 68 81 68 5 68 158 108 68 241 68 5 189 68 241 68 241 68 241 68 241 68 241
503 189 68 158 108 68 189 68 569 68 211 108
261 86 68 189 68 569
197 86 85 149
19 85 68 158 108
569 68 158 108 68 189 68 189 68 189 68 189 68 189
569 68 158 108 68 5 68 241 68 241 68 241
370 68 607 158 68 81 68 189 68 397 68 397 68 397 68 189 68 189
153 68 158 108 68 5 68 189 68 68 5 189
64 211 108 68 607 158 68 607 158 68 607 158 68 607 158 68 240 211 108
189 68 607 158 68 550 501 68 607 158 68 607 158 68 607 158 68 607 158 68 607 158 68 607 158 68 607 158 108
213 211 68 527 68 5
189 258 68 189 68 189
607 158 68 527 68 607 158 68 19 85
64 211 108
527 68 607 158 68 261 86 68 158 108
607 158 68 163 68 81 68 189 68 189 68 397 68 397 68 189 68 397 68 397 68 569 68 569 68 569 68 19 85 359 68 189 68 189 68 189 68 189 68 19 85 51 86 68 19 85 68 19 85 359 68 569 68 569 68 569 68 19 85 68 19 85 68 19 85 68 19 85 68 569 68 19 85 68 569 68 569 68 19 85 68 19 85 68 19 85 68 569 68 569 68 569 68 569 68 19 85 68
430 247 359
261 86 213
283 85
5 189
189 68 158 108 68 397 68 569 68 19 85 68 19 85 68 19 85 68 158 108
283 68 158 108 68 607 158 68 240 211 68 607 158 68 240
261 86 68 5 68 189 68
370 68 5 68 370 68 331 149
543 211 68 170 108 68 189 68 189 68 503 158 108
5 68 258 149 68 19 85 68 240 211 68 241 68 241
189 68 81 68 189 68 85 389 158 118
527 68 5 68 569
240 211
64 211
607 158 68 527 68 607 158 68 607 158 68 607 158 68 607 158 68 607 158 68 607 158 68 607 158 68 527 68 607 158 68 189 68 607 158 68 607 158 68 527 68 607 158 68 607 158 68 527 68 607 158 68 607 158 68 607 158 68 527
240 359
564 68 158 108 68 158 108 68 43 158 68 43 158 68 43 158 68 43 158 68 19
241 194 543
527 68 5 68 158 108 68 19 85 68 569 68 569 68 19 85 359 68 19 85 68 19 85 359
5 68 163 68 81 68 158 108 68 189 68 241 359 389 158 108
261 86 68 569 68 68 189 68 430 68 430 199
5 68 240 211 68 158 108 68 158 108 68 158 108 68 241 68 607 158 108
197 86 68 5
108 68 607 158 68 81 68 189 68 189 68 189 68 158 108 68 189 68 189 68 158 108
153 189
261 86 68 158 108 68 607 158 68 607 158 68 607 158 68 607 158 68 607 158 68 607 158 68 607 158 68 607 158 108
607 158 68 550 158 68 81 68 189 68 189 68 189 68 430 149
211 543
527 68 607 158 68 81 68 189 68 158 108
607 158 68 550 158 359
87
283 68 158 108 68 158 108 68 397 68 85 359
569 85 359
283 68 158 108
189 68 5 68 189 68 189 68 64 211 108
527 68 607 158 68 81 68 607 158 68 189 68 189 68 189 68 331 149
503 189 108
5 68 527 68 370 68 397 68 397 68 397 68 189
241 68 158 108 68 189 149 550 158 108
85 240 389 158 85
189 68 527 152 68 607 158 68 19 85 68 19 85
607 158 68 81
43 158 68 527 68 607 158 68 81 68 189 68 189 68 189 68 189 68 189 68 189 68 189 68 189 68 189 68 189 68 189 68 189 68 550 158 543 211 543 211 543 211 543 211 543 211 543 211 543 211 543 211 543 211 543 211 543 211 543 211 68 527 68 527 68 527 68 550 158 108 68 527 68 81 68 189 68 550 158 108 68 527 68 527 68 81 68 189 68 189 68 189 68 189 68 527 68 527
261 86 68 158 108 68 5 189 68 19 85 68 189 68 331 149
611 189
339
651 123 68 5 68 189 68 430
43 158 68 550 158 108 68 430 68 241 359
189 68 5 68 85 51 85 68 64 211 108 68 241 68 241 68 64 211 108
370 68 397 68 5 68 189 68
283 68 158 108
607 68 5 68 607 158 68 607 158 68 607 158 68 607 158 68 607 158 68 607 158 68 607 158 68 607 158 68 607 158 68 607 158 189 68 607 68 607 68 607 158 68 607 158 68 607 158 68 607 158 68 607 158 68 607 158 68 607 68 607 68 607 68 607 158 68 607 158 68 607 158 189 68 607 158 68 607 68 607 68 607 68 607 68 607 68 607 68 607 68 607 68 607 68 607 68 607 68
158 108
283 68 158 108 68 397 68 331 149
189 64 211 108
189 68 5 68 19 85 68 85 68 397 68 397 68 397 68 397
189 68 93 211 68 189 68 189 68 569 68 43 158 68 189 68 550 158 108
194 543
213 51 86
569 85 389 158 85 359
189 258 68 189 68 189
85 359 389 158
158 108 68 189 85 550 158 149
569 85 359
607 155 68 81 68 189 68 19 85 68 158 108
607 158 68 607 158 68 240 68 240 194 85
189 85 359 389 158 85 359
85 550 158 108 68 158 108 68 158 108
79 158 108 68 430 149
283 68 5 68 19 68 19 68 569 68 569 68 397 68 397 68 397 68 397 68 241
283
607 158 68 527 68 607 158 68 81 68 189 68 189 68 189 68 189 68 189 68 189 68 158 108

607 158 68 550 158 108 68 158 108 68 158 108
241 68 430
241 68 5
321 449
5 68 258 85
430 85 359
607 158 68 527 68 607 158 68 85
85 68 158 108 68 397 68 397 68 397 68 189 68 430
85 68 527 68 607 158 68 607 158 68 607 158 68 607 158 68 607 158 68 19 85 359
642 211 68 81 68 189 68 189 68 331 149 68 607 158 68 607 158 68 189
370 68 5 68 241 68 85
550 85 359
241
607 158 68 64 211 108 68 189 68 241 68 241 68 241 68 241 85
189 68 79 158 108 68 189 68 430 68 430
503 158 108 68 189 68 19 85 68 19 85
503 189 68 158 108 68 158 108 68 331 149
370 68 5 68 370 68 370 68 397 68 397 68 397 68 19 85 359 68 19
189 68 339 68 189 68 158 108 68 189 68 158 108
5 68 163 68 158 108 68 397 68 397 68 397 68 397 68 397 68 397 68 397
501 68 569 68 405 68 241
158 85 430 85 359 68 189 68 189 241 389 158 118
158 108
430 85 149
241 430 149
241 149
569 68 158 108 68 189 68 189 68 189 68 158 108 68 189 68 189 68 189 68 158 108
43 158
51 86 68 158 108
370 68 5 68 370 68 397 68 397 68 397 68 397
406 158 68 19
405
283 68 158 108 68 5 68 85 241 359 68 241 359 389 158 108
64 211 149
64 211 108 68 5 68 569 68 19 85
347 158
240 550 158 85
240 430
642 211
85 359 68 43 158 68 85 359
158 108 68 158 108 68 189 68 158 108 68 158 108
43 158 108
607 158 85 158 108
607 158 68 527 68 607 68 189 68 569 68 211 108
43 158
241 430 359
607 68 527 68 5 68 370 68 331 149
365 430 199
189 68 283 68 158 240 211 68 607 158 68 607 158
607 479 68 5
189 68 550 501 68 5 68 189 68 517 68 517 68 517
189 68 81 68 189 68 158 108 68 569 68 569 68 158 108
189 68 617 68 5 68 189 68 189 68 189 68 189 68 189 68 189 68 189 68 189 68 189 68 189 68 158 108
283 68 569 68 19 85 68 19 85 68 241 359 68 241 359
158 543 211 543
64 211 108 68 19 85 68 569 68 19 85 68 569 68 19 85
189 68 81 68 189 68 189 68 189
19 158 108 68 43 158 68 607 158 68 607 158 68 607 158 68 607 158 68 607 158 68 607 158 68 607 158 68 607 158 68 607 158 108
607 158 68 79 85 359 68 79 158 108
211 211 93 211
389 339
607 158 68 607 158 68 85 359 68 85 359
240 389 158 85
283 68 158 108 68 5 68 189 68 189
370 68 5 68 527 68 189 68 19 68 136 479
339 551 68 5 68 189 68 189 68 189 68 189 68 189 68 19 85 68 189 68 189
43 158 68 81 68 189 68 158 108 68 397 68 397
607 158 68 527 68 607 158 68 607 158 68 607 158 68 607 158 68 607 158 68 607 158 68 607 158 68 527 68 607 158 68 607 158 68 607 158 68 527 68 527 68 527 68 607 158 68 527 68 607 158 68 607 158 68 607 158 68 527 68 527 68 607 158 68 527 68 607 158 68 607 158 68 607 158 68 607 158 68 607 158 68 607 158 68 607 158 68 607 158 68 607 158 68 607 158 68 607 158
607 158 68 527 68 607 158 68 607 158 68 607 158 68 607 158 68 607 158
64 211 108 68 397 68 241 68 241 68 241
158 85 359
503 189 68 158 108 68 569 68 569 68 569 68 569 68 19 85 359 68 19 85
189 68 189 68 81 68 397 68 397 68 397 68 189 68 569 68 189 68 189
5 68 149 550 158 543 68 158 108 68 607 158 68 607 158 68 149
240 211
607 158 68 211 68 5 68 569 68 430 68 430
261 86 68 5 68 569 68 569 68 569 68 569 68 569 68 19 85 359
607 158 68 81 68 189 68 331
197 86 68 283 68 189 68 189 68 158 108
64 211 68 339 68 189 68 389 158 108 68 43 158 68 607 158 68 607 158
86 213 194 68 85
370 68 607 158 68 607 158 68 19 85 68 397 68 19 85 68 397 68 397 68 19 85 359
569 68 158 108 68 339 68 189 68 158 108
153 68 405 68 405 68 607 158 68 189 68 241 68 241 68 607 158 68 607 158
240 389 158 359
189 241 359
5 68 527 68 5 68 189 68 189 68 189 68 189 68 331 149
607 158 68 550 158 108
158 240 359 68 158 108 68 189 68 158 240 389 158
240 211
607 158 68 81 68 189 68 158 108 68 189 68 189 68 430 68 189 68 189 68 189
85 152
43 158 68 163 68 149 68 19 85 68 189 68 19 85
5 68 81 68 189 68 189 68 241 68 241 359
153 68 158 108 68 607 158 68 607 158
79 158 240 359
503 158 108 68 158 68 331 149 68 331 149
503 189 68 5 68 149
64 211 108 68 397 68 19 85 68 569 68 19 85 68 19 85 68 19 85 68 19 85 359
527 68 607 158 68 261 86 68 607 158 68 607 158 68 607 158 68 607 158
611 108
405
607 158 68 81 68 607 158 68 19 68 19 85 68 430 68 607 158 68 607 158 68 607 158 68 607 158 68 607 158 68 607 158 68 607 158 108
503 189 68 81 68 5 68 189
607 479 68 211 68 607 158 68 607 158 68 607 158 68 607 158 68 607 158 68 43 158 68 43 158 68 607 158 68 607 158 68 607 158 108
19 85 68 158 108 68 397 68 19 85 68 85 359
607 158 68 607 158 68 527
607 158 68 550 501 68 189 68 189 68 19 85 68 19 85 68 19 85 68 189 68 19 85 359
85 68 85 241 359 68 85 51 86
5 68 370 68 5 68 189 68 189 68 241 68 189
550 158 68 550 158 178
189 68 158 108 68 158 108 68 430 68 569 68 19 85
43 158
283 68 569 68 85 359 389 158 108 68 569 68 569 68 85 359
569 68 527 68 5 68 189 68 85 359 68 189 68 189 68 85 359
85 359 68 397
64 211 108 68 189 68 158 108 68 189 68 19 85 68 19 85 68 607 158 68 607 158 108
87 449
241 68 189 543 389 189
87 68 607 158 68 283 68 569 68 158 108 68 189 68 158 108
85 64 211
85 359 389 158
87 68 543 550 501 68 189 68 19 85 68 189
283 68 5 68 149 68 19 85 68 430 68 241
189 68 527 68 5 68 430 68 430
189 68 527 68 81 68 569 68 569 68 569 68 569 68 85 359 68 189 68 189 68 19 85
397 68 54 86
607 158 68 527 68 607 158 68 607 158 68 607 158 68 527 359
283 68 5 68 370 68 5 68 397 68 397 68 19 85
283
149 389 158 108
5 68 211 211
85 68 283 68 397 68 158 108 68 397 68 569 68 569 68 85 359
43 158 68 527
607 158 359
211 211
240 430
607 158 68 527 68 607 158 68 607 158 68 607 158 68 527 359
85 370 68 5 68 85
189 68 607 158 68 550 501 68 397 68 158 108 68 158 108
321 449 68 158 108
405
43 158 149
651 123 68 85 359 68 64 211 108
569 68 79 158 108 68 85
189 68 68 68 189 68 158 240 389 158 118 68 189 68 430 68 189 68 189 68 189 68 189 68 158 108
261 86
85 241 68 430 149 68 158 108 68 430
430 258 68 240
64 550 158 149
85 359
607 158 68 527 68 607 158 68 331 149 68 331 149
283 68 158 108 68 607 158 68 19 85 68 19 85
359 240 240
189 68 617 68 189 68 149
261 86 68 245 258 68 370 68 607 158 68 607 158 68 607 158 68 607 158
85
261 86 68 569 68 569 68 397 68 397 68 397 68 397 68 397 68 397
569 68 85 359
240 240 240
189 68 607 158 68 550 501 68 339 68 397 68 397 68 397
158 85 359
189 68 158 108 68 19 85 68 85
43 158 68 163 68 19 68 19 85 68 569 68 569 68 19 85 68 569 68 19 85
189 68 607 158 68 607 68 607 158 68 607 158 68 607 158 68 607 68 607 158 68 607 158 68 607 68 607 158 68 607 158 68 189 68 607 158 68 607 158 68 527 68 607 158 68 527 359 68 607 158 68 607 158 68 607 158 68 607 68 607 68 607 68 607 158 68 607 158 68 607 158 68 607 68 607 158 68 607 68 607 68 607 68 607 68 607 68 607 68 607 68 607 68 607 68 607 68 607
607 479 68 43 158 68 170 108 68 158 68 397 68 397 68 397 68 397 68 397 68 397 68 397 68 397 68 19 85
607 158 68 607 158 68 607 158 68 607 158 68 607 158 68 607 158 68 607 158 68 607 158 68 607 158 68 607 158 68 607 158 189 68 607 158 189 68 607 158 68 607 158 68 607 158 68 607 158 68 607 158 68 607 158 68 607 68 607 68 607 158 68 607 158 68 607 158 68 607 158 68 607 158 68 607 158 68 607 68 607 68 607 158 68 607 158 68 607 68 607 68 607 68 607 68 607 68
211 359 68 241
261 86 68 43 158
651 123
503 158 68 197 86 68 339 68 189 68 85 359 68 397 68 189 68 189 68 189
569 68 158 108 68 189 68 85 359 389 158 108 68 5 189 68 85 359
211 85 359 68 158 108
261 86
405 68 189 68 189 68 189
43 158 68 189 68 64 211 108
527 68 607 158 68 261 86 68 607 158 68 607 158 68 607 158 68 607 158
370 68 5 68 550 158
607 158 68 550 158 149
5 68 124
365 430 199
158 85 359 389 158 85 359
607 158 68 550 158 68 87 68 253 359
283 68 339 68 397
283 68 158 108 68 158 108 68 517
189 68 607 158 68 607 158 68 189 68 550 501 68 189 68 189 68 189 68 189 68 189 68 189 68 158 108
189 68 370 68 5
158 211 211
527 68 607 158 68 607 158 68 607 158 68 607 158 68 19 85 359 68 607 158 68 19 85 359
170 211 108
283 68 430 68 5 108 68 430 68 430
189 68 283 68 569 68 430
86 68 397 68 124
370 68 5 68 370 68 189 68 19 85 68 85 68 397 68 85
241 68 158 108 68 397 68 189 68 241 68 241 68 241 68 241 68 241 68 241
607 158 68 527 68 607 158 68 331 149
397 68 245 449 68 241 68 241 359
197 86 68 430 149 68 5 189
43 158 68 241 68 85 359 68 189 68 85 359
189 68 5 68 430 68 430 68 430 68 397 68 397 68 189 68 189 68 189
283 68 430 68 397 68 19 85 68 517 359
370 68 5 68 54 86 68 241 68 241
158 85 389 158
158 85 430 543 68 64 211 108
430 199 85
158 258 299
19 85 68 331 149
397 68 569 68 569 68 85 359
607 158 68 189 68 158 108 68 158 108 68 517
43 158 68 550 158 108 68 430 68 241 359
81 189 211 85 68 158 108 68 158 108
261 86 68 124 68 5 68 85 359
241 85 359 68 241 359
607 158 68 550 158 108 68 158 108 68 158 108
241
189 68 241 68 241 194 85 68 5 189 68 241
85 68 527 68 607 158 68 81 68 397 68 397 68 189 68 397 68 189
189 68 158 108 68 397 68 158 108 68 517 68 569 68 240 211 68 517
5 68 19 85 68 81 68 189 68 189 68 189 68 189
283 68 5 68 331 149 68 158 108
158 85 359 389 158 118 68 189 68 189 211
607 479 85 359
19 85 359
607 158 359
64 211 108 68 189 68 158 108 68 43 158 68 189 68 189 68 189 68 43 158 68 158 108
569 85 68 158 108
389 479
261 86
397 68 158 108 68 397 68 189 68 397 68 397 68 189 68 189 68 85 359
569 68 81 68 189 68 158 108 68 430 68 430 68 158 108 68 158 108
607 158 68 241 68 241 68 241 68 241 359
607 158 68 81 68 397 68 569 68 569 68 397 68 397 68 19 85
607 158 68 607 158 68 87 449 68 158 108
607 158 359
213 194
397 68 158 108 68 607 158 68 331
503 189 68 158 108 68 569 68 569 68 569 68 240 211
569 68 240 211 68 189 68 189 68 189 68 189 68 189 68 189 68 189 68 189 68 189 68 189 68 189 68 189 68 189 68 189 68 189 68 189 68 189 68 79 158 108 68 189 68 79 158 240 389 158 108 68 189 68 189 68 189 68 240 550 158 108 68 19 85 240 389 158 108 68 19 85 240 389 158 108 68 189 68 19 85 68 19 85 68 64 211 68 189 68 189 68 19 68 19 108 68 19
43 158 85
189 241 430
189 258 85
240 430
569 68 85 240 194
43 158 68 527 68 569 68 19 85 359
64 211 108 68 189 68 85 359
359
43 158 68 550 501 68 607 158 68 607 158 68 607 158 68 607 158 68 607 158 68 607 158 68 607 158 108 68 607 158 108 68 189 68 607 158 108 68 527 85 331 149 550 501 68 607 158 108 68 607 158 68 607 158 108
149 550 158 149
5 68 527 68 19 85 68 569 68 19 85 68 241 68 241 68 241 68 241
85 359 68 85 642 211
503 189
527 68 569 68 85 359 68 189 68 85 359
651 123 68 607 158 68 607 158 68 189 68 331 149
158 85 359 68 240 211 85
64 211 108 68 19 85
197 86
261 86 68 124 68 158 108 68 158 108 68 189 68 189 68 158 108
189 68 617 68 397 68 517 68 43 158 68 43 158 68 43 158 68 43 158 68 43 158 68 607 158 68 43 158 68 43 158 68 43 158 68 607 68 607 68 607 68 607 158 68 607 158 68 607 158 68 607 158 68 43 158 68 607 68 527 359 68 527 68 607 68 527 68 607 68 607 68 607 68 607 68 607 68 527 68 607 68 607 68 607 68 607 68 607 68 607 68 607 68 607 68 607 68 527
19 85 68 158 108 68 189 68 189 68 189 68 189 68 189
405 240
124
607 158 85 359 68 261 86 149
503 189 68 158 108 68 569 68 569 68 569 68 569 68 19 85 359
611 240 359
607 158 68 527 68 397 68 397 68 397 68 397 68 158 108
607 158 68 527 68 607 158 68 331 149 68 189 68 331 149 68 331 149
405 85 359 211 108
503 189 108
397 397
240 359
85 283 68 158 108 68 607 158 68 397
197 85
283 68 158 108 68 5 189 68 19 85 359
43 158 68 550 158 68 136 479
241 359
651 123 68 569 68 189 68 189 68 430 68 158 108
503 189 68 5 68 81 68 189 68 569 68 569 68 85 359
211 211
5 68 569 68 569
617 68 331
43 158 68 43 158 68 527 68 607 158 68 607 158 68 607 158 68 607 158 68 607 158 68 43 158 68 607 158 68 607 158 108
189 68 617 68 189 68 189 68 64 211 108
211 213 194 85 68 85 359
283 68 517 68 397 68 397 68 397 68 397 68 397 68 397 68 397 68 397
569 68 211 68 5 68 85 389 158 108 68 241 68 85 359 68 85 359
569 68 19 85 68 158 108 68 158 108 68 158 108 68 158 108
607 68 189 68 430 68 430
527 68 607 158 68 81 68 517 68 517 68 517
430 405 189
370 68 5 68 370 68 397 68 397 68 397 68 397 68 397 68 397 68 85
389 158 359
158 211 299
569 85 359 68 19 85
64 211 108 68 397 68 241 68 241 359
211 199
5 68 543 68 158 543 68 607 158 68 189 68 189 68 189
5 68 370 68 81 68 5 68 241 68 241
569 68 550 158 108 68 189 68 211 108 68 211 108
211 240
370 68 5 68 170 108
86 68 569 68 359
5 189 68 331
405 149
124
85 389 158 85 359 68 158 108
503 189 68 85 359
503 158 85 359
276 85 68 5 68 149
370 68 607 158 68 81 68 5 68 43 158 68 43 158 68 43 158 68 43 158
43 158 85
503 189 68 158 108 68 569 68 170 108
43 158 68 85 359 68 517 85
397 68 550 501 68 189 68 19 85 68 19 85 68 19 85
569 68 253 68 189 68 158 108 68 158 108
607 158 211
158 108
607 158
189 68 158 108 68 397 68 397 68 397 68 397
607 158 68 347 158 68 19 68 19
389 85 359 68 85
283
43 158 68 607 158 68 189
189 68 5 68 397 68 339 68 397 68 397 68 397 68 241 359 68 241 359
283 68 158 108
43 158 68 241
19 85 68 158 108 68 189 68 550 158 108 68 397 68 397 68 397 68 397
189 68 158 108 68 158 108 68 19 85
430 149
189 68 158 108 68 397 68 397 68 397 68 397 68 397
283 68 569 68 189 68 85 359 68 189 68 85 359 389 158 108
347 189 68 331 359
189 68 607 158 68 550 501 68 397 68 397 68 397 68 241 68 241 68 241 68 241 68 241
189 68 189 68 241 68 189
607 158
283 68 158 108 68 158 108 68 189 68 569 68 550 158 108
527
85 550 158 108 68 241 68 241 359
503 189 108
569
339 68 550 501 68 607 158 68 607 158 68 607 158 68 550 158 68 607 158 68 339 68 339
43 158 68 607 68 5
389 158 359
158 108 68 550 158 149 68 550 158 149
607 68 607 158 68 241 68 85
43 158 108 68 19 85 68 19 85
607 68 5 68 241 68 241 68 241 68 241 359 389 158 108 68 241 359 68 241 68 241 359
85 68 651 123 68 189 68 85 359 68 241 359 68 189 68 85 359
197 158
5 68 283 68 189 68 85
569 108 68 240 211 68 149
569 68 211 108 68 211
339 299 389 339
283 68 189 68 189 68 189 68 189 68 170 299
5 68 85 569 68 19 85
5 68 245 449 68 569 68 569 68 569 68 569 68 569 68 569 68 569 68 569 68 569 68 569 68 569 68 569 68 569 68 569 68 569 68 569 68 569 68 569 68 569 68 569 68 569 68 569 68 569 68 569 68 569 68 569 68 211 108
283 68 5 68 149 68 19 85
5 68 163 68 81 68 158 108 68 158 108 68 241 68 241
64 211 108 68 189 68 189 68 189 68 189 68 189
87 449
479 85 359
370 68 5 68 550 501 68 189 68 550 158 543 211 68 430 68 189
607 158 68 543 211 85 359 68 158 108
503 189 68 158 108 68 158 108 68 158 108 68 5 189 68 19 85
261 86 68 517 359 68 517
370 68 5 68 81 68 397 68 397 68 397 68 397 68 397 68 397 68 397 68 397
503 189
261 86
405 68 247 85 359
241 430 359
479 85 430 85 359
211 211 199
261 86 68 569 68 19 85 68 569 68 85
370 68 5 68 5 68 189 68 569 68 569 68 189 68 85 359 389 158 108
283 68 158 108 68 5 68 189 68 241 359
153 108 68 64 211 108
370
43 158
170 85 68 85 359
405 68 430 85 359
527
370 68 5 68 241 68 331
261 86 68 517 68 189 68 569 68 339
503 189 68 158 108 68 158 68 158 108 68 158 108 68 158 108
189 68 5 68 54 86 68 397 68 397 68 397 68 397 68 397 68 397 68 85 359
607 479
607 158 68 253 68 189 68 85 359
607 155 68 85 359 68 569 68 19 85 68 19 85
189 68 158 108 68 569 68 569 68 569 68 569 68 241 359 389 158 108
189 68 19 68 81 68 189 68 569 68 240 211
607 158 68 170 68 253 68 607 158 68 607 158 68 607 158 68 607 158
607 158 68 607 158 68 607 158 68 607 158 68 607 158 68 607 158 68 607 158 68 607 158 68 607 158 108
153 189 68 158 108 68 569 68 569 68 430 68 241 359 389 158 108
283 68 158 108
503 189 68 158 108 68 189 68 158 108 68 189 68 158 108
43 158 359
607 158 68 527 68 5 68 370 68 189 68 189 68 430 68 331
503 189 68 5 68 19 85 68 19 85 68 569 68 430 68 19 85
189 68 158 108 68 158 108 68 339
430 370 68 5 68 240 389 158 108
527 68 607 158 68 527 68 607 158 68 607 158
370 68 5 68 370
261 86 68 158 108 68 607 158 68 331 149
503 189 68 5 68 81 68 189 68 189
283 68 245 449 68 5 68 19 85 68 19 85
189 68 158 108 68 189 68 68 158 108 68 189 68 430 68 189 68 189 68 189 68 158 108
607 158 68 189 68 68 68 85 359 550 158 108 68 19 85
189 68 158 108 68 189 68 64 211 108
607 158 68 527 68 607 158 68 331
569 68 241
607 158 68 550 158 108 68 397 68 19 85 359
189 68 124 68 5 68 331 149
405
153 108
370 68 5 68 397 68 158 108 68 158 108
607 158 68 81 68 607 158 68 607 158 68 607 158 68 189
197 86 68 5 68 158 108
527
43 158 68 163 68 19 68 189 149 68 19 85
593 163 68 149 68 370 68 397 68 569 68 253
240 299 359
607 158 68 527 68 607 158 68 331
607 68 81 68 158 68 607 158 68 81 68 189 68 331 149
241 359 240 359 359
5 68 258 569 68 517 68 517 68 43 158 68 43 158 68 43 158 68 43 158
607 479 68 81 68 189 68 189 68 189
283 68 158 108
430 240
288 68 79
87 68 288 68 5 68 569 68 569 68 569 68 85 359
241 247
569
261 86 68 19 149 68 607 158 68 607 158 68 607 158 68 607 158 68 607 158
240 550 158
241 68 85 359 68 189 68 85 359
321 240
189 68 607 158 68 607 158 68 397 68 158 68 158 108
54 86 68 5 68 569 68 85 359 550 158 108 68 569 68 569 68 85
5 68 19 85 68 19 85 68 240
283 68 19 85 359 68 19 85
43 158 149
19 85 68 19 85
503 158 108 68 43 158 68 43 158 68 43 158 108
283 68 5 68 19 68 19 68 569 68 569 68 397 68 397 68 397 68 397 68 241
266 158 85
283 68 158 108 68 19 85 68 64 211 108
189 85 194 85
85 359 389 158
261 86
283 551 68 569 68 569 68 85 359
43 158 85 194
5 68 5 68 189 68 158 108 68 397 68 397 68 189 68 397 68 397 68 189 68 158 108
501 85 359 389 158 108 68 158 108
197 85
189 258
43 158 68 163 68 19 85 68 241 68 241 68 85
54 86 68 569 108
607 68 5 68 503 189 68 569 68 240 211 68 569 68 240 211
405 258 405
397 68 158 108
527
607 68 5 68 550 501 68 189 68 241 68 241 68 241 68 241 68 241
240 194 68 189 68 64 211
189 68 617 68 397 68 517 68 517 68 43 158 68 607 158 68 607 158 68 607 158
211
19 85
43 158 68 64 211
43 158 68 163 68 19 85 68 569 68 240 211 68 240
607 158 68 19 85 68 189 68 158 108 68 158 108
569 85 347 158 108 68 189 68 189 241 359 389 158 108
607 68 5 68 211 68 136 479 68 136 479
370 68 397 68 124
197 86 68 158 108 68 607 158 68 189 68 189 68 189
370 68 607 158 68 607 158 68 607 158 68 397 68 85 359
5 68 370 68 5 68 569 68 240 211 108
64 211 108 68 189 68 240 389 158
283 68 158 108 68 158 108 68 158 108 68 189 68 19 85 359
189 68 81 68 5 68 189 68 189 68 189 68 189
43 158 68 19 85 68 189 68 158 108
527 68 607 158 68 81 68 607 158 68 189 68 211 543
170 359
527 68 607 158 68 81 68 189 68 189
43 158 68 163 68 503 158 68 19 85 68 240 211 108
43 158 68 163 68 149 68 189 68 189 68 189 68 189 68 189 68 149
19 85 68 331 149
5 68 5 68 397
607 158 359
43 158 68 5 68 189 68 517 68 517
43 158 68 527 68 189 68 527 68 189 68 527
283 68 158 108 68 158 108 68 158 108 68 607 158 68 19 85
5 68 81 68 189 68 569 68 85 359 68 85 359
651 123 68 517 68 517 68 517
79 158 85 359 68 64 211 108
405 85
86 253 68 569 68 241 194 240
607 158 68 189 68 158 240 211 68 158 108 68 430
153 189 68 370 68 607 158 68 607 158 68 607 158 68 261 86 68 607 158
189 68 569 68 19 85 68 569 68 85 359 68 569 68 569 68 189 68 85 359
64 211 108 68 189 68 158 189 68 517 68 43 158 68 517
189 68 527 68 397 68 149 68 397 68 397 68 397 68 397 68 397 68 397 68 397 68 397 68 397 68 397 68 397 68 397 68 397 68 397 68 397 68 397 68 253 68 397 68 397 68 397 68 397 68 397 68 397 68 397 68 397 68 253 68 253 68 397 68 397 68 253 68 397 68 397 68 397 68 397 68 397 68 397 68 397 68 397 68 19 68 397 68 397 68 397 68 397 68 397 68 397 68
527 68 607 158 68 607 158 68 81 68 189 68 189 68 19 85 68 189 68 19 85
261 86 68 245 149
170 108 68 405 108
405 189
527 68 607 158 68 550 501 68 189 68 189 68 64 211 108
85 430 405 68 517 85
64 211 68 517 68 607 158 68 607 158 68 607 158 68 607 158 68 607 158 68 607 158 68 607 158 68 607 158 68 607 158 68 607 158 108
158 211 211
43 158 68 550 158 68 189 68 527 68 527 68 189
397 68 85 4 108
170 108 68 189 68 170 108 68 569 68 503 189 68 503 189
240 389 85 359
64 211 108 68 85
240 211 68 79 158 108
283 68 158 108 68 405 108
607 158 68 607 158 68 607 158 68 607 158 68 189 68 240 550 158 68 189
43 158 68 607 158 68 607 158 189
607 158 68 607 158 68 211 85 359 68 158 108
240 194 85
339 68 247 68 405 68 189 68 331 149
276 85 68 5 68 158 108 68 569 68 517 68 517
241 85 152 68 85
158 211 543 68 189 68 430
240 359
607 155 68 85 359
651 123 68 189 68 189 68 158 108 68 189 68 189 68 189 68 189 68 189 68 189
347 158
189 68 158 108 68 5 68 189 68 19 85
607 158 68 108 68 189 68 189 68 85 389 158 108
5
370 68 19 85 68 5 68 85 359 68 19 85 68 19 85
261 86 68 245 149

550 158 359
607 158 68 607 158 68 64 211 108
43 158 68 550 158 68 136 479
261 86 68 86 163 68 149 68 19 85 68 85
503 189 68 158 108 68 158 108 68 331 149
86 253 68 397 68 241 359
189 68 569 68 158 108
5 68 163 68 81 68 189 68 158 108
389 199
527 68 5 68 19 85 68 19 85
240 211
550 339
189 68 85 359 68 397 68 569 68 569 68 569 68 241 359 389 158 108
197 86
5 68 149 68 81 68 189 68 189
370 68 607 158 68 550 158 68 550 158 108
5 68 331 149 68 170 108 68 397 68 397 68 397 68 397 68 397
569 68 19 85
194 543
283 68 158 108 68 189 68 85 359
64 211 108 68 189 68 189 68 85 359 68 85 359
527 68 607 158 68 283 68 189 68 283 68 189
607 158 68 81 68 189 68 189 68 189 68 240 211 240 389 158 108
189 68 158 543 68 517 68 569 68 569 68 569 68 189 68 569 68 569 68 189 68 189 68 189 68 569 68 517 68 569 68 189 68 189 68 189 68 189 68 189 68 189 68 189 68 189 68 517 68 569 68 189 68 189 68 189 68 189 68 550 158 108 68 550 158 108 68 517 68 550 158 543 211 543 68 189 68 189 68 189 68 189 68 550 158 543 68 189 68 189 68 517 68 189 68 189 68 189
5 68 163 68 331 149
153 68 527 68 607 158 68 397 68 569 68 569 68 569 68 569 68 569
430 199 68 189 68 189 68 189
339 551 68 347 158 359
527 68 607 158 68 607 158 68 607 158 68 607 158 68 527 359
189 211 85 359
607 158 68 347 158 359 68 339
170 68 253 68 569 68 241 359 389 85 359 68 241 359
607 158 68 258 68 607 158 68 607 158 68 607 158 68 607 158 68 607 158
86 85
288 68 339 68 211 68 189 68 189 68 189 68 241 359 389 158 108
189 68 5 68 370 68 5 68 189 68 189 68 569 68 189
158 85 359
430 199 68 607 158 68 240 211
64 211 108 68 5 68 85
86 211 68 158 108 68 158 108
197 86 68 5 68 158 108 68 19 85 68 19 85 68 19 85 68 19 85 68 19 85 68 19 85 68 158 108 68 19 108 68 189 68 241 68 189 68 189 68 189 68 189 68 189 68 550 158 108 68 189 68 19 108
389 85 359
43 158 68 163 68 149 68 189 68 19 149
189 68 651 123 68 85 68 189 68 85
569 85 359 68 347 158 108
189 68 5 68 550 501 68 569 68 158 108 68 397 68 569 68 19 85 68 569 68 158 108
85 430 149
43 158 68 550 158 68 81 68 189 68 517
527 68 569 68 569 68 569 68 19 85
527 68 569 68 158 108 68 158 108 68 189 68 85 389 158 108 68 85 359 68 189 68 189 68 189 68 19 85 359 68 189 68 189 68 189 68 189 68 189 68 189 68 189 68 19 85 359 68 19 85 359 68 19 85 68 19 85 68 19 85 68 81 68 19 85 68 19 108 68 19 85 68 19 85 68 189 68 19 85 68 19 85 68 19 85 68 19 85 68 19 85 68 19 108 68 189 68 189
189 68 85 359 68 241 68 189 68 241 359
607 158 68 607 158 68 607 158 68 607 158 68 607 158 68 607 158
527 68 569 68 79 158 108
189 68 158 108 68 5 189 68 5
85 370 68 5 68 85
503 158 108 68 158 108 68 569 68 430
607 68 527 68 43 158 68 43 158 68 43 158 68 43 158 68 43 158 68 331
189 68 607 158 68 607 158 68 607 158 68 607 158 68 607 158 68 607 158
261 86 68 245 449 68 158 108 68 607 158 68 397 68 241 359 550 158 108
370 68 5 68 81 68 189 68 64 211 108
5 68 527 68 81 68 607 158 68 189 68 189 68 430
607 158 68 607 158 68 607 158 68 607 158 68 607 158 68 607 158 68 607 158
430 68 430 68 189 68 158 108
527 68 5 68 85 359 68 189 68 189 68 241 359 389 158 108
261 86 68 158 108 68 189 68 158 108
85 359 68 550 158 108 68 397 68 397
607 158 85
651 123 68 241 68 158 108 68 241 68 241 68 158 108
527 68 607 158 68 19 85 68 19 85 68 569 68 240
5 68 258 149 68 19 85 68 240 211 68 241 68 241
607 158 68 81 68 189 68 85 51 86 68 241 68 189 68 241 68 241 68 189
503 189 108
211 108 68 405 68 331 149
240 211
397 68 136 479 68 43 158 68 43 158 68 158 68 158 68 607 158 108
189 68 81 68 189 68 189 68 189 68 189 68 189 68 189 68 189 68 189 68 189 68 189 68 189 68 189 68 189 68 189 68 189 68 189 68 189 68 189 68 189 68 189 68 189 68 189 68 189 68 189 68 189 68 189 68 189 68 189 68 189 68 189 68 189 68 189 68 189 68 189 68 189 68 189 68 189 68 189 68 189 68 189 68 189 68 189 68 189 68 189 68 189 68 189 68 189 68
607 479 68 189 68 347 158 68 569 68 569 68 569 68 19 85 359
569 68 158 108 68 189 68 189 68 158 108 68 607 158 68 5 189 68 158 68 158 108
64 211 108 68 569 68 240 211 108
189 68 158 108 68 607 158 68 607 158 85
607 479 68 5 68 158 108 68 158 108 68 158 108 68 19 85 68 19 85
189 68 550 501 68 397 68 19 85 68 607 158 68 607 158 68 607 158 68 607 158 68 607 158
240 158 108
261 86 68 158 108 68 158 108 68 158 108
189 149 211 85 68 158 108 68 43 158
19 85 359
189 68 81 68 189 68 158 108 68 189 68 19 85
64 211
611 189 85 359
397 68 370 68 5 68 64 211 108 68 241 68 189 68 64 211 108
43 158 68 163 68 68 543 211 108 68 189 68 19 85 68 19 85
447 158 240
189 430 149
124
189 543 359
153 189 68 189 68 189 68 189 68 189 68 189 68 189
607 158 68 158 108 68 158 108 68 158 108 68 189 68 158 108
283 68 158 108 68 397 68 397 68 397
5 189
607 158 68 253 68 397
607 479 68 517 85 359 68 85 359
64 211 108 68 607 158 68 607 158 68 607 158 68 607 158 68 607 158 68 607 158 68 607 158 68 607 158 68 607 158 68 607 158 189 68 607 158 108
607 158 68 240 550 158 108 68 607 158 68 240
365 479
569 68 68 68 68 68 397 68 397 68 397 68 397 68 397 68 397 68 397 68 397 68 397 68 397 68 397 68 397 68 397 68 397 68 397 68 241 68 189 68 68 68 241 68 397 68 397 68 397 68 397 68 397 68 397 68 397 68 189 68 189 68 189 68 189 68 241 68 397 68 397 68 189 68 397 68 189 68 5 189 68 5 189 68 68 397 68 397 68 397 68 397 68 397 68 189 68 189
87 68 211 108 68 569 68 85 359
503 189 68 158
607 68 607 158 68 607 158 68 569 68 241 68 241 359
503 189 68 158 108 68 158 108 68 397 68 397 68 397 68 19 85 359 68 85 359 68 19 85 359 68 158 108 68 189 68 189 68 189 68 189 68 85 68 85 68 550 158 108 68 550 158 108 68 85 359 68 550 158 108 68 19 85 68 550 158 108 68 550 158 108 68 550 158 108 68 550 158 108 68 550 158 108 68 170 108 68 550 158 108 68 550 158 108 68 19 85 68 19 85 68 19 108
283 68 5 189 68 405
189 68 158 108 68 158 108 68 158 108 68 5
370 68 5 68 370
503 158
370 68 5 68 397 68 397 68 189
283 68 158 543 68 85 389 158 108 68 189 68 189 68 189 68 85
54 86
406 158 68 19
607 158 68 81 68 5 68 241 68 241
503 189 68 158 108 68 569 68 569 68 85 359 389 158 108
261 86 68 607 158 68 64 211 108
5 68 19 85 68 240 211
153 189 68 158 108 68 397 68 397
607 158 68 527 68 607 158 68 81 68 607 158 68 607 158 68 607 158 68 607 158 68 607 158 68 607 158 68 607 158 68 607 158 108 68 607 158 68 607 158 68 607 158 68 607 158 68 607 158 68 607 158 68 550 158 68 607 158 68 607 158 68 607 158 68 607 158 68 607 158 68 607 158 68 607 158 68 607 158 68 607 158 68 607 158 68 19 68 19 108 68 607 158 108 68 607 158 108
503 189 68 158 108 68 5 68 241 68 241 68 241 359
158 108
189 68 201 158 108 68 607 158 68 607 158 68 607 158 68 607 158 68 607 158 68 607 68 607 68 607 158 108
5 68 149 68 81 68 5 189 68 85
64 211 108 68 569 68 19 85 68 569 68 569 68 19 85 68 19 85
370 68 5 68 241 68 85
158 108
397 68 331 149 68 517
211 543
85 261 86
197 85 68 189 68 149
158 85 359
19 85 68 158 108 68 607 158 68 607 158 68 607 158 68 607 158 68 607 158
527 68 607 158 68 607 158 68 607 158
85 68 158 240 68 607 158 68 189 68 189 68 189
64 211 108 68 569 68 64 211
86 397
283
503 189 108
158 85 389 158 68 405 68 569 68 430 359
430 199 85
607 68 253
261 86 68 245 149 68 607 158 68 607 68 607 68 607 68 607 68 607 158
189 68 283 68 5 68 189 68 189 68 189 68 189 68 189 68 189 68 189
607 158 68 527 359
261 86 68 124
651 123 68 5 68 19 85 68 189 68 189
241
158 108 68 517 68 189 68 158 108
430 149
261 86 68 569 68 19 85 68 158 108
241 85
5 85 19 85 68 241
527 68 607 158 68 607 158 68 607 158 68 607 158 68 527 359
189 68 158 543 211 68 5 189 68 85
86 85
261 86 85 359
503 189 68 5 68 19 85 68 19 85 68 569 68 240
213
503 189 68 158 108 68 569 68 85 359 68 397 68 397 68 241 359
283 68 607 68 607 158 68 607 158 68 607 158 68 607 158 68 607 158 68 189 68 331 149
64 211 108 68 241 359
64 211 108 68 569 68 85 359
64 211 108 68 397 68 241 68 241 68 241 359
397 85 359
43 158 68 258 149 68 158 108
153 108
397 68 189 68 5 189 68 5 189
64 211 108 68 85
189 68 79 299 68 85
283 68 158 108 68 569 68 430 68 430 68 430 68 430
607 158 68 607 158 68 397 68 158 108 68 607 158 68 158 68 607 158 68 331
607 68 81
189 68 550 158 108 68 430 68 430 68 397 68 430 68 430 68 607 158 108
189 68 81 68 189 68 189 68 189 68 85 359
43 158 68 405 68 43 158 68 19 85 68 43 158 68 19 85
261 86 68 158 108 68 189 68 158 108 68 607 158 68 5 68 607 68 607 158 68 607 68 607 68 607 68 607 68 607 68 607 158 108
211 85 359 68 158 108
430 213 211
211 240
19 85 68 331 149
43 158 85 359
241 247
569 68 158 108 68 189 68 189 68 430 199
261 86 68 124
503 189 108
430 189
569 68 241
153 240
261 86 68 19 85 68 158 108 68 607 158 68 189 68 19 85 359 68 189 68 189 68 19 85 359 68 19 85 68 607 158 108 68 189 68 607 158 108 68 607 158 108 68 607 158 108 68 19 85 359 68 19 85 68 607 158 108 68 19 85 68 607 158 108 68 19 85 68 19 85 68 19 85 68 607 158 108 68 19 85 68 607 158 68 19 85 68 607 158 108 68 19 108 68 19 108 68 607
430 85 430 359
607 158 68 241
158 211 211
189 68 158 108 68 189 68 189 68 189 68 430
607 158 68 550 158 149
261 86 68 124 68 189 68 189 68 64 211 108
642 211 68 136 479 68 607 158
189 241 359
211 68 527 68 5
253 68 189 68 241
527 68 5 68 527 68 189 68 158 108 68 189 68 331 149 68 158 108
405 149 68 19 85 68 241
87 108 68 158 108 68 19 85 68 19 85 68 19 85
397 199 85 359
241 359
124
189 68 607 158 68 607 158 68 397 68 397 68 569 68 569 68 189 68 85
189 85
283 68 158 108
170 108 68 211 85 359 68 347 158 108
261 86 68 158 108 68 569 68 19 85
241 194 359
85 503 158
607 479 68 136 479
211 211 68 607 158 68 365 430
79 158 85 359
158 85 359
517 85
607 158 68 527 68 397 68 569 68 569 68 189 68 569 68 189 68 189 68 189 68 189 68 189 68 189 68 569 68 189 68 189 68 189 68 189 68 189 68 189 68 189 68 189 68 189 68 569 68 569 68 569 68 189 68 189 68 189 68 550 158 108 68 189 68 550 158 108 68 189 68 550 158 108 68 189 68 189 68 189 68 189 68 189 68 569 68 189 68 189 68 189 68 189 68 189 68 189
211 85 359 68 158 108 68 158 118
194 163
19 85 68 527 68 5 68 189 68 19 85 68 85 68 64 211 108
240 299
365 430 199
54 86 68 397 68 241 359
43 158 68 569 68 283 68 170
607 479 68 550 158 68 19 85 68 569 68 569 68 19 85 68 19 85
240 211
211 543
261 86 68 245 149
189 68 5 68 158 108 68 158 108 68 607 158 68 607 158 68 607 158 68 607 158 68 607 68 607 158 68 607 158 108 68 607 158 189 68 607 68 607 68 607 158 68 607 158 68 607 158 68 607 158 68 607 158 108
569 85 359 68 85 359
241 240 240
5 189 149 389 158
527 68 607 158 68 85 359 68 189 68 397 68 85
347 158
607 158 68 527 68 607 158 68 19 85
607 158 68 607 158 68 211 108 68 5 189 68 158 108
261 86 68 124
611 178
19 85 68 19 85
64 211 108 68 170 108 68 158 108 68 158 108
189 68 81 68 569 68 569 68 85 359
158 85 359
607 158 68 93 211
339 68 550 501 68 569 68 158 108 68 158 108 68 158 108
85 359 389 85 359
397 68 158 108 68 397 68 189 68 19 85 68 241 68 64 211 108
197 158
261 86 68 5 68 569 68 339
247 85 359
607 158 68 241 68 569 68 240 211
607 155 68 81 68 569 68 569 68 85 359 68 85
564 68 158 108 68 81 68 189 68 85 359
189 85 359 389 158 149
158 108 68 389 158 108 68 397 68 397
189 68 253 68 5 189 68 241
158 108 68 569 68 569 68 85 389 158 108 68 241 68 241 68 241 68 241
607 68 170 68 543 68 397 68 397 68 397 68 397
405 359
283 68 158 108 68 158 108 68 158 108 68 189 68 158 108
261 86
607 158 68 607 158 68 189 68 607 158
397 68 85 359 389 158 118
503 189 68 245 449 68 189 68 331 149
527 68 607 158 68 607 158 68 64 211 108 68 241 68 241 68 241 68 85
240 389 158
569 68 158 108 68 158 108 68 158 108 68 158
607 68 5 68 54 86 68 569 68 339
607 158 68 550 158 68 527 68 607 158 68 607 158 68 607 158 68 607 158 68 189 68 189 68 189 68 527 68 607 158 189 68 189 68 527 68 527 359 68 527 359 68 527 68 527 68 527 359 68 607 158 68 527 68 607 158 68 527 359 68 527 68 527 68 527 68 527 68 607 158 68 527 68 607 158 68 607 158 68 607 158 68 527 359 68 607 158 68 607 158 68 527 359 68 607 68 527 68
611
158 85 430 68 501 85 359
607 479 68 5
5 68 163 68 240 211 108 68 241 68 189 68 430 68 430 68 241 359
240 211 68 527 68 607 158 68 85
240 211
85 283 68 158 108 68 607 158 68 397
261 86 68 158 108 68 5 189 68 331 149
370 68 607 158 68 527 68 607 158 68 189 68 19 85 359 68 189 68 189 68 189 68 331 149
405 189 68 430 68 517 85 359
43 158 68 550 158 108 68 397 68 189 68 189 68 189 68 241 68 189 68 189 68 241 299 68 241 68 241 68 241 68 189 68 189 68 189 68 189 68 189 68 189 68 189 68 189 68 241 68 189 68 189 68 189 241 68 241 68 189 68 241 68 241 68 189 68 241 68 241 68 189 68 189 68 189 68 189 68 241 389 158 108 68 241 68 241 68 241 68 189 68 241 68 189 68 189 68 189 68
261 86 68 158 108 68 158 108 68 158 108 68 569 68 158 108
430 359
607 158 68 607 158 68 607 158 68 607 158 68 607 158 68 607 158 68 607 158
87 449
240 389 158 359
283 68 158 108
241 240 240
189 68 569 68 569 68 569 68 569 68 569 68 569 68 569 68 189 68 189 68 189 68 189 68 189 68 569 68 569 68 189 68 189 68 569 68 189 68 189 68 569 68 189 68 569 68 569 68 569 68 569 68 569 68 569 68 569 68 569 68 569 68 569 68 569 68 569 68 569 68 569 68 569 68 189 68 189 68 189 68 189 68 569 68 569 68 189 68 189 68 569 68 189 68 189 68 189 68
527 68 569 68 81 68 189 68 189 68 85 359
607 68 5 68 170 108 68 189 68 189 68 189 68 189
189 211 85 359
288 68 189 68 189 68 85 359 389 85 359
397 68 124
261 86 68 124 68 5 68 569 68 569 68 569
189 68 397 68 189 68 569 68 569
189 68 158 108 68 189 68 569 68 85 389 158 108 68 189 68 189 68 189 68 189 68 189 68 189 68 158 108
430 240
5 68 569 68 19 85 68 19 85 68 19 85 68 19 85 68 19 85
261 86 68 189 68 189 68 397 68 397 68 397
153 68 158 108 68 607 158 68 81 68 189 68 19 85 68 19 85 68 189 68 19 85
283 68 5 68 370 68 5 68 397 68 430
339 551 68 189 68 397 68 397 68 189 68 158 189 68 158 108
64 211 108 68 189 68 569 68 569 68 569 68 569 68 189
85 68 85 359 68 5 68 85 51 86 85
397
189 68 201 158 108 68 607 158 68 607 158 68 607 158 68 607 158 68 607 158 68 607 68 607 68 607 158 108
283 68 158 108
261 86 68 245 449 68 149
189 85 347 158 108 68 339
19 85 68 339 68 19 85 68 569 68 19 85 68 19 85 68 19 85 68 19 85
43 158
569 68 85 51 85 68 158 108 68 430
189 68 68 85 359 68 158 108 68 405 68 569 68 430
19 85 68 527 68 607 158 68 189 68 189 68 189 68 331
569 85 389 158 149 68 347 158 149
611 189 85 359
85 68 158 108 68 158 108 68 158 108 68 158 108
370 68 5 68 607 158 68 241 68 241 68 241 68 241 68 241 359
189 85 5 189
43 158
189 68 81 68 5 68 331 149
370 68 5 68 370
5 68 5 68 397
240 211 149
261 86 68 245 149
43 158 68 163 68 370 68 5 68 569 68 189
240 430 199
503 189 68 5 68 503 189 68 503 189 68 503 189 68 405 68 569 68 517
189 258
5 68 149 68 81 68 189 68 189 68 189
241 68 19 85 68 569
241 85 5 85
501 85 194 199
240 359
607 158 68 81 68 5
503 189 68 503 189 68 607 158 68 405
569 68 158 108 68 5 68 189 68 430 68 43 158 68 43 158 68 607 158 68 19 85 359
170 68 54 86 68 189 68 189 68 241 359 389 85 359
64 211 108 68 5 68 569 68 19 85 359
189 68 550 158 108 68 5 68 85 331 149
241 359 240 359 359
189 68 158 211 68 359
5 68 19 85 68 331 149
430 405 68 189 68 517 149
527 68 607 158 68 607 158 68 607 158 68 607 158 68 607 158 68 189
503 189 68 158 108 68 189 68 189 68 5 189 68 550 158 543 211 68 189
43 158 68 607 158 68 370 68 5 68 19 85 68 569 68 19 85
170 85
5 68 149 550 158 108 68 158 108 68 19 85 68 85
64 211 108 68 569 68 240 211 108
607 158 68 85 240 211 68 607 158 68 607 158 68 241 68 240 211 108
569 108 68 158 108
642 211 68 64 211 108
283 68 158 108 68 189 68 19 85 68 19 85
170 299
347 501
283
370 68 5 68 68 189 68 189 68 189 68 189 68 189 68 189 68 189 68 189
5 68 189 68 189 68 189 68 158 108 68 158 108
5 68 163 68 149 211 68 331 149
253 359
189 68 550 501 68 189 68 79 158 108 68 241 68 241 68 241 359 68 241 68 241 359
19 68 241 68 607 158 68 607 158 68 607 158
258 149
527 68 607 158 68 607 158 68 240 211
503 158 108 68 158 108 68 189 68 331 149 68 397 68 331
607 158 68 81 68 189 68 569 68 569 68 569 68 158 108
43 158 68 79 85 359 68 189 68 331 149
607 158 68 607 158 68 527 68 189 68 85
430 85 359 68 430
283 68 158 108 68 607 158 68 241 68 241 68 397 68 241 359 68 397 68 189 68 189 68 189 68 241 68 241 68 241 68 189 68 241 68 189 68 189 68 241 68 241 68 241 68 241 68 241 68 241 68 241 68 241 68 241 68 241 68 241 68 241 68 241 68 241 68 241 68 241 68 241 68 241 68 189 68 189 68 189 68 241 68 241 68 241 68 241 68 241 68 241 68 189 68 189 68 189
189 213 389 158 359
339 68 158 118
85 430 85 359 68 158 108 68 158 108
189 85 359
240 51 85 68 607 158 68 64 211 108
5 68 527 68 81 68 607 158 68 607 158 68 607 158 68 19 85
569 68 211 68 211 189 68 136 479
607 158 68 81 68 189 68 158 108 68 189 68 189 68 85
607 158 68 81 68 569 68 240 211
569 85 68 158 108
5 68 149 68 81 68 189 68 189 68 189 68 189
283
430 85 359 68 430 68 85
189 68 81 68 5 68 569 68 569 68 569 68 569
240 211 359
189 68 81 68 189 68 189 68 189
5 68 149 68 19 85 68 19 85
43 158 68 607 158 68 607 158 189
607 158 85 359 68 158 108 68 158 108
607 68 5 68 253 68 397 68 397 68 397 68 397 68 397 68 397 68 241
370 68 85 68 607 158 68 19 85 68 569 68 569 68 19 85
261 85 68 158 108 68 158 108 68 158 108 68 607 158 68 607 158 68 607 158
370 68 607 158 68 5 68 81 68 189 68 189 68 189 68 189 68 189 68 189 68 158 108
189 211 189
527 68 5 68 170 108 68 189 68 170 108
607 158 68 527 152 68 397
211 543
189 68 527 68 331 149
527 68 607 158 68 607 158 68 241 68 241 68 397
397 68 503 158 68 397 68 397 68 397 68 569 68 569 68 569 68 569 68 211 108
189 149 211 85
153 189
479 211 240
153 189 68 189 68 189 68 85 359
189 68 158 108 68 5 189 68 189 68 189 68 189
607 158 68 527 68 607 158 68 607 158 68 607 158 68 607 158 68 607 158 68 607 158 68 607 158 68 607 158 108 68 607 158 108
5 68 163 68 19 85 68 241 68 241 68 241 359
261 86 68 158 108 68 607 158 68 64 211
189 68 85 170 108 68 397 68 397 68 397
5 68 569 68 405 68 405
51 86 68 124
283 68 158 108 68 5 68 19 85 68 241 68 397 68 397 68 241 68 397
189 68 527 152 68 607 158 68 607 158 68 607 158 68 607 158 68 607 158
43 158 68 43 158 68 43 158
5 68 347 501 68 136 479 68 136 479 68 339
405
79 158 68 642 68 189 68 569 68 569 68 569 68 569 68 189 68 189 68 189
527 68 607 158 68 607 158 68 607 158 68 607 158 68 607 158 68 607 158 68 189
405
43 158
569 85 359 68 85 359
189 68 158 108 68 170 108 68 189 68 170 108
370 68 370 68 5 68 430 68 430
607 158 68 607 158 68 81 68 189 68 569 68 85 359
607 68 607 158 68 347 158
5 108
189 68 550 501 68 607 158 68 607 158 68 607 158
503 189 68 158 108 68 569 68 85 359 68 397 68 397 68 241 359
607 158 68 607 158 68 54 86 68 397 68 397
158 108
64 211 108 68 19 68 397 68 19 85 68 569 68 569 68 240
197 85
370 68 5 68 81 68 569 68 569 68 569 68 569 68 189 68 85 359
189 68 5 68 81 68 569 68 569 68 569 68 569 68 569 68 569 68 569 68 569 68 569 68 569 68 569 68 569 68 569 68 569 68 569 68 569 68 569 68 569 68 569 68 569 68 569 68 569 68 569 68 211 108
189 68 607 158 68 607 158 68 240
283 68 64 211 108 68 5 68 85 359
527
261 86 68 158 108 68 607 158 68 607 158 68 607 158 68 607 158 68 607 158 68 607 158 68 607 158 68 607 158 68 607 158 108
261 86 68 5 108 68 85 359
241 68 158 258 68 430
339 68 550 158 118
189 68 283 68 81 68 430 149
85 359 240 359
607 158 68 607 158 68 607 158 68 607 158 68 607 158 68 607 158 68 607 158
527 68 607 158 68 158 68 19 85 68 240
283 68 158 108 68 607 158 68 331 149
189 258 85 68 241
240 240 240
189 68 617 68 397 68 397 68 397 68 397 68 397 68 397 68 397 68 397 68 397 68 397 68 397 68 397 68 397 68 397 68 189 68 241 68 397 68 397 68 397 68 397 68 397 68 397 68 397 68 397 68 397 68 397 68 397 68 397 68 397 68 397 68 397 68 397 68 397 68 397 68 397 68 397 68 397 68 397 68 397 68 397 68 397 68 397 68 397 68 397 68 397 68 397 68 189 68
189 68 68 5 68 68 189 68 158 108 68 569 68 569 68 189 68 189 68 189 68 158 108
189 68 617 68 397 68 517 68 43 158 68 397 68 189 68 158 68 189 68 158 108
197 86 68 5 68 158 108 68 189 68 19 85
607 158 68 163 68 81 68 158 108 68 19 85 68 19 85 68 19 85
405
503 189
503 189 68 607 158 68 81 68 5 68 569 68 569 68 240 211 85 359
43 158 68 43 158 68 397 68 569 68 136 158
240 359
5 68 163 68 19 85 68 158 108 68 158 108
569 85 359 68 85 359
503 189 68 158 108 68 158 108 68 569 68 170 108
189 68 405 68 189 68 158 108 68 189 68 397 68 189
339 551 68 550 158 108 68 517 85 359
503 189 68 5 68 149 68 19 85 68 331 149
189 85 359 68 158 108 68 430
607 158 68 527 68 5 68 158 108 68 43 158 68 331 149 68 43 158 68 331 149
607 158 68 81 68 189 68 240 389 158
149 550 158 108
564 68 607 158 68 81 68 189 68 189 68 158 108
64 211 68 607 158 68 81 68 189 68 569 68 189 68 158 108
197 85
283 68 189 68 607 158 68 607 158 68 64 211
607 68 211 108 68 607 158 68 607 158 68 607 158 68 331
189 68 64 211 108 68 189 68 189 68 189 68 430 68 189
283 68 158 108 68 189 68 189 68 158 108
607 158 68 81 68 189 68 189 68 430 68 607 158
283 68 158 108 68 607 158 68 607 158 68 607 158 68 607 158 68 607 158 68 607 158 68 607 158 68 607 158 68 607 158 68 607 158 108
607 158 68 550 501 68 189 68 158 108 68 189 68 158 108 68 158 108
213 51 86
288 68 283 68 189 68 158 108 68 189
170 85
283 68 189 68 158 108 68 607 158 68 607 158 68 607 158 68 607 158 68 607 158 68 607 158 108
569 68 158 108 68 43 158 68 189 68 158 108
170 449
261 86 68 245 449 68 370 68 397 68 397 68 397 68 397 68 397 68 397
211 85 359 68 158 108
5 68 258 149 68 189 68 19 85 68 189 68 189 68 189 68 19 85
54 86 68 189 68 64 211 108
503 189 108
276 85 68 5 68 397 68 397 68 397 68 397
189 68 5 68 85 194 149 68 85
158 108 68 527 68 158 108 68 158 108
194 543
527
124
240 211
607 158 68 527 68 189 68 189 68 158 108
339 68 339 68 211 108 68 607 158 68 240 211 85
569 68 85 240 389 158 68 241 68 241 359
607 158 118 68 389 158 118 68 430 149
240 158 108
564 68 158 108 68 158 108 68 158 108
283 68 569 68 158 108 68 569 68 569 68 569 68 85
5 68 189 68 569 68 569 68 569
124 68 85
261 86 68 569 68 68 189 68 569 68 241 359
64 211
283 68 569 68 85 359 68 189 68 569 68 569 68 85
189 68 5 189 68 241 359 389 158 108 68 189 68 189
405 85 68 569 108
430 118 68 189 68 189 68 189
189 68 253 68 607 158 68 527 68 607 158
64 211 108
283 68 241 68 5 68 81 68 189 68 189
607 158 68 81 68 158 68 569 68 211 108 68 569 68 189 68 43 158 108
283 68 607 158 68 607 158 108
158 108 68 170 108 68 189 68 189 68 331
189 359
261 86
170 359
607 158 68 81
211 543
283 68 158 108
197 85 68 85 359 68 189 68 158 108
240 359
569 68 85 389 158 108 68 397 68 241 68 241 68 189 68 241 359 68 189 68 241
397 68 569 68 569 68 569 68 569 68 569 68 569 68 569 68 19
261 86 68 19 149 68 607 158 68 607 158 68 607 158 68 607 158 68 607 158
261 86
240 194 149
85 550 158 108 68 158 108 68 158 108
240 389 158 118 68 158 118
240 211
241 68 397 68 397
19 85 68 158 108 68 5 189 68 241 68 241
569 85 68 158 108
569 68 240 211 68 85
261 86 68 569 68 68 85 359
189 68 527 152 68 5 68 241 68 241 68 241 68 397 68 241
397 68 211 543
189 85 389 158 118 68 189 68 158 108 68 189 68 158 108
19 85 68 569 68 85 68 85 359 68 85 359 68 85 359
43 158 68 85 359 68 517 85
607 158 68 607 158 68 607 158 68 607 158 68 607 158 68 64 211 108
189 543 211 68 189 68 189
189 68 550 158 211 359
241 149
211 149
87 68 170 108 68 607 158 68 189 68 569 68 211 240 211 68 550 158 108 68 550 158 108
430 199
365 430 199
261 86 68 189 68 85
607 158 68 527 68 189 68 331 149
569 68 543 211 68 68 85 359 68 189 68 569 68 19 85 359 68 19 85
365 479
527 68 607 158 68 81 68 158 68 158 108 68 189 68 430 68 19 85
607 158 68 577 68 158 108 68 158 108 68 189 68 430
240 389 85 359
54 86
607 155 68 261 86 68 607 158 68 569 68 397 68 397 68 241 68 241 68 241 68 241
607 158 68 283 149
189 68 607 158 68 85 359 68 397 68 397 68 569 68 158 108
430 149 389 158 359 68 189 68 359
158 85 359
158 108 68 607 158 68 19 85
170 68 397 68 189 68 189 68 189 68 189
389 158 108 68 241 68 189 68 241
189 68 617 68 397 68 397 68 430 68 430
170 86
527 68 569 68 189 68 569 68 569 68 241 359
503 189 68 170 108
240 211 68 85 359 68 85 359
607 158 68 64 211 108 68 607 158 68 607 158 68 607 158 68 607 158 68 607 158 68 607 158 68 607 158 68 607 158 108
189 68 527 68 5 68 194 543
261 86 68 245 449 68 569 68 430 68 430
79 158 68 642 68 189 68 569 68 569 68 569 68 569 68 189 68 189 68 189
430 258
241 68 607 158 68 81 68 189 68 569 68 569
189 68 158 108 68 241 68 189 68 241 359
261 86 85
283 68 569 68 569 68 569 68 569 68 569
283 68 158 108 68 5 68 241 68 241 68 241 68 241 68 241 359
153 240
527 68 5 68 19 85 68 569 68 19 85 68 569 68 19 85 359
158 85 550 158 543 68 189 68 158 543 211
189 68 158 108 68 189 68 189 68 189 68 189 68 189 68 189 68 189 68 189
261 86 68 124 68 189 68 189 68 397 68 397 68 397 68 189 68 189 68 189 68 158 108
43 158 85
569 85 359 68 64 211 108
189 68 64 211 108 68 189 68 397 68 397 68 397 68 189 68 189 68 397 68 189 68 189 68 189 68 189 68 189 68 189 68 189 68 189 68 189 68 189 68 189 68 189 68 189 68 64 211 108 68 189 68 189 68 189 68 189 68 240 211 108 68 189 68 79 158 108 68 241 68 64 211 108 68 189 68 189 68 241 68 5 68 158 108 68 189 68 189 68 189 68 241 68 189 68 189 68 189
550 158 118 68 607 158 118
503 189 108
430 149 550 158 149
607 158 85 359 68 389 158 108
607 68 288 68 5 68 569 68 569 68 569 68 569 68 569 68 19 85
64 211 108 68 569 68 85 359
405 68 430 85 359
86 68 85 359 211 543 68 189 68 189
158 85 359 68 19 85 359
261 86 68 5
211 211 108 68 158 108 68 158 108
261 86 68 245 149
607 68 81 68 189 68 189 68 189 68 64 211 108
194 543
397 68 158 108 68 397 68 189 68 19 85 68 241 68 64 211 108
189 68 617 68 397 68 517 68 517 359
397 68 241 194 240
527 68 569 68 19 85
5 189 68 158 108 68 189 68 158 108
43 158 359
611 240 359 359
253
149 389 149
607 158 68 550 158 108 68 5
43 158 68 607 158 68 81 68 189 68 189 68 189 68 189 68 189 68 189 68 189 68 158 108
543 211 68 189 68 85 359 68 189 68 569 68 569 68 85 359 68 85 359
43 158
87 68 189 68 64 211 108 68 189 68 64 211 108
370 68 607 158 68 81 68 397 68 397 68 397 68 397 68 397 68 397 68 397 68 569 68 569 68 569 68 569 68 397 68 189 68 569 68 189 68 189 68 81 68 189 68 569 68 569 68 569 68 397 68 397 68 397 68 569 68 19 85 550 158 108 68 569 68 550 158 108 68 189 68 189 68 189 68 189 68 550 158 108 68 370 68 550 158 108 68 569 68 569 68 253
19 85 68 158 108 68 5 189 68 241 68 241
170 68 124 68 5 68 430
240 389 158 359
189 211 85 359
283 68 64 211 108
189 68 651 123
550 158 68 550 158 178
51 86 68 158 108 68 5 189
189 68 158 108 68 189 68 189 68 189 68 189
261 86 68 197 86 68 158 108 68 569 68 85 359
261 86 68 241 68 241 194 543
64 211
389 158 359 68 283
405
397 68 347 501
87 108 68 189 68 189 68 189 68 68 397 68 397 68 397 68 189 68 397 68 397 68 189 68 397 68 189 68 68 189 68 189 68 189 68 54 86 68 68 68 68 68 68 68 68 68 68 68 68 68 189 68 54 86 108
189 68 527 68 5 68 569 68 85 359 68 189 68 189 68 19 85 359
43 158 68 607 158 68 607 158 68 607 158 68 607 158 68 607 158 68 607 158 68 527 68 607 158 68 607 158 68 607 158 68 607 158 68 607 158 68 527 68 527 68 607 158 68 607 158 68 607 158 68 607 158 68 607 158 68 527 68 527 68 527 68 527 68 607 158 68 607 158 68 607 158 68 607 158 68 527 68 527 68 527 68 527 68 607 158 68 607 158 68 607 158 68 607 158 68 527
211
370 68 607 158 68 81 68 189 68 397 68 397 68 397 68 189 68 189
43 158 68 550 158 149
261 86 68 569 68 19 85 68 189 68 19 85 68 189
405 240
261 86 68 5 68 64 211 108
189 68 19 68 19 85 68 569 68 19 85 68 19 85 68 19 85 68 189 68 19 85
189 68 158 543 68 158 108 68 158 108 68 189 68 331
607 158
607 68 283 68 569 68 543 211 68 189 68 189 68 19 85
241 68 189 85 359 389 158 118
211 68 527
43 158
124 68 430 68 189 68 617 149
189 68 5 68 241 68 189 68 241 359 389 158 240 194 68 241 359 68 241 68 241 68 241 359
370 68 5 68 81 68 85 359 68 85 359
569 108 68 240 211 68 149
503 189 68 5 68 19 85 68 19 85 68 19 85
189 213 194 149
189 68 5 68 85 359 68 19 85 68 19 85 68 85
189
189
86 163 68 108 68 19 85
527 68 607 158 68 607 158 68 607 158 68 607 158 68 607 158 68 607 158 68 607 158
569 68 543 550 501 68 189 68 85 152
607 158 68 527 68 607 158 68 19 85
43 158 68 163 68 149 68 397 68 331 149
370 68 370 68 5 68 81 68 189 68 85 359
261 86 68 158 108 68 607 158 68 607 158 68 189 68 607 158 68 607 158 68 607 158 68 607 158 68 607 158 68 607 158 68 189 68 607 158 108 68 607 158 108 68 607 158 68 607 158 68 607 158 68 607 158 68 607 158 68 607 158 68 607 158 68 607 158 68 607 158 68 607 158 68 607 158 68 607 158 68 261 86 68 81 68 607 158 68 607 158 68 607 158 68 607 158 68 607 158 108
430 211 211
189 68 213 211 543
5 68 163 68 81 68 189 68 158 108 68 189 68 430
261 86 85 68 85
607 158 68 577 68 158 68 158 108 68 569 68 136 479
283 68 569 68 569 68 569 68 19 85 68 85 359 68 569 68 19 85
501 85 550 158 108 68 79 158 108
405 68 527 68 607 158 68 607 158 68 607 158 68 405
64 211 68 81 68 189 68 189 68 85 359
5 68 527 68 543 68 149 68 19 85 68 189 68 19 85 68 19 85
240 389 158 543 68 158 543 211 543
197 86 68 5 68 189 68 189 68 158 108 68 189 68 158 108
189 68 370 68 5 68 405 68 397 68 397 68 397 68 397 68 397 68 397
261 86 68 245 149
197 86 68 569 68 211
261 86 68 527 68 607 158 68 19 85
607 68 607 158 68 19 85 68 19 85 68 397 68 19 85
43 158 68 43 158 68 569
503 189
153 189 68 189 68 189 68 85 359
389 85
43 158
283 68 569 68 569 68 19 85 68 569 68 240
503 158 68 43 158 68 81 68 189 68 569 68 211 543 211 68 189
43 158
64 211 68 359
5 68 189 68 170 299 68 569 68 569 68 189 68 170 108
283 68 189 68 5 68 370 68 370 68 5 68 189
85 68 253 68 189 68 189 68 569 68 189 68 189 68 189 68 189 68 189 68 189
607 68 569 68 607 68 607 158 68 607 68 5
503 189 68 158 108 68 189 68 189 68 158 108
240 430
86 68 397 68 253
283 68 569 68 550 501 68 397 68 397
5 68 163 68 19 85 68 189 68 64 211 108
213 51 86 68 640
153 189 68 189 68 189 68 85 359
170 85 68 527 68 5 68 81
43 158 68 163 68 81 68 189 68 189 68
189 68 527 68 5 68 331 149
189 68 158 108 68 397 68 397 68 397
607 158 68 642 68 85
527 68 5 68 430
607 158 359
569 68 347 501 68 85 359 68 430 68 397 68 397
