607 158 68 607 158 68 189 68 5 68 5 68 397 68 5
607 158 68 607 158 68 189 68 5 68 5 68 5 68 5 68 5
211
607 158 68 607 158 68 189 68 5 68 5 68 5 68 5 68 5 68 5 68 5 68 5 68 5 68 5 68 5 68 5
607 158
607 158 68 607 158 68 5 68 5 68 5 68 5 68 5 68 5 68 5 68 5 68 5 68 5
607 158
607 158 68 607 158 68 189 68 189 68 5 68 189 68 5 68 5 68 5 68 5
607 158
607 158 68 607 158 68 189 68 189 68 5 68 189 68 5 68 5 68 5 68 5 68 5 68 189
607 158 68 607 158 68 189 68 189 68 5 68 189 68 5 68 5 68 5 68 5 68 5 68 5 68 5 68 5 68 5 68 5 68 5 68 5 68 5 68 5 68 5 68 189 68 5 68 5 68 5 68 5 68 5 68 5 68 5 68 5 68 158 68 189 68 5 68 5 68 189 68 5 68 5 68 5 68 5 68 5 68 5 189 68 5 68 5 189 68 5 68 5 68 5 68 5 68
607 158 68 5 68 5 68 5
607 158 68 5 68 5 68 5 68 5 68 5 68 5 68 5
607 158
607 158 68 5
211 85
607 158 68 607 158 68 189 68 189 68 5 68 189 68 5 68 5 68 5 68 5 68 5 68 189
607 158 68 5 68 5 68 5 68 5 68 5
607 158 68 5 68 5 68 5 68 5
607 158 68 5 68 5 68 5 68 5 68 397 68 5
607 158 68 607 158 68 189 68 189 68 5 68 189 68 5 68 5 68 5
607 158 68 607 158 68 189 68 189 68 5
607 158 68 5 68 5 68 5 68 5 68 5
607 158 68 189 68 189
607 158 68 5 68 397 68 397
607 158 68 5 68 397 68 397
607 158 68 607 158 68 189 68 5 68 5 68 397 68 5 68 5
607 158 68 5 68 397 68 189
607 158 68 607 158 68 189 68 189 68 5 68 189 68 5 68 5 68 5 68 5 68 5 68 189
607 158 359
607 158 68 607 158 68 189 68 5 68 5 68 397 68 5
261 86
607 158
607 158 68 607 158 68 189 68 189 68 397 68 189
607 158 68 5
607 158 68 607 158 68 189 68 5 68 5 68 5 68 5 68 5 68 5 68 5 68 5
607 158 68 5
607 158 68 5
283
607 158 68 189 68 189
607 158 68 5 68 5 68 5 68 5
607 158 68 5 68 397 68 397 68 397 68 397 68 397 68 397
607 158 68 607 158 68 189 68 189 68 5 68 189 68 5
607 158 68 640
261 86 68 86
607 158 68 607 158 68 189 68 5 68 5 68 189 68 5 68 5 68 5
607 158 68 5 68 5 68 5
607 158
607 158 68 607 158 68 189 68 189 68 5 68 189 68 5 68 5 68 5 68 5 68 5 68 5 68 5 68 5 68 397 68 5 68 5 68 5 68 5 68 5 68 5 68 189 68 5 68 5 68 5 68 5 68 5 68 5 68 5 68 5 68 189 68 189 68 5 68 189 68 189 68 5 68 5 68 189 68 5 68 5 68 189 189 68 5 68 5 189 68 5 68 5 68 5 189 68 5
283
607 158
607 158 68 5 68 5 68 5 68 5 68 397 68 5
607 158 68 607 158 68 189 68 189 68 5 68 189 68 5 68 5 68 5 68 5 68 5 68 5 68 189 68 5 68 397 68 5 68 5 68 5 68 5 68 5 68 5 68 189 68 5 68 5 68 189 68 5 68 5 68 5 68 5 68 5 68 189 68 189 68 5 68 397 68 189 68 5 68 5 68 189 68 5 68 5 189 85 85 85 85 359
85
607 158
607 158 68 5
607 158 68 607 158 68 189 68 189 68 5 68 189 68 5 68 5 68 5 68 5 68 5 68 189 68 189 68 5 68 5 68 5 68 5 68 5 68 5 68 5 68 5 68 189 68 5 68 5 68 189 68 5 68 5 68 607 158 189 68 607 158 189 68 189 68 5 68 189 68 189 68 5 68 189 68 189 68 5 68 5 189 189 189 68 5 68 5 189 68 5 68 5 68 5 189 68 5
607 158 68 5 68 5 68 5 68 5
607 158 359
607 158 68 5 68 5 68 189 68 5
607 158 68 5 68 5 68 5 68 5 68 5
607 158 68 5 68 5 68 5 68 5
607 158 68 5 68 189 68 189
607 158 68 607 158 68 189 68 189 68 5 68 189 68 5 68 5 68 5 68 5 68 5
261 86
607 158 68 189 68 397
607 158
607 158 68 607 158 68 189 68 5 68 5 68 5 68 5 68 5 68 5 68 5 68 5 68 5
607 158 68 5 68 5 68 5 68 5 68 5
283 68 5
607 158 68 5 68 5 68 5 68 5
607 158 68 5
211
607 158
607 158
607 158 68 5 68 5 68 5 68 5 68 5
261 86
607 158 68 5
607 158 68 5 68 5 68 5 68 5 68 5 68 5 68 5 68 5
607 158 68 5
607 158 68 607 158 68 189 68 5 68 5 68 5 68 5 68 5 68 5 68 5
607 158
607 158 68 5 68 5 68 5 68 5 68 5 68 5 68 5
85
607 158 68 5 68 5 68 5 68 5 68 5
607 158
607 158 68 5 68 397 68 397 68 397 68 397
607 158 68 189 68 189 68 189
607 158 68 5 68 5 68 5 68 5 68 5 68 5 68 5
607 158 68 5 68 5 68 5 68 5 68 5
607 158
607 158 68 607 158 68 607 158 68 5 68 5 68 5 68 5 68 5 68 5 68 5 68 5 68 5 68 5 68 5 68 397 68 5 68 5 68 5
211
607 158
607 158 68 607 158 108 68 189 68 189
607 158 68 189 68 189 68 189
607 158 68 569 68 397
607 158 68 607 158 68 189 68 5 68 5 68 5 68 5 68 5 68 5 68 5 68 5 68 5 68 5 68 5 68 5
283
607 158 68 607 158 68 189 68 189 68 397 68 189
607 158 68 607 158 68 189 68 5 68 5 68 397 68 5
607 158 68 5 68 397 68 397 68 397
607 158 68 397 68 397
607 158 68 5
607 158 68 607 158 68 189 68 5 68 5 68 5 68 5 68 5 68 5 68 5 68 5 68 5
607 158 68 5 68 5 68 5 68 5 68 5 68 5
607 158 68 607 158 68 189 68 5 68 5 68 5 68 5 68 5 68 5 68 5 68 5 68 5
607 158 68 607 158 68 189 68 189 68 5 68 189
283
389 158
607 158 68 607 158 68 189 68 5 68 5 68 397 68 5 68 5 68 5
607 158 68 5 68 5 68 5
607 158
607 158
607 158
607 158 68 5 68 5 68 5 68 5 68 5 68 5
607 158 68 607 158 68 189 68 189 68 5 68 189 68 189 68 5 68 397 68 189 68 5
607 158 68 5 68 5 68 5 68 5 68 5
607 158 68 5 68 5 68 5 68 5 68 5
607 158 68 607 158 68 189 68 189 68 5
607 158 68 607 158 68 189 68 5 68 5 68 5 68 5 68 5 68 5 68 5 68 5 68 5
607 158 68 607 158 68 189 68 189 68 5 68 397 68 5
607 158
283
607 158 68 5 68 5 68 5 68 5 68 5 68 5
607 158 68 5 68 5 68 5 68 5 68 5
607 158 68 607 158 68 189 68 189 68 5 68 189
607 158 68 607 158 68 189 68 5 68 5 68 189 68 5 68 5 68 5 68 5 68 5 68 5
389 158
607 158 68 5 68 5 68 5 68 5 68 5
607 158
607 158
607 158 68 5 68 5 68 5 68 5
607 158 359
607 158 68 607 158 68 189 68 5 68 5 68 397 68 5
607 158 68 5 68 5 68 5 68 5 68 5
607 158
607 158 68 5 68 5
607 158 68 5 68 397 68 397 68 397 68 397 68 397
389 158 359
607 158 68 607 158 68 189 68 189 68 5 68 189 68 5 68 5
261 86 68 86
607 158 68 607 158 68 189 68 5 68 5 68 397 68 5 68 5
607 158 68 5 68 5
607 158 68 5 68 5 68 5 68 5
607 158
607 158 68 607 158 68 189 68 5 68 5 68 397 68 5
503 158
607 158 68 5 68 5 68 5 68 5 68 5 68 5 68 5
607 158 68 189
607 158 68 5 68 5
607 158
261 86
607 158 68 607 158 68 189 68 189 68 189
607 158 108
607 158 68 5
283
607 158 68 5 68 5 68 397 68 5
607 158 68 5 68 5 68 5 68 5 68 5
607 158 68 5
607 158 68 5 68 5 68 5
283 68 5
607 158 68 5 68 5 68 5 68 5
607 158 68 607 158 68 189 68 189 68 5 68 189 68 5 68 5 68 5 68 5 68 5 68 5 68 189 68 5 68 397 68 5 68 5 68 5 68 5 68 5 68 5 68 189 68 5 68 5 68 5 68 5 68 5 68 5 68 5 68 5 68 189 68 189 68 5 68 397 68 189 68 5 68 5 68 5 68 5 68 5 68 189 189 68 5 68 397 68 5 68 5 68 5 68 5 68 5
607 158
283
607 158 68 5 68 5 68 397 68 5
607 158 68 5 68 5 68 5 68 5
607 158
607 158 68 5 68 5 68 5 68 5
607 158 68 607 158 68 189 68 5 68 5 68 5 68 5 68 5 68 5 68 5
607 158 68 5 68 5 68 5 68 5
607 158 68 5 68 5
607 158 68 607 158 68 189 68 189 68 5 68 189 68 5 68 5 68 5 68 5
283
607 158 68 607 158 68 189 68 189 68 5 68 189 68 189 68 5 68 5 68 189 68 5 68 189 68 189 68 5 68 5
607 158 68 5 68 5 68 5 68 5 68 5
607 158 68 5 68 5 68 5 68 5 68 5
607 158 68 5 68 5 68 189 68 5
607 158
607 158 68 607 158 68 189 68 5 68 5 68 5 68 5 68 5 68 5 68 5
607 158 68 5 68 5 68 189
607 158 68 5 68 397 68 189
86
607 158 68 189
607 158 68 5 68 5 68 5
607 158 68 5 68 5 68 5 68 5
283
607 158 68 189 68 189
607 158 68 5 68 5 68 5 68 5
261 86
607 158 68 5 68 5 68 397 68 397 68 397 68 397
607 158 68 607 158 68 189 68 189 68 397 68 397 68 397 68 397 68 397 68 189
607 158 68 640 68 397
607 158 68 5 68 5 68 397 68 397 68 397
607 158 68 5 68 5 68 5
389 158
607 158 108
261 86
607 158 68 607 158 68 189 68 5 68 5 68 5 68 5 68 5 68 5 68 5
607 158 68 607 158 68 189 68 189
607 158 68 5
607 158 68 5 68 5 68 5 68 5
283
607 158 68 5 68 5 68 5 68 5
607 158 359
607 158 68 5 68 5 68 5 68 5 68 5 68 5 68 5
607 158 68 5 68 5 68 5 68 5 68 5 68 5 68 5 68 5
607 158 68 5 68 5 68 5
607 158
283 68 5
607 158 68 5
607 158 68 640
607 158 68 5 68 5 68 5 68 5 68 397 68 5
261 86
607 158 68 607 158 68 189 68 189 68 5 68 189
283
261 86
607 158 68 189 68 189
607 158 68 607 158 68 189 68 189 68 5 68 189 68 5 68 5 68 5 68 189 68 5 68 189 68 189 68 5 68 397 68 189 68 5 68 5 68 189 68 5 68 5 68 189 68 189 68 607 158 68 189 68 607 158 68 607 158 68 607 158 68 189 68 189 68 189 68 189 68 189 68 5 68 189 68 189 68 5 68 5 68 189 189 68 5 68 397 68 5 68 5 68 5 68 5 189 68
607 158 68 5 68 5 68 5 68 5
283
607 158
283 68 5 68 5 68 5 68 5
607 158 68 189 68 189 68 189
607 158 68 5 68 5 68 5 68 5 68 5
607 158 68 5 68 5
211
607 158 68 5 68 5
607 158 68 607 158 68 189 68 189 68 5 68 189 68 189
607 158
261 86 68 86
607 158 68 607 158 68 189 68 5 68 5 68 189 68 5 68 5
607 158
85
607 158 68 607 158 68 189 68 5 68 5 68 189 68 5 68 5 68 5
607 158 68 5 68 5 68 5 68 5
607 158 68 640
389 158
607 158 68 607 158 68 189 68 189 68 5 68 189 68 5
607 158 68 5 68 5 68 5 68 5 68 5 68 5
607 158
607 158 68 5 68 5 68 5 68 5 68 5 68 5
607 158 68 5 68 5 68 5 68 5 68 397 68 5
389 158
607 158 68 607 158 68 189 68 5 68 5 68 5 68 5 68 5 68 5
607 158 68 5 68 5 189
189 85
607 158 68 5 68 5 68 5 68 5 68 5
607 158 68 5 68 5
607 158 68 607 158 68 189 68 5 68 5 68 397 68 5
607 158 68 5 68 5 68 5 68 5 68 5 68 5
607 158 68 5 68 397 68 397 68 397
607 158 68 5 68 397 68 397
607 158
607 158 68 189 68 189
607 158 68 5 68 5 68 5 68 5
607 158 68 5 68 5 68 5 68 5 68 5
261 86
607 158 68 5 68 5 68 5 68 5
607 158 68 607 158 68 189 68 5 68 5 68 397 68 5 68 5
283
607 158 68 5 68 5 68 5 68 5 68 5 68 5 68 5 68 5
283
607 158 68 5 68 5
607 158 68 5 68 5 68 189 68 397 68 397 68 397
607 158 68 5 68 5 68 5 68 5 68 5 68 5 68 5
607 158 68 189
607 158 68 5
607 158 68 5 68 5 68 5 68 5 68 397 68 397 68 5
607 158 68 5 68 5 68 5 68 5
607 158 68 5 68 5 68 5 68 5 68 397 68 5
607 158 68 607 158 68 189 68 5 68 5 68 189 68 5 68 5 68 5 68 5 68 5 68 5 68 189 68 5 68 397 68 5 68 5 68 5 68 5 68 5 68 5 68 189 68 5 68 5 68 5 68 5 68 5 68 5 68 5 68 5 68 158 189 68 5 68 5 68 189 68 5 68 5 68 158 108 68 5 68 5 68 5 189 68 5 68 397 68 5 68 5 68 5 68 5 68 5
607 158 68 5
607 158 68 607 158 68 189 68 189 68 189 68 189 68 189
607 158 68 607 158 68 189 68 189 68 5 68 189
607 158 68 5 68 5 68 5 68 5 68 5 68 5
607 158 68 607 158 68 189 68 189
607 158
607 158 68 607 158 68 189 68 5 68 5 68 397 68 5
607 158 68 5 68 397 68 397
607 158
607 158 68 189 68 189 68 189
607 158 68 397 68 397
607 158 68 5 68 5 68 5 68 5 68 5
607 158 68 607 158 68 189 68 5 68 5 68 189 68 5 68 5 68 5 68 5 68 5 68 5
607 158 85
607 158 68 607 158 68 189 68 189 68 5
607 158 68 5 68 5 68 5 68 5 68 5 68 5 68 5 68 5 68 5 68 5
283
261 86 68 124
607 158 359
607 158 68 607 158 68 189 68 5 68 5 68 5 68 5 68 5 68 5
607 158 68 5 68 5 68 5 68 5 68 397 68 5
283
607 158 68 5 68 397 68 397
607 158 68 607 158 68 189 68 5 68 5 68 5 68 5 68 5
607 158
607 158 68 5 68 5 68 397 68 5
389 158
607 158 68 5 68 5 68 5 68 5 68 5 68 5
607 158
607 158 68 5 68 5 68 5 68 5
607 158 68 5 68 5
607 158
607 158 359
607 158 359
607 158 68 5 68 397 68 397
607 158 68 5 68 5 68 5 68 5
607 158
389
607 158 68 5 68 5 68 189
607 158 68 5 68 5 68 397 68 5
607 158 68 607 158 68 189 68 189 68 397 68 397 68 189
607 158 68 5
607 158
607 158 68 607 158 68 189 68 189 68 5 68 397 68 5
607 158 68 607 158 68 189 68 5 68 5 68 5 68 5 68 5 68 5 68 5 68 5 68 5
607 158 68 607 158 68 189 68 5 68 5 68 5 68 5 68 5 68 5 68 5 68 5 68 5 68 5 68 5 68 5 68 5 68 5 68 5 68 5 68 5 68 5 68 5 68 5 68 5 68 5 68 5 68 5 68 5 68 5 68 5 68 158 189 68 5 68 5 68 189 68 5 68 5 68 5 68 5 68 5 68 158 189 189 68 5 68 5 189 68 5 68 5 68 5 189 68 5
607 158 68 5 68 5 68 5 68 5 68 5 68 5 68 5 68 5 68 5
283
607 158 68 607 158 68 189 68 5 68 5 68 5 68 5 68 5 68 5 68 5 68 5
607 158 68 607 158 68 189 68 189 68 5 68 189 68 5 68 5 68 5 68 5 68 5 68 189 68 189 68 5 68 5 68 5 68 5 68 5 68 5 68 5 68 5 68 189 68 5 68 5 68 189 68 5 68 5 68 189 68 5 68 5 68 189 68 189 68 5 68 189 68 189 68 5 68 5 68 189 68 5 68 5 189 85 85 85 85 85 85 85 85 85 359 68 5 68 5 85 359
283
607 158 68 607 158 68 189 68 189 68 5 68 189 68 189 68 5 68 5 68 189 68 5 68 189 68 189 68 5 68 397 68 189 68 5 68 5 68 189 68 5 68 5 68 189 68 189 68 5 68 189 68 5 68 5 68 189 68 189 68 5 68 189 68 189 68 5 68 189 68 189 68 5 68 5 68 189 68 5 68 5 189 85 85 85 85 85 85 85 85 85 359
607 158 68 5 68 5 68 5 68 5 68 5 68 5 68 5
607 158 68 5
607 158
607 158 68 5
607 158 68 5 68 5
607 158 359
283
607 158 68 607 158 68 189 68 189 68 5 68 189 68 5 68 5 68 5 68 5 68 5 68 5 68 189 68 5 68 397 68 5 68 5 68 5 68 5 68 5 68 5 68 189 68 5 68 5 68 189 68 5 68 5 68 189 68 5 68 5 68 189 68 189 68 5 68 189 68 189 68 5 68 5 68 189 68 5 68 5 189 85 85 85 85 359
607 158 68 5 68 397 68 397
607 158 68 5 68 5 68 5 68 5 68 5 68 5 68 5
283
211
607 158 68 5 68 5 68 397 68 5
607 158 68 5 68 5 68 5 68 5 68 397 68 5
607 158 68 5
607 158
607 158 68 607 158 68 189 68 5 68 5 68 5 68 5 68 5 68 5 68 5 68 5
607 158 68 607 158 68 189 68 189 68 189 68 189
607 158 68 5 68 5
607 158 68 607 158 68 189 68 5 68 5 68 5 68 5 68 5 68 5 68 5 68 5 68 5 68 5 68 5 68 5
607 158
389
211
607 158 68 5 68 5 68 5 68 5 68 5 68 5 68 5
607 158 68 5
607 158 68 5 68 5 68 5 68 5 68 5 68 5 68 5 68 5
607 158 359
607 158 68 607 158 68 189 68 189 68 5
607 158 68 640
211
607 158 68 189 68 189
607 158 68 607 158 68 189 68 189 68 189
607 158
607 158 68 5 68 5 68 5 68 5 68 5
607 158 68 5 68 5
607 158 68 607 158 68 189 68 189 68 5
607 158 68 5
607 158
607 158
607 158 68 5 68 5 68 5 68 5 68 5 68 5 68 5 68 5
211
607 158 68 5 68 5
607 158 68 5
607 158 68 607 158 68 189 68 5 68 5 68 397 68 5 68 5
607 158 68 607 158 68 189 68 189 68 5 68 189 68 5 68 5 68 5 68 5 68 5 68 5 68 189 68 5 68 5 68 5 68 5 68 5 68 5 68 5 68 5 68 5 68 5 68 5 68 5 68 5 68 5 68 5 68 5 68 5 68 158 68 189 68 5 68 5 68 5 68 5 68 5 68 158 68 5 68 158 108
607 158
607 158
607 158
607 158 68 607 158 68 189 68 189 68 5 68 189 68 5 68 5 68 5 68 5 68 5 68 189 68 189 68 5 68 5
607 158 68 607 158 68 189 68 5 68 5 68 5 68 5 68 5 68 5 68 5 68 5 68 5
607 158 68 640
607 158 68 5 68 397 68 397 68 397 68 397 68 397 68 640
607 158
607 158 68 607 158 68 189 68 5 68 5 68 5 68 5 68 5 68 5 68 5
607 158
607 158 68 607 158 68 189 68 189 68 5 68 189 68 5 68 5
607 158 68 5 68 5 68 397 68 397 68 397
607 158 68 5
607 158 68 5 68 5 68 189 68 5
607 158
607 158 68 607 158 68 189 68 5 68 5 68 397 68 5 68 5 68 5 68 5
261 86
607 158 68 5 68 5 68 5 68 5 68 5 68 5 68 5 68 5 68 5
607 158 68 607 158 68 189 68 189 68 5 68 189 68 5 68 5 68 5 68 5 68 5 68 5 68 5 68 5 68 397 68 5 68 5 68 5 68 5 68 5 68 5 68 189 68 5 68 5 68 189 68 5 68 5 68 189 68 5 68 5 68 189 68 189 68 5 68 189 68 189 68 5 68 5 68 189 68 5 68 5 68 189 68 5 68 5 68 397 68 5 68 5 68 5 189 68 5
607 158 68 640
283
607 158
283
607 158 68 5 68 5 68 5 68 5 68 397 68 397 68 5
607 158 68 5 68 5 68 5
211
607 158 68 5 68 5 68 5 68 5 68 5
607 158 68 5 68 397 68 397
607 158 68 5 68 5 68 189 68 5
607 158 68 569 68 397
607 158 68 5 68 5 68 5 68 5 68 5 68 5
261 86 68 86
607 158 68 607 158 68 189 68 189 68 5 68 189 68 5
607 158 68 5 68 5 68 189 68 5
607 158 68 5 68 5 68 5 68 5
607 158 359
261 86
607 158 68 189 68 189
607 158 68 5
607 158 68 5 68 5 68 5 68 5 68 5
607 158 68 640 68 397 68 189
211 85
607 158 68 5 68 5 68 5 68 5 68 5 68 5 68 5 68 5 68 5 68 5 68 5
607 158 68 640 68 397
607 158 68 607 158 68 189 68 189 68 5 68 189 68 5 68 5 68 5 68 5 68 5 68 397 68 189 68 5 68 397 68 397 68 5 68 5
607 158 68 607 158 68 189 68 189 68 5 68 189
607 158 68 5
607 158 68 5 68 5 68 5 68 5 68 5 68 5 68 5
607 158 68 5
607 158 68 640
607 158 68 5
607 158 68 5 68 189 68 189
607 158 68 5
607 158 68 5
607 158 68 607 158 68 189 68 189 68 5 68 189 68 5 68 5 68 5 68 5 68 5 68 397 68 189 68 5 68 397 68 397 68 5 68 5
607 158 68 5 68 5 68 5 68 5
607 158 68 5
321
607 158 68 607 158 68 189 68 5 68 5
607 158 68 607 158 68 189 68 5 68 5 68 5 68 5 68 5 68 5 68 5
607 158 68 5 68 397 68 397
607 158 68 607 158 68 189 68 5 68 5 68 189 68 5
607 158 68 607 158 68 189 68 189 68 5 68 189 68 5 68 5 68 5 68 189 68 5 68 189 68 189 68 5 68 5 68 189 68 5 68 5 68 189 68 5 68 607 158 68 189 68 5 68 607 158 68 607 158 68 607 158 68 189 68 607 158 68 189 68 189 68 189 68 189 68 189 68 5 68 189 68 189 68 5 68 158 189 189 68 5 68 189 68 5 68 5 68 5 68 5 189 68
607 158 68 607 158 68 189 68 5 68 5 68 189
607 158 68 607 158 68 189 68 189 68 5 68 189 68 5 68 5 68 5 68 5 68 5 68 189 68 189 68 5 68 5 68 189 68 5 68 5 68 189 68 5 68 607 158 68 189 68 607 158 68 189 68 607 158 68 607 158 68 189 68 607 158 189 68 189 68 189 68 189 68 189 68 5 68 189 68 189 68 5 68 158 189 68 189 68 5 68 189 68 5 189 68 5 68 5 189 68 5
211
607 158 68 5 68 5 68 5 68 5
607 158 68 5
607 158 68 189 68 189 68 189
607 158 68 607 158 68 189 68 5 68 5 68 5 68 5 68 5 68 5 68 5 68 5 68 5
607 158 68 5 68 5 68 397 68 397 68 397 68 397 68 640
607 158 68 5
607 158
607 158 68 5
607 158 68 5 68 5 68 5
607 158 68 607 158 68 189 68 189 68 397 68 189
607 158 68 5
607 158 68 5 68 397 68 397
607 158 68 5 68 5 68 5
607 158
607 158 68 5 68 397 68 397 68 397
389 158
607 158 68 607 158 68 189 68 189 68 397 68 189
607 158
607 158 68 5
607 158 68 607 158 68 189 68 5 68 5
607 158
607 158 68 607 158 68 189 68 5 68 5 68 5 68 5 68 5 68 5 68 5 68 5
607 158 68 640
283
607 158 68 5 68 5 68 5 68 5 68 5
607 158
607 158 68 607 158 68 189 68 5 68 5 68 189 68 5 68 5 68 5 68 5 68 5 68 5 68 189 68 5 68 397 68 5 68 5 68 5 68 5 68 5 68 5 68 189 68 5 68 5 68 189 68 5 68 5 68 5 68 5 68 5 68 189 68 189 68 5 68 397 68 189 68 5 68 5 68 5 68 5 68 5 68 5 189 68 5 68 397 68 5 68 5 68 5 68 5 68 5
607 158 68 189 68 189
607 158 68 5
607 158 68 5
607 158 68 5 68 5 68 5 68 5 68 5 68 5 68 5 68 5
607 158 68 607 158 68 189 68 189 68 5 68 397 68 189 68 5
607 158 68 5 68 5 68 189
607 158 68 189
85
607 158 68 5 68 5 68 5 68 5
607 158 68 5 68 5 68 5 68 5 68 5 68 5 68 5
607 158 68 607 158 68 189 68 189
607 158 359
607 158 68 5 68 5 68 5
607 158
607 158 68 5 68 5 68 5 68 5 68 5 68 5 68 5 68 5 68 5
211 85
607 158 68 607 158 68 189 68 189 68 5 68 189 68 5 68 5 68 5 68 5 68 5 68 189 68 189 68 5 68 397 68 189 68 5 68 5 68 5 68 5 68 5 68 189 68 5 68 5 68 189 68 5 68 5 68 607 158 359 68 607 158 68 189 68 189 68 189 68 189 68 5 68 5 68 189 68 5 68 5 68 158 189 189 68 5 68 397 68 5 68 5 68 5 68 5 189 68
607 158 68 607 158 68 189 68 189 68 397 68 189
607 158 68 5 68 5 68 5
607 158
607 158 68 5 68 397 68 397 68 397
607 158 68 5 68 5 68 189
607 158 68 607 158 68 189 68 189 68 5 68 189 68 189 68 5
607 158 68 607 158 68 189 68 5 68 5 68 5 68 5 68 5 68 5 68 5 68 5 68 5
607 158 68 5
607 158 68 5 68 5 68 5 68 5 68 5
607 158 68 607 158 68 189 68 5 68 5 68 5 68 5 68 5 68 5 68 5 68 5 68 5
607 158 68 5 68 5 68 5 68 5 68 5 68 5 68 5
607 158 68 607 158 68 189 68 5 68 5 68 5 68 5 68 5 68 5 68 5
607 158 68 5 68 5
607 158 68 607 158 68 189 68 5 68 5 68 189 68 5 68 5 68 5 68 5 68 5
607 158 68 5 68 5 68 5 68 5 68 5
607 158 68 5 68 5 68 5 68 5 68 5 68 5 68 5
607 158 68 607 158 68 189 68 5 68 5 68 5 68 5 68 5 68 5 68 5 68 5 68 5 68 5 68 5 68 5 68 5 68 5 68 5 68 5 68 5 68 5 68 5 68 5 68 5 68 5 68 5 68 5 68 5 68 5 68 5 68 158 189 68 5 68 5 68 189 68 5 68 5 68 5 68 5 68 5 68 5 189 189 189 68 5 189 68 5 189 68 5 68 5 189 85 359
607 158 68 607 158 68 189 68 5 68 5 68 5
607 158 68 5 68 397 68 397 68 397
211
607 158 68 5 68 5 68 5 68 5
607 158 68 5 68 5 68 5 68 5 68 5 68 5 68 5 68 5 68 5 68 5 68 5
607 158 68 5
607 158 68 607 158 68 189 68 5 68 5 68 397 68 5 68 5 68 397 68 5
607 158 68 5 68 5 68 5 68 5 68 5
607 158 68 5 68 5 68 5 68 5
607 158
261 86
607 158 68 5 68 5
607 158 68 607 158 68 189 68 5 68 5 68 5 68 5 68 5 68 5
607 158 68 5
607 158 68 640 68 397
607 158 68 607 158 68 607 158 68 5 68 5 68 5 68 5 68 5 68 5 68 5 68 5 68 5 68 5 68 5 68 5 68 5 68 5 68 5 68 5 68 5 68 5 68 5 68 5 68 5 68 5 68 5 68 5 68 5 68 5 68 5 68 5 189 68 5 68 5 68 5 68 5 68 5 68 5 85 359 68 5 189 85 85 85 359
607 158 68 189 68 397 68 189
607 158 68 607 158 68 189 68 5 68 5 68 5 68 5 68 5 68 5 68 5
607 158 68 5 68 5
607 158 68 5 68 189 68 189
607 158 68 5 68 5 68 5 68 5
607 158 68 607 158 68 189 68 189 68 5 68 189 68 189 68 5 68 189 68 189 68 5 68 189
607 158 68 607 158 68 189 68 5 68 5 68 397 68 5
261
607 158 68 607 158 68 189 68 5 68 5 68 397 68 5
607 158 68 5 68 5 68 5
607 158 68 607 158 68 189 68 189 68 189 68 189
607 158 68 5 68 5 68 5 68 5
607 158 68 5 68 5 68 5 68 5 68 5
607 158 68 607 158 68 189 68 5 68 5 68 189 68 5
503
607 158 68 5 68 5 68 5 68 5 68 5 68 5
607 158 68 189 68 189
607 158 68 5 68 5 68 5
389 158
607 158 68 5 68 5 68 5
607 158
211
607 158
261 86
607 158
607 158 68 5
389 158
607 158 68 607 158 68 189 68 189 68 5 68 189 68 5 68 5
607 158 68 5 68 5 68 5 68 5 68 5 68 5 68 5 68 5 68 5 68 5 68 5
607 158
607 158 68 607 158 68 189 68 189 68 5 68 189 68 189
607 158 68 5 68 5
607 158 68 5 68 5 68 5 68 5 68 5 68 5
607 158 68 607 158 68 189 68 5 68 5 68 5 68 5 68 5 68 5 68 5 68 5 68 5 68 5 68 5 68 5 68 5 68 5 68 5 68 5 68 5 68 5 68 5 68 5 68 5 68 5 68 5 68 5 68 5 68 5 68 5 68 5 68 5 68 5 68 5 68 5 68 5 68 5 68 5 68 5 68 5 68 5 189 68 5 68 5 189 68 5 68 5 68 5 189 68 5
607 158
607 158
607 158 68 607 158 68 189 68 189
607 158 68 607 158 68 189 68 189 68 5 68 189 68 5 68 5 68 5 68 5 68 5 68 189 68 189 68 5 68 5 68 5 68 5 68 5 68 189 68 5 68 5 68 189 68 189 68 5 68 189 68 5 68 607 158 359 68 189 68 607 158 189 68 189 68 189 68 189 68 189 68 5 68 189 68 189 68 5 68 5 189 85 85 85 85 359
607 158 68 607 158 68 189 68 5 68 5 68 397 68 5 68 5
283
607 158 68 397 68 397
607 158 68 5 68 5
607 158 68 5
607 158 68 5 68 5 68 5 68 5 68 5
607 158
607 158 68 5 68 5 68 5 68 5
607 158 359
607 158 68 5 68 397 68 397 68 397 68 397
607 158
503
607 158 68 5 68 5 68 5 68 5
607 158 68 5 68 5
607 158 68 607 158 68 189 68 5 68 5 68 5 68 5 68 5 68 5 68 5 68 5 68 5 68 5 68 5 68 397 68 5 68 5 68 5 68 5 68 5 68 5 68 5 68 5 68 5 68 5 68 5 68 5 68 5 68 5 68 5 68 5 68 5 68 5 68 5 68 5 68 5 68 5 68 5 68 5 68 5 68 5 189 68 5 68 5 189 68 5 68 5 68 5 68 5 68
607 158 68 5 68 5
261
607 158 68 5 68 5 68 5
607 158 68 5 68 5 68 5 68 5 68 5
607 158 68 5 68 5 68 397 68 5
607 158 68 5 68 5 68 5 68 5 68 5
607 158 68 5 68 5 68 5
607 158 68 5 68 5 68 5 68 5 68 5
389 158
607 158 68 607 158 68 189 68 5 68 5 68 397 68 5 68 5
607 158 68 607 158 68 189 68 189 68 397 68 397 68 397
607 158 68 189 68 189
607 158 68 5 68 5 68 397 68 5
607 158 68 189 68 189
607 158
607 158 359
607 158
607 158
607 158 68 607 158 68 189 68 5 68 5 68 189 68 5 68 5 68 5 68 5 68 5 68 5 68 5 68 5 68 5 68 5 68 5 68 5 68 5 68 5 68 5 68 5 68 5 68 5 68 5 68 5 68 5 68 5 68 5 68 5 68 189 68 189 68 5 68 5 68 189 68 5 68 5 68 5 68 5 68 5 189 68 5 189 68 5 68 5 189 68 5 68 5 68 5 189 68
607 158 68 189 68 189
607 158 68 5 68 5 68 5 68 5
607 158 68 5
607 158 68 607 158 68 189 68 5 68 5 68 5 68 5 68 5 68 5
607 158 68 607 158 68 189 68 189 68 5
607 158 68 607 158 68 189 68 189 68 5 68 189 68 5 68 5 68 5 68 5
607 158 68 5 68 5 68 5 68 5 68 5 68 5 68 5 68 5 68 5
607 158 68 607 158 68 189 68 189 68 5 68 189 68 189 68 5 68 189 68 189 68 5 68 189 68 189 68 5 68 189 68 189 68 5 68 5 68 189 68 5 68 5 68 189 68 189 68 5 68 189 68 189 68 5 68 189 68 189 68 5 68 189 68 189 68 189 68 189 68 189 68 5 68 5 68 189 68 5 68 5 189 85 85 85 85 85 85 85 85 85 85 359 68 5 189 211 85
607 158 68 5 68 189
607 158 68 607 158 68 189 68 5 68 5 68 5 68 5 68 5
607 158 68 607 158 68 189 68 189 68 5 68 189 68 5
261 86
607 158 68 397 68 397
607 158 68 5 68 5 68 5 68 5 68 5 68 5
607 158 68 5 68 5 68 5
607 158 68 5
607 158 68 607 158 68 189 68 5 68 5 68 5 68 5 68 5 68 5 68 5 68 5 68 5
607 158 68 607 158 68 189 68 5 68 5 68 5 68 5 68 5 68 5 68 5
607 158 68 5 68 5 68 5 68 5
607 158 68 607 158 68 189 68 189 68 397 68 189
607 158 68 607 158 68 189 68 5 68 5 68 189 68 5 68 5 68 5
607 158 68 5 68 5 68 5 68 5
607 158 68 5 68 5
261 86
261 86
607 158 68 607 158 68 189 68 5 68 5 68 397 68 5 68 5
607 158 68 607 158 68 189 68 5 68 5 68 397 68 5
607 158 85
607 158 68 5
607 158 68 640
607 158 68 607 158 68 189 68 5 68 5 68 397 68 5
389
607 158 68 5 68 5 68 5
607 158 68 5 68 5 68 5 68 5 68 5 68 5
283
607 158 68 5 68 5
607 158 68 5 68 5 68 5 68 5 68 397 68 5
607 158 68 5 68 5 68 5 68 5
283 68 5
607 158
607 158 68 5 68 5 68 5 68 5 68 5 68 5
607 158 68 607 158 68 189 68 5 68 5 68 397 68 5
607 158 68 5 68 5
607 158
607 158 68 5
607 158 68 607 158 68 189 68 189 68 5 68 189 68 189
211
607 158 68 5 68 5 68 5 68 5 68 5
607 158 68 5 68 397 68 397
211 85
85
607 158 68 607 158 68 189 68 189 68 5 68 189
283
607 158
607 158 68 607 158 68 189 68 189 68 5 68 189 68 5 68 5 68 5 68 5 68 5
607 158 68 5 68 5 68 5 68 5 68 5
607 158 68 607 158 68 189 68 189
607 158 68 5 68 5 68 5 68 5 68 5
607 158 68 640 68 640
607 158 68 607 158 68 189 68 189 68 5 68 189 68 5 68 5 68 5 68 5 68 5 68 5
607 158 68 5 68 5 68 5 68 5 68 5 68 5 68 5
607 158 68 607 158 68 189 68 5 68 5 68 397 68 5
607 158 68 189 68 189 68 189
607 158 68 5 68 5 68 189 68 5
607 158 68 607 158 68 189 68 5 68 5 68 5 68 5 68 5 68 5 68 5 68 5 68 5 68 5 68 5 68 5
607 158 68 5 68 5 68 5 68 5 68 5 68 5 68 5
607 158 68 5 68 5 68 5 68 5
607 158 68 607 158 68 189 68 189 68 189 68 189 68 189 68 5
607 158 68 5 68 5 68 189 68 5
261 86
607 158 68 607 158 68 189 68 5 68 5 68 397 68 5
607 158 68 5
607 158 68 5 68 5 68 5 68 5 68 5 68 5 68 5 68 5 68 5 68 5 68 5 68 5
211
607 158 68 5 68 5 68 5 68 5 68 5 68 5 68 5
607 158 68 5 68 5
283
607 158 68 5 68 5 68 5 68 5 68 5 68 5 68 5 68 5 68 5
607 158 68 5 68 5 68 5 68 5
607 158 68 607 158 68 189 68 189 68 189 68 189
261 86 68 86
607 158 68 5 68 5 68 5
607 158 68 5 68 5 68 5 68 5 68 5 68 5
607 158
607 158 68 5 68 5 68 5 68 5 68 5
607 158 68 5 68 5 68 5 68 5 68 5
607 158 68 5 68 5 68 5 68 5 68 397 68 5
607 158 68 5 68 5 68 189
607 158
261 86
607 158 68 607 158 68 189 68 5 68 5 68 5 68 5
283
607 158 68 5 68 5 68 5
389 158
283
283
607 158 68 5
607 158 68 5 68 5 68 5 68 5 68 5
607 158 68 607 158 68 189 68 5 68 5 68 5 68 5 68 5 68 5 68 5 68 5 68 5
607 158
283
607 158 68 607 158 68 189 68 5 68 5 68 5 68 5 68 5 68 5 68 5 68 5 68 5
607 158 68 607 158 68 189 68 5 68 5 68 189 68 5 68 5 68 5 68 5
607 158 68 5 68 5 68 397 68 640
607 158 68 5 68 5 68 5 68 5 68 5
261 86 68 86
607 158 68 189
607 158 68 5
607 158 68 5
607 158 68 5 68 5 68 5 68 5 68 397 68 397 68 5
607 158 68 5 68 5 68 5 68 5 68 5
607 158
607 158 68 607 158 68 189 68 5 68 5 68 189 68 5 68 5 68 5 68 5 68 5 68 5 68 5 68 5 68 397 68 5 68 5 68 5 68 5 68 5 68 5 68 5 68 5 68 5 68 5 68 5 68 5 68 5 68 5 68 5 68 158 189 68 5 68 5 68 189 68 5 68 5 68 189 68 5 68 5 68 158 189 189 68 5 68 397 68 5 68 5 68 5 68 5 189 68
607 158 68 5
607 158 68 607 158 68 189 68 189 68 5 68 189 68 5 68 5 68 5 68 5 68 5 68 5 68 189 68 5 68 397 68 189 68 5 68 5 68 5 68 5 68 5 68 189 68 5 68 5 68 189 68 5 68 5 68 607 158 85 85 85 359 68 189 68 189 68 189 68 189 68 189 68 5 68 189 68 5 68 5 68 189 189 189 68 5 68 397 68 5 189 68 5 68 5 189 211 85
607 158
607 158 68 5 68 5 68 397 68 397 68 397 68 397
607 158 68 607 158 68 189 68 189
607 158 68 607 158 68 189 68 189 68 397 68 189
607 158
607 158 68 397 68 397
607 158 68 5 68 5 68 5 68 5
607 158 68 5 68 5 68 5 68 5 68 5
607 158 68 607 158 68 189 68 5 68 5 68 189 68 5 68 5 68 5 68 5 68 5
607 158 68 607 158 68 189 68 5 68 5 68 5 68 5 68 5 68 5 68 5 68 5 68 5 68 5 68 5 68 5
607 158
607 158 68 189 68 189
607 158 68 5 68 189 68 189
261 86
607 158 68 569 68 569
607 158 68 5 68 397 68 397
261 86
607 158 68 5 68 5 68 5 68 5 68 397 68 397 68 5

607 158 68 607 158 68 189 68 5 68 397 68 397 68 5
283
607 158 68 607 158 68 189 68 5 68 5 68 5 68 5 68 5 68 5 68 5 68 5 68 5
283
607 158 68 5 68 5 68 5 68 5 68 5 68 5 68 5 68 5 68 5
607 158
607 158 68 607 158 68 189 68 189 68 5 68 189 68 5 68 5 68 5 68 5 68 5 68 189
607 158 68 607 158 68 189 68 189 68 5 68 189 68 189 68 5
607 158
607 158 68 607 158 68 189 68 189 68 397 68 397 68 189
607 158 68 5 68 5 68 5 68 5 68 5
283
607 158 68 5 68 5 68 5 68 5
261 86
607 158
607 158 68 607 158 68 189 68 5 68 5 68 5 68 5 68 5 68 5 68 5
607 158 68 5 68 5 68 5 68 5 68 5
607 158 68 607 158 68 189 68 5 68 5 68 189
607 158 68 5 68 5
607 158 68 607 158 68 189 68 5 68 5 68 189 68 5 68 5 68 5 68 5 68 5 68 5 68 5 68 5 68 397 68 397 68 5 68 5 68 5 68 5 68 5 68 189 68 5 68 5 68 397 68 5 68 5 68 607 158 359 68 5 68 189 68 189 68 5 68 397 68 189 68 5 68 5 68 189 68 5 68 5 189 189 189 68 5 68 397 68 5 189 68 5 68 5 189 359 359
607 158 68 5
607 158 68 640
607 158 68 607 158 68 189 68 5 68 5 68 5 68 5 68 5 68 5 68 5 68 5 68 5 68 5 68 5 68 5 68 5 68 5 68 5 68 5 68 5 68 5 68 189 68 5 68 5 68 5 68 5 68 5 68 5 68 5 68 5 68 189 68 189 68 5 68 5 68 5 68 5 68 5 68 5 68 5 68 5 189 189 189 189 68 5 189 189 189 68 5 68 5 68 5 189 68
607 158 68 5 68 5 68 5 68 5 68 5
321
607 158 68 397 68 397
607 158 68 607 158 68 189 68 5 68 5 68 5 68 5 68 5 68 5 68 5
607 158 68 5 68 5 68 5 68 5 68 397 68 397 68 5
607 158 68 5 68 5 68 5 68 5
607 158
86
607 158 68 5 68 5 68 5 68 5 68 5 68 5 68 5
607 158
607 158 68 5 68 5 68 5 68 5 68 5 68 5 68 5 68 5
283
607 158 359
607 158
261 86
607 158 68 5
607 158
607 158 68 5 68 5 68 5 68 5 68 397 68 397 68 5
607 158 68 5 68 5 68 5 68 5 68 5 68 5 68 5 68 5
607 158 68 5 68 5
607 158
607 158 68 189 68 189 68 189
607 158 68 607 158 68 189 68 189 68 5 68 189 68 5 68 5 68 5 68 189 68 5 68 189 68 189 68 5 68 397 68 189 68 5 68 5 68 189 68 5 68 5 68 189 68 5 68 5 68 189 68 5 68 607 158 68 189 68 607 158 68 189 68 189 68 5 68 189 68 189 68 5 68 5 68 189 68 5 68 5 68 189 68 5 68 5 68 397 68 5 68 5 68 5 68 5 68
283
607 158 68 5 68 5 68 5 68 5 68 397 68 397 68 5
211
607 158 68 607 158 68 189 68 5 68 5 68 5 68 5 68 5 68 5 68 5 68 5
607 158 68 5
607 158 68 607 158 68 189 68 189 68 5 68 189 68 5 68 5 68 5 68 5 68 5 68 5 68 189 68 5 68 397 68 397 68 5 68 5 68 5 68 5 68 5 68 189 68 5 68 5 68 5 68 5 68 5 68 607 158 359 68 5 68 158 189 68 5 68 5 68 189 68 5 68 5 68 189 68 5 68 5 68 158 189 189 189 68 5 189 189 189 68 5 68 5 68 5 189 68
607 158 68 607 158 68 189 68 5 68 5 68 5 68 5 68 5 68 5 68 5 68 5 68 5 68 5 68 5 68 397 68 5 68 5 68 5 68 5 68 5 68 5 68 5 68 5 68 5 68 5 68 5 68 5 68 5 68 5 68 5 68 5 68 5 68 5 68 5 68 5 68 5 68 5 68 5 68 5 68 5 68 5 189 68 5 68 5 189 68 5 68 5 68 5 189 68 5
607 158 68 5 68 5 68 5 68 5 68 397 68 397 68 5
607 158 68 5 68 5 68 5
607 158 68 5
607 158
607 158 68 189 68 189
607 158 68 189 68 189
607 158 68 5 68 5 68 5 68 5 68 397 68 397 68 5
607 158 68 5 68 5 68 5 68 5
607 158 68 5 68 5 68 5 68 5 68 397 68 5
389
607 158 68 607 158 68 189 68 5 68 5 68 5 68 5 68 5 68 5 68 5 68 5 68 5 68 5 68 5 68 5
607 158 68 5 68 5 68 5 68 5 68 5 68 5 68 5 68 5
607 158 68 607 158 68 189 68 5 68 5 68 397 68 5 68 5 68 397 68 5
607 158 68 5 68 5 68 5
86
607 158 68 5 68 397 68 397
607 158 68 607 158 68 189 68 5 68 5 68 5 68 5 68 5 68 5 68 5 68 5 68 5 68 5 68 5 68 5
607 158 68 5 68 5 68 5 68 5
283
607 158 68 607 158 68 189 68 189 68 5 68 189 68 5 68 5 68 5 68 5 68 5
607 158
607 158 68 5
607 158 68 5 68 5 68 5 68 5 68 5
607 158 68 607 158 68 189 68 189 68 189 68 189 68 189 68 5 68 189 68 189 68 5 68 189 68 189 68 189 68 189 68 189 68 5 68 5 68 189 68 189 68 607 158 68 189 68 189 68 189 68 189 68 607 158 68 189 68 189 68 607 158 189 68 189 68 189 68 189 68 189 68 189 68 189 68 189 85 85 85 85 85 85 85 85 85 85 85 85 85 85 359 68 189 68 189 211 85
607 158
607 158 68 5 68 5 68 5 68 5 68 5
607 158 68 5 68 5 68 5 68 5
607 158 68 189 68 189
189 85
607 158 68 607 158 68 189 68 189 68 5
607 158 68 5 68 5 68 5 68 5
607 158
607 158 68 607 158 68 189 68 5 68 5 68 397 68 5 68 5 68 397 68 5
607 158 68 5 68 5
607 158 68 5 68 5 68 5 68 5
261 86
261 86
607 158 68 5 68 5 68 5 68 5 68 5
607 158 68 5 68 5 68 5
607 158 359
607 158 68 607 158 68 189 68 5 68 5 68 5 68 5 68 5 68 5 68 5 68 5
607 158 68 607 158 68 189 68 189 68 5 68 189 68 5 68 5
607 158 68 5 68 5 68 5 68 5 68 5
607 158 68 5 68 397 68 397
607 158 68 5 68 5 68 5 68 5 68 397 68 397 68 5
607 158
607 158 68 607 158 68 189 68 5 68 5 68 5 68 5 68 5 68 5 68 5 68 5 68 5
607 158
607 158
607 158 68 5 68 5 68 5 68 5 68 5
607 158 68 5 68 5 68 5 68 5
607 158 68 607 158 68 189 68 189 68 5
607 158 68 5 68 5 68 5 68 5 68 5 68 5 68 5
607 158 359
607 158 68 5 68 5 68 5 68 5 68 5 68 5 68 5 68 5 68 5
607 158 68 5 68 5 68 5 68 5 68 397 68 5
607 158 68 5 68 5
283
607 158 68 5 68 5 68 5 68 5
607 158 68 5 68 189 68 189
389
607 158 68 189 68 189
261 86
607 158 68 5 68 5 68 5 68 5 68 5
607 158 108
607 158
607 158 68 607 158 68 189 68 5 68 5 68 5 68 5 68 5 68 5 68 5 68 5 68 5
607 158 68 607 158 68 189 68 189 68 5 68 5 68 5 68 5 68 5 68 5 68 5 68 5 68 5 68 5 68 5 68 5 68 5 68 5 68 5 68 5 68 5 68 189 68 5 68 5 68 5 68 5 68 5 68 5 68 5 68 5 68 189 68 189 68 5 68 5 68 5 68 5 68 5 68 5 68 5 68 5 189 85 85 85 85 359
607 158 68 607 158 68 189 68 189 68 189
607 158
607 158 68 607 158 68 189 68 5 68 5 68 5 68 5 68 5 68 5
607 158
607 158 68 607 158 68 189 68 189 68 5 68 189 68 5 68 5 68 5 68 5 68 5 68 189
607 158 68 640 68 640
607 158 68 5 68 5 68 5 68 5 68 5
607 158 68 5 68 5 68 5 68 5 68 5 68 5 68 5 68 5 68 5
607 158 68 189 68 397
607 158 68 640 68 640
607 158
261 86
607 158 68 607 158 68 189 68 5 68 5 68 397 68 5 68 5 68 5
607 158 68 607 158 68 189 68 5 68 5 68 5 68 5 68 5 68 5 68 5
607 158 68 5 68 5 68 5 68 5 68 5
607 158 68 607 158 68 189 68 189 68 5 68 189 68 189 68 5 68 189 68 189 68 5 68 189 68 189 68 189 68 397 68 189
607 158 68 5 68 5 68 5 68 5 68 5
607 158 68 607 158 68 189 68 189 68 189 68 189 68 189 68 5
607 158 68 607 158 68 189 68 189 68 189 68 189
607 158 68 5 68 5 68 5 68 5 68 5 68 5 68 5 68 5
607 158 68 607 158 68 189 68 5 68 5 68 397 68 5
607 158 68 5 68 5 68 397 68 5
607 158 68 607 158 68 189 68 189 68 5 68 189 68 5 68 5
607 158
607 158 68 5 68 5 68 397 68 5
607 158 68 5 68 397 68 397 68 397
283
607 158 68 5 68 397 68 397 68 397 68 397 68 397
607 158
607 158 68 5 68 5 68 5 68 5 68 397 68 5
607 158 68 5 68 5 68 5 68 5 68 397 68 397 68 5
607 158 68 5 68 5
607 158 68 5 68 5 68 5 68 5 68 397 68 5
607 158 68 607 158 68 189 68 5 68 5 68 189
607 158 68 607 158 68 189 68 5 68 5 68 397 68 5 68 5
607 158 68 607 158 68 189 68 5 68 5 68 189 68 5
607 158 68 607 158 68 189 68 5 68 5 68 397 68 5
283
607 158 68 640 68 397
283
607 158
607 158 68 5 68 5 68 5 68 5 68 397 68 5
607 158 68 607 158 68 607 158 68 5 68 5 68 5 68 5 68 5 68 5 68 5
607 158 68 5 68 5 68 5 68 5 68 5
607 158 68 607 158 68 189 68 5 68 5 68 5 68 5 68 5 68 5
607 158 68 5 68 5 68 5 68 5 68 5
607 158 68 607 158 68 189 68 5 68 5 68 5 68 5 68 5 68 5 68 5 68 5 68 5 68 5 68 5 68 397 68 5 68 5 68 5 68 5 68 5 68 5 68 5 68 5 68 5 68 5 68 5 68 5 68 5 68 5 68 5 68 5 68 5 189 68 5 68 397 68 5 68 5 68 5 68 5 68 5 68 5 189 189 189 68 5 189 68 5 68 5 68 5 189 68 5 359
607 158 68 5 68 5 68 5 68 5 68 5 68 5
607 158 68 5 68 5 68 5
607 158 68 607 158 68 189 68 5 68 5 68 5 68 5
607 158 68 5 68 5 68 5 68 5
607 158 68 5 68 5
607 158 68 5 68 397 68 397 68 397 68 397
607 158 68 189
607 158 68 5 68 5 68 5 68 5 68 397 68 5
607 158 68 189 68 189 68 189
607 158 359
607 158 68 5 68 5
607 158 68 5
607 158 68 5 68 397 68 397 68 397 68 397
607 158 359
607 158 68 5
607 158
607 158 68 189 68 189
607 158 68 5 68 5 68 397 68 397 68 397 68 397 68 640
607 158 68 5 68 5 68 5 68 5 68 5
607 158 68 607 158 68 189 68 189 68 5 68 189
607 158 68 5
607 158 68 607 158 68 189 68 189 68 5 68 189
607 158 68 607 158 68 189 68 5 68 5 68 5 68 5 68 5 68 5 68 5
607 158 68 5 68 5 68 397 68 397 68 397 68 397 68 640
607 158 68 5 68 5 68 5 68 5
607 158 68 5 68 5 68 5 68 5 68 5
283
607 158 68 5 68 5 68 5 68 5 68 5 68 5
211 85
607 158
607 158 68 607 158 68 189 68 189
211
607 158 68 5 68 397 68 189
607 158
607 158 68 607 158 68 189 68 5 68 5 68 5 68 5 68 5 68 5
607 158 68 5 68 5 68 5 68 5 68 5 68 5 68 5 68 5 68 5
607 158 68 607 158 68 189 68 189 68 397 68 397 68 189
607 158 68 5
607 158 68 5 68 397 68 397
607 158 68 5 68 5 68 5 68 5 68 5
607 158 68 5 68 397 68 397
607 158 68 5 68 5 68 5 68 5 68 5 68 5
607 158 68 607 158 68 189 68 5 68 5 68 5 68 5 68 5 68 5
607 158 68 607 158 68 189 68 5 68 5 68 189 68 5 68 5 68 5 68 5 68 5
607 158 68 5 68 5 68 5 68 5
283
607 158 68 5 68 5 68 397 68 5
261 86 68 86
607 158 68 5 68 5 68 5 68 5
607 158
607 158 68 5 68 5 68 5
607 158 68 607 158 68 189 68 189 68 5 68 189
607 158 68 5 68 397 68 397 68 397 68 397
607 158 68 5 68 5 68 5 68 5 68 5 68 5 68 5 68 5
607 158 68 5 68 5 68 5 68 5 68 5
607 158 68 607 158 68 189 68 189 68 5
607 158 68 607 158 68 189 68 5 68 5
607 158 68 607 158 68 189 68 5 68 5 68 189 68 5 68 5 68 5 68 5 68 5 68 5 68 189 68 5 68 5
607 158 68 5 68 5 68 5
607 158 68 5 68 5 68 5 68 5
607 158 68 5 68 5
607 158 68 189
607 158 68 607 158 68 189 68 5 68 5 68 5 68 5 68 5
607 158 68 607 158 68 189 68 5 68 5 68 5 68 5 68 5 68 5 68 5 68 5 68 5 68 5 68 5 68 5 68 5 68 5 68 5 68 5 68 5 68 5 68 5 68 5 68 5 68 5 68 5 68 5 68 5 68 5 68 5 68 5 68 5 68 5 68 5 68 5 68 5 68 5 68 5 68 5 68 5 189 68 5 189 68 5 68 5 189 68 5 68 5 68 5 68 5
607 158 68 640
607 158 68 607 158 68 189 68 5 68 5 68 5 68 5 68 5 68 5 68 5 68 5 68 5
283
283
607 158 68 5 68 5 68 5 68 5
261 86
607 158 68 607 158 68 189 68 189 68 189 68 189
607 158 68 5 68 5 68 189
607 158 68 607 158 68 189 68 5 68 5 68 189
283
607 158 68 5 68 5 68 5 68 5 68 5 68 5 68 5
607 158 68 5 68 5 68 5
607 158 68 607 158 68 189 68 189 68 397 68 397 68 5
607 158 359
607 158
607 158 359
607 158
607 158
607 158 68 607 158 68 189 68 5 68 5 68 189 68 5 68 5 68 5 68 5 68 5 68 5 68 5 68 5 68 5 68 5 68 5 68 5 68 5 68 5 68 5 68 5 68 5 68 5 68 5 68 5 68 5 68 5 68 5 68 5 68 158 68 189 68 5 68 5 68 5 68 5 68 5 68 5 68 5 68 5 68 5 189 68 5 68 5 189 68 5 68 5 68 5 68 5 68
607 158 359
607 158 68 607 158 68 189 68 5 68 5 68 5 68 5 68 5 68 5 68 5 68 5 68 5 68 5 68 5 68 5 68 5 68 5 68 5 68 5 68 5 68 5 68 5 68 5 68 5 68 5 68 5 68 5 68 5 68 5 68 5 68 5 68 5 68 5 68 5 68 5 68 5 68 5 68 5 68 5 68 5 68 5 189 68 5 68 5 189 68 5 68 5 68 5 68 5 68
261 86 68 86
607 158
607 158 85
607 158 68 607 158 68 189 68 5 68 5 68 5 68 5 68 5 68 5
607 158 68 189 68 189 68 189 68 189 68 189
607 158
607 158 68 607 158 68 189 68 5 68 5 68 5 68 5 68 5 68 5 68 5 68 5 68 5
607 158 68 607 158 68 189 68 5 68 5 68 189
607 158 68 5 68 5 68 5 68 5 68 397 68 397 68 5
607 158 359
283
607 158 68 607 158 68 189 68 189 68 5
607 158 68 5 68 5 68 5 68 5
607 158 68 5 68 5 68 5 68 5 68 5 68 5 68 5 68 5 68 5 68 5 68 5
607 158 68 5 68 5 68 5 68 5 68 397 68 5

607 158 68 189 68 189 68 189
607 158 68 5 68 5 68 5 68 5 68 5 68 5 68 5
607 158 68 5 68 5
607 158 68 607 158 68 189 68 5 68 5 68 397 68 5
607 158 359
607 158 68 607 158 68 189 68 5 68 5 68 5 68 5
607 158 68 5 68 5 68 5 68 5 68 5
607 158 68 397 68 397
607 158 68 5
607 158 68 607 158 68 189 68 189 68 5 68 189 68 5 68 5 68 5 68 5 68 5 68 5 68 189 68 5 68 5 68 5 68 5 68 5 68 5 68 5 68 5 68 189 68 5 68 5 68 189 68 5 68 5 68 189 68 189 68 5 68 189 68 189 68 5 68 189 68 189 68 5 68 5 68 189 68 5 68 5 189 189 189 68 5 68 5 189 68 5 68 5 68 5 189 68 5
607 158 68 5 68 5 68 5 68 5
607 158 68 5 68 5 68 5 68 5 68 397 68 5
389 158
607 158 68 5 68 5 68 5 68 5 68 5
607 158
607 158 68 5 68 5 68 5 68 5 68 5
607 158 68 5 68 397 68 397 68 397
607 158 68 189 68 189 68 189
607 158 68 5 68 5 68 5 68 5
607 158 68 607 158 68 189 68 189 68 5 68 189 68 5 68 5 68 5 68 189 68 5 68 189 68 189 68 5 68 397 68 189
607 158
211
607 158
389 158
607 158
283 68 5
283
607 158
607 158 68 5 68 5 68 5 68 5
607 158 68 5 68 5 68 5 68 5 68 397 68 397 68 5
607 158 68 5 68 5
607 158
261 86 68 86
283
607 158 68 607 158 68 189 68 189 68 5 68 189 68 5 68 5 68 5
607 158 68 607 158 68 189 68 189 68 5 68 189 68 5 68 5 68 5 68 5 68 5 68 189
607 158 68 607 158 68 189 68 189 68 189 68 189
607 158 68 5 68 397 68 397 68 397 68 397
283 68 5
283
607 158
607 158 68 5 68 5
607 158
607 158 68 5 68 397 68 397 68 397 68 397 68 397 68 397
607 158 68 189 68 397 68 397
607 158
607 158 359
607 158
607 158 68 189 68 189
503
607 158 68 5 68 5 68 5 68 5
607 158 68 607 158 68 189 68 5 68 5 68 397 68 5 68 5
607 158 359
607 158 68 5 68 5
607 158 68 607 158 68 189 68 5 68 5 68 397 68 5 68 5
607 158 68 5 68 5 68 5 68 5 68 397 68 397 68 5
607 158 68 607 158 68 189 68 5 68 5 68 5 68 5 68 5 68 5 68 5
607 158 68 5 68 5 68 5 68 5 68 5 68 5 68 5 68 5
607 158 68 5 68 5 68 5 68 5 68 5 68 5 68 5 68 5
607 158 68 607 158 68 189 68 5 68 5 68 5 68 5 68 5 68 5 68 5 68 5
607 158 68 5 68 5 68 5 68 5 68 5
607 158 68 5
607 158
607 158 68 607 158 108
607 158 68 5 68 397 68 189
607 158 68 5 68 5 68 5
607 158 68 607 158 68 189 68 189 68 5 68 189 68 5 68 5 68 5 68 5 68 5 68 5 68 189 68 5 68 397 68 5 68 5 68 5 68 5 68 5 68 5 68 189 68 5 68 5 68 189 68 5 68 5 68 607 158 85 85 85 359 68 189 68 189 68 189 68 189 68 5 68 5 68 189 68 5 68 5 68 158 189 189 189 68 5 189 189 189 68 5 68 5 189 68 5 189
607 158 68 607 158 68 189 68 189 68 5 68 189 68 5 68 5 68 189 68 189 68 5 68 189 68 189 68 189 68 189 68 189 68 5 68 5 68 5 68 5 68 5 68 189 68 5 68 5 68 189 68 5 68 5 68 189 68 5 68 5 68 189 68 189 68 5 68 189 68 189 68 5 68 5 68 189 68 5 68 5 68 189 68 5 68 5 68 5 68 5 68 5 68 5 68 5 68
607 158 68 5 68 5 68 5 68 5 68 5 68 5 68 5
607 158 68 607 158 68 189 68 189 68 5 68 189 68 5 68 5 68 5 68 5 68 5 68 189
607 158 68 5 68 5 68 397 68 5
607 158
607 158 68 640
607 158 68 607 158 68 189 68 5 68 5 68 5 68 5 68 5 68 5 68 5 68 5
85
607 158 68 5
86
607 158 68 5 68 5 68 5 68 5 68 5
607 158 68 607 158 68 189 68 5 68 5 68 397 68 5
607 158 68 607 158 68 189 68 189 68 189
283
607 158 68 5 68 189
607 158 68 607 158 68 189 68 5 68 5 68 5 68 5 68 5 68 5 68 5 68 5
607 158 68 5
261
607 158 68 607 158 68 189 68 5 68 5 68 189 68 5 68 5 68 5 68 5 68 5 68 397 68 397 68 5
607 158
389
607 158 68 5 68 5 68 5 68 5
607 158 68 5 68 5 68 5 68 5 68 397 68 397 68 5 68 5
607 158 68 607 158 68 189 68 5 68 5 68 397 68 5
607 158 68 5 68 5 68 5 68 5 68 5 68 5 68 5 68 5
607 158 68 5 68 5 68 5 68 5
607 158 68 189
607 158 68 5 68 5 68 5 68 5
607 158 68 607 158 68 5 68 5 68 5 68 5 68 5 68 5 68 5 68 5 68 5 68 5 68 5 68 5 68 5
607 158 68 5
607 158 68 5 68 5 68 5 68 5 68 397 68 397 68 5
607 158
607 158 68 607 158 68 189 68 189 68 5
261 86
607 158 68 5 68 5 68 5 68 5 68 397 68 5
607 158 68 5 68 5
607 158 68 5 68 5 68 5 68 5 68 5 68 5 68 5
607 158 68 607 158 68 189 68 5 68 5 68 397 68 5
607 158 68 5 68 397 68 397
607 158 68 5 68 5
607 158 359
607 158 68 607 158 68 189 68 5 68 5 68 5 68 5 68 5 68 5 68 5
607 158 68 5 68 397 68 397 68 397
607 158
607 158
607 158 68 5 68 5 68 397 68 5
607 158 68 607 158 68 189 68 189 68 5
607 158 68 5 68 397 68 397 68 397
607 158 68 5 68 5 68 397 68 5
607 158 68 607 158 68 189 68 5 68 5 68 397 68 5
283
607 158 68 5 68 5 68 5 68 5 68 5
607 158 68 569 68 397
607 158 68 5 68 5 68 5 68 5
607 158
607 158 68 5 68 5
283
607 158 68 607 158 108 68 189 68 189
283
607 158 68 5
607 158 68 5 68 5
607 158 68 5 68 5 68 5
607 158 68 5 68 5 68 5 68 5 68 5
607 158 68 5 68 5 68 189
607 158
261 86
607 158 68 5 68 5 68 5 68 5 68 5
607 158 68 607 158 68 189 68 189 68 397 68 189
607 158 68 607 158 68 189 68 5 68 5 68 397 68 5 68 5 68 5
607 158 68 5 68 5 68 5 68 5 68 5 68 5 68 5
607 158 68 5 68 5 68 5 68 5 68 5 68 5 68 5
607 158 68 607 158 68 189 68 5 68 5 68 5 68 5 68 5 68 5 68 5 68 5 68 5
607 158 68 5 68 5 68 5 68 5 68 397 68 5
607 158 68 5 68 5 68 5
607 158 68 5 68 5 68 189
607 158 68 607 158 68 189 68 5 68 5 68 5 68 5 68 5 68 5 68 5 68 5 68 5 68 5 68 5 68 5
607 158 68 607 158 68 189 68 189 68 189 68 189 68 189 68 5
261 86
607 158 68 607 158 68 189 68 5 68 5 68 5 68 5 68 5 68 5 68 5
607 158 68 607 158 68 189 68 189 68 189 68 189 68 189 68 5
261 86 68 124
607 158 68 607 158 68 189 68 189 68 189
607 158 68 5
283
607 158 68 607 158 68 189 68 189 68 5 68 189 68 5 68 5 68 5 68 5 68 5 68 189
607 158 68 5 68 5 68 5 68 5 68 5
607 158 68 5 68 5 68 5 68 5 68 5
607 158 68 5 68 5 68 5 68 5 68 397 68 397 68 5
607 158 68 5 68 5 68 5
607 158 359
607 158 68 5 68 5 68 397 68 5
607 158 68 607 158 68 189 68 5 68 5 68 189 68 5 68 5 68 5 68 5 68 5 68 5
607 158 68 5 68 5 68 5
85
607 158 68 5 68 397 68 397 68 397
607 158 68 607 158 68 189 68 189 68 5 68 189 68 5 68 5 68 5 68 5 68 5 68 5 68 189 68 5 68 5 68 5 68 5 68 5 68 5 68 5 68 5 68 189 68 5 68 5 68 189 68 5 68 5 68 607 158 189 68 5 68 189 68 189 68 5 68 189 68 189 68 5 68 5 68 189 68 5 68 5 189 189 189 189 68 5 189 189 189 68 5 68 5 189 85 359 359
607 158 68 5 68 5 68 5 68 5 68 5 68 5 68 5
607 158 68 5 68 5 68 5 68 5 68 5
607 158 68 5 68 5
607 158 68 5 68 397 68 397
261 86 68 86
607 158 68 5
607 158 68 607 158 68 189 68 5 68 5 68 5 68 5 68 5 68 5 68 5 68 5
607 158 68 5
607 158 68 5
607 158 68 5 68 5 68 5 68 5 68 5 68 5 68 5 68 5
607 158 68 607 158 68 189 68 5 68 5 68 5 68 5 68 5 68 5 68 5
607 158 68 607 158 68 189 68 5 68 5 68 189 68 5 68 5 68 5 68 5 68 5 68 397 68 5 68 5
261 86
607 158 68 607 158 68 189 68 189 68 5 68 189 68 5 68 5 68 5
607 158 68 5 68 5 68 5 68 5
607 158 68 607 158 68 189 68 5 68 5 68 5 68 5 68 5 68 5 68 5 68 5 68 5
607 158 359
607 158 68 189 68 189
607 158 68 5 68 5 68 5 68 5 68 397 68 397 68 5
261 86
607 158 68 5 68 189 68 189
607 158 68 607 158 68 189 68 5 68 5 68 397 68 5
607 158 68 5 68 5 68 5 68 5
607 158 68 607 158 68 189 68 189 68 5 68 189
607 158 68 189 68 189 68 189
607 158 68 607 158 68 189 68 189 68 5 68 189 68 189 68 5 68 5 68 189 68 5 68 189 68 189 68 5 68 397 68 189 68 5 68 5 68 189 68 5 68 5 68 189 68 189 68 5 68 189 68 5 68 5 68 607 158 359 68 607 158 68 189 68 189 68 189 68 189 68 189 68 5 68 189 68 5 68 5 68 189 68 189 68 5 68 397 68 5 68 5 68 5 68 5 189 68
607 158 68 607 158 68 189 68 5 68 5 68 5 68 5 68 5 68 5 68 5 68 5 68 5
607 158 68 607 158 68 189 68 5 68 5 68 189 68 5 68 5 68 5 68 5 68 5 68 5
607 158 68 607 158 68 189 68 5 68 5 68 5 68 5 68 5
389 158
607 158 68 607 158 108 68 189 68 189
607 158 68 5 68 5 68 5 68 5
607 158
607 158 68 5 68 5 68 5 68 5 68 5
261 86
607 158 68 5 68 5 68 5 68 5
607 158 68 640
607 158 68 5 68 5 68 5 68 5 68 5 68 5 68 5 68 5 68 5 68 5 68 5 68 5 68 5 68 5 68 5
607 158 68 5 68 397 68 397
607 158 68 5 68 5 68 5 68 5 68 5
607 158 359
607 158 68 607 158 68 189 68 189 68 189 68 189 68 189 68 5 68 189 68 189 68 5
607 158 68 607 158 68 189 68 189 68 5 68 189 68 189 68 5 68 5 68 189 68 5 68 189 68 189 68 189 68 397 68 189 68 5 68 5 68 5 68 5 68 5 68 189 68 189 68 5 68 189 68 5 68 5 68 189 68 189 68 5 68 189 68 189 68 5 68 189 68 189 68 5 68 5 68 189 68 5 68 5 189 85 85 85 85 359
607 158
607 158 68 607 158 68 189 68 5 68 5 68 5 68 5 68 5 68 5 68 5 68 5 68 5 68 5 68 5 68 5 68 5 68 5 68 5 68 5 68 5 68 5 68 5 68 5 68 5 68 5 68 5 68 5 68 5 68 5 68 5 68 158 68 5 68 5 68 5 68 5 68 5 68 5 68 5 68 5 68 5 68 5 189 68 5 68 5 189 68 5 68 5 68 5 68 5 68
607 158 68 5 68 5 68 397 68 397 68 397
607 158 68 189 68 189
607 158 68 607 158 68 189 68 5 68 5 68 189 68 5 68 5 68 5
607 158 68 607 158 68 189 68 5 68 5 68 5 68 5 68 5 68 5 68 5
607 158 68 5
389 158
607 158 68 5 68 5 68 5
389
607 158
607 158 68 607 158 68 189 68 5 68 5 68 5 68 5 68 5 68 5 68 5 68 5 68 5 68 5 68 5 68 397 68 5 68 5 68 5 68 5
607 158 68 5 68 5 68 5 68 5
283
607 158 68 5 68 5 68 5 68 5
607 158 68 5 68 5 68 5 68 5 68 5 68 5 68 5 68 5
607 158 68 607 158 68 189 68 5 68 5 68 397 68 5 68 5
607 158 359
607 158 68 5
607 158 68 5 68 5 68 5 68 5 68 5
607 158 68 189 68 189 68 189
607 158 68 5 68 5 68 397 68 5
607 158 68 607 158 68 189 68 5 68 5 68 397 68 5 68 5 68 5
261 86
607 158 68 607 158 68 189 68 5 68 5 68 5 68 5 68 5 68 5 68 5 68 5 68 5 68 5 68 5 68 5
607 158 68 5 68 5 68 5 68 5 68 5
607 158 68 189 68 189 68 189
607 158 68 5 68 5 68 5 68 5
607 158 68 189 68 397
211
607 158 68 5 68 5 68 5 68 5 68 397 68 5
607 158 68 607 158 68 189 68 5 68 5 68 5 68 5 68 5 68 5 68 5 68 5 68 5 68 5 68 5 68 5 68 5 68 5 68 5 68 5 68 5 68 5 68 5 68 5 68 5 68 5 68 5 68 5 68 5 68 5 68 5 68 189 68 189 68 5 68 5 68 5 68 5 68 5 68 5 68 5 68 5 189 68 5 189 68 5 189 68 5 68 5 68 5 68 5 189 68
607 158 68 5
607 158 68 5
261 86 68 5
607 158 68 607 158 68 189 68 5 68 5 68 5 68 5 68 5 68 5 68 5 68 5 68 5 68 5 68 5 68 5
607 158 68 5 68 5 68 5 68 5 68 5 68 5 68 5 68 5 68 5
607 158 68 5 68 5
321
607 158 68 5
607 158 68 607 158 68 189 68 189 68 189 68 189
607 158 68 5 68 5 68 5 68 5
261 86
211
607 158 68 189 68 189
261 86 68 86
607 158 68 607 158 68 189 68 5 68 5 68 5 68 5 68 5
607 158 68 5 68 5 68 5 68 5 68 5 68 5 68 5
607 158 68 607 158 68 189 68 5 68 5 68 5
389 158
607 158 68 5 68 5 68 5 68 5 68 5 68 5 68 5
283
607 158 68 5 68 397 68 189 68 397 68 397
607 158 68 5 68 5 68 5 68 5
607 158 68 189
607 158
261 86
607 158 68 5
607 158 68 5 68 5 68 5 68 5 68 397 68 397 68 5
503
607 158 68 5 68 5 68 5 68 5 68 5
607 158
607 158 68 607 158 68 189 68 5 68 5 68 397 68 5 68 5
261 86 68 86
607 158
607 158
607 158 68 640
607 158
607 158 68 5 68 5 68 5 68 5 68 5
607 158 68 5 68 5 68 5 68 5 68 397 68 5
607 158 68 5
607 158 68 5 68 5 68 5 68 5 68 5 68 5 68 5 68 5
607 158
607 158
607 158 68 5 68 5 68 5 68 5
261 86
607 158 68 5
607 158
607 158 68 607 158 68 189 68 5 68 5 68 397 68 5
607 158 68 5 68 5 68 189 68 5
607 158
607 158
607 158 359
607 158 68 607 158 68 189 68 189 68 5 68 397 68 5 68 5
607 158 68 607 158 68 189 68 189 68 5 68 189 68 5 68 5 68 5 68 5 68 5 68 189 68 189 68 5 68 5 68 189 68 5 68 5 68 189 68 5 68 5 68 189 68 189 68 5 68 189 68 5 68 5 68 189 68 189 68 607 158 189 68 189 68 189 68 189 68 189 68 5 68 189 68 189 68 5 68 5 189 85 85 85 359
607 158 68 607 158 68 189 68 5 68 5 68 5 68 5 68 5 68 5 68 5 68 5 68 5 68 5 68 5 68 397 68 5 68 5 68 5 68 5 68 5 68 5 68 5 68 5 68 5 68 5 68 5 68 5 68 5 68 5 68 5 68 158 189 68 5 68 5 68 397 68 5 68 5 68 5 68 5 68 5 68 5 189 189 68 5 68 5 189 68 5 68 5 68 5 189 68 5
607 158 68 607 158 68 189 68 5 68 5 68 189 68 5 68 5 68 5 68 5 68 5 68 5
607 158 68 5 68 5 68 5 68 5 68 5
607 158 68 5 68 397 68 397
607 158 68 5 68 397 68 397 68 397 68 397
607 158 68 607 158 68 189 68 5 68 5 68 5 68 5 68 5 68 5 68 5 68 5 68 5
607 158 68 5 68 397 68 397
607 158
389 158
607 158 68 5 68 5 68 5 68 5 68 5 68 5
261 86
211 85
607 158 68 607 158 68 189 68 5 68 5 68 5 68 5
389 158
607 158 68 607 158 68 189 68 5 68 5 68 397 68 5
607 158 68 5 68 5 68 5 68 5 68 5
607 158 68 189 68 397 68 189
607 158 68 5 68 397 68 397 68 640
607 158 68 607 158 68 189 68 189 68 5 68 189 68 5 68 5 68 5 68 189 68 5 68 189
607 158 68 607 158 68 189 68 5 68 5 68 397 68 5 68 5
607 158 68 5 68 5 68 5 68 5
607 158 68 607 158 68 189 68 189 68 5 68 189 68 5
261 86
607 158 68 5 68 5 68 5 68 5 68 5
607 158 68 5 68 189
607 158 68 5 68 5 68 5 68 5 68 5 68 5
211
607 158 68 607 158 68 189 68 5 68 5 68 397 68 5 68 5 68 5
607 158 68 607 158 68 189 68 189 68 189 68 189 68 189
607 158 68 5
607 158 68 607 158 68 189 68 189 68 5 68 189
607 158 359
607 158 68 5
607 158 68 5 68 5 68 5 68 5 68 397 68 397 68 5
607 158
607 158 68 5 68 189 68 189
607 158 68 5 68 5 68 5 68 5 68 5 68 5
607 158 68 607 158 68 189 68 5 68 5 68 5 68 5 68 5 68 5
607 158 68 607 158 68 189 68 5 68 5 68 5 68 5 68 5 68 5 68 5 68 5 68 5 68 5 68 5 68 5 68 5 68 5 68 5 68 5 68 5 68 5 68 5 68 5 68 5 68 5 68 5 68 5 68 5 68 5 68 5 68 158 68 5 68 5 68 5 68 5 68 5 68 5 68 5 68 5 68 5 68 5 189 68 5 68 5 189 68 5 68 5 68 5 68 5 68
283
607 158
211
607 158 68 607 158 68 189 68 189 68 5 68 189 68 5 68 5 68 5 68 5 68 5 68 397 68 189 68 5 68 397 68 397 68 5 68 5 68 5 68 5 68 5 68 189 68 5 68 5 68 189 68 5 68 5 68 607 158 68 5 68 158 68 189 68 5 68 5 68 189 68 5 68 5 68 158 108 68 5 68 158 108
607 158 359
607 158 68 5 68 5 68 5 68 5
607 158 68 5 68 5 68 5 68 5 68 5
607 158 68 607 158 68 189 68 189 68 5 68 189 68 5 68 5 68 5 68 5 68 5 68 189 68 189 68 5 68 397 68 5 68 5 68 5 68 5 68 5 68 5 68 189 68 5 68 5 68 189 68 5 68 5 68 189 68 189 68 5 68 189 68 189 68 5 68 189 68 189 68 5 68 5 68 189 68 5 68 5 189 85 85 85 85 359
607 158 68 5 68 5
607 158
261 86
607 158
607 158 68 5 68 5 68 5 68 5
607 158 68 5 68 5 68 5 68 5 68 397 68 5
607 158 68 5 68 5 68 5 68 5
607 158
607 158 108
607 158 68 5
607 158 68 5 68 5 68 5 68 5 68 397 68 397 68 5
607 158 68 5 68 5 68 5 68 5 68 5 68 5 68 5 68 5 68 5 68 5
607 158 68 5 68 5 68 5 68 5 68 5
607 158 68 5 68 5 68 5
607 158 68 607 158 68 189 68 5 68 5 68 5 68 5 68 5
607 158 68 5
607 158 68 5 68 5 68 5 68 5
607 158 68 5
607 158 68 607 158 68 189 68 189 68 5 68 189 68 5 68 5 68 5 68 5
283
607 158 68 5 68 397 68 189
607 158 68 607 158 68 189 68 5 68 5 68 189
607 158 68 5 68 5 68 5 68 5 68 5 68 5
607 158 68 5 68 5 68 5 68 5 68 5
607 158
607 158 68 607 158 68 189 68 189 68 5 68 189 68 5 68 5 68 5 68 5 68 5 68 189
607 158 68 5 68 189
607 158 68 5
607 158 68 607 158 68 189 68 189 68 5 68 189
607 158
607 158 68 5 68 5 68 5 68 5 68 397 68 5
261 86
389 158
607 158 68 607 158 68 189 68 189 68 5
607 158 108
607 158
261
607 158 68 607 158 68 189 68 189 68 5 68 189 68 189 68 5 68 189 68 189 68 5 68 189 68 189 68 5 68 189 68 189 68 5 68 5 68 189 68 5 68 5 68 189 68 189 68 5 68 189 68 5 68 5 68 189 68 189 68 5 68 189 68 189 68 5 68 189 68 189 68 5 68 5 68 189 68 5 68 5 68 189 189 68 5 68 5 189 68 5 68 5 68 5 68 5 68
607 158 68 5 68 5 68 5 68 5 68 397 68 397 68 5
261 86
261
607 158 68 5 68 5 68 5 68 5 68 5
607 158 68 5 68 5 68 5
283
607 158 68 5 68 5 68 5
607 158
607 158 68 607 158 68 189 68 189 68 5 68 189 68 5 68 5 68 5 68 5 68 5
607 158 68 607 158 68 189 68 189 68 189 68 189
607 158 68 5 68 5 68 5 68 5 68 5 68 5
607 158 68 189 68 189 68 189 85
607 158 68 5 68 5 68 5 68 5 68 397 68 397 68 5
283
607 158 68 607 158 68 189 68 189 68 189 68 189 68 189 68 5 68 189 68 189 68 5 68 189 68 189 68 189 68 189 68 189 68 5 68 5 68 189 68 189 68 189 68 189 68 189 68 607 158 68 189 68 607 158 68 189 68 189 68 607 158 189 68 189 68 189 68 189 68 189 68 189 68 189 68 189 85 85 85 85 85 85 85 85 85 85 189 189 189 68 5 68 5 189 211 85 359
607 158 68 607 158 68 189 68 5 68 5 68 189 68 5 68 5 68 5 68 5 68 5 68 5 68 189 68 5 68 397 68 5 68 5 68 5 68 5 68 5 68 5 68 5 68 5 68 5 68 5 68 5 68 5 68 5 68 5 68 5 68 158 68 189 68 5 68 397 68 5 68 5 68 5 68 5 68 5 68 5 68 5 189 68 5 68 397 68 5 68 5 68 5 68 5 68 5
261 86
607 158 68 607 158 68 189 68 189 68 189 68 189
261 86
607 158 68 5 68 5 68 189 68 5
607 158 68 607 158 68 189 68 5 68 5 68 189 68 5 68 5 68 5 68 5 68 5 68 397 68 189
607 158 68 5 68 5 68 5 68 5 68 5 68 5 68 5 68 5 68 5
607 158 68 5 68 397 68 397 68 397 68 397
607 158 68 5 68 5 68 5 68 5 68 5
607 158
607 158 68 5 68 5 68 189 68 5
607 158
607 158 68 5
607 158 68 5 68 189 68 189
607 158 68 607 158 68 189 68 189 68 5
389 158
607 158 68 5 68 5 68 5 68 5 68 397 68 5
607 158 68 5 68 5 68 5
607 158 68 607 158 68 189 68 189 68 5
607 158 68 5 68 5 68 5 68 5
261
607 158
607 158 68 607 158 68 189 68 189 68 397 68 189
607 158 68 5 68 5 68 5 68 5 68 5 68 5 68 5 68 5 68 5 68 5
607 158 68 5 68 5 68 5
607 158 68 607 158 68 189 68 189 68 5
283
607 158 68 607 158 68 189 68 5 68 5
607 158 359
607 158 68 5 68 5 68 5 68 5 68 5 68 5 68 5 68 5
211
283
261
607 158 68 607 158 68 189 68 189 68 5 68 189 68 5 68 5 68 5 68 189 68 5 68 189 68 189 68 5 68 189 68 189 68 5 68 5 68 5 68 5 68 5 68 189 68 189 68 5 68 189 68 5 68 607 158 68 189 68 607 158 68 189 68 189 68 189 68 189 68 189 68 5 68 189 68 189 68 5 68 5 68 189 85 85 85 85 85 85 85 85 359 68 5 68 5 68 5
607 158 68 5 68 5
607 158 68 607 158 68 189 68 5 68 5 68 5 68 5 68 5 68 5 68 5 68 5 68 5
607 158
607 158
607 158 68 607 158 68 189 68 5 68 5 68 5 68 5 68 5 68 5
283
607 158 68 5 68 5
607 158 68 5 68 5 68 5 68 5 68 5 68 5
261 86
607 158 68 5 68 5 68 5 68 5 68 397 68 397 68 5
607 158 359
607 158
607 158 68 5 68 5 68 5 68 5
389 158
607 158 68 5 68 189 68 189 68 189
607 158 68 607 158 68 189 68 189 68 5 68 189 68 5 68 5 68 5
607 158 68 5 68 5 68 5 68 5 68 5 68 5
607 158 68 607 158 68 189 68 5 68 5 68 5 68 5 68 5
607 158
607 158 68 607 158 68 189 68 5 68 5 68 5 68 5 68 5 68 5 68 5 68 5 68 5 68 5 68 5 68 397 68 5 68 5 68 5 68 5 68 5 68 5 68 5 68 5 68 5 68 5 68 5 68 5 68 5 68 5 68 5 68 5 68 5 68 5 68 5 68 5 68 5 68 5 68 5 68 5 68 5 189 68 5 189 68 5 189 189 189 68 5 68 5 68 5 189 68
607 158 68 5
607 158 68 5 68 5 68 5 68 5 68 5
607 158 68 607 158 68 189 68 5 68 5 68 397 68 5 68 5
607 158 68 5 68 5 68 5 68 5 68 5
607 158 68 5 68 5 68 189 68 5
607 158 68 607 158 68 189 68 189 68 189 68 189
607 158 68 5
607 158 68 5 68 5 68 5 68 5 68 397 68 5
607 158
607 158 68 607 158 68 189 68 189
607 158 68 569 68 397
607 158 68 189
607 158 68 607 158 68 189 68 189 68 397 68 189
607 158
607 158 68 5 68 5 68 5 68 5 68 5
607 158
607 158 68 607 158 68 189 68 5 68 5 68 5 68 5 68 5 68 5 68 5 68 5
607 158 359
607 158 68 5 68 5 68 5 68 5
607 158 68 607 158 68 189 68 5 68 5 68 5 68 5 68 5 68 5 68 5 68 5 68 5
607 158 68 607 158 68 189 68 5 68 5 68 397 68 5 68 5 68 397 68 5
607 158 68 5 68 5 68 5 68 5
607 158 68 5 68 5 68 5 68 5 68 5
261 86
283
283
283
607 158 68 5 68 5 68 5
607 158 68 607 158 68 189 68 189 68 397 68 189
261 86
607 158 68 5 68 5 68 5 68 5
607 158 68 607 158 68 189 68 5 68 5 68 397 68 5
607 158 68 5 68 5 68 5 68 5 68 5 68 5 68 5 68 5
86
211
389
607 158 68 607 158 68 189 68 5 68 5 68 397 68 5 68 5
607 158 68 640
607 158 68 607 158 68 189 68 5 68 5 68 5 68 5 68 5 68 5 68 5 68 5 68 5
607 158 68 569 68 397
607 158 68 5 68 5 68 5 68 5 68 5 68 5 68 5
607 158 68 607 158 68 189 68 189 68 397 68 397
607 158 68 5
607 158 68 189 68 189
607 158 68 607 158 68 189 68 5 68 5 68 397 68 5 68 5 68 5 68 5 68 5
607 158 68 5 68 5 68 5 68 5
607 158 68 607 158 68 189 68 189 68 189 68 189 68 189 68 5 68 189 68 189 68 5 68 189 68 189 68 189 68 189 68 189 68 5 68 5 68 189 68 189 68 607 158 68 189 68 189 68 189 68 189 68 607 158 68 189 68 189 68 607 158 189 68 189 68 189 68 189 68 189 68 189 68 189 68 189 68 189 68 189 68 189 189 189 68 189 68 189 189 68 5 68 5 189 211 85 359
607
607 158 68 607 158 68 189 68 189 68 5 68 189 68 5 68 5 68 5 68 5 68 5 68 189 68 189 68 5 68 189 68 189 68 5 68 5 68 5 68 5 68 5 68 189 68 5 68 5 68 189 68 5 68 5 68 189 68 189 68 5 68 189 68 189 68 5 68 189 68 189 68 5 68 5 68 189 68 5 68 5 68 189 189 68 5 68 5 189 68 5 68 5 68 5 68 5 68
607 158 68 5 68 5 68 5 68 5 68 5
607 158 68 607 158 68 189 68 5 68 5 68 5 68 5 68 5 68 5 68 5 68 5
607 158 68 607 158 68 189 68 189 68 5
607 158 68 5 68 5 68 5
607 158 68 607 158 68 189 68 5 68 5
607 158 68 607 158 68 189 68 5 68 5 68 5 68 5 68 5 68 5 68 5 68 5 68 5
607 158 68 607 158 68 189 68 189
607 158 68 5 68 5 68 5 68 5
283 68 5
607 158 68 5
607 158
607 158 68 607 158 68 189 68 5 68 5 68 397 68 5 68 5
607 158 68 5
607 158 68 607 158 68 189 68 189 68 5 68 397 68 5
607 158 359
607 158 68 5 68 5
607 158 68 607 158 68 189 68 5 68 5 68 5 68 5 68 5 68 5 68 5 68 5 68 5 68 5 68 5 68 5 68 5 68 5 68 5 68 5 68 5 68 5 68 5 68 5 68 5 68 5 68 5 68 5 68 5 68 5 68 5 68 5 68 5 68 5 68 5 68 5 68 5 68 5 68 5 68 5 68 5 68 5 189 68 5 68 5 189 68 5 68 5 68 5 68 5 68
607 158 68 5
607 158
607 158 68 5 68 5 68 5
607 158
607 158 68 189 68 397 68 189
607 158 68 607 158 68 189 68 189 68 397 68 189
607 158 68 5 68 5 68 5 68 5 68 5 68 5 68 5
607 158 68 5 68 5
607 158
607 158 68 607 158 68 189 68 5 68 5 68 397 68 5 68 5
389 158
607 158 68 5 68 5
607 158 68 607 158 68 189 68 189 68 5 68 189 68 5 68 5 68 5 68 5 68 5 68 5 68 189 68 5 68 397 68 5 68 5 68 5 68 5 68 5 68 5 68 189 68 5 68 5 68 189 68 5 68 5 68 607 158 68 5 68 5 68 189 68 5 68 5 68 189 68 5 68 5 68 189 68 5 68 5 68 189 68 5 189 68 5 68 397 68 5 68 5 68 5 189 68 5
607 158
607 158 68 5 68 5 68 5 68 5 68 5
607 158 68 607 158 68 189 68 189 68 5 68 189 68 5 68 5 68 5 68 5 68 5 68 5 68 189 68 5 68 397 68 5 68 5 68 5 68 5 68 5 68 5 68 189 68 5 68 5 68 189 68 5 68 5 68 607 158 68 5 68 607 158 68 189 68 5 68 189 68 189 68 5 68 5 68 189 68 5 68 158 108
607 158
607 158 68 5 68 5
607 158 68 5 68 5 68 5 68 5
607 158 68 5 68 5 68 5
607 158
607 158 68 607 158 68 189 68 5 68 5 68 189 68 5 68 5 68 5 68 5
607 158 68 5 68 5
607 158
607 158 68 607 158 68 189 68 189 68 5 68 189 68 5 68 5 68 5 68 189 68 5 68 189 68 189 68 189 68 189 68 189 68 5 68 5 68 5 68 5 68 5 68 189 68 5 68 5 68 189 68 5 68 5 68 189 68 5 68 5 68 189 68 189 68 5 68 189 68 189 68 5 68 5 68 189 68 5 68 5 68 189 68 5 68 5 68 397 68 5 68 5 68 5 68 5 68
607 158 68 607 158 68 189 68 5 68 5 68 5 68 5 68 5 68 5 68 5 68 5 68 5 68 5 68 5 68 397 68 5 68 5 68 5 68 5 68 5 68 5 68 5 68 5 68 5 68 5 68 5 68 5 68 5 68 5 68 5 68 5 68 5 68 5 68 397 68 5 68 5 68 5 68 5 68 5 68 5 68 5 189 68 5 68 5 189 68 5 68 5 68 5 68 5 68
607 158 68 5 68 5 68 5
607 158 68 607 158 68 189 68 5 68 5 68 189 68 5
607 158 68 5
607 158 68 5 68 5 68 5 68 5 68 5 68 5 68 5
607 158 68 5
607 158 68 5 68 5 68 5 68 5
607 158 68 607 158 68 189 68 189 68 5 68 189 68 5 68 5 68 5 68 5 68 5 68 5 68 5 68 5 68 397 68 5 68 5 68 5 68 5 68 5 68 5 68 189 68 5 68 5 68 5 68 5 68 5 68 5 68 5 68 5 68 158 189 68 5 68 5 68 189 68 5 68 5 68 189 68 5 68 5 68 158 189 189 68 5 68 397 68 5 68 5 68 5 68 5 189 68
607 158 68 607 158 68 189 68 5 68 5 68 5 68 5 68 5 68 5 68 5 68 5
607 158 68 5
607 158 359
607 158 68 607 158 68 189 68 5 68 5 68 5 68 5 68 5 68 5 68 5 68 5 68 5
607 158 68 607 158 68 189 68 189 68 5 68 189 68 189 68 5 68 189 68 189 68 5 68 189 68 189 68 5 68 189 68 189 68 5 68 5 68 189 68 5 68 607 158 68 189 68 607 158 68 189 68 189 68 607 158 68 189 68 607 158 68 189 68 189 68 189 68 189 68 189 68 189 68 189 68 189 68 5 68 189 68 189 189 68 5 68 189 68 189 68 5 68 5 68 5 359 359
607 158 68 5 68 5 68 189
607 158 68 5 68 5 68 5 68 5 68 5
607 158 68 5
607 158 68 5 68 5 68 5 68 5
283
607 158 68 607 158 68 189 68 5 68 5 68 397 68 5
607 158 68 607 158 68 5 68 5 68 5 68 5 68 5 68 5 68 5 68 5 68 5 68 5
389 158
607 158 68 5 68 5 68 5
261 86
607 158 68 607 158 68 189 68 189 68 5 68 189 68 5 68 5 68 5 68 5 68 5

607 158 68 5 68 397 68 397 68 397
607 158 68 5
607 158 68 5 68 5 68 397 68 5
607 158
607 158 68 5 68 5 68 5 68 5 68 5
607 158 68 5 68 5 68 5
607 158 68 5 68 5 68 5
607 158 68 607 158 68 189 68 5 68 5 68 189
607 158 68 5 68 5 68 5
607 158 108
607 158 68 189 68 189
607 158 68 5 68 189
389 158
607 158 68 5 68 189
607 158 68 607 158 68 189 68 5 68 5 68 189 68 5 68 5 68 5 68 5 68 5 68 5 68 5 68 5 68 397 68 5 68 5 68 5 68 5 68 5 68 5 68 5 68 5 68 5 68 5 68 5 68 5 68 5 68 5 68 5 68 189 68 189 68 5 68 5 68 5 68 5 68 5 68 5 68 5 68 5 68 5 189 68 5 68 5 189 68 5 68 5 68 5 68 5 68
261 86 68 86
607 158
607 158 68 5 68 5 68 5 68 5 68 397 68 5
607 158 68 607 158 68 189 68 5 68 5 68 5 68 5 68 5 68 5 68 5
607 158 68 5 68 5
261 86
607 158 68 5 68 5 68 5 68 5 68 5
261
607 158
607 158 68 607 158 68 189 68 189 68 5 68 397 68 5 68 5
607 158
607 158
283
607 158 68 5
607 158 68 5 68 5 68 5 68 5
607 158 68 607 158 68 189 68 5 68 5 68 189 68 5 68 5 68 5 68 5 68 5 68 5
607 158 68 607 158 68 189 68 5 68 5 68 5 68 5 68 5 68 5 68 5 68 5 68 5 68 5 68 5 68 397 68 5 68 5 68 5 68 5 68 5 68 5 68 5 68 5 68 5 68 5 68 5 68 5 68 5 68 5 68 5 68 5 68 5 68 5 68 397 68 5 68 5 68 5 68 5 68 5 68 5 68 5 189 68 5 68 397 68 5 68 5 68 5 68 5 68 5
389 158
607 158 68 5 68 397 68 397 68 397
607 158 68 607 158 68 189 68 5 68 5 68 5 68 5 68 5 68 5 68 5 68 5
607 158 68 607 158 68 189 68 189 68 5 68 189 68 5 68 5 68 5 68 5 68 5 68 189
607 158 359
607 158
607 158 68 5 68 5 68 5
607 158 68 5 68 5 68 5
607 158
607 158 68 5
607 158 68 5 68 5 68 5 68 5 68 5 68 5 68 5 68 5
607 158
607 158 68 5 68 397 68 189
607 158
607 158 68 5
607 158 68 189 68 189 68 189 85
607 158 68 5 68 5 68 5
607 158 68 640
607 158 68 607 158 68 189 68 5 68 5 68 397 68 5 68 5
607 158 68 5 68 5 68 5 68 5 68 5
607 158 68 607 158 68 189 68 5 68 5 68 5 68 5 68 5 68 5
607 158 68 5 68 5 68 5 68 5 68 5
607 158 68 5
607 158 68 5 68 5 68 5 68 5 68 5
283
607 158 68 5
607 158 359
607 158 68 5 68 5 68 5 68 5 68 5
607 158 68 607 158 68 189 68 5 68 5 68 397 68 5 68 5
607 158 68 5
607 158 68 607 158 68 189 68 189 68 5 68 189 68 5 68 5
607 158 68 5
261 86
607 158 68 607 158 68 189 68 189 68 5 68 189 68 5 68 5 68 5 68 5 68 5 68 5
607 158 359
607 158 68 5
607 158 68 5 68 5 68 5
607 158 68 607 158 68 189 68 5 68 5 68 5 68 5 68 5 68 5 68 5
607 158 68 397 68 397
607 158 68 5 68 189
607 158
607 158 68 5 68 397 68 397
607 158 359
607 158 68 5 68 5 68 5 68 5 68 5 68 5 68 5 68 5 68 5
607 158 68 607 158 68 189 68 189 68 5 68 189
211
607 158 68 5 68 5 68 397 68 397 68 397 68 397 68 640
607 158 68 607 158 68 189 68 5 68 5 68 5 68 5 68 5 68 5 68 5 68 5 68 5 68 5 68 5 68 5
607 158 68 5 68 5 68 5 68 5 68 5
607 158 68 5 68 5 68 5
261 86 68 86
607 158 68 5 68 5 68 5 68 5 68 5
607 158
607 158 68 607 158 68 189 68 5 68 5 68 5 68 5 68 5 68 5 68 5 68 5 68 5 68 5 68 5 68 5 68 5 68 5 68 5 68 5 68 5 68 5 68 5 68 5 68 5 68 5 68 5 68 5 68 5 68 5 68 5 68 5 68 5 68 5 68 5 68 5 68 5 68 5 68 5 68 5 68 5 68 5 189 68 5 68 5 189 68 5 68 5 68 5 68 5 68
607 158 68 5 68 5 68 5 68 5
607 158 68 640
607 158
607 158 68 607 158 68 189 68 5 68 5 68 189 68 5 68 5 68 5 68 5 68 5 68 5 68 5 68 5 68 397 68 5 68 5 68 5 68 5 68 5 68 5 68 5 68 5 68 5 68 5 68 5 68 5 68 5 68 5 68 5 68 5 68 189 68 5 68 5 68 5 68 5 68 5 68 5 68 5 68 5 68 5 189 68 5 68 5 189 68 5 68 5 68 5 68 5 68
283
607 158 68 5 68 5 68 5 68 5 68 5
607 158 68 5 68 5 68 5 68 5 68 5 68 5
607 158 108
321
607 158 68 5 68 5 68 5 68 5 68 5
607 158 68 5 68 5 68 5 68 5 68 5 68 5 68 5 68 5
607 158
607 158 68 607 158 68 189 68 5 68 5
283
607 158 68 607 158 68 189 68 189 68 5 68 189 68 5 68 5 68 5 68 5 68 5 68 5 68 189 68 5 68 5
607 158 68 607 158 68 189 68 189 68 5 68 189 68 5
607 158 68 5 68 5 68 397 68 397 68 397 68 397
607 158 68 607 158 68 189 68 5 68 5 68 5 68 5 68 5 68 5 68 5
607 158 68 5 68 5 68 5 68 5 68 5
607 158 68 607 158 68 189 68 189 68 397 68 397 68 189
607 158 68 5 68 5 68 5
607 158 68 5 68 5 68 5 68 5 68 5 68 5 68 5 68 5 68 5
607 158 68 5 68 5 68 5 68 5 68 397 68 5
607 158 68 607 158 68 189 68 5 68 5 68 5 68 5 68 5 68 5 68 5 68 5 68 5 68 5 68 5 68 397 68 5 68 5 68 5 68 5
607 158 359
607 158 68 5 68 5 68 5 68 5 68 5 68 5
607 158 68 5 68 5 68 5 68 5 68 5 68 5 68 5 68 5 68 5
607 158
607 158 68 607 158 68 5 68 5 68 5 68 5 68 5 68 5 68 5 68 5 68 5 68 5
607 158 68 607 158 68 189 68 5 68 5 68 5 68 5
607 158 68 5 68 5 68 5 68 5 68 5 68 5 68 5 68 5 68 5 68 5 68 5
607 158 68 640
607 158 68 607 158 68 189 68 189 68 5 68 189 68 189 68 5 68 5 68 189 68 5 68 189
607 158 68 5 68 5 68 5 68 5 68 5 68 5 68 5
607 158
607 158 68 607 158 68 189 68 5 68 5 68 5
607 158 68 5 68 5 68 5 68 5 68 5 68 5 68 5
607 158 68 607 158 68 189
607 158
607 158 68 5 68 5 68 5
607 158 68 5 68 5 68 5 68 5 68 5 68 5
607 158
389
607 158 68 5 68 397 68 397
607 158 68 5
607 158 68 607 158 68 189 68 189 68 5 68 189 68 5 68 5 68 5 68 5 68 5 68 5 68 5 68 5 68 397 68 5
607 158 68 607 158 68 189 68 5 68 5 68 397 68 5 68 5 68 397 68 5 68 5
607 158 68 5 68 5 68 397 68 5
607 158 68 607 158 68 189 68 189 68 5 68 189 68 5 68 5 68 5 68 5 68 5 68 5 68 189 68 5 68 397 68 5 68 5 68 5 68 5 68 5 68 5 68 189 68 5 68 5 68 189 68 5 68 5 68 607 158 359 68 5 68 189 68 189 68 5 68 189 68 189 68 5 68 5 68 189 68 5 68 5 189 68 5 189 68 5 189 68 5 68 5 68 5 68 5 189 68
607 158 68 5 68 5
607 158 359
607 158 68 5 68 5
607 158 68 607 158 68 189 68 5 68 5 68 5 68 5 68 5
607 158 68 5
85
607 158 68 607 158 68 189 68 5 68 5 68 397 68 5
607 158 68 607 158 68 189 68 5 68 5 68 189 68 5 68 5 68 5
607 158 68 607 158 68 189 68 189 68 189 68 189 68 189
607 158 68 5 68 5 68 5 68 5 68 397 68 397 68 5
607 158 68 5 68 5 68 5 68 5 68 397 68 5
607 158 68 5 68 5 68 5 68 5 68 5 68 5 68 5 68 5
607 158
607 158 68 5 68 5 68 5 68 5 68 5 68 5 68 5 68 5 68 5
607 158 359
607 158 68 5 68 5 68 5 68 5 68 397 68 5
607 158 68 5 68 5 68 5 68 5 68 5
607 158 68 5 68 5
607 158 68 5 68 5 68 5
283
607 158 68 5 68 5 68 5 68 5 68 5
503
607 158
607 158 68 5 68 5 68 397 68 5
607 158 68 5 68 397 68 397
607 158 68 607 158 68 189 68 189 68 189 68 189 68 189 68 5 68 189 68 189 68 5 68 189 68 189 68 189 68 189 68 189 68 5 68 5 68 189 68 189 68 607 158 85 85 85 68 607 158 68 189 68 607 158 68 189 68 189 68 607 158 189 68 189 68 189 68 189 68 189 68 189 68 189 68 189 68 189 68 189 68 189 189 189 68 189 68 189 189 68 5 68 5 189 211 85 359
607 158 359
283
607 158 68 5 68 5 68 5 68 5
607 158 68 5 68 5 68 5 68 5 68 5
607 158
607 158 68 5 68 5 68 5 68 5 68 5 68 5 68 5 68 5
607 158 68 5 68 5 68 5 68 5
607 158 68 5
607 158 68 607 158 68 189 68 189 68 5 68 189 68 5 68 5 68 5 68 5 68 5
607 158
607 158 68 5 68 5 68 5 68 5
607 158 68 5 68 397 68 397 68 397
607 158 68 607 158 68 189 68 189 68 5 68 189 68 5 68 5 68 5 68 5
261 86
607 158 68 5 68 5 68 397 68 397 68 397
607 158 68 5 68 5 68 5 68 5 68 5
607 158 68 607 158 68 189 68 5 68 5 68 189 68 5 68 5 68 5 68 5 68 5 68 397 68 189
607 158 68 607 158 68 189 68 5 68 5 68 5 68 5 68 5 68 5 68 5 68 5 68 5 68 5 68 5 68 5 68 5 68 5 68 5 68 5 68 5 68 5 68 5 68 5 68 5 68 5 68 5 68 5 68 5 68 5 68 5 68 5 68 5 68 5 68 5 68 5 68 5 68 5 68 5 68 5 68 5 189 68 5 189 68 5 68 5 189 68 5 68 5 68 5 189 68
607 158 68 607 158 68 189 68 5 68 5 68 5 68 5 68 5 68 5 68 5 68 5
607 158 68 607 158 68 189 68 189 68 5 68 189 68 5 68 5 68 5 68 5
607 158 68 5 68 397 68 397 68 397
607 158 68 607 158 68 189 68 189 68 5 68 189 68 5 68 5 68 5 68 5 68 5 68 5 68 189 68 5 68 5 68 5 68 5 68 5 68 5 68 5 68 5 68 189 68 5 68 5 68 189 68 5 68 5 68 189 68 5 68 5 68 189 68 189 68 5 68 189 68 189 68 5 68 5 68 189 68 5 68 5 189 85 85 85 85 85 85 85 85 85 359 68 5 68 5 189 68
607 158
607 158 68 5
283
607 158 68 607 158 68 189 68 189 68 5 68 189 68 5 68 5 68 397 68 5
607 158
607 158 68 5 68 5 68 5
607 158 68 607 158 68 189 68 189 68 189 68 189
189 85
607 158 68 5
261 86
607 158
283
607 158 68 607 158 68 189 68 5 68 5 68 397 68 5 68 5
607 158 68 607 158 68 189 68 189 68 189
607 158 68 5
607 158
607 158 68 5 68 5 68 5
607 158 68 189 68 189 68 189
607 158 68 607 158 68 189 68 189
607 158 68 607 158 68 189 68 5 68 5 68 189 68 5 68 5 68 5 68 5 68 5 68 5 68 5 68 5 68 397 68 5 68 5 68 5 68 5 68 5 68 5 68 189 68 5 68 5 68 5 68 5 68 5 68 5 68 5 68 5 68 189 68 189 68 5 68 5 68 5 68 5 68 5 68 5 68 5 68 5 189 189 189 68 5 68 5 189 68 5 68 5 68 5 189 359 359
607 158 68 5 68 5 68 5 68 5
607 158 68 5 68 5 68 5 68 5 68 5 68 5
607 158 68 640
607 158 68 189 68 189
607 158 68 607 158 68 189 68 189 68 5 68 189 68 5 68 5 68 5 68 5 68 5 68 5
607 158 68 5 68 5 68 5 68 5
607 158
607 158 68 5 68 5 68 189
607 158 68 5 68 5 68 5
389 158
607 158 68 5
607 158 68 569 68 397
607 158 68 5 68 5 68 5
607 158 68 397 68 397
607 158 68 607 158 68 189 68 5 68 5 68 397 68 5
607 158 68 5
607 158 68 5 68 5 68 5 68 5 68 397 68 5
607 158 68 607 158 68 189 68 189
607 158 68 5 68 5 68 5 68 5
607 158 68 5 68 5 68 5 68 5 68 5
261 86 68 86
607 158 68 5 68 5
283
607 158
607 158 68 5 68 5 68 5 68 5 68 5 68 5 68 5 68 5 68 5
211
607 158 68 5
607 158 68 607 158 68 189 68 5 68 5 68 397 68 5
607 158 68 5 68 5 68 5 68 5 68 5
607 158
607 158 68 607 158 68 189 68 189 68 5 68 189 68 5 68 5 68 5 68 5 68 5 68 5 68 189 68 5 68 397 68 189 68 5 68 5 68 5 68 5 68 5 68 189 68 5 68 5 68 189 68 5 68 5 68 189 68 189 68 5 68 189 68 189 68 5 68 189 68 189 68 5 68 5 68 189 68 5 68 5 189 85 85 85 85 359
261 86
607 158
607 158 68 5 68 5 68 5 68 5 68 5 68 5
389 158
389
607 158 68 5 68 5 68 5 68 5 68 5
607 158 359
607 158 68 607 158 68 189 68 5 68 5 68 5 68 5 68 5 68 5 68 5 68 5 68 5
607 158
283
607 158 68 5
283
607 158 68 5 68 5
607 158 68 5
607 158 68 5 68 5 68 5
607 158 68 5 68 5 68 5 68 5 68 397 68 5 68 5
607 158 68 607 158 68 189 68 5 68 5 68 5 68 5 68 5 68 5 68 5
607 158
607 158 68 607 158 68 189 68 5 68 5 68 189 68 5
607 158 68 5 68 5 68 5 68 5 68 5
607 158 68 5 68 5 68 5
607 158 68 5 68 397 68 397 68 397
607 158 68 607 158 68 189 68 5 68 5 68 397 68 5
607 158
607 158 68 5 68 5 68 5
607 158 68 5 68 5 68 5 68 5 68 5
607 158 68 607 158 68 189 68 189 68 189 68 189
283
607 158 68 607 158 68 189 68 189 68 5 68 189
607 158 68 5 68 5 68 5 68 5 68 5 68 5 68 5
607 158
607 158 68 5 68 397 68 397 68 397 68 397
607 158 68 5 68 5 68 5 68 5 68 5 68 5
607 158
607 158 68 607 158 68 189 68 5 68 5 68 189 68 5 68 5 68 5
607 158 68 5 68 397 68 397
607 158 68 640
607 158 68 5 68 5 68 5 68 5 68 5
503
607 158 68 5 68 5 68 5 68 5 68 397 68 397 68 5
607 158 68 569 68 569
261 86
261 86
607 158 68 607 158 68 189 68 5 68 5 68 5 68 5 68 5 68 5 68 5
607 158 68 5 68 5 68 5 68 5
283
607 158 68 5
607 158 68 5 68 5 68 5
607 158
607 158 68 5 68 5
389 158
607 158 68 5 68 5 68 5 68 5
607 158 68 5 68 5 68 5 68 5 68 397 68 397 68 5
607 158 68 607 158 68 189 68 189 68 5 68 189 68 189 68 5
607 158 68 5 68 5 68 5
607 158 68 607 158 68 189 68 189
607 158 68 5
389 158
85
389 158
607 158 68 5 68 5 68 5 68 5
607 158 68 5 68 5
283
607 158 68 5 68 5 68 5 68 5 68 5 68 5 68 5 68 5
607 158 68 5
607 158 68 189 68 189 68 189
607 158 68 5 68 5 68 5 68 5 68 5
607 158 68 5 68 5 68 5 68 5 68 5
503
607 158 68 5 68 5 68 5
607 158 68 5 68 5 68 5 68 5 68 5 68 5 68 5
607 158
607 158 68 5 68 5 68 5 68 5 68 5
607 158 68 5 68 5 68 5 68 5
261 86
607 158 68 5 68 5 68 5 68 5 68 5
607 158
607 158 68 607 158 68 189 68 5 68 5 68 189 68 5 68 5
607 158 68 607 158 68 189 68 189
607 158 68 189 68 189 68 189
607 158
607 158 68 5 68 5 68 5 68 5 68 5 68 5
261 86
607 158 68 5 68 5 68 5 68 5 68 5 68 5
607 158 68 5 68 397 68 397 68 640
607 158 68 5 68 5 68 5 68 5 68 5
607 158
607 158 68 5 68 5 68 189 68 5
607 158
607 158 108
607 158 68 5 68 5 68 5 68 5 68 5 68 5 68 5 68 5
607 158 68 158
607 158 68 5 68 5 68 5 68 5
607 158 68 607 158 68 189 68 189
607 158 68 607 158 68 189 68 189 68 5 68 189 68 5
607 158 68 607 158 68 189 68 5 68 5 68 397 68 5 68 5
283
607 158 68 5 68 5 68 5 68 5 68 5 68 5
607 158 359
607 158 68 5
607 158 68 5 68 5 68 5 68 5 68 397 68 5
607 158 68 607 158 68 189 68 5 68 5 68 397 68 5 68 5 68 5
607 158 68 5 68 5 68 5 68 5 68 397 68 397 68 5
564
607 158 68 5 68 5 68 5 68 5
607 158 68 189 68 189
607 158 68 607 158 68 189 68 189 68 5 68 189
283
607 158 68 5 68 5 68 5 68 5 68 5 68 5 68 5 68 5
607 158 68 5
607 158 68 607 158 68 189 68 189 68 5 68 189 68 5 68 5
607 158 68 5
607 158 68 5 68 5 68 5 68 5 68 5
607 158 68 607 158 68 189 68 189 68 5 68 189 68 5 68 5 68 5 68 5
607 158 68 607 158 68 189 68 5 68 5 68 189 68 5
261 86 68 86
607 158 68 189 68 397 68 189
607 158
607 158 68 189 68 189
607 158 68 607 158 68 189 68 5 68 5 68 397 68 5 68 5
607 158 68 158
607 158 68 607 158 68 189 68 5 68 5 68 189 68 5
261
607 158 68 5 68 5 68 5 68 5 68 5
607 158 68 5 68 5 68 5 68 5 68 5 68 5 68 5 68 5 68 5
607 158 68 5 68 189
607 158 68 607 158 68 189 68 5 68 5 68 397 68 5
607 158 68 5
607 158 68 5 68 5 68 189

261
607 158 68 5
283
211
607 158 68 5 68 5 68 397 68 5
607 158 68 5 68 5 68 397 68 5
283
607 158 68 189
283
607 158 68 5 68 5 68 189 68 5
607 158 68 607 158 68 189 68 189 68 5 68 189 68 5 68 5 68 5 68 5 68 5 68 5 68 189 68 5 68 397 68 397 68 5 68 5 68 5 68 5 68 5 68 189 68 5 68 5 68 189 68 5 68 5 68 607 158 85 85 85 359 68 189 68 189 68 189 68 189 68 189 68 5 68 189 68 5 85 359 68 189 85 85 85 85 359
607 158 68 607 158 68 189 68 5 68 5 68 5 68 5 68 5 68 5 68 5
607 158 68 5 68 5 68 5 68 5 68 5 68 5 68 5
607 158
607 158 68 5 68 5 68 5 68 5 68 397 68 5
607 158 68 607 158 68 189 68 189 68 5 68 189 68 5 68 5 68 5 68 189 68 5 68 189 68 189 68 5 68 397 68 189 68 5 68 5 68 189 68 5 68 5 68 189 68 5 68 5 68 189 68 5 68 5 68 607 158 359 68 607 158 68 189 68 189 68 189 68 189 68 189 68 5 68 189 68 189 68 5 68 158 189 189 68 5 68 397 68 5 68 5 68 5 68 5 68 5
607 158 68 5 68 5 68 5 68 5 68 5
607 158
607 158 68 607 158 68 189 68 189 68 5 68 189 68 5 68 5 68 5 68 5 68 5 68 189 68 189 68 5 68 5 68 5 68 5 68 5 68 5 68 5 68 5 68 189 68 5 68 5 68 189 68 5 68 5 68 607 158 68 5 68 5 68 189 68 5 68 5 68 189 68 5 68 5 68 189 68 5 68 5 68 158 189 68 5 68 5 68 5 68 5 68 5 68 5 68 5 68
607 158
607 158 68 607 158 68 189 68 5 68 5 68 5 68 5 68 5 68 5 68 5
607 158 68 5
607 158 68 5 68 397 68 189
211 85
607 158 68 607 158 68 189 68 189 68 189 68 189 68 189 68 5
607 158 68 607 158 68 189 68 189 68 189 68 189
607 158 68 640 68 640
607 158 68 5
607 158
607 158 68 607 158 68 189 68 189 68 5 68 397 68 5
261
607 158
389 158
607 158
607 158 68 5 68 5 68 5 68 5 68 5 68 5
607 158 68 5 68 5 68 5 68 5 68 397 68 5
607 158 68 5 68 5 68 5 68 5 68 5 68 5
607 158 68 5 68 5 68 5 68 5
607 158 68 5 68 5 68 5
607 158 359
607 158 68 189
607 158 359
607 158 68 607 158 68 189 68 5 68 5
607 158 68 5 68 397 68 189
607 158 68 5 68 5 68 5
607 158 68 5 68 397 68 397 68 397
607 158 68 607 158 68 189 68 189 68 5 68 189 68 5 68 5 68 5 68 5 68 5 68 5 68 189 68 5 68 5 68 5 68 5 68 5 68 5 68 5 68 5 68 189 68 5 68 5 68 189 68 5 68 5 68 189 68 189 68 5 68 189 68 189 68 5 68 189 68 189 68 5 68 5 68 189 68 5 68 5 189 85 85 85 85 85 85 85 85 85 359 68 5 189 68 5 189
607 158 68 607 158 68 189 68 189 68 5 68 189 68 5 68 5 68 5 68 5 68 5 68 189 68 189 68 5 68 397 68 189 68 5 68 5 68 5 68 5 68 5 68 189 68 5 68 5 68 189 68 5 68 5 68 607 158 85 85 85 68 189 68 189 68 189 68 189 68 189 68 5 68 189 68 189 68 5 68 5 189 68 189 68 5 68 397 68 5 68 5 68 5 68 5 189 68
283
607 158 68 607 158 68 189 68 5 68 5 68 189
607 158
607 158 68 5 68 5 68 5
607 158 68 607 158 68 189 68 5 68 5 68 5 68 5 68 5 68 5 68 5 68 5 68 5 68 5 68 5 68 5
607 158 68 607 158 68 189 68 189 68 5 68 397 68 5 68 5 68 397 68 5
607 158 68 607 158 68 189 68 5 68 5 68 5 68 5 68 5 68 5 68 5 68 5 68 5 68 5 68 5 68 397 68 397 68 5 68 5 68 5 68 5 68 5 68 5 68 5 68 5 68 5 68 5 68 5 68 5 68 5 68 5 68 158 68 5 68 5 68 397 68 5 68 5 68 5 68 5 68 5 68 5 68 5 189 68 5 68 397 68 5 68 5 68 5 68 5 68 5
389 158
607 158 68 607 158 68 189 68 5 68 5 68 5 68 5 68 5 68 5 68 5
607 158
607 158 68 607 158 68 189 68 5 68 5 68 397 68 5 68 5
607 158 68 607 158 68 189 68 5 68 5 68 5 68 5 68 5 68 5 68 5 68 5 68 5
607 158 68 607 158 68 189 68 189 68 5 68 189 68 189
607 158
261 86 68 5
607 158 68 189 68 189
607 158 68 189
607 158 68 607 158 68 189 68 5 68 5 68 5 68 5 68 5 68 5 68 5 68 5 68 5
607 158 68 607 158 68 189 68 5 68 5 68 5 68 5 68 5 68 5 68 5
607 158 68 5 68 397 68 397 68 397 68 397 68 397
607 158 68 5 68 5 68 5 68 5 68 5
607 158 68 5 68 5 68 5 68 5
607 158 68 5 68 5 68 5 68 5
607 158 68 607 158 68 189 68 189 68 5 68 189 68 5 68 5 68 5 68 5 68 5 68 189 68 189 68 5 68 189 68 189 68 5 68 5 68 5 68 5 68 5 68 189 68 5 68 5 68 189 68 5 68 5 68 189 68 189 68 5 68 189 68 189 68 5 68 189 68 189 68 5 68 5 68 189 68 5 68 5 189 68 5 189 68 5 68 5 189 68 5 68 5 68 5 189 68
607 158 68 5 68 5
607 158 68 5 68 5 68 5 68 5 68 5 68 5 68 5 68 5
607 158 68 607 158 68 189 68 189 68 5 68 189
607 158 68 607 158 68 189 68 189 68 397 68 397 68 397 68 397 68 397
607 158 68 607 158 68 189 68 5 68 5 68 5 68 5 68 5 68 5 68 5
607 158
607 158 68 5 68 5 68 5
607 158 68 5 68 397 68 397 68 397 68 397
607 158 108
607 158 68 607 158 68 189 68 189 68 5
261 86
283
607 158 68 5 68 397 68 397
607 158 68 5
607 158 68 607 158 68 189 68 5 68 5 68 397 68 5
