607 158 68 347 339 68 211 189 68 550 339
517 68 569 108 68 64 211 108
283 68 339 68 5 68 241 68 241 68 397 68 397 68 397 68 397 68 397 68 397 68 189 68 321 240 51 86
397 68 189 68 189 68 5 189 68 517
283 68 569 68 569 68 569 68 569 68 85 359 68 85 68 569 68 569 68 569 68 569 68 569 68 569 68 569 68 569 68 569 68 569 68 569 68 569 68 569 68 569 68 569 68 569 68 569 68 569 68 569 68 211 108
261 86 68 569 68 189 68 79 158 240 68 189 68 189 68 517
261 86 68 607 158 68 64 211 108 68 569 68 569 68 189
290 85 359
240 211 68 64 211 108
19 85
85 247 85
189 68 389 339
569 68 543 211 68 85 68 189 68 85 68 85
543 68 569
347 501 68 189 68 447 158 68 64 211 108 68 189 68 189 68 189 68 189 68 189 68 170 299
283 68 347 158 299
607 158 68 64 211 108 68 189 68 397 68 397 68 397 68 397 68 397 68 397 68 170 108 68 397 68 170 108 68 397 68 397 68 189 68 170 108 68 64 211 108 68 189 68 170 108 68 64 211 108 68 397 68 397 68 397 68 240 211 108 68 64 211 108 68 240 211 108 68 240 211 108 68 64 211 108 68 68 240 211 108 68 64 211 108 68 397 68 170 108 68 240 211 108 68 240 211 108
397 189 68 85 51 86 68 543 211 543
189 149 211 85 68 43 158 68 43 158
607 158 68 197 86 68 189 68 430 149
261 86 68 5
158 85 359
189 68 569 68 93 211 68 405 85 68 405 108
651 123 68 189 68 64 211 108
261 86 68 261 86 68 158 108 68 158 108
247 85 68 189 68 81 68 189 68 430
607 158 68 253 68 189 68 85 359 389 158 108
397 68 43 158 68 43 158 68 569 68 370
447 158
155
517 359 389 158 359
405
607 158 211
370 68 397 68 5 68 189 68
170 108 68 189 68 85 359 389 85 359
43 158
527 68 5 68 81 68 189 68 189 68 189 68 189 68 189 68 189 68 189 68 189 68 158 108
170 68 447 158 108 68 640 68 241 68 430
607 158 68 607 158 68 64 211 108
283 68 5 68 370 68 81 68 430 68 640 68 640 68 430
339 68 288 68 64 211 108 68 64 211 108 68 397 68 397 68 64 211 108
170
283
64 211 108 68 170 85 68 170 85 359 68 85
54 86 68 397 68 405 108 68 405 108
607 158 68 81 68 189 68 85 359 68 189 68 85 359
189 68 550 501 68 5 68 189 68 517 68 517 68 517
189 68 517 68 640 68 517
321 321 569 68 85 359
189 85 359 389 158 149
261 86 68 5 68 64 211 108
261 86 68 189 68 517 68 607 158 68 5 189 68 550 158 108
158 222
189 68 550 501 68 5 68 64 211 108
347 158 68 253
370 68 607 158 68 607 158 68 79 158 68 607 158 68 527 359 68 189 68 189 68 527 68 527 68 189 68 189 68 79 158 189 68 189 68 189 68 527 359 68 527 359 68 68 68 527 359 68 79 158 149 68 189 68 189 68 189 68 527 149 68 527 68 527 68 550 158 108 68 189 68 550 158 108 68 189 68 527 149 68 527 149 68 527 68 64 211 189 68 189 68 189 68 189 68 527 149 68
321 189
347 158 85 149
189 68 81 68 405 108
607 158 68 64 211 108 68 43 158 68 517 68 517
64 211 108 68 170 108 68 85 68 85 359 68 85
290 85
564 68 607 158 68 81 68 569 68 85 359 211 108
231 51 86
447 85 359
569 68 85 359 68 189 68 85
607 158 68 550 158 108
64 211 108 68 339 68 640 68 640 68 640 68 640 68 640
569 68 550 501 68 189 68 550 158 108 68 550 158 108 68 550 501
54 86 68 397 68 569 68 85 359 68 517 68 517
85 261 85
569 68 550 158 108
607 68 517 68 5 68 266 158 68 253
430 359 211
527 68 5 68 607 158 68 19 85 68 569 68 569 68 85 68 85 68 85 68 85 68 85 68 170 108 68 85 68 569 68 569 68 85 68 85 68 85 68 68 68 68 170 108 68 85 68 85 68 569 68 569 68 569 68 569 68 85 68 258 108 68 19 85 68 258 108 68 85 68 85 68 550 158 108 68 19 85 68 550 158 108 68 68 68 19 85 68 569 68 85 68 85 68 19 85 68 288
569
397 68 347 501 68 431
569 68 189 68 68 43 158 68 569 68 397 68 397 68 397 68 397 68 397 68 397 68 397 68 397 68 397 68 397 68 397 68 397 68 397 68 397 68 68 68 68 68 68 68 397 68 43 158 68 397 68 397 68 397 68 397 68 397 68 68 68 68 68 68 68 397 68 397 68 397 68 189 68 397 68 397 68 397 68 397 68 68 68 68 68 43 158 108
564 68 517 68 189 68 79 158 108 68 189 68 430
283 68 189 68 158 108 68 569 68 64 211 108
5 85 359
189 85 359 389 85
517 85 359
283
5 68 370 68 81 68 607 158 68 5 189 68 241 68 241 68 5 189
189 430 199 108
189 68 339 68 339 68 5 189 68 158 108
501 85 359 68 85 517 68 517
397 68 158 108 68 158 108
211 158 211 258
607 158 68 288 68 64 211 108 68 517 68 517 68 517
158 211 211 189
517 85 359
189
283 68 189 68 5 68 370 68 397 68 569 68 569 68 640
288 68 430 551
189 158 108 68 158 189 68 517 85 359 389 158
261 86 68 5 68 288 68 569 68 288 68 569 68 331
283 68 339 68 569 68 85 359 68 189 68 64 211 108
527 68 5 68 81 68 189 68 85 68 170 108
607 158 68 550 158 149
19 68 607 158 68 431 68 569 68 517 68 517
564 68 607 158 68 550 158 68 81 68 5 189 68 569 68 550 158 108 68 189 68 85 359
517 240 389 158
189 68 158 108 68 607 158 68 607 158 108 68 5
170 359
170 85 359
321 240
5 68 370 68 43 158 68 517 68 569 68 640
283 68 189 68 189 68 68 68 68 170 299
617 68 189 68 189 68 85 68 430 68 189 68 189 68 430 68 189 68 189 68 85
276 85 68 569 68 68 68 68 517
651 123 68 517 68 517 68 189 68 517
43 158 68 43 158 68 397 68 569
405 68 569 108 68 85 550 158 108
64 211 108
158 85 359
189 68 543 211 68 189 68 569 68 85 359
517 85 430
503 189
569 68 158 108 68 517 68 517 68 43 158 68 43 158 68 43 158 68 43 158 68 517
397 68 158 108 68 607 158 68 431
290 85
85 290 85
370 68 189 68 405 68 517
564 68 607 158 68 527 68 189 68 68 68 189 68 550 158 108
517 68 517 108 68 5 189
211 211 189
283 68 347 158 299
85 321 247 68 640 68 517
283 68 569 68 569 68 569 68 85 359 68 569 68 85
189 430 149
517 194 211
189 68 158 108 68 189 68 64 211 108
283 68 158 108 68 607 158 68 85 359 68 170 149
569 68 68 527 68 5 68 85 389 158 108 68 189 68 189 68 85 359 68 85 68 85 68 189 68 189 68 189 68 5 189 68 189 68 189 68 189 68 189 68 189 68 189 68 189 68 550 158 108 68 241 68 85 550 158 108 68 569 68 569 68 81 68 189 68 189 68 5 189 68 189 68 5 189 68 550 158 108 68 68 68 68 68 68 68 68 550 158 108 68 569 68 569 68 569 68 569 68
321 299 68 241
87 68 543 68 397 68 397 68 397 68 397 68 397
86 397
569 68 85 359 68 189 68 85
189 68 158 108 68 189 68 170 108
607 155 68 607 158 68 359 68 189 68 389 158
85 347 158 359
189 68 527 68 607 158 68 569 68 517 68 517 68 517
564 68 189 68 64 211 108 68 607 158 68 607 158
397 68 430 68 430
569 68 569 68 241 68 339 68 189 68 397 68 397 68 189 68 189 68 189 68 569 68 569 68 569 68 569 68 241 68 189 68 189 68 569 68 189 68 68 68 550 158 108 68 550 158 108 68 241 68 189 68 550 158 108 68 569 68 569 68 550 158 108 68 550 158 108 68 550 158 108 68 550 158 108 68 550 158 108 68 550 158 108 68 550 158 108 68 569 68 569 68 569 68 81 68 288 68
189 68 617 68 189 68 189 68 64 211 108 68 189 68 189 68 64 211 108
347 501
527 68 607 158 68 189 68 389 85 68 189 68 189 68 64 211 108
607 158 68 607 158 68 577 68 158 108 68 158
189 68 527 68 189 68 124
607 158 68 569 68 81 68 189 68 430 68 517
517 85 359
607 158 68 607 158 68 81 68 189 68 43 158 68 189
347 501
607 158 68 81 68 5 68 569 68 430 68 430 68 430 68 430 68 569 68 569 68 430 199
261 86 68 124 68 64 211 108
5 68 288 68 81 68 158 108 68 640 68 640 68 640 68 640 68 640
607 158 68 569 68 81 68 430
231 240
430 247
85 430 247 85
43 158 189
231 240
158 108
261 86 68 288
5 68 397 68 397
149 550 339 68 189
564
607 158 68 108 68 5 68 321 85
189 68 617 68 397 68 397 68 569 68 569 68 569 68 569 68 397 68 569 68 569 68 397 68 397 68 569 68 397 68 569 68 569 68 397 68 397 68 189 68 85 359 68 397 68 397 68 397 68 397 68 569 68 569 68 569 68 397 68 85 68 85 68 85 68 397 68 397 68 397 68 397 68 397 68 189 68 189 68 189 68 189 68 189 68 189 68 569 68 569 68 569 68 569 68 189 68 189
211 85 359 68 569 108

64 211 108 68 569 68 517 68 517 68 517
569 108 68 85 258 108
54 86 68 397 68 189 68 189
258 149 211
241 68 43 158 68 607 158 68 64 211 108 68 5 189 68 241 68 5 189 68 241 68 241 68 241 68 640
283 68 640 68 64 211 108
85 359
211 501 85 155
370 68 5 68 617 68 189 68 189 68 64 211 108
564 68 607 158 68 43 158 68 81 68 5 189 68 550 158 108
607 155 68 64 211
189 68 569 68 81 68 5 189 68 70 158 108 68 5 189 68 5 189 68 189 68 189 68 189 68 569 68 569 68 569 68 189 68 189 68 321 247 68 81 68 81 68 81 68 81 68 81 68 81 68 321 240 211 108 68 321 240 211 108 68 81 68 81 68 81 68 81 68 321 240 211 108 68 81 68 81 68 81 68 81 68 81 68 81 68 81 68 5 189 68 189 68 321 240 68 189 68 81
550 339
189 68 569 68 569 68 189 68 189 68 189 68 189 68 189 68 189 68 189 68 189 68 189 68 189 68 569 68 569 68 189 68 189 68 189 68 189 68 189 68 569 68 569 68 569 68 569 68 569 68 189 68 569 68 569 68 189 68 397 68 569 68 569 68 569 68 569 68 569 68 189 68 569 68 189 68 189 68 189 68 189 68 189 68 189 68 189 68 189 68 189 68 189 68 189 68 189 68
607 158 68 607 68 189 68 85 68 85 359 68 85 359 550 158 108
189 68 5 189 68 397 68 397 68 397 68 397 68 397 68 397 68 397 68 85 359
370 68 5 68 617 68 189 68 617 68 5
189 68 240 211 68 189 68 189 68 189
189 68 550 501 68 5 68 189 68 189 68 189 68 189 68 331 149
241 85
527 68 607 158 68 550 158 68 569 68 569 68 189 68 189 68 211 108
64 211
189 266 50
607 479 68 517 85 359 68 85 359
231 240
283 68 339 68 189 68 149 68 640 68 640 68 640 68 640 68 640
211 149 550 158 108
564 68 607 158 68 108 68 397 68 64 211 108 68 397 68 64 211 108
189 68 617 68 397 68 397 68 517 68 517 68 569 68 569 68 569 68 569 68 85 359
321 543
189 85 359 68 189 68 189 68 189 68 211 189 68 189
189 68 431 68 397 68 149 68 397 68 569 68 397 68 397 68 397 68 397 68 397 68 397 68 397 68 397 68 397 68 397 68 397 68 397 68 397 68 288 68 288 68 617 68 617 68 617 149 68 288 68 288 68 288 68 397 68 397 68 288 68 288 68 288 68 288 68 397 68 397 68 288 68 397 68 397 68 397 68 397 68 397 68 288 68 288 68 397 68 397 68 397 68 397 68 288 68 288
447 158
321 51 86 68 124
569 68 569 68 158 108 68 158 108 68 158 108 68 158 108 68 550 158 108
397
43 158 68 607 158 68 19 85
290 85 359
527
189 85 359 68 430 68 501 85 359
189 68 5 189 68 405 108
197 86 68 5 189 68 189 68 68 68 189 68 430
189 68 189 68 64 211 108
170 68 405 68 405 68 397 68 569 68 503 158 108
517 68 517 68 517
405 68 64 211 108 68 5 68 189 68 5 189 68 189 68 189 68 189 68 85 68 85 68 85 68 64 211 108
170 359
397 68 158 108 68 339 68 189 68 64 211 108 68 64 211 108 68 64 211 108
231 258
261 86 68 124 68 5 68 430 68 569 68 430 68 430
339 68 339 68 550 158 108 68 569 68 617
189 68 5 68 81 68 569 68 569 68 569 68 569 68 569 68 569 68 569 68 569 68 569 68 569 68 569 68 569 68 569 68 569 68 569 68 569 68 81 68 81 68 81 68 569 68 569 68 569 68 569 68 569 68 569 68 321 240 211 108 68 81 68 569 68 569 68 569 68 569 68 569 68 569 68 569 68 321 247 68 569 68 569 68 569 68 569 68 569 68 569 68 569 68 569 68 569 68
564 68 607 158 68 593 68 5
569 108 68 158 108 68 158 108
189 68 430 253
211 85 359 68 158 118 68 189 68 170 118
339 551
64 211
211 189
339 68 550 501 68 405 68 189 68 189 68 189 68 189 68 550 158 108 68 189 68 158 108
189 68 194 543 68 569
339 68 124 68 397 68 397 68 430 68 5 189 68 430
607 158 68 5 68 81 68 240 211 240 211
64 211 108 68 5 68 85
607 158 85 68 85 170 85 68 158
503 189 68 447 158
370 68 5 68 617 68 397 68 397 68 397 68 397 68 397 68 397 68 397 68 397 68 397 68 397 68 397 68 397 68 397 68 397 68 397 68 397 68 68 68 617 68 68 397 68 397 68 397 68 397 68 397 68 397 68 397 68 397 68 617 149 68 617 149 68 68 397 68 397 68 397 68 397 68 397 68 397 68 397 68 617 68 68 68 68 68 397 68 397 68 397 68 397 68 397 68 68 68
569 68 158 108 68 189 68 85 359 211 108
607 158 68 607 158 68 447 158 68 170 85
527 68 607 158 68
431 68 431
189 68 321 189 68 64 211 108 68 640 68 640 68 640 68 640
517 359 211 85
339
64 211 108 68 158 108 68 158 108 68 158 108
321 543
339 68 124 68 321 189 68 321 189
240 211
87 68 81 68 189 68 64 211 108
189 68 321 240 68 189 68 640 68 640 68 5 189 68 189 68 189 68 189 68 189 68 189 68 189 68 189 68 241 68 189 68 189 68 189 68 189 68 189 68 189 68 447 158 108 68 241 68 447 158 108
189 85 430 85
189 240 389 299
189 68 158 189 68 158 108 68 158 108
321 86 68 5
158 211 68 189 68 189 68 550 158 240
5 68 288 68 158 108 68 158 108 68 607 158 108
261 86 68 124 68 189 68 64 211 108 68 569 68 85
405
170 68 241 68 640
607 158 68 607 158 68 607 158 68 253 68 397 68 189 68 189 68 189 68 189 68 189 68 189 68 189 68 189 68 189 68 189 68 189 68 189 68 189 68 527 68 527 68 189 68 527 359 68 85 359 68 81 68 550 501 108
405 68 189 68 189
43 158 68 64 211 149
406 158 68 607 158 68 550 158
517 68 569 68 170 68 170
607 479 68 5
370 68 569 68 85 359 68 85 359 68 85 359
189 68 124 68 405 68 405 68 405
85 359
517 68 5 68 81 68 158 108 68 5 189 68 240 211 108
189 64 211 108
288 68 5 189 68 241 68 241
564
447 158
569 85 359
189 430 199 108
87 68 288
447 85 359
85 261 85
276 85 68 5 189 68 149 211 108
370 68 607 158 68 136 158 68 288 68 569 68 569 68 569 68 569 68 569 68 85 359 68 85 359
158 211 211 189
149 550 158 108
261 86 68 607 158 68 64 211 108 68 607 158 68 607 158 68 607 158 68 607 158 68 607 158 68 607 158 68 607 158 68 607 158 68 607 158 108 68 81 68 607 158 68 81 68 607 158 68 607 158 68 607 158 68 607 158 68 81 68 261 86 68 81 68 81 68 81 68 81 68 81 68 81 68 81 68 81 68 81 68 81 68 81 68 81 68 607 158 68 607 158 68 81 68 81 68 81 68
43 158 68 593 163 68 189 68 189 68 189 68 189 68 189 68 189 68 189 68 189 68 189 68 189 68 189 68 189 68 189 68 189 68 189 68 189 68 189 68 68 68 189 68 189 68 189 68 189 68 189 68 189 68 189 68 189 68 189 68 617 149 68 68 189 68 43 158 240 389 158 149 68 189 68 189 68 189 68 68 68 68 68 68 189 68 189 68 189 68 189 68 189 68 189 68 189 68
642 211
569 68 158 108 68 5 68 189 68 517 68 43 158 68 517 68 43 158 68 517 68 517 68 43 158 68 517 68 607 158 68 43 158 68 607 158 68 569 68 569 68 550 158 68 569 68 550 501 68 617 68 617 68 550 501 68 569 68 569 68 569 68 569 68 569 68 550 501 68 569 68 550 501 68 43 158 68 569 68 569 68 569 68 569 68 569 68 517 68 517 68 569 68 569 68 569 68 569
321 569
517 211
290 211 68 517 68 430
569 68 85 359 68 189 68 241 68 5 189 68 189 68 189 68 241 68 189 68 189
189 68 81 68 430 68 517 68 517
288 68 81 68 189 68 640
607 68 5 68 266 158 68 405 68 405
231 240
397
569 68 550 501 68 43 158 68 64 211 108
231 240 68 607 158 68 64 211 108 68 5 189 68 240 211 68 189 68 189 68 158 108
85 359
607 158
569 108 68 85 359 68 85
564 68 607 158 68 81 68 189 68 430 68 397 68 397 68 85 359 68 397 68 85
564
370 68 5 68 550 158 149 68 517 68 517
189 68 617 68 5 68 397 68 397 68 397 68 397
617 68 5 68 81 68 158 108 68 5 68 550 158 108
283 68 158 108
189 68 158 108 68 339 68 430 68 517 68 517
5 108 68 85 359 68 640
642 211 68 81 68 189 68 64 211 108 68 607 158 68 5 68 189 68 64 211 108
321 258 68 397 68 241 68 241 359
43 158 108 68 550 158 149 68 149 211 149
189 68 64 211 108 68 5 189 68 85 51 86
81 68 569 108
527 68 607 158 68 397 68 85 359 68 85 359 68 85 359 68 85 359 68 85 359 68 85 359 68 85 359 68 85 359 68 85 359 68 85 359 68 85 359 68 170 108 68 85 359 68 85 359 68 85 359 68 85 359 68 85 359 68 253 68 85 359 68 85 359 68 85 359 68 85 359 68 85 359 68 85 68 85 68 85 68 85 68 85 359 68 85 359 68 85 359 68 85 321 258 108 68 85
189 68 85 389 158 108 68 189 68 64 211 108
397 68 527 68 64 211 108 68 64 211 108
64 211 108 68 170 108 68 170 85 68 170 299
339 68 550 339
231 240
266 158 118
211
642 211 68 85 359
170 85 359 68 170 359
258 68 158 258 68 189 68 85 258 108
85 359 241 359
599 68 189 68 64 211 108 68 189 68 189 68 189 68 189 68 189 68 189 68 189 68 64 211 108
527 68 569 68 81 68 189 68 85 359 68 189 68 189 68 189 68 189 68 189 68 189 68 189 68 189 68 85 359
85 550 158 240 68 64 211 108
447 85 359
5 68 617 149 68 85 68 85 68 85 68 85 68 189 68 85 68 85 68 189 68 189 68 189 68 189 68 85 68 85 68 189 68 189 68 189 68 189 68 189 68 85 68 81 68 85 68 85 68 85 68 85 68 85 68 85 68 189 68 527 149 68 527 149 68 85 68 85 68 5 189 68 617 149 68 189 68 189 68 81 68 527 149 68 85 68 85 68 189 68 189 68 189 68 189 68 189 68
406 158 68 607 158 68 550 158
290 258 68 517
517 359
241 359 241 359
189 68 68 617 68 158 108 68 430 68 640 68 64 211 108
261 86 85 68 85 261 86
405 68 430 85 359
607 158 68 253 68 189 68 85 359 389 158 108
564 68 189 68 569 68 81 68 569 68 405 85
5 68 290 85 68 85 359 68 607 158 108 68 85 389 158 108
189 68 81 68 5 68 158 108 68 517 68 517 68 517 68 517
564 68 158 108 68 43 158 68 43 158 68 43 158 108
64 211 108 68 170 149 68 170 108 68 569 68 170 108
447 189 68 189 68 447 158
564 68 85 359 68 569 68 85 359 389 158 108 68 397 68 397 68 397
607 155 68 550 158 68 405 68 158 240 211
607 158 68 607 158 68 81 68 189 68 189 68 189 68 189 68 189 68 189 68 189 68 189 68 189 68 189 68 189 68 189 68 189 68 189 68 189 68 189 68 189 68 189 68 189 68 331 149 68 189 68 189 68 189 68 189 68 43 158 108 68 331 149 68 189 68 189 68 189 68 189 68 189 68 189 68 189 68 517 68 43 158 149 68 189 68 189 68 189 68 189 68 189 68 189 68 189 68
189 68 569 68 189 68 189 68 189 68 189 68 189
189 68 5 189 68 85 359 68 85 359 68 85 359 389 85 359
43 158 68 241
527 68 607 158 68 431 68 189 68 189 68 5 189 68 189 68 189 68 189
64 211 108 68 397 68 85 359 68 189 68 19 85 68 85 68 64 211 108
430 247 359
189 258 68 339
617 149
170 68 288 68 430 149
261 86 68 86 68 569 68 85 359 68 569 68 569
617 68 517
231 51 86 68 569 68 189 68 189 68 550 158 108 68 189 68 189 68 189 68 189 68 189 68 189 68 68 68 189 68 189 68 189 68 189 68 617 149
261 86 68 517 68 607 158 68 64 211 108 68 189 68 189 68 64 211 108 68 189 68 64 211 108 68 189 68 64 211 108 68 189 68 189 68 607 158 108 68 607 158 108 68 64 211 108 68 64 211 108 68 64 211 108 68 189 68 569 68 19 85 68 64 211 108 68 569 68 569 68 569 68 64 211 108 68 81 68 81 68 81 68 81 68 64 211 108 68 189 68 64 211 108 68 81 68 81
189 68 321 240 68 64 211 108
370 68 5 68 54 86 68 640 68 640
617 68 5 68 81 68 158 108 68 5 68 550 158 108
158 85 158 85
607 158 68 527 68 5 68 158 108 68 158 108
607 158 68 81 68 397 68 397 68 397 68 397 68 397 68 189 68 253
607 158 359
617 68 5 68 189 68 189 68 430 149
64 211 108 68 397 68 64 211 108 68 64 211 108
370 68 607 158 68 81 68 5 189 68 517
607 158 68 81
261 86 68 569 68 430 68 331 149
430 359 389 158 68 189 68 189 68 189
339 68 136 479 68 569 68 569 68 569 68 85 359
607 158 68 370 68 397
189 68 81 68 189 68 64 211 240 359 68 189
124 68 517 68 517
607 158 68 607 158 68 527
85 359 389 158 118
283 68 569 68 85 359 68 85 359
5 189 68 569 108
564 68 158 108 68 569 68 85 359
447 158 68 283 68 64 211 108
564 68 607 158 68 81 68 569 68 85 359 211 108
405 85 359
288 68 170 68 189 68 189 68 189 68 158
64 211 108 68 640
607 479 68 5
258 299 211
564 68 85 359 68 569 68 85 359 389 158 108 68 397 68 397 68 397
290 85
405 68 640
339 68 64 211 108 68 189 68 189 68 550 501 68 569 68 189 68 189 68 189
189 85 359 389 158 299 68 389 158
261 86
85 359 359
189 68 5 68 550 501 68 569 68 569 68 569 68 569 68 550 501 85 359
54 86 68 339 68 189 68 158 108
231 240
527 68 5 68 527 68 189 68 85 359 68 85 359 68 85 359 68 85
231 240
189 68 321 247 68 189 68 79 158 108 68 5 189 68 241 68 241 68 158 108
607 158 68 527 68 607 158 68 85 359 68 85
607 479 68 189 68 517 68 569 68 569 68 85 359
158 85 430 247 85 68 501 85 359
158 85 158 85
564 68 607 68 189 68 569 68 85 359 68 397 68 189 68 85 359 68 189 68 85 359 68 170 85 359
5 68 288 68 617 68 189 68 189 68 68 5
607 158 68 189 68 170 299 68 158 240
405 85 359
405 194 149
347 501
406 189
321 85
651 123 68 189 68 189 68 430
283 68 527 68 607 158 68 617 149 68 517 68 517
607 158 68 607 158 68 54 86 68 397 68 397
189 68 339 68 397 68 397 68 397 68 170 299
261 86 68 189 68 189 68 397 68 397
189 68 81 68 189 68 189 68 189 68 189 68 189 68 189 68 189 68 189 68 189 68 189 68 189 68 189 68 189 68 189 68 189 68 189 68 189 68 81 68 189 68 189 68 189 68 189 68 189 68 189 68 189 68 189 68 189 68 81 68 81 68 189 68 189 68 189 68 189 68 189 68 189 68 189 68 189 68 81 68 81 68 81 68 189 68 189 68 189 68 189 68 189 68 81 68 81 68
283 68 347 158 299
564 68 85 359 68 569 68 85 359
564 68 288 68 64 211 108 68 189 68 64 211 108 68 85
189 68 68 527 68 397 68 339 68 189 68 158 108
527 68 607 158 68 189 68 68 68 68 68 189
231 240 68 569 68 85 68 517 85
290 85
85 359 430
64 211 108 68 640
64 211 108 68 64 211 108
87 68 607 158 68 283 68 569 68 550 158 108 68 189 68 170 108
290 85
607 479 68 397 68 517 68 64 211 108 68 397 68 64 211 108
211 258
607 158 68 607 158 68 617 68 569 68 189 68 189 68 189 68 189 68 189 68 189 68 189 68 189 68 517 68 189 68 189 68 189 68 189 68 189 68 189 68 189 68 68 68 68 517 68 517 68 517 68 517 68 189 68 189 68 189 68 189 68 189 68 189 68 517 68 517 68 517 68 517 68 189 68 189 68 517 68 517 68 517 68 517 68 189 68 189 68 517 68 189 68 189 68 189 68 189
321 543
241 68 569 68 158 108 68 607 158 68 607 158 68 517 68 517 68 517 68 517
283 68 430 68 189 68 517 68 189 68 517
87 68 81 68 189 68 517
5 68 288 68 81 68 430 68 517 68 517
651 123 68 85 68 64 211 108 68 189 68 189 68 189 68 64 211 108
43 158 68 593 163 68 68 68 617 149 68 397 68 85 68 85
607 158 68 189 68 189 68 85 359
189 68 64 211 68 430 149
261 86 68 569 68 158 108 68 569 68 501 85 68 501 85 359 68 501
231 51 86 68 261 86 68 517 68 607 158 68 397 68 617 149
261 86 68 5 68 85 359 68 640 68 640 68 640
86 68 569 68 405 85
231 108 68 5 68 405 108
517
607 155 149
189 240 359
430 5
607 158 68 527 68 397 68 68 189 68 569 68 189 68 68 68 68 68 189 68 189 68 189 68 189 68 68 68 68 68 68 189 68 189 68 189 68 68 68 68 68 68 68 68 68 68 68 68 68 68 68 68 68 68 189 68 189 68 189 68 68 68 68 68 68 68 68 68 189 68 189 68 68 68 68 68 189 68 189 68 68 68 68 68 68 68 68 68 189 68 189 68 189 68 189 68 189 68
599 68 5 68 331 149 68 189 68 569 68 189 68 189 68 189 68 189 68 189 68 189 68 189 68 189 68 189 68 189 68 189 68 189 68 189 68 189 68 68 68 68 68 68 189 68 68 68 68 68 189 68 189 68 189 68 189 68 550 158 108 68 68 68 550 158 108 68 189 68 550 158 108 68 189 68 189 68 550 158 108 68 550 158 149 68 189 68 189 68 189 68 189 68 189 68 189 68
569 68 550 158 108 68 517 68 517 68 517
517 85 68 261 86
19 68 331 149 68 431
85 359 241 359
517
64 211 108 68 397 68 64 211 108 68 64 211 108
517 68 5 189
261 86 68 569 68 68 68 87 258 149
43 158 68 54 86 68 189 68 189 68 241 68 189 68 189 68 189 68 189 68 189 68 189 68 189 68 189 68 189 68 189 68 189 68 189 68 189 68 68 68 68 68 68 189 68 68 68 68 189 68 189 68 189 68 189 68 189 68 43 158 108 68 43 158 240 211 240 389 158 240 389 158 240 389 158 240 389 158 240 389 158 240 68 68 68 68 189 68 189 68 189 68 189 68 189 68 43 158
607 158 68 527 359 68 211
261 86 68 124
86 211 108
607 339 68 258 108 68 85
527 68 5 68 85 359 68 189 68 85 359 68 189 68 189 68 85 68 189 68 189 68 170 85
564
397 68 85 51 86
87 68 87 258
43 158 359
5 189 68 70 158
5 68 517 68 517 68 397 68 569 68 397 68 397 68 397 68 397 68 397 68 569 68 569 68 569 68 569 68 569 68 569 68 569 68 569 68 68 68 68 68 68 68 68 68 68 68 68 68 68 397 68 68 68 569 68 397 68 68 68 288 68 288 68 68 68 68 288 68 68 68 68 68 68 321 569 68 68 68 68 288 68 68 68 68 68 68 569 68 569 68 68 68 68 68 68 68 68 288
261 158 85 258 108
405 85 359 389 158 108
197 86
607 158 68 231 240 68 550 158 108
64 211
64 211 108 68 517 68 517 68 517 68 397 68 517 68 517
261 86 68 158 108 68 5 189
290 85 359
607 158 68 197 85 68 569 68 569 68 569 68 569 68 85 359
607 155 68 189 68 43 158 149
607 158 68 370 68 397 68 241 68 640 68 640
86 359
5 68 321 189 68 64 211 108
607 158 68 288 68 81 68 189 68 517 68 517
189 68 81 68 189 68 189 68 5 189
261 86 68 5 68 189 68 189 68 189 68 189 68 189 68 81
550 339 68 189 68 81 68 189 68 189
564 68 189 68 569 68 569 68 569 68 569 108
430 149 550 430 85 68 430 108
339 68 550 158 108 68 54 86 68 397 68 397
5 68 370 68 81 68 5 68 550 158 108 68 5 189 68 550 158 108
607 158 68 81 68 569 68 85 359
517 68 517 68 517
607 158 68 189 68 189 68 517 68 517 68 517
607 158 68 288 68 81 68 5 189 68 189 68 189 68 189 68 189 68 189 68 189 68 189 68 189 68 517 68 189 68 189 68 189 68 189 68 189 68 68 68 68 68 68 189 68 68 331 68 430 68 189 68 189 68 189 68 189 68 527 359 68 527 68 68 68 258 68 258 68 258 68 258 68 189 68 189 68 189 68 527 68 189 68 569 68 569 68 189 68 189 68 189 68 189 68 189 68 527
607 158 68 607 158 68 347 501 68 569 68 569 68 517
19 68 331 149 68 431
241 359 241 359
283 68 550 501 68 397 68 64 211 108 68 64 211 108 68 189 68 64 211 108
339 68 211 543 68 569 68 85 359 389 158 108 68 640 68 640 68 64 211 108
617 68 5 68 81 68 189 68 149 211 68 149 68 430
87 68 81 68 189 68 617 68 5 189 68 397 68 397 68 397 68 397 68 397 68 397 68 397 68 569 68 189 68 397 68 397 68 189 68 189 68 81 68 81 68 81 68 81 68 81 68 81 68 397 68 321 247 85 68 321 247 108 68 81 68 81 68 81 68 81 68 81 68 81 68 81 68 81 68 81 68 81 68 81 68 81 68 81 68 81 68 81 68 81 68 81 68 81 68 81 68 81
517 85 68 85
189 68 527 68 607 158 68 607 158 68 550 501 68 397 68 397 68 397 68 397
64 211 108
339 68 85 550 501 68 607 158 68 550 430 68 397 68 550 430
189 68 370 68 397
5 68 81 68 189 68 85 359 68 85 359 68 569 68 85 359 68 85
430 85 359 211 85
283 68 405 68 607 158 68 517 85
607 158 68 607 158 68 136 479 68 5 189 68 517
189 68 430 68 189 85 359 389 158 118
339 551
405 359
607 158 68 607 158 68 85 359 68 85 359
607 158 68 607 158 68 189 68 211 108 68 517
43 158 68 43 158 68 569 68 569 68 569 68 569 68 569 68 569 68 569 68 569 68 569 68 569 68 569 68 569 68 569 68 569 68 569 68 43 158 108 68 550 158 108 68 569 68 550 501 68 569 68 569 68 569 68 569 68 19 85 68 550 501 68 569 68 569 68 569 68 569 68 550 158 108 68 569 68 550 158 108 68 43 158 68 550 158 108 68 569 68 569 68 569 68 569 68 550 158
241 359 359
569 68 550 501 68 339 68 158 108 68 158 189
288 68 339 68 550 501 68 189 68 189 68 569 68 189 68 241 68 189 68 241 68 189 68 569 68 569 68 569 68 189 68 189 68 189 68 550 501
247 85
405
240 211
170 299 68 359 389 339
564 68 607 158 68 569 68 569 68 85 359 68 85 359
370 68 5 68 617 68 397 68 397 68 397 68 397
339 68 124 68 397 68 170 108 68 569 68 85 359 68 569 68 85 359 68 85 359
527 68 569 68 81 68 405 85
405 189 68 347 501
607 158 68 64 211 108 68 189 68 64 211 108 68 5 189 68 85
564 68 517 68 607 158 68 81 68 189 68 569 68 211 543 211 68 189
527 68 5 68 370 68 397 68 550 501 68 189 68 158 149
599 108 68 240 389 158 149
527 68 607 158 68 397 68 85 359 68 85 359 68 85 359 68 85 359 68 85 359 68 85 359 68 85 359 68 85 359 68 85 359 68 85 359 68 85 359 68 170 108 68 85 359 68 85 359 68 85 359 68 85 359 68 85 359 68 253 68 85 359 68 85 359 68 85 359 68 85 359 68 85 359 68 85 68 85 68 85 68 85 68 85 359 68 85 359 68 85 359 68 85 321 258 108 68 85
517 240 321 240
397 68 569 68 569 68 569 68 569 68 569 68 569 68 569 68 550 158 108
85 359 389 158
370 68 397 68 5 68 430 68 430
607 158 68 258 68 569 68 550 158 108 68 430 68 430 68 430 68 550 158 108
607 158 68 397 68 397
564 68 158 108 68 569 68 517 68 517
87 68 550 339 68 339 68 85 359 68 85
517 194 258 68 517 149 68 517
607 155 68 81 68 397 68 569 68 397 68 397 68 397 68 397
261 86 68 527 68 607 158 68 607 158 68 569 68 85
577 68 640
85 359 211 85 359
288 68 189 68 189 68 64 211 108
189 68 527 68 397 68 370
543 550 158 149
405 240
64 211 108 68 85
607 158 68 569 68 170 108 68 189 68 517
288 68 447 189
189 68 527 68 397 68 397 68 430 68 430 68 430
5 68 617 68 158 108 68 158 108 68 5 68 640 68 5 108
527 68 5 68 85 68 85 68 517 68 517 68 517
231 51 86
85 550 158 108 68 64 211 108
43 158 68 43 158 68 81 68 189 68 569 68 189 68 189 68 170 108
527
155 543 51 85
517 68 517
189 68 81 68 189 68 189 68 189 68 189 68 189 68 189 68 189 68 189 68 189 68 189 68 189 68 189 68 189 68 189 68 189
43 158 68 405 68 569 68 19 85 68 43 158 68 43 158 68 43 158 68 43 158 68 43 158 68 43 158 68 43 158 68 43 158 68 43 158 68 550 501 68 550 501 68 550 501 68 550 501 68 19 85 68 19 85 68 43 158 68 550 501 68 550 501 68 550 501 68 43 158 68 43 158 68 43 158 68 43 158 68 405 68 405 68 405 68 550 158 68 43 158 68 43 158 68 43 158 68 43
5 68 288 68 19 85 68 158 108 68 158 108 68 189 68 189 68 189 68 189 68 68 68 68 68 189 68 158 108
261 86 68 517 149
370 68 5 68 617 68 64 211 108 68 64 211 108
5 68 288 68 81 68 569 68 569 68 211 199
240 389 479
189 68 569 68 569 108
231 240
43 158 68 54 86 68 397 68 189 68 241 68 5 189 68 189 68 189 68 189 68 241 68 241 68 241 68 189 68 189 68 189 68 189 68 189 68 189 68 68 68 68 68 68 189 68 68 68 189 68 189 68 189 68 241 68 241 68 43 158 108 68 68 68 43 158 108 68 43 158 108 68 189 68 189 68 189 68 43 158 108 68 68 68 68 68 189 68 189 68 189 68 43 158 108 68 43 158
189 68 569 68 85 258 85
5 189 68 64 211 108
211 517
347 158
607 158 68 189 149 211
607 68 607 158 68 607 158 68 87 68 607 158 68 607 158 68 607 158 68 607 158
189 194 543
321 258 108
607 155 68 64 211 108 68 5 68 569 68 19 85 68 19 85 68 19 85
189 68 158 108 68 5 189 68 430 68 189 68 430
240 550 158 68 136 479
283 68 430 68 607 158 68 607 158 68 607 158 68 607 158 68 170 108 68 170 108
607 158 68 81 68 569 68 569 68 240 211
288 68 136 479 68 517 68 517
347 158
564
189 68 550 158 108
405 68 5 68 258 68 158 108 68 430
321 247
283 68 158 108 68 158 108
261 86 68 569 68 68 569 68 569 68 640
189 68 68 189 68 189 68 189 68 569 68 211 108
189 68 158 189 68 149 68 189 68 85 389 158 108
607 158 68 527 359
447 158 85
189 68 5 189 68 405 85 68 405 85 68 85 68 85 359
189 68 569 68 81 68 189 68 85 359 68 189 68 189 68 189 68 189 68 189 68 189 68 189 68 189 68 569 68 569 68 189 68 189 68 189 68 189 68 81 68 81 68 68 68 569 68 569 68 569 68 569 68 569 68 189 68 189 68 81 68 81 68 569 68 569 68 569 68 569 68 569 68 569 68 189 68 189 68 81 68 81 68 81 68 569 68 189 68 189 68 189 68 189 68 189 68 189
593 163 68 170 108 68 569 68 170 108 68 503 189 68 397
155
607 158 211
64 211 68 397 68 397
170 108 68 405 68 405 108
607 68 607 158 68 81 68 517 68 517 68 517 68 517
339 68 64 211 108 68 189 68 189 68 550 501 85 359
87 68 593 163 68 189 68 331 68 517 68 517
607 158 68 550 501 68 189 68 607 158 68 607 158 68 607 158 68 607 158 68 607 158 68 607 158 68 607 158 68 607 158 189 68 607 158 108 68 527 68 527 68 527 359 68 607 158 68 550 501 68 607 158 68 607 158 68 607 158 68 527 68 527 68 527 68 527 68 607 158 68 527 68 527 68 607 158 68 607 158 68 607 158 68 607 158 68 607 158 68 607 158 108 68 607 158 108 68 607
517 68 5 189 68 189
447 158 68 64 211 108
321 569 68 569 68 405
569 68 64 211 108 68 189 68 64 211 108
43 155 68 517
405 149
189 68 68 93 211 68 517 68 43 158 68 43 158 68 189 68 43 158 68 189 68 85
189 68 5 68 241 68 64 211 108
321 189 68 5 68 189 68 189 68 189 68 517 68 517 68 189 68 189 68 189 68 189 68 189 68 517
85 240 430
607 158 68 607 68 189 68 170 299 68 170 299 68 189 68 397 68 170 108
5 68 288 68 241 68 241 68 640
617 68 158 108 68 189 68 85 68 430 68 5 189 68 85 359 68 85 68 85
43 158 68 288 68 517 68 517 85 359 389 158 108
607 158 68 617 68 189 68 189 68 189 68 550 501 68 569 68 189 68 189 68 189 68 397 68 569 68 569 68 68 189 68 189 68 189 68 189 68 68 68 68 68 68 68 68 68 68 68 569 68 569 68 68 189 68 189 68 189 68 617 68 617 68 68 68 68 68 569 68 569 68 189 68 189 68 189 68 68 68 617 68 68 68 68 68 68 68 189 68 68 189 68 189 68 189 68 68 68 68
607 155 68 527 68 5 68 331 149
283 68 339 68 569 68 569 68 85 359 68 189 68 189 68 85 359 68 189 68 189 68 170 85 359 68 85 359 68 189 68 189 68 189 68 170 108 68 170 108 68 170 108 68 170 85 359 68 569 68 569 68 189 68 189 68 170 108 68 170 108 68 569 68 19 85 359 68 569 68 569 68 569 68 170 108 68 170 108 68 170 108 68 170 108 68 170 108 68 170 108 68 170 108 68 170 108 68
569 108 68 64 211 108
527 68 5 68 527 68 189 68 189 68 189 68 189 68 189 68 189 68 189 68 189 68 189 68 189 68 527 68 527 68 189 68 189 68 527 68 527 68 527 68 527 68 527 68 527 68 527 68 527 68 189 68 617 149 68 189 68 527
85 430 149
189 149 550 501
517 85
43 158 68 593 163 68 189 68 79 158 149 68 189 68 189 68 189 68 189
607 158 68 189 68 43 158 68 85 359 68 189 68 189 68 189 68 85
517 68 517
283 68 5 68 331 149 68 158 108 68 5 189 68 189
170 68 543 550 339 68 189
276 85 68 5 68 158 108 68 569 68 517 68 517
517 551
283 68 288 68 397 68 19 85 68 517 359
564 68 189 68 569 68 569 68 569 68 569 68 569 68 569 68 569 68 569 68 569 68 170 108
241 68 517 68 189 68 64 211 108
158 85 359 389 158 68 189 68 389 158 299
5 68 569 68 569 108 68 569 108
339 68 288 68 430 68 5 108 68 550 158 108
607 158 68 577 68 158 108 68 158 108 68 189 68 430
347 158 68 288 68 405 68 189 68 64 211 108 68 189 68 64 211 108
276 85 68 607 158 68 81 68 5 189 68 569 68 569 68 158 108 68 158 108 68 158 108
607 158 68 81 68 158 68 43 158 68 517 68 517 85 359 68 517 68 517
607 158 68 607 158 68 261 85 68 640 68 5 189 68 85 359 550 158 108
189 85 359
564 359
283 68 5 68 331 149 68 85 68 85 68 85 359 68 85 359 68 85
347 158 240
321 569 68 64 211 108
527 68 607 158 68 81 68 607 158 68 189 68 189 68 189 68 189 68 189 68 189 68 189 68 189 68 189 68 81 68 189 68 189 68 189 68 81 68 189 68 81 68 81 68 189 68 68 81 68 81 68 189 68 189 68 189 68 189 68 527 68 81 68 81 68 68 68 189 68 189 68 189 68 81 68 81 68 81 68 527 68 527 68 81 68 81 68 189 68 189 68 189 68 189 68 189 68 81
87 68 593 163 68 64 211 108 68 64 211 108 68 397 68 241 68 397 68 397 68 241 68 241 68 241 68 607 50 68 241 68 241 68 241 68 5 189 68 5 189 68 241 68 241 68 241 68 64 550 158 108 68 241 68 241 68 241 68 607 50 68 5 68 241 68 241 68 241 68 5 68 5 68 241 68 241 68 241 68 5 68 64 550 158 108 68 241 68 241 68 241 68 241 68 241 68 64
189 68 517 85 359
189 68 405 199 68 189 68 405 108
347 501 68 189
607 158 68 564 68 607 158 68 607 158 68 87
261 86 68 517 149
189 68 527 68 5 68 158 108 68 158 108 68 189 68 189 68 189
290 85 359
397 68 170 359
430 199 211
64 211 108 68 569 68 85
397 68 189 68 81
397 68 19 68 430 68 431
189 68 194 543 68 397 68 569 68 64 211 108
607 158 68 288 68 81 68 189 68 189 68 189 68 189 68 189 68 189 68 189 68 430
189 68 617 149 68 158 108 68 158 108
617 68 5 68 517 68 64 211
5 68 64 211 108 68 189 68 189 68 189 68 189 68 189 68 189 68 189
87 85 359 68 339 68 64 211 108 68 64 211 108
564
43 158 68 54 86 68 339 68 189 68 85 68 85 68 85 68 85
283 68 64 211 108 68 189 68 517 68 517
607 68 607 158 68 550 158 68 617 68 430 68 189 68 430 68 617 149 68 189 68 189 68 189 68 189 68 430 68 189 68 189 68 189 68 617 68 617 68 617 68 617 68 617 68 430 68 430 68 617 68 189 68 550 430
64 211 108 68 5 68 569 68 85 359 68 85 359 68 85 359 68 85 359 68 85 359
607 158 359
517
261 86
64 211 68 405
397 68 607 158 68 87 85 359 68 85 359 68 85 359
607 158 68 527 68 607 158 68 607 158 68 607 158 68 607 158 68 607 158 68 189
64 211 108 68 85
569 108 68 70 158
283 68 569 68 85 359 68 85 359 68 85
607 158 68 64 211 68 189 68 189 68 189 68 189 68 189 68 189 68 189 68 189 68 189 68 189 68 189 68 189 68 189 68 189 68 189 68 64 211 108 68 64 211 189 68 64 211 240 51 86 68 189 68 189 68 189 68 189 68 64 211 108 68 64 211 108 68 64 211 108 68 64 211 108 68 189 68 64 211 108 68 64 211 108 68 64 211 108 68 189 68 189 68 189 68 189 68 189 68
86
189 266 158 68 189 68 189 68 189
85 261 85
479 551
321 136 479
211 501 85 155
564
339 68 550 501 68 397 68 397 68 397 68 397 68 397 68 5 189 68 397 68 569 68 569 68 569 68 569 68 569 68 397 68 397
86 211 68 607 158 68 158 108
569 68 158 108 68 189 68 68 517 85 359 68 5 189 68 5 189 68 85 359
501 85 81
189 149
211 211 68 517 68 517
617 68 617 149 68 617 149
405 189 108
189 68 189 68 64 211 108
85 359 389 85 359
607 158 68 617 68 607 158 68 607 158 68 607 158 68 617 108
261 86 68 527 68 5 68 189 68 189 68 189 68 189 68 617
64 211 108 68 189 68 189 68 85 359 68 85 359
339 68 288 68 5 108 68 430 68 430
189 211 108
607 158 68 607 158 68 64 211 108 68 517
517 68 5 68 189 68 517 68 517
607 158 68 81 68 158 68 569 68 85 68 189 68 64 211 108
564
283 68 64 211 108 68 397 68 85 359 68 397 68 397 68 397 68 397 68 189 68 85
569 68 70 158 108 68 85 359
339
607 158 68 258 68 321 189
569 68 158 108 68 189 68 517 85 389 158 108
617 68 5 68 189 68 189 68 85 68 158 108 68 5 189 68 64 211 108
64 211 108 68 569 68 85
64 211 108 68 569 68 85
290 85 359
87 189 68 607 158 68 170 108 68 569 68 503 158
339 68 288 68 5 108 68 430 68 430
283
158 85 5 85
599 68 5 68 569 68 569 68 569 68 569 68 569 68 569 68 569 68 569 68 569
87 68 85 359 68 339 68 189 68 550 501 68 189 68 189 68 550 158 108 68 339
564 68 189 68 189 68 85 359 389 158 108
189 68 283 68 569 68 79 158 240 211
569 68 550 501 68 43 158 68 64 211 108
288 68 569 68 258 149
5 68 288 68 81 68 158 108 68 569 68 85 359 68 189 68 85 359
321 240 68 569 68 569 68 64 211 108 68 189 68 189 68 85 68 189 68 189 68 85 68 85
170 551
607 155 68 189 68 68 68 43 158 68 43 158 68 85
321 247 68 405 68 85 68 501
5 68 331 149 68 81 68 189 68 158 108
189 68 158 108 68 5 189 68 189 68 189 68 189
564 68 261 86 68 607 158 68 607 158 68 64 211 108
607 158 68 240 68 241 68 569 68 64 211
5 68 397 68 397
283 68 189 68 617 149 68 189 68 189 68 389 158 149
283 68 189 68 5 68 569 68 85 359 68 85 359 389 158 108 68 85
569 68 189 68 81 68 189 68 189 68 189 68 189
189 68 158 189 68 339 68 517 68 569 68 211 108 68 569 68 550 158 108
517 68 517 68 569 68 158 108 68 158 108
231 51 86 68 607 158 68 569 68 85 68 241 68 241 68 241 68 397 68 241 68 241 68 241 68 241 68 241 68 189 68 241 68 241 68 397 68 241 68 241 68 569 68 241 68 241 68 241 68 397 68 241 68 241 68 241 68 241 68 241 68 607 158 108 68 241 68 607 158 108 68 607 158 108 68 321 240 68 617 68 617 68 617 68 241 68 241 68 241 68 241 68 241 68 241 68 241 68
283 68 347 158 299
405 108 68 64 211 108
517 211
527 68 569 68 158 108 68 189 68 189 68 189 68 189 68 189 68 189 68 189 68 189 68 189 68 158 108
189 258
283
607 158 68 527 68 189 68 81 68 569 68 211 108
339 68 54 86 68 189 68 189 68 241 68 189 68 189 68 189 68 189 68 189
64 211 68 640
607 158 211 290
607 158 68 81 68 189 68 569 68 85 359
283 68 517 68 517
189 68 240 299 68 189 68 85
189 68 527 68 397 68 397 68 158 108 68 158 108 68 607 158 68 189 68 158 108
577 68 397 68 517 68 569 68 569 68 85 359 68 397 68 397 68 85 359
5 68 266 158 68 253
189 68 370 68 5 68 288 68 569 68 397 68 397 68 397 68 397 68 569 68 569 68 569 68 569 68 569 68 288 68 569 68 569 68 253
5 68 617 68 189 68 85
189 68 158 189 68 339 68 517 68 517 85 359
43 158 68 5 68 149 68 43 158 68 43 158 68 517
85 261 85
370 68 5 68 81
527 68 569 68 447 158 108
321 258 189
527 68 607 158 68 189 68 68 550 158 108 68 569 68 85 359 68 85 359
607 158 68 550 501
607 158 68 43 158 68 517 68 569 68 569 68 569
158 85 194 68 81 68 569 68 569 68 569 68 85 359
189 68 569 68 569 68 189 68 189 68 189 68 189 68 189 68 189 68 189
405 68 5 68 640 68 430
189 68 5 68 189 68 189 68 189 68 64 211 108
189 68 5 189 68 447 158 189 68 189 68 189 68 189 68 189
283 68 158 108 68 5 189 68 331 149
607 479 68 431 68 569 68 569 68 569 68 569 68 569 68 569 68 68 68 68 68 569 68 569 68 569 68 569 68 569 68 569 68 569 68 569 68 569 68 569 68 569 68 569 68 569 68 569 68 569 68 569 68 569 68 569 68 517 68 258 68 569 68 569 68 569 68 569 68 569 68 569 68 569 68 569 68 569 68 569 68 68 68 569 68 569 68 68 68 68 517 68 569 68 68 68 68 569
288 68 189 68 189 68 189 68 85 359
447 189
569 108 68 85 258 108
261 86 68 569 68 85 68 85 359 68 5 189 68 85 359 68 85 321 247 85
231 51 86 68 5 68 189 68 189 68 517 68 517 68 517
607 158 68 617 68 81 68 189 68 189 68 189 68 189 68 189 68 189 68 189 68 189 68 189 68 189 68 189 68 189 68 189 68 189 68 189 68 81 68 81 68 81 68 189 68 189 68 81 68 189 68 189 68 189 68 189 68 189 68 81 68 81 68 81 68 189 68 189 68 189 68 81 68 81 68 189 68 189 68 189 68 189 68 189 68 189 68 189 68 189 68 189 68 189 68 189 68 189
290 85 68 64 211 108
5 68 288 68 81 68 189 68 189 68 189 68 189
283
564 68 607 158 68 81 68 189 68 85 68 85
290 85 359
569 85 389 158 118
261 86 68 569 68 158 108 68 569 68 85 359 68 85 359 68 85 359
564 68 189 68 569 68 569 68 569 68 241 68 241 68 569 68 241 359
569 108 68 85 258 108
397 68 85 359 68 85 359 389 158 118
261 86 68 158 108 68 430 68 430
5 68 370 68 81 68 5 68 5 68 108
189 68 81 68 189 68 527 68 189 68 527
405 189 68 68 68 517 85 359
241 359
283 68 189 68 64 211 108
569 68 19 85
189 68 85 359 389 339
607 158 68 108 68 607 158 68 607 158 68 607 158 68 64 211 108
321 51 86
290 85
158 85 158 85
607 158 68 617 68 189 68 189 68 158 108 68 158 108 68 189 68 189 68 158 108
19 85 85 68 85 359
261 86 68 124 68 397 68 397 68 397 68 397 68 397 68 397 68 397
64 211 108 68 189 68 517 68 517 68 517
189 68 68 68 189 68 68 5 189 68 241 68 370 68 397 68 5 68 397 68 397 68 397 68 397 68 397 68 397 68 241 68 321 189 68 397 68 68 68 68 68 68 68 68 68 68 266 158 108 68 321 240 51 86 68 321 189 68 68 68 68 68 68 68 68 68 68 5 189 68 5 189 68 5 189 68 68 68 68 68 68 68 68 68 68 68 5 189 68 321 240 51 86 68 321 189 68 68
283 68 5 68 550 158 108 68 430 68 430 149 211 68 430 68 550 158 149
189 389 158 108
607 158 68 527 68 607 158 68 85 68 158 108 68 158 108 68 240 211 108
569 68 85 359 68 189 68 189 68 189 68 517
617 68 517 68 517 68 5 189 68 550 158 108 68 569 68 550 158 108 68 397 68 569 68 569 68 569 68 517
564 68 569 68 283 68 189 68 170 299
189 258 85 359
564 68 607 158 68 81 68 189 68 170 108
261 86 68 569 68 158 108 68 569 68 501 85 68 501 85 359 68 501
569 108 68 85 359 211
189 68 5 189 68 189 68 189 68 189
43 158 68 5 68 189 68 85 550 158 108 68 158 108 68 189 68 85 359
569 68 550 501 68 397 68 189 68 550 158 149 68 189 68 189 68 189 68 189 68 550 158 149 68 85 68 85 68 189 68 189 68 550 158 108 68 68 85 68 68 68 68 68 68 550 158 108 68 617 149 68 189 68 550 158 108 68 288 68 550 158 149 68 550 158 108 68 550 158 108 68 550 158 108 68 550 158 108 68 550 158 149 68 550 158 149 68 189 68 288 68 288 68 288 68 288 68
283 68 189 68 5 68 370 68 517
261 86 68 569 68 569 68 517 68 517 68 189 68 189 68 517 68 517
290 85 68 158 108
266 85
564 68 607 158 68 527 68 607 158 68 607 158 68 87
288
370 68 607 158 68 607 158 68 359 68 189 68 189 68 85
517 68 517 68 517 68 517
189 68 339 68 550 501 68 397 68 430 68 189 68 430 149 68 149 68 189 68 189 68 527 359 68 189 68 85 359 68 189 68 189 68 550 501 85 359 68 550 501 85 550 158 108 68 550 501 68 189 68 550 158 108 68 527 149 550 501 68 347 501 68 527 68 550 501 68 527 68 550 501 68 550 158 108 68 550 501 68 347 501 68 85 550 158 108 68 85 550 158 108 68 189 68 527 68 527
290 85 359 68 339 68 339
241 149
569 68 85 359 211 108
85 51 86
5 68 81 68 189 68 241 68 189 68 241 68 189
189 68 527 68 189 68 189 68 85 359 68 189 68 189 68 64 211 108
321 51 86
397 68 170 108 68 517 68 517 68 517
5 68 517 68 517
517 240 51 430
189 643
431 136 479
347 501 68 189 68 447 158 68 64 211 108 68 189 68 189 68 189 68 189 68 189 68 170 299
43 158 68 517 68 569
431
564
189 68 68 189 68 189 68 189 68 430 68 189 68 189 68 189 68 189 68 189 68 189 68 189 68 189 68 68 68 189 68 189 68 189 68 189 68 68 68 68 68 68 68 68 68 68 68 68 68 68 68 189 68 189 68 189 68 68 68 68 68 68 68 68 68 68 68 189 68 189 68 68 189 68 189 68 68 68 68 68 68 68 68 68 68 189 68 189 68 189 68 189 68 189 68 189 68 68
607 158 68 607 158 68 569 68 550 158 108 68 430 68 430 149 550 158 108 68 64 211 108
64 211 108
405 211
189 68 527 68 397 68 397 68 189 68 189 68 189 68 189 68 189 68 189 68 189 68 189 68 189 68 189 68 189 68 189 68 189 68 189 68 189 68 189 68 68 189 68 189 68 189 68 68 68 189 68 189 68 189 68 189 68 189 68 68 189 68 68 68 189 68 189 68 189 68 189 68 189 68 189 68 189 68 189 68 189 68 189 68 68 189 68 189 68 189 68 189 68 189 68 189 68 189
189 68 158 543 68 569 68 5 189 68 5 189 68 189 68 5 189 68 241 68 189 68 64 211 108
569 68 158 108 68 189 68 517 68 517 68 517 85 359 211 108
189 68 569 68 569 68 569 68 85 359 211 108
564
564 68 5 189 68 85 359 68 64 211 108
261 86 68 158 108 68 5 189 68 189 68 189
64 211 108 68 64 211 108 68 5 189 68 569 68 189 68 85 359 68 189 68 85
607 158 68 617 68 81 68 5 189 68 158 108
569 108 68 158 108 68 158 108
569 68 81 68 189 68 189 68 189 68 64 211 108
64 211 108 68 5 68 397 68 569 68 5 189 68 550 158 108 68 5 189 68 158 108
189 68 81 68 5 68 158 108 68 189 68 189 68 189 68 64 211 108
569 68 158 108 68 189 68 5 189 68 158 108 68 569 68 158 108
607 68 64 211 108 68 5 68 569 68 569 68 189 68 430 68 189 68 189 68 189 68 189 68 189 68 19 85 68 569 68 189 68 189 68 189 68 189 68 19 85 68 617 68 68 19 85 68 19 85 68 19 85 68 550 158 108 68 79 158 108 68 81 68 79 158 108 68 79 158 108 68 79 158 108 68 550 158 108 68 550 158 108 68 19 68 569 68 569 68 569 68 569 68 189 68 189 68
189 68 517 68 517 68 517
43 158 68 593 163 68 569 68 569 68 253
189
189 85 389 158
607 158 68 607 158 68 64 550 158 68 447 158
607 479 68 189 68 81 68 189 68 189 68 189 68 430 68 189 68 189 68 189 68 189 68 189 68 189 68 189 68 189 68 189 68 189 68 189 68 189 68 189 68 189 68 189 68 189 68 189 68 617 68 189 68 189 68 189 68 189 68 189 68 189 68 189 68 189 68 189 68 189 68 189 68 189 68 189 68 189 68 189 68 189 68 189 68 189 68 189 68 517 68 189 68 189 68 189 68 189
607 158 68 170 68 170 68 517 68 517 68 5 189
189 68 617 68 5 68 517 68 517 68 517 68 517
189 85 359 389 158 149
189 68 81 68 189 68 189 68 189 68 189 68 189 68 189 68 189 68 189 68 189 68 189 68 189 68 189 68 189 68 189 68 189 68 189 68 189 68 81 68 81 68 189 68 189 68 189 68 189 68 189 68 189 68 189 68 189 68 81 68 81 68 189 68 189 68 189 68 189 68 189 68 189 68 189 68 189 68 81 68 81 68 81 68 189 68 189 68 189 68 189 68 189 68 189 68 189 68
197 86 68 370 68 5 68 397
564 68 5 68 81 68 5 189 68 430 68 550 158 108
85 430 247 68 517 68 517
283 68 640 68 5 68 81 68 189 68 81
447 158 240 211
231 258 68 397 68 189 68 189 68 517
517 211
339 68 517 68 517 68 569 68 85 359 68 85 359 389 158 108
430 247 68 189 68 517 359
5 68 288 68 331 149 68 189 68 85 68 189 68 189 68 430 68 85
517 85 359
406 430
158 211 211 189
288 68 550 501 68 189 68 430 149 550 501 68 158 108
517 258
189 68 5 68 550 501 68 607 158 68 640 68 640 68 640 68 640 68 640 68 640 68 640 68 640 68 640 68 640 68 640 68 189 68 189 68 189 68 189 68 189 68 640 68 640 68 640 68 640 68 640 68 241 68 241 68 241 68 189 68 607 158 108
85 389 158 108 68 5 189
321 240
397
170 85 68 85 359
64 211 68 5 68 397 68 569 68 550 158 149
158 211 607 158 359
5 68 189 68 607 158 68 241 68 640 68 189 68 189 68 640 68 189 68 189
405 68 569 68 569
87 68 81 68 397 68 569 68 321 240 68 321 247
607 158 118 68 189 68 406 158 149 68 430
5 68 617 68 397 68 397 68 241 68 241 68 241 68 241 68 640 68 241 68 640
347 158 85 359
607 158 68 607 158 68 607 158 68 607 158 68 607 158 68 607 158 68 607 158 68 607 158 68 607 158 68 607 158 68 607 158 189 68 607 158 189 68 607 158 68 607 158 68 607 158 68 607 158 68 517 68 517 68 607 158 68 607 158 68 607 158 68 607 158 68 607 158 68 607 158 68 607 158 68 607 158 68 607 158 68 607 158 68 607 158 68 607 158 68 607 158 68 607 158 68 607 68
189 68 43 158 68 607 158 68 81 68 5 189 68 430 68 430 68 5 189 68 189 68 189 68 189 68 430
43 158 68 240 550 501 68 607 158
517 85
517 211
569 68 517 68 85 359 68 397 68 397 68 397 68 397
564
339 68 550 501 68 569 68 158 108 68 158 108 68 158 108 68 158 108
189 68 189 68 405 85 68 405 68 569 68 569
189 68 158 108 68 5 189 68 79 158 108 68 241 68 640
189 68 81 68 189 68 158 108 68 569 68 158 108
283 68 617 68 5 68 569 68 569 68 397 68 397 68 397 68 397 68 397
189 189
321 241 359
517 85 68 85
158 149 550 158 149
283 68 339 68 5 68 370 68 189 68 517 68 397 68 189 68 189 68 617 149
321 5 189
189 68 527 68 397 68 397 68 5 189 68 70 158 108
189 68 283
527 68 5 68 431 68 640 68 640
283 68 347 158 299
290 85
87 68 189 68 64 211 108 68 158 108 68 64 211 108
370 68 607 158 68 550 158 68 81 68 189 68 189 68 189 68 189 68 189 68 189 68 85 359
261 86 68 124 68 189 68 189 68 85
247 241 359
564 68 607 158 68 283 68 569 68 347 158
85 359 389 158 85
283 68 5 189 68 501 68 501
197 86 68 5 68 189 68 158 108 68 430 68 517 68 517 68 550 158 108 68 517 68 517
261 86 68 569 68 68 189 68 430 199 68 5 189 68 430
189 68 527 68 5 68 189 68 189 68 189 68 189 68 189 68 64 211 189
290 85 359
564 68 189 68 569 68 550 501 68 517 68 517 68 517
290 85
87 68 405 68 405 68 607 158 68 64 211 108
564 68 189 68 64 211 108 68 607 158 68 607 158
64 194 68 189 68 359
211 68 617 149
43 158 68 5 189
607 158 68 527 68 607 158 68 359 68 517 68 517
569 68 85 359 68 85 389 158 108 68 430 68 430 68 430
253 68 189 68 640
607 158 68 617 149 68 569 68 85
370 68 5 68 617 149 68 569 68 503 158
517 68 517 68 607 158 68 170 108 68 397 68 397 68 397 68 397 68 397 68 397 68 397 68 397 68 170 108
607 158 68 108 68 64 211 108
283 68 569 68 550 501 68 189 68 124
370 68 5 68 617 68 189 68 85 68 85 68 397 68 397 68 397 68 85
339 68 339 68 550 158 108 68 569 68 617
5 189
170 551
517 85 359 68 517
321 189
189 189
283 68 569 68 79 158 108 68 170 108 68 170 108
431 85 68 85
283 68 517 68 397 68 397 68 397 68 87 85 359
64 211
43 158 68 431
607 68 5 68 617 68 397 68 569 68 397 68 397 68 189 68 5 189 68 189 68 189 68 189 68 189 68 189 68 189 68 189 68 189 68 189 68 189 68 68 68 68 617 68 189 68 68 617 149 68 569 68 189 68 189 68 189 68 189 68 527 68 189 68 189 68 189 68 5 189 68 189 68 189 68 189 68 189 68 189 68 189 68 189 68 189 68 569 68 189 68 189 68 189 68 189 68 189
527 68 5 68 527 68 189 68 158 108 68 189 68 189 68 189 68 189 68 189 68 158 108 68 170 108 68 527 68 81 68 189 68 68 527 68 527 68 527 68 527 68 527 68 527 68 527 68 527 68 81 68 189 68 81 68 85 68 527 68 527 68 81 68 527 68 527 68 527 68 527 68 527 68 81 68 81 68 527 68 527 68 81 68 81 68 81 68 81 68 527 68 527 68 81 68 527 68
189 68 527 68 397 68 569 68 569 68 569 68 397 68 569 68 397 68 397
261 86 68 124
87 68 51 108 68 261 86 68 569 68 503 189 68 503 158 108
370 68 5 68 81 68 569 68 569 68 170 68 170 149 68 19 68 170 68 569 68 288
607 158 68 81 68 5 189 68 81 68 5 189 68 321 240 211
290 85 68 81 68 158 240 389 158
569 68 81
607 158 85 68 550 158 108 68 5 189
339 68 550 501 68 189 68 189 68 211 240
607 68 5 68 607 158 68 241 68 517 68 517 68 517 68 517 359 68 517 68 517
189 68 517 68 189 68 189 68 189 68 189 68 189 68 189 68 189 68 189 68 189 68 189 68 189 68 189 68 189 68 189 68 189 68 189 68 189 68 189 68 189 68 189 68 189 68 189 68 189 68 189 68 189 68 189 68 189 68 189 68 189 68 189 68 189 68 189 68 189 68 189 68 189 68 189 68 189 68 189 68 189 68 189 68 189 68 189 68 189 68 189 68 189 68 189 68 189 68
85 123 108
189 68 158 108 68 397 68 517 68 517 68 517 68 517
599 108 68 240 389 158 149
283 68 405 108
607 158 68 593 163 68 81 68 189 68 189 68 189 68 189 68 189 68 158 108
5 68 370 68 5 68 189 68 189 68 241 68 189 68 189 68 189 68 189 68 189 68 189 68 189 68 640 68 189 68 189 68 189 68 189 68 189 68 189 68 189 68 189 68 189 68 189 68 447 158 108 68 189 68 241 68 189 68 189 68 189 68 189 68 189 68 241 68 640 68 189 68 189 68 189 68 189 68 241 68 5 189 68 189 68 447 158 108 68 189 68 189 68 189 68 189 68 189
607 158 68 527 359
569 68 569 68 189 68 359
19 68 607 158 68 431 68 64 211 108 68 397 68 189 68 189 68 189 68 189 68 241 68 640 68 640 68 640 68 640 68 189 68 189 68 241 68 189 68 241 68 241 68 189 68 241 68 241 68 85 359 68 241 68 241 68 241 68 241 68 241 68 241 68 241 68 241 68 241 68 241 68 241 68 189 68 189 68 241 68 189 68 189 68 640 68 189 68 189 68 189 68 189 68 189 68 189 68
290 85
517 359
617 68 261 86 68 569 68 569 68 569 68 569 68 569 68 288 68 288 68 569 68 288
189 68 64 211 108 68 397 68 397 68 397 68 517 68 397 68 397 68 43 158 108
517 211
231 51 86 68 607 158 68 569 68 85 68 241 68 241 68 241 68 397 68 241 68 241 68 241 68 241 68 241 68 189 68 241 68 241 68 397 68 241 68 241 68 569 68 241 68 241 68 241 68 397 68 241 68 241 68 241 68 241 68 241 68 607 158 108 68 241 68 607 158 108 68 607 158 108 68 321 240 68 617 68 617 68 617 68 241 68 241 68 241 68 241 68 241 68 241 68 241 68
569 68 158 108 68 5 189 68 290 85 359 68 240 211
158 85 149 68 189 85
290 85 359
564
43 158 68 5 68 64 211 108 68 64 211 108
370 68 189 68 64 211 108
607 158 68 189 68 68 517 68 517 68 517 68 517
569 108 68 189 68 68 68 68 51 86
64 211 108 68 640
189 85 359 389 158 85
370 68 397 68 397
607 158 68 607 158 68 85
405 569
189 241 430 199
241 68 321 51 86
569 68 331 149 68 189 68 85 359 68 189 68 189
339 68 288 68 81 68 189 68 189 68 617 149
527 68 607 158 68 431 68 517
189 68 189 68 517 68 339 68 339 68 550 158 108
64 211 108 68 397 68 85 359 68 640 68 640 68 640
564 68 189 68 170 108 68 569 68 170 108 68 170 85 359 68 170 68 170
564 68 189 68 569 68 81 68 189 68 170 108
240 194 68 85 359 68 189 68 189 68 430
564 68 607 158 68 43 158 68 347 501 68 397 68 85 359 68 85 359 68 85 359 68 85 359 68 85 359 68 85 359 68 189 68 189 108 68 85 347 501 68 85 347 501 68 85 347 501 68 550 158 108 68 85 359 68 397 68 85 550 501 68 85 359 68 85 359 68 550 501 68 550 501 68 550 158 108 68 170 108 68 170 108 68 85 359 68 85 347 158 108 68 19 85 68 170 108 68 170
607 158 68 550 158 68 527 68 607 158 68 607 158 68 607 158 68 607 158
607 158 85 359 68 81 68 189 108
564 108
447 85 359
43 158 68 64 211 108 68 517
607 158 68 149 68 64 211 108 68 189 68 85
189 68 81 68 430 68 5
189 149 211 85
569 68 527 68 189 68 189 68 85 359 68 189 68 189 68 189 68 189 68 85
5 68 370 68 81 68 5 68 81
517
158 211 607 158 359
85 64 211
431
290 85 359
607 158 68 607 158 68 397 68 550 501 68 607 158 68 607 158 68 607 158 68 607 158 68 607 158 68 607 158 68 607 158 189 68 189 68 607 158 68 607 158 68 527 68 607 158 68 527 359 68 397 68 550 158 68 550 158 68 607 158 68 607 158 68 607 158 68 550 501 68 5 68 5 68 607 158 68 607 158 68 5 68 5 68 68 607 158 68 607 158 68 607 158 68 607 158 68 607 158
189 68 617 68 5 68 397 68 241 68 640 68 640 68 640 68 640
527 68 569 68 81 68 189 68 211 240 211 240
321 247
85 170
43 158 189
85 359
189 68 158 108 68 5 189 68 79 158 108 68 241 68 640
64 211 108 68 569 68 85
240 211
447 85 359
290 85 68 5 189 68 189 68 397 68 397 68 397 68 189 68 64 211 108
240 68 43 158 68 136 158 118
189 85 359 68 339 68 389 158 189 68 211
283 68 339 68 550 339 68 189 68 64 211 108
564
527 68 569 68 158 108 68 339 68 189 68 211
189 68 527 68 569 68 569 68 241 68 241 68 241 68 241 359
43 158 158
569 108 68 85 258 108
189 247 85 68 158 108 68 158 108 68 158 108
85 283
321 258 108
87 68 261 86 68 607 158 68 81 68 5 189 68 189 68 331 149 68 158 108
527 68 607 158 68 550 501 68 189 68 517 68 517
64 211 108 68 569 68 64 211
651 123
240 211 68 405 108
564 68 261 86 68 607 158 68 607 158 68 64 211 108
564 68 339 68 189 68 68 517 68 397 68 397 68 397 68 397 68 397
607 155 68 550 501 68 85
347 158
261 86 68 447 158 68 189 68 158 108 68 5 189 68 158 108 68 5 189 68 158 108
241 389 501
607 158 68 81 68 5 189 68 240 211 68 240 211 68 240 211 68 240 211
261 86 68 517
339 68 550 501 85 359
189 68 64 211
405 68 85 68 189 68 170 108 68 189 68 87
189 266 158 359
5 189 68 517 68 517 68 569 68 517 68 517
261 86 68 569 68 569 68 85 359 68 64 211 108
5 68 370 68 5 68 189 68 189 68 640 68 189 68 189 68 189 68 189
290 85 359
158 85 359 389 158 118 68 189 68 189 290 85 359
339 68 158 108 68 158 108 68 158 108 68 158 108
569 68 258 68 517 68 569 68 430 149 211 68 569 68 569 68 550 158 108
290 85 359
607 158 68 85 68 81 68 189 68 5
261 86 68 517 68 607 158 68 517 68 517 68 517
261 86 68 5 68 569 68 569 68 569 68 85 359 68 569 68 85 359 68 85 359 68 569 68 569 68 569 68 569 68 569 68 569 68 569 68 569 68 189 68 170 108 68 85 359 68 569 68 569 68 569 68 569 68 569 68 569 68 569 68 170 108 68 85 359 68 241 68 569 68 241 68 397 68 397 68 569 68 170 108 68 170 108 68 85 359 68 569 68 569 68 569 68 569 68 569 68 170
569 68 347 501 68 517 68 85 359 68 430 68 569 68 569 68 85 359
87 449 68 607 158 68 617
189 68 81 68 189 68 189 68 64 211 108
189 68 517 68 43 158 189 85 359
569 68 347 158 108 68 397 68 85 359 68 241 68 640 68 640 68 85
397 68 550 158 108
517 68 231 240
261 86 68 124
569 68 550 158 108 68 5 189 68 405 68 550 158 108
405 68 54 86 68 5
85 430 247
261 86 68 5 189 68 85 359
149 211 68 283
593 163 68 517 68 517 68 517 85 359 68 517 68 517 85
261 86
197 86 68 5
569 68 85 359 68 517 68 189 68 170 299 68 569 68 189 68 189 68 189 68 189
569 68 189 68 527 68 189 68 430 149
503 189
321 189 68 189 68 569
321 247
447 189 290
43 158 68 43 158 68 43 158 68 527 68 189 68 527
64 211 108 68 189 68 189 68 189 68 85
339 68 258 68 87 68 87 247 68 607 158 68 607 158 68 253
85 550 158 149 68 64 211 108
607 68 607 158 68 347 501 68 397 68 607 158 68 170 85 68 170 108
569 68 550 158 108 68 607 158
240 211
607 158 68 607 158 68 370 68 5 68 5 189 68 189 68 258 108
283 68 569 68 283 68 430
501 85 359 68 85 299
261 86 68 86 68 569 68 569 68 569 68 569
517 85 359 68 517
290 85 359
283 68 339 68
370 68 5 68 617 68 189 68 517 68 517 68 517 68 517
564 68 5 68 569 68 569 68 85 68 85 359 68 550 501 85 359 68 85
283 68 266 158 68 81
339 68 288 68 397 68 569 68 569 68 517 68 517
189 68 617
283 68 189 68 5 189 68 81 68 5 189 68 81
564 68 527 68 607 158 68 64 211 108 68 607 158 68 607 158 68 64 211 108
43 158 68 258 68 569 68 211 189
290 85 359
370 68 5 68 397 68 189 68 158 108 68 5 189 68 189 68 5 189 68 158 108
231 240
503 189 68 158 108 68 569 68 170 108 68 503 189
43 158 68 290 85 68 189 68 85 359 389 158 108
189 68 5 189 68 397 68 397 68 397 68 569 68 569
189 68 5 68 517 68 517 68 517 68 517 68 517
517 85
288 68 550 339 68 189 68 85 359 68 158 108 68 158 108 68 85 359 68 85 359 68 85 359 68 85 359 68 85 359 68 85 359 68 550 158 108 68 550 158 108 68 347 158 108 68 550 158 108 68 85 359 68 85 550 158 108 68 550 158 108 68 550 158 108 68 550 158 108 68 550 158 108 68 550 158 108 68 550 158 108 68 550 158 108 68 85 68 85 68 85 68 85 68 85 550 158 108
527 68 5 68 607 158 68 19 85 68 569 68 158 108 68 550 158 108 68 158 108 68 607 158 108 68 607 158 108 68 569 68 569 68 550 158 108 68 527 68 527 68 607 158 108 68 550 501 68 19 85 68 550 158 108 68 607 158 108 68 550 501 68 550 158 108 68 550 158 108 68 550 501 68 607 158 108 68 550 158 108 68 550 158 108 68 607 158 108 68 607 158 108 68 607 158 108 68
211 543
189 68 5 189 68 85 359 68 85 194 108
43 158 68 81 68 189 68 189 68 189 68 321 240
405 85 68 85 359
339 299 189
64 211
189 68 81 68 189 68 5 68 501 68 501
431
607 158
261 86 68 86 68 189 68 569 68 569 68 569
189 85 359 68 85 85 359
527 68 607 158 68 64 211 108
189 389 569
5 189 68 189 68 158 108 68 430
5 68 288 68 87 68 607 158 68 607 158 68 607 158 68 617 149 68 607 158 68 607 158 68 607 158 68 607 158 68 607 158 68 607 158 68 593 163 68 431 68 431 68 617 68 617 68 617 149 68 607 158 68 607 158 68 607 158 68 617 68 617 68 607 158 68 607 158 68 5 68 617 68 607 158 68 607 158 68 617 149 68 617 149 68 607 158 68 607 158 68 607 158 68 5 68 607 68
149 389 158 240 359
261 86 68 158 108 68 5 189 68 189 68 189
517 68 517 68 607 158
397 68 517 68 517
339 68 124 68 405 68 569 68 189 68 85 359 68 189 68 189 68 189 68 189
43 189 68 85 359
517 149 68 517
197 86 68 5 68 569 68 569 68 569 68 241 68 189
607 158 68 258 149 68 189 68 189 68 430
189 68 5 189 68 517 68 517 68 517 68 517
241 149
517 68 550 501
85 359 359
607 158 68 240 68 64 211 108
211 543 240 389 158
607 158 68 81 68 189 68 527 68 189 68 331 149
170 240
85 359 389 85 359
607 158 68 564 68 81 68 189 68 85 359
197 86 68 5 68 447 158 68 189 68 241 68 241 68 640 68 397 68 397 68 640 68 640 68 397 68 640 68 64 211 108
607 479 68 189 68 68 85 359 550 158 108 68 70 158 108 68 70 158 108
517 240 321 240
64 211 108 68 607 158 68 81 68 189 68 569 68 211 108
189 68 81 68 5 68 158 108 68 158 108 68 569 68 158 543 211 68 158 108 68 189 68 607 158 108 68 607 158 108 68 607 158 108 68 81 68 81 68 81 68 81 68 81 68 81 68 81 68 81 68 81 68 569 68 81 68 81 68 81 68 81 68 81 68 81 68 607 158 108 68 81 68 81 68 81 68 81 68 81 68 81 68 81 68 81 68 569 68 569 68 569 68 81 68 81 68 81
189 68 158 108 68 397 68 158 108 68 5 189 68 158 108 68 158 108
189 68 5 68 158 607 158 68 550 158
189 68 397 68 569 68 170 108 68 397 68 397 68 397 68 397 68 397
283 68 158 108 68 397 68 617 68 5 189 68 189 68 189 68 189 68 189 68 189 68 85
288 247 108
189 68 189 68 189 68 569 68 569 68 569 68 569 68 569 68 569 68 569
397 68 85 359 550 158 108
617 68 640 68 640 68 85 359
261 86 68 124 68 397 68 569 68 569 68 569 68 569
5 68 288 68 81 68 607 158 68 81 68 5
339 68 288 68 189 68 70 158 108 68 569 68 85
607 158 68 617 68 517 68 517 68 517 68 517
607 158 68 527 68 607 158 68 607 158 68 607 158 68 607 158 68 607 158 68 607 158 68 527 68 607 158 68 607 158 68 607 158 68 607 158 68 527 68 527 68 527 68 607 158 68 607 158 68 607 158 68 607 158 68 607 158 68 527 68 527 68 527 68 527 68 607 158 68 607 158 68 607 158 68 607 158 68 527 68 527 68 527 68 527 68 607 158 68 607 158 68 607 158 68 527 68 527
64 211 108 68 607 158 68 550 158 68 607 158 68 607 158 68 211 240 211 68 517
211 108 68 617
607 158 68 607 158 68 347 501 68 607 158 68 569 68 517 85 359
564 68 85 68 43 158 68 85 359
64 211 108 68 517 68 517
189 68 189 68 170 299
397 199 85 359
189 68 569 68 5 189 68 85 389 158 108
339 68 124 68 397 68 397 68 397 68 397 68 189 68 189 68 189 68 189 68 189 68 189 68 189 68 189 68 68 189 68 189 68 189 68 253
241 68 569 68 85 389 158 108 68 5 189 68 85 359 68 241 68 85 359
642 211 68 64 211 108
149 550 158 68 81 68 517 68 517
564 68 5 68 527 68 5 68 617 149 68 617 68 397 68 189 68 5
189 68 54 86 68 189 68 189 68 189 68 189 68 189 68 189 68 189 68 189
569 85 359
158 211 211 189
189 68 550 158 299 68 550 158 189
85 359 211 85 359 68 85 211 85
261 86 68 124 68 54 86 68 640 68 640 68 640 68 640 68 640
189 68 550 158 108 68 517 68 517 68 517
517 149 550 158 149
231 240 68 5 68 253
85 68 527 68 5 68 81 68 85 359
241 359
189 68 158 108 68 158 108 68 158 108 68 569 68 158 108
85 359 359
321 543
43 158 68 241
447 158 68 283 68 64 211 108
189 68 158 108 68 189 68 569 68 569 68 569
321 240 68 189
569 68 430 68 527 68 189 68 517 85
503 501 68 501 68 189 68 389 158
283 68 339 68 397 68 189 68 189
86 68 569 68 81
189 68 81 68 430 68 5
85 359
607 158 68 288 68 5 68 550 158 108 68 43 158 68 43 158 68 43 158 68 607 158 68 607 158 68 607 158 68 607 158 68 607 158 68 607 158 68 288 68 550 158 68 607 158 68 550 158 68 321 240 68 241 68 241 68 550 158 68 288 68 550 158 108 68 197 86 68 607 158 68 550 158 68 607 158 68 550 158 68 550 158 68 550 158 68 607 158 108 68 607 158 68 607 158 108 68 550
569 68 85 359 68 189 68 189 68 189 68 189 68 189 68 189 68 189 68 189
261 86 68 124
189 389 158 108
607 479 68 189 68 68 68 189 68 85 359 68 397 68 397 68 397 68 397 68 85 359
85 359 550 158 85 68 43 158
607 158 68 170 149 68 189 68 550 158 149 68 550 158 149
189 68 527 68 397 68 517 68 517 68 517 68 517 68 517 68 517
64 211 108 68 189 68 64 211
283 68 85 222 85 359
527 68 607 158 68 617 68 397 68 397 68 397 68 189 68 241 68 397 68 189 68 241 68 241 68 189 68 241 68 241 68 189 68 189 68 189 68 189 68 189 68 241 68 241 68 241 68 241 68 397 68 241 68 241 68 241 68 189 68 527 359 68 241 68 241 68 241 68 241 68 189 68 241 68 241 68 241 68 241 68 241 68 85 68 241 68 241 68 241 68 189 68 189 68 189 68 189 68
290 85 359
283 68 517 85 359 211 108
290 258 551
189 68 158 189 68 569 68 85 359 68 569 68 85 359 389 158 108 68 85 359
261 86 68 158 108 68 43 158 68 517 68 517 68 517 68 517
564 68 81 68 189 68 189 68 389 158
189 68 430 68 189 68 430
19 85
258 258
189 68 241 68 64 211 108 68 189 68 5 189 68 321 189 68 397 68 397
189 68 158 299 68 397 68 397
430 85 359 68 85 359
447 85 359
370 68 397 68 87 68 283 68 569 68 211 189
527
231 240
430 199 68 405 68 189 68 189 68 430 199
607 158 68 617 68 607 158 68 607 158 68 517
64 211 108 68 397 68 85 359 68 569 68 550 158 108
370 68 5 68 397 68 339 68 339 68 607 158 108
283
564 68 607 158 68 158 108 68 158 108
189 68 569 68 81 68 158 108 68 189 68 189 68 189 68 189 68 189 68 189 68 189 68 189 68 189 68 158 108 68 189 68 189 68 189 68 189 68 81 68 81 68 81 68 189 68 550 158 108 68 189 68 550 158 108 68 189 68 189 68 81 68 81 68 550 158 108 68 550 158 108 68 81 68 550 158 108 68 68 68 68 68 81 68 550 158 108 68 189 68 189 68 189 68 189 68 189 68
564 68 189 68 617 68 617 68 189 68 517
85 359 389 158 85 359 68 85 359 211
599 68 5 68 149 68 331 149
607 158 68 607 158 68 550 158 108 68 158 108
501 68 517 68 81 68 321 247
517 359 68 569
617 68 607 158 68 81 68 569 68 569 68 569 68 85 68 569 68 85 68 85
197 149 68 189 68 85 68 85 550 158 108
261 86 68 158 108 68 569 68 569 68 569 68 569
370 68 85 68 607 158 68 569 68 550 158 108 68 569 68 85 359 68 569 68 85 359
527 68 397 68 170 108 68 64 211 108 68 569 68 64 211 108
241 68 170 85 68 85
64 211 108 68 189 68 189 68 550 158 543 68 517
569
189 189 199
261 86 68 517 68 569 68 85 359 68 5
321 189
651 123 68 85 68 85 68 85
5 68 290 85
266 158 543
189 240 389 299
607 155 68 607 158 68 607 158 68 607 158 68 517
189 68 617 68 517 68 517 68 517 68 517
607 158 68 550 501 68 397 68 64 211 108 68 397 68 397 68 397 68 397 68 397 68 397 68 64 211 108
261 86 68 5 68 81 68 569 68
607 158 68 197 86 68 189 68 170 108 68 501
64 211 108 68 5 189 68 85 359
261 86
158 108
527 68 569 68 81 68 85 359 68 85 68 85 389 158 108 68 85 359 68 189 68 189 68 189 68 189 68 189 68 85 68 189 68 189 68 189 68 189 68 81 68 81 68 189 68 569 68 569 68 85 359 68 85 389 85 68 189 68 68 68 81 68 81 68 68 68 68 68 68 68 288 68 189 68 189 68 189 68 68 68 81 68 81 68 81 68 189 68 85 68 550 158 108 68 189 68 81 68
617 68 5 68 517 68 517 68 517 68 189 68 189
5 68 189 68 5 189 68 241 68 241 68 241 68 189 68 5 189 68 241 68 189 68 241 68 241 68 640 68 241 68 241 68 189 68 189 68 189 68 189 68 5 189 68 241 68 241 68 241 68 241 68 241 68 241 68 189 68 189 68 189 68 5 189 68 241 68 241 68 241 68 5 189 68 5 189 68 189 68 189 68 5 189 68 5 189 68 241 68 241 68 241 68 241 68 189 68 189 68
19 68 331 149 68 431
607 158 68 607 158 68 550 158 68 81 68 5 189 68 189 68 189 68 189 68 189 68 527 68 527 68 527 68 527 68 189 68 189 68 527 258 68 527 68 527 258 68 527 68 527 68 527 68 527 68 189 68 189 68 189 68 189 68 527 258 149 68 607 158 108 68 527 68 527 68 527 68 607 158 108 68 607 158 108 68 607 158 68 527 68 607 158 108 68 189 68 607 68 607 68 607 68 527
651 123 68 607 158 68 81 68 189 68 189 68 189 68 189 68 189 68 189
288
189 68 5 189 68 158 108 68 158 108 68 43 158 68 43 158 68 43 158 68 189 68 607 158 68 607 158 68 607 158 68 607 158 189 68 607 158 68 5 189 68 607 158 68 607 158 68 5 189 68 607 158 68 607 158 68 607 158 68 607 158 68 607 158 68 607 158 68 607 158 68 5 189 68 607 158 68 607 158 68 607 158 68 607 158 68 607 158 68 607 158 68 607 68 607 68 607 68
527 68 283 68 607 158 68 81 68 569 68 550 158 149
189 68 569 68 283
564 68 607 158 68 607 158 68 517
607 158 68 81 68 5 68 64 211 108
651 123
283 68 5 68 569 68 189 68 397 68 397 68 430
283 68 569 68 569 68 405 85 68 569 68 189 68 189
5 68 617 149 68 517 68 517 68 517
517 68 517
283 68 288 68 158 108 68 5 85
211 85 359
261 86 68 158 108 68 64 211 108
155 51 86
397 68 288 68 64 211 108 68 64 211 108 68 189 68 64 211 108
51 86
43 158 68 593 163 68 149 68 189 68 189 68 517
651 123
211 543
569 68 85 68 170 108 68 189 68 189 68 189 68 189 68 189 68 189 68 189 68 85 359
283
607 158 68 81 68 64 211 108
607 479 68 550 158 149 68 569 68 569 68 569 68 569 68 550 158 108
517 85 359 389 158 85 359
189 68 85 359 389 339
564 68 607 158 68 108 68 158 108 68 261 86
87 85
189 68 550 158 189 68 43 158 68 43 158 68 158 68 189 108
283
261 86 68 569 68 64 211 108 68 189 68 569 68 189
527 68 607 158 68 81 68 189 68 85 359
447 85 359
43 158 68 43 158 68 64 211 108 68 189 68 189 68 517 68 189 68 189 68 189 68 517
607 158 85 359 68 81 68 189 108
283 68 5 68 370 68 397 68 569 68 550 501 68 397 68 397 68 397 68 569 68 569 68 397 68 569 68 569 68 569 68 569 68 569 68 397 68 397 68 550 158 108 68 550 158 108 68 550 501 68 569 68 569 68 550 501
607 158 68 607 158 68 517 68 517 68 517
189 68 550 501
339 68 550 501 68 607 158 68 405 85
503 189
517 68 124 68 607 158 68 189 68 550 158 240
397 199 85 359
370 68 397 68 397 68 397 68 189 68 189
501 85 359
189 68 79 299 68 189
288 68 189 68 189 68 189 68 189 68 170 359
321 569 68 517 68 517
290 85 359
5 68 397 68 397
261 86 68 517 149
247 85
405 85 359
651 123 68 517 68 517 68 517
283 68 607 158 68 5 68 607 158 68 607 158 68 607 158 68 607 158 68 607 158 68 607 158 68 607 158 68 607 158 68 607 158 189 68 607 158 68 607 158 68 607 158 68 607 158 68 607 158 68 607 158 68 607 158 68 569 68 569 68 283 68 607 158 68 607 158 68 607 158 68 607 158 68 607 158 68 283 68 283 68 283 68 283 68 607 158 68 569 68 569 68 569 68 569 68 569 68
564 68 607 158 68 81 68 189 68 170 299 68 189 68 640 68 189 68 189
607 158 68 617 68 81 68 5 68 5 68 5 189 68 550 158 108 68 5 189 68 158 108
189 68 68 68 170 299 68 397 68 170 299 68 170 299 68 170 299 68 170
405 189 68 543 211 68 189 68 569 68 85 359 68 189 68 85 359 68 85 68 85 68 85 359
87 68 517 68 43 158 68 397 68 124 68 397 68 397 68 397 68 397
431 85 359
283 68 339 68 158 108 68 158 108 68 158 108 68 158 240 211 68 550 158 108
370 68 5 68 397 68 569 68 569 68 569 68 240 211 85 359
517 68 5 189 68 189
43 158 68 5 68 288 68 569 68 550 158 108 68 5 189 68 5 189 68 189
189 68 189 68 569 68 569
430 85 359
43 158 68 43 158 68 64 211 108 68 170 108
564 68 189 68 339
64 211
261 86 68 124 68 569 68 517 68 517
397 68 240 550 158 108 68 607 158
564 68 85 359 68 569 68 170 108 68 170 299 68 170 108
527 68 607 158 68 569 68 85 359
85 261 85
189 68 290 85 359
564 68 607 158 68 406 158 68 81 68 5 189 68 550 158 543 211 68 5
283 68 347 158 299
397 68 54 86
607 158 68 607 158 68 108 68 607 158 68 607 158 68 517
189 68 81 68 607 158 68 64 211 108 68 640 68 640 68 640 68 640 68 640 68 189 68 189 68 640 68 640 68 640 68 241 68 240 211 108
405 68 405 85 359
189 68 158 108 68 5 189 68 5 189
339 68 253 68 189 68 569 68 241 359 389 85 359
240 211 68 85 359 68 70 158
397 68 550 158 108 68 397 68 189 68 189 68 397 68 189 68 189 68 189 68 85 359 68 85 359 68 85 359 68 189 68 189 68 189 68 189 68 68 68 68 68 68 68 189 68 68 68 68 189 68 189 68 189 68 189 68 189 68 43 158 108 68 68 68 68 54 86 68 189 68 189 68 189 68 189 68 189 68 266 158 108 68 68 68 68 68 189 68 189 68 189 68 189 68 189 68 54 86
64 211 108 68 189 68 569 68 569 68 569 68 211 240
85 359 51 86 68 64 211 108
85 359 389 85 359
569 68 550 158 149 68 189 68 43 158 68 43 158 68 43 158 68 43 158 68 43 158 68 569 68 569 68 569 68 43 158 68 517
569 68 517 68 517 68 517
607 158 68 288
64 211 108
321 68 5
607 158 68 617 68 397 68 569 68 550 158 108 68 550 158 108 68 550 158 108 68 19 85 68 19 85 68 19 85 68 569 68 19 85 68 550 158 108 68 550 158 108 68 64 211 108 68 550 158 108 68 64 211 108 68 64 211 108 68 550 158 108 68 550 158 108 68 550 158 108 68 550 158 108 68 550 158 108 68 550 158 108 68 550 158 108 68 64 211 108 68 550 158 108 68 550 158 108
283 68 569 68 569 68 19 85 68 640 68 640 68 640 68 640
51 108 68 85
370 68 607 158 68 550 158 68 85 359 68 339
189 68 5 189 68 158 108 68 158 108 68 607 158 68 607 158 68 607 158 68 189 68 189 68 607 158 68 5 189 68 607 158 189 68 189 68 5 189 68 5 189 68 607 158 189 68 550 501 68 550 158 108 68 550 158 108 68 189 68 5 189 68 607 68 607 158 108 68 5 189 68 5 189 68 607 158 108 68 189 68 189 68 5 68 550 158 108 68 607 158 108 68 607 68 607 68 189 68
5 68 288 68 158 108 68 158 108 68 430
54 86 68 54 86 108
517 85
64 211 108 68 5 68 321 85
564 68 527 68 5 68 81 68 189 68 85
247 85
189 68 79 158 149 68 5 189 68 569 68 189 68 569 68 189 68 189 68 189
290 85 359
5 189 68 347 158 118
189 68 81 68 5 68 370 68 430 68 5 68 189
64 211
607 158 68 288 68 569 68 240 211 68 517 68 517
189 68 405 68 189 68 189 68 170 108 68 87
64 211 108 68 640 68 569 68 85 359
607 158 85 359 68 389 158
607 158 68 607 158 68 607 158 68 517
158 85 430 85 359
189 68 569
564
564 68 607 158 68 43 158 68 550 158 68 517 68 517 68 517 68 64 211 108
397 68 189 68 189 68 189 68 430 199 68 569 68 85
370 68 5 68 81 68 189 68 550 158 108 68 550 158 108 68 550 158 108
261 86 68 124 68 189 68 189 68 189 68 517 68 517 68 397 68 397 68 397 68 397 68 397 68 517
189 149
607 158 68 617 68 81 68 189 68 517
189 68 640 68 640 68 241 68 241 68 397 68 397
5 68 189 68 5 189 68 189 68 189 68 617 68 397
170 299
189 68 640 68 517 68 517 68 189 68 189 68 189 68 189 68 189 68 189 68 189 68 189 68 189 68 189 68 64 211 189 68 189 68 189 68 64 211 108
290 85 359
370 68 550 339 68 550 158
370 68 5 68 81 68 189 68 550 158 108 68 430 68 189 68 189 68 189 68 189 68 550 158 108
564 68 569 68 569 68 569 68 569 68 569 68 569 68 569 68 211 199
430 199 68 64 211 108
564 68 607 158 68 397 68 569 68 569 68 569 68 569
5 68 189 68 5 189 68 189 68 189 68 617 68 397
607 158 68 569 68 85 359 68 85 359 68 85 68 569 68 85 359 68 85
517 68 517 68 517 68 501 68 517 68 501
290 85 359 68 85 359
569 68 347 501 68 189 68 189 68 517 68 517
517 359 389 158 359
283 68 607 158 68 607 68 607 158 68 517 68 517
397 85 359 68 405 149
564
607 155 68 81 68 189 68 158 108 68 70 158 68 158 108
189 258
607 158 68 81 68 189 68 189 68 189
370 68 5 68 81 68 189 68 85 359 68 569 68 189 68 189 68 189 68 189 68 85 359 68 85 359 68 85 359 68 189 68 189 68 68 68 68 68 68 68 68 81 68 81 68 68 68 68 189 68 189 68 85 550 158 108
189 68 93 211 68 517 68 517 68 517 68 517
87 68 87 258
405 85 359
642 211 68 189 68 266 158 108
283 68 288 68 64 211 108 68 64 211 108
261 86 68 86 68 5 68 85 359 68 85 359
5 68 189 68 189 68 85
197 158 68 651 123
405 68 430 108 68 64 211 108
569 68 64 211 108 68 189 68 189 68 189 68 189 68 189 68 189 68 189 68 189 68 189 68 189 68 189 68 64 211 108
321 258
607 158 68 189 149 211
85 359 430 551
527 68 569 68 569 68 85 359 68 569 68 85 68 85
397 68 5 189 68 397 68 517 68 43 158 68 189 68 189 68 43 158 68 189 68 397 68 5 189 68 397 68 189 68 189 68 189 68 189 68 68 68 68 68 68 68 68 68 68 68 68 5 189 68 189 68 189 68 189 68 189 68 189 68 68 68 68 68 68 189 68 5 189 68 189 68 5 189 68 189 68 189 68 5 189 68 68 68 68 68 68 189 68 189 68 189 68 189 68 189 68 189
569 68 550 158 108 68 64 211 108 68 569 68 85 359 68 85 359 68 85
347 501 68 397 68 54 86
189 68 617 68 189 68 517 68 517 68 517 68 517
564 68 158 108 68 81 68 158 108 68 158 108
288 68 640 68 189 68 189 68 189 68 397 68 397 68 397 68 189 68 397
283 68 339 68 607 158 68 607 158 68 87 68 397 68 87 258 149
261 86 85 359 68 158 108 68 430
517 68 189 240 211 108
527 68 569 68 569 68 569 68 517 85 359
569 68 85 51 86 68 85 359 68 64 211 108
189 68 189 68 189 68 189 68 189 68 189
569 68 447 158 108 68 85 359
405 85 359
261 86 68 124 68 54 86 68 569 68 321 247 68 397 68 321 247
607 158 543 211 543 68 189 68 158 108
527 68 569 68 158 108 68 5 189 68 85 359 211 85 359
564
189 68 527 68 607 158 68 607 158 68 189 68 189
501 85 81 68 189 68 85 359
599 68 339 68 550 501 68 189 68 569 68 158 189 68 550 501
43 158 68 593 163 68 64 211 108 68 640 68 5 189 68 85 68 85
261 86 85 359
158 85 359
189 68 158 543 68 158 108 68 158 108 68 189 68 189
527 68 5 68 527 68 189 68 85 359 68 189 68 640 68 189 68 64 211 108
85 359 68 5
339 68 550 501 68 569 68 158 108 68 158 108 68 158 108 68 158 108
170 86
283 68 430 68 64 211 108
290 550 158 149
607 158 68 81 68 397 68 569
607 158 68 527 68 397 68 189 68 43 158 68 43 158 68 43 158 68 43 158 68 43 158 68 43 158 68 43 158 68 43 158 68 43 158 68 406 158 68 406 158 68 43 158 68 43 158 68 43 158 68 43 158 68 43 158 68 43 158 68 527 68 527 68 406 158 68 406 158 68 189 68 406 158 68 43 158 68 527 68 527 68 189 68 43 158 68 43 158 68 43 158 68 43 158 68 527 68
283 68 339 68 5 68 241 68 397 68 397 68 397 68 397 68 397 68 397
43 158 68 64 211
642 211 68 85 359
607 158 68 564 68 81 68 607 158 68 189 68 430
85 359 68 517 68 339 68 158 108 68 607 158
370 68 5 68 241 68 5 189
321 247 68 5
517 68 517 68 266 158 108 68 247 85 68 85 359
607 158 68 108 68 5 189 68 85
189 68 189 68 68 81 68 569 68 430 199
517 211
5 68 290 85 359 68 85 359 68 85 359
261 86 68 5 68 569 68 569 68 569 68 569 68 569
85 359 550 487 149
189 68 550 501 68 397 68 430 68 430 68 5 189 68 430 149
85 321 247 68 339 68 85 359 211 85 359
607 158 68 593 163 68 19 85 68 241 68 241 68 640 68 640 68 640 68 640
370 68 5 68 397 68 189 68 68 68 189 68 189 68 189 68 189 68 189 68 527
86 68 569 68 359
569 85 68 85 359 68 430
241 68 370 68 5 68 569 68 569 68 569
290
607 158 68 607 158 68 527
87 85
564 68 607 158 68 593 68 5
527 68 5 68 81 68 189 68 189 68 85 68 85 68 189 68 189 68 64 211 108
569 68 211 569 68 211
607 158 68 81 68 569 68 85
517 299
5 68 617 68 607 158 68 81 68 189 68 397 68 397 68 397 68 397 68 397 68 397 68 397 68 569 68 569 68 569 68 189 68 189 68 81 68 81 68 81 68 81 68 81 68 81 68 81 68 189 68 189 68 189 68 397 68 321 247 68 81 68 81 68 569 68 569 68 569 68 569 68 81 68 81 68 321 247 68 81 68 81 68 81 68 170 108 68 397 68 397 68 397 68 321 189 68 81
321 247 85 68 85 359 68 85
321 569 68 569 68 517
276 85 68 5 68 397 68 397 68 517
19 85 68 64 550 158 108
517 68 397 68 517 68 517
527 68 5 68 527 68 189 68 85 359 68 189 68 85 68 189 68 189 68 189 68 85 68 170 108
189 85 389 501
231 240 68 607 158 68 81 68 5 68 189 68 189 68 189 68 5
189 68 43 158 68 607 158 68 81 68 5 189 68 430 68 430 68 5 189 68 189 68 189 68 189 68 430
607 158 68 569 68 85 359 68 517 85 359
290 85 359
283
261 86 68 517 149
266 339
607 155 68 517 68 517 68 517
370 68 607 158 68 397 68 397 68 397 68 189 68 189 68 189 68 189 68 189 68 189 68 189 68 189 68 241 68 189 68 189 68 189 68 189 68 189 68 617 68 85 68 189 68 189 68 397 68 189 68 189 68 321 240 51 108
85 359 389 158
397 68 5 189 68 397
607 158 68 85 158 68 85 389 158 108 68 189 68 189 68 158 189
261 86 68 569 68 241 68 189
321 51 86
189 85 389 501
283 68 517 68 5 68 617 68 189 68 241 68 241 68 640
447 158 85
290 258
189 68 527 68 607 158 68 81 68 5 68 517 68 517
189 85 359
283 68 339 68 397
607 158 68 607 158 68 550 158 108 68 640 68 85 359 68 85 359 68 85
370 68 5 68 617 68 189 68 550 158 108 68 550 158 240 211 68 550 158 108
527 68 569 68 158 108 68 158 108 68 189 68 189 68 430 68 189 68 189 68 189 68 189 68 189 68 158 108
642 211 68 136 479 68 517
189 68 81 68 189 108
607 155 68 617 149 68 158 68 158 240 211
231 240 68 231 240 68 64 211 108
569 68 550 339 68 189 68 211 108 68 211 108
607 155 68 64 211 108 68 64 211 108 68 607 158 68 64 211 108 68 64 211 108
321 189 68 569 68 64 211
607 158 68 81 68 5
651 123 68 569 68 189 68 517 68 517 68 189 68 517 68 189 68 189 68 189
607 158 68 447 158 68 64 211 108 68 43 158 68 43 158 68 43 158 68 43 158 68 189 68 189 68 64 211 108
564
261 86 68 189 68 85 359 68 85 359
640 68 569 68 569 108
339 68 397 68 189 68 189 68 189 68 189 68 189
64 211 68 607 158 68 211 108 68 517 68 517
189 68 158 108 68 189 68 189 68 430 68 430
5 68 64 211 108 68 64 211 108
189 68 569 68 517 85
64 211 108 68 64 211 108 68 517 68 517 68 517
617 68 527
569 68 64 211 108 68 397 68 64 211 108
607 479 68 189 68 85 359 68 189 68 569 68 569 68 85 359
241 550 158 149
283 68 569 68 569 68 569 68 569 68 640 68 640
64 211 108 68 189 68 189 68 43 158 68 43 158 68 517 85
517 550 430
189 68 68 527 359 68 397 68 569 68 85 68 85 359 68 85 68 85 359
599 68 189 68 397 68 397 68 189 68 158 149 211
43 158 149 550 85
607 479 68 43 158 68 397 68 5 189 68 158 68 607 158 68 527 68 607 158 68 607 158 68 607 158 68 43 158 68 607 158 189 68 43 158 68 43 158 68 43 158 68 43 158 68 43 158 68 43 158 68 331 149 68 607 158 68 43 158 68 43 158 68 43 158 68 43 158 68 43 158 68 43 158 68 43 158 68 43 158 68 43 158 68 43 158 68 43 158 68 43 158 68 43 158 68 68
607 158 68 87 68 577 68 158 189 68 517
261 86 68 517 149
189 68 5 68 550 501 68 569 68 64 211 108
19 85 68 64 550 158 108
170 68 607 158 68 607 158 68 189 68 189 68 189 68 550 158 543 211 543
64 211 68 5 68 607 158 68 607 158 68 607 158 68 607 158 68 607 158 68 607 158 68 607 158 68 607 158 68 5 189 68 607 158 108
430 359 211
607 158 68 288 68 81 68 569 68 68 253 68 189 68 189 68 569 68 189 68 253
527 68 569 68 81 68 569 68 517
261 86 68 569 68 288 68 569 68 569 68 569 68 569 68 430 199
339 68 550 501 68 607 158 68 550 158 68 569 68 550 158 149 68 550 158 108 68 550 158 108 68 397 68 550 158 108 68 550 158 108 68 550 158 108 68 550 158 108 68 550 158 108 68 550 158 108 68 550 158 108 68 550 501 68 550 501 68 347 501 68 550 501 68 550 501 68 550 501 68 550 158 108 68 550 501 68 347 501 68 347 501 68 64 211 108 68 397 68 550 158 108 68 550 158
189 68 81 68 189 68 189 68 85 359
517 258
607 158 68 550 501 68 189 68 189 68 64 211 108 68 189 68 189 68 189 68 189 68 189 68 64 211 108
607 158 68 527 68 5
189 359
276 85 68 607 158 68 81 68 5 189 68 5 189 68 158 108
321 51 86 68 54 86 149 68 189
607 158 68 447 158 68 170 108 68 87 68 87
564 68 5 189 68 569 68 85 359 211 108 68 211 108
527
569 68 85 51 86 68 85 359 68 64 211 108
189 68 81 68 5 68 189 68 430 199 68 430 199 68 430 199
189 68 5 189 68 339 68 339 68 397 68 397 68 189 68 85 359
503 189
283 68 607 158 68 527 68 607 158 68 607 158 68 607 158 68 607 158 68 607 158 68 607 158 68 569 68 607 158 68 607 158 189 68 607 158 108 68 607 158 68 607 158 68 607 158 68 607 158 68 607 158 68 550 158 108 68 569 68 569 68 607 158 68 607 158 68 607 158 68 607 158 68 607 158 68 170 108 68 170 108 68 283 68 607 158 68 569 68 569 68 569 68 569 68 569 68 170
189 68 81 68 397 68 397 68 397 68 397
19 68 607 158 68 108 68 397 68 64 211 108
189 68 241 68 5 68 189 68 189 68 189 68 189 68 189 68 64 211 108
189 68 517 85 359
501 85 68 64 211 108 68 5
599 68 5 68 54 86
81
266 158 85 359
405
569 108
283 68 158 108 68 569 68 158 543 211 543
527 68 607 158 68 81 68 189 68 85
197 86 68 339 68 189 68 85 359 68 85 359
189 68 81 68 189 68 189 68 189 68 189
87 68 569 68 569 68 158 108 68 170 299 68 170 299 68 170
339 68 339 68 339 68 85 359 211 85 359
564 68 158 108 68 189 68 430 68 430 108
607 158 68 607 158 68 108 68 607 158 68 607 158 68 517
527 68 283 68 81 68 569 68 569 68 85 359 68 189 68 85 359 68 189 68 189 68 189 68 189 68 189 68 569 68 569 68 189 68 189 68 81 68 81 68 81 68 81 68 81 68 81 68 81 68 569 68 85 359 68 189 68 81 68 81 68 81 68 81 68 81 68 81 68 81 68 81 68 81 68 189 68 81 68 81 68 81 68 81 68 81 68 189 68 189 68 189 68 189 68 81 68 81
189 68 617 68 189 68 640 68 189 68 640 68 189 68 5 189 68 189 68 189
81 68 158 108
283 68 339 68 85 359 550 158 108 68 85 359 68 85 359 68 85 359
290 85
5 85 359
543 51 86 68 640
406 430
149 389 158 543
607 158 68 288 68 241 68 640 68 189 68 430 68 189 68 430 68 189 68 430
517 211
321 189 68 189 68 189
503 189 68 170 108
321 247 68 607 158 68 81 68 607 158 68 189 68 517
189 68 397 68 397 68 189 68 339
607 158 211 68 5 68 81 68 569 68 550 501
5 68 288 68 397 68 569 68 569 68 211 108
290 149
607 158 68 527 68 607 158 68 359 68 517 68 517
607 158 68 81 68 64 211 108
189 68 158 189 68 569 68 430 68 517 68 517 68 517
517 551
651 123 68 64 211 108 68 85 359 68 85 359 68 85 359
405 189
283 68 397 68 87 68 607 158 68 87 68 87
564 68 64 211 108 68 189 68 170 108 68 5 189 68 189 68 189 68 189 68 158 108
189 194 85 68 405 85
607 158 68 431 68 189 68 43 158 68 43 158 68 43 158 68 43 158 68 43 158 68 43 158 68 43 158 68 43 158 108
189 68 81 68 158 108 68 189 68 189 68 189 68 189 68 189 68 617 149
517 240 194 68 64 211
5 189
321 247
651 123 68 189 68 189 68 68 68 189 68 85 68 189 68 189 68 189 68 189 68 189 68 189 68 68 68 68 68 189 68 68 68 68 68 68 189 68 68 527 108 68 527 108 68 68 527 359 68 68 68 68 68 68 189 68 189 68 527 68 527 68 527 68 527 68 527 68 527 68 527 68 527 68 81 68 68 68 527 68 527 68 527 68 527 68 81 68 189 68 68 527 68 189 68 527 68 527
569 68 640 68 640 68 189 68 189
569 68 158 108 68 189 68 158 108 68 5 189 68 189 68 189 68 189 68 189 68 189 68 189 68 189 68 85 389 158 108
189 68 569 68 405 68 405 68 189 68 550 158 108 68 189 68 189 68 81
189 389 158 240 68 447 158
261 86 68 261 86 68 158 108 68 5 189 68 189 68 189 68 43 158 108
405
290 258 118
43 158 68 617 68 189 68 189 68 430 68 430
261 86 68 64 211 108 68 640
431
261 158 85
527 68 5 68 19 85 68 569 68 19 85
527 68 607 158 68 85 359 68 189 68 397
370 68 5 68 241 68 85
189 85 359
569 68 550 501 68 189 68 64 211 108
569 68 258 68 43 158 68 189 68 189 68 189 68 189 68 189 68 189 68 189 68 85 359 68 85 359 68 85 359 68 189 68 189 68 68 68 527 68 85 68 527 68 68 68 68 68 527 359 68 189 68 189 68 189 68 189 68 85 68 288 68 85 68 85 68 85 68 550 158 108 68 85 68 43 158 108 68 68 550 158 108 68 68 85 68 68 189 68 68 68 288 68 288 68 85 68 288 68
321
189 68 5 68 189 68 189 68 64 211 108 68 189 68 189 68 189 68 189 68 189 68 64 211 108
283
43 158 68 617 68 189 68 189 68 430 68 430
607 158 68 347 158 299
389 405 85
607 158 68 617 68 81 68 189 68 189 68 189 68 189 68 189 68 189 68 189
577 68 517 68 569 108 68 569 108
607 68 607 158 68 347 501 68 397 68 607 158 68 607 158 68 607 158 68 607 158 68 607 158 68 607 158 68 607 158 189 68 189 68 607 158 68 607 158 68 607 158 68 607 158 68 550 501 68 397 68 550 501 68 607 158 68 607 158 68 607 158 68 607 158 68 607 158 68 5 68 5 68 607 158 68 607 158 68 607 158 68 607 158 68 607 158 68 607 158 68 607 158 68 607 158 68 607
405 359
370 68 607 158 68 81 68 5 68 397 68 397 68 397 68 397 68 397 68 397 68 158 108
189 68 569 68 253 68 397 68 397
189 149
64 211 108
283 551 68 569 68 569 68 85 359
569 68 331 149 68 189 68 85 359 68 189 68 189
258 189
43 155 68 517
607 68 607 158 68 347 501 68 397 68 517 68 517
283 68 247 85 68 397 68 397 68 397
158 543 211 240 68 64 211 240
189 68 290 85 359 68 640
189 68 81 68 158 108 68 158 108 68 640 68 517 85
43 158 68 189 68 5 189
43 158 68 5 68 81 68 189 68 240 211 68 64 211 108
189 68 617 68 397 68 64 211 108 68 5 189 68 85 68 64 211 108
283 68 339 68 569 68 569 68 85 359 68 189 68 189 68 85 359 68 189 68 189 68 170 85 359 68 85 359 68 189 68 189 68 189 68 170 108 68 170 108 68 170 108 68 170 85 359 68 569 68 569 68 189 68 189 68 170 108 68 170 108 68 569 68 19 85 359 68 569 68 569 68 569 68 170 108 68 170 108 68 170 108 68 170 108 68 170 108 68 170 108 68 170 108 68 170 108 68
569 68 405 68 543 68 189 68 85 359 68 189 68 189 68 189 68 189 68 85 359 68 85 359 68 85 359 68 170 108 68 189 68 189 68 81 68 81 68 81 68 81 68 81 68 81 68 81 68 189 68 64 211 108 68 85 68 550 158 108 68 81 68 81 68 569 68 569 68 569 68 189 68 81 68 189 68 550 158 108 68 81 68 81 68 64 211 108 68 85 68 189 68 189 68 81 68 81
189 149
64 211 108 68 569 68 569 68 569 68 211 189 68 189 68 211
564 68 640 68 640 68 517
370 68 607 158 68 550 158 68 81 68 5 189 68 189 68 189 68 189 68 189 68 189 68 527 359 68 189 68 189 68 189 68 189 68 189 68 527 149 68 527 68 527 68 527 68 527 359 68 189 68 189 68 189 68 189 68 189 68 527 149 550 158 108 68 527 68 550 158 108 68 550 158 108 68 5 189 68 527 149 68 527 149 68 527 68 527 68 81 68 189 68 189 68 189 68 527 149 68
527 68 607 158 68 68 607 158 68 569 68 430 68 430 199
517 359
527 68 5 68 81 68 569 68 85 359
347 501 68 189 68 527
347 501
564 68 607 158 68 81 68 569 68 517 68 189 68 189 68 517
543 68 543
564 68 607 158 68 550 158 68 397 68 397 68 397 68 85 359 68 397 68 189 68 85 359
261 86 85 68 85 261 86
189 149 211 85 68 43 158 68 43 158
189 68 81 68 607 158 68 64 211 108
290 85 359
189 68 81 68 189 68 70 158
617 68 517
607 158 68 569 68 211 158 108 68 189 68 430 68 189 68 550 158 108 68 189 68 189 68 189 68 189 68 189 68 189 68 189 68 189 68 258 189 68 569 68 569 68 550 158 108 68 550 158 108 68 290 85 550 158 108 68 550 158 258 68 569 68 569 68 258 68 258 68 550 158 108 68 550 158 108 68 550 158 108 68 68 68 550 158 108 68 550 158 240 211 258 149 68 189 68 189 68 258
405 85 68 124
430 85 240 389 158
64 211 108 68 607 158 68 64 211
189 68 81 68 5 68 569 68 569 68 569 68 569 68 85 359
288 68 136 479 68 517 68 517
266 85
564 68 569 68 550 158 108 68 189 68 569 68 569 68 569 68 85 359
283 68 339 68 189 68 79 158 108 68 5
290 85 359
564 68 5 68 517 68 517 68 517
283 68 288
43 158 108
261 86 68 124 68 158 108 68 158 108 68 189 68 189 68 189 68 189 68 189 68 189 68 170 108
607 158 68 43 158 68 517
406 430
189 68 158 108 68 189 68 189 68 68 68 158 108 68 189 68 5 189 68 189 68 68 68 189 68 189 68 68 68 68 68 189 68 189 68 189 68 68 68 68 68 68 68 68 68 68 68 68 68 68 68 189 68 189 68 189 68 189 68 68 68 68 68 68 68 68 189 68 189 68 189 68 189 68 68 68 68 68 68 68 68 68 68 68 68 68 68 68 189 68 189 68 189 68 189 68 189 68
501 85 517 68 517 108
543
370 68 5 68 241 68 85
577 68 640
189 68 543 211 68 617 149
321 189 68 569 68 569 68 569 68 569
290 85 479
569 85 347 158 108 68 189 68 290 85 359
607 158 68 258 149 68 640 68 189 68 85 389 85 359
261 86 68 124
5 68 81 68 189 68 241 68 189 68 241 68 189
283 68 189 68 170 108 68 158 108 68 170 108 68 170 108 68 170 108 68 170
517 359 389 158 359
405 85 359
517 211
543 211 68 527 68 5 189 68 430
503 189
607 158 85 359 68 389 339 68 189
370 68 5 68 81 68 189 68 640 68 640 68 640 68 640 68 640 68 640 68 640 68 640 68 640 68 640 68 640 68 189 108
189 68 158 108 68 397 68 397 68 397 68 397 68 189 68 617 68 189 68 189 68 189 68 189 68 189 68 189 68 189 68 189 68 189 68 189 68 189 68 68 527 68 617 68 68 68 617 68 617 68 617 68 617 68 617 68 189 68 189 68 617 68 617 68 68 68 617 68 189 68 189 68 617 68 617 68 617 68 68 68 68 68 617 68 617 68 189 68 189 68 189 68 189 68 189 68 189 68
86 68 397 68 85 359
189 68 5 189 68 170 108 68 189 68 170 299
370 68 339 68 550 158 68 550 158 108
283 68 158 108 68 5 189 68 85 550 158 108 68 85 359 68 85 359 68 85
283
607 479 68 43 158 189 68 43 158
283 68 288 68 85 194 108 68 158 108 68 158 108
258 247
617 68 517 68 189
370 68 5 68 81 68 189 68 189 68 189 68 189 68 189 68 189 68 189 68 189 68 189 68 189 68 189 68 189 68 189 68 189 68 189 68 189 68 189 68 68 189 68 189 68 189 68 189 68 79 158 240 211 108
276 85 68 607 158 68 85 359 68 189 68 189
149 550 158 68 81 68 339 68 397 68 241 68 189 68 189 68 241 68 189 68 85 359
370 68 397 68 550 501 68 189 68 85 68 189 68 85
5 189
359 240 51 86
158 85 68 189 85 68 517 149
5 68 288 68 81 68 158 108 68 640 68 640 68 640 68 640 68 640
339 68 550 501 68 397 68 85 359 550 501 85 359
517
431 241
170 108
339 68 339 68 189 68 189 68 517 68 517 68 517
642 211 68 64 211 108
321 247 68 189 68 81
339 68 347 158 299
261 86
607 158 359
370 68 397 68 397
283
189 68 158 108 68 397 68 517 68 517 68 517 68 517 68 517
564 68 607 158 68 81 68 189 68 430 68 397 68 397 68 85 359 68 397 68 85
261 86 68 86 68 86 68 569 68 569 68 397 68 397 68 617 149
607 158 68 550 158 68 527 68 607 158 68 607 158 68 607 158 68 607 158
189 68 617 68 397 68 569 68 85 359 68 569 68 569 68 640 68 85
642 211 68 64 211 108
607 158 68 607 158 108
564 68 405 68 253
321 569 68 170 108 68 189 68 170 108
501
347 501
550 339
189 68 81 68 189 68 189 68 189 68 64 211 108
607 158 68 607 158 68 607 158 68 550 158 108
43 158 68 607 158 68 136 479 68 136 479
564 68 607 158 68 81 68 189 68 170 108
321 247 68 189 68 85
231 51 86 68 339
283 68 640 68 517 68 517 68 517 68 517
501 85 240 389 155
43 158 68 288 68 517 68 517 85 359 389 158 108
405 85 359
607 158 68 81 68 189 68 569 68 569 68 569 68 569 68 569 68 569 68 85
189 68 550 158 108 68 569 68 569 68 569 68 339
397 68 247 68 5
43 158
189 290 85 359
569 68 240 194 290 85
261 86 68 517 149
569 68 550 501 68 43 158 68 64 211 108
617 68 5 68 149 68 189 68 430 68 189 68 189 68 85
543 51 86
607 158 68 617 149 68 85 68 189 68 189 68 189 68 85 68 85 68 189 68 85 68 85 68 85 68 85 68 85 68 189 68 189 68 85 68 85 68 85 68 85 68 85 68 85 68 85 68 617 149 68 85 68 85 68 85 68 85 68 85 68 85 68 85 68 85 68 85 68 85 68 85 68 617 149 68 85 68 85 68 85 68 85 68 85 68 85 68 85 68 85 68 85 68 85 68 85 68
370 68 569 68 68 68 85 359 68 85 359
321 199
339 68 550 501 68 397 68 19 85 68 569 68 550 158 108
517 359 389 85 359
607 155 68 85 359 68 569 68 19 68 550 158 149 68 19 85
283 68 569 68 569 68 85 359 68 85 359 68 85 359
5 68 347 501 68 189 68 517 68 569 68 517
339
51 86 149
290 85
64 211 108 68 569 68 85 68 85 359 68 569 68 85
370 68 5 68 189 68 189 68 189 68 189 68 189 68 189 68 189 68 189 68 189 68 189 68 189 68 189 68 189 68 189 68 189 68 189 68 189 68 68 68 68 68 189 68 189 68 189 68 189 68 189 68 189 68 189 68 189 68 527 149 68 527 68 68 68 68 189 68 189 68 189 68 189 68 189 68 189 68 527 68 527 149 68 527 68 189 68 189 68 189 68 189 68 189 68 189 68 189
321 51 86
170 211
564 68 569 68 5 189 68 569 68 569 68 569
321 189 68 189
290 85
527 68 607 158 68 231 240 68 607 158 68 607 158 68 617 68 189 68 189 68 85 68 85 68 64 211 108 68 64 211 108
240 389 158 149
405
261 86 68 569 68 569 68 85 359 68 189 68 189 68 189 68 85
405 258
258 247
321 617 68 5 189 149
85 149 389 158
43 158 68 189 68 527 68 5 68 550 158 108 68 430 68 607 158 68 607 158 68 517
339 68 347 158 118
5 68 569 68 569 68 517 68 517 68 517 68 517
189 68 527 68 397 68 339 68 397 68 241 68 397 68 397 68 397 68 85
189 68 339 68 189 68 85 389 158 108
189 68 158 108 68 189 68 64 211 108 68 517
87 68 81 68 189 68 569 68 85 359 68 85 359
5 108
517 68 189
339 68 158 108 68 158 108 68 158 108 68 158 108
261 86 68 517 68 569 68 569 68 569 68 569 68 569
607 158 68 5 68 211 189 68 211 189 68 211
651 123 68 5 68 5 189 68 430
607 155 68 347 158
189 68 517 68 569 68 569 68 569 68 569 68 569 68 569 68 569 68 569 68 189 68 189 68 569 68 569 68 569 68 569 68 189 68 189 68 189 68 189 68 189 68 68 189 68 569 68 569 68 569 68 569 68 569 68 189 68 189 68 189 68 189 68 189 68 569 68 569 68 569 68 569 68 569 68 189 68 189 68 189 68 68 68 550 158 108 68 569 68 569 68 569 68 189 68 189 68 189
607 158 68 607 158 68 189 68 189
517 359
43 158 68 406 158 68 517 359
261 86 68 158 108 68 517 68 517 68 607 158 68 397 68 607 158 68 397 68 85
569 68 85 359 68 189 68 85
189 68 527 68 607 158 68 64 211 108 68 569 68 569 68 569 68 569 68 569 68 189
564 68 189 68 569 68 569 68 517 68 517
290 85 68 85 359 68 397
569 68 564 68 170 149 68 189 68 517 68 517
149 211 85
569 68 85 359 68 189 68 85
283 68 158 108 68 5 189 68 85 359 389 158 108 68 85 359 68 85 359
564 68 288 68 54 86 68 569 68 569 68 85 359
189 68 617 68 189 68 189 68 517 68 517
189 68 93 211 68 517 68 517 68 517 68 517
283 68 430 68 607 158 68 64 211 68 397 68 189 68 241 68 189 68 189 68 189 68 189 68 189 68 241 68 241 68 189 68 189 68 189 68 189 68 189 68 189 68 189 68 189 68 241 68 241 68 241 68 241 68 241 68 189 68 288 68 550 158 108 68 189 68 550 158 108 68 550 158 108 68 189 68 189 68 68 68 68 68 68 550 158 149 68 241 68 189 68 189 68 189 68 189 68 189
339 68 85 359 550 158 149 68 85 359
283 551 68 569 68 569 68 569 68 85 359 389 158 108 68 85 359 68 569 68 85 359
189 68 651 123 68 81 68 569 68 240 211
527 68 607 158 68 607 158 68 64 211 108 68 607 158 68 189 68 189 68 189 68 527
189 189
43 158 85 430
617 68 5 68 81 68 397 68 569 68 550 158 108
290 85
189 68 81 68 640 68 85 359 68 640 68 640 68 640 68 640 68 640
261 86 68 158 108 68 607 158 68 607 158 68 607 158 68 607 158 68 607 158 68 569 68 569 68 569 68 241 68 241 68 241 68 241 68 607 158 108
261 86 68 517 68 607 158 68 517 68 517 68 517
85 261 85
189 68 68 617 68 5 68 189 68 189 68 189 68 189 68 189 68 189 68 189 68 189 68 189 68 189 68 189 68 189 68 189 68 189 68 189 68 189 68 189 68 189 68 189 68 189 68 189 68 189 68 189 68 189 68 189 68 189 68 68 189 68 189 68 68 189 68 189 68 189 68 189 68 189 68 189 68 189 68 189 68 189 68 68 189 68 189 68 189 68 189 68 189 68 189 68 189 68
283 68 158 108 68 569 68 569 68 211 108 68 211 85
564 68 5 189 68 149 68 189 68 430 68 5 189 68 189 68 81
283 68 5 68 370 68 397 68 569 68 550 501 68 397 68 397 68 397 68 569 68 569 68 397 68 569 68 569 68 569 68 569 68 569 68 397 68 397 68 550 158 108 68 550 158 108 68 550 501 68 569 68 569 68 550 501
517 68 517
607 158 68 81
607 158 68 607 158 68 240 68 241 68 170 85
569 68 569 68 158 108 68 189 68 550 158 108 68 517
5 68 288 68 81 68 607 158 68 189 68 189 68 189 68 189 68 189 68 189
607 155
54 86 85 199
607 158 68 527 68 607 158 68 331 149 68 189 68 189 68 430 68 331 149
189 430 199
85 430 247 85
64 211 108 68 189 68 158 108 68 189 68 189 68 189 68 189 68 189 68 189 68 64 211 108
527 68 5 68 527 68 189 68 430 68 517 68 517
5 68 149 550 158 108 68 85 550 158 108 68 85 359 68 85 359 68 85
447 430
283 68 339 68 5 68 241 68 5 189 68 430 68 569 68 550 158 108 68 189 68 189 68 189 68 189 68 640 68 5 189 68 189 68 189 68 189 68 189 68 189 68 81 68 321 240 211 108 68 321 240 211 108 68 321 240 211 108 68 81 68 81 68 81 68 5 189 68 5 189 68 5 68 5 68 321 240 68 81 68 81 68 81 68 81 68 5 68 321 569 68 321 240 68 321 240 68 81
189 68 158 189 68 189
564 68 607 158 68 607 158 68 64 211 108 68 189 68 64 211
189 68 136 158 68 447 158 108 68 189 68 189
569 68 550 501 68 189 68 85 359 389 158 108 68 189
290 85 359 68 64 211 108
283 68 569 68 569 68 569 68 569 68 517
189 85 359
170 85 359
405 240
405 68 54 86 68 5
189 68 405 68 607 158 68 397 68 569 68 517
211 299 359
189 68 81 68 189 68 64 211 108 68 189 68 189 68 189 68 189 68 189 68 189 68 189 68 189 68 189 68 85 68 189 68 189 68 189 68 189 68 81 68 81 68 189 68 189 68 189 68 64 211 108 68 189 68 189 68 189 68 81 68 81 68 81 68 81 68 189 68 189 68 189 68 189 68 189 68 189 68 81 68 81 68 81 68 189 68 189 68 189 68 189 68 189 68 189 68 81 68
5 68 617 68 158 108 68 430 68 517 68 517 68 517
261 86 68 517 68 189 68 189 68 189 68 189 68 189 68 68 68 189 68 68 68 170 299
189 68 189 68 81 68 189 68 189 68 430 68 640 68 189 68 189 68 189
189 68 136 479
339 68 517 68 517 68 158 108 68 430
564 68 5 189 68 87 68 569 68 503 189 68 517
87 85 68 543 51 86 68 189 68 397 68 397 68 397 68 397 68 397 68 397 68 397 68 397 68 397 68 189 68 397 68 397 68 397 68 543 68 543 68 68 68 68 68 68 68 266 158 108 68 397 68 68 266 158 108 68 54 86 68 543 68 543 68 68 68 54 86 68 54 86 68 54 86 68 543 68 68 543 68 170 108 68 68 68 68 68 397 68 397 68 397 68 54 86 68 543 68 543
5 68 288 68 81 68 189 68 85 68 430 199
261 86 68 527 68 189 68 339
321 290 85 68 640
189 68 617 68 397 68 397 68 189 68 189 68 189 68 189 68 189 68 189 68 189 68 189 68 189 68 189 68 189 68 189 68 189 68 189 68 189 68 189 68 189 68 189 68 189 68 189 68 241 68 189 68 189 68 189 68 189 68 189 68 189 68 189 68 189 68 189 68 189 68 189 68 189 68 189 68 189 68 189 68 189 68 189 68 189 68 189 68 189 68 189 68 189 68 189 68 189 68
283 68 288 68 85 359 68 85
607 158 68 189 149 211
347 501 68 189 68 189
569 85 359
339 68 158 108 68 5 68 149 68 331 149
397 68 569 68 569 68 85 359
290 85 68 5 189 68 189 68 397 68 397 68 397 68 189 68 64 211 108
261 86 68 517 68 569 68 85 359
85 51 85
189 68 617 68 189 68 640 68 189 68 640 68 189 68 5 189 68 189 68 189
370 68 5 68 617 68 189 68 85 68 85 68 85
607 158 68 569 68 85 359 68 85 68 240 211 108 68 640 68 640 68 640 68 640 68 640 68 640 68 640 68 640 68 640 68 189 108
261 86 68 517 149
564
266 487
189 68 81 68 189 68 85 359 389 158 118
231 240
405 68 189 68 517
617 68 5 189
283 68 158 108 68 397 68 85 359 68 85 359
261 86 68 517 68 569 68 85 359
339 68 550 501 68 397
64 211 108 68 607 158 68 607 158 68 607 158 68 607 158 68 64 211 108 68 607 158 68 607 158 68 64 211 108 68 607 158 108 68 64 211 108 68 64 211 108 68 64 211 108 68 64 211 108 68 607 158 68 550 158 108 68 64 211 108 68 64 211 108 68 64 211 108 68 64 211 108 68 64 211 108 68 64 211 108 68 64 211 108 68 64 211 108 68 64 211 108 68 64 211 108 68 64
189 68 405 85 68 640 68 517 68 517
261 86 68 5 68 189 68 339 68 569 68 85 359
569 68 81 68 189 68 158 108 68 430 68 430 68 569 68 569 68 85 359 68 85 359 68 85 359 68 569 68 85 359 68 569 68 569 68 189 68 189 68 81 68 550 158 108 68 550 158 108 68 85 359 68 550 158 108 68 569 68 81 68 81 68 81 68 550 158 108 68 569 68 569 68 550 158 108 68 550 158 108 68 81 68 81 68 550 158 108 68 569 68 569 68 569 68 569 68 569 68
189 68 5 68 607 158 68 617 68 5 189 68 430 68 189 68 189 68 189 68 189 68 189 68 189 68 189 68 527 359
64 211
189 68 5 189 68 503 158 108 68 517 68 517 68 517
607 479 68 189 68 68 85 359 550 158 108 68 70 158 108 68 70 158 108
607 158 68 607 158 68 19 85 68 517 68 517 68 517
405 85 359
189 68 430 68 189 68 430
240 211
405 85
283 68 5 68 370 68 397 68 85 359 68 85
397 68 158 108 68 339 68 189 68 64 211 108 68 64 211 108 68 64 211 108
564 68 564 68 607 158 68 81 68 5 189 68 85
241 68 517 68 85 359 68 569 68 85 359 68 569 68 85
527
170 359
189 68 158 108 68 397 68 569 68 85 359
64 211 108 68 339 68 189 68 64 211 108 68 189 68 189 68 189 68 64 211 108
211 543
43 155
517 85 68 85
564 68 5 189 68 189 68 266 158 68 543
517 149 550 430 149
290 85
607 158 68 550 501 68 550 158 149
397 68 85 359 68 517
527 68 5 68 569
321 247
607 158 68 81 68 158 68 158 543 68 189 68 517
