240 211
339 551 68 569 68 189 68 189 68 569 68 189
261 86 68 5 68 189 68 189 68 189 68 189 68 189 68 85
607 158 68 339 68 397 68 397
261 86 68 124 68 607 158 68 189
607 158 68 81 68 189 68 569 68 569 68 569 68 569 68 517
261 86 68 5 68 81 68 5 68 5
189 211 108 68 158 108 68 189 68 158 108
593 163
370 68 5 68 81 68 189 68 189 68 397 68 397 68 517 85
607 158 68 158 68 158
64 211 108 68 189 68 189 68 189 68 569 68 189 68 85 68 85
189 68 607 158 68 607 158 68 189 68 189 68 189 68 189 68 189 68 189 68 189 68 158 108
607 158 68 607 158 68 158 68 158 108
283
283 68 607 158 68 81 68 19 85 68 19 85
19 85 359 68 241 68 241
607 158 68 81 68 189 68 189 68 189 68 189 68 189 68 569 68 189 68 189 68 569 68 569 68 569 68 569 68 189 68 189 68 189 68 189 68 189 68 189 68 81 68 189 68 569 68 64 211 108
607 158 68 607 158 68 189 68 607 158 68 189 68 189 68 211 68 211
607 158 68 607 158 68 158 108
85 359
370 68 5 68 5 68 189 68 189 68 189 68 189 68 189 68 189 68 189 68 158 108
85 359
503 189 68 5 68 189 68 189
569 68 569 68 397 68 397 68 397 68 397 68 397 68 397 68 397 68 397 68 397 68 397 68 397 68 397 68 397 68 397 68 397 68 397 68 397 68 397 68 397 68 397 68 397 68 397 68 397 68 397 68 397 68 397 68 397 68 397 68 397 68 397 68 397 68 397 68 397 68 607 158 108 68 397 68 397 68 397 68 397 68 397 68 397 68 397 68 397 68 397 68 397 68 397 68 397 68
85
503 189 68 607 158 68 607 158 68 5 68 569 68 569 68 569 68 569
19 85 68 569 68 569 68 569 68 569 68 569 68 569 68 569 68 569 68 569 68 569 68 569 68 569 68 569 68 569 68 569 68 569 68 569 68 569 68 569 68 569 68 569 68 569 68 569 68 569 68 569 68 569 68 569 68 569 68 569 68 569 68 569 68 339 68 569 68 569 68 569 68 569 68 189 68 569 68 569 68 569 68 569 68 569 68 569 68 569 68 569 68 569 68 569 68 569
397 85 359
564 68 158 108 68 85 359 68 85
607 158 68 5 68 397 68 397 68 397 68 397 68 397 68 397 68 397 68 397 68 397 68 397 68 397 68 85 359
430 359 359
564
261 86 68 124
503 189
283 68 569 68 569 68 569 68 569 68 85
261 86 68 5 68 81 68 189 68 569 68 569
283 68 5 189 68 640
261 86 68 569 68 19 85
283 68 5 68 81 68 189 68 189 68 189 68 189 68 189 68 331 149
81
5 189 359
261 86 85
261 86
607 158 68 607 158 68 607 158 68 607 158 68 607 158 68 5 68 397 68 189 68 607 158 68 607 158 68 607 158 68 189 68 189 68 5 68 607 158 68 5 68 607 158 68 607 158 68 607 158 68 607 158 68 189 68 397 68 607 158 68 607 158 68 607 158 68 607 158 68 607 158 68 607 158 68 607 158 68 607 158 68 607 158 68 607 158 68 607 158 68 607 158 68 607 158 68 607 158
370 68 5 68 81 68 19 85 68 517
370 68 5 68 81 68 189 68 189
430 108 68 241 68 241
5 68 5 68 397 68 397 68 397 68 397 68 397 68 397 68 397 68 397
19 85 68 607 158 68 397 68 85 359 68 397 68 397 68 85 359
5 68 5 68 189 68 189 68 189 68 189 68 189 68 5 189 68 189 68 189 68 189 68 397 68 189 68 189 68 189 68 189 68 5 189 68 5 189 68 5 189 68 189 68 189 68 5 189 68 189 68 189 68 189 68 189 68 189 68 5 189 68 189 68 189 68 5 189 68 5 189 68 5 189 68 189 68 5 189 68 5 189 68 5 189 68 189 68 189 68 5 189 68 5 189 68 189 68
5 68 5 68 81 68 5 68 189 68 5 189 68 5
607 158 68 81 68 189
189 68 607 158 68 5 189 68 189 68 189 68 5 189 68 5 189 68 189
43 158 68 241 68 241
321
189 68 607 158 68 189 68 189 68 397 68 189 68 189
5 68 5 68 189 68 189 68 189 68 189 68 189 68 189 68 189 68 189 68 189 68 569 68 189 68 189 68 189 68 189 68 189 68 189 68 189 68 189 68 189 68 189 68 189 68 569 68 189 68 189 68 189 68 189 68 189 68 189 68 64 211 108 68 189 68 607 158 108 68 607 158 108 68 189 68 189 68 5 68 607 158 108 68 607 158 108 68 189 68 5 68 189 68 189 68 5 68
283 68 5 68 189 68 189 68 189 68 189 68 189 68 569 68 569 68 569 68 569 68 569 68 569 68 569 68 189 68 189 68 189 68 189 68 189 68 189 68 189 68 189 68 189 68 189 68 189 68 189 68 189 68 189 68 189 68 569 68 607 158 108 68 607 158 108 68 607 158 108 68 5 189 68 189 68 5 68 607 158 108 68 569 68 607 158 108 68 569 68 607 158 108 68 569 68 5
283 68 5 68 397 68 397 68 397 68 397 68 397 68 397 68 397 68 397
283 68 5 189
85 389 85 359 68 189 68 189 85 359
430 199 68 430
607 158 68 607 158 68 607 158 68 607 158 68 607 158 68 149
370 68 5 68 5 68 189 68 189 68 189 68 189 68 189 68 189 68 189 68 189 68 397 68 397 68 189 68 189 68 189 68 189 68 241 68 5 189 68 189 68 397 68 397 68 189 68 397 68 189 68 189 68 189 68 397 68 189 68 241 68 189 68 189 68 607 158 108 68 607 158 108 68 607 158 108 68 189 68 607 158 108 68 607 158 108 68 189 68 189 68 241 68 189 68 189 68 5
543 211 108 68 5 68 189
370 68 5 68 5
19 85
261 86 68 124 68 158 108
86 108
189
261 86 68 569 68 569 68 569 68 569
607 158 68 158 108 68 158 108 68 158 108
339
321 211
85 4 85
5 68 5 68 397 68 189 68 397 68 397 68 397 68 397 68 397 68 397 68 397 68 397 68 397 68 397 68 397 68 397 68 397 68 397 68 397 68 397 68 397 68 397 68 397 68 397 68 397 68 397 68 397 68 397 68 397 68 189 68 397 68 397 68 189 68 607 158 108 68 607 158 108 68 189 68 189 68 550 501 68 607 158 108 68 397 68 397 68 397 68 397 68 397 68 5 68 397
503 189 68 81 68 81 68 640
5 68 569 68 569 68 189 68 189 68 189 68 189 68 569 68 569 68 189
5 68 5 68 81 68 158 108 68 189 68 189 68 5 189 68 189
430 85 359
607 158 68 607 158 68 607 158 68 189 68 189 68 569 68 331
5
607 479 68 569 68 569 68 569 68 569
283 68 189
5 68 5 68 189 68 189 68 189 68 189 68 189 68 189 68 189 68 189 68 189 68 189 68 607 158 108
370 68 5 68 607 158 68 607 158 68 397 68 397 68 5 189 68 397 68 397
607 158 68 81 68 189 68 189 68 189 68 189
607 158 68 607 158 68 607 158 68 397 68 397 68 569 68 569 68 397 68 397 68 569 68 569 68 607 158 108
283
397 299
370 68 5 68 81
417
189 68 607 158 68 607 158 68 607 158 68 607 158 68 607 158 68 331
503 189 68 158 108
5 68 5 68 81 68 189 68 430
5 68 5 68 517 68 189 68 517 85
339 551 68 517 359
503 189 68 81 68 189 68 158 108
321 211
397 68 640
607 158 68 607 158 68 607 158 68 607 158 68 607 158 68 607 158 68 158 68 158 68 339
189 68 158 108 68 607 158 68 189 68 19 85 359 68 189 68 517 149
607 158 68 607 158 68 607 158 68 607 158 68 607 158
5 68 5 68 5
607 158 68 607 158 68 189 68 607 158 68 189 68 189 68 607 158 68 189 68 189 68 607 158 68 607 158 68 607 158 68 189 68 607 158 108 68 607 158 108 68 607 158 108 68 607 158 68 607 158 108 68 189 68 189 68 189 68 607 158 68 607 158 68 607 158 68 607 158 68 607 158 68 607 158 68 607 158 68 607 158 68 607 158 68 607 158 68 607 158 68 607 158 68 607 158 68 607
261 86 68 607 158 68 607 158 68 607 158 68 607 158 68 607 158 68 607 158 68 158 68 158 68 158 68 607 158 68 607 158 68 607 158 108
283 68 569 68 569
607 158 68 607 158 68 607 158 68 189 68 189 68 607 158 68 189 68 189 68 430 68 607 158 68 607 158 68 607 158 68 189 68 607 158 68 607 158 108 68 607 158 108 68 607 158 68 607 158 68 189 68 189 68 189 68 189 68 607 158 68 607 158 68 607 158 68 607 158 68 607 158 68 607 158 68 607 158 68 607 158 68 607 158 68 607 158 68 607 158 68 607 158 68 607 158 68 607
5
261 86 68 607 158 68 607 158 68 607 158 68 19 85 68 19 85
240 389 158 359
5 68 5 68 189 68 189 68 189 68 189 68 189 68 189 68 189 68 189 68 189 68 158 108
430 85
430 299
283 68 5 68 5 68 189 68 189
607 158 68 607 158 68 607 158 68 569 68 569 68 569 68 517
569 68 569 68 569 68 569 68 569 68 569 68 569 68 569 68 569 68 569 68 569 68 569 68 569 68 158 108
321 211 108 68 64 211
5 68 5 68 158 108 68 158 108 68 85 68 85
543
607 158 68 430 68 517
261 86 68 370 68 5 68 5 68 5 68 5
503 85
283 68 5 68 5 68 189 68 189 68 397 68 397 68 189 68 397 68 397 68 397 68 397 68 397 68 569 68 397 68 397 68 397 68 5 68 5 189 68 5 68 397 68 397 68 397 68 241 359 68 397 68 397 68 397 68 397 68 241 68 241 68 397 68 397 68 241 68 5 68 5 68 5 68 5 189 68 5 68 5 68 5 68 5 68 397 68 397 68 397 68 397 68 5 189 68 5 68
64 211 108 68 189 68 569 68 569 68 569 68 85
607 158 68 81 68 569 68 569 68 569 68 569 68 569 68 569 68 569 68 569 68 569 68 569 68 569 68 569 68 569 68 189 68 189 68 569 68 569 68 569 68 569 68 569 68 569 68 569 68 569 68 189 68 189 68 189 68 569 68 569 68 569 68 607 158 108 68 607 158 108 68 607 158 108 68 607 158 108 68 607 158 68 607 158 68 607 158 108 68 607 158 68 607 158 68 607 158 68
19 85 68 569 68 569 68 569 68 569 68 569 68 569 68 569 68 569 68 569 68 569 68 569 68 569 68 569 68 569 68 569 68 569 68 569 68 569 68 569 68 569 68 569 68 569 68 569 68 569 68 569 68 569 68 569 68 569 68 569 68 569 68 569 68 339 68 569 68 569 68 569 68 569 68 189 68 569 68 569 68 569 68 569 68 569 68 569 68 569 68 569 68 569 68 569 68 569
607 158 68 607 158
283 68 430 149
397 68 5 68 397 68 397 68 569
283 68 5 68 5 68 189 68 189 68 397 68 189 68 5 189 68 397 68 189
85 359
283 68 158 108 68 607 158 68 158 108
503 189
5 68 5 68 5 68 397 68 397
189 68 158 108 68 158 108 68 158 108
543 389 85 359 68 189 68 64 211 108
189 68 607 158 68 607 158 68 607 158 68 189 68 158 68 607 158 68 189
64 211 108 68 85
417
339 551 68 5 68 5 68 189 68 640
503 189 68 158 108 68 158 108 68 158 108
417
607 158 68 81 68 189 68 189 68 189 68 189 68 189 68 189 68 189 68 189 68 158 108
503 189 68 158 108 68 158 108 68 189 68 189 68 158 108
5 68 5 68 189 68 189 68 189 68 189 68 189 68 189 68 189 68 189 68 189 68 569 68 189 68 189 68 189 68 189 68 189 68 5 189 68 5 189 68 5 189 68 189 68 189 68 5 189 68 189 68 189 68 189 68 189 68 5 68 5 68 189 68 189 68 5 68 5 68 5 68 5 68 189 68 189 68 5 68 5 68 189 68 189 68 189 68 189 68 5 68 5 189 68 5 68 5
607 158 68 607 158 68 607 158 68 607 158 68 5 68 5 68 5 68 189 68 189 68 607 158 68 607 158 68 607 158 68 189 68 5 68 5 68 5 189 68 5 68 607 158 108 68 607 158 68 607 158 68 189 68 189 68 189 68 607 158 68 607 158 68 607 158 68 607 158 68 607 158 68 607 158 68 607 158 68 607 158 68 607 158 68 607 158 68 607 158 68 5 68 5 68 5 68 5
503 189 68 5 68 189 68 189
607 158 68 81 68 607 158 68 430 68 189 68 189 68 430 68 430 149
189 68 81 68 189
607 158 68 331
64 211 108 68 607 158 68 19 85 68 397 68 397 68 85 68 85
607 158 68 607 158 68 607 158 68 607 158 68 607 158 68 607 158 68 607 158 68 158 68 607 158 68 607 158 68 607 158 68 607 158 68 607 158 68 607 158 108 68 607 158 68 607 158 68 607 158 108
189 543 211 68 189 68 189
607 158 68 607 158 68 607 158 68 607 158 68 189 68 607 158 68 189 68 189 68 607 158 68 607 158 68 607 158 68 607 158 68 607 158 68 607 158 68 607 158 68 607 158 68 607 158 68 607 158 108
261 86 85
261 86 68 5 68 569 68 158 108
503 85
607 158 68 527 68 5 68 517
85 359
503 189 68 607 158 68 5 68 5
283 68 569 68 569 68 569 68 430 359
189 68 81 68 5 189 68 189
211 108
85 51 85
283
283
19 85 68 607 158 68 5 68 189 68 189 68 189 68 569 68 569 68 569 68 569 68 569 68 569 68 569 68 189 68 189 68 189 68 5 189 68 189 68 5 189 68 397 68 189 68 158 108 68 189 68 189 68 189 68 189 68 189 68 64 211 108 68 607 158 108 68 607 158 108 68 607 158 108 68 607 158 108 68 607 158 108 68 607 158 108 68 607 158 108 68 5 68 607 158 108 68 5
85 85
370 68 5 68 370 68 370 68 370 68 5 68 5 68 5 68 370 68 370 68 370 68 370 68 397 68 5
543 389 543
607 158 68 5 68 5 68 397 68 397 68 397 68 397 68 397 68 397 68 397 68 397 68 397
19 85 68 607 158 68 607 158 68 397 68 397 68 397 68 517
430 359
503 189
261 86 85
607 158 68 607 158 68 607 158 68 339
189 68 158 108 68 607 158 68 189 68 569 68 189 68 569 68 569 68 189 68 569 68 569 68 569 68 158 108
607 158 68 81 68 189 68 189 68 331
397 68 569 68 569 68 569 68 569 359
5 68 81 68 81 68 189 68 430 68 19 85 68 189 68 569 68 19 85
240 550 158 149
607 158 68 331 149
189 68 607 158 68 607 158 68 607 158 68 189 68 189
211
189 68 81 68 5 68 189
321 211 108 68 5 189 68 189
85 85 359 68 85 359
261 86 68 5 68 5 68 189 68 640
85 240 211 85
430 199 68 85
85 85
261 86 68 569 68 569 68 569 68 339
240 389 158
607 158 68 517
321 240
283 68 430 68 607 158 68 189 68 517
503 189 68 607 158 68 607 158 68 607 158 68 607 158 68 607
370 68 5 68 5 68 569
261 86 68 5
5 68 81 68 81 68 189 68 189 68 189 68 189 68 640 68 640 68 517
5 68 5 68 189 68 189 68 189 68 189 68 189 68 5 189 68 189 68 189
283 68 5 68 517 68 397 68 517
430 199
189 241 359
64 211 108 68 189 68 189 68 189 68 189 68 189 68 189 68 189 68 189 68 189 68 85
339
564
607 158 68 607 158 68 158 68 158 68 569 68 158
261 86 68 5 68 189
283 68 189 68 158 108 68 189 68 189 68 189 68 158 108
261 86 68 5 68 81 68 189 68 189 68 189 68 189 68 81 68 189 68 189
85 359
607 158 68 569 68 569 68 569
430
607 158 68 607 158 68 607 158 68 607 158 68 189 68 569 68 607 158 68 158 68 158 68 158 68 158 108
283 68 5 68 189 68 189 68 397 68 397 68 397 68 397 68 397 68 397
240 211
607 158 68 81 68 189 68 569 68 569 68 569 68 569 68 85 359
543 211 108 68 5
527 68 607 158 68 607 158 68 19 85
389 85 359 68 81 68 189
430 199 68 189 68 189 68 430
189 68 81 68 189 68 189 68 189 68 189
5 68 5 68 81 68 189 68 189 68 189 68 189
397 68 347 158 359
261 86
370 68 5 68 5 68 397 68 397 68 397 68 397 68 397 68 397 68 397 68 397 68 397 68 397 68 397 68 397 68 397 68 397 68 397 68 397 68 397 68 397 68 397 68 397 68 397 68 397 68 397 68 397 68 397 68 397 68 397 68 397 68 397 68 397 68 397 68 397 68 5 68 5 68 397 68 397 68 397 68 397 68 397 68 397 68 397 68 397 68 397 68 397 68 397 68 397 68
607 158 68 81 68 189 68 189
283 68 158 108 68 397 68 19 85
607 158 68 81 68 81 68 189 68 189 68 189 68 189
321 211 68 5
5 68 5 68 81 68 189 68 5 68 5 68 189 68 5 68 81
283 68 81 68 189 68 189 68 569 68 189
211 108
321 258 68 189 68 569 68 189
417 68 517
19 85 359 68 189 68 189 68 189 68 189
189 68 607 158 68 607 158 68 397 68 397 68 397 68 517 85
564
19 85
283 68 189 68 569 68 189 68 569 68 569 68 189 68 569 68 569 68 189
607 158 68 607 158 68 19 85 359
189 68 607 158 68 607 158 68 607 158 68 189 68 189 68 189 68 189 68 189 68 331 149
261 86 68 124 68 19 85
370 68 5 68 5 68 189
5 68 5 189
607 158 68 607 158 68 607 158 68 607 158 68 607 158 68 607 158 68 607 158 68 607 158 68 607 158
430 551
564
240 211 108 68 158 108
5
607 158 68 158 108 68 158 108 68 189 68 189 68 158 108
19 85 68 607 158 68 19 85 68 85
607 158 68 81 68 5 68 189 68 64 211 108
365 430 149
607 158 68 607 158 68 607 158 68 85
321 430
283
543
240
283 68 5 68 81 68 189 68 158 108
503 189 68 158 108 68 158 108
261 86 68 5 68 5 68 189 68 189
397 68 397 68 85
283 68 189 68 81
417
370 68 5 68 5 68 5 68 189 68 397 68 397 68 5
370 68 5 68 81 68 189 68 189 68 189 68 189 68 189 68 569 68 189 68 569 68 569 68 569 68 189 68 189 68 189 68 189 68 189 68 5 189 68 5 189 68 189 68 569 68 64 211 108 68 189 68 189 68 189 68 189 68 64 211 108 68 189 68 189 68 607 158 108 68 5 68 5 68 189 68 189 68 5 68 607 158 108 68 64 211 108 68 189 68 189 68 189 68 189 68 189 68
85 359
389 85 359
5 68 5 68 5 68 607 158 68 430 68 397 68 5 189 68 517
261 149
189 68 81 68 5 68 189 68 189 68 517 68 189 68 517 68 517
189 68 5 68 5 68 397 68 397
261 86 68 261 86 149
607 158 68 81 68 189 68 189 68 569 68 189 68 189 68 569 68 189 68 189 68 569 68 569 68 569 68 569 68 189 68 189 68 189 68 189 68 189 68 189 68 189 68 189 68 569 68 569 68 189 68 189 68 189 68 189 68 189 68 607 158 108 68 607 158 108 68 607 158 108 68 607 158 68 607 158 68 607 158 68 607 158 68 607 158 68 607 158 68 189 68 607 158 68 189 68 607 158
370 68 5 68 5 68 189 68 189 68 189 68 189 68 189 68 569 68 189 68 569 68 569 68 569 68 158 108
347 158
370 68 5 68 607 158 68 189 68 189 68 189 68 189 68 189 68 189 68 189 68 607 158 68 607 158 68 607 158 68 189 68 189 68 5 68 5 189 68 607 158 108 68 607 158 108 68 607 158 68 189 68 189 68 189 68 189 68 607 158 68 607 158 68 607 158 68 607 158 68 607 158 68 607 158 68 607 158 68 607 158 68 607 158 68 607 158 68 607 158 68 607 158 68 607 158 68 607
503 189
430
189 68 5 68 569 68 189 68 569 68 569 68 569 68 569 68 569 68 569 68 569 68 569 68 569 68 569 68 569 68 5 189 68 5 68 5 189 68 5 68 5 68 5 189 68 5 68 5 68 189 68 189 68 189 68 189 68 189 68 5 68 5 68 189 68 5 68 5 68 5 68 5 68 5 68 5 68 5 68 5 68 5 68 5 68 5 68 189 68 5 68 5 68 5 189 68 5 68
370 68 5 68 189 68 189 68 189 68 189 68 189 68 569 68 517 85
283 68 569 68 569 68 569 68 569
19 85 359 68 158 108
527 68 527 359
5 189 68 241 359
370 68 5 68 607 158 68 189 68 189 68 189 68 189 68 517 68 189 68 189
607 158 68 81 68 189 68 189 68 189 68 189 68 189 68 189 68 189 68 189
240 211 68 5
240 389 339
321 86
5 189 68 569 68 189 68 189
607 158 68 81 68 189 68 189 68 189 68 189 68 189 68 81
370 68 5 68 397 68 397
85 389 339 551 68 158 108
261 86 68 5 68 5 68 397 68 397 68 397 68 397 68 397 68 397 68 397
261 86 68 569 68 569 68 569 68 569
430 68 430
64 211 108 68 85 359 68 189 68 85 359
283 68 189 68 189 68 189 68 189 68 189 68 189
607 158 68 5 68 189 68 189
321 211 108 68 5 189
85 359 389 85 359
85 211 85
261 86 68 607 158 68 607 158 68 397 68 397 68 397 68 397 68 397 68 397 68 397 68 397 68 607 158 108
430 149
261 86 68 19 85
189 68 569 68 569 68 189
283 68 189 68 607 158 68 189 68 189 68 189
189 68 5 68 81 68 189 68 189 68 241 68 189 68 640
283 68 158 108 68 339 68 158 108
189 68 81 68 5 68 189 68 189 68 5 189 68 189
85
43 158
85 389 158 543
283
430 199
607 158 68 339
607 158 68 607 158 68 607 158 68 607 158 68 607 158 68 241 68 607 158 68 158 68 158
261 86
283 68 5 68 397 68 397 68 397 68 397 68 397 68 397 68 397 68 397
261 86 68 81 68 189
607 158 68 607 158 68 189
503 85
607 158 68 607 158 68 607 158 68 397 68 189 68 569 68 569 68 569 68 189 68 569 68 569 68 569 68 569 68 569 68 189 68 569 68 569 68 607 158 108 68 569 68 397 68 569 68 569 68 397 68 189 68 397 68 397 68 569 68 607 158 108 68 607 158 108 68 607 158 108 68 607 158 68 607 158 68 607 158 68 607 158 68 607 158 68 607 158 68 607 158 68 607 158 68 607 158 68
5 68 5 68 607 158 68 607 158
607 158 68 85 359 68 189
321 211
339 551 68 550 501 68 189 68 189 68 189 68 189 68 517 85
607 158 68 5 68 5 68 397 68 397 68 397 68 397
64 211 108 68 85 68 85 68 85 359
527 68 607 158 68 189 68 189 68 189 68 189
19 85 359
5 68 5 68 430 149 68 189 68 430 149
261 86
397 68 397
607 158 68 607 158 68 607 158 68 607 158 68 607 158 68 607 158 68 607 158 68 607 158 68 607 158 68 607 158 68 607 158 68 607 158 68 607 158 68 607 158 68 607 158 108 68 607 158 68 607 158 68 189 68 189 68 189 68 607 158 68 607 158 68 607 158 68 607 158 68 607 158 68 607 158 68 607 158 68 607 158 68 607 158 68 607 158 68 607 158 68 607 158 68 607 158 68 607
283 551
5 68 5 68 81 68 189 68 189 68 189
283 68 5 68 5 189 68 189
593 123 68 569 68 569 68 569 68 569 68 569
85 359
503 189 68 81 68 5 68 189
283 68 569 68 569 68 569 68 569 68 569 68 569 68 569 68 569 68 569
283 68 189 68 158 108 68 189 68 189 68 189 68 158 108
370 68 5 68 81 68 189 68 189 68 517 149
370 68 5 68 607 158 68 158 68 158 68 5
397 68 569 68 569 68 569
607 158 68 607 158 68 189 68 189 68 189 68 189 68 189 68 189 68 189 68 189 68 607 158 68 607 158 68 189 68 189 68 189 68 189 68 189 68 607 158 108 68 607 158 108
607 158 68 5 68 5 68 5 68 5 68 397 68 5 68 241 68 241
370 68 5 68 5 68 397 68 397 68 397 68 397 68 397 68 397 68 189 68 397 68 397 68 397 68 397 68 397 68 397 68 397 68 397 68 5 189 68 5 189 68 397 68 397 68 397 68 397 68 397 68 397 68 397 68 397 68 397 68 397 68 397 68 397 68 397 68 5 189 68 5 189 68 5 189 68 5 189 68 5 189 68 5 189 68 397 68 397 68 397 68 397 68 189 68 5 68
261 86 68 158 108 68 158 108 68 85 68 397 68 85
5 68 189 68 189 68 189 68 189 68 189 68 189 68 189 68 189 68 189 68 189 68 158 108
339 551 68 5 68 397 68 397 68 397 68 397 68 397 68 241 68 397 68 397 68 397 68 397 68 397 68 241
607 158 68 430 149
189 68 550 158 108 68 607 158 68 189 68 189
283
607 158 68 430
85 359
189 68 607 158 68 5 68 5 68 5 68 5 68 5
189 68 158 108 68 5 68 85
283 68 607 158 68 607 158 68 189 68 569 68 569 68 569 68 569 68 569 68 569 68 569 68 158 108
543 389 339 551 68 430
569 68 5 68 370 68 5 68 397 68 397 68 397 68 640
607 158 68 607 158 68 607 158 68 607 158 68 607 158 68 607 158 68 607 158 68 158 68 607 158 68 607 158 68 607 158 68 607 158 68 5 68 607 158 108
593 123
370 68 5 68 607 158 68 397 68 397 68 397 68 517
5 68 5 68 640
607 158 68 607 158 68 607 158 68 397 68 397 68 397 68 517 68 397 68 397 68 339
189 68 607 158 68 189 68 158 108 68 189 68 189 68 158 108
261 86 68 5 68 607 158 68 397 68 397 68 397 68 569 68 397 68 397 68 397 68 397 68 397 68 607 158 108
430 299 68 517
283 68 517 68 5 68 517
261 86 68 158 108 68 19 85 68 85
283 68 189 68 158 108 68 189 68 569 68 189 68 569 68 569 68 569 68 158 108
211 359
503 189 68 81 68 189 68 189 68 189 68 189
189 68 81 68 81 68 189 68 189 68 189 68 189 68 189 68 81
607 158 68 81 68 5 68 550 501 68 241 68 5 68 517 68 517
5 68 5 68 569 68 189 68 189 68 569 68 569 68 5 189 68 569 68 569 68 569 68 569 68 569 68 569 68 189 68 189 68 5 189 68 5 189 68 5 189 68 397 68 397 68 5 68 397 68 189 68 189 68 397 68 397 68 5 68 5 68 189 68 189 68 5 68 5 68 5 68 5 68 5 189 68 5 68 5 68 5 189 68 569 68 397 68 189 68 5 68 5 189 68 5 68 5
607 158 68 550 158
607 158 68 5 68 189 68 189 68 189 68 189 68 189 68 189 68 189
85 359
85 550 158 108 68 158 108
397 68 397 68 85
189 68 81 68 189 68 189 68 569 68 569 68 189 68 517 85
370 68 5 68 5 68 5 68 517
283 68 5 68 5 68 397 68 397 68 397 68 397
543 247
339 551 68 339
607 158 68 81 68 189 68 158 68 81
397 68 321 211
607 158 68 607 158 68 607 158 68 397 68 397 68 397 68 241 68 397 68 397 68 397 68 397 68 607 158 108
569 68 569 68 607 158 68 607 158 68 397 68 397
607 158 68 158 108 68 158 108 68 569 68 569
501 85
85 550 158 108 68 189 68 189
430 108 68 85 359 68 189 68 189 85
64 211 108 68 189 68 189 68 189 68 189 68 189
5 68 5 68 5 68 397 68 397 68 397 68 397 68 397 68 397 68 397
64 211 108 68 607 158 68 397 68 397 68 397 68 85
569 68 569 68 158 108 68 158 108 68 569 68 569 68 569 68 569 68 569 68 158 108
283
370 68 5 68 5 68 189 68 189 68 189 68 189 68 189 68 189 68 189 68 158 108
189 68 569 68 569 68 569 68 569 68 397 68 397
283 68 189 68 5 68 189 68 189 68 189 68 189 68 189 68 189 68 189
430 199
607 158 68 5 68 370 68 5
607 158 68 607 158 68 607 158 68 607 158 68 189 68 607 158 68 189 68 607 158 68 607 158 68 607 158 68 607 158 68 189 68 189 68 5 68 607 158 108 68 81 68 607 158 108 68 607 158 108 68 189 68 189 68 189 68 189 68 607 158 108 68 607 158 68 607 158 68 607 158 68 607 158 68 607 158 68 607 158 68 607 158 68 607 158 68 607 158 68 607 158 68 607 158 68 5 68
283 68 5 68 397 68 397 68 397 68 397 68 397 68 640
607 158 68 607 158 68 397 68 397 68 397 68 397 68 397 68 397 68 397
564
261 86 68 261 86 149
283
189 68 607 158 68 607 158 68 607 158 68 607 158 68 607 158 68 397 68 397 68 158 68 158 68 607 158 68 607 158 108
607 158 68 81 68 81 68 189 68 81 68 189 68 189 68 81 68 81 68 189 68 64 211 108
189 68 607 158 68 189 68 158 108 68 189 68 189 68 85 359 68 85
189 68 569
283 68 189 68 607 158 68 189 68 158 68 189
501 68 158 108
339 551 68 430
283 68 5 68 5 68 397 68 397 68 397 68 397 68 640
607 158 68 607 158 68 607 158 68 397 68 397 68 607 158 68 517 68 43 158 68 19 85
321 211 108 68 64 211
607 479 68 85 359 68 85
607 158 68 607 158 68 158
607 158 68 5 68 397 68 397 68 397 68 397 68 397 68 397 68 397
283 68 569 68 569 68 569 68 85 359 68 85 359
607 158 68 339
503 189 68 5 68 5 68 189 68 189 68 397 68 189 68 5
5 68 569 68 569 68 397 68 397 68 397 68 397 68 569 68 397
261 86 68 158 108 68 158 108
321 211
189 68 569 68 569 68 569 68 569 68 569 68 569
503 85
569 68 569 68 569 68 569 68 569 68 397 68 569
370 68 5 68 550 501 68 189 68 189 68 189 68 5 189 68 189 68 189 68 189 68 607 158 108
261 86
85 550 158 108 68 85
247 85
503 189 68 81 68 5 68 158
607 158 68 607 158 68 607 158 68 5 68 397 68 5 68 5 68 397 68 189 68 397 68 607 158
283 68 189 68 81 68 189 68 189 68 189 68 189 68 189 68 189 68 189 68 189 68 189 68 189 68 189 68 189 68 189 68 189 68 189 68 189 68 189 68 81 68 189 68 189 68 189 68 189 68 189 68 189 68 189 68 189 68 189 68 81 68 189 68 189 68 189 68 189 68 189 68 189 68 189 68 189 68 189 68 189 68 189 68 189 68 189 68 189 68 189 68 189 68 189 68 189 68
607 158 68 607 158 68 607 158 68 5 68 5
189 68 607 158 68 189 68 189 68 189 68 189 68 189
607 158 68 607 158 68 607 158 68 397 68 397
5 68 5 68 189 68 189 68 189 68 189 68 189 68 189 68 189 68 189 68 189 68 158 108
19 85 359 68 85 359
261 86 149
370 68 5 68 5 68 189 68 189
339
85 359 389 85 359
85 211
189 68 607 158 68 5 68 189 68 189 68 189 68 189
283 68 189 68 607 158 68 189 68 189 68 189
64 211
607 158 68 81 68 189 68 569
189 68 81 68 189 68 189 68 189 68 189 68 189 68 189 68 189 68 189
261 86 68 569 68 158 108 68 569 68 569 68 569 68 569 68 569 68 569 68 158 108
261 86 85 359
607 158 68 607 158 68 607 158
189 68 607 158 68 607 158 68 607 158 68 607 158 68 5 68 331
564 68 430
283 68 569 68 569 68 569 68 569 68 569 68 569 68 569 68 85
283 68 607 158 68 607 158 68 607 158 68 189
321 240
607 158 68 81 68 189 68 189 68 189 68 189 68 189 68 569 68 189 68 189 68 569 68 569 68 569 68 569 68 189 68 189 68 189 68 189 68 189 68 189 68 81 68 189 68 569 68 64 211 108
85 51 85
607 158 68 607 158 68 607 158 68 640
189 68 81 68 189 68 189 68 189 68 189 68 189 68 517
189 389 158 359
564 68 158 108 68 189
543
607 158 68 607 158 68 158 108 68 85
370 68 607 158 68 607 158 68 339 68 397 68 397 68 85
607 158 68 19 85 359 68 19 85
5 68 5 68 189 68 189 68 189 68 189 68 189 68 569 68 517
283
503 85
283 68 607 158 68 607 158 68 607 158 68 397 68 569 68 517 149
85 359
211
261 86 68 569 68 158 108
85 123 85 359
85 359
5 68 81 68 569 68 569 68 569 68 569 68 569
189 68 81 68 189 68 189 68 189 68 189 68 189 68 517
607 158 68 149
189 68 81 68 607 158 68 569 68 569 68 397 68 569 68 517
189 68 158 108 68 189 68 158 108 68 189 68 189
261 86 68 569 68 569 68 569 68 569 68 569 68 569
430 199
370 68 5 68 5 68 189 68 5 68 397 68 397 68 5 68 397 68 397 68 397 68 397 68 397 68 397 68 64 211 108
283 68 5 68 189
321 487
397 68 517 68 517
503 189 68 81 68 189 68 189
5 68 5 189
189 68 158 108
503 189 68 158 108 68 158 108
124
283 68 5 68 5 68 189 68 189 68 397 68 189 68 5
607 158 68 81 68 189 68 189 68 189 68 189 68 189 68 64 211 108
261 86 68 607 158 68 607 158 68 397 68 397 68 397 68 85
261 86 68 5 68 569 68 569 68 569 68 569 68 569 68 569 68 569 68 569 68 569 68 569 68 569 68 569 68 569 68 397 68 397 68 5 68 5 68 5 68 569 68 397 68 569 68 397 68 397 68 397 68 397 68 397 68 397 68 569 68 397 68 569 68 569 68 397 68 5 68 5 68 5 68 5 68 5 68 569 68 569 68 569 68 569 68 397 68 397 68 397 68 397 68 5 68 397
64 211
607 158 68 607 158 68 607 158 68 339 68 189 68 607 158 68 85
607 158 68 607 158 68 607 158 68 607 158 68 607 158 68 607 158 68 189 68 607 158 68 607 158 68 607 158 68 607 158 68 189 68 607 158 68 607 158 108
261 86 68 124
247 85
189
283 68 158 108
339 68 607 158 68 607 158 68 607 158 68 189 68 158 68 607 158 68 158
607 158 68 5 68 569 68 569 68 569 68 569 68 569 68 569 68 569 68 569
607 158 68 607 158 68 607 158 68 517 68 189 68 517
5 68 607 158 68 607 158 68 189 68 331
5 68 569 68 569 68 158 108 68 517 68 397 68 517
211 108
85 85 359
86 108
261 86 68 5 68 81 68 189 68 189 68 189 68 5
261 86 68 569 68 569 68 158 108 68 569 68 569 68 569 68 569 68 569 68 569 68 569 68 569 68 569 68 569 68 189
283 68 189 68 81 68 189 68 189 68 189 68 189 68 569 68 640
283
321 479
5 68 607 158 68 607 158 68 607 158 68 189 68 5 68 569 68 397 68 158 68 158 108
283 68 158 108 68 569 68 569 68 85 359
19 85 359 68 247
283 551
503
283 68 607 158 68 607 158 68 569 68 569 68 569 68 569 68 569 68 569 68 569 68 569 68 569 68 158 108
283 68 569 68 569 68 569 68 569 68 569 68 569 68 569 68 569 68 569 68 569
261 86 68 370 68 370 68 5 68 370 68 5 68 5 68 370 68 370 68 370
607 158 68 607 158 68 607 158 68 607 158 68 607 158 68 158 108
607 158 68 607 158 68 607 158 68 85 359 68 85
283 68 607 158 68 607 158 68 5 68 397 68 189 68 517
503 189 68 5 68 5 68 189 68 189 68 5 189 68 5 68 81
607 158 68 607 158 68 607 158 68 430 68 189
543 211 108 68 5 68 189
261 86 85
5 68 5 68 607 158 68 607 158 68 517 68 607 158 68 517
189 68 5 68 5 189
5 68 5 68 5
5 68 5 68 189 68 189 68 189 68 397 68 189 68 189 68 189 68 189 68 189 68 397 68 397 68 189 68 241 68 397 68 189 68 5 189 68 5 189 68 5 189 68 397 68 189 68 241 68 189 68 189 68 189 68 397 68 189 68 189 68 189 68 189 68 189 68 607 158 108 68 5 68 5 189 68 5 68 5 68 5 68 5 68 189 68 397 68 189 68 241 68 5 189 68 5 68 5
283
449 85
607 158 68 5 68 517
283
607 158 68 607 158 68 189 68 189 68 569 68 189 68 189 68 569 68 189 68 569 68 569 68 569 68 158 108
321 258 149
189 68 607 158 68 5 68 189 68 189 68 189 68 189 68 5
261 86 68 339 68 19 85 68 607 158 68 339 68 19 85
607 158 68 607 158 68 189 68 189 68 189 68 189
5 68 569 68 569 68 569 68 569 68 569 68 569 68 569 68 569 68 569
607 158 68 5 68 189 68 569 68 569 68 569 68 569 68 569
543 389 85 359
261 86 149
283 551
189 68 81 68 5 68 189 68 85 68 85
85 85
85 258
85 359
189 68 607 158 68 189 68 189 68 189 68 189 68 189 68 189 68 189 68 189 68 158 108
261 86 68 5 68 158 108
370 68 5 68 5 68 189 68 189 68 397 68 397 68 5 189 68 397 68 397 68 85
607 158 68 81 68 81 68 189
85
241 86 299
607 158 68 5 68 189 68 189 68 189 68 189 68 189 68 189 68 189 68 189
85 359 389 85 359
283
283 68 5 68 569 68 189 68 569 68 569 68 189 68 569 68 569 68 189 68 569 68 569 68 569 68 569 68 569 68 189 68 189 68 569 68 569 68 569 68 569 68 569 68 569 68 569 68 397 68 189 68 189 68 397 68 397 68 569 68 569 68 569 68 569 68 607 158 108 68 607 158 108 68 189 68 569 68 569 68 569 68 569 68 569 68 569 68 569 68 569 68 569 68 569 68 569 68
503 189 68 158 108
85 123 68 85 359 68 85 359
283 68 5 68 81 68 81 68 5
283 68 607 158 68 607 158 68 607 158 68 189 68 517 85
607 158 68 607 158 68 607 158 68 19 85 68 189 68 517 68 517
189 211 108 68 189 68 189 68 158 108
370 68 5 68 607 158 68 189 68 550 501 68 5 68 5 68 189 68 189 68 331 149
607 158 68 81 68 189 68 81 68 189 68 189 68 5 68 64 211 108
370 68 5 68 5 68 397 68 397 68 397 68 397 68 397 68 397 68 397
189 68 527 68 5 68 189 68 189 68 517
607 158 68 607 158 68 607 158 68 607 158 68 607 158 68 607 158 68 607 158 68 158 68 158 68 607 158 68 607 158 108
607 158 68 81 68 189 68 189
607 158 68 607 158 68 607 158 68 397 68 397 68 397 68 397 68 397 68 397 68 397 68 397 68 397 68 397 68 397 68 397 68 397 68 397 68 5 189 68 397 68 397 68 397 68 397 68 397 68 397 68 397 68 397 68 397 68 397 68 64 211 108 68 607 158 108 68 607 158 108 68 5 189 68 5 189 68 5 68 607 158 108 68 607 158 108
5 68 5 68 5 68 5 68 5 68 397 68 5
503 189 68 158 108 68 158 108
5 68 5 68 81 68 189 68 189 68 189 68 189
283 68 189 68 607 158 68 5 68 189 68 189 68 189 68 189 68 189 68 189 68 189 68 189 68 607 158 108
283 68 189 68 158 108 68 189 68 569 68 189 68 569 68 85
607 158 68 607 158 68 607 158 68 397 68 397 68 397 68 397 68 397 68 397 68 397 68 397 68 397 68 397 68 397 68 397 68 397 68 397 68 397 68 397 68 397 68 397 68 397 68 397 68 397 68 397 68 397 68 397 68 397 68 607 158 108 68 607 158 108 68 607 158 108 68 607 158 108 68 607 158 108 68 607 158 108 68 607 158 108 68 397 68 397 68 397 68 397 68 607 158 108
261 86 68 81 68 189
85
189 68 607 158 68 607 158 68 517 68 517 68 517
189 68 5 68 397 68 397 68 397 68 397 68 397
283 68 5 68 607 158 68 397 68 397 68 397 68 397 68 397 68 397 68 397
283 551
503 189 68 158 108 68 158 108 68 189 68 189 68 158 108
543 389 158 108 68 189
261 86 68 261 86 149
397
189 68 607 158 68 5 68 189 68 5 68 397 68 189 68 5 68 397 68 189 68 158 108
607 158 68 607 158 68 607 158 68 397 68 397 68 397 68 397 68 397 68 397 68 397 68 397 68 397 68 607 158 108
607 158 68 607 158 68 607 158 68 189 68 189 68 607 158 68 81 68 189 68 158 108
189 68 5 68 5 68 5 68 189 68 397 68 5 189 68 5 189 68 397 68 189 68 397 68 397 68 5 189 68 5 189 68 5 189 68 5 189 68 5 189 68 5 189 68 5 189 68 5 189 68 5 189 68 5 189 68 5 189 68 5 68 5 189 68 5 68 5 68 5 68 5 68 5 68 5 189 68 5 68 5 68 5 189 68 5 68 5 189 68 5 189 68 5 189 68 5 189 68
5 68 397 68 517
321 85 68 64 211 108
283
261 86 68 85 359
389 199 359
85 85 359
85
19 85
283 68 85 359
564
5 68 158 108 68 607 158 68 189 68 189 68 189 68 5 68 64 211 108
261 86 68 569 68 569 68 569 68 569 68 569 68 569
261 86 68 124
261 86 68 19 85
607 158 68 607 158 68 569 68 569 68 569 68 569 68 569 68 569 68 569 68 569 68 569 68 569 68 569 68 85 359
527 68 81 68 189 68 569 68 569 68 569 68 569 68 517
5 68 5 68 189 68 189 68 189 68 189 68 189 68 189 68 189 68 189 68 189 68 158 108
211
5 68 5 68 189 68 189 68 189 68 189 68 189 68 189 68 189 68 189 68 189 108
389 158 118
607 158 68 607 158 68 607 158 68 19 85 68 569 68 19 85
564 68 158 108 68 158 108
370 68 5 68 607 158 68 189 68 189 68 189 68 189 68 569 68 569 68 189 68 158 108 68 607 158 108 68 607 158 108 68 189 68 607 158 108 68 607 158 108 68 607 158 108 68 607 158 108 68 189 68 189 68 397 68 397 68 607 158 108 68 607 158 108 68 607 158 108 68 607 158 68 607 158 68 607 158 68 607 158 68 607 158 68 607 158 68 607 158 68 607 158 68 607 158 68 607
261 86 68 261 86 149
283 68 5 68 5 68 189 68 189
64 211 68 607 158 68 397 68 397 68 397 68 397 68 569 68 85 359
543
211 108
5 68 5 68 81 68 189 68 189 68 189 68 5 189 68 640
189 550 158 108 68 189 68 189 118
607 158 68 607 158 68 397 68 397 68 397 68 397 68 85 359 68 85
5 68 569 68 569 68 569 68 430 68 517
607 158 68 607 158 68 607 158 68 607 158 68 607 158 68 607 158 68 607 158 68 339
85 550 158 108 68 397 68 397
527 68 527 359
261 86
593 163 68 430
569 68 5 68 81 68 5 68 189 68 5 189
189 68 158 108 68 607 158 68 397 68 397 68 397 68 189
189 68 81 68 81 68 189 68 189 68 189 68 189 68 189 68 64 211 108
543 389 158

607 158 68 124
189 68 569 68 569 68 189 68 569 68 569 68 189 68 569 68 569 68 189
607 158 68 158 108 68 158 108 68 189 68 189 68 158 108
370 68 5 68 607 158 68 189 68 158 68 189 68 569 68 81
607 479 68 430 68 430
397
607 158 68 339 68 189 68 189 68 569
607 158 68 5 68 189 68 189
607 158 68 607 158 68 189 68 158 108 68 189 68 189 68 569 68 189 68 189 68 158 108
211 108
85 359 211 359
283 551 68 569 68 158 108
283 68 569 68 569 68 569 68 569 68 569 68 569 68 569 68 569 68 569 68 569 68 569 68 569 68 158 108
85 85 359
189 68 81 68 81 68 189 68 189 68 189 68 189
261 86 68 85 359
5 68 81 68 81 68 189 68 189 68 517
607 158 68 640
261 86 68 569 68 158 108 68 569 68 569 68 569 68 569 68 569 68 569
283 68 189 68 5 68 189 68 189 68 189 68 189 68 189 68 189 68 189 68 189 68 189 68 189 68 189 68 5 189 68 189 68 189 68 5 189 68 5 189 68 5 189 68 189 68 5 189 68 189 68 189 68 189 68 189 68 189 68 189 68 189 68 189 68 189 68 5 189 68 5 68 5 189 68 189 68 5 68 5 189 68 189 68 5 189 68 189 68 189 68 5 189 68 189 68 5 68
283
503 85
607 158 68 81 68 5 68 569 68 569 68 569 68 569 68 517
543 51 85
5
397 85 359
283 68 158 68 158 108 68 158 359
5 68 5 68 607 158 68 189 68 607 158 68 5 68 5 68 569 68 189 68 189 68 569 68 607 158 108 68 607 158 108 68 189 68 5 68 5 68 5 68 5 68 607 158 108 68 5 68 5 68 189 68 189 68 397 68 397 68 607 158 108 68 607 158 108 68 607 158 68 607 158 68 5 68 5 68 5 68 607 158 68 607 158 68 607 158 68 607 158 68 5 68 5 68 5 68 5 68
607 158 68 607 158 68 607 158 68 607 158 68 607 158
85 4 85
607 158 68 517
85 211 108 68 85
607 158 68 607 158 68 607 158 68 607 158 68 607 158 68 607 158 68 607 158 68 339 68 607 158 68 607 158 68 607 158 68 607 158 68 607 158 68 607 158 68 607 158 68 607 158 68 607 158 68 607 158 68 607 158 68 607 158 68 607 158 68 607 158 68 607 158 68 607 158 68 607 158 68 607 158 68 607 158 68 607 158 68 607 158 68 607 158 68 607 158 68 607 158 68 607 158 68
189 241 359
607 158 68 5 68 5
607 158 68 569 68 569 68 569 68 569 68 189 68 569 68 569 68 569 68 569
149 550 158 149
321 211 68 5 68 158 108
283 68 5 68 5 68 189 68 5 68 5 68 189 68 5 68 5 68 189 68 189 68 5 68 189 68 5 68 5 68 189 68 189 68 5 68 5 189 68 5 68 5 68 5 189 68 5 68 5 189 68 189 68 5 189 68 5 189 68 5 68 5 68 5 68 5 68 5 68 5 68 5 68 5 68 5 68 5 68 5 68 5 68 5 68 5 68 5 68 5 68 5 68 5 68 5 68 5
189 211 108
240 51 86
370 68 5 68 81 68 81 68 517
370 68 5 68 5 68 189 68 5 68 5 68 5 189 68 5
321 51 86
261 86 68 5 189 68 5 189
607 158 68 81 68 517 68 517
85 4 85
283 68 5 68 189 68 189 68 189 68 189 68 189 68 189 68 189 68 189 68 569 68 158 108
607 158 68 81 68 189 68 189 68 189 68 189 68 189 68 189 68 189 68 189 68 331 149
283 68 569 68 569 68 569 68 569 68 569 68 397 68 569 68 569 68 397
85 359 389 339
5 68 5 68 397 68 397 68 397 68 397 68 397 68 397 68 397 68 397
321 85 359 68 640
5 68 569 68 569 68 189 68 569 68 569 68 569 68 569 68 569 68 189 68 569 68 569 68 569 68 569 68 569 68 189 68 189 68 569 68 569 68 569 68 569 68 569 68 569 68 569 68 569 68 189 68 569 68 397 68 569 68 569 68 569 68 189 68 569 68 569 68 569 68 569 68 5 68 189 68 189 68 569 68 569 68 569 68 569 68 569 68 189 68 569 68 569 68 189 68 189 68
261 86 68 5 68 189 68 189 68 189 68 189 68 569 68 569 68 189 68 158 108
261 86 68 607 158 68 607 158 68 607 158 68 607 158 68 607 158 68 19 85
607 158 68 607 158 68 158 108 68 158 108
86 86 86
607 158 68 607 158 68 607 158 108
85 359
607 158 108 68 85 359 68 85 359
321 479
607 479 68 550 158 149
19 85
370 68 5 68 5 68 430
261 149
5 68 81 68 81 68 189 68 189 68 189 68 189
607 158 68 5 68 5
283
5 68 158 108 68 189 68 189 68 189 68 189 68 189
283 68 569 68 569 68 569
261 86 68 81 68 189 68 189 68 189 68 189
261 86 68 81
283 68 158 108 68 607 158 68 158 68 189
261 149 68 149
5 68 430
64 211 108 68 5 68 189 68 85
503 158 68 70 158
85
607 158 68 607 158 68 607 158 68 517
189 68 607 158 68 5 68 397 68 397 68 397 68 241
85 359
64 211 108
564 68 527
607 479 68 517 68 607 158 68 85 359
370 68 5 68 5 68 189 68 189 68 517
370 68 5 68 81 68 569 68 569 68 569 68 569
607 158 68 81 68 189 68 189 68 189 68 189 68 189 68 517
607 158 68 607 158 68 607 158 68 397 68 397 68 397
85 359
607 479 68 19 85 359 68 430 359
189 85 359
5 68 5 68 607 158 68 5 68 397 68 397 68 5 68 5 68 397 68 397 68 397 68 397 68 607 158 108
85 85
397 68 5
5 68 607 158 68 607 158 68 607 158 68 397 68 5 68 397 68 397 68 397 68 397 68 607 158 68 607 158 68 607 158 68 5 68 5 68 5 68 607 158 68 607 158 68 607 158 68 397 68 397 68 397 68 397 68 397 68 607 158 68 607 158 68 607 158 68 607 158 68 607 158 68 607 158 68 607 158 68 607 158 68 607 158 68 607 158 68 607 158 68 607 158 68 607 158 68 5 68
43 158 68 517
543 211 85
85 550 158 108 68 85 359 68 85 359
5 68 5 68 517 68 517 68 430 68 397 68 189
241 86 85 359
503 189 68 158 108 68 158 108
261 86 68 124
430
261 86 68 261 86 149
430 199
261 86 68 158 108 68 19 85
607 158 68 607 158 68 607 158 68 339 68 607 158 68 607 158
607 158 68 607 158 68 607 158 68 607 158 68 189 68 430 68 331 149
261 86 68 124
607 158 68 81 68 5 68 189 68 189 68 189 68 430 68 517
503 189 68 569 68 569 68 569 68 569 68 569 68 569 68 569 68 569
283 68 5
43 158 68 81
189 68 607 158 68 189 68 189 68 189 68 189 68 189 68 189 68 189 68 189
5 68 5 68 189 68 189 68 189 68 189 68 189 68 189 68 189 68 189 68 331
261 86 85
283 68 158 108 68 158 108 68 158 108
607 158 68 607 158 68 607 158 68 607 158 68 607 158 68 607 158 68 607 158 68 339
607 158 68 81 68 550 158
283 68 158 108 68 158 108 68 158 108
283
261 86 68 607 158 68 397 68 397 68 397 68 397 68 397 68 397
5 68 158 108 68 189 68 189 68 189 68 189 68 189 68 189 68 189 68 158 108
430 108
189 68 189 68 189 68 189
370 68 5 68 5
261 86 68 339 68 19 85 68 607 158 68 339 68 19 85
261 86 68 5 68 607 158 68 5 68 640 68 5 68 640
85 359 389 158 118
607 158 68 5 68 397 68 397 68 397 68 397 68 397 68 397
406 158 359
261 86 68 607 158 68 607 158 68 607 158 68 607 158 68 607 158 68 607 158 68 158 68 158 68 158 68 607 158 108
85 359
503 189 68 64 211 108
189 389 158 108 68 189 68 189 85 359
607 158 108
503 158 359
283 68 607 158 68 607 158 68 607 158 68 397 68 517
85
86 86
607 158 68 5 68 189 68 189 68 569 68 189 68 189 68 569 68 569 68 189
283 68 158 108 68 607 158 68 158 68 607 158 68 158 68 569 68 569 68 158 108
607 158 68 81 68 569 68 569 68 569 68 569 68 569 68 85
339 68 517
370 68 5 68 81 68 81 68 189 68 81 68 189 68 640
321 211
370 68 5 68 81 68 5 68 189 68 5
564
261 86 68 81 68 19 85
85 550 158 108 68 85
607 158 68 81 68 189 68 189 68 331 149
5 68 5 68 569 68 189 68 189 68 397 68 397 68 569 68 397 68 397 68 397 68 397 68 397 68 569 68 397 68 189 68 189 68 397 68 397 68 5 189 68 397 68 397 68 397 68 397 68 397 68 189 68 397 68 397 68 397 68 397 68 397 68 189 68 189 68 189 68 189 68 5 68 189 68 189 68 5 68 5 68 5 189 68 397 68 397 68 397 68 397 68 397 68 189 68 189 68
607 158 68 607 158 68 189 68 607 158 68 189 68 189 68 189 68 189 68 189 68 158 68 607 158 68 607 158 68 607 158 68 189 68 607 158 108 68 607 158 108 68 607 158 108 68 607 158 68 189 68 189 68 189 68 189 68 189 68 607 158 68 607 158 108 68 607 158 68 607 158 68 607 158 68 607 158 68 607 158 68 607 158 68 607 158 68 607 158 68 607 158 68 607 158 68 607 158
283 551
370 68 5 68 607 158 68 607 158 68 397 68 5 68 5
607 158 68 81 68 189 68 189 68 81 68 189 68 189
503 189 68 158 108 68 5 68 85
417
607 158 68 607 158 68 189 68 189 68 189 68 189 68 189 68 189 68 189 68 189 68 158 108
370 68 5 68 5 189
569 68 569 108
283
261 86 68 607 158 108 68 397 68 85
189 68 81 68 81 68 189 68 189 68 331
261 86 68 81 68 189 68 189 68 189 68 189 68 569 68 81 68 189 68 189 68 569 68 569 68 569 68 569 68 189 68 189 68 189 68 5 189 68 189 68 81 68 81 68 189 68 569 68 81 68 189 68 189 68 189 68 189 68 569 68 81 68 189 68 189 68 5 68 189 68 5 68 5 68 189 68 189 68 5 68 569 68 569 68 81 68 189 68 189 68 189 68 189 68 189 68 189 68
339 551
283 68 5 68 5 68 569 68 569 68 397 68 397 68 569 68 517
189 68 189 68 189 68 189 68 158 108
261 86 68 607 158 108 68 158 108 68 339
370 68 81 68 569 68 569
5 68 5 68 5 68 5 68 5 68 397 68 397 68 5 189 68 397
283 68 607 158 68 607 158 68 189 68 397 68 189 68 569 68 517 85
240
564 68 149
607 158 68 607 158 68 607 158 68 397 68 397 68 569 68 517 68 397 68 397 68 517
85 550 158 108 68 85 359 68 85 359
261 86
607 158 68 5 68 189 68 189 68 189 68 189 68 189 68 331 149
283
85 550 158 108 68 85
607 479 68 550 501 68 607 158 68 430 68 607 158 68 430 68 517
189 68 607 158 68 5 189 68 189 68 189 68 189
189 68 5 68 5 68 189 68 189 68 397 68 397 68 5 189
5 68 5 68 569 68 397 68 569 68 397 68 397 68 569 68 397 68 397 68 397 68 397 68 397 68 569 68 397 68 397 68 397 68 5 189 68 5 189 68 397 68 397 68 397 68 397 68 397 68 397 68 397 68 397 68 397 68 397 68 397 68 397 68 397 68 397 68 5 189 68 5 68 5 189 68 5 68 5 68 5 189 68 5 68 397 68 397 68 397 68 397 68 397 68 5 68 397
283 68 158 108 68 158 108
19 85
397 68 5 189
501 68 5
261 86 68 5 68 607 158 68 189 68 5 68 5 68 5 68 5 68 158 108
607 158 68 158 108
85 389 158 359
85 359
189 68 430 149
85 85
5 68 5 68 158 108
189 550 158 108 68 189 68 189
261 86 68 5 68 607 158 68 430 68 397 68 397 68 517 85
283 68 5 68 569 68 569 68 569 68 397 68 397
283 68 607 158 68 607 158 68 607 158 68 397 68 607 158 68 397 68 397 68 158 68 397 68 607 158 68 607 158 68 397 68 607 158 108
5 68 81 68 81 68 189 68 189 68 189 68 189 68 81
189 68 607 158 68 81 68 189 68 5 68 189 68 189 68 189 68 189
607 158 68 81 68 5 68 189 68 189 68 189 68 430 68 517
430
359 359
261 86 68 5 68 5 68 189 68 189
189 68 331
261 86 68 607 158 68 607 158 68 85
5 68 5 68 607 158 68 189 68 397 68 397 68 5 68 517
64 211 108 68 607 158 68 397 68 397 68 397 68 85
607 158 68 5 68 397 68 397 68 397 68 397 68 397 68 397 68 397 68 397
189 108 68 158 108 68 189 68 189
283 68 527 68 81 68 189 68 517
5 68 5 68 569 68 189 68 189 68 189 68 189 68 569 68 189 68 189 68 158 108
503 85
607 158 68 81 68 189
283 551
189 68 5 68 5 68 397 68 397 68 397 68 397 68 397 68 397 68 397 68 397 68 397 68 397 68 397 68 397 68 397 68 397 68 5 189 68 5 189 68 5 189 68 397 68 397 68 397 68 397 68 397 68 397 68 397 68 397 68 5 68 397 68 397 68 397 68 5 68 5 68 5 68 5 189 68 5 68 5 68 5 189 68 5 68 397 68 397 68 397 68 5 68 5 189 68 5 68
5 68 5 68 5 68 5 68 5 68 5
5 68 81 68 81 68 189
370 68 5 68 370 68 5 68 397 68 397 68 397 68 517
564
149
85 359 389 85 359
283
370 68 5 68 370 68 370 68 5 68 5 68 5 68 5 68 5 68 370
189 68 81 68 81 68 189 68 569 68 569 68 189 68 569 68 569 68 189 68 569 68 569 68 569 68 569 68 569 68 189 68 189 68 189 68 189 68 81 68 81 68 81 68 569 68 569 68 189 68 189 68 189 68 189 68 189 68 81 68 81 68 189 68 189 68 607 158 108 68 607 158 108 68 189 68 189 68 81 68 81 68 607 158 108 68 189 68 189 68 189 68 189 68 189 68 189 68
5 68 5 68 569 68 569 68 430 68 569 68 569 68 430 68 517
261 86 68 607 158 68 158 108 68 189 68 158 108
5 68 5 68 189 68 189 68 189 68 189 68 189 68 189 68 189 68 189 68 189 68 189 68 189 68 189 68 189 68 189 68 189 68 5 189 68 5 189 68 189 68 189 68 189 68 189 68 189 68 189 68 189 68 189 68 189 68 189 68 189 68 189 68 189 68 189 68 189 68 5 189 68 189 68 189 68 189 68 5 189 68 5 189 68 189 68 189 68 189 68 5 189 68 189 68 189 68
64 211 108 68 85 359
5 68 158 108 68 607 158 68 158 68 397 68 189 68 158 108
593 163 68 189 68 158 108
607 158 68 607 158 68 607 158 68 397 68 397 68 517
607 158 68 5 68 5 68 189 68 397 68 397 68 241 68 241 68 397 68 397
5 68 5 68 158 108 68 189 68 85 68 85
607 158 68 81 68 189 68 569 68 569 68 569 68 569 68 517
607 158 68 5 68 189 68 189 68 397 68 397 68 189 68 397 68 189 68 189
149
240 389 158 359
607 158 68 124 68 5 68 517
86 85
607 158 68 607 158 68 189 68 158 68 569 68 189 68 158 68 569 68 189
359
397 85 359
527 68 81 68 189
85 123 108 68 85 359
283 68 189 68 569 68 189 68 189 68 189 68 189 68 569 68 569 68 189 68 569 68 569 68 569 68 158 108
607 158 68 81 68 607 158 68 19 85 68 189 68 19 85
189 68 607 158 68 607 158 68 189 68 189 68 189 68 189 68 607 158 68 189 68 607 158 68 607 158 68 607 158 68 189 68 189 68 5 68 607 158 68 607 158 68 607 158 68 607 158 68 607 158 68 189 68 189 68 189 68 189 68 607 158 68 607 158 68 607 158 68 607 158 68 607 158 68 607 158 68 607 158 68 607 158 68 607 158 68 607 158 68 607 158 68 607 158 68 607 158 68
607 158 68 607 158 68 189 68 189 68 189 68 189 68 189 68 189 68 189
503 189 68 607 158 68 569 68 569 68 569 68 569 68 569 68 569 68 569
261 86 68 5 68 5 68 5 68 397 68 397 68 5 68 241 68 397
283 68 5 189 68 189 68 189
5 68 5 68 5 68 189 68 189 68 189 68 189 68 5
501 85 359
607 158 68 81 68 189 68 158 108
5 68 5 68 189 68 189 68 189 68 397 68 397 68 5 189 68 397 68 397 68 397 68 397 68 397 68 189 68 397 68 189 68 5 189 68 5 189 68 5 189 68 397 68 397 68 397 68 397 68 189 68 189 68 397 68 397 68 397 68 397 68 189 68 189 68 189 68 189 68 5 189 68 189 68 189 68 5 189 68 5 189 68 607 158 108 68 397 68 397 68 397 68 5 189 68 5 189
607 68 81 68 81 68
607 158 108 68 158 108
189 68 607 158 68 189 68 189 68 517
85 359 389 85 359
5 68 5 68 607 158 68 189 68 569 68 397 68 569 68 517
240 211
261 86 68 569 68 569 68 569 68 569 68 569 68 569 68 569 68 569 68 569 68 158 108
261 86 68 607 158 68 607 158
85 389 158 359
261 86 68 158 108
607 158 68 158 68 19 85 359
85 359
189 68 607 158 68 607 158 68 189 68 189 68 189 68 189 68 569 68 189
283 68 158 108
199
283 68 5 68 189 68 189 68 189 68 189 68 189
283 68 569 68 569 68 189 68 569 68 569 68 569 68 569 68 85
19 149
593 123 68 5 68 569 68 569 68 517
86 108
5 68 569 68 569 68 189 68 569 68 569 68 189
81 68 569 68 81
543 211
85 359
283 68 81 68 189 68 19 85
5 68 5 68 189
85 240 389 85
261 86 68 5 68 189
85 4 85
19 85 68 430 149
543 389 543
339 551 68 189 68 189
607 158 68 607 158 68 607 158 68 569 68 569 68 569 68 569 68 569 68 569
607 158 68 607 158 68 607 158 68 241 68 5
118
607 158 68 81 68 81 68 189 68 189
43 158 359
283 68 5 68 517 68 397 68 517
607 158 68 430 149
283 68 189 68 569 68 189 68 569 68 569 68 189 68 569 68 569 68 189
607 158 68 607 158 68 607 158 68 607 158 68 607 158 68 607 158 68 607 158 68 339
283
5 68 5 68 5 68 5 68 5 68 397 68 5
430 149
283
261 86
397 68 640
569 68 158 108 68 158 108
5 68 5 68 81 68 189 68 517
5 68 5 68 430 68 189 68 430 68 397 68 397 68 241 68 241 85
5 68 5
261 86 68 81 68 189 68 189
397 68 397 68 397 68 397
5 68 5 68 5 68 189 68 189
158 108
607 158 68 607 158 68 607 158 68 607 158 68 607 158 68 331 149 68 189 68 158 68 331 149
370 68 5 68 81 68 189 68 189 68 189 68 189 68 189 68 81 68 189 68 189
283 68 569 68 569 68 569 68 569 68 569
85 359 211 108
5 68 5 68 81 68 189 68 569 68 569 68 569 68 569 68 569 68 569 68 569 68 569 68 569 68 569 68 569 68 189 68 5 68 5 68 5 68 5 68 81 68 397 68 397 68 5 68 397 68 189 68 189 68 397 68 397 68 64 211 108 68 607 158 108 68 607 158 108 68 5 68 5 68 5 68 5 68 5 68 5 68 5 68 607 158 108 68 5 68 5 68 5 68 5 68 5 68
283 68 569 68 569 68 189 68 569 68 569 68 569 68 569 68 569
85 359
607 158 68 607 158 68 189 68 607 158 68 189 68 189 68 189 68 189
370 68 5 68 5 68 5 68 189 68 397 68 397 68 5
85 359
189 68 81 68 189 68 189 68 189 108
283 68 189 68 607 158 68 189 68 189 68 189 68 189 68 189 68 189 68 189 68 189 68 189 68 607 158 108
283 68 158 108 68 569 68 569 68 569 68 397 68 569 68 85 359
85 85
607 158 68 5 68 5 68 189 68 397 68 397 68 189 68 517
405
283 68 569 68 569 68 569 68 569 68 569 68 569 68 569 68 569
607 158 68 607 158 68 607 158 68 397 68 397 68 397 68 640
85 359
607 158 68 607 158 68 607 158 68 517 68 189
85 359 389 85 359
261 86 85 359
5 68 81 68 81 68 189 68 430 68 189 68 189 68 517
189 68 170 108
607 158 68 607 158 68 189 68 189
5 68 5 68 189 68 189 68 189 68 189 68 189 68 569 68 517
503 189 68 158 108 68 189 68 189 68 189 68 189
85 85 359 68 85 359
189 68 81 68 81 68 189 68 189
365 430 359
85 359
283 68 430 68 607 158 68 607 158 68 517
189
189 68 158 108 68 189 68 189
503 189 68 607 158 68 607 158 68 189 68 189 68 569 68 517
321
5 68 5 189 68 158 108
261 86 68 5 68 607 158 68 569 68 569 68 569 68 569 68 569 68 569 68 569 68 569 68 569 68 569 68 241
503 85
503 189
430 149 389 158 118 68 189
240 389 339
64 211
261 86 68 339 68 569 68 569
241 299 211 108
5 68 81 68 81 68 189 68 189 68 189 68 189 68 640
430
370 68 5 68 5 68 189 68 189 68 569 68 189 68 569 68 569 68 397
370 68 5 68 5 68 189 68 189 68 189 68 189 68 569 68 569 68 189 68 569 68 569 68 569 68 569 68 569 68 189 68 189 68 5 68 5 189 68 5 68 189 68 189 68 569 68 569 68 189 68 189 68 189 68 189 68 397 68 64 211 108 68 189 68 607 158 108 68 189 68 5 68 189 68 189 68 5 68 5 68 607 158 108 68 607 158 108
189 68 607 158 68 607 158 68 397 68 397 68 397
261 86 68 5 68 607 158 108 68 397 68 397 68 397 68 241 68 397 68 397 68 397 68 397 68 397 68 241
86 86 85 359
359 299
86 68 5 68 85 359 68 85 359
5 68 5 68 569 68 189 68 189 68 189 68 189 68 569 68 569 68 189 68 569 68 569 68 569 68 569 68 569 68 189 68 189 68 5 68 5 189 68 5 68 569 68 189 68 569 68 569 68 189 68 189 68 189 68 189 68 569 68 569 68 607 158 108 68 607 158 108 68 607 158 108 68 607 158 108 68 5 68 5 68 607 158 68 607 158 108 68 189 68 5 68 5 68 5 68 5 68
283 68 569 68 569 68 569 68 517 359
5 68 5 68 607 158 68 189 68 189 68 189 68 569 68 569 68 189 68 189
359
5 68 5 68 81 68 189 68 189 68 189 68 189 68 189 68 189 68 189
543 389 543
86 108
430 199 68 569 68 569
64 211 68 81 68 189
5 68 5 68 189 68 189 68 189 68 189 68 189 68 189 68 85
430 85
564
261 86 68 19 85 359
5 68 5 68 158 108 68 189 68 85 68 85 68 85
189
85 550 158 108 68 85
283 68 569 68 569 68 569 68 569 68 569 68 569 68 569 68 569 68 569 68 569 68 569 68 569 68 569 68 569 68 397 68 189 68 569 68 569 68 569 68 569 68 397 68 569 68 569 68 397 68 397 68 397 68 397 68 397 68 569 68 569 68 569 68 569 68 569 68 569 68 569 68 5 189 68 569 68 569 68 569 68 569 68 569 68 569 68 397 68 569 68 569 68 569 68 569 68 569
261 86 68 607 158 68 607 158 68 5 68 189 68 158 68 158 108
503 189 68 607 158 68 189 68 189 68 189 68 189 68 569 68 189 68 189
5 68 321 85
370
261 86 149
19 85
85 550 158 108
397 68 517 359
261 86 68 607 158 68 607 158 68 607 158 68 19 85 68 19 85
430 149 68 430 149
430
370 68 5 68 81 68 189 68 189 68 189 68 189 68 189 68 81 68 189 68 189 68 331 149
149 550 158 149
283 68 158 108
417
189 68 607 158 68 607 158 68 607 158 68 189 68 607 158 68 607 158 68 189 68 158 68 158 68 158 68 607 158 108
607 158 68 607 158 68 607 158
241 359
5 68 5 68 5 68 5 68 5 68 397 68 5 189 68 5
503 189 68 607 158 68 607 158 68 5 68 569 68 569 68 569 68 569 68 569 68 569 68 569 68 569 68 569 68 569 68 189
261 86 68 158 108 68 158 108 68 19 85 68 189 68 569 68 569 68 189 68 158 108
370 68 5 68 607 158 68 189 68 569 68 569 68 569 68 569 68 569 68 569 68 569 68 569 68 569 68 569 68 569 68 189 68 569 68 569 68 569 68 569 68 569 68 397 68 569 68 569 68 397 68 189 68 397 68 397 68 397 68 569 68 607 158 108 68 607 158 108 68 607 158 108 68 607 158 108 68 607 158 108 68 607 158 108 68 607 158 108 68 397 68 607 158 108 68 5 68 550
261 86 68 5 68 189 68 189 68 5
503 189 68 158 108 68 189 68 189 68 189 68 189 68 331 149
283 68 430 68 607 158 68 189 68 430
503 189 68 81 68 81 68 189 68 189 68 189 68 189
370 68 5 68 5 68 397 68 397 68 397 68 397 68 5 68 397 68 397 68 397 68 397 68 397 68 397 68 517
283 68 81 68 81 68 189 68 189 68 81
607 479
593 163
19 85 68 5 68 189 68 189 68 189 68 189 68 189
503 189 68 158 108 68 158 108 68 158 108
199 149
607 158 68 607 158 68 607 158 68 339 68 569 68 569
607 158 68 5 68 5
261 86 68 124
607 158 68 5 68 5 68 5 68 241 68 397 68 5 189
339 551 68 339 68 569 68 158 108
189 211 108
397 68 517 359
261 86 68 607 158 68 607 158 68 5 68 189 68 640
85 359 389 85 359
85 359
607 158 68 550 158
261 86 68 5 68 370 68 5 68 5 68 397 68 5
430 199
158 108
85 211
607 158 68 5 68 5 68 5 68 397 68 397 68 5 68 397 68 397 68 397 68 397 68 397 68 397 68 5 68 397 68 397 68 5 68 5 68 5 189 68 5 68 397 68 397 68 5 68 397 68 397 68 397 68 397 68 397 68 5 68 5 68 5 68 5 68 5 68 5 68 5 68 5 68 5 68 5 68 5 68 5 68 5 68 5 68 397 68 397 68 5 68 5 68 5 68 5 68
607 158 68 158 108
607 158 68 607 158 68 607 158 68 397 68 397 68 397 68 517
397
5 68 5 68 607 158 68 189 68 189 68 189 68 5
261 86 68 5 68 81 68 189 68 189 68 397 68 5 68 640 68 397 68 397 68 64 211 108
339 551 68 397
430 108 68 517 68 189 68 189
564
406 158 359
607 158 68 81 68 5 68 569 68 517 68 397 68 517 68 517 68 397 68 397 68 517
607 158 68 607 158 68 607 158 68 607 158 68 607 158 68 607 158 68 607 158 68 158 68 158 68 607 158 68 607 158 68 189
430 85
85 258 68 189
370 68 5 68 81 68 189 68 189 68 189 68 189 68 189 68 81 68 189 68 189 68 331 149
261 86 85 359
170
261 86 68 158 108 68 158 108 68 158 108 68 189 68 158 108
5 68 607 158 68 607 158 68 607 158 68 189 68 607 158 68 607 158 68 189 68 158 68 158 68 607 158 68 607 158 108
85 359
607 158 68 5 68 189 68 189 68 569 68 189 68 189 68 569 68 569 68 189
607 158 68 607 158 68 607 158 68 607 158 68 607 158 68 607 158 68 607 158 68 607 158 68 607 158 68 607 158 68 607 158 68 607 158 68 607 158 68 607 158 68 607 158 68 607 158 68 607 158 68 607 158 68 607 158 68 607 158 68 607 158 68 607 158 68 607 158 68 607 158 68 607 158 68 607 158 68 607 158 68 607 158 68 607 158 68 607 158 68 607 158 68 607 158 68 607 158
261 86 149
261 86 68 569 68 569
593 163 68 189
501 85 359 68 158 108
5 68 5 68 5
607 158 68 607 158 68 607 158 68 607 158 68 607 158 68 81 68 607 158 68 19 85
501 85 359 68 189 68 158 108
261 86 68 5 68 81 68 189 68 569 68 397
283
189 68 569 68 569 68 189 68 189
5 68 5 68 189 68 189 68 189 68 189 68 189 68 189 68 85
189 68 189 68 189 68 189 68 189 68 397 68 189 68 189 68 189 68 189 68 189 68 569 68 397 68 189 68 189 68 189 68 189 68 189 68 189 68 189 68 189 68 397 68 189 68 189 68 397 68 189 68 189 68 397 68 189 68 189 68 64 211 108
85 359 68 85 359
321 247
189 68 5 68 5 68 189 68 397 68 397 68 397 68 5 189 68 397 68 397
430 199
261 86 68 607 158 68 607 158 68 607 158 68 397 68 569 68 19 85
261 86 68 5 68 5 68 189 68 189 68 189
85 389 85 359 68 189 68 189 85 359
607 158 68 339 68 517 85
607 158 68 5
189 68 607 158 68 607 158 68 189 68 189 68 189
564
607 158 68 607 158 68 607 158 68 607 158 68 607 158 68 397 68 397 68 397 68 339
149
261 86
339 551
283 68 569 68 569 68 569 68 569 68 569 68 569
569 68 158 108 68 607 158 108 68 189 68 397 68 85
64 211 108 68 607 158 68 19 85 68 397 68 397 68 85
321 211
189 68 5 68 189 68 189 68 189 68 189
321 211
261 86 68 5 68 81 68 189 68 189 68 189 68 640 68 81 68 64 211 108
85 359
564 68 81 68 81 68 189 68 189 68 189 68 189
283 68 189 68 81 68 189 68 189 68 189 68 189
569 68 569 68 569 68 569
370 68 5 68 158 108
64 211
283
607 158 68 527 68 607 158 68 19 85 68 19 85
86 85 359 68 85 359
261 86 68 569 68 569 68 569 68 569 68 189
339 551 68 85 359 68 85
5 68 5 68 569 68 189 68 430 108
543 389 543
370 68 5 68 5 68 569 68 569 68 569 68 569 68 569 68 569 68 569 68 569 68 569 68 569 68 569 68 569 68 607 158 108
189 68 5 68 189 68 189 68 5 189 68 5 189
543
283 68 5 68 5 68 189 68 189 68 189 68 189
189 68 607 158 68 189 68 189 68 189 68 189
149
158 108
503 85
321 51 86 68 5
370 68 5 68 5 68 189 68 189 68 189 68 189 68 5 68 331 149
85 359 389 85 359
370 68 5 68 124
85 359 389 158 118
607 158 68 81 68 189 68 331
283 68 158 108 68 158 108 68 158 108 68 189 68 569 68 569 68 569 68 158 108
85 51 85
261 86 68 607 158 68 607 158 68 607 158 68 5 68 569 68 569 68 569 68 158 68 158 108
283 68 569 68 569 68 569 68 569 68 569 68 569 68 569 68 569 68 569 68 569 68 569 68 569 68 569 68 569 68 189 68 569 68 569 68 569 68 569 68 569 68 569 68 569 68 569 68 569 68 189 68 189 68 569 68 569 68 569 68 569 68 569 68 569 68 569 68 607 158 108 68 607 158 108 68 569 68 569 68 569 68 569 68 569 68 569 68 569 68 569 68 569 68 569 68 569 68
607 158 68 607 158 68 607 158 68 85 359 68 397 68 85
607 158 68 81 68 550 158 149
607 158 68 5 68 5 68 5 68 241 68 640
397 68 5 68 5 189 68 189 68 189
607 158 68 81 68 189 68 189 68 81 68 189 68 189 68 81 68 81
189 68 607 158 68 607 158 68 569 68 569 68 569 68 569 68 569
430 199
283 68 5 68 189 68 189 68 189 68 189 68 189
430 85 359
5 68 5 68 189 68 189 68 189 68 189 68 189 68 189 68 517 85
607 158 68 607 158 68 5 68 189 68 189 68 189
370 68 5 68 550 501 68 189 68 189 68 397 68 189 68 85
389 158 108
430
240 211 85
189 68 81 68 189 68 189 68 189
569 68 569 68
607 158 68 339 68 397 68 397
283
85 359
283 68 517
283 68 189 68 607 158 68 189 68 189 68 189 68 189 68 189 68 189 68 189 68 189 68 189 68 158 108
430 85 359
283 68 158 108
5 68 5 68 5 68 189 68 189 68 189 68 189 68 5
503 189 68 189 68 189 68 189 68 189 68 189
19 85 359 68 158 108
607 479 68 430 149
321 211
19 85 359 68 85
189 68 5 68 189 68 189 68 189 68 397 68 189 68 569 68 85
247
283 68 5 68 5 68 189 68 189 68 397 68 189 68 189
607 158 68 5
607 158 68 607 158 68 607 158 68 607 158 68 5 68 5 68 607 158 68 189 68 607 158 68 607 158 68 607 158 68 607 158 68 5 68 5 68 5 68 607 158 68 607 158 68 607 158 68 607 158 68 189 68 189 68 607 158 68 607 158 68 607 158 68 607 158 68 607 158 68 607 158 68 607 158 68 607 158 68 607 158 68 607 158 68 607 158 68 607 158 68 607 158 68 607 158 68 607
503 189 68 158 108 68 158 108 68 339 68 569 68 569 68 569 68 569 68 158 108
81 68 189
283 68 607 158 68 607 158 68 517 68 517
607 158 68 81 68 81 68 189 68 189 68 241 68 189 68 64 211 108
124
430 359
283
261 86 68 5 68 81 68 189 68 189 68 189 68 189 68 81
283 68 569 68 569 68 189 68 569 68 569 68 569 68 569 68 85
283 68 5 68 189 68 189 68 569 68 569 68 189
261 86 68 158 108 68 158 108
85 359 389 158 149
261 86
283
283
85 359
85 359 211 108
5 68 5 68 81 68 189 68 189 68 189 68 189 68 5 189 68 189 68 189 68 189 68 607 158 108
261 86 68 5 68 81 68 189 68 189 68 189 68 5 189 68 189 68 569 68 189
283 68 5 68 517
261 86 68 158 108 68 158 108 68 158 108 68 158 108
261 86 68 569 68 569 68 569 68 569 68 569
430 199
389 158
283 68 189 68 81 68 189 68 189 68 189 68 189 68 569 68 569 68 189
85 359
261 86 85
5 68 5
5 68 5
85 359 389 339
593 163 68 81 68 189 68 189 68 85
283 68 5 68 517 68 189 68 517
261 86 68 607 158 68 607 158 68 397 68 397 68 397 68 397 68 397 68 397 68 397 68 397 68 607 158 108
189 68 569 68 569 68 569 68 569 68 569 68 569 68 569 68 569 68 569 68 569 68 569 68 569 68 569 68 569 68 397 68 397 68 569 68 397 68 569 68 569 68 397 68 397 68 569 68 397 68 397 68 397 68 397 68 397 68 569 68 569 68 569 68 569 68 569 68 569 68 569 68 569 68 189 68 569 68 569 68 569 68 569 68 569 68 397 68 397 68 397 68 397 68 397 68 397 68
283 68 5 68 569 68 569 68 430 68 397 68 397
5 189 68 81 68 189
479
339 551 68 339 551
503 189 68 607 158 68 607 158 68 569 68 569 68 569 68 569 68 569 68 569 68 158 108
283 68 5 68 189 68 189 68 569 68 569 68 569 68 569 68 569 68 569 68 569 68 569 68 569 68 569 68 569 68 189 68 189 68 5 189 68 569 68 569 68 569 68 397 68 569 68 569 68 397 68 189 68 397 68 397 68 397 68 569 68 569 68 189 68 569 68 5 189 68 5 68 5 68 189 68 5 189 68 569 68 569 68 569 68 569 68 397 68 569 68 241 68 569 68 569 68 5
430 149
5 68 430 68 430 68 189 68 430 68 517 68 397 68 517 85
543 211 543
430
607 479 68 517
283 68 5 68 189 68 189 68 189 68 569 68 569 68 569 68 569 68 569 68 569 68 569 68 569 68 569 68 569 68 189 68 189 68 5 189 68 189 68 189 68 569 68 189 68 569 68 569 68 189 68 189 68 189 68 189 68 189 68 569 68 189 68 189 68 569 68 607 158 108 68 5 189 68 189 68 189 68 569 68 569 68 569 68 569 68 569 68 189 68 569 68 189 68 189 68 189 68
370 68 5 68 81 68 189 68 189 68 189 68 189
189 68 607 158 68 607 158 68 397 68 397 68 189 68 189 68 397 68 189 68 569 68 569 68 569 68 569 68 569 68 397 68 189 68 397 68 189 68 189 68 397 68 397 68 189 68 397 68 397 68 189 68 189 68 397 68 189 68 397 68 397 68 189 68 189 68 607 158 108 68 607 158 108 68 189 68 189 68 607 158 108 68 607 158 68 607 158 68 189 68 397 68 397 68 189 68 189 68
5 68 5 68 569 68 569 68 569 68 397 68 397 68 569
359
283 68 5 68 189 68 189 68 189 68 569 68 189 68 569 68 569 68 569 68 569 68 569 68 569 68 158 108
607 479 68 607 158 68 607 158 68 397 68 397 68 607 158 68 517 68 397 68 43 158 68 607 158 68 607 158 68 607 158 68 607 158 68 607 158 68 607 158 68 607 158 68 607 158 68 607 158 68 607 158 68 397 68 397 68 607 158 68 607 158 68 607 158 68 607 158 68 607 158 68 607 158 68 607 158 68 607 158 68 607 158 68 607 158 68 607 158 68 607 158 68 607 158 68 607 158
607 158 68 607 158 68 607 158 68 607 158 68 607 158 68 331
283 68 569 68
607 158 68 5 68 189 68 189 68 189 68 189 68 189 68 189 68 189 68 189
397 68 607 158 68 607 158 68 607 158 68 397 68 517
607 479 68 517 68 607 158 68 85 359
607 158 68 607 158 68 5 68 5 189 68 5 189 68 5 189 68 241 68 241 68 241
564 68 158 108 68 158 108 68 430 68 430
607 158 108 68 158 108
5 189 68 430 149
607 158 68 569 68 569 68 569 68 569
64 211 108 68 189 68 189 68 189 68 189 68 189 68 189 68 85
261 86 68 124
5 68 5 68 189 68 189 68 189 68 189 68 189 68 189 68 189 68 189 68 189 68 158 108
85
189 68 607 158 68 607 158 68 607 158 68 189 68 158 68 607 158 68 189
283 68 81 68 81 68 189 68 189 68 64 211 108
19 359
85 359
593 123
283 68 158 108 68 158 108
64 211 108 68 85
261 86 68 158 108 68 158 108 68 158 108 68 189 68 158 108
5 68 569 68 158 108
503 189 68 81 68 189 68 189
261 86 68 158 108 68 158 108 68 85
593 163 68 569 68 569 68 569 68 569 68 569 68 569 68 85 359
321
19 85 359
85 359 68 85 359
607 158 68 5 68 5 68 397 68 397 68 397 68 397 68 397 68 397
564
85 359
261 86 149
5 68 81 68 5
64 211 68 640
5 189 68 569 68 569
607 158 68 81 68 5 68 189 68 517
397 68 5 189 68 189 68 189
607 158 68 5 68 607 158 68 189 68 397 68 189 68 517
189 68 158 108 68 607 158 68 189 68 517 68 189 68 517
158 108
321 211
370 68 5 68 5 68 189 68 189 68 189 68 189 68 5 189 68 189 68 189 68 158 108
607 158 68 5 68 189 68 189 68 569 68 189
283 68 158 108
5 68 5 68 189 68 189 68 189 68 189 68 189 68 5 189 68 189 68 189 68 158 108
607 158 68 607 158 68 189 68 158 108 68 85 68 85 68 85
607 158 68 339 68 550 158 108
607 158 68 607 158 68 397 68 397 68 397 68 397 68 397 68 397 68 397 68 397 68 397 68 397 68 397 68 397 68 397 68 397 68 397 68 397 68 397 68 397 68 397 68 397 68 397 68 397 68 397 68 397 68 397 68 397 68 397 68 397 68 397 68 397 68 397 68 397 68 607 158 108 68 397 68 397 68 397 68 397 68 607 158 108 68 397 68 397 68 397 68 397 68 397 68 397 68
261 86 68 569 68 158 108 68 158 108 68 189 68 569 68 569 68 569 68 158 108
607 158 68 5 68 5 68 397 68 397
607 158 68 607 158 68 607 158
607 158 68 5 68 5 68 189 68 189 68 189 68 189 68 569 68 189
189 68 569 68 569 68 189 68 569 68 569 68 189 68 569 68 569 68 189 68 569 68 569 68 569 68 569 68 569 68 189 68 189 68 5 189 68 189 68 569 68 569 68 189 68 569 68 569 68 189 68 189 68 397 68 189 68 569 68 569 68 569 68 189 68 569 68 607 158 108 68 5 68 5 189 68 189 68 5 68 607 158 108 68 569 68 189 68 189 68 5 68 5 189 68 189 68 5
5 68 5 68 81 68 189 68 569 68 569 68 569 68 5 68 569 68 569 68 569 68 569 68 569 68 569 68 5 68 5 189 68 5 68 5 68 5 68 5 68 81 68 370 68 5 68 5 68 5 189 68 189 68 397 68 370 68 81 68 81 68 81 68 607 158 108 68 5 68 5 68 5 68 5 68 5 68 5 68 81 68 5 68 81 68 5 68 5 68 5 68 5 68 5 68 5 68
283 68 158 108
607 158 68 81 68 81 68 189 68 569 68 569 68 569 68 517
607 158 68 607 158 68 607 158 68 607 158 68 607 158 68 607 158 68 607 158 68 339
543 211 108 68 189 68 189
283 68 158 108 68 19 85
283 68 607 158 68 607 158 68 607 158
607 158 108
283 68 81 68 189 68 189 68 189 68 569 68 189
607 158 68 5 68 5
5 68 189 68 189 68 189 68 189 68 189 68 189 68 189 68 189 68 189 68 189 68 158 108
321
569 68 430 68 430 149 68 430 68 430 149
430 199 68 189 68 189
5
430
283 68 189 68 5 68 189 68 189 68 189 68 189 68 189 68 189 68 569 68 569 68 569 68 569
607 158 68 158 68 158
283 68 607 158 68 189 68 569 68 569 68 569 68 569 68 569 68 569 68 569 68 569 68 569 68 569 68 569 68 569 68 189
189 68 607 158 68 189 68 189 68 189 68 189 68 189 68 189 68 189 68 189 68 189 68 189 68 189 68 189 68 189 68 189 68 189 68 189 68 189 68 189 68 189 68 189 68 189 68 189 68 189 68 189 108
607 158 68 607 158 68 607 158 68 607 158 68 607 158 68 331
607 158 68 607 158 68 607 158 68 331
503 189 68 569 68 569 68 189 68 569 68 569 68 569
261 86
607 158 68 81 68 189 68 189 68 569 68 189 68 189 68 331 149
5 68 569 68 569 68 569 68 569 68 569 68 569
339 551 68 136 479
607 158 68 339 68 19 85
283 68 5 68 550 501 68 5 68 397 68 397 68 397 68 517 85
19 85 359
283
607 158 68 607 158 68 5 68 517 68 241 68 5
607 158 68 5 68 158 108 68 189 68 397 68 640
607 158 68 607 158 68 607 158 68 607 158 68 607 158 68 81 68 607 158 68 607 158 68 607 158 68 607 158 68 607 158 68 607 158 68 607 158 68 607 158 68 607 158 68 607 158 68 607 158 68 607 158 68 607 158 68 607 158 68 607 158 68 607 158 68 607 158 68 607 158 68 607 158 68 607 158 68 607 158 68 607 158 68 607 158 68 607 158 68 607 158 68 607 158 68 607 158 68
261 86 68 81 68 189
370 68 5 68 569 68 158 108 68 569 68 569 68 569 68 85
283 68 5 68 189 68 189 68 189 68 517
607 158 68 607 158 68 607 158 68 607 158 68 607 158 68 149
19 359
283 68 5 68 81 68 189 68 189 68 569 68 189
5 189
283 68 158 108 68 158 108 68 158 108
503 189 68 149
503 189 68 5 68 189 68 189 68 189 68 189 68 189 68 189 68 189
189 118
543 211 108 68 85
85 389 158 108 68 189 68 189
607 158 68 607 158 68 189 68 569 68 569 68 569 68 85 68 85
5 68 5
331
240 389 430
240 211
283 68 5 68 397 68 397 68 397 68 397 68 397 68 397 68 397 68 397 68 397 68 397 68 397 68 397 68 397 68 397 68 397 68 397 68 397 68 397 68 397 68 397 68 397 68 397 68 397 68 397 68 397 68 397 68 397 68 397 68 397 68 397 68 397 68 397 68 397 68 5 68 5 189 68 397 68 5 68 397 68 397 68 397 68 397 68 397 68 397 68 397 68 397 68 397 68 397
607 158 68 430
607 158 68 607 158 108 68 158 108
124
397 68 397
283 68 517
189 68 5 68 5 68 189 68 189 68 397 68 397 68 397 68 397 68 397 68 397 68 397 68 397 68 397 68 397 68 189 68 189 68 5 189 68 5 189 68 5 189 68 397 68 397 68 397 68 397 68 397 68 397 68 397 68 397 68 5 189 68 397 68 189 68 5 189 68 5 189 68 5 189 68 5 189 68 5 189 68 5 189 68 5 189 68 397 68 397 68 5 189 68 5 189 68 5
64 211 108 68 640
5
189 68 607 158 68 189 68 189 68 189 68 189 68 189 68 189 68 189 68 189 68 189 68 189 68 189 68 189 68 189 68 189 68 189 68 5 189 68 189 68 189 68 189 68 189 68 189 68 189 68 189 68 189 68 189 68 189 68 189 68 189 68 189 68 189 68 607 158 108 68 189 68 189 68 189 68 189 68 5 189 68 607 158 108 68 607 158 108
5 68 5 68 5 68 569 68 569 68 397 68 397
189 68 5 68 189 68 189 68 189 68 189 68 189 68 189 68 189
64 211 108 68 607 158 68 397 68 397 68 397 68 241 68 241
503 189
607 158 68 5
283
370 68 5 68 5 68 189 68 189 68 189 68 189 68 5 189 68 189 68 189 68 569 68 607 158 108
85 359
261 86 68 158 108 68 189 68 189 68 189 68 189
607 158 68 81 68 19 85
85 4 85
19 85
5 68 607 158 68 607 158 68 397 68 397 68 397 68 397 68 85
283 68 189 68 607 158 68 189 68 189 68 189 68 569 68 85
607 158 68 607 158 68 189 68 607 158 68 189
607 158 108 68 550 158 108 68 85
430 149
5 68 5 68 124
85 64 211
607 158 68 607 158 68 607 158
564 68 5 68 124
359 299
261 86 68 5 68 5 68 5
370 68 5 68 550 501 68 189 68 189 68 397 68 189 68 85
501 68 158 108
564
607 158 68 158 108 68 189 68 569 68 569 68 189 68 85 359
593 163 68 430 68 85 359 68 85
607 158 68 81 68 189 68 189 68 331
189 68 607 158 68 607 158 68 607 158 68 189 68 189 68 331 149
5 189 68 5
607 158 68 81 68 189
607 158 68 607 158 68 607 158 68 339 68 189 68 569 68 569 68 569 68 569 68 339
283 68 5 189 68 5
607 158 68 81 68 189 68 189 68 189 68 189 68 189 68 189 68 189 68 189
189 68 607 158 68 607 158 68 607 158 68 607 158 68 607 158 68 397 68 607 158 68 607 158 68 607 158 68 607 158 68 607 158 68 607 158 68 607 158 68 607 158 68 607 158 68 607 158 68 607 158 68 397 68 397 68 607 158 68 607 158 68 607 158 68 607 158 68 607 158 68 607 158 68 607 158 68 607 158 68 607 158 68 607 158 68 607 158 68 607 158 68 607 158 68 607 158 68
283 68 189 68 158 108 68 158 108
85 359
5 68 5 68 81 68 5 189
283 68 5 68 5
283 68 189 68 569 68 189 68 189 68 189
370 68 5 68 5 68 569 68 569 68 569 68 569 68 569 68 569 68 569 68 569 68 569 68 569 68 569 68 569 68 397 68 397 68 397 68 397 68 607 158 108 68 397 68 397 68 569 68 397 68 397 68 397 68 397 68 397 68 607 158 108 68 607 158 108 68 607 158 108 68 607 158 68 607 158 68 607 158 68 607 158 68 607 158 68 607 158 68 397 68 607 158 68 607 158 68 607 158
189
397 68 158 108 68 5 189
607 158 68 81 68 81 68 149
370
283 551 68 158 108
5 68 81 68 81 68 189 68 189 68 640
85 359 68 85
5 68 5
5 68 81 68 81 68 189 68 189 68 189 68 189 68 5 189 68 189
417 149
85 64 211
564 68 569 68 189 68 189
261 86 68 607 158 68 607 158 68 397 68 397 68 397 68 397 68 397 68 189 68 397 68 397 68 569 68 569 68 397 68 189 68 397 68 397 68 397 68 5 68 397 68 397 68 397 68 397 68 397 68 189 68 397 68 397 68 397 68 397 68 607 158 108 68 607 158 108 68 607 158 108 68 607 158 108 68 607 158 108 68 607 158 108 68 607 158 108 68 397 68 397 68 607 158 108 68 607
5
430 199
283 68 569
370 68 5 68 5 68 189 68 569 68 569 68 569 68 569 68 569 68 569 68 569 68 569 68 569 68 158 108
283 68 189 68 81 68 189 68 189 68 189 68 189 68 189 68 189 68 189 68 189 68 189 68 189 68 189 68 189 68 189 68 189 68 189 68 189 68 189 68 81 68 81 68 189 68 189 68 189 68 189 68 189 108
527 68 527 359
527 68 607 158 68 607 158 68 19 85
261 86
283 68 189 68 607 158 68 158 108 68 189 68 189 68 158 108
211 108
149 550 149
283 68 158 108 68 158 108
261 86 85 359
607 158 68 607 158 68 607 158 68 607 158 68 607 158 68 607 158 68 607 158 68 607 158 68 607 158 68 607 158 68 607 158 68 607 158 68 607 158 68 607 158 68 607 158 68 607 158 68 607 158 68 607 158 68 607 158 68 607 158 68 607 158 68 607 158 68 607 158 68 607 158 68 607 158 68 607 158 68 607 158 68 607 158 68 607 158 68 607 158 68 607 158 68 607 158 68 607 158
283 68 189 68 189 68 189 68 189 68 189 68 189
607 158 68 158 68 158 108 68 189 68 189 68 189
85 211 85
283 68 158 108
85 550 158 108 68 85
607 158 68 527 68 5 68 397 68 397 68 397 68 397 68 517 359
370 68 430 68 19 359
283 68 158 108 68 607 158 68 339 68 397 68 397
158 118
607 158 68 5 68 5 189 68 189
503 189 68 81 68 189 68 189 68 189 68 189
240 211
607 158 68 5 68 189 68 189 68 189 68 189 68 189 68 189 68 189
370 68 5 68 607 158 68 607 158 68 397 68 397 68 569 68 569 68 569 68 569 68 569 68 569 68 607 158 108
283 68 5 68 517 68 607 158 68 517
569 68 430 108
370 68 5 68 5 68 189 68 189 68 189 68 397 68 85
283 68 569 68 569 68 189 68 569 68 569 68 569 68 569 68 569 68 569 68 569 68 569 68 569 68 569 68 569 68 569 68 569 68 569 68 569 68 569 68 569 68 569 68 569 68 569 68 569 68 569 68 569 68 569 68 569 68 569 68 569 68 569 68 569 68 569 68 569 68 569 68 569 68 189 68 569 68 569 68 569 68 569 68 569 68 569 68 569 68 569 68 569 68 569 68 569 68
261 86 68 5 68 189 68 189 68 569 68 569 68 569 68 569 68 569 68 569
503 158
261 86 68 569 68 569 68 569 68 569 68 569
211 108
321 240
607 158 68 607 158 68 607 158 68 607 158 68 397 68 607 158 68 397 68 397 68 19 85 68 607 158 68 607 158 68 189 68 607 158 68 607 158 108 68 607 158 108 68 397 68 607 158 68 397 68 397 68 397 68 397 68 397 68 607 158 68 607 158 68 607 158 68 607 158 68 607 158 68 607 158 68 607 158 68 607 158 68 607 158 68 607 158 68 607 158 68 607 158 68 607 158 68 607
189 68 158 108 68 607 158 68 517 68 517
397 68 5 68 397 68 397 68 397 68 397 68 397 68 397 68 397 68 397 68 397 68 397 68 397 68 397 68 397 68 397 68 397 68 397 68 397 68 397 68 397 68 397 68 397 68 397 68 397 68 397 68 397 68 397 68 397 68 397 68 397 68 397 68 397 68 397 68 397 68 5 189 68 5 189 68 5 189 68 5 189 68 397 68 397 68 397 68 397 68 397 68 397 68 397 68 5 189
607 158 68 607 158 68 607 158 68 607 158 68 607 158 68 607 158 68 607 158 68 607 158 68 607 158 68 607 158 68 607 158 68 607 158 68 607 158 68 607 158 108 68 607 158 68 607 158 68 607 158 108 68 189 68 607 158 68 607 158 68 607 158 68 607 158 68 607 158 68 607 158 68 607 158 68 607 158 68 607 158 68 607 158 68 607 158 68 607 158 68 607 158 68 607 158 68 607
283 68 189 68 81 68 189 68 189 68 189 68 189
189
189 68 158 108 68 189 68 569 68 569 68 189 68 189 68 85
607 479 68 430 149
607 158 68 607 158 68 607 158
5 68 5
370 68 5 68 81 68 189 68 189 68 189 68 189 68 430 68 517 149

189 68 5 68 5 68 189
607 158 68 607 158 68 607 158
283 68 607 158 68 607 158 68 607 158 68 5 68 189 68 517 68 189 68 189 68 517
85 550 158 108 68 189 68 189
261 86 68 607 158 68 607 158 68 607 158 68 158 68 158 68 158 108
359
370 68 5 68 81 68 19 85 68 517
397 68 569 68 569 68 569 68 85 359
283 68 569 68 158 108 68 158 108 68 569 68 569 68 569 68 569 68 569
5
5 68 5 68 5 68 397 68 397 68 397 68 397 68 5 68 397 68 397 68 397 68 397 68 397 68 397 68 397 68 397 68 397 68 5 189 68 5 189 68 397 68 397 68 397 68 397 68 397 68 397 68 397 68 397 68 397 68 397 68 397 68 397 68 607 158 108 68 5 68 5 68 5 68 5 189 68 5 68 5 68 5 68 5 68 397 68 397 68 397 68 5 68 5 189 68 5 68
503 189
321 258 68 640
607 158 68 19 85 68 19 85
503 189 68 5 68 81 68 189 68 189 68 189
607 158 68 81 68 189 68 189 68 189 68 189 68 19 85 68 19 85
569 68 569 68 569 68 569 68 569 68 569 68 569
370 68 5 68 5 68 189 68 189 68 241 68 241 68 241 68 241 68 241
283 68 569 68 569 68 569 68 569 68 397 68 397 68 569 68 397
543 389 158 108
501 85 359 68 430 108
430 199
261 86 68 85 359 389 158 108
85 550 158 108 68 85
240 51 85 359
370 68 5 68 5 189 68 189 68 189 68 397 68 189 68 189 68 397 68 189
85 85 85
370 68 5 68 81 68 189 68 189 68 189 68 189 68 189 68 189 68 189
149 550 158 149
283 68 5 68 5 68 189 68 569 68 397
370 68 5 68 5 68 81 68 189 68 517
607 158 68 607 158 68 158 108
564 68 430
283 68 569 68 569 68 569 68 569 68 569 68 569
283 68 5 68 189 68 189 68 189 68 189 68 189 68 189 68 189 68 189
19 85 359
607 158 68 607 158 68 607 158 68 607 158 68 189 68 607 158 68 189 68 158 68 158 68 158 68 607 158 68 607 158 68 607 158 68 607 158 108 68 607 158 108 68 607 158 108 68 607 158 108 68 607 158 68 607 158 108 68 607 158 68 607 158 68 607 158 68 607 158 68 607 158 68 607 158 68 607 158 68 607 158 68 607 158 68 607 158 68 607 158 68 607 158 68 607 158 68 607 158
607 158 68 607 158 68 607 158 68 397 68 189 68 189 68 569 68 397 68 397 68 569 68 397 68 569 68 569 68 397 68 189
5 68 430 68 430 149 68 430 68 517
593 163 68 189
283 68 19 85 68 19 85 68 19 85 68 397 68 397 68 517
261 86 68 607 158 68 607 158 68 607 158 68 5 68 5 68 189 68 189 68 189 68 607 158 68 607 158 68 607 158 68 189 68 5 68 5 68 5 68 5 68 5 68 5 68 5 68 5 68 189 68 189 68 189 68 189 68 189 68 607 158 108 68 607 158 108 68 607 158 68 607 158 68 607 158 68 607 158 68 607 158 68 607 158 68 607 158 68 607 158 68 5 68 607 158 68 5 68
261 86 68 261 86 149
189 68 158 108 68 158 108
85 211 108
5 68 5 68 397 68 397 68 397 68 397 68 397
339 68 339
261 86 68 5 68 189 68 189 68 189 68 189 68 569 68 569 68 569 68 158 108
5 68 5 68 607 158 68 607 158 68 397 68 5 68 5 68 5 68 397 68 43 158 68 607 158 68 607 158 68 607 158 68 5 68 5 68 5 68 5 68 5 68 607 158 108 68 607 158 68 5 68 607 158 68 397 68 397 68 607 158 68 607 158 68 607 158 68 607 158 68 607 158 68 607 158 68 607 158 68 607 158 68 607 158 68 607 158 68 607 158 68 607 158 68 5 68 5 68
370 68 5 68 5 68 189 68 189 68 397 68 397 68 189 68 397 68 397 68 397 68 397 68 397
607 158 68 5 68 189
189 68 607 158 68 5 68 189 68 397 68 189 68 189 68 85
543 211
607 158 68 607 158 68 189 68 189
607 158 68 339 68 397 68 19 85 68 85 359
5 68 569 68 569 68 569 68 569 68 397 68 397 68 569 68 397 68 397 68 397 68 397 68 397 68 569 68 397 68 397 68 397 68 397 68 397 68 397 68 397 68 397 68 397 68 397 68 397 68 397 68 397 68 397 68 397 68 397 68 397 68 397 68 397 68 397 68 397 68 5 68 5 189 68 397 68 397 68 397 68 397 68 569 68 397 68 397 68 397 68 397 68 397 68 397 68 397
261 86
569 68 569 68 397 68 397 68 397 68 397 68 397 68 397 68 397 68 397 68 397 68 397 68 397 68 397 68 397 68 397 68 397 68 397 68 397 68 397 68 397 68 397 68 397 68 397 68 397 68 397 68 397 68 397 68 397 68 397 68 397 68 397 68 397 68 397 68 397 68 607 158 108 68 397 68 397 68 397 68 397 68 397 68 397 68 397 68 397 68 397 68 397 68 397 68 397 68
283 68 569 68 85 359 68 158 108
607 158 68 607 158 68 189 68 189 68 85 359 68 189 68 85
189 68 189 68 189 68 189 68 189 68 189 68 189 68 189 68 189
283 68 189 68 569 68 189 68 569 68 569 68 189 68 569 68 569 68 569 68 569 68 569 68 569 68 569 68 569 68 569 68 189 68 569 68 569 68 189 68 569 68 569 68 569 68 569 68 569 68 189 68 189 68 189 68 189 68 569 68 569 68 569 68 569 68 569 68 569 68 569 68 189 68 189 68 189 68 569 68 569 68 569 68 569 68 569 68 569 68 569 68 569 68 189 68 569 68
85 430
261 149 68 149
370 68 5 68 5 68 569 68 569 68 569 68 569 68 569 68 569 68 569 68 569 68 569 68 569 68 569 68 569 68 397 68 397 68 569 68 397 68 569 68 569 68 397 68 397 68 569 68 397 68 397 68 397 68 397 68 397 68 569 68 607 158 108 68 607 158 108 68 607 158 108 68 607 158 108 68 607 158 108 68 607 158 108 68 607 158 108 68 397 68 607 158 108 68 5 68 5 68
370 68 5 68 5 68 189 68 189 68 517
283
240 389 85 359 68 241
607 158 68 607 158 68 607 158 68 607 158 68 5 68 81 68 81 68 189 68 569 68 569 68 607 158 68 607 158 68 189 68 189 68 189 68 5 68 607 158 108 68 81 68 607 158 68 81 68 189 68 189 68 189 68 189 68 189 68 607 158 68 607 158 68 607 158 68 607 158 68 607 158 68 607 158 68 607 158 68 607 158 68 607 158 68 607 158 68 607 158 68 607 158 68 607 158 68
321 211
503 158
607 479 68 5 68 370 68 5 68 397 68 397 68 5
261 86 68 5 68 607 158 68 189 68 569 68 5 68 569 68 569 68 569 68 569 68 569 68 569 68 569 68 569 68 189
261 86 68 124
85 123 108 68 85 359
189 68 81 68 569 68 569 68 569
564 68 158 118
19 85 68 607 158 68 607 158 68 19 85 68 569 68 569 68 569 68 19 85
283 68 430 108 68 430 149
607 158 68 607 158 68 189 68 158 68 158 68 189
370 68 5 68 607 158 68 158 108
607 158 68 5 68 5 68 189 68 189 68 189 68 189 68 517
5 68 569 68 430 149 68 189 68 430 68 189 68 189 68 517 85
607 158 68 607 158 68 607 158 68 85 68 85 68 85 68 85 68 85
543 389 85 359 68 85 359
564
607 158 68 81 68 81 68 569 68 569 68 569
247 85
607 158 68 607 158 68 607 158 68 241
283 551
283 68 158 108 68 19 85 359 68 85 359
593 163 68 5 68 189 68 189 68 189 68 189 68 189
283 68 607 158 68 607 158 68 607 158 68 607 158 68 607 158 68 607 158 68 607 158 68 607 158 68 607 158 68 607 158 68 607 158 68 607 158 68 607 158 68 607 158 68 607 158 68 607 158 68 607 158 68 607 158 68 607 158 68 607 158 68 607 158 68 607 158 68 607 158 68 607 158 68 607 158 68 607 158 68 607 158 68 607 158 68 607 158 68 607 158 68 607 158 68 607 158 68
85 211 85
189 68 5 68 189 68 189 68 189 68 189 68 189
5 68 607 158 68 607 158 68 158 108 68 189 68 5 68 517
19 85 359
607 158 68 81 68 81 68 189 68 189
283 68 189 68 569 68 189 68 569 68 569
19 85 68 607 158 68 607 158 68 607 158 68 607 158 68 517
607 158 68 607 158 68 607 158 68 607 158 68 607 158 68 607 158 68 607 158 68 339
5 68 189 68 189 68 189 68 189 68 189 68 189 68 189 68 189 68 189 68 189 68 189 68 189 68 189 68 189 68 189 68 189 68 189 68 189 68 189 68 189 68 189 68 189 68 189 68 189 68 189 68 189 68 189 68 189 68 189 68 189 68 189 68 189 68 607 158 108 68 189 68 189 68 189 68 189 68 189 68 189 68 189 68 607 158 108
607 158 68 607 158 68 607 158 68 607 158 68 607 158 68 569 68 397 68 569 68 569 68 569 68 607 158 68 607 158 68 397 68 607 158 68 607 158 68 607 158 68 397 68 607 158 68 607 158 68 397 68 397 68 397 68 397 68 607 158 68 607 158 68 607 158 68 607 158 68 607 158 68 607 158 68 607 158 68 607 158 68 607 158 68 607 158 68 607 158 68 607 158 68 607 158 68 607
607 158 108
85 19 85
283 68 607 158 68 607 158 68 607 158 68 5 68 5 68 5 68 397 68 607 158 68 607 158 68 607 158 68 607 158 68 189 68 5 68 5 68 5 68 607 158 108 68 607 158 68 607 158 68 607 158 68 189 68 397 68 607 158 68 607 158 68 607 158 68 607 158 68 607 158 68 607 158 68 607 158 68 607 158 68 607 158 68 607 158 68 607 158 68 607 158 68 607 158 68 607 158 68
5 68 5 68 397 68 397 68 397 68 397 68 397 68 397 68 397 68 397 68 397 68 397 68 397 68 397 68 397 68 397 68 397 68 397 68 397 68 397 68 397 68 397 68 397 68 397 68 397 68 397 68 397 68 397 68 397 68 397 68 397 68 397 68 397 68 607 158 108 68 607 158 108 68 397 68 397 68 607 158 108 68 607 158 108 68 397 68 397 68 397 68 397 68 397 68 397 68
85 4 85
5 68 5
607 158 68 607 158 68 607 158 68 5 68 5 68 189 68 517
569 68 569 68 397 68 189 68 517
189 85 359 211 108
607 158 68 607 158 68 607 158 68 339
283 68 569 68 158 108
283
5 68 158 108 68 607 158 68 158 68 607 158 68 5 68 569 68 607 158
503 189

607 158 68 5 68 397 68 397 68 397 68 397 68 397 68 397 68 397 68 397
19 359
607 158 68 5 68 189 68 189 68 189 68 189 68 189 68 517 85
397 299
365 430 199
211
569 68 569 68 569 68 569 68 430 108 68 397 68 569 68 517 85
370 68 5 68 5 68 189 68 189 68 397 68 397 68 569 68 397 68 397 68 569 68 85 359
189 68 389 158 108 68 189
64 211 108 68 64 211 108
261 86 68 569 68 569 68 569 68 569 68 397 68 569 68 569 68 569 68 569 68 569 68 569 68 569 68 569 68 397 68 397 68 397 68 5 68 5 68 5 68 397 68 397 68 397 68 397 68 397 68 397 68 397 68 397 68 397 68 569 68 397 68 397 68 397 68 5 68 5 68 5 68 5 68 5 68 5 68 5 68 569 68 569 68 397 68 397 68 397 68 5 68 5 68 5 68 5
283 68 158 108
85 550 158 108
261 86 68 569 68 189 68 189
607 158 68 5 68 5 189 68 189
607 158 68 607 158 68 5 68 189 68 5 68 189 68 5 68 5 68 189
189
283 68 81 68 189 68 189 68 331 149
607 158 68 5 68 550 501 68 189 68 189 68 189 68 5 68 517
283 68 607 158 68 607 158 68 607 158 68 397 68 158 68 339
5 68 189 68 189
283
19 85 68 189
85 359 389 339 551
370 68 5 68 5 68 189 68 569 68 397 68 397 68 397 68 397 68 397 68 397 68 397 68 397 68 569 68 397 68 397 68 397 68 397 68 397 68 397 68 397 68 397 68 397 68 397 68 397 68 397 68 397 68 397 68 397 68 397 68 397 68 189 68 189 68 607 158 108 68 607 158 108 68 189 68 189 68 607 158 108 68 607 158 108 68 397 68 397 68 397 68 397 68 189 68 397 68
5 68 5 189 68 189 68 189
189 68 5 68 397 68 397 68 397 68 397 68 397 68 397 68 397 68 397
405 211 108
5 68 5 68 397 68 397 68 397 68 397 68 397 68 241 68 241 68 397 68 397 68 241 359
283 68 158 108 68 397 68 19 85
430
607 158 68 607 158 68 189 68 158 108
5 68 569 68 569 68 569 68 569 68 569 68 569 68 569 68 517
607 158 68 607 158 68 189 68 189 68 189 68 189
5 68 5 68 5 68 189 68 189 68 189 68 189 68 5
370 68 5 68 607 158 108
189 68 607 158 68 607 158 68 81 68 189 68 189 68 517 68 517 68 189 68 158 108
189 68 81 68 189 68 189
607 158 68 81 68 189 68 189 68 189 68 189 68 189 68 517 68 189 68 189
261 86 68 569 68 339 68 339 68 397 68 397 68 397
85 359
607 158 68 607 158 68 607 158 68 607 158 68 607 158 68 607 158 68 607 158 68 158 68 607 158 68 607 158 108
283 68 158 108
607 158 68 607 158 68 607 158 68 569 68 569 68 569 68 569 68 569 68 569
607 158 68 607 158 68 607 158 68 607 158 68 189 68 569 68 569 68 189
503 158
19 85 68 158 108 68 158 108 68 85 68 85 68 19 85
261 86 68 5 68 569 68 569 68 569 68 569 68 569 68 569 68 569 68 569 68 569 68 569 68 569 68 569 68 397 68 397 68 569 68 397 68 397 68 569 68 397 68 397 68 569 68 397 68 397 68 397 68 397 68 397 68 397 68 569 68 397 68 397 68 569 68 607 158 108 68 5 68 607 158 108 68 569 68 569 68 569 68 569 68 569 68 397 68 397 68 397 68 397 68 5 68 397
607 158 68 607 158 68 607 158 108
607 158 68 5 68 397 68 189 68 397 68 397 68 397 68 397 68 397 68 397 68 397 68 397 68 397 68 607 158 108
607 158 68 81 68 189 68 189 68 189 68 189 68 189 68 189 68 189 68 189 68 70 158 108
261 86
283 68 569 68 569 68 569 68 569 68 569 68 569
283
283 68 569 68 569 68 569 68 569 68 569 68 569 68 569 68 569 68 569
283 68 5 68 640
370 68 5 68 607 158 68 607 158 68 397 68 397 68 569 68 569 68 397 68 569 68 569 68 569 68 569 68 569 68 397 68 397 68 397 68 397 68 607 158 108 68 397 68 397 68 397 68 397 68 397 68 397 68 397 68 397 68 607 158 108 68 607 158 108 68 607 158 108 68 607 158 68 607 158 108 68 607 158 68 607 158 68 607 158 68 607 158 108 68 607 158 68 607 158 68 607 158
607 158 68 607 158 68 607 158 68 397 68 397 68 189 68 517
607 158 68 607 158 68 607 158 68 158 68 189 68 158 68 607 158 68 158 68 158 108
607 158 68 607 158 68 5 68 189 68 5 68 189 68 5 68 189 68 189 68 189 68 569 68 607 158 108
19 85 68 124
593 163 68 189
189 68 430 149
261 86 68 370 68 5 68 370 68 5 68 5
261 86 68 5 68 5 68 5
543 389 158 543
503 189 68 430 149
607 158 68 81 68 189 68 569 68 569 68 397 68 64 211 108
240 389 158
283 68 430 68 517 68 397 68 517
5 189
189 68 81 68 189 68 189 68 189 68 189
189 68 189 68 189 68 189 68 189 68 189 68 189
283 68 569 68 569 68 189 68 569 68 569 68 569 68 569 68 569
189 68 5 68 397 68 397 68 397 68 397 68 397 68 397 68 397 68 397
283 551 68 569 68 158 108
5 68 5 68 569 68 158 108 68 569 68 569 68 569 68 517 85
189 68 607 158 68 607 158 68 607 158 68 397 68 158 68 85 359
397 68 5 68 241 68 241
607 158 68 189 68 189 68 189 211 108
607 158 68 124
321 430 68 241 359
607 158 68 5 68 5 68 189 68 5
370 68 5 68 81 68 81
283 68 569 68 569 68 569 68 569 68 569 68 569
261 86 68 5 68 5 68 189 68 189
607 158 68 81 68 189 68 64 211 108
261 86
370 68 5 68 81
85 359 389 85 359
417
607 158 68 607 158 68 607 158 68 607 158 68 189 68 517 68 517
85 240 211 108
85 359
261 86 68 370 68 5 68 569 68 569 68 569 68 569
370 68 5 68 81 68 5 68 640
241 359
261 86 68 5 68 81 68 19 85 68 19 85
19 85 68 158 108 68 158 108 68 189 68 189 68 158 108
189 68 5 68 550 501 68 189 68 189 68 189
149
5 68 5 68 607 158 68 607 158 68 397 68 397 68 5 68 397 68 397 68 397 68 397 68 607 158 108
85
283 551
283 68 503 158
5 68 5 68 5 68 189 68 189 68 189 68 189 68 5 68 189 68 189
85 359 68 85
503 85
283 68 158 108 68 189 68 158 108 68 189 68 158 108
283 68 158 108 68 339 68 397 68 397 68 397 68 85
370 68 5 68 5 68 5
607 158 68 189 68 189 68 189 68 189 68 189 68 189 68 189 68 189 68 189 68 158 108
5 68 81 68 81 68 189 68 189 68 81
607 158 68 607 158 68 5 68 189 68 189 68 189 68 189 68 189 68 189 68 189 68 158 108
189 68 607 158 68 607 158 68 607 158 68 189 68 158 68 85 359
370 68 5 68 5 68 189 68 189 68 569 68 189
359 123
370 68 5 68 5 68 189 68 189 68 189 68 189 68 189 68 189 68 189 68 189 68 158 108
85 359
283 68 189 68 607 158 68 189 68 158 108
283 68 569 68 501 68 189 68 430 68 517
283 68 607 158 68 607 158 68 607 158 68 189
5 68 5 68 81 68 189 68 189 68 189 68 189 68 5 189 68 189 68 189
607 158 108 68 85 550 158 108
283 551
607 158 68 5 68 569 68 189
503 85
370 68 5 68 124
283 68 5
261 86 68 607 68 607 158 68 607 158 68 158 68 158
397 299
527 68 81 68 189 68 189
607 158 68 81 68 607 158 68 5 68 189 68 158 108
189 68 607 158 68 607 158 68 607 158 68 189
19 85 68 569 68 569 68 430
5 68 607 158 68 607 158 68 397 68 397 68 397 68 517 68 517
85 64 211
370 68 5 68 607 158 68 607 158 68 19 85 68 607 158 68 19 149
370 68 5 68 5 68 5 68 397 68 397 68 397 68 5 189 68 397 68 397 68 397 68 397 68 397 68 397 68 397 68 397 68 5 189 68 5 189 68 5 189 68 397 68 397 68 397 68 397 68 397 68 397 68 397 68 397 68 241 68 5 189 68 397 68 5 68 5 189 68 5 68 5 189 68 5 189 68 5 68 5 189 68 5 68 397 68 397 68 397 68 5 68 5 189 68 5 68
607 158 68 607 158 68 189 68 158 68 569 68 569 68 158 108
85 359
19 85 68 124
607 158 68 158 108 68 397 68 397
149
85 389 85 359
5 68 569 68 569 68 569 68 569 68 397 68 397 68 569 68 569 68 397 68 569 68 569 68 397 68 569 68 397 68 397 68 397 68 397 68 397 68 397 68 397 68 397 68 397 68 397 68 397 68 397 68 397 68 397 68 397 68 397 68 397 68 397 68 397 68 397 68 607 158 108 68 607 158 108 68 607 158 108 68 607 158 108 68 607 158 108 68 397 68 397 68 397 68 397 68 397 68
85
607 158 68 81 68 607 158 68 569 68 569 68 569 68 569 68 569 68 569 68 569 68 569 68 569 68 569 68 607 158 108 68 189 68 5 68 607 158 108 68 81 68 569 68 569 68 19 85 68 19 85 68 189 68 397 68 189 68 607 158 108 68 607 158 108 68 607 158 68 607 158 68 607 158 68 607 158 68 607 158 68 607 158 68 607 158 68 607 158 68 607 158 68 607 158 68 607 158
283 68 5 68 5 68 189 68 189 68 189 68 189 68 5 189 68 189
261 86 68 569 68 569 68 430 68 430
211 108
607 158 68 607 158 68 607 158 68 5 68 5 68 5 68 5 68 397 68 189 68 158 108
261 86 68 569 68 569
5 68 569 68 569 68 569 68 569 68 569
283 68 607 158 68 607 158 68 19 85 68 19 85
240 51 86
85 389 158 359
189 68 5 68 5 68 189 68 569 68 397 68 189 68 5 189 68 397 68 189 68 569 68 569 68 569 68 5 68 5 189 68 5 189 68 5 189 68 5 189 68 5 189 68 5 189 68 5 189 68 5 189 68 397 68 397 68 5 189 68 5 68 5 68 5 68 5 68 5 68 5 68 5 68 5 189 68 5 68 5 68 5 189 68 5 68 5 189 68 5 68 5 68 5 189 68 5 68
331
321 240
5 189 68 5 68 5 189
430 68 19 85
607 158 68 607 158 68 607 158 68 19 85
430 199
397 68 397 68 397 68 397 68 397
149 550 158
607 158 68 607 158 68 189 68 189 68 189 68 189 68 569 68 569 68 189 68 569 68 569 68 569 68 158 108 68 189 68 189 68 189 68 189 68 189 68 189 68 189 68 189 68 158 108 68 189 68 189 68 189 68 189 68 189 68 569 68 607 158 108 68 189 68 607 158 108 68 607 158 108 68 189 68 189 68 607 158 108 68 607 158 108 68 189 68 189 68 189 68 189 68 189 68 189 68
370 68 5 68 81 68 569 68 569 68 517
607 158 68 607 158 68 607 158 68 5 68 397 68 5 68 517 68 397 68 397 68 397 68 397 68 607 158 108
5 68 170 108
189 68 5 68 5 68 189 68 189 68 640
370 68 5 68 607 158 68 189 68 19 85 68 189 68 85 359
283
503 189 68 5 68 189
189 68 569 68 397 68 397 68 397 68 397 68 397
158 118
261 86 68 569 68 569 68 569 68 569 68 569 68 569 68 569 68 569
261 86
261 86 68 158 108 68 158 108 68 19 85 68 19 85
283
430 199 68 189 68 158 108
189
189 68 158 108 68 189 68 189 68 189 68 189
607 158 68 607 158 68 607 158 68 85 68 85 359
417
283 68 5 68 81 68 189 68 189
261 86 68 607 158 68 607 158 68 5 68 189 68 5 68 331
370 68 5 68 124
19 85 68 607 158 68 607 158 68 607 158 68 607 158 68 19 85
370 68 5 68 5 68 5 68 397 68 397 68 397 68 5 68 397 68 397 68 397 68 397 68 397 68 397 68 397 68 397 68 397 68 397 68 5 189 68 5 68 397 68 397 68 397 68 397 68 397 68 397 68 397 68 397 68 397 68 5 68 397 68 607 158 108 68 397 68 5 68 5 68 5 68 5 68 5 68 5 68 5 68 5 68 397 68 397 68 397 68 397 68 5 68 5 68 5
5 68 569 68 569 68 189
85 359
607 158 68 339 68 397 68 569 68 517
607 158 68 607 158 68 607 158 68 241 68 241 68 241 68 241
149
64 211 108 68 158 108 68 158 108
261 86 85
261 86 68 5 68 189 68 189 68 189 68 189 68 189 68 189 68 189 68 569 68 158 108
283 68 5 68 569 68 569 68 430 68 397 68 397 68 569 68 517 85
370 68 5 68 5 68 189 68 189 68 189 68 189 68 5 189 68 189 68 189 68 189 68 397 68 189 68 189 68 189 68 189 68 5 189 68 5 189 68 5 189 68 5 189 68 5 189 68 5 189 68 189 68 189 68 397 68 5 189 68 5 189 68 189 68 5 68 5 189 68 5 68 5 189 68 5 189 68 5 68 5 189 68 5 68 5 189 68 189 68 5 68 5 189 68 5 68 5
607 158 68 5 68 397 68 397 68 397 68 397 68 397 68 397 68 397 68 397 68 397 68 397 68 397 68 85 359
543 211 68 5 68 5 68 189 68 640 68 5
283 68 397 68 397 68 397 68 397 68 397
158 108
370 68 5 68 5 68 189 68 5 68 5 68 5 189 68 5
261 86 68 5 68 5 189 68 5
607 158 68 607 158 68 607 158 68 339 68 569 68 569 68 569
283 68 607 158 68 607 158 68 607 158 68 189 68 158 68 607 158 68 189
564 68 158 108 68 189
261 86 68 607 158 68 158 108 68 339 68 189 68 569 68 569 68 569 68 158 108
283 68 81 68 189 68 189 68 189 68 189 68 189 68 64 211 108
85 389 158 359
261 86 68 607 158 68 607 158 68 397 68 397 68 397 68 397 68 397 68 397 68 397 68 397 68 397 68 397 68 397 68 397 68 397 68 397 68 397 68 397 68 397 68 397 68 397 68 397 68 397 68 397 68 397 68 397 68 397 68 397 68 397 68 607 158 108 68 607 158 108 68 607 158 108 68 607 158 108 68 397 68 607 158 68 607 158 108 68 397 68 397 68 397 68 397 68 397 68
283 68 5 68 189
5 68 5 68 5 68 189 68 189 68 189 68 189 68 5 68 189 68 189 68 189 68 397 68 607 158 108
85 359
283 68 5 68 189 68 189 68 189 68 189 68 569 68 569 68 569 68 189 68 569 68 569 68 569 68 569 68 569 68 189 68 189 68 189 68 189 68 189 68 569 68 189 68 569 68 569 68 569 68 189 68 189 68 189 68 189 68 569 68 569 68 569 68 569 68 569 68 189 68 607 158 108 68 189 68 189 68 569 68 569 68 569 68 569 68 569 68 569 68 569 68 569 68 569 68 569 68
503 85 359
85 550 158 108
85 359 550 85 359
543 51 85
543
607 158 68 5 68 5
543 211 108 68 640
607 158 68 607 158 68 607 158 68 19 85 68 189 68 517 85
261 86 68 569 68 158 108 68 569 68 569 68 569 68 569 68 569 68 569
607 158 68 607 158 68 607 158 68 607 158 68 5 68 5 68 607 158 68 569 68 158 68 607 158 68 607 158 68 607 158 68 189 68 607 158 68 607 158 68 607 158 68 607 158 68 607 158 68 607 158 68 607 158 68 607 158 68 607 158 68 607 158 68 607 158 68 607 158 68 607 158 68 607 158 68 607 158 68 607 158 68 607 158 68 607 158 68 607 158 68 607 158 68 607 158 68 607
503 189 68 158 108 68 158 108 68 189 68 189 68 158 108
430 199
261 86 68 569 108
149
5
189 68 189 68 189 68 189 68 189 108
158 108
5 68 5
543 68 81
543 389 543 68 81 68 189
283 68 607 158 68 607 158 68 607 158 68 189 68 19 85 68 607 158 68 158 108
5 68 5 189
503 85
607 158 68 607 158 68 189 68 189 68 331
261 86
261 86 68 5 68 569 68 569 68 569 68 569 68 569 68 569 68 569
564 68 158 108 68 189
85
449 85
158 108
5 68 170
607 158 68 607 158 68 189 68 158 68 158
607 158 68 607 158 68 607 158 68 607 158
189 68 189 241 359
543 211 108 68 5
607 158 68 449
261 86 68 261 86 149
189 68 5 68 189 68 189
261 86
389 85 359 68 81 68 189
64 211 108 68 158 108 68 158 108
261 86 68 81 68 189
189 68 607 158 68 189 68 158 108 68 189 68 189 68 158 108
321 211
339 551 68 5 68 5 68 189 68 640
189 68 189 68 189 68 189 68 189
85 211 108
321 240
607 158 68 81 68 189 68 189 68 189 68 189 68 189 68 64 211 108
85 550 158 108
607 158 68 81 68 189 68 569 68 569 68 569 68 569 68 517
85 359
607 158 68 607 158 68 607 158 68 607 158 68 607 158 68 607 158 68 607 158 68 607 158 68 607 158 68 607 158 68 189 68 607 158 68 607 158 68 607 158 68 607 158 68 607 158 68 607 158 68 607 158 68 607 158 68 607 158 68 607 158 68 607 158 68 607 158 68 607 158 68 607 158 68 607 158 68 607 158 68 607 158 68 607 158 68 607 158 68 607 158 68 607 158 68 607 158 68
607 158 68 607 158 68 158
261 86 68 149
339 551 68 397
189 68 81 68 189 68 189 68 189 68 189 68 189 68 189 68 189 68 189
283
240 211
607 158 68 158 68 158
43 158 68 517
261 86
607 158 68 81 68 189 68 189 68 189 68 189 68 189 68 189 68 189 68 189 68 158 108
241
149 550 158 108 68 430
189 68 5 68 64 211 108 68 5 68 85
5 68 158 108 68 189 68 158 108
5 68 5 68 189 68 189 68 189 68 397 68 189 68 189 68 189 68 189 68 189 68 397 68 397 68 189 68 241 68 397 68 189 68 5 189 68 5 189 68 5 189 68 397 68 189 68 241 68 189 68 189 68 189 68 397 68 189 68 189 68 189 68 189 68 189 68 607 158 108 68 5 68 5 189 68 5 68 5 68 5 68 5 68 189 68 397 68 189 68 241 68 5 189 68 5 68 5
64 211 108 68 517
189 68 189 68 189
370 68 5 68 5 68 189
607 158 68 81 68 189 68 189 68 189 68 189 68 189
85 85
261 86 68 607 158 68 5 68 189 68 189 68 5 68 189 68 64 211 108
370 68 5 68 81 68 569 68 430 68 517
189 211 543
607 158 68 158 68 607 158 68 607 158 68 607 158 68 158 68 607 158
370 68 5 68 5 189
607 158 68 607 158 68 607 158 68 397 68 397 68 397 68 397 68 397 68 397 68 397 68 397 68 607 158 108
19 85 68 607 158 68 569 68 569 68 569 68 569 68 569 68 85
19 85 359 68 19
607 479 68 347 501
189 68 189 68 189 68 189 68 189
240 51 85 359
283 68 5 68 5
607 479 68 517
19 85
370 68 5 68 81 68 189 68 517 68 517 68 517
593 123
5 68 5 68 81 68 189 68 189 68 569 68 189 68 569 68 517
189 68 189 68 189
339 551 68 5 68 5 68 189 68 640
430 199
564 68 158 108 68 158 108 68 189 68 430 149
283 68 569 68 569 68 189 68 189 68 189
283 68 339 68 397 68 397 68 397 68 397 68 397 68 397 68 397
543
19 85 68 189
339 551 68 517
19 85 359
43 158
331
85 359
5 68 430
85 85
503 189 68 158
543 211 85
607 479 68 607 158 68 607 158 68 569 68 569 68 569 68 569 68 569 68 19 85
607 158 68 81 68 189 68 189 68 189
283
261 86 68 607 158 68 607 158 68 397 68 397 68 397 68 397 68 397
240 211 118
283 68 5 68 517
370 68 5 68 81 68 569 68 85
607 158 68 19 85 68 430 149
527 68 607 158 68 607 158
19 85 68 124
503 189 68 158 108 68 569 68 569 68 569 68 569 68 569 68 569 68 569
607 158 68 607 158 68 189 68 189 68 189
339 551 68 550 501 68 189 68 189 68 189 68 189 68 517 85
321 85
389 158 108
5 68 5 68 5 189 68 189 68 189 68 189
607 158 68 370 68 5 68 569 68 517 68 85
283 68 158 108 68 189 68 158 108
199
607 158 68 607 158 68 158 68 158 108
569 68 430 108
543 389 543
189 68 607 158 68 189 68 189 68 397 68 189 68 189
607 158 68 607 158 68 607 158 68 158 68 189 68 158 68 607 158 68 158 68 158 108
607 158 68 5 68 5 68 5 68 397 68 397 68 397 68 397 68 397 68 397
397 68 517 68 517
261 86 68 5 68 5 68 189 68 189 68 189 68 569 68 569 68 569 68 189 68 569 68 569 68 569 68 607 158 108
261 86 68 339
607 158 68 607 158 68 5
503 189 68 569 68 5 68 569 68 5
43 158 68 19 149 68 430
261 86 149
417
5 68 430
339 551 68 339
85 359
189 68 81 68 81 68 189 68 189 68 189 68 189 68 189 68 64 211 108
189 68 158 108 68 158 108
283 68 569 68 569 68 189 68 569 68 569
85 389 85 359
607 158 68 607 158 68 607 158 68 607 158 68 189 68 607 158 68 569 68 189 68 569 68 569 68 607 158 68 607 158 68 189 68 189 68 607 158 108 68 607 158 108 68 607 158 108 68 607 158 68 189 68 189 68 397 68 397 68 607 158 68 607 158 68 607 158 68 607 158 68 607 158 68 607 158 68 607 158 68 607 158 68 607 158 68 607 158 68 607 158 68 607 158 68 607 158 68 607
607 158 68 607 158 68 607 158 68 397 68 397 68 189 68 569 68 397 68 569 68 569 68 569 68 569 68 569 68 397 68 189 68 189 68 5 189 68 607 158 108 68 397 68 397 68 569 68 397 68 189 68 189 68 397 68 397 68 607 158 108 68 607 158 108 68 607 158 108 68 607 158 68 607 158 108 68 607 158 68 607 158 68 607 158 68 607 158 68 607 158 68 607 158 68 607 158 108
607 158 68 81
64 211 108
189 68 607 158 68 607 158 68 517 68 517 68 189 68 517
283 68 81 68 81 68 189 68 517
189 68 569 68 569 68 569 68 339 68 569 68 569
64 211 68 607 158 68 607 158 68 397 68 397 68 241 68 517 68 397 68 397 68 517
261 86 68 607 158 68 607 158 68 607 158 68 397 68 370 68 397 68 397 68 43 158 68 397 68 607 158 68 607 158 108
189 68 189 68 189 68 189
607 158 68 607 158 68 607 158 68 397 68 397 68 5 68 397 68 397 68 397 68 397 68 397 68 607 158 68 607 158 68 189 68 5 68 5 68 5 68 607 158 108 68 397 68 397 68 397 68 397 68 397 68 397 68 397 68 397 68 607 158 108 68 607 158 108 68 607 158 68 607 158 68 607 158 68 607 158 68 607 158 68 607 158 68 607 158 68 397 68 607 158 68 607 158 68 607 158
5 108 68 430
5 68 81 68 81 68 189 68 189 68 64 211 108
430 108 68 5 68 569 68 189 68 85
43 158 68 517 359
607 158 68 607 158 68 607 158 68 241 68 241 68 189 68 241 68 241 68 158 108
397 68 430
543 389 158 543
189 85 359 68 85 359
607 158 68 339 68 189 68 189 68 569
19 85
5 68 5 68 5 68 189 68 189 68 397 68 189 68 189 68 189 68 189 68 189 68 397 68 397 68 5 68 5 68 189 68 5 189 68 5 189 68 5 189 68 5 189 68 397 68 5 68 5 189 68 189 68 397 68 397 68 5 68 5 68 5 68 189 68 5 68 5 68 5 68 5 68 5 68 5 68 5 68 5 68 5 68 5 68 550 501 68 189 68 5 68 5 68 5 68 5 68
607 158 68 607 158 68 607 158 68 339 68 189 68 569 68 517
189 68 5 68 5 68 5 68 397 68 397 68 397
19 85 359
417
5 68 5 68 189 68 189 68 430 68 189 68 189 68 430 68 517 85
261 86 68 81 68 569 68 569
64 211 108 68 85
283
607 158 108 68 85 550 158 108
417 68 85 359
607 158 68 607 158 68 397 68 397 68 397 68 397 68 85 359 68 85
283 68 569 68 569 68 569 68 430 68 569
5 68 5 68 189 68 189 68 189 68 189 68 189 68 189 68 189 68 189
397 68 517 68 189 68 189 68 189 68 85
607 158 68 81 68 81 68 189 68 189 68 189 68 189 68 331 149
240 389 430
261 86 68 339 551
564 68 158 108 68 189
64 211 108 68 64 211
564
