607 158 68 607 158 68 607 158 68 607 158 68 607 158 68 5 68 397 68 5 68 5
261 86
607 158 68 158 108 68 158 108
607 158 68 19 85
607 158 68 607 158 68 607 158 68 189 68 189 68 189 68 397 68 397 68 397 68 5

607 158 68 5 68 397
607 158 68 5 68 5 68 5 68 5
607 158 68 158 108
85 359
607 158 68 607 158 68 607 158 68 5 68 607 158
607 158 68 5 68 5 68 5
607 158 68 607 158 68 607 158 68 189 68 607 158 68 158 68 397 68 397 68 5 189 68 5
240 211
85 359
607 158 68 607 158 68 189 68 189 68 189 68 569 68 569 68 569 68 397 68 397 68 397 68 569 68 189 359
607 158 68 607 158 68 607 158 68 5 68 607 158 68 5 68 5 68 397 68 5
607 158 68 189 68 189
607 158 68 607 158 68 5 68 5 189 68 397 68 397 68 397 68 397 68 397 68 5
607 158 68 5 68 5 68 5 68 5 68 397
607 158 68 5 68 5 68 5
607 158 68 607 158 68 607 158 68 189 68 19 85 68 569 68 397 68 397 68 397 68 397
607 158 68 607 158 68 607 158 68 607 158 68 607 158 68 5 68 5 68 5
85
607 158 68 607 158 68 607 158 68 19 85
607 158 68 5 68 397 68 189 68 397
240 211
607 158 68 607 158 68 189 68 189 68 189 68 569 68 569 68 569 68 397 68 397 68 397 68 569 68 189 359
607 158 68 5 68 5 68 5 68 397 68 397
607 158 68 607 158 68 189 68 189 68 189 68 189 68 189 68 569 68 569 68 569 68 569 68 569 68 189
607 158 68 5 68 5
607 158 68 5 68 5 68 397 68 397
607 158 68 5 68 5
607 158 68 397 68 397
607 158
607 158 68 607 158 68 607 158 68 5 68 397 68 397 68 5
607 158 68 189 68 189 68 189
607 158 68 607 158 68 189 68 189 68 569 68 569 68 397 68 397 68 397 68 397 68 397
607 158 68 607 158 68 189 68 189 68 397 68 397 68 397
607 158 68 5 68 189 68 189
607 158 68 19 85
261 86
607 158 68 607 158 68 607 158 68 5 68 607 158 68 189 68 5 68 397 68 5
607 158 68 607 158 68 5 68 189 68 397 68 397
19 85
607 158 68 607 158 68 607 158 68 5 68 397 68 397 68 5
607 158 68 607 158 68 5 68 5 68 397
607 158 68 607 158 68 607 158 68 5 68 607 158 68 5
607 158 68 5 68 5 68 5 68 5 68 5 68 5
607 158 68 607 158 68 607 158 68 5 68 397 68 397 68 5
607 158 68 607 158 68 607 158 68 189 68 569 68 569 68 569 68 397 68 397 68 5
261 86
607 158 68 5 68 5 68 5 68 5 68 397 68 397 68 397
607 158 68 607 158 68 607 158 68 189 68 569 68 189 68 569 68 397 68 397 68 5
607 158 68 158 108 68 158 108
607 158 68 5
607 158 68 5 68 5 68 397
261 86
607 158 68 607 158 68 607 158 68 607 158 68 607 158 68 5 68 5 68 5 68 5
607 158 68 397 68 397
85 359
607 158 68 607 158 68 189 68 189 68 189 68 569 68 569 68 569 68 397 68 397 68 397 68 397
240
607 158 68 607 158 68 5 68 5 68 5
607 158 68 607 158 68 5 68 5 68 5 68 397 68 5
607 158 68 5 68 5 68 5 68 5 68 5 68 5
19 85
607 158 68 607 158 68 607 158 68 189 68 569 68 569 68 397 68 397 68 397 68 397 68 397 68 397
607 158 68 607 158 68 607 158 68 189 68 569 68 189 68 569 68 397 68 397 68 397 68 397 68 569 68 189 359
607 158 68 189 68 189
240 211
607
607 158 68 607 158 68 607 158 68 607 158 68 607 158 68 5 68 5 68 5 68 5 68 5
261 86
85 359 68 189
607 158 68 607 158 68 5 68 5 68 5 68 397 68 397 68 397 68 397 68 5
607 158 68 19 85 68 189
607 158 68 5 68 397
607 158 68 607 158 68 5 68 397 68 397
430
607 158 68 607 158 68 607 158 68 607 158 68 607 158 68 5
607 158 68 607 158 68 607 158 68 5 68 397 68 397 68 397 68 397
607 158 68 607 158 68 189 68 189 68 397 68 397 68 397
607 158 68 85 68 85
607 158 68 607 158 68 607 158 68 607 158 68 607 158 68 607 158 68 607 158 68 607 158 68 607 158 68 5 68 5 68 607 158 68 607 158 68 5 68 5 189 68 5 189 68 5 68 158 108 68 158 108 68 607 158 108 68 607 158 108 68 5 189 68 607 158 108 68 607 158 68 607 158 108 68 607 158 108 68 607 158 108 68 607 158 108 68 607 158 108 68 607 158 108 68 607 158 108
607 158 68 607 158 68 607 158 68 5 68 607 158 68 5 68 397 68 397 68 5
607 158 68 5 68 5 68 5
240 211
211
607 158 68 607 158 68 607 158 68 397 68 397
607 158 68 5 68 5 68 189 68 189 68 397
607 158 68 607 158 68 607 158 68 5 68 397 68 397 68 397 68 397 68 397 68 5
607 158 68 189 68 189 68 189 85
607 158 68 607 158 68 607 158 68 189 68 569 68 189 68 569 68 397 68 397 68 397 68 397 68 569 68 189
85 359
607 158 68 607 158 68 189 68 189 68 189 68 569 68 189 68 569 68 397 68 397 68 397 68 569 68 569 68 189 359
607 158 68 607 158 68 607 158 68 607 158 68 607 158 68 607 158 68 607 158 68 607 158 68 607 158 68 5
261 86 68 5
607 158 68 607 158 68 5 68 5 68 5 68 397 68 5
607 158 68 5 68 397
261 86
607 158 68 607 158 68 189 68 189 68 189 68 569 68 569 68 569 68 397 68 397 68 397 68 569 68 189
607 158 68 607 158 68 607 158 68 607 158 68 607 158 68 607 158 68 607 158 68 607 158 68 607 158 68 5 68 5 68 607 158 68 607 158 68 5 68 5 189 68 5 68 5 68 5 68 5 68 189 68 607 158 68 607 158 68 607 158 108 68 5 68 607 158 108 68 607 158 68 607 158 68 607 158 68 607 158 108 68 607 158 68 607 158 108 68 607 158 68 607 158 68 607 158 68 607
607 158 68 607 158 68 607 158 68 607 158 68 607 158 68 569 68 397 68 397 68 5
607 158 68 5 68 5
85 359
607 158 68 607 158 68 607 158 68 607 158 68 607 158 68 5 68 5 68 5 68 5
607 158 68 607 158 68 607 158 68 607 158 68 607 158 68 607 158 68 607 158 68 607 158 68 607 158 68 607 158 68 607 158 68 607 158 68 607 158 68 607 158 108 68 607 158 68 5 68 189 68 189 68 607 158 68 607 158 68 607 158 108 68 607 158 108 68 607 158 108 68 607 158 68 607 158 68 607 158 108 68 607 158 68 607 158 108 68 607 158 68 607 158 68 607 158 68 607 158
607 158 68 5 68 5 68 397
607 158 68 607 158 68 607 158 68 5 68 607 158 68 5 68 5
607 158 68 158
607 158 68 5 68 5 68 189 68 189
85
607 158 68 5
261 86
607 158 68 607 158 68 5 68 5 68 5 68 5 68 5
19
607 158 68 158
607 158 68 607 158 68 5 68 5 68 397
607 158 68 5 68 5 68 5
607 158 68 5 68 397
607 158 68 607 158 68 607 158 68 607 158 68 607 158 68 5 68 5 68 5 68 5
607 158 68 607 158 68 5 68 5 68 397 68 397 68 397
240
607 158 68 607 158 68 607 158 68 607 158 68 607 158 68 607 158
211 85
607 158 68 189 68 189 68 189 68 189 68 189 68 189
85 359
261 86

607 158 68 607 158 68 5 68 5 68 5
261 86 68 5
607 158 68 5 68 5 68 5 68 5 68 5
607 158 68 607 158 68 607 158 68 607 158 68 607 158 68 5 68 5 68 5
85 359
607 158 68 607 158 68 5 68 189 68 397 68 397
607 158 68 607 158 68 5 68 5 68 5 68 397
607 158 68 607 158 68 5 68 5 68 5 68 397 68 5
607 158 68 607 158 68 189 68 189 68 19 85 68 158 108
261 86
240 211
85 359
607 158 68 397 68 397
607 158 68 607 158 68 607 158 68 607 158 68 607 158 68 5 68 397 68 397 68 5
607 158 68 607 158 68 607 158 68 5 68 397 68 189 68 397
607 158 68 5 68 5 68 5 189 68 397 68 397
607 158 68 607 158 68 189 68 189 68 189 68 397 68 158
261 86
607 158 68 5 68 5 68 5 189 68 397
607 158 68 5 68 5 68 5 68 5 68 397
607 158 68 607 158 68 607 158 68 607 158 68 607 158
85
85 359
607 158 68 158 108
607 158 68 607 158 68 607 158 68 607 158 68 607 158 68 5 68 397 68 5 189 68 5
607 158 68 607 158 68 607 158 68 5 68 397 68 397
607 158 68 158 108
240 211
85
607 158 68 607 158 68 607 158 68 607 158 68 607 158 68 5 68 5 68 5 68 5 68 5 68 5 68 5 189 68 5 68 5 189 68 5 68 5 68 5 189 68 5 189 68 5 189 68 189 68 189 68 189 68 607 158 108 68 5 189 68 5 189 68 5 189 68 607 158 108 68 607 158 108 68 607 158 108 68 607 158 108 68 607 158 108 68 607 158 108 68 607 158 108 68 607 158 68
240 211
261 86
607 158 68 189 68 189 68 189 85
607 158 68 607 158 68 607 158 68 5 68 397 68 397 68 397 68 397 68 397 68 5
607 158 68 607 158 68 607 158 68 607 158 68 607 158 68 5 68 397 68 397 68 5
607 158 68 607 158 68 607 158 68 5 68 607 158 68 5 68 397 68 397 68 5
607 158 68 607 158 68 607 158 68 607 158 68 607 158 68 5 68 5 68 5 189 68 5
607 158 68 5 68 5 68 5 68 5
240
607 158 68 607 158 68 607 158 68 607 158 68 607 158 68 5 68 5 68 5 68 5
261 86
607 158 68 5 68 5 68 5 68 5 68 397 68 397 68 5
261 86
240
240 211
607 158 68 607 158 68 607 158 68 397 68 397 68 397 68 397
607 158 68 5
607 158 68 5 68 5 68 5 189 68 397
85 359
607 158 68 5 68 397 68 189
607 158 68 607 158 68 607 158 68 189 68 189 68 189 68 189 68 569 68 569 68 569 68 569 68 569 68 189 68 189 68 397 68 5 189 68 5 85 359 68 5 189 85 359 68 189 68 189 68 189 68 189 68 189 68 607 158 108 68 5 189 68 5 189 68 5 189 68 607 158 108 68 607 158 108 68 607 158 108 68 607 158 108 68 607 158 108 68 607 158 108 68 607 158 108 68 607 158
240 211
607 158 68 5 68 397 68 189
607 158 68 5 68 397
607 158 68 5
240
607 158 68 607 158 68 5 68 189 68 397 68 397 68 397 68 397 68 397 68 397 68 397
607 158 68 607 158 68 607 158 68 189 68 189 68 158 108
607 158 68 5
85 359
607 158 68 5 68 5 68 5 189 68 397
607 158 68 607 158 68 5 68 189 68 189 68 189
607 158 68 607 158 68 189 68 189 68 189 68 569 68 189 68 397 68 397 68 397 68 397
607 158 68 607 158 68 607 158 68 5 68 607 158 68 5
261 86 68 85
607 158 68 5 68 5 68 5 68 5 68 5
85 359
211 108
19
607 158 68 5 68 5 68 5 189 68 397 68 397 68 397 68 397
607 158 68 607 158 68 5 68 5 68 5 68 5 68 5
85 359
261 86 68 5
607 158 68 607 158 68 607 158 68 607 158 68 607 158 68 5 68 5 68 5 68 5
607 158 68 607 158 68 5 68 5 68 5
607 158 68 5 68 5 68 5 68 5
607 158 68 607 158 68 607 158 68 397 68 397 68 397 68 397 68 397
607 158 68 607 158 68 607 158 68 189 68 397 68 569 68 397 68 397 68 397 68 397 68 397
607 158 68 19 85
607 158 68 607 158 68 607 158 68 607 158 68 607 158 68 5 68 5
240 211
261 86
607 158 68 607 158 68 607 158 68 607 158 68 607 158 68 5
211
607 158 68 5 68 397
85 359
607 158 68 5 68 5 68 5 68 5
19 85 359
607 158 68 607 158 68 607 158 68 607 158 68 397 68 397
85 359
261 86
70 158
261 86 68 5
607 158 68 5 68 5 68 5 189 68 397 68 397 68 397
607 158 68 607 158 68 189 68 189 68 85
607 158 68 5 68 5 68 5
85 359
607 158 68 607 158 68 5 68 5 68 5 68 397 68 5
85
240 211
607 158 68 5
85
607 158 68 607 158 68 85 68 85 68 85
607 158 68 5 68 5 68 5 189 68 397 68 397 68 397
607 158 68 607 158 68 607 158 68 607 158 68 607 158 68 5 68 5 68 5 189 68 5
607 158 68 19 85
607 158 68 5 68 5 68 397 68 397
261 86
607 158 68 5 68 5 68 5 68 5 68 5
607 158 68 5 68 5 68 189 68 189 68 397 68 397 68 397
607 158 68 158 68 158 108
607 158 68 189 68 189 68 189
607 158 68 607 158 68 607 158 68 189 68 607 158 68 569 68 569 68 397 68 397 68 397 68 569 68 189 68 569 68 397 68 5 85 359
607 158 68 607 158 68 607 158 68 5 68 607 158 68 5 68 5 68 5 68 5
607 158 68 5
607 158 68 5 68 5 68 5 189 68 397
240 211
607 158 68 5 68 5
261 86
607 158 68 607 158 68 607 158 68 5 68 607 158 68 5
607 158 68 607 158 68 189 68 189 68 189 68 189 68 189 68 569 68 569 68 569 68 569 68 569 68 189 359
607 158 68 607 158 68 607 158 68 607 158 68 607 158 68 607 158 68 607 158 68 607 158 68 5 68 5 68 5 68 5 68 607 158 108 68 5 68 5 158 108 68 5 189 68 5 189 68 158 108 68 189 68 607 158 108 68 607 158 108 68 5 189 68 607 158 108 68 607 158 108 68 607 158 108 68 607 158 108 68 607 158 108 68 607 158 108 68 607 158 108 68 607 158 108 68 607 158
607 158 68 607 158 68 189 68 189 68 189 68 569 68 397
261 86
607 158 68 607 158 68 5 68 5 68 5 68 5
607 158 68 607 158 68 607 158 68 607 158 68 607 158 68 607 158 68 607 158 68 607 158 68 607 158 68 607 158 68 607 158 68 607 158 68 607 158 68 158 108 68 607 158 108 68 158 108 68 158 108 68 158 108 68 607 158 108 68 607 158 108 68 607 158 108 68 607 158 108 68 607 158 108 68 607 158 108 68 607 158 108 68 607 158 108 68 607 158 108 68 607 158 108 68 607 158 108
607 158 68 5 68 5 68 5 189 68 397 68 397
607 158 68 5 68 397
607 158 68 5 68 5
607 158 68 607 158 68 5 68 189 68 397 68 397 68 397
607 158 68 5 68 5 68 5 68 5 68 5
85 68 85 359 68 85
607 158
607 158 68 607 158 68 607 158 68 189 68 607 158 68 189 68 397 68 397 68 397 68 5
607 158 68 158 108
261 86
607 158 68 607 158 68 607 158 68 5 68 5 68 5 68 5
607 158 68 607 158 68 607 158 68 607 158 68 607 158 68 5 68 5
240
607 158 68 607 158 68 607 158 68 5 68 607 158 68 5 68 5
607 158 68 5 68 189 68 189 68 189
85 359
607 158 68 607 158 68 607 158 68 189 68 607 158 68 189 68 569 68 397 68 569 68 569 68 569 68 569 68 569 68 397 68 607 158 108
607 158 68 5 68 189
607 158 68 607 158 68 607 158 68 607 158 68 607 158 68 607 158 68 607 158 68 607 158 68 607 158 68 5 68 607 158 68 607 158 108 68 607 158 68 5 189 68 5 189 68 189 68 158 108 68 158 108 68 607 158 108 68 607 158 108 68 607 158 108 68 607 158 108 68 607 158 108 68 607 158 108 68 607 158 108 68 607 158 108 68 607 158 108 68 607 158 108 68 607 158 68 607 158
607 158 68 158 68 158 108
607 158 68 5 68 5 68 189
240
607 158 68 158 108
607 158 68 607 158 68 5 68 5 68 397 68 397 68 397
607 158 68 607 158 68 607 158 68 607 158 68 607 158 68 607 158 68 607 158 68 607 158 68 607 158 68 5 68 5 68 607 158 108 68 607 158 108 68 5 158 108 68 5 189 68 158 108 68 158 108 68 189 68 607 158 108 68 607 158 108 68 5 189 68 607 158 108 68 607 158 108 68 607 158 108 68 607 158 108 68 607 158 108 68 607 158 108 68 607 158 108 68 607 158 108 68 607
607 158 68 607 158 68 607 158 68 607 158 68 607 158 68 569 68 397 68 397 68 397 68 397 68 5
607 158 68 5 68 5 68 397 68 397
261 86
607 158 68 189 68 189 68 189
607 158 68 607 158 68 5 68 189 68 397 68 397 68 397
430
607 158 68 607 158 68 5 68 5 68 397
261 86
261 86
261 86
607 158 68 607 158 68 607 158 68 607 158 68 607 158 68 5 68 397 68 397 68 5
240
607 158 68 189 68 189 85 359
607 158 68 397
607 158 68 5 68 5 68 5
211 108
607 158 68 607 158 68 607 158 68 607 158 68 607 158 68 607 158 68 607 158 68 5 68 5
607 158 68 5 68 397 68 189
261 86
85 359
607 158 68 189 68 189
240
85 359
607 158 68 189 68 189
19 85
85 359
607 158 68 607 158 68 607 158 68 607 158 68 607 158 68 5 68 397 68 397 68 5
19
607 158 68 607 158 68 607 158 68 5 68 607 158 68 5 68 5
607 158 68 607 158 68 607 158 68 607 158 68 607 158 68 607 158 68 607 158 68 5 68 5 68 5 68 5 68 5 68 5 68 607 158 108 68 5 68 5 189 68 5 189 68 5 189 68 5 68 5 189 68 607 158 108 68 607 158 108 68 5 189 68 5 189 68 5 68 607 158 108 68 607 158 108 68 607 158 108 68 607 158 108 68 607 158 108 68 607 158 108 68 607 158 68 607 158
19 85
607 158 68 607 158 68 607 158 68 607 158 68 607 158 68 5 68 5 68 5 68 5 68 5 68 5 68 5 189 68 5 68 5 189 68 5 68 5 158 108 68 5 189 68 5 189 68 5 68 5 68 5 189 68 5 189 68 5 189 68 5 189 68 5 189 68 5 189 68 5 68 5 189 68 607 158 108 68 607 158 108 68 607 158 108 68 607 158 108 68 607 158 108 68 607 158 68 607
607 158 68 5 68 397
607 158 68 607 158 68 607 158 68 189 68 569 68 569 68 569 68 397
211
607 158 68 5 68 5 68 5 189 68 397 68 397 68 397 68 397
85 68 158 108 68 189 108
607 158 68 5 68 5 68 5 68 5 68 397 68 397 68 397 68 397 68 397 68 5
240 211
607 158 68 85
607 158 68 397 68 397
607 158 68 607 158 68 189 68 189 68 189 68 189 68 189 68 569 68 397 68 397 68 569 68 569 68 189
607 158 68 5 68 5 68 5
607 158 68 5 68 397 68 189 68 397 68 397
607 158 68 607 158 68 5 68 5 68 5 68 5 68 5
211
261 86 108
85 68 85
607 158 68 607 158 68 607 158 68 607 158 68 607 158 68 5 68 5 68 5 189 68 5 68 5 68 5 189 68 5 189 68 5 189 68 5 68 5 189 68 5 189 68 5 189 68 5 189 68 189 68 189 68 5 189 68 607 158 108 68 5 189 68 5 189 68 5 189 68 5 189 68 607 158 108 68 607 158 108 68 607 158 108 68 607 158 108
607 158 68 607 158 68 607 158 68 607 158 68 607 158 68 5 68 397 68 5 189 68 5
85 359
607 158 68 5 68 189 68 189
85 359
85 359
211
607 158 68 5 68 5 68 5 189 68 397 68 397
607 158 68 607 158 68 607 158 68 189 68 569 68 569 68 397 68 397 68 397 68 397
607 158 68 607 158 68 189 68 189 68 189 68 189 68 189 68 569 68 397 68 397 68 569 68 569 68 189
607 158 68 5 68 5 68 189 68 189 68 397 68 397 68 397
261 86
607 158 68 5 68 158 108
261 86
607 158 68 5 68 5
607 158 68 607 158 68 607 158 68 607 158 68 607 158 68 607 158 68 607 158 68 607 158 68 607 158 68 5 68 5 68 607 158 68 607 158 108 68 5 189 68 5 189 68 5 189 68 189 68 189 68 189 68 607 158 108 68 607 158 108 68 5 189 68 607 158 108 68 607 158 108 68 607 158 108 68 607 158 108 68 607 158 108 68 607 158 108 68 607 158 108 68 607 158 108 68 607 158
211 85 359
607 158 68 158 108
607 158 68 607 158 68 5 68 5 189 68 397 68 189 68 397 68 397 68 397 68 5
85 359
607 158 68 5 68 5 68 189 68 397
607 158 68 5 68 5 68 189 68 189 68 397
607 158 68 397 68 397
607 158 68 607 158 68 607 158 68 189 68 189 68 189 68 569 68 397 68 397 68 5
607 158 68 5 68 397
85 359
607 158 68 607 158 68 607 158 68 189 68 569 68 569 68 569 68 397 68 397 68 5
607 158 68 607 158 68 607 158 68 189 68 607 158 68 569 68 397 68 397 68 397 68 397 68 397 68 5
607 158 68 189
607 158 68 607 158 68 189 68 189 68 189 68 189 68 189 68 569 68 569 68 569 68 569 68 569 68 189
261 86 68 5
607 158 68 5 68 5 68 5
85 68 85
607 158 68 5 68 5 68 5 68 5
607 158 68 607 158 68 607 158 68 5 68 607 158 68 5 68 5 68 397 68 5
607 158 68 5 68 397 68 189
85 359
607 158 68 5 68 5 68 189 68 189 68 397 68 397 68 397
261 86
607 158 68 5 68 5
607 158 68 5 68 5 68 5
607 158 68 607 158 68 607 158 68 189 68 607 158 68 189 68 5 68 5 68 5 189 68 5 68 5 68 5 189 68 5 189 68 5 189 68 5 68 5 189 68 5 189 68 5 189 68 189 68 189 68 189 68 189 68 5 189 68 5 189 68 5 189 68 5 189 68 5 189 68 5 189 68 607 158 108 68 607 158 108 68 607 158 108 68 607 158 108 68 607 158 108 68 607 158 108 68 607
607 158 68 5
19 85
607 158 68 607 158 68 5 68 5 68 397
607 158 68 607 158 68 607 158 68 607 158 68 607 158 68 607 158 68 607 158 68 607 158 68 5 68 5 68 5 68 5 68 607 158 108 68 5 68 5 189 68 5 189 68 5 189 68 189 68 189 68 189 68 607 158 108 68 607 158 108 68 5 189 68 5 189 68 607 158 108 68 607 158 108 68 607 158 108 68 607 158 108 68 607 158 108 68 607 158 108 68 607 158 108 68 607 158 108
607 158 68 607 158 68 607 158 68 607 158 68 607 158 68 5 68 5 68 5 68 5
607 158 68 5 68 5 68 5 68 5 68 397 68 397 68 5
19 85
85 68 85 359
607 158 68 5 68 5 68 5 68 397 68 397
607 158 68 607 158 68 607 158 68 607 158 68 607 158 68 5 68 5 68 5 68 5 68 5
85 359
607 158 68 607 158 68 607 158 68 5 68 607 158 68 5 68 5 68 5 68 5
211
607 158 68 5 68 5 68 5 68 5 68 397 68 397 68 397
607 158 68 607 158 68 607 158 68 5 68 607 158
85 359 68 189
607 158 68 607 158 68 607 158 68 607 158 68 607 158 68 607 158 68 607 158 68 5 68 5 68 5 68 5 68 5 68 607 158 68 607 158 68 5 68 5 189 68 5 189 68 5 189 68 5 68 5 68 607 158 108 68 607 158 68 5 189 68 5 189 68 607 158 108 68 607 158 68 607 158 68 607 158 68 607 158 108 68 607 158 108 68 607 158 68 607 158 68 607 158 68 607 158 68
607 158 68 5 68 5 68 397 68 397 68 397
607 158 68 607 158 68 607 158 68 189 68 607 158 68 569 68 397 68 397 68 5 189 68 5
607 158 68 5 68 5
607 158 68 5 68 5 68 189 68 397 68 397
607 158 68 5 68 397
607 158 68 607 158 68 607 158 68 189 68 607 158 68 189 68 569 68 569 68 5 68 5 68 569 68 5 189 68 569 68 5 189 68 5 68 5 85 359 68 5 189 68 5 189 68 189 68 189 68 189 68 189 68 607 158 108 68 607 158 108 68 5 189 68 5 189 68 607 158 108 68 607 158 108 68 607 158 108 68 607 158 108 68 607 158 108 68 607 158 108 68 607 158 108 68 607 158
607 158 68 5 68 189 68 189 68 189 68 397
607 158 68 607 158 68 5 68 5 68 5 68 5
607 158 68 5 68 5
85 359 68 158 108 68 189 85 359
607 158 68 607 158 68 5 68 5 68 5 68 397 68 5
607 158 68 211
607 158 68 5 68 19 85
261 86 68 5
85 359
607 158 68 607 158 68 607 158 68 607 158 68 607 158 68 5 68 5 68 5 68 5 68 5
607 158 68 607 158 68 5 68 5
607 158 68 607 158 68 189 68 189 68 189 68 189
607 158 68 607 158 68 189 68 189 68 189 68 569 68 569 68 397 68 397 68 397 68 397
607 158 68 211 108
261 86
607 158 68 607 158 68 607 158 68 189 68 569 68 569 68 569 68 397
607 158 68 607 158 68 607 158 68 189 68 607 158 68 189 68 569 68 397 68 5 189 68 5 68 5 68 189 68 397 68 5 189 68 5 149
85 359
607 158 68 158 108 68 189 85 359
85
85 359
261 86 68 85
607 158 68 5 68 5
607 158 68 5
607 158 68 607 158 68 5 68 189 68 397 68 397 68 189
607 158 68 607 158 68 607 158 68 607 158 68 607 158 68 607 158 68 607 158 68 607 158 68 607 158 68 607 158 68 607 158 68 607 158 68 607 158 68 607 158 108 68 607 158 68 607 158 68 158 68 607 158 68 607 158 68 607 158 108 68 607 158 108 68 607 158 108 68 607 158 68 607 158 68 607 158 68 607 158 108 68 607 158 108 68 607 158 108 68 607 158 68 607 158 68 607 158
607 158 68 607 158 68 189 68 189 68 189 68 189 68 158 108
607 158 68 5 68 5 68 189 68 397
607 158 68 5 68 5 68 5
607 158 68 5
607 158 68 607 158 68 189 68 189 68 189 68 569 68 397 68 397
607 158 68 189 68 189 68 189
261 86
607 158 68 607 158 68 607 158 68 5 68 607 158 68 5 68 397 68 397 68 5
261 86
607 158 68 5 68 158 108
607 158 68 189 68 189
607 158 68 607 158 68 5 68 5 68 397 68 397
211
607 158 68 607 158 68 607 158 68 189 68 607 158 68 569 68 397 68 397 68 5 189 68 5
607 158 68 5 68 5 68 5 189
607 158 68 19 85 68 189 68 189
607 158 68 607 158 68 189 68 189 68 189 68 189 68 189
607 158 68 5 68 5 68 5
607 158 68 607 158 68 607 158 68 5 68 397
607 158 68 5 68 5 68 5 68 5
607 158 68 607 158 68 189 68 189 68 189 68 189 68 189 68 569 68 569 68 569 68 569 68 569 68 189 68 189 68 189 68 607 158 108 68 158 108 68 158 108 68 158 108 68 158 108 68 158 108 68 158 108 68 189 68 607 158 108 68 607 158 108 68 607 158 108 68 607 158 108 68 607 158 108 68 607 158 108 68 607 158 108 68 607 158 108 68 607 158 108 68 607 158 108 68 607 158
607 158 68 607 158 68 607 158 68 607 158 68 607 158 68 5 68 5 68 5
607 158 68 5 68 5 68 5 68 5 68 5 68 5
607 158 68 5 68 5 68 5 68 5 68 397 68 397 68 5
607 158 68 5 68 5 68 397 68 397
85 68 189 68 85
607 158 68 607 158 68 189 68 189 68 189 68 189
261 86
85
607 158 68 5 68 397
85 359
607 158 68 397 68 397
85 68 85 359 68 85
607 158 68 607 158 68 5 68 189 68 397
607 158 68 158 108
607 158 68 19 85 359
607 158 68 5
607 158 68 607 158 68 607 158 68 607 158 68 607 158 68 569 68 397 68 397 68 5
607 158 68 189 68 189
607 158 68 5 68 397 68 397 68 397
607 158 68 607 158 68 607 158 68 189 68 607 158 68 189 68 569 68 397 68 397 68 397 68 569 68 189 68 189 68 397 68 607 158 108
85 359
607 158 68 5 68 397
607 158 68 607 158 68 189 68 189 68 189 68 569 68 569 68 397
607 158 68 607 158 68 607 158 68 607 158 68 607 158 68 5 68 5 68 5 68 5
607 158 68 607 158 68 607 158 68 607 158 68 607 158 68 397 68 397 68 397 68 5
607 158 68 607 158 68 607 158 68 607 158 68 607 158 68 5 68 5 68 5 68 5 68 5 68 5 68 5 189 68 5 189 68 5 189 68 5 68 5 189 68 5 189 68 5 189 68 5 189 68 5 189 68 5 189 68 5 189 68 5 189 68 5 189 68 5 189 68 5 68 5 189 68 5 189 68 607 158 108 68 607 158 108 68 5 189 68 607 158 108 68 607 158 68 607 158 68 607
85 359
607 158 68 5 68 5 68 5 68 5 68 5
607 158
85 359
261 86 68 5
607 158 68 5 68 5 68 5
607 158 68 607 158 68 607 158 68 397 68 397 68 397 68 397 68 397 68 397 68 397 68 397
261 86
607 158 68 5 68 5 68 5 189 68 397
607 158 68 607 158 68 607 158 68 607 158 68 607 158 68 5
261 86
19 85
85
261 86
261 86
607 158 68 158 68 19 85 359 68 189
607 158 68 607 158 68 607 158 68 5 68 397 68 397 68 397 68 397 68 397 68 5
607 158 68 607 158 68 607 158 68 5 68 397 68 397 68 397 68 397 68 397 68 5
607 158 68 5 68 5 68 5 189 68 397 68 397
607 158 68 5 68 5 189 68 397
211
261 86 68 5
607 158 68 607 158 68 5 68 5 68 5 68 397 68 5
607 158 68 607 158 68 607 158 68 189 68 189 68 189 68 569 68 397 68 397 68 5
607 158 68 607 158 68 607 158 68 189 68 397 68 397 68 397 68 397 68 397 68 5
607 158 68 5 68 397
607 158 68 607 158 68 607 158 68 5 68 607 158 68 5 68 5 68 397 68 5 189 68 5
607 158 68 5 68 397 68 397 68 397
607 158 68 607 158 68 5 68 5 68 5 68 397 68 5 68 397 68 397 68 5
607 158 68 607 158 68 607 158 68 607 158 68 607 158 68 5 68 5 68 5 68 5 68 5 68 5 68 5 359
607 158 68 189 68 189 68 189 359
19 85
607 158 68 607 158 68 607 158 68 189 68 189 68 189 68 189 68 569 68 397 68 569 68 569 68 569 68 189 68 189 68 607 158 108
607 158 68 5 68 397
607 158 68 607 158 68 607 158 68 189 68 607 158 68 189 68 397 68 397 68 397 68 5
607 158 68 5 68 5 68 5 68 5 68 5
607 158 68 5 68 5 68 5 68 5
607 158 68 607 158 68 189 68 189 68 189 68 569 68 569 68 569 68 397 68 397 68 569 68 569 68 189
607 158 68 158 68 189 68 189
607 158 68 5 68 5 68 5 68 5 68 397
607 158 68 5 68 5 68 5 68 397 68 397 68 397 68 397
607 158 68 5 68 5 68 189 68 397 68 397 68 397 68 397
607 158 68 607 158 68 5 68 5 68 5 68 5 68 5
607 158 68 5 68 397 68 397
607 158 68 607 158 68 5 68 5 189 68 397 68 397 68 5
85 359
607 158 68 5 68 5
607 158 68 607 158 68 607 158 68 607 158 68 607 158 68 5
85 68 189 68 85
607 158 68 5 68 5 68 5 189 68 397 68 397
240
607 158 68 5 68 5 68 397
607 158 68 607 158 68 607 158 68 5 68 607 158 68 5 68 397 68 397 68 5 189 68 5
607 158 68 158 68 19 85
607 158 68 607 158 68 607 158 68 189 68 397
211
240
261 86
607 158 68 19 85
19
607 158 68 5 68 397 68 397 68 397
607 158 68 5 68 5 68 5 68 397
240
607 158 68 607 158 68 5 68 189 68 397 68 397 68 397 68 397
607 158 68 5 68 5
85 68 158 108
607 158 68 607 158 68 607 158 68 607 158 68 607 158 68 607 158 68 607 158 68 607 158 68 5 68 5 68 5 68 607 158 68 607 158 68 5 68 5 68 5 189 68 5 68 5 68 5 68 5 68 5 189 68 607 158 68 607 158 108 68 5 68 5 189 68 607 158 108 68 607 158 68 607 158 68 607 158 108 68 607 158 68 607 158 108 68 607 158 68 607 158 68 607 158 68 607 158
607 158 68 158 108
607 158 68 5 68 5 68 5 68 397
211 108
607 158 68 5 68 5 68 189
607 158 68 5 68 5 68 397 68 397
607 158 68 607 158 68 607 158 68 189 68 607 158 68 189 68 397 68 397 68 5
607 158 68 189 68 397
607 158 68 607 158 68 607 158 68 5 68 607 158 68 5
261 86 68 85
607 158 68 5 68 5 68 5
607 158 68 5 68 5 68 5 68 397
607 158 68 607 158 68 607 158 68 607 158 68 607 158 68 5 68 5 68 5 68 5 68 5 68 5 68 5 189 68 5 68 5 189 68 5 68 5 68 5 189 68 5 189 68 5 189 68 189 68 189 68 189 68 5 189 68 5 189 68 5 189 68 5 189 68 5 189 68 5 68 607 158 108 68 607 158 108 68 607 158 108 68 607 158 108
607 158 68 5 68 5 68 5
607 158 68 397 68 397
607 158 68 607 158 68 607 158 68 607 158 68 607 158 68 607 158 68 607 158 68 607 158 68 607 158 68 5 68 607 158 68 607 158 68 607 158 68 607 158 68 607 158 68 607 158 68 5 68 607 158 68 607 158 68 607 158 68 607 158 108 68 607 158 68 607 158 108 68 607 158 68 607 158 68 607 158 68 607 158 108 68 607 158 108 68 607 158 68 607 158 68 607 158 68 607 158 68
607 158 68 607 158 68 607 158 68 607 158 68 607 158 68 5 68 5 68 5 68 5
607 158 68 607 158 68 607 158 68 5 68 607 158 68 569 68 397 68 397 68 5
607 158 68 607 158 68 607 158 68 607 158 68 607 158 68 569 68 397 68 397 68 5
211
85 359
607 158 68 607 158 68 5 68 397 68 397
607 158 68 5 68 397
607 158 68 607 158 68 607 158 68 607 158 68 607 158 68 5 68 397 68 5
607 158 68 607 158 68 189 68 189 68 397 68 397
607 158 68 607 158 68 5 68 5 68 5 68 397
240 211
240 211 108
607 158 68 607 158 68 607 158 68 607 158 68 607 158 68 189 68 397 68 5 68 5 68 5 68 5 68 5 189 68 5 189 68 5 189 68 5 68 5 189 68 5 189 68 5 189 68 189 68 189 68 189 68 189 68 607 158 108 68 5 189 68 5 189 68 5 189 68 607 158 108 68 607 158 108 68 607 158 108 68 607 158 108 68 607 158 108 68 607 158 108 68 607 158 108 68 607 158
261 86 68 5
607 158 68 5 68 5 68 189 68 189 68 397 68 397 68 397
261 86
607 158 68 607 158 68 607 158 68 5 68 607 158 68 5 68 5
607 158
607 158 68 607 158 68 189 68 189 68 189 68 569 68 569 68 397 68 397 68 397 68 397 68 397 68 5 189 359
607 158 108 68 189 68 189 85 359
607 158 68 158
607 158 68 5 68 5 68 5 68 5
607 158 68 5
607 158 68 5 68 397
607 158 68 607 158 68 5 68 5 68 5 68 5 68 5
211
211
607 158 68 5 68 5
607 158 68 607 158 68 607 158 68 607 158 68 607 158 68 5 68 5 68 5 68 5 68 5 68 5 68 5 189 68 5 68 5 189 68 5 68 5 68 5 189 68 5 189 68 5 189 68 158 68 189 68 189 68 607 158 108 68 5 189 68 5 189 68 5 189 68 607 158 108 68 607 158 108 68 607 158 108 68 607 158 108 68 607 158 108 68 607 158 108 68 607 158 68 607 158 68 607
607 158 68 607 158 68 5 68 5 68 397 68 397
607 158 68 607 158 68 607 158 68 189 68 189 68 189 68 397 68 397 68 397 68 5
607 158 68 607 158 68 5 68 5 68 5 68 5 68 5
607 158 68 5 68 5 68 5 189 68 397 68 397 68 397
607 158 68 5 68 5 68 5 189
607 158 68 5
607 158 68 607 158 68 607 158 68 189 68 397 68 569 68 397 68 397
607 158 68 5 68 5
607 158 68 607 158 68 607 158 68 607 158 68 607 158 68 5 68 5 68 5 68 5
607 158 68 607 158 68 607 158 68 607 158 68 607 158 68 5 68 397 68 397 68 5
607 158 68 189 68 189 68 189
607 158 68 5 68 5 68 5 189 68 397
261 86 68 5
261 86
607 158 68 189 68 189
607 158 68 5 68 5 68 5
607 158 68 607 158 68 607 158 68 19 85
607 158 68 5 68 5 68 5 68 397
261 86
240
240
607 158 68 5
607 158 68 607 158 68 607 158 68 607 158 68 607 158 68 5
607 158 68 607 158 68 607 158 68 189 68 189 68 189 68 189 68 569 68 569 68 5 189 68 569 68 189 68 189 68 397 68 5 189 68 5 149 68 5 189 68 5 189 68 189 68 189 68 189 68 189 68 189 68 189 68 607 158 108 68 5 189 68 5 189 68 5 189 68 607 158 108 68 607 158 108 68 607 158 108 68 607 158 108 68 607 158 108 68 607 158 108 68 607 158 108 68 607
607 158 68 607 158 68 607 158 68 607 158 68 607 158 68 607 158 68 607 158 68 607 158 68 607 158 68 5 68 5 68 607 158 108
607 158 68 607 158 68 607 158 68 189 68 569 68 569 68 569 68 397 68 397 68 5
607 158 68 607 158 68 189 68 189 68 189 68 189 68 158
607 158 68 607 158 68 607 158 68 607 158 68 607 158 68 5 68 397 68 397 68 5
607 158 68 607 158 68 607 158 68 5 68 607 158 68 5 68 5
261 86
85 359
261 86
607 158 68 607 158 68 189 68 189 68 189 68 189 68 189 68 569 68 397 68 397 68 397 68 397 68 189 359
607 158 68 607 158 68 607 158 68 607 158 68 607 158 68 607 158 68 607 158 68 607 158 68 607 158 68 5 68 607 158 68 607 158 68 607 158 68 607 158 68 5 189 68 607 158 68 5 68 189 68 189 68 607 158 68 607 158 68 607 158 108 68 607 158 108 68 607 158 68 607 158 108 68 607 158 68 607 158 108 68 607 158 108 68 607 158 108 68 607 158 108 68 607 158 68 607 158
607 158 68 5
261 86
607 158 68 607 158 68 607 158 68 607 158 68 607 158 68 5 68 397 68 397 68 5
261 86
607 158 68 607 158 68 607 158 68 607 158 68 607 158 68 607 158 68 607 158 68 607 158 68 5 68 5 68 5 68 5 68 607 158 68 5 68 5 68 5 189 68 5 189 68 5 68 5 68 5 68 5 189 68 607 158 108 68 5 189 68 5 189 68 5 189 68 5 68 607 158 108 68 607 158 108 68 607 158 108
321
607 158 68 607 158 68 189 68 189 68 189 68 569 68 569 68 397 68 397 68 397 68 397 68 397 68 189 359
607 158 68 5 68 5 68 5 189 68 397 68 397 68 397
607 158 68 5 68 397
85
607 158 68 189 68 189 85 359
607 158 68 607 158 68 607 158 68 5 68 607 158 68 5 68 5
211
607 158 68 607 158 68 607 158 68 607 158 68 607 158 68 5 68 5 68 5 68 5
607 158 68 607 158 68 607 158 68 397 68 397 68 397
607 158 68 607 158 68 607 158 68 607 158 68 607 158 68 569 68 397
607 158 68 5
85
607 158 68 607 158 68 607 158 68 607 158 68 607 158 68 5 68 5 68 5 68 5
607 158 68 5 68 5 68 5 68 5
607 158 68 607 158 68 5 68 5 68 5 68 397 68 5
240
261 86
607 158 68 607 158 68 607 158 68 189 68 569 68 569 68 569 68 397 68 397 68 397 68 569 68 569 68 189
19 85
321 240
607 158 68 5 68 5 68 189
607 158 68 5 68 5
19 85
607 158 68 607 158 68 189 68 189 68 189 68 189 68 189 68 569 68 397 68 397 68 397 68 397 68 189 359
607 158 68 5 68 397 68 397
607 158 68 607 158 68 607 158 68 607 158 68 607 158 68 5 68 5
85 359
261 86
607 158 68 607 158 68 607 158 68 189 68 189 68 189 68 397 68 397 68 397 68 5
607 158 68 5 68 5 68 397 68 397
607 158 68 607 158 68 607 158 68 607 158 68 607 158 68 5 68 5 68 5 68 5
607 158 68 607 158 68 607 158 68 189 68 189 68 189 68 569 68 397
607 158 68 5 68 5 68 189 68 189 68 397 68 189 68 397 68 397 68 397 68 397
19 85
607 158 68 607 158 68 607 158 68 5 68 397 68 569 68 397 68 397 68 397 68 5
607 158 68 607 158 68 607 158 68 5 68 5
85 359
607 158 68 5 68 397 68 397
607 158 68 607 158 68 607 158 68 607 158 68 607 158 68 5 68 5
607 158 68 607 158 68 607 158 68 607 158 68 607 158 68 5 68 5 68 5 68 5
607 158 68 607 158 68 607 158 68 5 68 607 158 68 5 68 5
607 158 68 189 68 189
85 359
607 158 68 607 158 68 5 68 5 189 68 397
85 359
607 158 68 607 158 68 607 158 68 5 68 607 158 68 397 68 397 68 397 68 5
607 158 68 607 158 68 5 68 5 68 397 68 397 68 397 68 397 68 397 68 5
607 158 68 607 158 68 158 108 68 158 108
607 158 68 19 85
607 158 68 607 158 108 68 189 68 189 68 189 68 189 68 158 108
607 158 68 5 68 397 68 397
85 68 158 108 68 85 359
261 86 68 5 68 5
607 158 68 397 68 397
607 158 68 5 68 5
607 158 68 607 158 68 607 158 68 189 68 397 68 569 68 397 68 397 68 397 68 397 68 397 68 397 68 5
607 158 68 607 158 68 607 158 68 5 68 397 68 397 68 397
607 158 68 5 68 5 68 5 68 5 68 397
85 359
240
607 158 68 5 68 5 68 5 189 68 397 68 397
607 158 68 5 68 397
607 158 68 5 68 5 68 5 189 68 397
240
607 158 68 5
240
607 158 68 607 158 68 607 158 68 189 68 607 158 68 569 68 569 68 397 68 397 68 5
607 158 68 607 158 68 5 68 5 68 5 68 5
607 158
607 158 68 607 158 68 189 68 189 68 569 68 569 68 569 68 397 68 397 68 397 68 397 68 397
85
85
607 158 68 5 68 5 68 5 68 5 68 397 68 397
607 158 68 5 68 5
85 359
607 158 68 5 68 5 68 397 68 397
607 158 68 85
607 158 68 607 158 68 607 158 68 607 158 68 607 158 68 5 68 5 68 5 189 68 5
607 158 68 5 68 5 68 189 68 397
607 158 68 397 68 397
607 158 68 158
607 158 68 607 158 68 607 158 68 189 68 569 68 189 68 569 68 397 68 397 68 397 68 397 68 5
607 158 68 5 68 5 68 5 189 68 397
211 108
607 158 68 5 68 5
607 158 68 5 68 189 68 189
85 359
261 86
211
607 158 68 5 68 5 68 5 68 5 68 397
607 158

607 158 68 5 68 5 68 5
607 158 68 5 68 397
607 158 68 5 68 5 68 5 68 5
607 158
607 158 68 5 68 5 68 5 68 397 68 397
211
321
85
211
607 158 68 189 68 189 68 189 85 359
607 158 68 607 158 68 607 158 68 607 158 68 607 158 68 607 158 68 607 158 68 607 158 68 607 158 68 5
607 158 68 607 158 68 5 68 5 68 5 68 5 68 5
240 211
607 158 68 189 68 189 85 359
19 85
607 158 68 607 158 68 607 158 68 607 158 68 607 158 68 607 158 68 607 158 68 5 68 5
607 158 68 189 68 189 108
607 158 68 5 68 5 68 5 189 68 397
607 158 68 5 68 5 68 189 68 189
607 158 68 607 158 68 607 158 68 607 158 68 397 68 397 68 397
607 158 68 5 68 397
607 158 68 5 68 5 68 397
85 359
607 158 68 607 158 68 607 158 68 5 68 607 158 68 5 68 5 68 397 68 5
607 158 68 189 68 189 68 189 68 189 68 189
607 158 68 607 158 68 189 68 189 68 189 68 189 68 189 68 569 68 397
607 158 68 607 158 68 5 68 5 68 397
607 158 68 607 158 68 607 158 68 5 68 397 68 397 68 397 68 397 68 397 68 5
607 158 68 607 158 68 607 158 68 607 158 68 607 158 68 5 68 397 68 5 189 68 5
607 158 68 607 158 68 189 68 189 68 189 68 189 68 189 68 569 68 569 68 569 68 569 68 569 68 189 68 189 68 569 68 607 158 108
607 158 68 607 158 68 607 158 68 189 68 607 158 68 189 68 569 68 397 68 5 189 68 569 68 5 68 189 68 569 68 607 158 108 68 5 85 359 68 158 108 68 5 189 68 158 108 68 158 108 68 189 68 189 68 607 158 108 68 607 158 108 68 5 189 68 607 158 108 68 607 158 108 68 607 158 108 68 607 158 108 68 607 158 108 68 607 158 108 68 607 158 108 68 607 158 108 68
607 158 68 19 85
607 158 68 607 158 68 607 158 68 607 158 68 607 158 68 397 68 397 68 397 68 5
607 158 68 607 158 68 5 68 5 68 5 68 397
607 158 68 5 68 5 68 189 68 189 68 397
607 158 68 5 68 5 189
607 158 68 5 68 5 68 5
607 158 68 5 68 5 68 5 68 5 68 5
607 158 68 607 158 68 607 158 68 189 68 189
607 158 68 19 85
607 158 68 5 68 5 68 189 68 397 68 397
607 158 68 607 158 68 607 158 68 607 158 68 607 158 68 5 68 5 68 5 189 68 5 68 5 68 5 189 68 5 189 68 5 189 68 5 68 5 189 68 5 189 68 5 189 68 158 108 68 158 108 68 189 68 607 158 108 68 5 189 68 5 189 68 5 189 68 607 158 108 68 607 158 108 68 607 158 108 68 607 158 108 68 607 158 108 68 607 158 108 68 607 158 108 68 607 158 68
607 158 68 158 108 68 158 108
261 86 68 5
607 158
261 86
85 68 158 108 68 85
607 158 68 5 68 5 68 5 68 5 68 5 68 5 68 5
607 158 68 607 158 68 607 158 68 189 68 607 158 68 189 68 569 68 397 68 5 189 68 5 68 5 68 5 189 68 5 189 68 5 189 68 5 68 5 189 68 5 189 68 5 189 68 189 68 189 68 189 68 189 68 5 189 68 5 189 68 5 189 68 5 189 68 5 189 68 607 158 108 68 607 158 108 68 607 158 108 68 607 158 108 68 607 158 108 68 607 158 108 68 607 158 108 68
607 158 68 607 158 68 607 158 68 189 68 607 158 68 189 68 569 68 569 68 5 68 569 68 569 68 189 68 189 68 5 189 68 5 189 68 5 85 359 68 5 85 359 68 5 189 68 189 68 189 68 189 68 189 68 607 158 108 68 5 189 68 5 189 68 5 189 68 5 108 68 607 158 108 68 607 158 108 68 607 158 108 68 607 158 108
85 359
607 158 68 397
85 359
607 158 68 607 158 68 189 68 189 68 189 68 189 68 189 68 569 68 397 68 397 68 397 68 569 68 189 68 189 68 397 68 5 189 68 5 149
261 86 68 5
85 359
85 359
607 158 68 158 108
607 158 68 5 68 158 108
607 158 68 607 158 68 607 158 68 189 68 607 158 68 189 68 569 68 397 68 5 189 68 5 68 5 68 189 68 397 68 5 189 68 5 149
607 158 68 607 158 68 607 158 68 607 158 68 607 158 68 5 68 5 68 5 189
607 158 68 158 108 68 189 68 189 68 189
607 158 68 5 68 397
607 158 68 607 158 68 607 158 68 5 68 397 68 397
607 158 68 5 68 5 68 5 68 5 68 397 68 397 68 397
19 85
607 158 68 607 158 68 607 158 68 5 68 607 158 68 5 68 5
607 158 68 607 158 68 607 158 68 397 68 397 68 397 68 397
607 158 68 607 158 68 607 158 68 189 68 569 68 189 68 569 68 569 68 569 68 569 68 569 68 569 68 189
607 158 68 19 85 68 189
607 158 68 5 68 5 68 5 68 5
607 158 68 5 68 5 68 397
240
85 359
607 158 68 607 158 68 607 158 68 607 158 68 607 158 68 5 68 5 68 5 68 5
607 158 68 5 68 5 68 397 68 397
607 158 68 158 108 68 158 108
19 85
607 158 68 607 158 68 607 158 68 5 68 607 158 68 5 68 5
607 158 68 607 158 68 607 158 68 607 158 68 19 85
607 158 68 607 158 68 5 68 5 68 5 68 397 68 5 68 5
240
607 158 68 607 158 68 607 158 68 397 68 397 68 397 68 397
283 68 5 68 5
607 158 68 607 158 68 5 68 5 68 5 68 5 68 5
607 158 68 189 68 189
607 158 68 5 68 5 68 5
503 158
240
607 158 68 5 68 5 68 189
607 158 68 607 158 68 607 158 68 189 68 569 68 189 68 569 68 397 68 397 68 397
607 158 68 607 158 68 607 158 68 189 68 607 158 68 189 68 397 68 397 68 5
261 86
607 158 68 607 158 68 158 68 189 68 189
607 158 68 607 158 68 607 158 68 397 68 397 68 397 68 397
607 158 68 607 158 68 189 68 189 68 189 68 569 68 189 68 397
607 158 68 607 158 68 5 68 5 189 68 397 68 397 68 397
607 158 68 607 158 68 607 158 68 5 68 397 68 397
607 158 68 607 158 68 607 158 68 189 68 189 68 189 68 5 68 397 68 397 68 5
607 158 68 607 158 68 607 158 68 607 158 68 607 158 68 5 68 5
85 68 85 359 68 85
19 85 359
607 158 68 607 158 68 607 158 68 5 68 397 68 569 68 397 68 397 68 397 68 5
607 158 68 5 68 5 68 5 68 5 68 5 68 397 68 5
607 158 68 607 158 68 607 158 68 607 158 68 607 158 68 5 68 5 68 5 68 5
607 158 68 5 68 397 68 397
607 158 68 607 158 68 189 68 189 68 397 68 397
607 158 68 607 158 68 607 158 68 5 68 607 158 68 5 68 5 68 5 68 5
85 359
607 158 68 607 158 68 607 158 68 5 68 607 158 68 5 68 5
240
607 158 68 5 68 5 68 189
607 158 68 5 68 5 68 5
607 158 68 5 68 189
261 86
607 158 68 607 158 68 607 158 68 189 68 569 68 189 68 397
607 158 68 5 68 5 68 5 68 5
607 158 68 5 68 5
85
607 158 68 5 68 5 68 5 68 397 68 397
607 158 68 607 158 68 607 158 68 5 68 607 158 68 5 68 5 68 397 68 5

85 359

85 359
430
211 108
261 86
85 359
607 158 68 607 158 68 607 158 68 607 158 68 607 158 68 607 158 68 607 158 68 607 158 108
85 359
607 158 68 85 68 85
607 158 68 5 68 5 68 397
607 158 68 5 68 5 68 5 68 5
607 158 68 5 68 397 68 397 68 397
607 158 68 5 68 5 68 5 68 5
607 158 68 607 158 68 607 158 68 189 68 189 68 189 68 569 68 397 68 397 68 5
261 86
211
607 158 68 607 158 68 607 158 68 607 158 68 607 158 68 607 158 68 607 158 68 607 158 68 607 158 68 5 68 5 68 607 158 68 607 158 68 607 158 68 5 189 68 607 158 68 5 189 68 5 68 607 158 68 607 158 68 607 158 68 607 158 68 607 158 68 607 158 68 607 158 68 607 158 68 607 158 68 607 158 68 607 158 68 607 158 68 607 158 68 607 158 68 607 158 68 607 158
211
85 359 68 158 108
607 158 68 5 68 5
607 158
607 158 68 607 158 68 607 158 68 607 158 68 607 158 68 5
607 158 68 5 68 5 68 5 189 68 397 68 397 68 397
607 158 68 5 68 5 68 5 68 5 68 397
607 158 68 607 158 68 607 158 68 607 158 68 607 158 68 5 68 5 68 5 68 5
607 158 68 5 68 5
85
607 158 68 5 68 189 68 189 68 189
85 359
261 86
607 158 68 607 158 68 607 158 68 189 68 569 68 189
85
607 158 68 607 158 68 607 158 68 189 68 607 158 68 189 68 397 68 397 68 5
607 158 68 607 158 68 189 68 189 68 189 68 569 68 569 68 397
211
607 158 68 5 68 5 68 5 189 68 397 68 397
607 158 68 607 158 68 5 68 5 68 5 68 397
261 86
607 158 68 5 189
607 158 68 607 158 68 607 158 68 607 158 68 607 158 68 607 158
261 86 68 5 68 5
607 158 68 607 158 68 607 158 68 5
607 158 68 607 158 68 607 158 68 397 68 19 85
607 158 68 5 68 5 189
607 158 68 607 158 68 607 158 68 607 158 68 607 158 68 5 68 397 68 5 189 68 5
261 86
261 86
607 158 68 5 68 5 68 5 189 68 397
211
607 158 68 5 68 5
19 85
607 158 68 19 85
607 158 68 5 68 189 68 189 68 189
607 158 68 5 68 189
85
85
85 359
240 211
607 158 68 607 158 68 607 158 68 189 68 569 68 189 68 569 68 397 68 397 68 5
607 158 68 607 158 68 607 158 68 607 158 68 607 158 68 5 68 5 68 5 68 5
607 158 68 397 68 397
607 158 68 607 158 68 189 68 189 68 189 68 189 68 189 68 569 68 569 68 569 68 569 68 569 68 189 359
607 158 68 5 68 5 68 397 68 397
85 359
607 158 68 5 68 5 68 397
607 158 68 607 158 68 5 68 5 68 5 68 5 68 5
607 158 68 607 158 68 607 158 68 5 68 5 68 5
85 359
607 158 68 607 158 68 607 158 68 607 158 68 607 158 68 5 68 397 68 397 68 5
607 158 68 5 68 5 68 5 68 5
607 158 68 607 158 68 5 68 397 68 397
607 158 68 607 158 68 607 158 68 607 158 68 607 158 68 5 68 5 68 5 68 5 68 5 68 5 68 5 68 5 68 5 68 5 189 68 5 68 5 189 68 5 189 68 5 189 68 5 68 189 68 189 68 5 189 68 607 158 108 68 5 189 68 5 189 68 5 189 68 607 158 108 68 607 158 108 68 607 158 108 68 607 158 108 68 607 158 108 68 607 158 108 68 607 158 68 607 158
607 158 68 189 68 189 68 189 85 359
607 158 68 5 68 5 68 5 68 5 68 5 68 5
607 158 68 5 68 5 68 5 68 5 68 5 68 5 68 5
607 158 68 607 158 68 189 68 189
607 158 68 5 68 5 68 5
607 158 68 5 68 5 68 5
607 158 68 5 68 397 68 189
607 158 68 5 68 5 68 5 68 5 68 5
19 85
607 158 68 607 158 68 189 68 189 68 189 68 189 68 189 68 569 68 569 68 569 68 569 68 569 68 189
607 158 68 607 158 68 607 158 68 5 68 397 68 397 68 5
607 158 108
261 86
607 158 68 19 85 68 189 68 189
607 158 68 5 68 5 68 189 68 397
85 359
607 158 68 5 68 5 68 189 68 397 68 397
607 158 68 5 68 5 68 5 68 5 68 397 68 397 68 5
607 158 68 5 68 397 68 189 68 189
607 158 68 189 68 189 68 189 68 189 68 189
607 158 68 607 158 68 607 158 68 5 68 607 158 68 5 68 5
607 158 68 607 158 68 189 68 189 68 189 68 569 68 569 68 397 68 397 68 397 68 397
607 158 68 5 68 397 68 189

607 158 68 607 158 68 607 158 68 607 158 68 607 158 68 5 68 5 68 5 68 5
607 158 68 607 158 68 607 158 68 5 68 607 158 68 5 68 5
607 158 68 607 158 68 189 68 189 68 189 68 569 68 189 68 569 68 397 68 397 68 569 68 569 68 189
607 158 68 5 68 5 68 5 68 5
607 158 68 607 158 68 607 158 68 607 158 68 607 158 68 5 68 5 68 5 68 5
607 158 68 19 85 68 189 68 189
607 158 68 607 158 68 5 68 5 68 5 68 397 68 397 68 397
261 86
607 158 68 5 68 5 68 5 68 5 68 5 68 5
607 158 68 607 158 68 607 158 68 189 68 607 158
607 158 68 5 68 5 68 5 68 5 68 397 68 397 68 5
607 158 68 397 68 397
607 158 68 158 68 158 108
607 158 68 607 158 68 607 158 68 607 158 68 607 158 68 5 68 5
607 158 68 607 158 68 5 68 5 189 68 397
607 158 68 607 158 68 607 158 68 5 68 607 158 68 5 68 5 68 5 189 68 5
607 158 68 5 68 5
607 158 68 607 158 68 607 158 68 607 158 68 607 158 68 607 158 68 607 158 68 5 68 5 68 5 68 5 68 5 68 5 189 68 5 68 5 68 5 158 108 68 5 189 68 5 189 68 189 68 189 68 189 68 5 189 68 607 158 108 68 5 189 68 5 189 68 5 68 607 158 108 68 607 158 108 68 607 158 108 68 607 158 108 68 607 158 108
85
607 158 68 5 68 397
607 158 68 607 158 68 607 158 68 607 158 68 607 158 68 5 68 5
85 68 189 68 85 359
85 359
261 86
607 158 68 607 158 68 607 158 68 397 68 397 68 397 68 397
607 158 68 607 158 68 607 158 68 189 68 189 68 189 68 569 68 397 68 397 68 5
261 86
607 158 68 5 68 397
607 158 68 5 68 189 68 189 68 189 68 569 68 189 68 397 68 397
607 158 68 607 158 68 607 158 68 607 158 68 607 158 68 5 68 5 68 5 189 68 5
607 158 68 5 68 5 68 5
607 158 68 158 108 68 189 68 189
607 158 68 397 68 397 68 397
607 158 68 607 158 68 607 158 68 189 68 397 68 397 68 397 68 397 68 397 68 397
607 158 68 607 158 68 189 68 189 68 189 68 189 68 189 68 569 68 569 68 569 68 569 68 569 68 189
261 86 68 5
607 158 68 5 68 397
607 158 68 5 68 397
240
607 158 68 5 68 5 68 5 68 5
85
607 158 68 5 68 5 68 5
607 158 68 5 68 5
85
607 158 68 5 68 5
607 158 68 607 158 68 607 158 68 19 85 68 19 85
607 158 68 5 68 5
607 158 68 5 68 5 68 5 68 5 68 397
607 158 68 607 158 68 607 158 68 607 158 68 607 158 68 5 68 397 68 5
607 158 68 607 158 68 607 158 68 607 158 68 607 158 68 5 68 5 68 5 68 5 68 5 68 5 68 5 68 5 68 5 68 5 68 5 68 5 68 5 189 68 5 189 68 5 189 68 5 68 5 68 5 189 68 607 158 68 5 189 68 5 189 68 5 189 68 5 68 5 68 607 158 108 68 607 158 108 68 607 158 108 68 607 158 108 68 607 158 68 607 158 68 607 158 68 607 158
607 158 68 19 85
607 158 68 5 68 5 68 5 68 5 68 5
607 158 68 397 68 397
607 158 68 5 68 189
607 158 68 19 85
607 158 68 607 158 68 607 158 68 607 158 68 607 158 68 607 158 68 607 158 68 5 68 5 68 5 68 5 68 5 68 607 158 68 607 158 68 5 68 5 189 68 5 189 68 5 68 5 68 5 68 5 189 68 607 158 68 607 158 68 5 189 68 5 189 68 607 158 68 607 158 68 607 158 68 607 158 68 607 158 108 68 607 158 68 607 158 68 607 158 68 607 158 68 607 158 68 607
211
607 158 68 19 85
85
607 158 68 607 158 108 68 189 68 189 68 189 68 189 68 569 68 397
607 158 68 5 68 397
607 158 68 607 158 68 189 68 189 68 189 68 569 68 569 68 397 68 397 68 397 68 397
607 158 68 607 158 68 607 158 68 5 68 397 68 397 68 5
261 86
607 158 68 607 158 68 607 158 68 5 68 607 158 68 5 68 5
607 158 68 5 68 397
607 158 68 607 158 68 607 158 68 5 68 5 68 5 68 5


607 158 68 607 158 68 607 158 68 5 68 607 158
607 158 68 5 68 5 68 397 68 397
85 68 85 359 68 85 359
607 158 68 189 68 189 85 359
607 158 68 607 158 68 607 158 68 189 68 189 68 189 68 569 68 397 68 397 68 397 68 569 68 569 68 189 359
607 158 68 607 158 68 607 158 68 607 158 68 607 158 68 5 68 5
240 211
607 158 68 607 158 68 189 68 189 68 189
607 158 68 5 68 5 68 5
607 158 68 5 68 397
85 359
607 158 68 158 108
607 158 68 5 68 5 68 189
607 158 68 607 158 68 607 158 68 607 158 68 607 158 68 5 68 5
261 86
607 158 68 5 68 5 68 5
607 158 68 5 68 397 68 189
607 158 68 19 85 68 158 108
607 158 68 607 158 68 607 158 68 5 68 607 158 68 5 68 5
607 158 68 5 68 5 68 5 68 5 68 5
607 158 68 607 158 68 607 158 68 189 68 569 68 569 68 397 68 397 68 397 68 397 68 397 68 397 68 189
607 158 68 5 68 5 68 5 68 5 68 397 68 397 68 5
607 158 68 19 85 68 158 108
607 158 68 607 158 68 607 158 68 189 68 189 68 189 68 569 68 397 68 397 68 397 68 397 68 397
85 359
85 359
607 158 68 607 158 68 607 158 68 607 158 68 607 158 68 5 68 5 68 5 68 5 68 5 68 5 68 5 359
607 158 68 19 85 68 85 68 189 68 85
607 158 68 189 68 189 68 189 68 189
607 158 68 5 68 5
607 158 68 607 158 68 189 68 189 68 397 68 397
607 158 68 607 158 68 5 68 5 68 5 68 397 68 5
85 359
85 359
607 158 68 607 158 68 607 158 68 189 68 189 68 189 68 5
261 86
240 211
607 158 68 5 68 5 68 5
607 158 68 607 158 68 607 158 68 607 158 68 607 158 68 5 68 5 68 5 68 5 68 5 68 5 68 5 359
261 86
607 158 68 5 68 5 68 397

607 158 68 607 158 68 607 158 68 189 68 607 158 68 189 68 569 68 397 68 397 68 5
607 158 68 607 158 68 607 158 68 607 158 68 607 158 68 569 68 569 68 397 68 607 158 108 68 569 68 569 68 569 68 607 158 108 68 5 68 5 85 359 68 5 189 68 5 189 68 189 68 158 108 68 189 68 607 158 108 68 607 158 108 68 5 189 68 607 158 108 68 607 158 108 68 607 158 108 68 607 158 108 68 607 158 108 68 607 158 108 68 607 158 108 68 607 158 108 68 607
607 158 68 607 158 68 607 158 68 5 68 607 158 68 5 68 5
607 158 68 607 158 68 607 158 68 5 68 397 68 569 68 397 68 397 68 397 68 5
85 359
607 158 68 5 68 5
240 211
261 86
607 158 68 5 68 397
607 158 68 158 108
607 158 68 5 68 189 68 189 68 189 68 397 68 397
607 158 68 607 158 68 607 158 68 5 68 607 158 68 5 68 5 68 5 68 5
240
607 158 68 607 158 68 607 158 68 5 68 607 158 68 5
607 158 68 607 158 68 189 68 189 68 397
85 359
607 158 68 5
607 158 68 5 68 5 68 5 189 68 397
85 359
607 158 68 5 68 189 68 189
607 158 68 5 68 397
607 158 68 5
607 158 68 5 68 5
607 158 68 5 68 5 68 5
607 158 68 5 68 5
607 158 68 607 158 68 607 158 68 5 68 5 68 5 68 5
607 158 68 607 158 68 607 158 68 5 68 397 68 397 68 5 68 397 68 397 68 5
607 158 68 5 68 5 68 5 68 5 68 5
321 240
85 359
85
607 158 68 607 158 68 607 158 68 5 68 607 158 68 5 68 5 68 397 68 5
607 158 68 5 68 5
19
607 158 68 5 68 5 68 5 68 5 68 5
430
261 86
85
607 158 68 5 68 5 68 5 189 68 397
607 158 68 5 68 5
607 158 68 607 158 68 189 68 189 68 189 68 189 68 189 68 397 68 397 68 397 68 397 68 397 68 189
607 158 68 607 158 68 607 158 68 607 158 68 607 158 68 607 158 68 607 158 68 5 68 5 68 5 68 5 68 5 68 5 68 5 68 5 68 5 68 5 189 68 5 189 68 5 189 68 5 68 5 68 5 189 68 607 158 68 5 189 68 5 189 68 5 189 68 607 158 108 68 607 158 108 68 607 158 108 68 607 158 108 68 607 158 108 68 607 158 68 607 158 68 607 158 68 607 158
607 158 68 607 158 68 607 158 68 607 158 68 607 158 68 5 68 5 68 5 68 5 68 5 68 5 68 5 189 68 5 189 68 5 189 68 5 68 5 189 68 5 189 68 5 189 68 189 68 189 68 189 68 5 189 68 607 158 108 68 5 189 68 5 189 68 5 189 68 607 158 108 68 607 158 108 68 607 158 108 68 607 158 108 68 607 158 108 68 607 158 108
261 86
261 86
19 85
607 158 68 607 158 68 5 68 5 68 5 68 397 68 569 68 397 68 397 68 5
607 158 68 607 158 68 607 158 68 607 158 68 607 158 68 5 68 5 68 5 68 5
607 158 68 607 158 68 607 158 68 189 68 569 68 397 68 397 68 397 68 397 68 397 68 397 68 397 68 5
85 359
607 158 68 5 68 5 68 5
85 359
607 158 68 5 68 5 68 5 189 68 397 68 397
261 86 68 5
607 158 68 607 158 68 607 158 68 607 158 68 607 158 68 569 68 85
607 158 68 189 68 189
607 158 68 5 68 5 68 189 68 189 68 397
321
607 158


85 359
607 158 68 607 158 68 189 68 189 68 189 68 569 68 569 68 397 68 397 68 397 68 397 68 397
261 86
607 158 68 5 68 5 68 5 68 5 68 397
607 158 68 607 158 68 189 68 189 68 85
607 158 68 607 158 68 607 158 68 189 68 569 68 569 68 569 68 397 68 397 68 397 68 397
607 158 68 5 68 5
607 158 68 5 68 5 68 189 68 397
607 158 68 5 68 397
607 158 68 607 158 68 607 158 68 5 68 607 158 68 5 68 5 68 5 189 68 5
607 158 68 607 158 68 607 158 68 607 158 68 607 158 68 5 68 5 68 5 68 5
607 158 68 607 158 68 607 158 68 189 68 19 85
19 85
261 86
607 158 68 607 158 68 607 158 68 607 158 68 607 158 68 569 68 397 68 397 68 397 68 397 68 5
607 158 68 607 158 68 189 68 189 68 189 68 189 68 189 68 397 68 397 68 397 68 397
607 158 68 607 158 68 189 68 189 68 189 68 189 68 189
607 158 68 5 68 5 68 189 68 189
240
607 158 68 5 68 5 68 5 68 5 68 5 68 5 68 5

607 158 68 607 158 68 607 158 68 607 158 68 607 158 68 5 68 5
607 158 68 158
19 85
607 158 68 5 68 397
85 359
19 85
85 359
607 158 68 607 158 68 607 158 68 607 158 68 607 158 68 5 68 5 68 5 68 5 68 5
607 158 68 607 158 68 607 158 68 5 68 397 68 397 68 397 68 397 68 397 68 5
607 158 68 607 158 68 5 68 5 68 5 68 5
607 158 68 5 68 5 68 5 68 5
607 158 68 5 68 397
85 359
607 158 68 397 68 397
607 158 68 607 158 68 607 158 68 189 68 189 68 189 68 189 68 397 68 397 68 5
607 158 68 607 158 68 607 158 68 5 68 397 68 397 68 397
240
607 158 68 607 158 68 189 68 189 68 189 68 569 68 189 68 569 68 397 68 397 68 397 68 569 68 189 68 189 359
19 85
607 158 68 5 68 397
607 158 68 158 68 189 68 189
607 158 68 607 158 68 607 158 68 607 158 68 607 158 68 5 68 5 68 5 68 5
607 158 68 5 68 5 68 5 189 68 397 68 397
607 158 68 607 158 68 189 68 189 68 397 68 397 68 397
607 158 68 5 68 5
607 158 68 5 68 5 68 5 189 68 397
240
607 158 68 5
607 158 68 607 158 68 607 158 68 607 158 68 607 158 68 5 68 5 68 5 68 5
85 359
607 158 68 607 158 68 5 68 5 68 5
607 158 68 158 108 68 189 68 189
607 158 68 607 158 68 85 68 85 359
607 158 68 607 158 68 607 158 68 607 158 68 607 158 68 5 68 5 68 5 68 5
240
261 86
607 158 68 607 158 68 5 68 5 68 397 68 397 68 397
607 158 68 5 68 397 68 189
607 158 68 607 158 68 607 158 68 607 158 68 607 158 68 5 68 5 68 5 68 5
607 158 68 607 158 68 607 158 68 607 158 68 397 68 397 68 397
607 158
261 86 68 5
607 158 68 607 158 68 5 68 5 189 68 397 68 397
85 359
607 158 68 607 158 68 607 158 68 5 68 607 158 68 5 68 5 68 397 68 5
240 211
85
607 158 68 5 68 397 68 397
607 158 68 607 158 68 5 68 5 68 5 68 5 68 5
607 158 68 5 68 397 68 189
607 158 68 607 158 68 19 85
607 158 68 189 68 397
607 158 68 607 158 68 607 158 68 189 68 607 158 68 189 68 569 68 397 68 397 68 5 68 5 68 5 189 68 397 68 5 189 68 5 149 68 5 85 359 68 5 189 68 5 189 68 189 68 189 68 189 68 189 68 607 158 108 68 5 189 68 5 189 68 5 189 68 607 158 108 68 607 158 108 68 607 158 108 68 607 158 108 68 607 158 108 68 607 158 108 68 607 158 108 68 607 158
607 158 68 189 68 189 68 189
85 359
607 158 68 5 68 397
607 158 68 607 158 68 607 158 68 607 158 68 607 158 68 5 68 5 68 5 68 5
607 158 68 607 158 68 607 158 68 5 68 397 68 397 68 5
240
607 158 68 607 158 68 607 158 68 5 68 607 158 68 5 68 5 68 5 68 5
607 158 68 607 158 68 607 158 68 607 158 68 607 158 68 5 68 5 68 5
19 85
607 158 68 5 68 5 68 5
85 359
85
607 158 68 607 158 68 189 68 189 68 569 68 569 68 397
85 359
85 359
607 158 68 5 68 5 68 397 68 397
607 158 68 19 85
607 158 68 5 68 5 68 5 68 5
211
607 158 68 607 158 68 607 158 68 607 158 68 607 158 68 5
607 158 68 607 158 68 5 68 5 189 68 397 68 397
607 158 68 189 68 189 68 189
607 158 68 607 158 68 5 68 5 189 68 397
607 158 68 5 68 397 68 189
607 158 68 607 158 68 607 158 68 189 68 569 68 569 68 569 68 397 68 397 68 397 68 397 68 5
607 158 68 607 158 68 189 68 189 68 189 68 85 359 68 569 68 85
607 158 68 158
607 158 68 5 68 5 68 5 189 68 397
607 158 68 607 158 68 607 158 68 5 68 397 68 397 68 5
607 158 68 189
607 158 68 5
607 158 68 607 158 68 607 158 68 189 68 397 68 189 68 397 68 397 68 397 68 5
607 158 68 607 158 68 5 68 5 68 5
85
85
607 158 68 19 85
607 158 68 5 68 5
85
607 158 68 19 85
430
85 359
607 158 68 607 158 68 607 158 68 189 68 569 68 569 68 397 68 397 68 397 68 397 68 397 68 397 68 397
607 158 68 158 108 68 158 108
607 158 68 607 158 68 607 158 68 5 68 607 158 68 5 68 5 68 5 68 5
607 158 108
607 158 68 607 158 68 189 68 189 68 189 68 569 68 569 68 397 68 397 68 397 68 397
607 158 68 607 158 68 607 158 68 607 158 68 607 158 68 5 68 397 68 5 189 68 5
607 158 68 607 158 68 607 158 68 5 68 5 68 397 68 5
85

607 158 68 607 158 68 189 68 189 68 189 68 569 68 569 68 569 68 397 68 397 68 397 68 569 68 189 68 189 359
607 158 68 607 158 68 607 158 68 189 68 189 68 189 68 569 68 397 68 397 68 5 189 68 569 68 5 189 68 397 68 5 189 68 5 189 68 5 158 108 68 5 189 68 158 108 68 158 108 68 158 108 68 189 68 607 158 108 68 5 189 68 5 189 68 5 189 68 607 158 108 68 607 158 108 68 607 158 108 68 607 158 108 68 607 158 108 68 607 158 108 68 607 158 108 68 607 158
261 86
211
607 158 68 607 158 68 189 68 189 68 189 68 569 68 189 68 569 68 397 68 397 68 569 68 569 68 189 68 189 359
607 158 68 607 158 68 607 158 68 5 68 607 158 68 5 68 5 68 5 68 5 68 5
607 158 68 5 68 5
607 158 68 607 158 68 607 158 68 189 68 569 68 569 68 569 68 397 68 397 68 5
607 158 68 607 158 68 189 68 189 68 189 68 189 68 189 68 569 68 397 68 569 68 569 68 569 68 189
607 158 68 607 158 68 607 158 68 189 68 569 68 569 68 397 68 397 68 397 68 397 68 397 68 397 68 397
607 158 68 5
607 158 68 607 158 68 607 158 68 189 68 397 68 397 68 397
211
607 158 68 5 68 5 68 5
607 158 68 607 158 68 607 158 68 5 68 5 68 5
607 158 68 607 158 68 5 68 5 68 5 68 397 68 397 68 397
85 359
607 158 68 607 158 68 607 158 68 607 158 68 607 158 68 5 68 397 68 5 68 5
607 158 68 607 158 68 5 68 5 68 397
607 158 68 5 68 5
430
607 158 68 607 158 68 607 158 68 607 158 68 607 158 68 607 158 68 607 158 68 607 158 68 607 158 68 5 68 5 68 607 158 68 607 158 68 607 158 68 5 189 68 5 189 68 5 189 68 189 68 189 68 607 158 108 68 607 158 108 68 5 189 68 607 158 108 68 607 158 68 607 158 108 68 607 158 108 68 607 158 108 68 607 158 108 68 607 158 108 68 607 158 108 68 607 158 68
607 158 68 607 158 68 607 158 68 189 68 569 68 189 68 569 68 397 68 397 68 397 68 397 68 569 68 189 359
607 158 68 5 68 5
85 359
607 158 68 5
607 158
85 68 189 68 189 108
607 158 68 607 158 68 607 158 68 607 158 68 189 68 158 68 397
211
85
261 86
607 158 68 5 68 5 68 5 68 5 68 5
607 158 68 5 68 5 68 5 68 5 68 397 68 397
211
607 158 68 5 68 189
85
607 158 68 607 158 68 189 68 189 68 189 68 569 68 189 68 397 68 397 68 397 68 397
607 158 68 607 158 68 607 158 68 607 158 68 607 158 68 607 158 68 607 158 68 5 68 5 68 5 68 5 189 68 5 68 5 68 5 68 5 68 5 189 68 5 189 68 5 189 68 5 68 158 108 68 189 68 607 158 108 68 5 189 68 5 189 68 5 189 68 607 158 108 68 607 158 108 68 607 158 108 68 607 158 108 68 607 158 108 68 607 158 108 68 607 158 108 68 607 158 108
85 359 68 189 68 189
607 158 68 607 158 68 607 158 68 5 68 397 68 397 68 5
85 359
85 359
607 158 68 5 68 5
261 86 68 5

240
607 158 68 5 68 5 68 5 68 5 68 5
607 158 68 5 68 397 68 397
607 158 68 607 158 68 607 158 68 5 68 607 158 68 5 68 5 68 397 68 5
607 158 68 5
607 158 68 607 158 68 5 68 5 68 397 68 397 68 397
261 86
607 158 68 607 158 68 5 68 5 68 5 68 5
607 158 68 5 68 5 68 5 189 68 397
607 158 68 607 158 68 189 68 189 68 189 68 569 68 189
607 158 68 5 68 5 68 189 68 397 68 397 68 397
607 158 68 607 158 68 607 158 68 607 158 68 607 158 68 607 158
607 158 68 607 158 68 5 68 5 68 397 68 397
607 158 68 607 158 68 5 68 5 68 5 68 397 68 5
240
607 158 68 5 68 5 68 5 68 5
607 158 68 5 68 5 68 5 189 68 397 68 397 68 397
607 158 68 607 158 68 607 158 68 189 68 189 68 189 68 189 68 397 68 397 68 397 68 397
607 158 68 607 158 68 607 158 68 5 68 607 158 68 5 68 5 68 5 68 5
607 158 68 5 68 5 68 5 189
607 158 68 607 158 68 607 158 68 5 68 607 158 68 5 68 5
607 158 68 607 158 68 607 158 68 607 158 68 607 158 68 5 68 5
240
607 158 68 5 68 5 68 5 68 5 68 397
607 158 68 19 85
211 85
211
607 158 68 158 108
240
607 158 68 607 158 68 5 68 5 68 5 68 397 68 5 68 5
607 158 68 189 68 397
85
607 158 68 607 158 68 607 158 68 189 68 189 68 189 68 569 68 397 68 397 68 397 68 397 68 5
607 158 68 5 68 5 68 5
607 158 68 5 68 5 68 5 68 5 68 5
607 158 108
607 158 68 5 68 5 68 5 189
607 158 68 607 158 68 607 158 68 607 158 68 607 158 68 607 158 68 607 158 68 5 68 5 68 5 68 5 189 68 5 189 68 607 158 108 68 5 68 5 189 68 5 189 68 5 189 68 158 108 68 189 68 607 158 108 68 607 158 108 68 5 189 68 5 189 68 607 158 108 68 607 158 108 68 607 158 108 68 607 158 108 68 607 158 108 68 607 158 108 68 607 158 108 68 607 158 108
607 158 68 607 158 68 607 158 68 607 158 68 607 158 68 569 68 397 68 5 189 68 5 68 5 68 5 189 68 5 189 68 5 189 68 5 149
211
607 158 68 607 158 68 607 158 68 5 68 607 158 68 5 68 5
607 158 68 5 68 397 68 189
607 158 68 5 68 5 68 5 68 5
607 158 68 5 68 5 68 5 68 5 68 5 68 5
85 359
607 158 68 158
85 68 158 108 68 158 108
211 108
261 86
607 158 68 189 68 189
261 86
19 85
607 158 68 5 68 5 68 189 68 397
607 158 68 607 158 68 607 158 68 607 158 68 607 158 68 5 68 5 68 5 68 5 68 5 68 5 68 5 359
85 359
85 359
607 158 68 5 68 5 68 397 68 397
607 158 68 607 158 68 607 158 68 189 68 189 68 189 68 569 68 569 68 569 68 569 68 569 68 569 68 189 68 189 68 607 158 108
607 158 68 5 68 5 68 5 68 5 68 5 68 5 68 5
607 158 68 607 158 68 607 158 68 189 68 397 68 397 68 397 68 397 68 397 68 397 68 397
607 158 68 607 158 68 607 158 68 189 68 569 68 397 68 397 68 397 68 397 68 397 68 397 68 397 68 5
607 158 68 607 158 68 607 158 68 607 158 68 607 158 68 5 68 5
607 158 68 5 68 397 68 189 68 397 68 397
19 85
607 158 68 607 158 68 607 158 68 607 158 68 607 158 68 607 158 68 607 158 68 607 158 68 607 158 68 607 158 68 607 158 68 607 158 68 607 158 68 607 158 68 607 158 68 607 158 68 607 158 68 607 158 68 607 158 68 607 158 68 607 158 68 607 158 68 607 158 68 607 158 68 607 158 68 607 158 68 607 158 68 607 158 68 607 158 108 68 607 158 68 607 158 68 607 158 68 607
607 158 68 5 68 397 68 397 68 397
607 158 68 5 68 5 68 5 68 5
607 158 68 607 158 68 607 158 68 607 158 68 607 158 68 5 68 5 68 5 68 5
261 86
607 158 68 5 68 5 68 397 68 397
607 158 68 5 68 5 68 5
607 158 68 397 68 397
607 158 68 189 68 189
607 158 68 189 68 397
85 359
607 158 68 607 158 68 189 68 189 68 189
607 158 68 607 158 68 607 158 68 607 158 68 607 158 68 569 68 397 68 397 68 5
607 158 68 5 68 5 68 5 68 5
607 158 68 607 158 68 607 158 68 607 158 68 607 158 68 5 68 397 68 5 189 68 5
607 158 68 85
607 158 68 607 158 68 607 158 68 607 158 68 607 158 68 5 68 5 68 5 68 5 68 5 68 5 68 5 359
607 158 68 189 68 189
607 158 68 85
607 158 68 5 68 5 68 5 68 5 68 397 68 397 68 397
261 86
607 158 68 607 158 68 5 68 5 68 5 68 397 68 5
607 158 68 19 85 68 189 68 189
607 158 68 5 68 5 68 5 68 397 68 397 68 397
261 86 68 85
607 158 68 607 158 68 5 68 5 68 397
607 158 68 607 158 68 607 158 68 189 68 189 68 189 68 569 68 397 68 397 68 397 68 397 68 397 68 189 359
607 158 68 607 158 68 607 158 68 5 68 607 158 68 5 68 5 68 5 68 5
85
607 158 68 607 158 68 607 158 68 5 68 607 158 68 5
607 158 68 607 158 68 607 158 68 607 158 68 607 158 68 5 68 5 68 5
607 158 68 607 158 68 607 158 68 5 68 607 158 68 5 68 5 68 397 68 5
607 158 68 607 158 68 607 158 68 189 68 607 158 68 189 68 569 68 397 68 397 68 397 68 569 68 569 68 569 68 397 68 5 189 86 149
607 158 68 607 158 68 607 158 68 5 68 607 158 68 5 68 5 68 397 68 5
607 158 68 607 158 68 607 158 68 397 68 397 68 397 68 397
607 158 68 5 68 5 68 5
607 158 68 607 158 68 5 68 5 68 397
19 85
607 158 68 19 85
607 158 68 607 158 68 607 158 68 189 68 397 68 569 68 397
607 158 68 607 158 68 607 158 68 189 68 569 68 569 68 569 68 397 68 397 68 397 68 397 68 5
607 158 68 5 68 5 68 5 68 5
19 85 359
607 158 68 607 158 68 607 158 68 607 158 68 607 158 68 569 68 397 68 397 68 607 158 108
607 158 68 5 68 5 68 5
607 158 68 607 158 68 607 158 68 607 158 68 607 158 68 569 68 397 68 397 68 5
321
240
607 158 68 607 158 68 189 68 189 68 189 68 189 68 189 68 569 68 397 68 397 68 569 68 569 68 189
189 359
607 158 68 607 158 68 607 158 68 189 68 19 85
607 158 68 607 158 68 5 68 5 68 5 68 5 68 5
607 158 68 607 158 68 158 108 68 189 68 19 85
607 158
607 158 68 5 68 397
85 359
607 158 68 607 158 68 607 158 68 607 158 68 607 158 68 569 68 397 68 397 68 5
607 158 68 5 68 397
261 86
261 86
607 158 68 19 85
607 158 68 607 158 68 607 158 68 397 68 397
261 86 68 5
85 359
607 158 68 158 108 68 189 68 189
607 158 68 607 158 68 607 158 68 5 68 607 158 68 5 68 5
607 158 68 85 359
607 158 68 158 108 68 158 108
607 158 68 5 68 5 68 5 68 5
607 158 68 5 68 5 68 189 68 189 68 397
607 158 68 607 158 68 607 158 68 607 158 68 607 158 68 5 68 5 68 5
19
211 85 359
607 158 68 189 68 189 68 189
607 158 68 5 68 5 68 5 68 5
607 158 68 5 68 5 68 5 189 68 397 68 397 68 397 68 397
85 359 68 189 68 189
607 158 68 607 158 68 607 158 68 607 158 68 607 158 68 5 68 5 68 5 68 5 68 5 68 5 68 5 68 5 68 5 189 68 5 68 5 68 5 189 68 5 189 68 5 189 68 189 68 189 68 189 68 189 68 607 158 108 68 5 189 68 5 189 68 5 189 68 607 158 68 607 158 108 68 607 158 108 68 607 158 108 68 607 158 108 68 607 158 68 607 158 68 607 158 68 607 158
261 86
211
607 158 68 607 158 68 189 68 189 68 189 68 189 68 189 68 569 68 569 68 189 68 569 68 569 68 189 68 189 68 189 68 189 86 85 359 68 158 108 68 158 108
85
607 158 68 5 68 5 68 5 68 5 68 5 68 5
19 85
85 359
607 158 68 5
85 68 158 108 68 85 359
607 158 68 397 68 397
85 359
85 68 158 108 68 85
607 158 68 5 68 5 68 5
240
607 158 68 607 158 68 607 158 68 607 158 68 607 158 68 158 68 397 68 5
607 158 68 5 68 5 68 189 68 189 68 397 68 397 68 397 68 397 68 397 68 397
85
261 86
261 86
607 158
607 158 68 607 158 68 607 158 68 607 158 68 607 158 68 607 158 68 607 158 68 607 158 68 607 158 68 5 68 607 158 68 607 158 68 607 158 68 607 158 108 68 5 189 68 5 68 5 68 189 68 189 68 607 158 108 68 607 158 108 68 607 158 108 68 607 158 108 68 607 158 108 68 607 158 108 68 607 158 108 68 607 158 108 68 607 158 108 68 607 158 108 68 607 158 108 68 607
607 158 68 5 68 5 68 5 189 68 5 68 397 68 5 68 5
607 158 68 607 158 68 607 158 68 5 68 397 68 397 68 397 68 397
607 158 68 607 158 68 607 158 68 607 158 68 607 158 68 397 68 397 68 397 68 5
607 158 68 607 158 68 607 158 68 189 68 607 158 68 569 68 397 68 397 68 397 68 5
607 158 68 607 158 68 189 68 189 68 189 68 189 68 189 68 569 68 569 68 569 68 569 68 569 68 189 359
607 158 68 5
607 158 68 607 158 68 607 158 68 607 158 68 607 158 68 5 68 5
261 86 68 5 68 5
607 158 68 607 158 68 5 68 5 68 5 68 5
240
607 158 68 607 158 68 607 158 68 607 158 68 607 158 68 607 158 68 607 158 68 607 158 68 607 158 68 5 189 68 607 158 68 607 158 68 607 158 68 5 189 68 5 189 68 5 189 68 158 108 68 189 68 607 158 108 68 607 158 108 68 607 158 108 68 607 158 108 68 607 158 68 607 158 108 68 607 158 108 68 607 158 108 68 607 158 108 68 607 158 108 68 607 158 68 607 158 68
607 158 68 5 68 5 68 5
261 86
261 86
607 158 68 607 158 68 607 158 68 189 68 607 158 68 189 68 397 68 397 68 5 189 68 5 68 5 189 68 5 359
607 158 68 607 158 68 607 158 68 607 158 68 607 158 68 607 158 68 607 158 68 607 158 68 607 158 68 607 158 68 607 158 68 607 158 68 607 158 68 607 158 68 607 158 68 607 158 68 158 68 189 68 189 68 607 158 68 607 158 68 607 158 108 68 607 158 108 68 607 158 68 607 158 68 607 158 68 607 158 108 68 607 158 68 607 158 108 68 607 158 68 607 158 68 607 158 68 607
607 158 68 607 158 68 607 158 68 5 68 607 158 68 5 68 5
85 359
19 85
607 158 68 5 68 5 68 189 68 189 68 397 68 397 68 397 68 397
261 86
19 85
607 158 68 5 68 5 68 5 189 68 397
607 158 68 5 68 189
85 359 68 158 108
607 158 68 607 158 68 189 68 189 68 189 68 189 68 189 68 569 68 397 68 397 68 5
607 158 68 5 68 397
607 158 68 5 68 397
607 158 68 5 68 5 68 5 68 5
607 158 68 5 68 5
607 158 68 158 108
85 359
607 158 68 5 68 5 68 5 68 5 68 397 68 397 68 397
607 158 68 607 158 68 607 158 68 607 158 68 607 158 68 5 68 5 68 5 68 5 68 5
85 359
85
261 86
85 359
607 158 68 607 158 68 607 158 68 607 158 68 607 158 68 5 68 5 68 5 68 5 68 5 68 5 68 5 68 5 68 5 68 5 189 68 5 68 5 189 68 5 189 68 5 189 68 5 68 5 68 5 189 68 5 189 68 5 189 68 5 189 68 5 189 68 5 189 68 5 68 5 189 68 607 158 108 68 607 158 108 68 5 189 68 5 189 68 607 158 68 607 158 68 607 158 68 607
607 158 68 5 68 5 68 5
607 158 68 5 68 5 68 5 68 5 68 397
607 158 68 607 158 68 607 158 68 189 68 607 158 68 569 68 85 68 397 68 397 68 569 68 569 68 569 68 85 359
607 158 68 607 158 68 189 68 189 68 189 68 189 68 189 68 397 68 397 68 397 68 397
607 158 68 607 158 68 607 158 68 397 68 397 68 397 68 397
607 158 68 607 158 68 607 158 68 607 158 68 607 158 68 5 68 5 68 5 68 5 68 5 68 5 68 5 68 5 68 5 68 5 68 5 68 5 68 5 189 68 5 189 68 5 68 5 68 5 68 5 189 68 607 158 68 607 158 68 5 189 68 5 189 68 5 189 68 607 158 68 607 158 68 607 158 68 607 158 68 607 158 68 607 158 108 68 607 158 68 607 158 68 607 158 68 607
607 158 68 607 158 68 607 158 68 607 158 68 607 158 68 5 68 5 68 5 68 5

607 158 68 607 158 68 607 158 68 607 158 68 607 158 68 607 158 68 607 158 68 5
607 158 68 607 158 68 607 158 68 189 68 607 158 68 189 68 569 68 397 68 5 189 68 569 68 5 68 189 68 5 189 68 5 189 68 5 149
607 158 68 5 68 189 68 189 68 189
85 359
261 86
607 158 68 5 68 5 68 5 189 68 397
607 158 68 607 158 68 5 68 5 68 5 68 5 68 5
607 158 68 5 68 5 68 5 189 68 397 68 397 68 397 68 397
607 158 68 607 158 68 607 158 68 607 158 68 607 158 68 607 158 68 607 158 68 5 68 5 68 5 68 5 68 5 68 607 158 68 5 68 5 68 5 189 68 5 189 68 5 189 68 189 68 189 68 189 68 607 158 108 68 607 158 108 68 5 189 68 5 189 68 607 158 108 68 607 158 108 68 607 158 108 68 607 158 108 68 607 158 108 68 607 158 108 68 607 158 108 68 607 158 108
607 158 68 607 158 68 607 158 68 5 68 607 158 68 5 68 5
607 158 68 5 68 397
607 158 68 607 158 68 5 68 189 68 189
85 359
607 158 68 607 158 68 5 68 5 68 5 68 5
607 158 68 607 158 68 607 158 68 607 158 68 607 158 68 5 68 5 68 5 68 5
85 359
607 158 68 189 68 397
19 85
607 158 68 607 158 68 607 158 68 607 158 68 607 158 68 5 68 5 68 5 68 5
19 85 359
607 158 68 5
607 158 68 5
240 211
607 158 68 5 68 397
607 158 68 607 158 68 5 68 5 68 5 68 5
607 158 68 607 158 68 5 68 189 68 397 68 397 68 397 68 397
607 158 68 607 158 68 189 68 189 68 189 68 189 68 189 68 569 68 569 68 569 68 569 68 569 68 189 68 189 68 189 68 189 85 359
607 158 68 158 108 68 85 68 158 108
607 158
607 158 68 607 158 68 607 158 68 607 158 68 607 158 68 5 68 5 68 5
607 158 68 5 68 5 68 397 68 397
607 158 68 607 158 68 607 158 68 189 68 569 68 397 68 397 68 397 68 397 68 5
607 158 68 607 158 68 5 68 5 189 68 397
607 158 68 607 158 68 607 158 68 5 68 607 158 68 5
607 158 68 607 158 68 5 68 5 68 397 68 397
85 359
85 359
607 158 68 5 68 5 68 397 68 397
240 211
607 158 68 607 158 68 5 68 5 68 397 68 397 68 397
607 158 68 607 158 68 607 158 68 5 68 607 158 68 189 68 397 68 397 68 5
607 158 68 607 158 68 607 158 68 607 158 68 607 158 68 5 68 5 68 5 68 5 68 5
607 158 68 5 68 5 68 5
607 158 68 607 158 68 5 68 5 189 68 397
261 86 68 5
240
211
19 85 359
607 158 68 607 158 68 607 158 68 5 68 607 158 68 5 68 5
607 158 68 607 158 68 5 68 5 68 397 68 397 68 397
607 158 68 607 158 68 5 68 5 68 397 68 397
607 158 68 607 158 68 607 158 68 607 158 68 607 158 68 607 158 68 607 158 68 5 68 5 68 5 68 5 189 68 5 68 5 189 68 5 68 5 158 108 68 5 189 68 5 189 68 158 108 68 158 108 68 607 158 108 68 607 158 108 68 5 189 68 5 189 68 607 158 108 68 607 158 108 68 607 158 108 68 607 158 108 68 607 158 108 68 607 158 108 68 607 158 108 68 607 158 108
607 158 68 607 158 68 189 68 189 68 189 68 569 68 189 68 569 68 397 68 397 68 569 68 569 68 189
261 86
607 158 68 5 68 5 68 5 68 397
19 85
607 158 68 607 158 68 607 158 68 607 158 68 607 158 68 189 68 607 158 68 5 68 5 68 5 68 5 189 68 5 189 68 607 158 108 68 5 68 5 189 68 5 189 68 5 189 68 189 68 189 68 189 68 607 158 108 68 607 158 108 68 5 189 68 607 158 108 68 607 158 108 68 607 158 108 68 607 158 108 68 607 158 108 68 607 158 108 68 607 158 108 68 607 158 108 68 607 158
85 359
607 158 68 5 68 5 68 5 68 5
607 158 68 607 158 68 607 158 68 189 68 607 158 68 569 68 397 68 397 68 5 189 68 5
607 158 68 607 158 68 189 68 189 68 569 68 569 68 569 68 397 68 397 68 397 68 397
240
607
607 158 68 158 108
607 158 68 5 68 5 68 5 189
607 158 68 607 158 68 607 158 68 5 68 607 158 68 5 68 5
607 158 68 5 68 5 68 5 189 68 397
261 86
607 158 68 5 68 5 68 397 68 397
607 158 68 607 158 68 189 68 189 68 189 68 569 68 189
85 359
607 158 68 211
607 158 68 607 158 68 189 68 189 68 397 68 397
607 158 68 607 158 68 607 158 68 607 158 68 607 158 68 5 68 397 68 5 189 68 5
607 158 68 5 68 5 68 5 68 5 68 5
607 158 68 607 158 68 607 158 68 607 158 68 607 158 68 5
607 158 68 5
85 359
607 158 68 607 158 68 607 158 68 607 158 68 607 158 68 607 158 68 607 158 68 5 68 5 68 5 68 5 68 5 68 5 68 607 158 68 5 68 5 189 68 5 189 68 5 189 68 5 68 5 68 5 189 68 607 158 68 607 158 68 5 189 68 5 189 68 607 158 108 68 607 158 68 607 158 68 607 158 108 68 607 158 68 607 158 108 68 607 158 68 607 158 68 607 158 68 607 158
607 158 68 607 158 68 189 68 189 68 189 68 569 68 569
607 158 68 607 158 68 5 68 19 85 68 397 68 397 68 397
19 85
85 359
607 158 68 189 68 189 85 359
261 86

607 158 68 607 158 68 607 158 68 5 68 607 158 68 5 68 5 68 397 68 5
261 86
607 158 68 607 158 68 607 158 68 189 68 569 68 189 68 569 68 397
261 86
211 189
607 158 68 607 158 68 607 158 68 607 158 68 607 158 68 5
607 158 68 607 158 68 189 68 189 68 189 68 189
607 158 68 158 108 68 158 108
607 158 68 607 158 68 189 68 189 68 189 68 189 68 189 68 569 68 569 68 569 68 569 68 569 68 189 359
607 158 68 607 158 68 607 158 68 189 68 189 68 189 68 569 68 397 68 397 68 5
607 158 68 607 158 68 607 158 68 607 158 68 607 158 68 607 158 68 607 158 68 5 68 5 68 5 68 5
607 158 68 5 68 397
607 158 68 607 158 68 607 158 68 607 158 68 607 158 68 5 68 397 68 5 189 68 5
211 85
607 158 68 607 158 68 607 158 68 607 158 68 607 158 68 158 68 397 68 5
607 158 68 189
607 158 68 607 158 68 607 158 68 189 68 397 68 189 68 5
607 158 68 189 68 189
85 359
19 85
261 86
607 158 68 5 68 397 68 397
607 158 68 189 68 189
607 158 68 5 68 5 68 5 189 68 397 68 397
607 158 68 5 68 5
607 158 68 5 68 5 68 5 68 5 68 397
607 158 68 607 158 68 607 158 68 607 158 68 607 158 68 5 68 5 68 5 189 68 5 68 5 68 5 189 68 5 189 68 5 189 68 5 68 5 158 108 68 5 189 68 5 189 68 189 68 189 68 189 68 5 189 68 607 158 108 68 5 189 68 5 189 68 5 189 68 607 158 108 68 607 158 108 68 607 158 108 68 607 158 108 68 607 158 108
607 158 68 5 68 5 68 5 68 5 68 397 68 397 68 5
607 158 68 5 68 5
85 68 85 359 68 85
607 158 68 607 158 68 607 158 68 189 68 569 68 569 68 569 68 397 68 397 68 397 68 569 68 569 68 189
607 158 68 5 68 5 68 189 68 397 68 397
607 158 68 607 158 68 607 158 68 607 158 68 607 158 68 5 68 5 68 5
607 158 68 5 68 5 68 5 68 397
607 158 68 607 158 68 607 158 68 607 158 68 607 158
607 158 68 607 158 68 607 158 68 189 68 189 68 189 68 189 68 397 68 397 68 5
607 158 68 5 68 5 68 189 68 397 68 397
607 158 68 5 68 397
261 86
607 158 68 607 158 68 5 68 5 68 5 68 397 68 5 68 5
85 359
261 86 68 5
85 359
261 86
19 85
607 158 68 607 158 68 5 68 5 68 5
607 158 68 607 158 68 607 158 68 607 158 68 607 158 68 5 68 397 68 397 68 5
607 158 68 5 68 5 68 5 189 68 397 68 397 68 397
261 86
85 359
85 359
607 158 68 607 158 68 607 158 68 607 158 68 607 158 68 5 68 397 68 5 189 68 5
607 158 68 607 158 68 607 158 68 607 158 68 607 158 68 5 68 397 68 5 189 68 5
261 86
261 86
607 158 68 607 158 68 607 158 68 607 158 68 607 158 68 5 68 397 68 5 189 68 5
607 158 68 5 68 397
607 158 68 607 158 68 5 68 5 68 5 68 397 68 397 68 397
607 158 68 607 158 68 607 158 68 607 158 68 607 158 68 5 68 397
607 158 68 5 68 5 68 5 68 5
85
607 158 68 5 68 189 68 189 68 189
240
607 158 68 5 68 5 68 5
283 68 5 68 5
607 158 68 607 158 68 5 68 397 68 397
607 158 68 607 158 68 607 158 68 607 158 68 607 158 68 607 158 68 607 158 68 5 68 607 158 68 5 68 5 68 5 68 607 158 108 68 5 68 5 189 68 5 189 68 5 189 68 158 108 68 189 68 189 68 607 158 108 68 607 158 108 68 5 189 68 607 158 108 68 607 158 108 68 607 158 108 68 607 158 108 68 607 158 108 68 607 158 108 68 607 158 108 68 607 158 108 68 607
261 86
607 158 68 397 68 397
607 158 68 5 68 5 68 5 189 68 397 68 397 68 397 68 397
607 158 68 607 158 68 607 158 68 5 68 397 68 397 68 397 68 397 68 397 68 5
607 158 68 189 68 189
607 158 68 5 68 397 68 397
607 158 68 607 158 68 607 158 68 5 68 397 68 397 68 397
607 158 68 607 158 68 607 158 68 607 158 68 607 158 68 607 158 68 607 158 68 607 158 68 607 158 68 5 68 607 158 68 607 158 68 607 158 68 607 158 108 68 5 189 68 189 68 189 68 189 68 189 68 607 158 108 68 607 158 108 68 607 158 108 68 607 158 108 68 607 158 108 68 607 158 108 68 607 158 108 68 607 158 108 68 607 158 108 68 607 158 108 68 607 158 68 607 158
607 158 68 607 158 68 189 68 189 68 189 68 189 68 189 68 397
607 158 68 5 68 397
607 158 68 607 158 68 607 158 68 189 68 569 68 189 68 397 68 397 68 397 68 397 68 397
607 158 68 607 158 68 607 158 68 189 68 569 68 189 68 569 68 397 68 397 68 5
607 158 68 158 68 19 85 68 189
607 158 68 607 158 68 607 158 68 397
261 86
607 158 68 607 158 68 607 158 68 607 158 68 607 158 68 607 158 68 607 158 68 607 158 68 607 158 68 607 158 68 607 158 68 607 158 68 607 158 68 607 158 68 607 158 68 607 158 68 607 158 68 607 158 68 607 158 68 607 158 68 607 158 68 607 158 68 607 158 68 607 158 68 607 158 68 607 158 68 607 158 68 607 158 68 607 158 108 68 607 158 68 607 158 68 607 158 68 607
607 158 68 607 158 68 607 158 68 397 68 397 68 397 68 397
607 158 68 607 158 68 607 158 68 607 158 68 607 158 68 5 68 5 68 5 68 5 68 5 68 5 68 5 189 68 5 68 5 189 68 5 68 5 158 108 68 5 189 68 5 189 68 158 108 68 158 108 68 5 189 68 607 158 108 68 5 189 68 5 189 68 5 189 68 607 158 108 68 607 158 108 68 607 158 108 68 607 158 108 68 607 158 108 68 607 158 108 68 607 158 108 68 607
607 158 68 607 158 68 607 158 68 607 158 68 607 158 68 607 158 68 607 158 68 5 68 5 68 5 68 5 189 68 5 68 607 158 108
261 86
607 158 68 397 68 397 68 189
607
607 158 68 5 68 5
607 158 68 5 68 397
607 158 68 607 158 68 5 68 397 68 397 68 397
607 158 68 607 158 68 189 68 189 68 189 68 189 68 189 68 569 68 569 68 569 68 569 68 569 68 189 68 189 359
607 158 68 607 158 68 607 158 68 607 158 68 607 158 68 5 68 397 68 5 68 5 68 5
607 158 68 607 158 68 607 158 68 607 158 68 607 158 68 5 68 5
607 158 68 5 68 5 68 5 68 5 68 5 68 5 68 5
85 359
607 158 68 5 68 397 68 189 68 397 68 397
607 158 68 5 68 397
607 158 68 5 68 5 68 5 189 68 397 68 397 68 397
85
607 158 68 607 158 68 607 158 68 189 68 189 68 189 68 189 68 397 68 397 68 5 189 68 569 68 189 68 189 68 397 68 5 189 68 5 149
607 158 68 607 158 68 607 158 68 607 158 68 607 158 68 5 68 5 68 5 68 5
607 158 68 607 158 68 607 158 68 607 158 68 607 158 68 5 68 607 158 68 5
607 158 68 607 158 68 607 158 68 5 68 607 158 68 5 68 397 68 397 68 5
19 85
607 158 68 607 158 68 607 158 68 607 158 68 607 158 68 5 68 5
240 211
607 158 68 5 68 397
607 158 68 5 68 397
607 158 68 607 158 68 607 158 68 607 158 68 607 158 68 5 68 5 68 5 68 5 68 5 68 5 68 5 359
430
261 86
607 158 68 5 68 5 68 5 189 68 397 68 397
240
607 158 68 5
261 86
607 158 68 19 85
607 158 68 607 158 68 607 158 68 607 158 68 607 158 68 5 68 5
607 158 68 607 158 68 189 68 189 68 189 68 189 68 189 68 569 68 569 68 569 68 569 68 569 68 189 68 189 85 359
430
261 86
607 158 68 85 68 85
607 158 68 5 68 5 68 5

261 86
607 158 68 607 158 68 607 158 68 607 158 68 607 158 68 607 158 68 607 158 68 607 158 68 607 158 68 5 68 5 68 607 158 108 68 607 158 108 68 5 189 68 5 189 68 5 189 68 158 108 68 189 68 607 158 108 68 607 158 108 68 5 189 68 607 158 108 68 607 158 108 68 607 158 108 68 607 158 108 68 607 158 108 68 607 158 108 68 607 158 108 68 607 158 108 68 607 158
607 158 68 607 158 68 607 158 68 5 68 607 158 68 5 68 5 68 5 189 68 5
607 158 68 607 158 68 607 158 68 607 158 68 607 158 68 569 68 397
85 359
607 158 68 5 68 5 68 5 189 68 397 68 397 68 397 68 397
607 158 68 607 158 68 607 158 68 189 68 569 68 569 68 569 68 569 68 397 68 569 68 569 68 569 68 189 68 569 68 397 68 5 85 359
607 158 68 607 158 68 189 68 189 68 189 68 189
607 158 68 607 158 68 607 158 68 607 158 68 607 158 68 607 158 68 607 158 68 607 158 68 607 158 68 607 158 68 607 158 68 607 158 68 607 158 68 607 158 108 68 607 158 68 607 158 68 158 68 607 158 68 607 158 68 607 158 68 607 158 108 68 607 158 108 68 607 158 68 607 158 108 68 607 158 68 607 158 108 68 607 158 108 68 607 158 108 68 607 158 108 68 607 158 68 607
85 359
607 158 68 607 158 68 607 158 68 607 158 68 607 158 68 397 68 397
607 158 68 607 158 68 5 68 189 68 397 68 397 68 397 68 397 68 397 68 397 68 397
607 158 68 5 68 5
607 158 68 607 158 68 5 68 5 189 68 397 68 397 68 397 68 397 68 397 68 5
607 158 68 607 158 68 607 158 68 607 158 68 607 158 68 5 68 5 68 5 68 5 68 5
261 86
607 158 68 607 158 68 189 68 189 68 397 68 397 68 397 68 397 68 397 68 397 68 397
607 158 68 5 68 5 68 189
261 86 108
211
19 85
607 158 68 607 158 68 607 158 68 607 158 68 607 158 68 5 68 397 68 397 68 5
211
607 158 68 5 68 5 68 189 68 397 68 397 68 397
607 158 68 607 158 68 607 158 68 607 158 68 607 158
607 158 68 189 68 189 68 189 68 189 85 359
607 158 68 607 158 68 607 158 68 189 68 569 68 569 68 397 68 397 68 397 68 397
607 158 68 607 158 68 189 68 189 68 189 68 189 68 189 68 569 68 569 68 569 68 569 68 569 68 189
607 158 68 607 158 68 607 158 68 397 68 397 68 397 68 397
607 158 68 397 68 397
607 158 68 5 68 5 68 5 189 68 397 68 397 68 397
607 158 68 19 85
607 158 68 607 158 68 189 68 189 68 189 68 569 68 569 68 397 68 397 68 397 68 397
19 85
607 158 68 158 108
607 158 68 607 158 68 189 68 189 68 189 68 189 68 189 68 397 68 397 68 397 68 397 68 397 68 189
240
607 158 68 607 158 68 5 68 5 68 5 68 397 68 5
607 158 68 189 68 189 68 189
607 158 68 607 158 68 607 158 68 607 158 68 607 158
607 158 68 607 158 68 607 158 68 5 68 607 158 68 5 68 5 68 397 68 5
240
607 158 68 5 68 5 68 5 68 5 68 397 68 397 68 5
19 85
85 359
607 158 68 607 158 68 607 158 68 607 158 68 607 158 68 5 68 397 68 5 189 68 5
211 108
607 158 68 607 158 68 189 68 189 68 189 68 189 68 189 68 569 68 397 68 397 68 397 68 569 68 189 359
607 158 68 607 158 68 607 158 68 607 158 68 607 158 68 5 68 5 68 5 68 5 68 5 68 5 68 5 189 68 5 68 5 189 68 5 68 5 68 5 189 68 5 189 68 5 189 68 189 68 189 68 189 68 607 158 108 68 5 189 68 5 189 68 5 189 68 5 189 68 607 158 108 68 607 158 108 68 607 158 108 68 607 158 108 68 607 158 108 68 607 158 68 607 158 68 607 158
607 158 68 5 68 5 68 5 68 5
607 158 68 189 68 397 68 189 359
85 68 158 108 68 85
607 158 68 5 68 5 68 5
607 158 68 189 68 189 68 189
240 211
261 86
240
607 158 68 607 158 68 607 158 68 189 68 397 68 397 68 397
607 158 68 607 158 68 5 68 5 68 397 68 397 68 397
607 158 68 5 68 397 68 189 68 397
261 86 68 5
607 158 68 607 158 68 607 158 68 607 158 68 607 158 68 5 68 5 68 5 189 68 5 68 5 68 5 189 68 5 359
607 158 68 607 158 68 607 158 68 607 158 68 607 158 68 607 158
607 158 68 5 68 5 68 5
607 158 68 5 68 397 68 189
607 158 68 607 158 68 607 158 68 607 158 68 607 158 68 397 68 397 68 397 68 5
607 158 68 607 158 68 607 158 68 607 158 68 607 158 68 569 68 397 68 397 68 5
607 158 68 5 68 5 68 5 189 68 397
607 158 68 607 158 68 607 158 68 607 158 68 607 158 68 607 158 68 607 158 68 607 158 68 607 158 68 5 189 68 607 158 108 68 607 158 108 68 158 108 68 5 189 68 158 108 68 158 108 68 158 108 68 607 158 108 68 607 158 108 68 607 158 108 68 607 158 108 68 607 158 108 68 607 158 108 68 607 158 108 68 607 158 108 68 607 158 108 68 607 158 108 68 607 158 108 68 607
607 158 68 607 158 68 607 158 68 607 158 68 607 158 68 5 68 5 68 5 68 5
607 158 68 607 158 68 607 158 68 5 68 397 68 397 68 397
607 158 68 158 108
607 158 68 607 158 68 607 158 68 607 158 68 607 158 68 5 68 5 68 5 68 5 68 5 68 5 68 5 359
19 85
607 158 68 5 68 5 68 5 189 68 397 68 397
607 158 68 5 68 397
85 359
85
607 158 68 607 158 68 607 158 68 5 68 607 158 68 5 68 5
607 158 68 5 68 5 68 5 68 5 68 5
607 158 68 607 158 68 607 158 68 189 68 569 68 189
607 158 68 5 68 5 68 5
607 158 68 5 68 5
607 158 68 607 158 68 607 158 68 607 158 68 607 158 68 5 68 397 68 5
607 158 68 5
607 158 68 607 158 68 5 68 5 189 68 397 68 397 68 397
85
607 158 68 5 68 5 68 5 68 397
607 158 68 607 158 68 607 158 68 607 158 68 607 158 68 569 68 397 68 397 68 5 189 68 5 68 5 189 68 5 189 68 5 189 68 5 149
607 158 68 607 158 68 189 68 189 68 189 68 569 68 189 68 569 68 397 68 397 68 397 68 397 68 189
607 158 68 158 108
607 158 68 5 68 5
261 86 68 5 68 5
19 85
607 158 68 189 68 189
607 158 68 5 68 397
607 158 68 5 68 5 68 5 68 5 68 5
607 158 68 5 68 397 68 397 68 397
607 158 68 607 158 68 607 158 68 189 68 607 158 68 189 68 569 68 397 68 5
607 158 68 607 158 68 158 68 189 68 189 68 158 108
607 158 68 5 68 5 68 5 68 5 68 5
607 158 68 5 68 5 68 397 68 397
607 158 68 5 68 5 68 5 189 68 397
607 158 68 607 158 68 607 158 68 5 68 607 158 68 5 68 5 68 5 68 5
607 158 68 607 158 68 607 158 68 607 158 68 607 158 68 607 158
607 158 68 607 158 68 607 158 68 19 85
607 158 68 5 68 5 68 5
607 158 68 5 68 5 68 189 68 189 68 397
607 158 68 5 68 5
607 158 68 158 108 68 158 108
607 158 68 607 158 68 607 158 68 607 158 68 607 158 68 5 68 397 68 5
607 158 68 5 68 5
607 158 68 607 158 68 607 158 68 607 158 68 607 158 68 5
607 158 68 5 68 5 68 5 68 5
607 158 68 607 158 68 607 158 68 5 68 397 68 397 68 397
85 359
607 158 68 5 68 397
261 86 68 5
607 158 68 607 158 68 607 158 68 189 68 607 158 68 189 68 569 68 397 68 397 68 569 68 569 68 189 68 189
19 85 359
607 158 68 5 68 5 68 5 68 5
607 158 68 607 158 68 607 158 68 607 158 68 607 158 68 5 68 5 68 5 68 5 68 5 68 5 68 5 189 68 5 189 68 5 189 68 5 68 5 158 108 68 5 189 68 5 189 68 5 68 189 68 5 189 68 607 158 108 68 5 189 68 5 189 68 5 189 68 5 68 5 189 68 607 158 108 68 607 158 108 68 607 158 108 68 607 158 108 68 607 158 108 68 607 158 108 68 607
607 158 68 5 68 5
240
607 158 68 5 68 397
607 158 68 607 158 68 607 158 68 607 158 68 607 158 68 5 68 397 68 5 189 68 5
607 158 68 607 158 68 607 158 68 189 68 569 68 189
261 86
607 158 68 607 158 68 607 158 68 189 68 189 68 189
607 158 68 5 68 397
607 158 68 158 68 19 85 68 158 108 68 19 85
261 86 68 5 68 5
85 359
607 158 68 5 68 397 68 397 68 397
607 158 68 607 158 68 189 68 189 68 189 68 189 68 189 68 569 68 397 68 397 68 569 68 569 68 189
85 359
607 158 68 5 68 5
607 158 68 19 85
607 158 68 607 158 68 607 158 68 607 158 68 607 158 68 158 68 397 68 5
607 158 68 607 158 68 607 158 68 5 68 607 158 68 5
607 158 68 607 158 68 607 158 68 5 68 607 158 68 5 68 5
607 158 68 607 158 68 607 158 68 607 158 68 607 158 68 5 68 5 68 5 68 5 68 5 68 5 68 5 359
607 158 68 5
607 158 68 607 158 68 607 158 68 5 68 607 158 68 5 68 5
607 158 68 607 158 68 189 68 189 68 189 68 189 68 189 68 569 68 569 68 569 68 569 68 569 68 189 68 189 359
85 359
240
607 158 68 5 68 5
240
211 108
607 158 68 5 68 5 68 5 68 5
607 158 68 189 68 189 68 189 359
607 158 68 5 68 5
261 86
261 86
607 158 68 5 68 640
607 158 68 5 68 5
240
85 359
607 158 68 5 68 5 68 5
607 158 68 5 68 5
85 359
211
607 158
607 158 68 5 68 5 68 5
607 158 68 5 68 5 68 5 68 5
607 158 68 607 158 68 189 68 189 68 189 68 569 68 569 68 397 68 397 68 397 68 397 68 397 68 189
607 158 68 607 158 68 607 158 68 85 68 85
607 158 68 607 158 68 5 68 5 68 397 68 397 68 397 68 397
607 158 68 607 158 68 607 158 68 607 158 68 607 158 68 569 68 397 68 397 68 5
261 86 68 5 68 5
607 158 68 607 158 68 607 158 68 607 158 68 607 158 68 5 68 5 68 5 68 5
607 158 68 5 68 397
261 86
607 158 68 607 158 68 607 158 68 607 158 68 607 158 68 607 158 68 607 158 68 607 158 108
607 158 68 5 68 5 68 189
85 359
607 158 68 607 158 68 607 158 68 607 158 68 607 158 68 5 68 5
607 158 68 607 158 68 607 158 68 5 68 397 68 397
211
607 158 68 5 68 5 68 5 189 68 397
240 211
607 158 68 5 68 5 68 5 68 397 68 397 68 397 68 397
607 158 68 5 68 397 68 397
85 359
607 158 68 607 158 68 607 158 68 607 158 68 607 158 68 607 158 68 607 158 68 607 158 68 607 158 68 5 68 607 158 68 607 158 68 607 158 68 607 158 68 5 189 68 607 158 68 5 68 5 68 607 158 68 607 158 68 607 158 68 607 158 68 607 158 68 607 158 68 607 158 68 607 158 68 607 158 68 607 158 108 68 607 158 108 68 607 158 68 607 158 68 607 158 68 607 158 68
19 85
607 158 68 5 68 5 68 189 68 158
607 158 68 5 68 5 68 5 68 5 68 397
607 158 68 607 158 68 5 68 5 68 5 68 5 68 5 68 5
211
607 158 68 5 68 5 68 5 68 397 68 397
607 158 68 158
607 158 68 607 158 68 607 158 68 607 158 68 569 68 569 68 397
607 158 68 607 158 68 607 158 68 397 68 397 68 397
261 86
607 158 68 5 68 5 68 189 68 189 68 397
261 86
261 86 68 5
607 158 68 607 158 68 607 158 68 5 68 607 158 68 5 68 397 68 397 68 5
607 158 68 607 158 68 5 68 5 189 68 397 68 397 68 397 68 397 68 397 68 5
607 158 68 5 68 397
85 359
607 158 68 5 68 5 68 5 189 68 397 68 397 68 397 68 397
607 158 68 5 68 5 68 5 189 68 397
211
607 158 68 5 68 5 68 5 189 68 397 68 397 68 397
261 86
607 158 68 607 158 68 607 158 68 607 158 68 607 158 68 607 158 68 607 158 68 607 158 68 607 158 68 607 158 68 607 158 68 607 158 68 607 158 68 607 158 108 68 607 158 68 607 158 108 68 158 68 607 158 108 68 607 158 68 607 158 108 68 607 158 108 68 607 158 68 607 158 108 68 607 158 68 607 158 108 68 607 158 108 68 607 158 108 68 607 158 108 68 607 158 68 607 158
607 158 68 158
607 158 68 5 68 5 68 5 68 397 68 397 68 397 68 397
607 158 68 19 85
607 158 68 607 158 68 5 68 5 68 5 68 5 68 5
261 86
85
607 158 68 5
607 158 68 607 158 68 607 158 68 5 68 397 68 397
607 158 68 607 158 68 607 158 68 607 158 68 397 68 397 68 397
85 359
607 158 68 607 158 68 189 68 189 68 189 68 189 68 189 68 397
607 158 68 607 158 68 5 68 5 68 5 68 397
261 86
607 158 68 607 158 68 607 158 68 607 158 68 607 158 68 607 158 68 607 158 68 5 68 5 68 5 68 5 68 5 68 5 68 5 68 5 68 5 158 108 68 5 189 68 5 189 68 158 108 68 158 108 68 607 158 108 68 607 158 108 68 5 189 68 5 189 68 607 158 108 68 607 158 108 68 607 158 108 68 607 158 108 68 607 158 108 68 607 158 108 68 607 158 68 607 158 68 607
607 158 68 607 158 68 189 68 189 68 189 68 189 68 189 68 397 68 397 68 397 68 397
607 158 68 5 68 5
607 158 68 5 68 5 68 5 68 5 68 397 68 397 68 397 68 397
261 86
607 158 68 607 158 68 189 68 189 68 189 68 189 68 189 68 569 68 569 68 569 68 569 68 569 68 189 359
85 359
607 158 68 607 158 68 607 158 68 607 158 68 607 158 68 5 68 5
607 158 68 607 158 68 607 158 68 5 68 607 158 68 5 68 397 68 397 68 5
607 158 68 607 158 68 607 158 68 607 158 68 607 158 68 397 68 397 68 397 68 5
607 158 68 607 158 68 607 158 68 189 68 607 158 68 189 68 569 68 397 68 5
607 158 68 5 68 5 68 5 189 68 397 68 397 68 397 68 397 68 397 68 397 68 397
607 158 68 5 68 5 68 5
607 158 68 607 158 68 5 68 189 68 19 85
607 158 68 607 158 68 607 158 68 5 68 607 158 68 5 68 5
607 158 68 607 158 68 5 68 5 68 397 68 397 68 397 68 397 68 397 68 5
607 158 68 5 68 5 68 5 189 68 397 68 397
607 158 68 5 68 5 68 5 189 68 397 68 397 68 397
607 158 68 607 158 68 607 158 68 607 158 68 607 158 68 5 68 397 68 5 68 5
85 359
607 158 68 607 158 68 5 68 5
261 86
607 158 68 5 68 5 68 189 68 189 68 397 68 397
607 158 68 607 158 68 607 158 68 189 68 189 68 189 68 569 68 397 68 397 68 397 68 397 68 569 68 189
607 158 68 5 68 397 68 189 68 189
607 158 68 5 68 397
607 158 68 189 68 189
85 68 85 359 68 85
607 158 68 607 158 68 607 158 68 189 68 397 68 397 68 397 68 397 68 397 68 397 68 397
607 158 68 5
261 86
607 158 68 607 158 68 5 68 189 68 397 68 397 68 397 68 397
85 359
607 158 68 5 68 5 68 5 68 397 68 397
430
607 158 68 5 68 5 68 5 189 68 397 68 397 68 397
240 211
321 430
607 158 68 5 68 5 68 189 68 189 68 397 68 569 68 397
85 359
607 158 68 607 158 68 5 68 5 68 5 68 5 68 5 68 5
607 158 68 5 68 5 68 189 68 189 68 397 68 397 68 397 68 397 68 397 68 397
240
607 158 68 607 158 68 607 158 68 189 68 607 158 68 189 68 5 68 5 189 68 5
607 158 68 5 68 397 68 397
211
607 158 68 5 68 397
607 158 68 189 68 189 68 189
607 158 68 5 68 5 68 5 68 397 68 397
211 108
607 158 68 607 158 68 607 158 68 5 68 607 158 68 5 68 5
607 158 68 607 158 68 607 158 68 607 158 68 607 158 68 569 68 397 68 397 68 5
607 158 68 5 68 5 68 5 189 68 397 68 397 68 397 68 397
607 158 68 607 158 68 607 158 68 607 158 68 607 158 68 607 158
607 158 68 607 158 68 189 68 189 68 189 68 158 108
261 86 68 5 68 5
607 158 68 607 158 68 607 158 68 607 158 68 607 158 68 5 68 5 68 5 68 5
607 158 68 607 158 68 607 158 68 5 68 607 158 68 5 68 5 68 5 68 5
607 158 68 158 108 68 85
607 158 68 5 68 397
240 211
607 158 68 19 85
261 86
607 158 68 607 158 68 607 158 68 607 158 68 607 158 68 5 68 5 68 5 68 5
283 68 19 85
85 359
85 359
607 158 68 607 158 68 607 158 68 607 158 68 607 158 68 607 158 68 607 158 68 5 68 5 68 5 68 5 68 5 68 607 158 108
240 211
607 158 68 158 108
607 158 68 5 68 5 68 5 189 68 5 68 397 68 5
211
261 86
261 86
607 158 68 5 68 5
607 158 68 19 85 68 189 68 189
607 158 68 607 158 68 189 68 189 68 569 68 85
607 158 68 5 68 397
607 158 68 5 68 397
85 359
607 158 68 607 158 68 5 68 5 68 397 68 397 68 397
607 158 68 5 68 5 68 5 68 5 68 397 68 397 68 5
607 158 68 607 158 68 607 158 68 607 158 68 607 158 68 607 158 68 607 158 68 607 158 68 607 158 68 5 68 5 68 607 158 68 607 158 68 607 158 68 5 189 68 5 68 5 68 5 68 5 68 607 158 68 607 158 68 607 158 68 607 158 68 607 158 68 607 158 68 607 158 68 607 158 68 607 158 68 607 158 68 607 158 68 607 158 68 607 158 68 607 158 68 607 158 68 607 158
607 158 68 607 158 68 607 158 68 5 68 607 158 68 5 68 5 68 5 68 5
211
607 158 68 607 158 68 607 158 68 5 68 607 158 68 5 68 5
