430
283 68 158 108 68 569 68 397 68 569 68 569 68 19 85 359 68 397 68 397 68 158 108
283 68 158 68 158
370 68 5 68 5 68 5 68 5
194 149
261 86 68 607 158 68 607 158 68 397 68 569 68 19 85 68 189 68 397 68 397 68 607 158 68 189 68 189 68 189 68 397 68 397 68 397 68 397 68 397 68 397 68 397 68 607 158 108 68 397 68 397 68 19 85 359 68 397 68 397 68 397 68 397 68 397 68 397 68 397 68 397 68 397 68 397 68 397 68 397 68 397 68 397 68 397 68 569 68 19 85 359 389 158 108 68 607 158
85 359 68 19 85 359 68 85 359
261 86 68 189 68 189 68 189 68 64 211 108
370 68 5 68 5 68 5 68 5 68 5 68 19 85
240 211 68 189 68 158 118
283 68 5 68 5 68 397 68 397 68 397 68 397 68 397 68 397 68 397 68 397 68 397 68 397
607 158 68 607 68 607 158 68 189 68 189 68 189 68 189 68 189
85 359
503 189 68 189 68 189 68 64 211 108
189 550 158
189
85 359 68 85 359
564
503 189
283 68 5 68 5 68 397 68 397 68 397
607 158 68 85 68 607 158 68 85 68 19 85 68 19 85 68 19 85 68 397 68 85 359 68 158 118
85 359 389 85
527 68 607 158 68 607 158 68 607 68 64 211 68 19 85 68 19 85 68 397 68 85 359 68 189 68 64 211 108 68 569 68 397 68 64 211 108
261 86 68 5
283 68 607 158 68 607 158 68 85 68 85 359 68 85 68 85
211 543 68 550 501 68 189
607 158 68 607 158 68 607 158 68 189 68 607 158 68 189 68 189 68 189 68 189
261 86 68 5 68 5 68 397 68 397 68 397 68 397 68 397
261 86 68 550 158 108
283 68 158 68 158
607 158 68 607 158 68 607 68 607 158 68 607 158 68 607 158 68 189 68 5
370 68 5 68 5 68 189 68 189 68 189 68 189 68 189 68 189 68 189 68 189 68 189 68 189
283 68 5 68 397 68 397 68 397 68 397
370 68 5 68 5 68 5 68 5 68 5 68 397 68 397 68 397 68 397
19 85 68 359 68 397
85 359 68 85 359
283 68 5 68 189
339 551 68 85 359 68 397 68 85 359 68 397 68 85 359
607 158 68 5 68 5
261 86 68 397 68 397 68 397 68 397 68 397 68 397 68 397 68 397
189 211 543 389 158
607 158 68 607 158 68 607 158 68 19 85 68 19 85 68 19 85 359 68 397 68 158 118
527 68 607 158 68 607 158 68 189 68 569 68 569 68 19 85 68 189 68 189 68 189 68 189 68 189 68 189 68 189 68 189 68 569 68 569 68 569 68 189 211 108 68 607 158 108 68 607 158 108 68 19 85 359 68 19 85 359 68 19 85 359 68 189 68 189 68 85 359 68 19 85 359 68 569 68 397 68 569 68 189 68 189 68 189 211 108 68 19 85 359 68 19 85 359 389 158 108
261 86 68 124
607 158 68 607 158 68 189 68 189 68 189 68 158 68 189 68 189
189 68 397 68 397
149 68 397 68 397
607 158 68 607 158 68 397 68 397 68 85
189 68 189 68 189 211 108 68 189 68 189 211 543 211 543 211 108
430
527 68 607 158 68 607 158 68 85
5
607 158 68 607 158 68 189 68 189 68 397 68 397 68 397 68 397
527
607 158 68 607 158 68 527 68 189 68 64 211
85 359 68 85 359
527 68 158 108 68 158 108 68 64 211 108
19 85 68 189 68 189 68 85
607 158 68 607 158 68 5 189 68 5
261 86 68 5 68 5 68 189 68 189 68 607 158 68 607 158 68 189 68 5 68 607 158 68 607 158 68 5 68 5 68 5 68 5 189
607 158 68 607 158 68 607 158 68 19 85 68 19 85 68 19 85 68 517
261 86 85
283 68 5 68 5 68 5 68 397 68 5
397 68 359 68 397
288 68 5 189 68 189
430
64 211
189 68 5 68 189 68 397 68 397 68 397 68 397
389 158 108
283
339 551
283 68 5 68 607 158 68 397 68 397 68 397 68 397 68 397 68 397
283 68 5 68 5 68 189 68 189
283
189 68 5 189 68 189
19 359
85 359 68 158 108 68 158 108
283 551
370 68 5 68 5 68 5 68 5 68 5 68 19 85 68 64 211 108
607 158 68 5 68 189 68 189 68 189 68 189 68 189 68 189 68 397 68 397 68 189 68 189 68 189 211 108
283 68 158 108 68 158 108 68 158 108 68 64 211 108
261 86 68 81 68 607 158 68 189 68 19 85 68 19 85 68 19 85 68 189 68 64 211 108
5 189
261 86 85
85 68 189 68 189 68 189
283 68 397 68 397 68 397 68 397
503 189 68 607 158 68 189 68 189 68 189 68 189
593 163 68 5 68 5 189 68 5 189
283 68 5 68 5 68 5 68 397 68 397 68 397
189 68 189 68 189
607 158 68 81 68 189 68 189 68 189
607 158 68 550 158 68 550 158
503 189 68 607 158 68 189 68 189 68 189 68 517
51 86 68 550 501
339 551
64 211 68 607 158 68 5 68 189 68 607 158 68 607 158 68 189 68 189 68 189 68 607 158 68 189
5 189
189 550 501 68 189 68 189
430 68 430 68 430
261 86 68 81 68 189 68 189 68 339 68 569 68 158 108 68 397 68 397 68 397 68 158 118
389 158 68 550 158 118
5 68 5 189 68 5
527 68 5 68 5 68 5 68 397 68 397
339
607 158 68 607 158 68 189 68 85 359
261 86 68 5 68 5 68 5 68 5 68 64 211
607 158 68 189 68 189 211 108
607 158 68 19 85 359
64 211 108 68 158 108 68 158 118
261 86
261 86 68 607 158 68 607 158 68 19 85 359 68 19 85 359
607 158 68 607 158 68 397 68 397 68 397 68 397 68 397 68 397
503 189
189 211 108 68 211 108 68 211 108 68 211 543 211 108
240 359 389 85 359
64 211 68 550 501 68 189 68 189 68 189 68 189
283 68 5 68 5 68 5 68 5 68 5 68 397 68 397 68 397
527 68 607 158 68 607 158 68 517 68 517 68 517
607 158 68 607 158 68 607 158 68 607 158 68 607 158 68 607 158 68 607 158 68 607 158 68 607 158 68 5 68 607 158 68 607 158 68 607 158 68 607 158 68 607 158 68 607 158 68 607 158 68 607 158 68 607 158 68 607 158 68 607 158 68 607 158 68 607 158 68 607 158 68 607 158 68 607 158 68 607 158 118 68 607 158 68 607 158 68 607 158 68 607 158 68 607 158 68 607 158
607 158 68 85 359 68 85 359
527 68 5 68 5 68 5
370 68 5 68 5 68 5 68 5 68 5 68 397 68 397 68 397
397 359
211 68 5 68 5 189 68 5 189
607 158 359
5 68 5 68 5
85 359 68 85 359 389 158 108
261 86 68 607 158 68 158 108
19 85 359 68 19 85 359
283 68 189 68 189 211 85 359
19 85 359 68 85 359
593 163 68 550 501 68 85
527 68 5 68 5 68 5 68 397 68 397 68 397 68 397 68 397 68 397 68 397 68 397 68 397
283 68 397 68 397
283 68 5 68 607 158 68 189 68 189 68 189 68 189 68 189 68 189
607 158 359 389 158 118
189 68 5 68 5 68 5 189 68 550 501
85 359 68 85 359 389 85 359
85 359 68 85 359
261 86 68 5 68 5 68 5 68 5 68 5
283 68 5 68 607 158 68 397 68 397 68 569 68 19 85 68 397 68 397
189 68 607 158 68 397 68 397 68 397
430 199
211 543 211
288
85 359 389 158 108
370 68 5 68 5 68 5 68 397 68 19 85 359 68 19 85
607 158 68 517 68 189
85 359
370 68 5 68 5 68 607 158 68 19 85 68 158 68 19 85
569 68 397 68 397 68 397 68 397 68 397 68 397 68 397 68 397 68 397 68 397 68 397 68 397 68 397 68 397 68 397 68 397 68 397 68 397 68 397 68 397 68 397 68 397 68 397 68 397 68 397 68 397 68 397 68 397 68 397 68 397 68 397 68 397 68 397 68 397 68 397 68 397 68 397 68 397 68 397 551 68 397 68 397 68 397 68 569 68 569 68 569 68 397 68 397 68 397
607 158 68 5 68 607 158 68 397 68 397 68 397 68 397 68 397 68 397 68 397 68 397 68 397 68 397 68 397 68 397 68 397 68 397 68 5 189 68 5 189 68 397 68 397 68 5 68 397 68 397 68 397 68 397 68 397 68 397 68 397 68 397 68 397 68 397 68 397 68 397 68 397 68 397 68 397 68 397 68 397 68 397 68 397 68 397 68 397 68 397 68 397 68 397 68 397 68
389 158 108 68 211 108 68 211 108
339
607 158 68 85 359 68 158 108 68 339 68 339 68 158 108
607 158 68 607 158 68 607 68 607 158 68 607 158 68 19 85 68 397 68 397 68 607 158 68 607 158 68 64 211 68 397 68 397 68 64 211 149
283 68 607 158 68 397 68 397 68 397 68 397 68 19 85
283 68 158 68 158
283 551
564
370 68 5 68 5 68 5 68 397 68 397 68 397 68 85
283 68 158 108 68 569 68 569 68 569 68 569 68 85 359 68 85 359 68 397 68 85 359 68 158 118
5 68 5 68 5
527 68 607 158 68 607 158 68 189 68 189 68 569 68 19 85 359 68 189 68 189 68 189 68 189 68 189 211 108
564
261 86 68 5
64 211 68 550 501 68 5 68 5 68 189 68 5
607 158 68 607 158 68 607 158 68 607 158 68 607 158 68 607 158
64 211 108
527 68 158 108 68 158 108 68 189 68 189 68 158 108
85 359 389 158 108
607 158 68 149 68 149
359 389 158 359
211 543 211
189 211 108 68 211 211 543 211
283 68 158 118 68 397 68 397 68 397
607 158 68 5 68 5 68 5 189 68 5 189 68 5 68 550 501
607 158 68 607 158 68 607 158 68 607 158 68 430
607 158 68 5 68 5 68 397 68 397 68 397 68 397 68 397 68 397 68 397 68 607 158 108
283 68 5 68 5 68 397 68 397 68 397 68 397 68 397 68 397
397 68 397 68 158 108
283 68 158 108 68 158 108 68 397 68 569 68 569 68 85 359
607 479
19 85 68 607 158 68 158 68 19 85 68 19 85 68 19 85 359 68 158 108
339
370 68 5 68 5 68 397 68 397 68 397 68 397
593 163 68 550 501 68 158 108 68 85 359 68 19 85 359
370 68 5 68 5 68 397 68 19 85 68 19 85
283 68 550 501 68 64 211 108
503 189
503 189 68 607 158 68 5 68 397 68 64 211 108 68 19 85 68 397 68 397 68 397 68 189 68 64 211 108
607 158 68 607 158 68 607 158 68 189 68 19 85 68 85 359
607 158 68 607 158 68 19 85 68 19 85 68 19 85 68 19 85 68 430
51 86 68 211 543
283 68 5 68 189 68 189 68 189 68 569 68 569
261 86 68 397 68 397 68 397
64 211
64 211 108
85 359 68 550 501 68 19 85 68 85 359
5 189 550 158
607 158 68 81 68 189 68 397 68 64 211 108 68 19 85
607 158 149 550 158 149
283 68 5 68 5 68 189 68 5 189 68 397 68 64 211 108
283 68 158 108 68 158 108 68 569 68 569
370 68 5 68 5 68 189 68 189
607 158 68 85 68 158 108
64 211 68 19 85 68 397 68 397 68 397
261 86 68 5 68 5 68 397 68 397 68 397 68 397 68 397 68 397 68 397 68 397 68 397 68 397 68 64 211 108
261 86 68 5 68 81 68 397 68 397 68 397 68 397 68 397 68 397
564
124
607 158 68 158 68 158
283 68 5 68 5 68 397 68 397 68 397 68 19 85
64 211 68 64 211
189 68 607 158 68 607 158 68 189 68 189 68 189 68 189 68 189 68 189 68 189
527 68 5 68 81 68 189 68 64 211 108
85 4 149
211 108 68 5 189 68 5 189
85 359 389 158 108
149
607 158 68 607 158 68 158 68 85
85 359 68 158 108 68 189 68 189 68 64 211 108 68 19 85
321 247
370 68 5 68 5 68 5 68 397 68 397 68 397 68 397 68 397 68 397
189 68 607 158 68 607 158 68 189 68 64 211 68 19 85 68 397 68 397 68 397 68 607 158 68 189 68 64 211 108
261 86 68 397 68 397 68 397
607 158 68 607 158 68 397 68 397 68 397
527 68 550 501 68 189 68 550 501 68 550 501 68 64 211 149
261 86 68 5 68 81 68 397 68 397 68 397 68 397 68 397 68 397 68 397
283 68 5 68 189
211 108
85 359 389 158 118
370 68 5 68 5 68 5 68 397 68 397 68 397 68 397 68 397
5 68 241 359 68 241
339
189 68 85 359 68 397
527 68 607 158 68 189 68 189 68 189 68 189
189 68 5 68 5 68 189 68 189 68 189 68 189 68 189 68 189 68 189 68 189
64 211 108 68 64 211 108
339 551 68 211 389 158 118 68 189 211
189
283 85
607 158 68 607 158 68 607 158 68 607 158 68 607 158 68 189
359 389 158 359
503 189 68 607 158 68 607 158 68 569 68 569 68 569 68 189 68 397
607 158 68 189 68 189 68 189 211 108
607 479 68 5 68 5
430 68 158 108 68 158 108
370 68 5 68 5 68 5
283 68 158 108 68 158 108 68 158 108
283 68 158 108 68 158 108 68 569 68 19 85 68 19 85 68 19 85 359
607 158 68 607 158 68 189 68 189 68 189 68 189 68 189
607 158 68 607 158 68 85 68 85
149 211 108
283 68 5 68 5 68 397 68 397 68 397 68 397 68 397 68 397 68 397
283 68 607 158 68 607 158 68 189 68 189
430 199
503 189 68 81 68 189 68 189
261 86 68 5 68 5 68 397 68 5 189 68 397 68 189
607 158 68 81 68 189 68 189 68 189 68 5 189
607 158 68 85 359 68 397 68 85 359
5 68 5 68 5 68 397 68 397
85 389 158 108
189 68 189 68 189 68 189
370 68 5 68 5 68 5 68 5 189 68 189
339
283 359
607 158 68 81 68 189 68 189 68 189 68 189 68 19 85 68 189 68 189 108
64 211
85 359 389 85 359 68 189 68 85 359
5 189
85 359 389 158 118
64 211 68 550 501 68 189 68 397 68 397 68 569
607 158 68 607 158 68 189 68 189 68 189 68 189
321 247 85 68 189 68 189 68 85 359
607 158 68 397 68 397
607 158 68 607 158 68 397 68 397 68 397 68 397 68 397 68 397 68 397
283 68 158 108 68 5 68 189 68 189 68 569 68 19 85
283 68 189 68 189 68 189 68 189 68 189 211 108
241 359
261 86 68 5 68 5 68 397 68 397 68 397 68 397 68 397
607 158 68 607 158 68 607 158 68 607 158 68 607 158 68 607 158 68 189 68 607 158 68 607 158 68 211 108
607 158 68 607 158 68 607 158 68 517
607 158 68 64 211 68 5 68 64 211 68 64 211
283 68 607 158 68 607 158 68 569 68 569 68 19 85 68 19 85 68 19 85
339 551
607 158 68 550 501 68 397 68 397 68 85 359 68 85 359 68 85 359
359
527
85 359 389 158 118
283 68 158 108 68 569 68 397 68 397
397 68 397 68 397
430 199
527 68 5 68 5 68 189 68 189 68 189 68 189 68 189 211 543 211
189 211
64 211
503 189 68 5 68 5 189 68 397
503 189 68 5 68 5 68 5 68 5 68 5 68 5 68 5
283 68 158 108 68 158 108 68 85 359 68 85 359
211 543 211
527 68 607 158 68 189 68 158 108 68 19 85
189 68 189 68 189 68 85 359
564
189 68 607 158 68 397 68 397 68 397
261 86 85
283 68 607 158 68 607 158 68 339 68 569 68 19 85 68 19 85 359 68 339 68 158 108 68 158 108 68 158 108 68 569 68 569 68 569 68 569 68 569 68 397 68 397 68 607 158 108 68 19 85 359 68 19 85 359 68 19 85 359 68 19 85 359 68 19 85 359 68 19 85 359 68 19 85 359 68 397 68 19 85 359 68 19 85 359 68 19 85 359 68 19 85 359 68 19 85 359 389
5 68 5 189 68 189 149
283 68 397 68 397 68 397 68 397 68 397 68 397
370 68 5 68 5 68 5 68 19 85 68 19 85
283
607 158 68 607 158 68 607 158 68 19 85 359 68 19 85 359 68 19 85 359
283 68 397 68 397
85 359
283 68 5 68 189 68 189 68 397
550 501 68 550 501 68 149
283 68 19 85 68 19 85 68 85 68 85 359 68 85 359 68 85 359
607 158 68 607 158 68 64 211 68 64 211
85 359
527 68 189 68 189 68 189 68 85
564
189 68 189 68 189 68 189 68 397 68 397 68 397 68 397 68 189
283 68 5 68 189 68 189 68 189 68 64 211 108 68 19 85 359
261 86 68 607 158 68 397 68 397 68 397 68 397
261 86 68 607 158 68 397 68 397
85 64 211 108
607 158 68 607 158 68 607 158 68 607 158 68 607 158 68 607 158 68 607 158
51 86 68 550 501
283
607 158 68 607 158 68 189
283 68 607 158 68 607 158 68 189 68 189
261 86 68 5 68 397 68 397 68 397 68 397
283
149 550 158 108
64 211 108
189 241 359
607 158 68 607 158 68 189 68 189 68 189 68 189 68 189 68 189 68 189 211 543 211 543 211 543
85 68 607 158 68 607 158 68 85 68 189 68 64 211 108 68 189 68 189 68 189 68 189
261 86 68 5 68 607 158 68 397 68 397 68 397
607 158 68 189 68 189
527 68 607 158 68 85 68 85 68 85 68 85
370 68 5 68 5 68 397 68 397 68 397 68 397 68 397 68 397 68 397 68 397 68 397 68 397
261 86 68 124
85 359
85 359 389 158 108
339 551 68 158 108 68 158 108
503 189
189 68 189 68 189 149
189 211 108
283 68 158 68 189 68 189 68 189 68 189
5 68 5 68 211
283 68 158 108 68 158 118 68 430
189 68 550 158 68 189
85 359 389 158 118
189 211 247
503 189 68 189 68 189
370 68 5 68 5 68 5 68 397 68 19 85 68 158 108
607 158 68 211 108 68 211
85 359 68 85 359
283 68 607 158 68 607 158 68 189 68 430 68 430 68 430 68 430
283 68 607 158 68 607 158 68 607 158 68 19 85 68 19 85 68 189 68 189 68 607 158 118
189 68 189 68 189 68 189 68 189
397 68 5 189 68 189 211 108
564
370 68 5 68 5 68 5 68 189 68 189 68 189 68 189 68 189 68 189 211 108
527 68 607 158 68 158 68 189 68 189 68 189
283 68 189 68 189 68 189 211 85 359
527 68 607 158 68 397 68 19 85
85 359
85 359 68 19 85 359
85 68 607 158 68 607 158 68 607 158 68 607 158 68 43 158 68 43 158 68 607 158
607 158 68 189 68 189 68 189
189 68 5 68 189 68 189 68 189 68 64 211 108
283 68 607 158 68 607 158 68 607 68 607 158 68 569 68 189 68 189
5 68 607 158 108
607 158 68 550 158 68 189
503 189 68 5 68 5 189
261 86 68 397 68 397
607 158 68 189 68 189
85 359
189 68 607 158 68 607 158 68 189 68 397
339 551 68 85 359 389 158 108
370 68 5 68 5 68 5 68 397 68 397 68 397
564
85 359
370 68 5 68 5 68 5 68 397 68 397 68 397 68 397
283 68 19 85 68 158 108 68 397 68 19 85 359
189
189 68 189 68 189 68 189 211 108
85 359 68 607 158 68 607 158 68 19 85 68 19 85 68 19 85 359
607 158 68 607 68 607 158 68 607 158 68 607 158 68 19 85 68 607 158 68 607 158 68 607 158 68 64 211 108 68 5 68 5 68 5 189 68 5 189 68 5 189 68 5 68 5 68 607 158 68 64 211 108 68 19 85 68 19 85 68 64 211 108 68 397 68 397 68 19 85 68 19 85 68 397 68 397 68 5 189 68 5 189 68 64 211 108 68 19 85 68 19 85 68 19 85 389 339
85 359 389 158 118
261 86
19 85 68 550 501 68 397 68 397 68 19 85 359 68 19 85 359
283 68 158 108 68 158 108
5 68 5 68 81 68 189 68 189 68 189 68 19 85 68 189 68 189
339 551 68 85 359
85
527 68 607 158 68 189 68 189 68 189 68 189 68 189
607 158 68 607 158 68 607 158 68 607 158 68 607 158 68 607 158 68 189 68 607 158 68 607 158 68 189 68 5 68 189 68 5 189 68 5 189 68 5 189 68 5 189 68 5 68 607 158 68 607 158 68 5 68 607 158 68 607 158 108 68 5 189 68 189 68 189 68 189 68 569 68 189 68 189 68 5 189 68 607 158 108 68 5 189 211 108 68 569 68 607 158 108 68 607 158 108 68
261 86 68 5 68 397 68 397
370 68 5 68 5 68 5 68 64 211 108
607 158 68 607 68 607 158 68 397 68 397 68 569 68 397 68 397 68 397 68 397 68 397 68 397
283 68 607 158 68 569 68 569 68 569 68 569 68 569 68 397 68 397
189 68 64 211 108 68 64 211
370 68 5 68 607 158 68 607 158 68 19 85 68 19 85 68 85 68 85 359 68 85 359 68 158 118 68 189 68 189 68 158 108 68 569 68 569 68 569 68 19 85 359 68 19 85 359 68 19 85 68 19 85 359 68 19 85 359 68 19 85 359 68 85 359 68 85 359 68 85 359 389 85 359 68 19 85 359 68 85 359 68 19 85 359 68 19 85 359 68 19 85 359 389 158 108 68 19
85 359
189 550 158
607 158 68 189
64 211 108 68 19 85 68 397 68 19 85 68 19 85
240 211
607 158 68 607 158 68 607 68 189 68 5 68 189 68 189 68 189 68 189 68 5 189 68 607 158 68 189 68 211 108 68 5 189 68 5 189 68 5 189 68 5 189 68 5 189 68 550 158 68 5 189 68 550 501 68 5 189 68 5 189 68 5 189 68 189 68 189 68 569 68 569 68 189 211 543 211 108 68 5 189 211 543 211 543 211 211 543 211 543 211 108 68 19 85 359 389 158 108
607 158 68 607 68 607 158 68 607 68 607 158 68 607 158 68 607 158 68 607 158 68 607 158 68 607 158 68 607 158 68 607 158 68 607 158 68 607 158 68 607 158 68 607 158 68 607 158 68 607 158 68 607 158 68 607 158 68 607 158 68 607 158 68 607 158 68 85 359 68 85 359 68 19 85 359 68 607 158 68 607 158 68 607 158 68 19 85 359 68 19 85 68 19 85 359 68 607
261 86 149
607 158 68 550 158 118
261 86 68 124
339 551 68 359 68 158 359
64 211 108 68 158 108 68 64 211 108
283 68 5 68 5 68 5 68 397
283 68 569 68 569 68 569 68 19 85 359
607 158 68 85
607 158 68 550 501 68 5 68 189 68 550 501 68 189 68 550 501
64 211
189 68 64 211 108 68 64 211 108
283 68 607 158 68 607 158 68 397 68 569 68 569 68 85 359 68 397 68 397 68 85 359
5 68 5 68 81 68 189 68 64 211 108
64 211
189 68 189 68 189
503 189 68 5 68 5 68 5 68 5 189 68 5
607 158 68 607 158 68 607 158 68 607 158 68 607 158 68 607 158 68 607 158 68 607 158 68 607 158 68 189 68 607 158 68 607 158 68 607 158 68 607 158 68 607 158 68 607 158 68 607 158 68 607 158 68 607 158 68 607 158 68 607 158 68 607 158 68 607 158 68 607 158 68 19 85 68 397 68 397 68 607 158 68 607 158 68 19 85 68 19 85 68 19 85 68 19 85 359 550 501
370 68 5 68 5 68 5 189 68 64 211 108 68 19 85 68 85 359
79 158 359
85 123 108 68 430 199 68 85
149
283 68 5 68 5 68 397 68 397 68 397
607 158 68 81 68 189 68 189 68 189
283 68 158 118
211 108
564
593 163 68 397 68 397 68 397
189
389 158 68 550 158 118
85 68 607 158 68 607 158 68 19 85
85 359 68 189 68 189 149
5 68 64 211 108
370 68 5 68 607 158 68 397 68 569 68 569 68 569 68 85 359
85 359 68 85 359 68 85 359
261 86 68 397
283 68 527 68 189 68 189 68 189
149 550 158
359
607 158 68 189
288 68 550 501 85
283 68 607 158 68 397 68 397 68 19 85 359 68 19 85 68 19 85 359
189 68 550 501 68 149
64 211 108 68 397 68 397 68 397 68 397
607 158 68 5 68 5 68 189 68 189 68 397 68 397 68 397 68 397 68 397 68 397 68 189
64 211 108 68 19 85 68 19 85 68 19 85 68 19 85 68 19 85 68 19 85 359
64 211 108
189 68 64 211 108 68 64 211 108
527 68 607 158 68 607 158 68 85 68 85 359 68 19 85 68 85 359 68 85 359
370 68 5 68 5 68 5 68 397 68 397 68 569 68 397 68 397 68 397 68 397 68 607 158 108
370 68 5 68 5 68 5 68 5 189 68 5
189 68 5 68 5 68 189 68 189
283 68 158 118
261 86 68 124
194 149
64 211 108 68 64 211 108
5 68 5 68 5 68 5 189 68 5 189
149 389 149
607 158 359
261 86 68 5 68 397 68 397 68 397 68 397
569 68 64 211 108 68 5 68 189 68 64 211
283 68 607 158 68 607 158 68 397 68 397 68 397 68 397 68 397
607 158 68 607 158 68 189
370 68 5 68 5 68 5 68 397 68 397 68 397 68 397 68 397
261 86 68 5 68 5 68 5
85 347 158 108 68 397 68 397
64 211 68 19 85 68 149
607 158 68 607 158 68 85 68 85 359 68 85 359 68 85 359 68 85 359
261 86
189 68 607 158 68 607 158 68 189 68 397 68 397 68 397 68 189 68 189
397 68 158 108
593 163 68 64 211 108
321 240
607 158 68 5 68 5 68 189 68 189 68 189 68 189 68 189
189 211 108
189 68 64 211 108 68 64 211
64 211 108 68 64 211 108
189 68 607 158 68 189 68 189 68 189
283 68 158 108 68 158 108 68 569 68 19 85 359
85 359
283 68 5 68 397 68 397 68 397
5 68 397 68 397
19 85
261 86 68 85 359
240 51 86 68 397 68 397
389 158 68 19 85 68 85 359 68 85 359 68 19 85 359
189 68 5 68 5 68 5 68 5 68 5
607 158 68 607 158 68 607 158 68 607 158 68 607 158 68 607 158 68 430
607 158 149
283 68 607 158 68 607 158 68 517
607 158 68 550 501 68 397 68 64 211 108
607 158 68 550 158 68 5 68 5 68 5 68 5 68 5 68 189
607 158 68 81 68 5 68 189 68 189 68 569 68 19 85 68 189 68 189 68 189
64 211
607 158 68 5 68 5 68 397 68 397 68 397 68 397 68 397 68 397 68 397 68 397 68 397 68 397
370 68 5 68 5 68 5 68 397 68 397 68 397 68 397 68 397 68 397
370 68 5 68 5 68 5 68 5 189 68 5 189
5 189
607 158 68 607 68 189 68 189 68 189 68 189 68 189 68 189 68 189 68 189 68 189 211 543 211 543 211 108
85 4
527 68 64 211
370 68 5 68 5 68 5 189 68 5 189
283 68 607 158 68 607 158 68 189 68 189 68 569 68 189
189 149
124
607 158 68 5 68 607 158 68 397 68 397 68 397 68 397 68 397 68 397
189 68 527 359 68 430 149
607 158 68 607 158 68 189 68 189 68 189 68 158 68 189 68 189
607 158
607 158 68 607 158 68 607 158 68 607 158 68 607 158 68 607 158 68 397 68 607 158 68 607 158 68 607 158 68 607 158 68 397 68 569 68 607 158 68 607 158 68 607 158 68 607 158 68 607 158 68 397 68 607 158 68 607 158 68 607 158 68 607 158 68 607 158 68 607 158 68 397 68 397 68 397 68 397 68 607 158 118 68 397 68 569 68 569 68 607 158 68 607 158 68 607 158 118
189 68 5 68 5 68 5 68 5 68 5 189
85 359 68 85 359 68 85 359
261 86 68 5 68 5 68 5 68 5 189 68 189
261 86 68 5 68 5
64 211 68 550 501 68 189 68 189 68 189
564
607 158 68 607 158 68 607 158 68 189 68 607 158
85 347 158 68 607 158 68 189 68 397 68 19 85 68 397 68 397 68 397
607 158 68 5 68 189 68 189 68 189 68 189
389 85 359 389 158 118
85
261 86 68 5 68 397 68 397 68 85 68 85
189 68 5 68 189 68 189 68 64 211 108
607 158 68 550 501 68 189 68 85 359 68 19 85 359 68 85 359
64 211
189 149
85 359
85 359 68 85 359
370 68 5 68 5 68 5 189 68 64 211 108 68 19 85 68 85 359
607 158 68 607 158 68 5 68 397 68 397 68 397 68 397 68 397 68 397
607 158 68 5 189 68 397
430
607 158 68 607 158 68 607 158 68 607 158 68 430
283 68 607 158 68 607 158 68 397 68 607 158 68 607 158 68 607 158 68 397 68 607 158 68 607 158 68 189 68 189 68 569 68 5 68 5 189 68 5 68 5 68 607 158 68 607 158 68 607 158 68 397 68 607 158 68 607 158 68 607 158 68 607 158 68 397 68 607 158 68 397 68 397 68 397 68 397 68 607 158 118 68 397 68 5 68 569 68 607 158 68 607 158 68 607 158 118 68
370 68 5 68 5 68 397 68 397 68 397 68 569 68 397 68 397
64 211 108 68 64 211 108
607 158 149
64 211 108 68 19 85 68 397 68 19 85 68 19 85
527 68 5 68 5 68 397 68 397 68 397 68 397
64 211 108 68 550 501 68 64 211 108 68 64 211 108
389 158 118
607 158 68 607 158 68 189
607 158 68 607 158 68 607 158 68 189 68 189 68 189 68 189 68 189 68 189 68 607 158 108
397 359
607 158 68 607 158 68 607 158 68 189 68 19 85 68 19 85 68 189
211
189
85 347 158 108
607 158 68 189 68 189 68 85 359 68 85 359
261 86 68 5
607 158 68 81 68 189 68 189 68 64 211 108
283 68 158 68 158
283 68 5 68 81 68 189 68 64 211 108
370 68 5 68 5 68 5 68 397 68 397 68 19 85 359
189 550 158 118
19 85 359
607 158 68 607 158 68 607 158 68 189 68 607 158 68 607 158 68 189 68 189
607 158 68 81 68 607 158 68 189 68 64 211 108 68 550 501 68 64 211 108
85 359
283 68 64 211 108 68 397 68 64 211
283 68 607 158 68 158 68 189 68 189 68 158 108 68 569 68 189 68 189
261 86 68 5 68 5 68 5
370 68 5 68 5
189 68 189 68 189 68 189 68 189 211 108 68 569 68 85 359 389 158 108
64 211 68 5 68 5 189 68 397 68 569
283 68 19 85 68 397 68 19 85 359 68 19 85
430
261 86 68 607 158 68 607 158 68 189 68 397 68 397 68 397 68 397
607 158 68 189 68 189 68 189 68 189 68 189
64 211 68 189 68 189
283
607 158 359
261 86 68 5 68 5 68 397 68 397 68 397 68 397 68 397 68 397 68 397
85 64 211
261 86 68 5 68 5 68 397 68 397 68 397 68 397 68 397
189 68 64 211 108
503 189
189 68 5 68 5 68 5 68 5
261 86
370 68 5 68 5 68 5 189 68 5 189 68 569 68 397 68 397 68 397
261 86 68 5 68 397 68 397 68 397
85 359 389 158 108
64 211
527 68 607 158 68 189 68 189 68 189
593 163 68 5 68 5
189 68 189 68 189 68 189
261 86 359
370 68 5 68 5 68 5 189 68 189 68 19 85 359
261 86 68 607 158 68 19 85 68 85 359
370 68 5 68 5 68 5 189 68 64 211 108 68 64 211 108
5 68 5 68 189 68 189 68 189 68 189 68 189 68 189 68 189 68 189 68 189 68 189
64 211 68 607 158 68 5 68 397 68 397 68 569 68 397 68 397 68 397
607 158 68 607 158 68 607 158 68 189 68 607 158 68 430 149
283 68 158 108 68 158 108 68 158 108 68 158 108
527 68 607 158 68 189 68 189 68 189 68 189 68 189 68 189
5 68 5 189 68 5 189
283 68 607 158 68 607 158 68 189 68 189 68 189 68 189 68 189 68 189
64 211 68 5 68 5
527 68 158 108
189 68 189 68 189 68 85
607 158 68 5 68 5 68 397 68 397 68 397
370 68 5 68 5 68 5 68 5 68 189 68 189 68 189
85 359
85 68 607 158 68 607 158 68 85 68 85 359 68 19 85
261 86 68 607 158 68 397 68 397 68 569 68 158 108
189 211
85 359 389 158
189 68 189 68 158 108 68 189 68 189 68 85
283 68 607 158 68 607 158 68 397 68 397
283 68 607 158 68 607 158 68 189 68 607 158 68 607 158 68 189 68 397 68 607 158 68 607 158 68 158 68 189 68 189 68 158 108 68 607 158 68 607 158 68 607 158 68 607 158 68 607 158 68 607 158 68 550 158 68 607 158 68 19 85 359 68 607 158 108 68 19 85 359 68 19 85 359 68 397 68 397 68 607 158 118 68 19 85 359 68 19 85 359 68 19 85 359 389 158 108 68
64 211 68 64 211
85 347 158 108
261 86 68 5 189
261 86 68 5 68 397 68 397 68 397 68 397 68 397 68 397 68 397 68 397 68 397 68 397 68 397
85 359 389 85
211 108
607 158 68 550 158 68 189 68 189
43 158 68 64 211
64 211
607 158 68 189 68 189 211 108
85 4
593 163 68 5 68 5 68 397 68 397 68 397 68 397 68 397 68 397 68 397 68 397 68 397
321 247
607 158 68 607 158 68 607 158 68 189 68 189 68 189
85 347 158 68 85 68 85 359
85 359 389 85
189 68 607 158 68 607 158 68 19 85
85 64 211 108
607 158 68 607 158 68 189 68 189 68 569 68 19 85 359
283 68 5 68 5 68 189 68 397 68 189 68 397 68 64 211 108
189 68 607 158 68 607 158 68 189 68 607 158 68 569 68 189
370 68 5 68 397 68 85
607 158 68 607 158 68 607 158 68 607 158 68 607 158 68 607 158 68 189 68 607 158 68 607 158 68 189 68 189 68 189 68 569 68 569 68 5 189 68 5 189 68 607 158 68 607 158 68 607 158 68 550 158 68 607 158 68 607 158 68 607 158 68 607 158 108 68 607 158 68 569 68 19 85 359 389 158 118 68 607 158 118 68 569 68 211 543 211 543 211 108 68 19 85 359 389 339 551
607 158 68 607 158 68 607 158 68 607 158 68 607 158 68 607 158 68 607 158 68 607 158 68 607 158 68 607 158 68 607 158 68 607 158 68 607 158 68 607 158 68 607 158 68 607 158 68 607 158 68 607 158 68 607 158 68 607 158 68 607 158 68 607 158 68 607 158 68 19 85 359 68 19 85 359 68 19 85 359 68 19 85 359 68 19 85 359 68 19 85 359 68 19 85 359 68 607
527 68 607 158 68 607 158 68 85 68 85 359 68 19 85 68 85 359 68 85 359
527 68 607 158 68 189 68 189 68 397 68 569 68 569
283 68 158 108 68 19 85 68 19 85 359 68 19 85 68 85 359
593 163 68 85 359 68 397 68 85 359 68 19 85
607 158 68 607 158 68 189 68 397 68 189
503 189
503 189 68 189 68 189
503 189 68 124
211 543
283 68 397 68 397
85 359 389 158 108
503 189 68 5 68 5 68 189 68 189 68 189
283 68 607 158 68 607 158 68 397
607 158 68 607 158 68 607 158 68 550 158 68 430
261 86 68 5 68 5 68 397 68 397 68 397
283 68 5 68 5 68 5 68 5 68 5 68 397 68 397 68 397
607 158 68 64 211 108 68 149
85 347 501 68 189
430 359 389 158 359
85 359
85 359 68 64 211 108 68 85 359
370 68 5 68 5 68 5 68 397 68 397 68 397 68 397
85 359 389 158 118
64 211 108 68 64 211
85 359 68 64 211 108
607 68 5 68 5 68 397 68 397 68 397 68 397 68 397
283 68 5 68 5 68 189 68 189 68 189 68 189 68 189 68 189 68 189
607 158 68 607 158 68 607 158 68 607 158 68 607 158 68 397 68 397 68 397 68 607 158 68 607 158 68 397 68 569 68 569 68 397 68 569 68 569 68 397 68 397 68 607 158 68 607 158 68 607 158 68 397 68 607 158 68 397 68 397 68 397 68 397 68 397 68 397 68 569 68 569 68 397 68 397 68 397 68 569 68 569 68 397 68 569 68 569 68 19 85 359 389 158 118 68 607 158
189 68 5 68 81 68 189 68 189 68 189 68 569 68 19 85
283 68 397 68 397 68 397
503 189 68 5 68 5 68 5 68 189 68 5 189 68 189 68 189 68 5 189
283 68 64 211 108 68 5 68 64 211
64 211 68 550 501 68 397 68 397 68 397 68 397 68 397 68 397 68 397
261 86 68 5 68 5 68 5 68 5 68 5 68 5
64 211
283 68 158 108 68 569 68 569 68 569 68 569 68 85 359 68 85 359 68 397 68 85 359 68 158 118
85 389 158 108 68 64 211 108
370 68 5 68 5 189 68 397
607 158 68 607 158 68 607 158 68 517 68 517
607 158 68 189 68 189 68 189 68 397 68 569 68 85 359
370 68 5 68 5 68 5 68 397 68 397 68 397 68 397 68 397 68 397
527 68 607 158 68 607 158 68 189 68 189 68 19 85 68 64 211 108 68 189 68 189 68 189 68 189 68 211 108
64 211 108 68 158 108 68 85 359 68 85 359
607 158 68 550 501 68 397 68 397 68 397 68 569 68 19 85 359
283 68 283 68 158 118
211 68 607 158 68 607 158 68 189 68 85 359 68 85
593 163 68 158 108 68 158 108 68 19 85 359
370 68 5 68 5 68 5 68 5 68 5 68 5 68 397 68 397
339
339 551 68 189 68 189 68 85 359 68 85 359 389 158 108
283 68 5 68 81 68 189 68 397 68 64 211 108 68 397 68 397 68 397 68 64 211 108
607 158 68 64 211 108 68 19 85
85 359 68 158 108 68 158 108 68 85
503 189 68 5 68 5 189 68 189
527 68 64 211 108
85
503 158 108 68 607 158 68 19 85 68 19 85 68 85 68 85
211 543 211
607 158 68 607 158 68 607 158 68 189 68 19 85 68 19 85 68 189 68 189
339 551 68 550 501 68 64 211
607 158 68 5 68 397 68 397 68 397 68 397 68 397
5 68 5 68 397 68 397 68 397 68 397
283 68 607 158 68 607 158 68 397 68 397 68 19 85 359 68 397 68 397 68 397 68 397 68 158 108
64 211
261 86
85 359 389 85 359
370 68 5 68 5 68 189 68 189
51 86
189 149
569 68 397 68 397 68 397 68 397
607 158 68 85 359 68 85 359
85 359
397 359
189 68 5 68 5 68 397 68 397 68 397 68 397 68 397 68 397
189 68 607 158 68 189 68 397 68 397
283 68 607 158 68 189 68 189 68 189 68 397
283 68 19 85 68 158 108 68 19 85
261 86 68 607 158 68 397 68 397 68 397 68 569 68 19 85
527 68 5 68 5 68 5 189 68 397
85 359 389 85 359
283
64 211 108
607 158 359
389 158 118
189 68 189 68 189 68 189 68 189 68 189 68 189
189 68 189 68 189 68 189 149
189 211 108
261 86 68 397
64 211 108 68 5 189 68 19 85
85 347 158
607 158 68 550 501 68 189 68 189 68 569 68 19 85 359
607 158 68 607 158 68 607 158 68 607 158 68 607 158 68 607 158 68 607 158 68 607 158 68 607 158 68 189 68 607 158 68 607 158 68 607 158 68 607 158 68 607 158 68 607 158 68 607 158 68 607 158 68 607 158 68 607 158 68 607 158 68 607 158 68 607 158 68 607 158 68 607 158 68 607 158 68 607 158 118 68 607 158 68 550 501 68 607 158 68 607 158 68 607 158 68 607 158
607 158 68 81 68 5 68 189 68 189 68 189 68 64 211 108
527 68 607 158 68 607 158 68 397 68 19 85 68 19 85 68 85 68 397 68 85 359 68 85 68 64 211 108
85 359 68 85 359
527
85 359
85 68 189 68 189 68 189
85 359 389 85 359
397 68 5
283 68 397 68 397
261 86 68 550 501 68 189 68 397 68 569 68 569 68 19 85 359
389 158 68 550 158 118
389 158 118
607 158 68 607 158 68 607 158 68 189 68 189 68 19 85 359
51 86 85
370 68 5 68 5 68 5 68 5 68 5 189
607 158 68 550 501 68 189 68 189 68 189 68 64 211 108 68 64 211 108 68 397 68 607 158 68 64 211 108 68 64 211 108 68 64 211 108 68 5 189 68 5 189 68 5 68 550 501 68 64 211 108 68 64 211 108 68 64 211 108 68 64 211 108 68 64 211 108 68 64 211 108 68 64 211 108 68 64 211 551 68 64 211 108 68 211 108 68 64 211 108 68 19 85 68 19 85 359 389
389 158 68 550 158 108 68 550 158 149
211
283 68 370 68 5 68 397 68 397 68 397 68 19 85
607 158 68 397 68 397 68 397 68 397
261 86 68 607 158 68 397
283 68 5 68 189 68 189 68 189 68 189 68 569 68 64 211 108
283 68 85 359 68 158 108 68 85 359 68 85 359
283 68 397 68 397 68 397 68 397 68 397
79 158 359
85 347 501 68 189 68 85
283 68 5 68 158
321 247 85 68 85
261 86
189
607 158 68 64 211 68 397 68 397 68 397 68 397 68 19 85
283 68 5 68 5 68 397 68 397 68 397 68 397 68 397 68 397
211 108
189 68 527 68 158 108 68 19 85 359
607 158 68 607 158 68 607 158 68 550 158 68 607 158 68 550 158 68 189 68 550 158 108
85 359 68 85 359
283 68 189 68 189 68 189 68 397 68 397 68 397 68 397 68 189
189 68 607 158 68 189 68 189 68 569 68 569 68 569
283 68 5 68 5 68 5 68 5 68 5 189
158 108 68 607 158 68 158 108
607 158 68 5 68 397
607 158 68 607 158 68 397 68 397 68 397
430 199
261 86 68 5
607 158 68 607 158 68 607 158 68 397 68 397 68 397 68 397 68 397 68 397 68 607 158 68 158 68 397 68 397 68 397 68 397 68 397 68 5 189 68 397 68 397 68 397 68 607 158 108 68 397 68 397 68 397 68 607 158 108 68 397 68 397 68 397 68 397 68 397 68 397 68 397 68 397 68 397 68 397 68 397 68 397 68 397 68 397 68 569 68 19 85 68 19 85 389 158 108 68
607 158 68 550 501 68 607 158 68 189 68 19 85 68 19 85 68 189 68 189 68 607 158 108
283 68 5 68 397 68 397 68 397 68 397 68 397 68 397
5 189
607 158 68 607 158 68 85 359
64 211 68 189 68 189 68 189 68 189 68 189 68 189 68 189 211 118
261 86 68 339 68 397 68 397 68 397 68 397
283 68 607 158 68 607 158 68 397 68 397 68 19 85 359 68 397 68 397
503 189 68 5 189 68 5
607 158 68 81 68 189 68 189 68 189 68 189 68 189 68 85 359
321 247
85 4 149
261 86 85
607 158 68 550 501 68 607 158 68 550 501 68 397 68 550 158 68 397
503 158 68 607 158 68 607 158 68 607 158 68 607 158 68 189
5 68 5 68 5
283
189 211 108
607 68 5 68 5 68 397 68 397 68 397 68 397 68 397 68 397
607 158 68 550 158 118
64 211 68 5
527 68 5 68 5 68 397 68 397 68 397 68 397
430 199
503 158 108
527 68 5 68 5 68 189 68 189 68 189 68 569 68 189 68 189 68 189 68 189 68 607 158 118
85 359 389 158 108
189 51 86
189 211 108
283 68 5 68 5 68 5 68 397 68 397 68 397 68 5 68 397 68 397
283 68 607 158 68 607 158 68 5 68 397 68 397 68 397 68 397 68 397 68 397 68 607 158 68 397 68 5 189 68 5 189 68 5 189 68 5 189 68 5 68 5 68 397 68 607 158 68 607 158 68 397 68 5 68 607 158 68 397 68 397 68 397 68 397 68 397 68 397 68 397 68 397 68 397 68 397 68 5 189 550 501 68 5 189 550 501 68 607 158 118 68 607 158 118 68 607 158
370 68 5 68 5 68 5 68 19 85 68 19 85 68 85 359
189 68 5 68 397 68 397 68 397 68 397 68 397
527 68 189 68 189 68 189 68 397
564
607 158 68 607 158 68 397 68 397 68 397 68 397 68 397
261 86 85
607 158 108
85 359
261 86 68 370 68 5 68 397 68 397 68 397
389 158 118
607 158 68 607 158 68 607 158 68 397 68 517
283 68 607 158 68 189 68 397 68 85 359 68 569 68 85 359
503 189
430 359
607 158 68 607 158 68 607 158 68 19 85 68 19 85 68 19 85 359 68 19 85 359 68 158 118 68 158 118 68 19 85 359 68 569 68 569 68 569 68 19 85 359 68 19 85 359 68 19 85 359 68 19 85 359 68 19 85 359 68 19 85 359 68 19 85 359 68 19 85 359 68 19 85 359 68 19 85 359 68 19 85 359 68 19 85 359 68 19 85 359 68 19 85 359 389 158 118 68
189 211
607 158 68 607 158 68 607 158 68 189 68 607 158 68 189 68 189 68 189 68 189 68 607 158 68 189 68 189 68 189 68 189 68 189 68 189 68 607 158 68 607 158 68 607 158 68 607 158 68 607 158 68 550 158 68 607 158 68 607 158 68 189 68 189 68 189 68 189 68 64 211 108 68 189 68 189 68 64 211 108 68 607 158 108 68 550 501 68 607 158 68 607 158 108 68 607 158 108
503 189 68 607 158 68 189 68 189 68 189 68 189
370 68 5 68 5 68 5 68 5 68 5 189 68 189
503 189
261 86 68 5 68 189 68 189 68 189 68 189 68 189 68 189
607 158 68 550 501 68 189 68 189 68 189 68 189 68 64 211
189 359
19 85 359
527 68 189 68 189 68 189 68 189
607 158 68 517 68 517
85 347 158
283 68 5 68 5 68 397 68 397 68 397 68 397 68 397 68 397 68 397 68 397 68 397
85 359 68 5 68 189 68 189 68 397 68 569 68 397 68 189 68 397
370 68 5 211
283 68 5 68 5 68 5 189 68 5 189
149
607 158 68 5 68 189 68 397 68 397
149
430 199
64 211
5 68 5 189 68 5
527 68 607 158 68 607 158 68 85 68 19 85 68 85 68 85 68 85 68 85 359
85 359
283 68 5 68 5 68 397 68 19 85 68 19 85 68 19 85 68 64 211 108
503 189 68 5 68 5 68 5 68 189 68 189 68 64 211 108
370 68 5 68 397 68 397 68 397 68 397
85 68 5 68 607 158 68 85 359 68 19 85 68 19 85 68 85
607 158 68 607 158 68 607 158 68 189 68 189 68 19 85 359
607 158 359
593 163 68 5 189 68 5 189 68 5 189
283 68 607 158 68 607 158 68 397 68 397 68 397 68 397
389 158 108 68 211 149
85 359 389 158 108 68 158 108 68 85 359
607 158 68 607 68 607 68 607 68 189 68 189 68 189 68 189 68 189 68 189 68 607 158 68 189 68 189 68 189 68 189 68 5 189 68 5 189 68 5 189 68 5 68 5 68 5 68 607 158 68 64 211 108 68 64 211 108 68 64 211 108 68 189 68 189 68 189 68 397 68 64 211 108 68 397 68 397 68 5 189 68 5 189 68 5 189 68 569 68 19 85 68 19 85 359 389 339 551
370 68 5 68 5 68 64 211 108 68 64 211 108
607 158 68 5 68 189 68 189 68 64 211 108 68 5 68 64 211
189 68 189 68 189 68 189 68 85 359 68 85 359
189 68 64 211 108 68 189 68 189 68 189 550 158 118
607 158 68 607 68 607 68 607 68 569 68 569 68 569 68 397 68 397 68 397 68 397 68 397 68 397 68 397 68 397 68 397 68 397 68 569 68 569 68 397 68 397 68 397 68 397 68 607 158 108 68 397 68 19 85 359 68 397 68 397 68 397 68 397 68 397 68 397 68 397 68 397 68 397 68 397 68 397 68 397 68 397 68 397 68 569 68 569 68 19 85 359 68 19 85 359 389 339
211 85 359
211 108
607 158 68 430
283 68 19 85 68 397 68 397 68 397 68 397 68 19 85
261 86 68 607 158 68 607 158 68 189 68 607 158 68 189 68 5 68 189 68 5
64 211 68 149
261 86 85 359
261 86 68 5
430 199
261 86 68 189 68 189 68 189
85 347 501 85
85 4
85 5
503 158 68 550 501 68 149
283
19 85 68 85 359
189 68 189 68 189 149
19 85 68 397 68 397
321 247 85 359
607 158 68 607 158 68 397 68 397 68 397 68 19 85 68 19 85 359
607 158 68 607 158 68 85 68 85 359 68 19 85 68 85 359 68 85 359 68 85 359 68 85 359
607 158 68 211
261 86 68 5 68 5 68 189 68 5 68 189 68 5 68 189
283 68 550 501 68 158 108 68 550 501 68 430 149
85 359
261 86 68 5 68 5 68 5 68 5 68 5
527 68 607 158 68 607 158 68 189 68 430 199
503 189
607 158 68 607 158 68 189 68 189 68 517
261 86 68 5 189 68 5 189
607 158 68 607 158 68 189 68 189 68 189 68 189
283
370 68 5 68 5 68 5 68 397 68 397 68 397 68 397 68 397 68 397 68 397 68 397
283 68 158 108 68 158 108 68 189 68 189 68 569 68 189
607 158 68 607 158 68 607 158 68 607 158 68 607 158 68 607 158 68 607 158 68 607 158 68 607 158 68 189 68 189 68 607 158 68 607 158 68 607 158 68 607 158 68 607 158 68 607 158 68 607 158 108 68 607 158 68 607 158 68 607 158 68 607 158 108 68 607 158 68 64 211 108 68 64 211 108 68 64 211 108 68 607 158 108 68 64 211 108 68 607 158 108 68 607 158 108 68 607
389 158 118
85 347 501 68 189 68 85
64 211 108
283 68 5 68 189 68 189 68 189 68 189
261 86 68 5 68 5 68 5 68 189 68 397 68 397 68 397 68 189
189 68 189 68 189
189 550 158 108 68 189 68 189 211 543 211
261 86 68 607 158 68 397 68 397 68 569 68 158 108
149 550 501
389 158 68 81 68 607 158 68 189 68 397 68 569 68 397 68 189
283 68 607 158 68 607 158 68 397 68 397
189 68 5 68 5 68 397 68 397 68 569 68 569 68 397 68 397 68 397 68 397 68 397 68 397
607 158 68 607 158 68 158
283 68 5 68 5 68 5 68 397 68 397 68 397 68 397 68 397 68 397 68 397 68 5 189
283 68 607 158 68 607 158 68 85 68 85 359 68 85 68 85
189 68 189 68 189 68 189 68 189 550 501 68 569
261 86 68 550 501
261 86 68 5 68 5 68 189 68 5 189
85 347 158 108 68 158 108
503 189
283 68 5 68 5 68 397 68 397 68 397 68 397 68 397 68 397
85 359
607 158 68 527 68 607 158 68 64 211
527 68 5 68 5
189 68 607 158 68 607 158 68 189 68 569 68 569 68 569 68 189
211 108 211 108
85 359 211
189 211 389 158 359
321 86
607 158 68 430
261 86 68 5 68 5 189 68 5
607 158 68 5 68 5 68 397 68 397 68 397 68 397 68 397
607 158 68 607 68 607 158 68 189 68 189 68 569 68 189 68 189 68 189 68 189 68 607 158 68 189 68 189 68 189 68 189 68 5 189 550 158 118 68 5 189 550 501 68 5 189 68 607 158 68 397 68 550 501 68 607 158 68 397 68 397 68 189 68 189 68 189 68 569 68 569 68 189 68 397 68 397 68 5 189 550 501 68 189 550 501 68 569 68 569 68 569 68 569 68 607 158 118
261 86 68 5 68 81 68 5 68 64 211 108 68 64 211 108
607 158 68 81 68 189 68 189 68 189 68 189 68 64 211 108
85 359
607 158
211 543 211
85 359
527 68 607 158 68 607 158 68 397 68 397 68 397
283 68 397 68 397
607 158 68 607 158 68 189 68 189 68 189 68 397 68 189 68 189
370 68 5 68 5 68 5 68 397 68 397 68 569 68 19 85 68 397 68 397 68 85 359
85 359 389 85 359
124
5 189 68 550 501 68 189 68 397 68 397 68 397 68 397 68 397 68 397
5 68 5 189 68 5
607 158 68 607 158 68 189 68 189 68 189 68 397 68 397 68 189
85 359
607 158 68 607 158 68 607 158 68 607 158 68 607 158 68 607 158 68 607 158 68 607 158 68 607 158 68 211 68 607 158 68 607 158 68 607 158 68 607 158 68 607 158 68 607 158 68 607 158 68 607 158 68 607 158 68 607 158 68 607 158 68 607 158 68 607 158 68 607 158 68 607 158 68 607 158 68 5 189 68 607 158 68 550 501 68 607 158 68 607 158 68 607 158 68 607 158 108
607 158 68 607 158 68 607 158 68 64 211 108
189 68 64 211 108 68 64 211 108
527 68 607 158 68 607 158 68 19 85 68 517
607 158 68 5 68 5 68 397 68 5 68 397 68 397 68 397 68 397
261 86
607 68 607 68 607 68 85 68 85 359 68 19 85 68 85 68 85 359 68 85 359 68 85 359
607 158 68 607 68 607 158 68 189 68 189 68 569 68 189 68 189 68 189 68 189
389 158 118
607 158 68 607 68 607 68 189 68 189 68 189 68 189 68 189 68 189 68 189 68 607 158 108
283 68 158 68 158
261 86 68 5 68 189 68 189 68 189 68 189 68 189 68 64 211 108
607 158 68 5 68 397 68 397 68 397 68 397 68 397 68 397 68 397 68 397 68 397 68 397 68 397 68 397 68 397 68 397 68 397 68 397 68 397 68 397 68 397 68 397 68 397 68 607 158 118 68 397 68 397 68 397 68 397 68 397 68 397 68 397 68 397 68 397 68 397 68 397 68 397 68 397 68 397 68 397 68 397 68 397 68 397 68 569 68 569 68 19 85 359 389 158 118 389
261 86 68 5 68 5 68 397 68 397 68 397 68 19 85
607 68 607 158 68 607 68 189 68 397 68 569 68 397 68 397 68 397 68 397 68 397 68 397
607 158 68 607 158 68 189 68 189 68 189 68 19 85 359 68 189 68 189 68 189 68 189 68 189 211 543 211 108 68 189 68 189 68 64 211 543 211 543 211 543 211 118 68 607 158 118 68 19 85 359 68 550 501 85 359 68 19 85 68 19 85 359 68 189 68 85 359 389 158 118 68 19 85 359 68 397 68 241 551 68 19 85 359 389 85 359 389 158 118 68 19 85 359 389 158 118 68
64 211
370 68 5 68 5 68 5 68 64 211 108 68 64 211 108
607 158 68 5 68 5 68 397 68 397 68 397 68 397 68 397 68 397 68 397
607 158 68 607 158 68 397 68 397 68 397 68 397 68 397 68 397
64 211 108 68 607 158 68 397 68 19 85 68 19 85 68 19 85 68 397 68 85 359 68 158 108
607 158 68 607 158 68 189 68 397 68 569 68 569 68 85
283 68 189 68 189 68 189 68 189 68 569
64 211 108 68 5
607 155
85 359
64 211 108 68 19 85 68 397 68 85
607 158 68 607 68 607 68 189 68 189 68 569 68 569 68 397 68 397 68 397 68 607 158 68 189 68 189 68 189 68 189 68 397 68 5 189 211 543 211 543 211 543 211 543 211 68 607 158 68 607 158 68 64 211 108 68 569 68 397 68 397 68 397 68 397 68 397 68 397 68 397 68 397 68 397 68 397 68 397 68 397 68 397 68 397 68 569 68 19 85 359 389 158 108 68 19 85 359
283 68 158 108 68 569 68 569 68 569 68 19 85 359
261 86 68 5 68 5 68 397 68 397 68 397 68 397 68 397 68 397 68 397
211 108 68 5 189 68 5
189 68 5 68 397 68 397
64 211 108 68 19 85 68 397 68 85
189 68 5 68 81 68 397 68 397 68 397 68 569 68 85 359
527 68 189 68 189 68 189 211 108
339 551 68 158 108
283 68 158 108 68 158 108 68 85
211 68 607 158 68 607 158 68 189 68 569 68 569 68 397 68 189
211 85 359 389 158 118
370 68 5 68 5 68 5 68 5 189 68 189
397 359
5 68 5 68 5 68 5 189
370 68 5 68 5 68 397 68 397 68 397 68 397 68 397
189 211 108 68 158 108 68 189 68 189
607 158 68 5 68 5 68 5 189 68 5
261 86 68 607 158 68 397 68 397 68 397 68 569 68 19 85
339 551 68 211 108 68 158 108
607 158 68 607 158 68 607 158 68 607 158 68 607 158 68 607 158 68 607 158 68 607 158 68 607 158 68 607 158 68 607 158 68 607 158 68 607 158 68 607 158 68 607 158 68 607 158 68 607 158 68 607 158 68 607 158 68 607 158 68 607 158 68 607 158 68 607 158 68 19 85 68 19 85 359 68 607 158 68 607 158 68 607 158 68 19 85 68 607 158 68 607 158 68 607 158 68 607
527 68 607 158 68 158 68 189 68 550 158 118
283 68 158 108 68 158 108 68 85 359
189 68 189 68 189 68 189 68 189 68 189 211 108 68 189 68 189 108
261 86 68 550 501
211 108
397 359
189 68 158 108 68 189 211
283 68 85 359 68 85 359
527 68 5 68 5 68 5 68 189 68 189 68 5
189 68 5 68 81 68 5 68 5 68 5 189 68 5 68 5
283 68 607 158 68 607 158 68 397 68 19 85
607 158 68 64 211 108 68 189 68 64 211
5 68 5 189 68 5 189
607 158 68 607 158 68 189 68 189 68 189 68 189 68 550 501
607 158 68 5 68 5 68 5 68 5 189 68 397 68 397
211 389 158 118
283 68 607 158 68 189 68 189 68 189 68 85 359 68 85
64 211 108 68 5 68 64 211 108 68 85
85 68 607 158 68 607 158 68 85
5 68 5 68 5 68 5
189 68 189 68 189 68 189 211 108
321 247
149 550 158 108
503 189 68 81 68 189 68 189 68 189 68 189 68 189 68 64 211 108
19 85 359 68 189 68 189 211 108
339 551 68 397 68 397
607 158 68 64 211 108 68 397
283
261 86 68 5 68 5 68 5 68 5 68 5
607 158 68 607 158 68 158 68 339
261 86 68 5 68 5 68 397 68 397 68 397 68 397 68 397 68 397
607 158 68 607 158 68 158 68 85 68 85
283
607 158 68 64 211 108
607 158 68 211 149 389 158 149
370 68 5 68 5 68 5 189 68 189 68 19 85 359 68 19 85 359
283
64 211
189 68 189 68 389 158 108
607 158 68 5 68 5 68 5 189 68 397 68 397 68 397 68 397 68 397 68 5 189
370 68 5 68 5 68 397 68 19 85 359 68 19 85 359
370 68 5 68 5 68 397 68 397 68 397 68 19 85 359
607 158 68 5 68 607 68 189 68 397 68 569 68 569 68 397 68 397 68 397 68 397 68 189 68 189 68 189 211 108
5 68 397 68 158 108 68 397
283
564
211 543 211
550 158 68 550 501 68 430 149
189 68 607 158 68 607 158 68 189 68 189 68 397 68 397 68 189
261 86 68 124
607 158 108
607 158 68 5 68 5 68 5 68 189 68 5 68 397 68 5
64 211
283 68 5 68 5 68 189 68 397 68 397 68 397 68 397 68 397
85 359 389 158 118
339 551 68 158 108 68 397
85 68 607 158 68 607 158 68 85 359 68 569 68 569 68 85 359 68 397 68 85 359 68 189 68 189 68 189 68 189 68 569 68 569 68 569 68 569 68 569 68 397 68 569 68 19 85 347 158 108 68 85 359 389 85 359 389 158 108 68 19 85 359 68 85 359 389 85 359 389 85 359 389 85 359 68 397 68 85 359 389 158 108 68 569 68 569 68 19 85 359 68 19 85 359 389 85 359
527
607 158 68 5 68 5 68 397 68 397 68 397 68 397 68 397 68 397
261 86 68 607 158 68 397 68 397 68 397
261 86 68 5 68 5 68 5 68 189 68 189 68 397 68 397
370 68 5 68 550 501 68 189 68 19 85 359 68 19 85
85 4 85
321 247
607 158 68 607 158 68 607 158 68 189 68 189 68 85
607 158 68 607 158 68 607 158 68 189 68 189 68 189 68 189 68 189
283 68 189 68 189 68 189 68 189 68 64 211 108
607 158 68 607 158 68 189 68 189 68 189
607 158 68 607 158 68 189 68 189 68 85 359 68 85 359
64 211 68 64 211 149
87 449 68 64 211 108
607 158 68 189 68 189 68 189 68 189 211 108
283 68 158 108 68 158 108 68 19 85 359
283 68 5 68 5
261 86 68 81 68 607 158 68 5 68 5 68 5
189 68 607 158 68 189 68 189 68 189 68 189
607 158 68 81 68 189 68 189 68 64 211 108 68 64 211 108 68 64 211 108
607 158 68 550 501 68 211 543
85 359 68 19 85
607 158 68 85 68 158 108 68 85 359 68 85 359 68 85 359
607 158 68 607 158 68 189 68 189 68 189 550 158 118
149
607 158 68 189 68 189 68 189
261 86
261 86 68 607 158 68 397 68 397 68 397
283 68 158 108 68 158 108
211 68 5 68 189 68 189 68 397 68 397 68 397 68 397 68 397 68 397
607 158 68 607 158 68 5 68 5 189 68 5 189
503 189 68 607 158 68 607 158 68 64 211 68 64 211 108 68 550 501 68 189
527 68 5 68 5 68 397 68 397 68 64 211 108
370 68 5 68 5 68 5 189 68 397 68 397 68 397 68 397 68 397 68 397
261 86 68 5 68 607 158 68 397 68 64 211 108 68 19 85
85 347 158 108
607 158 68 607 158 68 607 158 68 607 158 68 607 158 68 397 68 397 68 397 68 607 158 68 607 158 68 517 68 397 68 397 68 397 68 397 68 397 68 397 68 607 158 68 607 158 68 607 158 68 607 158 68 19 85 68 607 158 68 19 85 68 397 68 397 68 397 68 397 68 397 68 397 68 397 68 397 68 397 68 607 158 118 68 397 68 19 85 359 68 19 85 68 19 85 359 389 339
503 189 68 5 68 5 68 397 68 397 68 569 68 19 85 68 397 68 397 68 397 68 397 68 397
189 68 5 189 68 189 68 189
283
370 68 5 68 5 68 5 68 5 68 5 189
261 86 68 550 501 68 189 68 64 211 108 68 64 211 108 68 550 501 68 64 211 149
607 158
64 211 68 211 68 64 211
241 359 389 158 359
189 68 189 68 189 68 189 68 189 68 189 68 189
211 543 211
189 68 5 68 5 68 5 189
189 68 607 158 68 189 68 397 68 569 68 569 68 19 85 359 68 397 68 397 68 397 68 189
261 86
607 158 68 5 68 5 68 189 68 397
607 158 68 5 68 189 68 189 68 189 68 189 68 189 68 189 149
158 359
283 68 158 108 68 158 108 68 397 68 569
261 86 68 124
189 68 607 158 68 607 158 68 189 68 189 68 430 199
85 359 68 64 211 108
607 158 68 607 158 68 607 158 68 189 68 607 158 68 189 68 189 68 189 68 189 68 607 158 118
607 158 68 5 68 5 68 5 68 5 68 5 68 5 68 5
85 359
240
370 68 5 68 5 68 5 68 397 68 397 68 397 68 397 68 397 68 397 68 397 68 397 68 397 68 397 68 397 68 397 68 397 68 397 68 5 189 68 397 68 397 68 397 68 397 68 397 68 397 68 397 68 397 68 397 68 397 68 397 68 397 68 397 68 397 68 397 68 397 68 397 68 397 68 397 68 397 68 397 68 397 68 397 68 397 68 397 68 397 68 397 68 397 68 397 68 397
85 359 68 241 359
607 158 68 81 68 189 68 397 68 397
607 158 68 607 158 68 397 68 397 68 397 68 397 68 397 68 397 68 397 68 397 68 397 68 397
370 68 5 68 5 68 5 189 68 189 68 189 68 64 211 108
283 68 158 108 68 158 108 68 569 68 19 85 359 68 85 359
261 86 68 5 68 5 68 397 68 64 211 108 68 64 211 108
288
261 86 68 5 68 397 68 397 68 397 68 397 68 397 68 397
85 359 389 158 118
283
527 68 607 158 68 189 68 397 68 397 68 569 68 397 68 397 68 397
607 158 68 607 158 68 607 158 68 85 359 68 19 85 68 64 211 108 68 43 158 108 68 607 158 68 64 211 108 68 64 211 108 68 64 211 108 68 5 68 5 68 607 158 68 607 158 108 68 64 211 108 68 64 211 108 68 19 85 68 64 211 108 68 397 68 85 359 68 19 85 359 68 19 85 359 68 64 211 108 68 19 85 359 68 64 211 108 68 19 85 359 68 19 85 359 389 339
607 158 68 5 68 5 68 189 68 189 68 189 68 189 68 189 211 543
607 158 68 5 68 5 68 5 68 5 68 5 189 68 517
261 86
370 68 5 68 5 68 5 68 5 68 5 68 5 68 5 68 5 189 68 397 68 5
607 158 68 607 158 68 607 158 68 527 68 607 158 68 189 68 189 68 189 68 189 68 607 158 68 189 68 189 68 189 68 189 68 189 68 189 68 189 68 189 68 607 158 68 607 158 108 68 607 158 68 64 211 108 68 607 158 68 607 158 108 68 189 68 189 68 85 359 68 85 359 68 189 68 189 68 397 68 527 359 68 607 158 108 68 189 68 19 85 359 68 19 85 359 389 158 108 68
85 359
85 359
607 158 68 527 68 607 158 68 64 211 108 68 64 211 108
607 158 359
370 68 5 68 5 68 5 68 5 68 397 68 397 68 397 68 397 68 397 68 397 68 397 68 397
85 389 158 108 68 19 85
189 68 189 68 189 68 189 68 189 68 189
85 347 158 108
607 158 68 64 211 108 68 19 85 68 64 211 108
85 359
370 68 607 68 569 68 569 68 85 359
189 68 5 68 189 68 189 68 189 68 189
85 68 607 158 68 607 158 68 19 85 68 19 85 68 19 85 68 19 85 359 68 85 359 68 158 118
607 158 68 5 68 5 68 189
607 158 68 397 68 397 68 397 68 397 68 397 68 397
503 189 68 5 68 5 189 68 5
370 68 5 68 5
261 86 68 81 68 5 68 189 68 5 68 189
189 68 607 158 68 607 158 68 189 68 569 68 569 68 569 68 189
283 85 359
370 68 5 68 5 68 5 68 397 68 397 68 569 68 397
261 86 68 5 68 5 68 5 68 5 68 5 189
607 158 68 19 85
339 551 68 158 108
397 359
64 211
189 68 607 158 68 189 68 397 68 397 68 569 68 397 68 397 68 397
189 68 5 68 5 68 5 68 397 68 397 68 397 68 397
189 68 607 158 68 607 158 68 189 68 189 68 189 68 189 68 189
64 211 68 5 68 607 158 68 189 68 397 68 397 68 397 68 189 68 397 68 397 68 607 158
283 68 397 68 397 68 397 68 397 68 85 359
527 68 607 158 68 607 158 68 189 68 64 211 108
85 68 5 68 124
149
607 158 68 607 158 68 607 158 68 550 158 68 64 211
85 359 389 158 108
19 85 68 550 501 68 158 108 68 19 85 359
283 68 607 158 68 607 158 68 517 68 517
607 155
261 86 68 607 158 68 189 68 189 68 189 68 19 85 359
64 211 68 189 68 189 68 189 68 189 68 569
283 68 189 68 189 108
189 68 189 68 189 68 189 68 189 550 501 68 189
64 211 68 550 501 68 189 68 189 68 430 199 68 430 68 189
607 158 68 607 158 68 607 158 68 607 158 68 607 158 68 550 158 68 189
283 68 550 501 68 189 68 397
607 158 68 607 158 68 189 68 189 68 85 359 68 85 359
261 86 68 5 68 5 68 5 68 397 68 397 68 397 68 5
527 68 5 68 189 68 189 68 397 68 397 68 397 68 397 68 397
283 68 5 68 81 68 189 68 189 68 397 68 397 68 397
283 68 607 158 68 607 158 68 397 68 19 85 68 19 85
283 68 607 158 68 607 158 68 19 85 359 68 19 85
283 68 397 68 397
527 68 5 68 607 158 68 189 68 189 68 397 68 397 68 189 550 501 85 359
607 158 68 5 68 5 68 5 68 189 68 5 189
85 359 68 158 108 68 158 118
527 68 607 158 68 607 158 68 189 68 189 68 189 68 189 68 189 68 189 68 189
85 359
607 158 68 5 68 5 68 5 68 5
430 359
527
607 68 5 68 5 189 68 5
19 85 68 19 85 68 85 359 68 85 359
607 68 189 68 189 68 189 68 189 149
283 68 158 108 68 158 108 68 339 68 19 85
283
607 158 68 607 158 68 607 158 68 607 158 68 569 68 85 68 85 359 68 397 68 607 158 68 189 68 189 68 189 68 569 68 397 68 569 68 569 68 397 68 397 68 397 68 397 68 607 158 108 68 397 68 19 85 359 68 19 85 359 68 19 85 359 68 397 68 85 359 68 397 68 397 68 397 68 397 68 397 68 397 68 397 68 397 68 569 68 569 68 19 85 359 389 85 359 389 85 359
527
607 158 68 5 68 397 68 397
569 68 85 359 68 85 359 68 85 359 68 85 359
283 68 607 158 68 607 158 68 607 158 68 607 158 68 607 158 68 397
339 551 68 19 85
370 68 5 68 5 68 5 68 397 68 397 68 397 68 397
430 199
283 68 550 501 68 5 68 5 68 550 501 68 397 68 397
283 68 607 158 68 569 68 397 68 569 68 569 68 569
607 158 68 430
389 158 118
64 211 108
527 68 189 68 189
527 68 189 68 189 68 189 68 189 68 189
283
85 359 389 158 118
64 211
607 158 68 607 158 68 607 158 68 189 68 569 68 569 68 189 68 189 68 189 68 189 68 607 158 68 189 68 189 68 189 68 569 68 569 68 569 68 569 68 189 458
283 68 397 68 158 108 68 397 68 85 359
211 543 211
503 189
283 68 607 158 68 607 158 68 397 68 569 68 19 85 68 85 359 68 397 68 85 359
85 359 389 85 359
564
370 68 5 68 5 68 5 68 5 68 397
283 68 5 68 5 68 397 68 397 68 397
527 68 607 158 68 607 158 68 85 359
607 158 68 607 158 68 607 158 68 397 68 397
85
607 158 68 527 68 5 68 189 68 517
85 389 158 108 68 211 543 211 108
607 158 68 5 68 397 68 397 68 397 68 397 68 397
607 158 68 607 158 68 607 158 68 189 68 189 68 19 85 68 189 68 189 68 189 68 158 108
149 389 85
211 108 68 550 158 108
189 211 108
607 158 68 607 158 68 607 158 68 19 85 68 19 85 68 19 85 359 68 189 68 607 158 118
607 158 68 5 68 5 68 397 68 397 68 397 68 397 68 397
189 108
527 68 607 158 68 607 158 68 397 68 19 85 68 19 85 68 19 85 359 68 397 68 607 158 68 19 85
503 189
321 240
607 158 68 5 68 5 68 5 68 5 68 64 211
85 389 158 108
283 68 158 108 68 607 158 68 397 68 569 68 397 68 397 68 397
5 68 397 68 397
607 158 68 158 68 158
85 359 68 158 108 68 158 108
339 551
607 158 68 64 211 108
370 68 5 68 5 68 5 68 5 68 5 189 68 5 189 68 5 189
19 85 359 68 158 118 68 19 85 359
607 158 108
607 158 68 550 501 68 189 68 189 68 189 68 189 68 64 211 108
261 86 68 5
607 158 68 607 158 68 189 68 189 68 189 68 569 68 189
389 158 68 389 158 359
397 359
189 68 607 158 68 607 158 68 189 68 19 85 359
189 550 158 108 68 189 68 189 211 543 211
527 68 5 68 5 68 5 189 68 5 189 68 5 189 68 5 189
527
85 68 189 68 189 68 189
564
527 68 607 158 68 607 158 68 19 85 68 19 85 68 19 85 68 189 68 158 108 68 158 118
527
261 86 68 397 68 397
189 68 85 359 68 85 359
607 158 68 607 158 68 607 158 68 64 211 68 64 211 108 68 550 501 68 43 158 68 607 158 68 64 211 108 68 64 211 68 5 68 64 211 108 68 5 68 5 68 5 68 5 68 550 501 68 64 211 108 68 64 211 108 68 19 85 68 64 211 108 68 64 211 108 68 64 211 108 68 64 211 108 68 64 211 108 68 64 211 108 68 64 211 108 68 19 85 68 19 85 68 19 85 68 607
607 158 68 550 501 68 397 68 397
607 158 68 189 68 189 68 189
607 158 68 430
261 86 68 607 158 68 607 158 68 339 68 569 68 64 211 108
261 86 68 5 68 5 68 5 68 5
607 158 68 5 68 5
607 158 68 81 68 189 68 189 68 189 68 5 189 68 5
607 158 68 81 68 189 68 189 68 189 68 189 68 189 68 550 501 85 359
189 68 189 68 5 68 189 68 189 68 189
527 68 607 158 68 607 158 68 397 68 397
64 211
211 68 550 501 68 189 68 189 68 550 501 68 430 68 430 68 430 199
5 68 5 189 68 5
85 359 68 85 359 68 85 359 68 85 359
370 68 5 68 5 68 397 68 397 68 19 85 359
283 68 607 158 68 607 158 68 397 68 397
370 68 5 68 5 68 5 68 5 189
503 189 68 550 501 68 397
607 158 68 607 158 68 607 158 68 189 68 189
370 68 5 68 5 68 5 68 5 68 5 68 397 68 5 68 397 68 397
283 551
211 68 607 158 68 607 158 68 397 68 397 68 397 68 397 68 397 68 397 68 397 68 397
261 86 68 5 68 5 68 5 68 5 68 397 68 5
283 68 158 108 68 607 158 68 397 68 569 68 397 68 397 68 397
607 158 68 607 158 68 607 158 68 5 68 517 68 517
607 158 68 5 68 189 68 189 68 189 68 189 68 64 211
607 158 68 607 158 68 189 68 189 68 189 68 397 68 397
607 158 68 5 68 189 68 85
607 158 68 5 68 397 68 397 68 397 68 397 68 19 85 359 68 397 68 397 68 85 359
85 359 68 607 158 68 607 158 68 569 68 569 68 85 359 68 85 359 68 397 68 85 359 68 158 118
189 68 5 68 189 68 189 68 189
189 550 158 359
261 86 68 5 68 5 68 5
370 68 5 68 5 68 5 68 5 68 5 189 68 397
370 68 5 68 5 68 5
370 68 5 68 5 68 5 68 5 68 5 189
370 68 5 68 5 68 5 68 189 68 569 68 569 68 19 85 359
397 68 158 108
189 211 543
283 68 550 501 68 189 68 397
607 158 68 607 158 68 85 68 85 359 68 85 359 68 85 359 68 85 359
339 551 68 397 68 158 118 68 85 359
527 68 607 158 68 607 158 68 397 68 397
64 211 108 68 211 108
261 86 68 5 68 5 68 5 68 550 501 68 5 68 550 501 68 189
607 158 68 607 158 68 607 158 68 607 158 68 607 158 68 85 68 607 158 68 607 158 68 607 158 68 64 211 108 68 607 158 68 607 158 68 607 158 68 607 158 68 607 158 68 607 158 68 607 158 68 64 211 108 68 607 158 68 607 158 68 607 158 68 85 68 85 68 85 68 64 211 108 68 19 85 68 607 158 108 68 607 158 108 68 19 85 68 19 85 68 19 85 68 607 158 108 68
607 158 68 5 68 5 68 189 68 189 68 5 189 68 189 68 189
389 158 68 64 211
607 158 68 5 68 397 68 397 68 397 68 397 68 397 68 397 68 397 68 397 68 397 68 397
339 359
607 158 68 5 68 5 68 5 68 5 68 5 68 397 68 5
370 68 5 68 5 68 5 68 397 68 397 68 397 68 397 68 397
527 68 64 211
283 68 158 108 68 158 108 68 85 359
261 86 68 124 68 5 68 397 68 397
607 158 68 5 68 5 68 189 68 189 68 189 68 189 68 550 501
283 68 5 68 64 211 108 68 85
64 211 108 68 85 359
240 359 389 85 359
527 68 5 68 5 189 68 189 68 5 189
261 86 68 5 68 5 68 397 68 397 68 397 68 19 85 359
430 199
211 543 211
231 155
283
339
261 86 85
607 158 68 607 158 68 607 68 397 68 397 68 397 68 397 68 397 68 397 68 397 68 397 68 397 68 397 68 189 68 189 68 397 68 397 68 397 68 397 68 397 68 397 68 397 68 397 68 397 68 397 68 397 68 397 68 397 68 397 68 397 68 397 68 397 68 397 68 397 68 397 68 397 68 397 68 397 68 397 68 397 68 397 68 397 68 569 68 569 68 19 85 359 389 158 118 68 607
261 86 68 397 68 397 68 397 68 397 68 569
321 247
189 68 607 158 68 158 68 158 108
189 68 607 158 68 397
85 359
607 158 68 607 158 68 5
283 68 5 68 607 158 68 397 68 397 68 397 68 397 68 397
85 359 68 5 68 189 68 189 68 397 68 569 68 397 68 189 68 397
261 86 68 5 68 81 68 189 68 189 68 189 68 397 68 64 211 108
607 158 68 607 158 68 189 68 85 359 68 85 359 68 85 359
607 158 68 607 158 68 607 158 68 430 68 430 68 430
370 68 5 68 5 68 5 68 397 68 397
607 158 68 607 158 68 189 68 189 68 189 68 397 68 397
607 158 68 5 68 5 68 397 68 397 68 397 68 397 68 64 211 108
211 68 81 68 189 68 189 68 189 68 189 68 189 68 189 68 189 68 189 68 189 211 108
607 158 68 607 158 68 158
261 86
51 86 68 211 543
370 68 5 68 5 68 5 68 189 68 189 68 189 68 189 68 189 68 189 68 189 68 189
261 86 68 5
283 68 5 68 5 68 189 68 189 68 189
261 86 68 397 68 397 68 397
261 86 68 397 68 397 68 397 68 397
189 68 607 158 68 607 158 68 189 68 189 68 189
564
607 158
85 359 389 158 108
189 68 607 158 68 397
527 68 550 158 108 68 189 68 189 211 543
261 86
607 158 68 607 158 68 189 68 189 68 569 68 569 68 85 359
211
283 68 5 68 5 68 397 68 397 68 397 68 397 68 397
503 189 68 5 68 81 68 5 189 68 5 189 68 5
397 211 108
607 158 68 5 68 189 68 64 211 108 68 64 211 108
527 68 607 158 68 607 158 68 607 158 68 607 158 68 607 158 68 607 158 68 607 158 68 607 158 68 607 158 68 5 68 5 68 5 68 5 189
64 211
607 158 68 607 158 68 607 158 68 339 68 339 68 19 85
85 359
261 86 68 397 68 397 68 397
527 68 5 68 5 68 189 68 397 68 397
607 158 68 550 501 68 607 158 68 550 501 68 158 68 550 501
607 158 68 607 158 68 189 68 189 68 189 68 158 108
607 158 68 5 68 5 68 397 68 397 68 397 68 397 68 397 68 397 68 397 68 397 68 397
149 68 5 68 389 158
607 158 68 5 68 5 68 241 68 241
607 158 68 607 158 68 607 158 68 189 68 189 68 189 68 189
607 158 68 607 158 68 607 158 68 19 85
85 347 158 108
607 158 68 19 85 68 85 359 68 85 359
607 158 68 607 158 68 397 68 85 359
5 68 5 68 397
261 86 68 19 85 68 85 359
527 68 5 68 5 68 64 211 108
85 359
64 211 108
149 68 397 68 397
261 86 68 5 68 607 158 68 397 68 397 68 397
370 68 397 68 397
607 158 68 607 158 68 189 68 189 68 189 68 189 68 189 68 189
339 551 68 550 501 68 189 68 189 68 430
261 86 68 124 68 158 108 68 85
564
607 158 68 527 68 607 158 68 189 68 189
85 359 68 397 68 397
283 68 189 68 189 68 189 68 85 359
607 158
283 68 607 158 68 189 68 85 359 68 19 85 68 85 359
211 68 550 501 68 189
607 158 68 607 158 68 19 85 359
359 389 85 359
607 158 68 607 158 68 397 68 397 68 397 68 397 68 397 68 397 68 397 68 397
19 85 68 85 359 68 85 359
261 86
370 68 5 68 5 189 68 397 68 19 85 359 68 19 85
64 211
370 68 5 68 5 68 5 68 64 211 108 68 64 211 108 68 64 211 108
211 68 5 189 68 5
85 4 85
261 86
607 158 68 5 68 5 68 397 68 397 68 397
370
261 86 68 607 158 68 607 158 68 397
85 359 68 550 501 68 64 211
607 158 68 5 68 189 68 85 359 68 85 359 68 85 359 68 85 359
261 86 68 5 68 5 68 397
283 68 607 158 68 607 158 68 189 68 189 68 189
5 68 64 211 108
283 68 607 158 68 607 158 68 397 68 397 68 158
211 108
85 359 68 158 108 68 158 108 68 85 359
85 389 85
261 86 68 607 158 68 85
607 158 68 5 68 5 189 68 64 211 108
85 5
189 68 550 158 68 5 189 68 211 543 211 68 189
211 543 211
5 189 68 550 501 68 64 211
321 247
370 68 5 68 5 68 5 68 5 68 189 68 158 108
261 86 68 607 158 68 607 158 68 397
261 86
397 551 68 397
85 211 543 211
503 189 68 5 68 189 68 189 68 189 68 189 68 5 189 68 189
85 4 85
359 389 85 359
189 550 158
607 158 68 607 158 68 189 68 189
5 68 5 68 5 189 68 397 68 397 68 397 68 397 68 397 68 397 68 397 68 397 68 397
283 68 607 158 68 397 68 397 68 397 68 397 68 397
85 359 389 158 118
607 158 68 211
283 68 607 158 68 607 158 68 550 158 68 189
527 68 607 158 68 189 68 189 68 189 68 189 68 189 68 189 211 108
607 158 68 5 68 5 68 5 68 397 68 397 68 397 68 397
85 359 389 158 108
240 51 149
370 68 5 68 5 68 5 189 68 189 68 189
283 68 189 68 189 68 189 68 189 550 158 118
527 68 607 158 68 607 158 68 517 68 517 68 517
607 158 68 550 501 68 189 68 211 108 68 211 108
189 68 607 158 68 607 158 68 397 68 397 68 569 68 19 85 359
85 359 68 85 359
607 158 68 550 501 85
607 158 68 607 158 68 189 68 85 359 68 19 85 68 85 68 85 359
261 86 68 189 211
607 158 68 607 158 68 85 359 68 397 68 397
607 158 68 607 158 68 189 68 189 68 397 68 397 68 397 68 397
527 68 607 158 68 607 158 68 5
85 359 389 158 108 68 189 211 108 68 569 68 569
283 68 569 68 158 108 68 569 68 397 68 569 68 569
189 68 85 359 68 85
283 68 158 108 68 158 108 68 158 108 68 158 68 158 118
189 211 108
5 68 397 68 397
261 86 68 607 158 68 397 68 397 68 397 68 397 68 85 359
261 86 68 124 68 397 68 397
607 158 68 527 68 607 158 68 189 68 189 68 189 68 64 211 108
607 158 68 607 158 68 607 158 68 64 211 68 19 85 68 19 85 68 64 211 108
527 68 5 68 5 68 5
85 359
607 158 68 158 68 158 108 68 158 108
564
607 158 68 607 158 68 397
527 68 5 68 607 68 189 68 189 68 569 68 569 68 189 68 189 68 189 68 189 68 189 68 189 68 189 68 189 211 108
607 158 68 607 158 68 158 68 339 68 158 68 158 68 158
149 389 158 108
189 68 189
85 359 68 64 211 108
397
321 247
64 211 108 68 607 158 68 397 68 19 85 68 569 68 19 85 359 68 397 68 85 359 68 85 359
189 68 64 211 108 68 64 211 108
339 551
283 68 158 108 68 189 68 189 68 569 68 569
64 211 108 68 5 68 397 68 397 68 569 68 569 68 397 68 397
64 211 108 68 211 68 189 68 189 68 189 68 19 85 359 68 189 68 189 108
189 211 108 68 211 543 211 543 211
283 68 158 108 68 158 108 68 158 108
527
607 158 68 64 211 108 68 64 211 108
85 359 68 85 359 389 158 108
189 68 607 158 68 189 68 189
189 68 550 501 68 64 211
261 86 68 5 68 5 68 5 68 189 68 397 68 397 68 397 68 397 68 397 68 5 189
64 211 108 68 64 211 108
607 158 68 607 158 68 158 68 158 108 68 158 68 158 108
189
261 86
370 68 19 85 359 68 19 85
607 158 68 81 68 189 68 189 68 189 68 569 68 397 68 397 68 397 68 397 68 397
607 158 68 607 158 68 5
503 189 68 189 68 189 68 64 211 108
321 247 85
64 211 108 68 607 158 68 397 68 19 85 359 68 19 85 359 68 397 68 397 68 85 359
389 158 108 68 19 85 359 68 397 68 569
527 68 607 158 68 189 68 189 68 64 211 108 68 64 211 108 68 64 211 108
189 108
527 68 5 68 5 68 397 68 397 68 397 68 397 68 397 68 397 68 397 68 397 68 397 68 397
85 550 501 68 550 501
370 68 5 68 5
607 158 68 607 158 68 607 158 68 397 68 397 68 397 68 397 68 189
607 158 68 550 501 68 607 158 68 550 501 68 19 85 68 550 501 68 397 68 397 68 607 158 68 189
607 158 68 607 158 68 158 68 189 68 85 359
189
85 347 158 118
261 86
261 86 68 5
85 359 68 85 359 68 85 359
19 85
607 158 68 607 158 68 607 158 68 607 158 68 607 158 68 607 158
607 158 68 5 68 5 68 397 68 397 68 397 68 397 68 397
85 359 389 158 108
370 68 5 68 5 68 5 68 397 68 397 68 397 68 397 68 397
389 158 108
189 68 189 68 189 108
5 68 5 68 5 68 397 68 397
321 247 85
85 359
607 158 68 607 158 68 85 68 85 359 68 85 359
283
283 68 370 68 5 68 397 68 397 68 569 68 19 85 359 68 19 85 359
283 68 5 68 607 158 68 397 68 397 68 569 68 189 68 189
189 68 5 68 189 68 189 68 189
607 158 68 607 158 68 607 158 68 64 211 68 517
607 158 68 607 68 189 68 189 68 189 68 189 68 189 68 64 211 108
503 189
261 86
85 359
607 158 68 158 68 158 108 68 158 108
503 189 68 5 68 5 189
64 211 108 68 550 501 68 19 85 68 19 85 68 19 85 68 19 85 68 397 68 430 149
370 68 5 68 5 68 397 68 397 68 19 85
283 68 158 108 68 158 108 68 5 68 64 211 108
607 158 359
5 68 5 68 211
370 68 5 68 5 68 5 68 5 68 5 189
283 68 19 85 359
370 68 5 68 5 68 397 68 397 68 397 68 397 68 397 68 397 68 397
64 211 108 68 5 68 189 68 189 68 189 68 569 68 189 68 189 68 189 108
283 68 607 158 68 607 158 68 397 68 397
189 241 359
607 158 68 5
64 211 108 68 550 501 68 64 211 149
527 68 189 68 189
189
261 86
85 359 389 158 108
283 68 5 68 370 68 5 68 397 68 397 68 397
283 68 5 68 189 68 397 68 397 68 397
607 158 68 607 158 68 189 68 397 68 397
283 68 158 108 68 397 68 397 68 397 68 397 68 397 68 85 359
85 359 68 85 359
359 389 158 359
430 359
283 68 607 158 68 569 68 569 68 569 68 19 85 359 68 85 359
85 359
5 68 397 68 397
359 389 85 359
85 359 389 158 85
261 86 68 5 68 397 68 397 68 397 68 397
607 158 68 607 158 68 607 158 68 607 158 68 19 85
503 189
370 68 607 158 68 158 68 397 68 339
370 68 5 68 5 68 5 68 397 68 397 68 19 85 359
370 68 5 68 5 68 189 68 189 68 189 68 569 68 189 68 189 68 189 68 189 68 189 68 189 68 189 68 189 211 108 68 189 68 189 211 108 68 5 189 68 397 68 397 68 607 158 108 68 397 68 397 68 64 211 108 68 569 68 569 68 189 68 189 68 189 68 189 68 569 68 569 68 397 68 397 68 397 68 397 68 189 241 68 189 211 108 68 569 68 19 85 359 389 158 108 68 607
607 158 68 607 158 68 607 158 68 19 85 68 19 85 68 19 85 68 397 68 85 68 85 68 397 68 19 85 68 19 85 68 397 68 19 85 68 397 68 397 68 397 68 397 68 397 68 19 85 68 19 85 68 19 85 68 19 85 68 19 85 68 397 68 397 68 85 359 68 19 85 68 19 85 359 68 397 68 397 68 19 85 68 19 85 68 19 85 68 19 85 68 19 85 359 68 19 85
64 211 108
607 158 68 527 68 607 158 68 64 211 108 68 64 211 108
85 359 389 158 108
389 85 359 68 211 108 68 241 149
503 189 68 5 68 569 68 569 68 19 85 359 68 19 85
261 86 85
64 211 108 68 397 68 397 68 85 359
503 189
149
189 68 5 68 607 158 68 397 68 397
607 158 68 607 158 68 397 68 397 68 397 68 397 68 397 68 397 68 397 68 397
261 86 68 5 68 5 68 397 68 397 68 397 68 397 68 397 68 397 68 397 68 5 189
607 158 68 607 158 68 607 158 68 607 158
189 68 189 68 189 68 189 68 189 68 189 68 189 68 189
607 158 149
397
607 158 68 607 158 68 607 158 68 607 158 68 19 85 68 19 85 359 68 189 68 607 158 68 189
64 211 108
283
389 85 359 68 211 108 68 241 149
85 68 5 68 124
370 68 5 68 5 68 5 68 5 68 64 211 108 68 64 211 108
261 86 68 5 68 5 189
261 86 68 5
607 158 68 607 158 68 19 85 68 19 85 68 19 85 68 19 85 68 19 85 359 68 85 359 68 158 108 68 240 211 108 68 569 68 19 85 68 19 85 68 19 85 68 19 85 68 19 85 68 19 85 68 19 85 68 19 85 359 68 19 85 359 68 19 85 359 68 85 359 68 19 85 359 68 19 85 359 68 19 85 359 68 19 85 68 19 85 359 68 19 85 359 68 19 85 359 389 339
607 158 68 607 158 68 158 68 339 68 339 68 158
85 211 108
283 68 607 158 68 607 158 68 189 68 19 85 359 68 19 85 359
430 359
607 158 68 607 158 68 607 158 68 19 85 359 68 19 85 359 68 19 85 359
5 189 68 211 108
283 68 158 108 68 158 108 68 85
607 158 211 149
607 158 68 607 158 68 397 68 397 68 397 68 397 68 397 68 397
283 68 158 108 68 158 108 68 397 68 397 68 569
283 68 158 108 68 158 108
189 68 189 68 189 108
607 158 68 5 68 397 68 397 68 397 68 397 68 397 68 397 68 397
261 86 68 5 68 5 68 5 68 397 68 397 68 397 68 397 68 397 68 397
283 68 397 68 397
85 359 68 85 359
189 68 5 68 81 68 5 68 189 68 5 68 5 68 5 68 397 68 397
607 158 68 607 158 68 607 158 68 607 158 68 607 158 68 85
370 68 5 68 5 68 5 68 397 68 397 68 569 68 397 68 397
85 359 359
593 163 68 19 85 68 85 68 85 359 68 85 359
503 189 68 607 158 68 5 68 189 68 189
607 158 68 5 68 607 158 68 607 158 68 607 158 68 64 211 68 517
607 158 68 607 158 68 607 68 607 68 607 158 68 607 158 68 607 158 68 43 158 68 607 158 68 607 158 68 189 68 189 68 189 68 5 68 5 189 68 5 68 607 158 68 607 158 68 607 158 68 607 158 68 607 158 68 607 158 68 64 211 68 607 158 68 607 158 68 607 158 68 64 211 68 397 68 397 68 607 158 108 68 5 68 5 68 189 68 607 158 68 19 85 68 607 158 108 68
283 68 5 68 5 68 5 68 397 68 397 68 397 68 397 68 397
283 68 5 68 397
283 68 607 158 68 607 158 68 569 68 569 68 19 85 359 68 19 85 359 68 158 108 68 158 118
5 68 5 189 68 189
194 149
321 240 68 397 68 397
261 86 68 85 359 68 85 359
5 68 5 68 5 68 5 189
189 550 158 118
593 163 68 189 68 189 68 189
527 68 5 68 5 68 5 68 189 68 189 68 5
85 211 68 550 501 68 189 68 64 211 108 68 64 211 108
607 158 68 550 158 68 189 68 189 68 397 68 397 68 397
607 158 68 550 501 68 189 68 189 68 189 68 19 85 359 68 189 68 189 108
593 163 68 19 85 68 158 108 68 19 85 68 19 85 68 19 85 68 19 85
389 158 108
527 68 158 108 68 158 108 68 64 211 108
607 158 68 607 158 68 158 68 19 85 359 68 19 85 68 19 85 359
189 68 5 189 68 5
189
211 68 607 158 68 607 158 68 189 68 85 359 68 85
19 85 359 68 397 68 397
397 68 19 85
64 211 108 68 158 108 68 19 85 68 19 85
365 430 299
283 68 158 108 68 158 108 68 189 68 430
85
19 85 68 19 85 68 397
607 158 68 607 158 68 607 158 68 550 158 68 430 68 430 68 430
527
283 68 607 158 68 607 158 68 189 68 189 68 189 68 189
85 359 68 85 359 68 85 359
607 158 68 527 68 189 68 189 68 189 68 189 68 64 211
85 359 68 397 68 397
261 86 68 5 68 5
283 68 5 68 64 211 108
189 68 211 389 158 118
189 68 5 189
5 68 5 68 5 189
607 158 68 607 158 68 189 68 85 359 68 19 85 359 68 85 359
430
85 359
283 68 517 68 517 85 359 68 85 359 68 19 85
607 158 68 607 68 607 158 68 607 158 68 607 158 68 607 158 68 607 158 68 607 158 68 607 158 68 5 68 5 68 5 68 5 68 5 68 5 189 68 5 68 5 68 5 68 5 68 607 158 68 64 211 108 68 64 211 108 68 64 211 108 68 5 189 68 397 68 64 211 108 68 64 211 108 68 397 68 5 68 5 189 68 5 68 5 189 68 19 85 68 19 85 68 19 85 389 339 551
261 86 68 211 108
607 158 118
64 211 108
503 189
189 68 5 68 5 189
370 68 5 68 397 68 85
283 68 5 68 189 68 189
240
261 86 68 5 68 5 68 397 68 397 68 397 68 397 68 397 68 397 68 397
189 68 5 68 5 189 68 5
607 158 68 607 158 68 607 158 68 517
85 389 158 108
607 158 68 607 158 68 189 68 189 68 569 68 569
261 86 68 370 68 5 68 397 68 397
189 68 189 68 189 68 189
85 359
5 68 5 68 5
607 158 68 607 158 68 607 158 68 85 359 68 19 85 68 85
189 68 5 68 189 68 189 68 189 68 569 68 569 68 19 85
19 85 359
5 68 5 68 5 68 5
5 68 5 68 5 68 397 68 397 68 397 68 397 68 397 68 397
194 149
370 68 5 68 5 68 5 68 5 68 5 189 68 189 68 189 68 189
607 158 68 607 158 68 607 158 68 397 68 397 68 397 68 397 68 397 68 397
607 158 68 607 158 68 397 68 397 68 397
283 68 5 68 5 189 68 5
607 158 68 607 158 68 189 68 189 68 189 68 85 359
283 68 158 108 68 569 68 569 68 569 68 569 68 19 85 359
283 68 5 68 5 68 5 68 5 68 5 68 5 68 5
607 158 68 607 158 68 189 68 189 68 189 68 397 68 397
283 68 158 108 68 569 68 397 68 397 68 397 68 397
370 68 5 68 5 68 5 68 397
261 86 85
503 189 68 607 158 68 607 158 68 397 68 607 158 68 397 68 397 68 397
397 68 397 68 397 68 397
607 158 68 607 158 68 189 68 189 68 189 68 64 211 108 68 189 68 189 68 189
261 86 68 5 68 5 68 5 68 5 68 5
64 211
85 359
430 199 85
283 68 607 158 68 607 158 68 397 68 569 68 19 85 68 19 85 68 397 68 397 68 85 359
261 86
527 68 5 189 68 5 189
64 211
261 86 68 5 68 5 68 397 68 397 68 397 68 397 68 397 68 397
607 158 68 5 68 189 68 189 68 189 68 64 211 108
607 158 68 607 68 607 158 68 607 158 68 607 158 68 607 158 68 607 158 68 607 158 68 607 158 68 607 158 68 607 158 68 607 158 68 5 68 5 68 5 68 607 158 68 607 158 68 607 158 68 607 158 68 607 158 68 607 158 68 607 158 68 607 158 68 607 158 68 607 158 68 607 158 68 607 158 68 5 68 607 158 68 5 68 5 68 607 158 68 607 158 68 607 158 68 607 158 68
527 68 5 68 81 68 5 68 397 68 397 68 397
261 86 68 370 68 5 68 397 68 397 68 397 68 397 68 397 68 397 68 397 68 397 68 397 68 397 68 397 68 397 68 397 68 397 68 397 68 397 68 397 68 397 68 397 68 397 68 607 158 118 68 397 68 397 68 397 68 397 68 397 68 397 68 397 68 397 68 397 68 397 68 397 68 397 68 397 68 397 68 397 68 397 68 397 68 397 68 397 68 397 68 397 68 397 68 397 68 397
607 158 68 430
64 211 108
283 68 19 85 68 158 108 68 19 85 359 68 19 85 359
593 163 68 5 68 397 68 397 68 397 68 19 85 68 19 85 68 397 68 397 68 85 359 68 19 85 359
85 359
283 68 397 68 397 68 397 68 397 68 397 68 397 68 397
261 86 68 5 68 5 189
370 68 5 68 5 68 5 68 5 189 68 5 189
607 158 68 430
503 189
607 158 359 389 158 118
189 108
189
261 86 68 5 68 5 68 5 68 5 189 68 397 68 397 68 397
607 158 68 607 158 68 607 158 68 397 68 397 68 19 85
359
370 68 5 68 5 68 5 68 5 68 397 68 397 68 397 68 397 68 397 68 397 68 397 68 397
85 359 68 64 211 108 68 64 211 108
85 347 158 68 607 158 68 85
607 158 68 189 68 189 68 189
607 158 68 85 359 68 189 68 189 68 189 68 158 118
593 163 68 19 85 68 189 68 19 85 68 19 85 68 19 85 68 19 85
607 158 108 68 64 211 108
527 68 5 68 607 158 68 189 68 189 68 569 68 19 85 359 68 189 68 397 68 189
85 359
370 68 5 68 5 68 5 68 397 68 397 68 397 68 397 68 397
607 158 68 607 158 68 607 158 68 607 158 68 158 68 158 68 189
261 86 68 607 158 68 397 68 397 68 397 68 397 68 397 68 397 68 397 68 397 68 397
430
64 211 68 64 211 118
189 68 189 68 189 68 189 68 189 211 108
607 158 68 550 501 68 85
51 86 258 149
258 258
607 158 68 527 68 189 68 189 68 189 68 517
607 158 68 81 68 607 158 68 550 158 68 19 85 68 19 85
527 68 5 68 607 158 68 517
283 68 158 108 68 569 68 569 68 569 68 19 85 359
283
607 158 68 550 501 68 189 68 550 158 118
283 68 158 108 68 158 108 68 189 68 569 68 569
607 158 68 607 158 68 189 68 189 68 189 68 158 108
283 68 5 68 5
283 68 5 68 5 68 397 68 397 68 397 68 397 68 397 68 397 68 397
85 347 501 85
240 211 108
283 68 397 68 397
5 68 241 68 19 85
593 163 68 5 68 5 68 397 68 640
85 550 158 108
283 68 158 68 158
527 359 68 158 108 68 189 211 85 359
370 68 5 68 5 68 397 68 85 359
261 86 68 607 158 68 397 68 397 68 397 68 569 68 397 68 397 68 397 68 397
430 199
607 158 68 607 158 68 189 68 189 68 189
397
283 68 5 68 5 68 189 68 5 189
370 68 5 68 5
607 158 68 607 158 68 607 158 68 607 158 68 607 158 68 607 158 68 189 68 85 359
85 359 68 85 359
607 158 68 19 85 359
85 359 68 397 68 397
85 359
85 359 68 85 359
189 211 108
607 158 68 5 68 5 68 397 68 397 68 397 68 397 68 397 68 397
564
149 389 149
607 158 68 607 158 68 607 158 68 397 68 397 68 397 68 397 68 397 68 397 68 397 68 607 158 68 397 68 64 211 108 68 397 68 397 68 397 68 397 68 397 68 397 68 397 68 607 158 68 397 68 64 211 108 68 607 158 68 19 85 68 397 68 397 68 397 68 397 68 397 68 397 68 397 68 397 68 397 68 397 68 397 68 397 68 19 85 359 68 19 85 359 68 19 85 359 389 339
283 68 5 68 607 158 68 397 68 397 68 397 68 397
370 68 5 68 5 68 5 68 397 68 19 85
607 158 68 550 501 68 189 68 189 68 189 68 189 68 189 68 189 211 108
607 158 68 550 501 68 189 68 189 68 189 68 158 108 68 550 501 85 359
283
283 68 5 68 5 68 5 68 5
85 347 501 68 64 211 108
430
607 158 68 607 158 68 607 68 607 158 68 607 158 68 607 158 68 189 68 5
64 211 108
607 158 68 607 158 68 189 68 189 68 19 85
370 68 5 68 5 68 5 68 5 68 5 68 5 68 397 68 397 68 397 68 397 68 607 158 68 5 189 68 5 189 68 5 189 68 5 189 68 5 189 68 5 189 68 5 189 68 5 68 5 68 5 68 5 189 68 5 189 68 5 189 68 5 189 68 397 68 397 68 397 68 397 68 397 68 397 68 397 68 5 189 68 5 189 68 5 189 68 5 189 68 5 189 68 397 68 5 189 550
370 68 5 68 5 68 5 68 397 68 397 68 397 68 397
64 211 68 5 68 5 68 189 68 189
85
321 247 85 359
527 68 189 68 189 68 189 68 189
283 68 189 68 189 68 189 211 85 359
64 211
85 359 389 158 118
397
261 86 68 124 68 397 68 397
607 158 68 5 68 397 68 397 68 397 68 397 68 397 68 397 68 397 68 397 68 397 68 397 68 397 68 397 68 397 68 397 68 397 68 397 68 397 68 397 68 397 68 397 68 397 68 397 68 397 68 397 68 397 68 397 68 397 68 397 68 397 68 397 68 397 68 397 68 397 68 397 68 397 68 397 68 397 68 397 68 397 68 397 68 397 68 397 68 397 68 397 68 397 68 397 68 397
261 86 68 397 68 397
19 85 359 68 550 158 149
527 68 607 158 68 607 158 68 397 68 569 68 569 68 397 68 397 68 397
607 158 68 550 501 68 189 68 189
64 211 68 189
261 86
527 68 189 68 85 359
261 86
240 211
85 359 68 19 85
85 359 389 85
240 68 5 68 397 68 397 68 397 68 19 85 359
283 68 397
189 68 64 211 108
85 359 389 158 108
19 85
261 86 68 5
261 86 68 607 158 68 397 68 397
370 68 5 68 5 68 5 68 5 68 397
283 68 5 68 5 68 189 68 397 68 397 68 397 68 397 68 397
189 68 189 68 189 68 189 68 189 68 569 68 569 68 189 68 189 211 108
261 86 68 5 68 397 68 397 68 397 68 397 68 85 359
85 359 68 64 211 108
564
370 68 5 68 5 68 5 68 5 68 5
607 158 68 81 68 5 68 189 68 189 68 569 68 19 85 68 189 68 189 68 189
211 543 211
189 211 108 68 158 118 68 19 85 359
283 68 5 68 81 68 189 68 64 211 108
607 158 359
19 85 68 19
397 68 158 108 68 158 108
19 85 359
261 86 68 5 68 5 68 5 68 5 68 397
85 359 389 158 108
503 189 68 5 68 5 68 397 68 64 211 108
430 68 550 501 68 397
607 158 68 5 68 5 189 68 397
149
607 158 68 607 68 607 68 189 68 189 68 64 211 108 68 85 68 189 68 189 68 85 359 68 189 68 64 211 108 68 64 211 108 68 64 211 108 68 189 68 189 68 64 211 108 68 64 211 108 68 64 211 108 68 64 211 108 68 64 211 108 68 64 211 108 68 85 359 68 85 68 64 211 108 68 64 211 108 68 64 211 108 68 64 211 108 68 19 85 68 85 68 19 85 68 19 85 359
527 68 5 68 189 68 189 68 189 68 189 68 189
370 68 5 68 5 68 397 68 397 68 397 68 397 68 19 85 359 68 397 68 397 68 397 68 158 118
527 68 189 68 189 68 189 68 189 68 189
607 158 68 550 158 68 189 68 189 68 189
527 68 5 68 5 68 189 68 189 68 19 85 359 68 19 85 359
85 347 158 108
607 158 68 189 68 189 68 85 359 68 85 359
430 299 389 158 118
261 86 68 370 68 5 68 397 68 19 85 359
283
211 68 550 501 68 189
85 359 68 85 359 389 158 118
261 86 68 5 68 5 68 5 68 5 68 5 68 5 68 5
189 68 607 158 68 158 68 158 108 68 339
430
85 359 68 85 359 389 158
607 158 68 5 68 5
430 149
85 359 68 241 359
85 347 158 108 68 5 189
283 68 607 158 68 607 158 68 397 68 397 68 397 68 397
527 68 607 158 68 607 158 68 64 211 108 68 569 68 19 85
389 158 118
527 68 607 158 68 607 158 68 85
149 389 158 149
64 211 68 5 68 5 68 5 68 64 211
527 68 607 158 68 607 158 68 607 158 68 607 158 68 607 158 68 189 68 189 68 607 158 68 607 158 68 189 68 189 68 189 68 5 189 68 5 189 68 5 189 68 607 158 68 607 158 68 607 158 68 550 158 68 607 158 68 607 158 68 64 211 543 211 68 189 68 189 68 64 211 543 211 543 211 543 211 68 64 211 551 68 189 68 550 501 68 189 68 19 85 68 19 85 359 389 158 108
283 68 158 108 68 158 108 68 189 68 64 211 108
85 359 389 85 359
261 86
51 86 68 5 189 149
261 86 68 397 68 397
607 158 68 5 68 5 68 189 68 189 68 397 68 397 68 397 68 397 68 397 68 397 68 189
189 211
283 68 607 158 68 607 158 68 397 68 397
283 68 5 68 5 68 397 68 397 68 397 68 397 68 397 68 397 68 397 68 397 68 397 68 397
397 85 359
607 158 68 607 158 68 607 158 68 189 68 607 158 68 85 68 527 68 43 158 68 607 158 68 607 158 68 64 211 108 68 189 68 5 189 68 5 189 68 5 189 68 607 158 68 607 158 68 607 158 68 64 211 108 68 607 158 68 64 211 108 68 189 68 397 68 85 359 68 397 68 64 211 108 68 397 68 397 68 397 68 397 68 189 68 64 211 108 68 19 85 359 389 158 108 68 607 158
85 359 389 85 359
85 550 158 108 68 211 108
85 359
607 158 68 607 158 68 607 158 68 607 158 68 19 85 68 19 85 68 397 68 397 68 607 158 68 189 68 64 211 108 68 397 68 64 211 108
527 68 158 108 68 158 108
261 86 68 5 68 5 68 189 68 189 68 64 211 108
397 68 64 211 108
283 68 158 108 68 189 68 189 68 569
527 68 158 108 68 158 108 68 569 68 19 85 359 68 85 359 68 85 359
64 211 108 68 64 211 108
85 4 85
283 68 158 108 68 158
261 86 68 607 158 68 607 158 68 339 68 569 68 64 211 108
64 211 108 68 607 158 68 607 158 68 607 158 68 19 85 68 19 85 68 189 68 607 158 68 158 68 189 68 189 68 189 68 19 85 68 19 85 68 19 85 68 607 158 68 607 158 68 607 158 68 19 85 68 19 85 68 19 85 68 19 85 68 19 85 68 19 85 68 19 85 68 19 85 68 19 85 68 19 85 359 68 19 85 68 19 85 68 19 85 68 19 85 68 19 85 359 389 158
607 158 68 550 501 68 397 68 397 68 397 68 397 68 397 68 397 68 397
607 158 68 64 211 108 68 64 211 108
370 68 5 68 5 68 5 68 5 68 5
64 211 108 68 189 68 189 68 189 68 569 68 85 359
607 158 68 550 501 68 5 68 189 68 5 68 397 68 64 211 108
19 85 68 550 501 68 158 108 68 19 85 359
283 68 158 108 68 158 108
283 68 5 68 5 68 397 68 397 68 397
564
527 68 607 158 68 607 158 68 189 68 189 68 569 68 397 68 397 68 397
607 158 68 607 158 68 397 68 397 68 397 68 397 68 397 68 397
261 86 68 5 68 607 158 68 189 68 189 68 189 68 189
503 189 68 5 68 5 68 189 68 189 68 569 68 569 68 189 68 189
359

283 68 5 68 5 68 5 68 5 189 68 5
321 240 68 397 68 397
261 86 68 124
607 158 68 550 158 68 211
189 51 86
607 158 68 607 158 68 158 68 85 359 68 19 85 359 68 19 85 359
607 158 68 5 68 5 68 189 68 189 68 397 68 241 68 241
607 158 68 550 501 68 64 211 108
607 158 68 5 68 5 68 189 68 189 68 189
283 68 607 158 68 607 158 68 19 85 68 19 85 68 19 85
607 158 68 5 68 5 68 397 68 397 68 397 68 397 68 397
503 189 68 158 108 68 158 108 68 64 211 108
430 299
503 189 68 5 68 5 189 68 397 68 397 68 397 68 397 68 397 68 397
503 189 68 5 68 607 68 189 68 189 68 569 68 569
607 158 68 607 158 68 189 68 189 68 19 85 359
607 158 68 5 68 5
607 158 68 607 158 68 607 158 68 339
85 68 189 68 189 68 189
564
85 347 158 68 64 211 108
430 68 607 158 68 607 158 68 517
527 68 189 68 189 68 189 68 85
283 68 5 68 5 68 5 68 397 68 397 68 397
593 163 68 85 359 68 85 359 68 85 359
5 68 397 68 397 68 397
64 211 108 68 550 501 68 397 68 64 211 108 68 19 85 68 19 85
283 68 189 68 189 68 189
527
339 68 85 359 68 85 359
527 68 607 158 68 607 158 68 85
593 163 68 189 68 189 68 189 68 189 68 19 85
339
370 68 5 68 5 68 397 68 397 68 397 68 397 68 397 68 397 68 397
85 4 258 85
607 158 68 85 359 68 85 359 68 85 359
85 359
189 68 158 108 68 607 158 68 19 85 68 19 85 68 19 85 68 19 85 359
339 551
430
389 158 68 607 158 68 607 158 68 189 68 189 68 19 85
64 211 68 64 211
85 359 68 85 359
283 68 158 108 68 569 68 397 68 397 68 397 68 397
261 86 68 124
527 68 607 158 68 607 158 68 189 68 430 199
607 158 68 607 158 68 64 211 68 64 211
261 86 85
64 211 68 189 68 189
19 85 359 68 19 85
607 158 68 607 158 68 189 68 189 68 189 68 189
607 158 68 607 158 68 189 68 397 68 397 68 569 68 397
389 158 108
261 86 68 124
189 211 108
503 189
397 68 397 68 158 108
189 550 158 68 397 68 397
64 211 108 68 211 108 68 64 211 108 68 85 359
189 68 5 68 5 189 68 64 211
607 158 68 607 158 68 607 158 68 607 158 68 607 158 68 64 211 108
607 158 68 607 158 68 607 158 68 607 158 68 607 158 68 607 158 68 189 68 607 158 68 607 158 68 189 68 189 68 189 68 189 68 5 189 68 5 189 68 5 189 68 607 158 68 607 158 68 607 158 68 64 211 108 68 607 158 68 5 68 607 158 108 68 607 158 68 607 158 68 19 85 68 397 68 397 68 5 189 68 607 158 108 68 189 68 607 158 68 607 158 108 68 607 158 108 68
527 68 607 158 68 607 158 68 189 68 569 68 569 68 19 85 359 68 189 68 189 68 189 68 189 68 189 211 108
370 68 5 68 5 68 5 189 68 5 189
261 86 68 5 68 5 68 397 68 397 68 397
85 359
370 68 5 68 5 68 397 68 19 85 359 68 19 85 359
564
527 68 607 158 68 607 158 68 607 158 68 19 85 68 19 85 68 189 68 397 68 607 158 68 158 68 189 68 189 68 569 68 569 68 19 85 359 68 569 68 397 68 607 158 108 68 607 158 108 68 19 85 68 19 85 359 68 19 85 68 19 85 359 68 19 85 359 68 19 85 359 68 19 85 359 68 19 85 359 68 19 85 359 68 19 85 359 68 19 85 68 19 85 359 389 85 359 389
85 64 211
