261 86 68 124
607 158 68 81 68 189 68 189 68 64 211 108 68 189 68 5 189
569 68 85 359 68 397 68 397 68 397 68 397 68 397 68 397 68 43 158 68 43 158 108
607 158 68 19 85 68 19 85
283 68 607 158 68 81 68 189 68 550 501 68 397 68 397 68 550 501
389 158 108
283
365 430
550 155
85 550 158 68 430
64 211 108 68 569 68 19 85 68 85 68 19 85 68 19 85 68 19 85 359
389 149
607 68 5 68 81 68 430 149
85 359 389 85 359
607 158 68 550 501 68 430 85
283 68 607 158 68 569 68 569 68 85 359
503 189
617 68 617
359
85 347 158 108
19 85 359 68 19 85 359
64 211 68 158 108 68 607 158 68 397 68 397 68 397
283 68 607 158 68 81 68 569 68 569 68 569 68 569 68 397 68 397 68 569 68 85
64 211 68 607 158 68 81 68 189 68 397 68 189 68 241
503 189 68 503 158
283 68 607 158 68 81 68 189 68 640 68 640 68 640 68 640
283 68 158 108 68 569 68 607 158 68 397
64 211 108 68 607 158 68 569 68 397 68 569 68 397 68 397
64 211 68 607 158 68 5 68 5 68 397 68 189 68 397 68 607 158 68 5 189 68 189 68 241 68 517
64 211 108
283 68 158 108 68 569 68 569 68 397 68 569 68 397
607 158 68 81 68 189 68 189 68 189 68 189 68 189 68 241
261 86 68 245 449 68 5 68 5 68 64 211 108 68 617 149
370 68 5 68 81 68 189 68 189 68 5 189
503 158 108
339 551 68 550 158 108
276 85 68 397 68 569 68 397 68 397 68 569 68 397 68 397 68 397
503 189 68 607 158 68 503 158 68 339 68 607 158 68 339
64 211 108 68 189 68 189 68 241 68 241 68 241 68 241 68 241 68 241
503 158
651 123
503 158 108
283 68 607 158 68 550 501 68 189 68 64 211 108 68 189 68 64 211 108
607 158 68 5 68 607 158 68 5 68 397 68 5 189 68 397 68 5 189 68 5 68 241 68 241 68 241 68 241 68 241 68 241 68 5 68 5 68 241 68 5 189 68 5 189 68 241 68 241 68 241 68 241 68 241 68 241 68 241 68 607 158 68 607 158 68 241 68 240 211 68 607 158 68 189 68 607 158 68 607 158 68 607 158 68 607 158 68 607 158 68 607 158 68 607 158 68 607
607 158 68 607 158 68 607 158 68 517
607 158 68 81 68 189 68 189 68 640
43 158 68 397
607 158 68 70 158
527 68 607 158 68 430
607 158 68 550 501 68 607 158 68 64 211 108 68 241 68 241 68 241 68 241 68 241 68 241 68 241 68 241 68 241 68 241 68 241 68 64 211 108
607 158 68 550 501 68 607 158 68 43 158 68 617
607 158 68 81 68 189 68 430 68 430 68 430 68 430 68 430 68 430 68 64 211 108
607 158 68 5 68 189 68 189 68 189 68 189 68 189 68 241 68 607 158 108
85 643 85
283 68 158 108 68 569 68 569 68 569 68 569 68 569 68 19 85 359
339 551 68 158 108 68 397
607 158 68 550 158 68 189 68 241 68 241 68 189
607 158 68 550 501 68 607 158 68 397 68 397 68 397 68 397 68 550 501 85 359
593 163
607 68 370 68 550 501 68 397 68 397 68 397 68 397 68 397 68 397 68 397 68 397 68 397 68 397 68 397 68 397 68 397 68 241 68 43 158 68 43 158 68 43 158 68 189 68 397 68 397 68 397 68 43 158 68 397 68 397 68 397 68 43 158 68 397 68 397 68 43 158 68 397 68 397 68 189 68 607 158 68 397 68 397 68 397 68 397 68 397 68 397 68 397 68 607 479 68 607
651 123 68 430 68 430
607 158 68 550 501 68 607 158 68 397 68 397 68 397 68 397 68 5 68 5 189 68 241 68 241 68 241 68 241 68 241 68 241 68 241 68 5 68 5 68 241 68 241 68 241 68 241 68 241 68 241 68 241 68 241 68 241 68 241 68 43 158 68 241 68 241 68 241 68 241 68 241 68 189 68 189 68 607 158 68 607 158 68 607 158 68 607 158 68 607 158 68 607 158 68 607 158 68
406 155 108
85 550 158 108
261 86 68 370 68 5 68 607 158 68 397 68 397 68 397 68 550 501
430
64 211
339 68 607 158 68 517 68 158 108
569 68 19 85 68 569 68 85 359 68 640 68 569
527 68 607 158 68 81 68 189 68 189 68 189 68 189 68 430 68 64 211 108
261 86 68 124 68 607 158 68 43 158 68 640 68 189 68 640
607 158 68 81 68 569 68 569 68 397 68 569 68 569 68 397 68 397 68 397
607 158 68 81 68 189 68 397 68 397 68 397 68 397 68 397 68 397 68 5 189 68 241 68 241 68 517
261 86 68 124
607 158 68 550 501 68 211 359
607 158 68 550 501 68 64 211 108
370 68 607 68 550 501 68 607 158 68 397
607 158 68 81 68 189 68 189 68 158 108 68 189 68 189
339 68 158 108 68 5
288 68 397 68 397 68 397
261 86 68 124
607 158 68 19 85 68 569 68 397 68 569 68 569 68 397 68 397
339 551 68 397
370 68 5 68 81 68 430 149 68 430 149 68 430 149
370 68 5 68 81 68 189 68 189 68 189 68 189 68 189 68 19 85
503 158 108
569 68 550 501 68 189 68 189 68 211 108 68 189 68 189 68 211 108 68 189 68 241 68 240
64 211 68 550 158 68 550 158 68 64 211 68 64 211
607 158 68 550 158 68 517
5 68 5 68 397 68 397 68 5 189 68 397 68 397
389 158 118
276 85 68 158 108 68 5 189
64 211 108 68 5 189
607 158 68 81 68 64 211 108 68 640 68 640
370 68 19 85 68 19 85 68 19 85 68 19 85 68 19 85 68 19 85
617 149
607 155
607 158 68 81 68 189 68 189 68 241 68 241 68 241 68 241
607 158 68 5 68 607 68 5 68 397 68 397 68 397
607 158 68 550 158 68 397 68 397 68 397 68 397 68 397 68 397
283 68 158 108 68 569 68 569 68 19 85 68 19 85 68 19 85
370 68 5 68 397 68 397 68 5 68 397 68 397 68 397 68 397 68 397
253
569 68 19 85 68 397 68 569 68 397 68 569 68 397
261 86 68 370 68 5 68 370 68 5 68 19 85 68 397 68 397 68 19 85
503 189 68 158
64 211 68 5
283 68 158 108 68 569 68 569 68 569 68 19 85 359
607 158 68 527 68 5 189 68 189 68 241 68 189
64
538 158
283
617
261 86 85
85 347 501 85 359
607 158 68 81 68 607 158 68 607 158 68 5 68 5 68 607 158 68 5 189
607 158 68 550 501 68 397 68 397 68 397 68 397 68 397 68 397 68 397 68 241 68 397
43 158 68 527 68 607 158 68 430 68 430
430 199 359
261 86 68 158 108
607 158 68 550 501 68 189 68 241 68 189
64 211 108 68 607 158 68 397 68 397 68 569
339 551 68 136 479
607 158 68 5 68 189 68 607 158 68 550 501 68 397 68 607 158 68 607 158 68 607 158 68 607 158 68 607 158 68 607 158 68 607 158 68 607 158 68 607 158 68 607 158 68 607 158 68 607 158 68 607 158 68 607 158 68 607 158 68 607 158 68 607 158 68 607 158 68 607 158 68 607 158 68 607 158 68 607 158 68 607 158 68 607 158 68 607 158 68 607 158 68 607 158 68 607 158
261 86 68 158 108 68 607 158 68 397 68 397 68 397 68 397 68 397 68 397 68 397 68 397 68 397 68 397 68 397 68 397 68 397 68 43 158 68 43 158 68 43 158 68 397 68 397 68 397 68 397 68 397 68 397 68 397 68 397 68 43 158 68 397 68 397 68 397 68 397 68 397 68 397 68 397 68 607 158 68 569 68 397 68 397 68 397 68 397 68 397 68 397 68 607 158 68 397
283 68 607 158 68 370 68 5 68 397 68 397 68 397 68 397 68 397 68 397 68 397 68 397 68 397 68 397 68 397 68 241 359
85 359
538 430 85 359
64 211
283 68 430 68 430 199
283 68 158 108 68 569 68 569 68 85 359 68 569 68 569
261 86 68 245 449 68 5 68 189 68 640
569 68 85 359 68 189 68 5 189 68 189 68 189
607 479 68 241 359
607 158 68 527 68 607 158 68 397 68 397 68 397
283 68 607 158 68 245 449
607 158 68 81 68 189 68 189 68 607 158 68 5 189 68 397 68 607 158 68 5 68 5 68 241 68 517
607 158 68 189
569 68 397 68 189 68 569 68 397 68 397 68 397 68 397 68 397 68 397
283 68 607 158 68 569 68 85 68 569 68 569 68 85 359 68 19 85
370 68 607 158 68 550 501 68 397
607 158 68 81 68 81 68 189 68 64 211 68 640
64 211 108
331 149
527 68 607 158 68 527 68 397 68 397 68 397 68 397 68 397
607 479 68 397 68 569 68 397 68 569 68 569 68 397
64 211
430
607 158 68 550 501 68 211 108 68 211 68 211 108
607 158 68 81 68 189 68 19 85 359 68 19 85 359 68 19 85 68 19 85 359
43 158 68 85 359 68 569 68 397
569 68 19 85 68 19 85 68 569 68 19 85 68 569 68 430 68 430 68 43 158 108
607 158 68 81 68 430 68 430 68 430
359
370 68 5 68 550 501 68 331 149
430
261 86 68 124
64 211
85 359 68 158 108
64 211 108 68 430 199 68 64 211 108
85 550 158 108
607 158 68 550 501 68 397 68 397 68 189 68 189 68 189 68 397
607 158 68 81 68 158 68 158 108 68 43 158 68 85
261 86 68 550 501
64 389 85 359
538 86
64 211 149 68 617 149
438 359
607 479 68 397 68 397 68 397 68 397 68 397 68 397 68 397
261 86 68 158 108 68 607 158 68 607 158 68 189 68 153 189 68 64 211 108
503 189
503 189 68 5 68 189 68 5 68 5 189 68 189
339 551
607 158 68 503 158 68 430 68 430 68 430 108
607 158 68 85 359 68 569 68 85 359 68 85 359 68 569 68 85 359
43 158 68 527 68 607 158 68 430 68 430
607 158 68 81 68 189 68 430 68 430 68 430 68 430 68 430 108
276 85 68 158 108 68 189
607 158 68 124 68 189 68 241 68 241 68 241
283
430
501 68 607 158 68 81 68 64 211 108 68 64 211 108
446 299
607 158 68 430 68 430 199 108
430 199 68 430 149
527 68 607 158 68 527 68 397 68 569 68 569 68 397 68 397 68 43 158
261 86 68 124
607 158 68 527 359 68 5 68 85 359 68 569 68 241 68 430
261 86 68 370 68 5 68 397 68 397 68 397 68 397
501 85 359 68 569 108
370 68 5 68 81 68 189 68 189 68 189 68 189
5
283 68 607 158 68 550 501 68 19 85 68 19 85
339 551
607 158 68 81 68 189 68 5 189
339 551 68 397 68 397
527 68 607 158 68 81 68 189 68 64 211 108
607 158 68 5 68 527 68 5 68 397
503 189
43 158 68 85 359 68 85 359
569 68 81 68 189 68 189 68 430 68 189 68 189
283 68 5 68 640
607 158 68 550 501 68 607 158 68 397 68 397 68 397 68 397 68 607 158 68 607 158 68 397 68 397 68 397 68 607 158 68 607 158 68 43 158 68 607 158 68 607 158 68 607 158 68 607 158 68 397 68 43 158 68 397 68 397 68 607 158 68 607 158 68 607 158 68 240 211 68 607 158 68 607 158 68 607 158 68 607 158 68 607 158 68 607 158 68 607 158 68 607 479 68 607 479 68
5 189 68 189 68 189 68 241 68 5 189 68 640 68 241 68 241 68 241
211 543 211
569 68 550 501 68 397
406 158 108 68 5 189 68 430
288 68 19 85 68 85
339 551
607 158 68 19 85 68 158 108 68 569 68 569 68 569 68 19 85
611 51 86
85 359
527 68 5 68 550 501 68 430 68 430 68 430 68 430
85 359
85 247 199
189
430
503 158
607 158 68 81 68 19 85 68 397 68 397 68 569 68 397 68 397 68 19 85 359
593 163 68 85 68 85
43 158 68 241
283 68 607 158 68 81 68 189 68 241
211
503 189 108
607 158 68 5 68 189 68 5 189 68 5 189
261 86
538 158
438 359
607 158 68 81 68 189 68 189 68 5 189 68 189 68 189 68 640
261 86 68 550 501 68 64 211 108
607 158 68 550 501 68 189 68 64 211 108 68 189 68 64 211 108 68 64 211 108
288 68 288
550 86
607 158 68 81 68 158 68 5 189 68 405 108
527 68 430 199 85
569 68 85 359 68 569 68 85 359 68 569 68 569 68 569 68 430
261 86 68 245 449 68 189 68 5 68 397 68 397 68 397
538 158 108 68 5
607 158 68 550 501 68 397 68 43 158 68 43 158 68 430 68 43 158 68 43 158 68 85
85 359
370 68 5 68 81 68 189 68 241 68 5 189 68 241 68 430 68 241 68 5 189
397 68 64 211 68 430
607 158 68 81 68 189 68 430
617
527 68 607 158 68 527 68 607 158 68 397 68 430 68 430 68 430 68 397 68 241 68 430 68 430 68 430 68 430 68 241 68 241 68 43 158 68 43 158 68 43 158 118 68 43 158 118 68 397 68 43 158 68 43 158 68 43 158 68 43 158 68 43 158 68 43 158 68 43 158 68 43 158 68 189 68 85 68 19 85 68 569 68 397 68 43 158 118 68 397 68 397 68 43 158 68 607 158
5 189 68 430 149
261 86 68 607 158 68 607 158 68 397 68 397 68 397 68 397 68 397 68 607 158 68 607 158 68 85
607 158 68 550 501 68 607 158 68 550 501 68 607 158 68 607 158 68 607 158 68 607 158 68 607 158 68 607 158 68 607 158 68 607 158 68 607 158 68 607 158 68 607 158 68 607 158 68 607 68 607 68 607 68 607 68 607 158 68 550 501 68 607 158 68 607 68 607 68 607 158 68 550 501 68 607 158 68 607 158 68 607 158 68 607 158 68 607 158 68 607 158 68 607 158 68 607 158
607 158 68 19 85 359 68 430 359
607 158 68 81 68 189 68 189 68 170 108
339 551 68 5
607 479 68 81 68 189 68 5 189
64 211 68 550 158
85 347 158 118
211 194 149
276 85
283 68 607 158 68 397 68 397 68 397 68 397 68 397 68 397 68 397 68 241 359
550 339
339 551 68 339
85 347 158 118
370 68 5 68 550 501 68 397 68 397 68 397 68 397 68 397 68 397 68 397 68 397 68 397 68 397 68 397 68 397 68 189 68 397 68 43 158 68 5 68 397 68 397 68 397 68 397 68 397 68 397 68 397 68 397 68 397 68 397 68 397 68 397 68 5 68 397 68 397 68 397 68 397 68 189 68 607 158 68 607 158 68 607 158 68 607 158 68 607 339 68 397 68 607 158 68 370 68
240 359
607 158 68 550 501 68 241 359
430 149 68 430 149
370 68 5 68 81 68 189 68 189 68 189 68 189 68 430
607 158 68 81 68 189 68 158 108 68 640
19 85 359 68 397
261 86 68 245 449
593 163 68 617 68 189
276 85
370 68 550 501 68 550 501 68 397 68 397 68 397 68 397 68 397
397 68 397 68 397
503 158 108
569 68 85 359
430 85 359
607 158 68 577 68 430 85 359
607 158 68 124 68 503 158 108 68 569 68 85 359 68 430 68 430 68 430 85 359
283 551 68 19 85 359
438 359
527 68 607 158 68 81 68 430 199 68 430
569 68 19 85 359 68 569 68 430 68 397 68 397
149 389 149
607 68 5 68 517
365 359
607 158 68 550 501 68 397 68 397 68 397 68 397 68 397 68 550 501
607 158 68 550 501 68 607 158 68 607 158 68 189 68 189 68 397 68 607 158 68 607 158 68 189 68 241 68 607 158 68 189 68 241 68 43 158 68 189 68 607 158 68 189 68 189 68 397 68 397 68 397 68 43 158 68 397 68 397 68 43 158 68 607 158 68 607 68 43 158 68 607 158 68 189 68 607 158 68 607 158 68 607 158 68 607 158 68 607 158 68 607 158 68 607 158 68 607
569 68 527 68 189 68 5 189 68 397 68 397 68 397 68 397 68 241 68 241 68 241 68 85
593 163 68 550 501 68 430 68 241 68 241 68 430
607 158 189
406 487
339 68 5 68 189 68 430 199 68 64 211 108
261 86 68 245 449 68 5 189 68 5 189 68 5 189
607 158 68 5 68 189 68 189 68 5 189 68 189
430
389 359 389 359
283 68 5 189 68 85 359
607 158 68 339
607 158 68 550 501 68 189 68 189 68 64 211 108 68 189 68 211 108 68 64 211 108
261 86 68 124
617
64 211 108
501 85 359 68 569 68 85 359
607 158 68 81 68 189 68 189 68 5 68 397 68 397 68 397 68 43 158 68 5 68 517
283 68 158 118 68 430
288 68 397 68 81 68 189 68 397 68 189 68 189 68 397 68 397
607 158 68 5 68 5 189 68 5 189
569 68 158 108 68 189 68 5 189 68 64 211 108
607 158 68 81 68 607 158 68 5 189 68 5 189 68 430 68 5 189 68 5 189
241 359
370 68 5 68 81 68 189 68 189 68 241 68 189 68 241 68 241 68 241
607 158 68 81 68 5 189 68 85 359
261 86 68 5 189
276 85 68 158 108 68 189
283 68 158 108 68 569 68 430 68 430 68 430 68 430 199 68 430 68 430 199
339 551 68 158 108
124
211 108 68 550 501 68 211 85
651 123
503 158 108
85 389 85 359
607 158 68 607 158 68 64 211 108
245 258 149
211 85 359
607 158 68 569 68 569 68 397 68 397
283 68 607 158 68 370 68 397 68 397 68 397
607 158 68 550 158 68 64 211 108
283 68 158 118 68 397 68 397 68 397
607 158 68 577 68 569 68 85 359 68 85 359
607 158 68 81 68 189 68 241 68 241 68 241
339
64 211 108
64 211
397 68 430 199 68 430
607 158 68 85 68 158 108 68 153 189 68 153 189
538 158 68 64 211
397 68 550 158
43 158 68 550 501
406 158 108
607 158 68 550 501 68 607 158 68 85 68 19 85
607 158 68 81 68 189 68 189 68 189 68 189 68 189 68 189
527 68 607 158 68 64 211 108 68 430 68 430 68 430 68 430 68 64 211 108
527 68 5 68 85
43 158 68 19 85 359
276 85 68 158 108 68 189
607 155 68 85 359
85 503 189
261 86 68 124 68 607 158 68 397 68 397 68 397 68 397 68 397
162
261 86 68 5 189
397 68 189 68 607 158 68 397 68 241 68 397
64 211
607 158 68 550 501 68 241 68 241
607 158 68 81 68 189 68 430 149
283 68 607 158 68 81 68 5 189 68 189 68 189 68 5 189
64 211
290 85
64 211 108 68 607 158 68 158 68 158 108 68 19 85 68 19 85
261 86 68 370 68 5 68 5 68 5 189 68 19 85
261 86 68 124 68 550 501 68 607 158 68 607 158 68 607 158 68 607 158 68 607 158
211 108 68 550 501 68 189
607 158 68 550 501 68 211 222
347 501
607 158 68 81 68 158 68 5 68 430
527 68 607 158 68 550 501 68 397 68 397 68 189 68 397 68 397 68 241 68 241 68 241 68 241 68 241 68 241 68 241 68 241 68 241 68 241 68 241 68 241 68 189 68 189 68 189 68 241 68 241 68 241 68 241 68 241 68 241 68 241 68 607 158 118 68 241 68 241 68 241 68 241 68 189 68 607 158 108 68 607 158 118 68 607 158 118 68 607 158 118 68 607 158 68 607 158 118
43 158 68 397 68 397 68 430 149
64 211 108 68 189 68 189 68 241 68 241 68 189 68 430 68 430
370 68 5 68 81 68 189 68 189 68 189 68 189 68 397 68 397 68 397 68 5 189 68 189 68 241 68 241 68 189 68 189 68 241 68 43 158 68 241 68 189 68 189 68 189 68 189 68 397 68 397 68 43 158 68 241 68 241 68 43 158 68 43 158 68 241 68 43 158 68 43 158 68 189 68 189 68 189 68 189 68 569 68 397 68 43 158 118 68 397 68 397 68 43 158 68 607 158
211 68 5 189
261 86 68 607 158 68 607 158 68 397 68 189 68 189 68 397 68 43 158 68 607 158 68 189
503 189 68 85 359
503 189 359
550 339
607 158 68 81 68 569 68 397 68 397 68 397 68 397
64 211 108
569 68 19 85 68 569 68 397 68 5 189 68 569 68 397
607 158 68 81 68 189 68 189 68 241 68 241
527 68 607 158 68 81 68 430
261 86 68 158 108 68 607 158 68 607 158 68 189 68 607 158 68 607 158 68 607 158
607 158 68 81 68 158 68 158 108 68 43 158 68 85
64 211 108 68 607 158 68 158 68 158 108 68 19 85 68 19 85
283 68 158 108 68 607 158 68 569 68 85 359 68 640 68 640
607 158 68 397 68 397 68 397 68 397
5 189 68 397
370 68 5 68 19 85 68 19 85 68 19 85 359 68 19 85
85 359
607 158 68 503 158 68 569 68 85 359 68 397 68 397 68 397 68 397
503 189
607 158 68 550 158 68 607 158 68 5 189 68 64 211 108
607 158 68 550 501 68 569 68 85 359 68 569 68 569 68 19 85
607 158 68 569 68 397 68 397 68 397 68 397
283 68 158 108 68 569 68 569 68 397 68 569 68 397
607 158 68 81 68 189 68 189 68 189 68 189 68 189 68 189 68 241 68 241 68 241 68 241 68 241 68 517
550 155
85 240 643 85
370 68 5 68 283 68 397 68 397
569 68 430 199 108 68 430 68 430 199
527 68 607 158 68 189 68 158 108
607 158 68 5 68 189 68 189 68 5 189 68 189 68 241 68 241 68 241 68 241 68 241 68 241 68 241 68 241 68 241 68 241 68 241 68 241 68 241 68 241 68 241 68 189 68 241 68 241 68 241 68 241 68 241 68 241 68 241 68 241 68 241 68 241 68 241 68 241 68 241 68 241 68 189 68 189 68 607 158 108 68 517 85 359 68 607 158 118 68 607 158 118 68 607 158 118 68
64 211 108 68 550 158 108
607 158 68 5 68 158 68 5 189 68 397
283 68 607 158 68 607 158 68 607 158 68 189 68 189 68 397 68 607 158 68 607 158 68 189 68 43 158 68 189 68 189 68 43 158 68 43 158 68 43 158 68 43 158 68 189 68 189 68 189 68 43 158 68 43 158 68 43 158 68 43 158 68 43 158 68 43 158 68 43 158 68 189 68 189 68 283 68 283 68 283 68 283 68 283 68 283 68 283 68 283 68 283 68 261 86 68 607 158
85 550 158 118
64 211
321 240
5 108
370 68 5 68 81 68 189 68 241 68 241 68 241 68 241
261 86
607 158 68 550 501 68 397 68 241 68 241
85 550 158 108
370 68 5 68 81 68 397 68 5 68 397 68 397 68 397 68 397 68 397
569 68 158
241 149
527 68 607 158 68 527 68 5 189 68 241
283 68 158 108 68 607 158 68 569 68 136 479
607 158 68 189 68 189 68 517
370 68 5 68 397 68 397 68 397 68 397 68 569 68 397 68 397 68 397 68 397 68 397 68 569 68 569 68 397 68 397 68 397 68 569 68 569 68 569 68 569 68 569 68 569 68 397 68 397 68 397 68 397 68 397 68 397 68 397 68 397 68 397 68 397 68 397 68 569 68 569 68 397 68 569 68 569 68 569 68 569 68 569 68 397 68 569 68 397 68 397 68 397 68 397 68 397 68
607 158 68 5 68 607 158 68 5 189 68 189
503 158
64 389 85 359
189
527 68 5 68 81 68 189 68 189 68 640 68 189
261 86 68 158 108 68 607 158 68 607 158 68 607 158 68 607 158 68 607 158 68 607 158 68 607 158 68 607 158 68 607 158 68 607 158 68 607 158 68 607 158 68 607 158 68 607 158 68 607 479 68 607 158 68 607 479 68 607 158 68 607 158 68 607 158 68 607 158 68 607 479 68 607 158 68 261 86 68 261 86 68 261 86 68 607 158 68 261 86 68 261 86 68 261 86 68 261 86
397 359
607 158 68 5 68 5 68 5
64 211 149
211
339 551 68 430 149
569 68 517 68 517 68 189 68 85
261 86 108
370 68 5 68 370 68 370 68 5 68 397 68 397 68 397
85 359
607 158 68 19 85 359
607 158 68 81 68 158 108 68 5 189 68 430
261 86
607 158 68 569 68 397 68 569 68 397 68 397
43 158 68 81 68 189
170
430 359
607 158 68 81 68 5 68 5 68 64 211 108
276 85
19 85
607 158 68 81 68 81 68 189 68 430 68 19 85 68 430 68 430
438 359
569 68 85 359 68 569 68 569 68 446 68 569 68 397 68 397 68 397
283 68 607 158 68 397 68 569 68 640 68 640 68 640
261 86 68 124 68 607 158 68 81 68 64 211 108 68 430 68 64 211 108 68 5 68 640 68 517
64 211 108 68 569 68 19 85 68 19 85 68 19 85 68 430 68 19 85
64 211 108 68 397 68 397 68 397 68 397 68 397
569 68 85 359 68 64 211 108 68 153 189 68 85
607 158 68 81 68 189 68 189 68 189 68 189 68 189 68 397 68 189 68 5 189 68 189 68 517
370 68 5 68 397 68 569 68 569 68 569 68 569 68 397
607 158 68 397 68 397 68 397 68 397 68 397 68 397 68 397 68 241
607 158 68 81 68 189 68 158 108 68 5 189 68 640 68 640 68 5 189
5 189 108
276 85 68 189 68 19 85 68 5 68 569 68 569 68 85 359
347 158 359 68 397 68 397
283 68 158 108 68 569 68 569 68 85 359 68 569 68 19 85
607 158 68 370 68 5 68 5 68 397 68 397 68 397 68 397
397 68 397 68 397
51 86
607 158 68 5 68 339 68 339 68 339
261 86 68 245 449
43 158 68 5 189
370 68 5 68 81 68 149
406 155
43 158 68 517 108
550 155 68 550 155
365 430
607 158 68 81 68 189 68 189 68 430 359
430 199
607 158 68 607 158 68 607 158 68 397 68 136 479
607 158 68 81 68 430 68 430 199 68 64 211 108
64 211 108 68 607 158 68 158 68 19 85
617
211
430
607 158 68 5 68 5 68 189 68 397 68 189 68 397
607 158 68 5 68 170 108 68 5 189 68 64 211 108
288 68 550 501 68 189 68 5
19 85 68 85 359 211 108
64 211 68 158 108 68 397 68 397 68 397
261 86 68 158 108 68 607 158 68 607 158 68 189 68 607 158 68 158 68 158 68 158 68 240
321 86
607 158 68 527 68 607 158 68 397 68 397 68 397 68 397 68 397 68 607 158 68 430
607 158 68 81 68 550 501 68 607 158 68 397
5 189
607 158 68 430 68 430 199 68 430 199
607 479 68 19 85 359 68 19 85 68 19 85 359 68 19 85
607 158 68 5 68 189 68 189 68 397 68 189 68 189
370 68 5 68 550 501 68 189 68 189 68 189 68 189 68 397
479 85 543
607 158 68 85 359 68 5 68 189
607 158 68 81
617 149 68 550 501
503 189 68 189 68 19 85 68 19 85 68 19 85 68 19 85
64 211
261 86 68 158 108 68 569 68 569 68 64 211 108
607 68 5 68 397 68 5 68 397 68 397 68 397 68 397
607 158 68 85 359 68 158 108
283 68 607 158 68 19 85 68 19 85 68 19 85 359
211
611 149
365 430
607 158 68 81 68 149
64 211 108 68 64 211 108
70 149
607 68 5 68 397 68 569 68 397 68 397 68 397 68 397
607 158 68 550 501 68 397 68 397 68 397 68 397 68 397 68 397
370 68 5 68 81 68 397 68 5 68 397 68 397
283 68 158 108 68 569 68 569 68 85 359
261 86 68 124
370 68 5 68 81 68 189 68 517
85 5 68 85 359 68 430 359
189 68 19 85 68 5
617 68 550 501
607 158 68 19 85 68 607 158 68 569 68 85 68 430 68 430 68 64 211 108
339 551
283 68 158 108 68 569 68 85 359 68 19 85 359
607 158 68 158 68 158
569 68 517 68 81 68 189 68 430 149 68 189 68 189
607 158 68 81 68 189 68 5 189 68 189
430 199 108
607 158 68 81 68 189 68 397 68 397 68 397 68 397 68 397 68 43 158 68 43 158 108
607 158 68 81 68 189 68 189 68 397 68 397 68 397 68 397 68 397 68 5 189 68 241 68 241 68 241 68 241 68 241 68 241 68 241 68 241 68 241 68 241 68 241 68 189 68 397 68 397 68 241 68 241 68 241 68 241 68 397 68 397 68 397 68 241 68 241 68 397 68 397 68 397 68 189 68 607 158 68 607 158 68 607 158 68 607 158 68 607 158 68 397 68 607 158 68 607 158
43 158 68 397 68 397 68 397
607 158 68 288 68 189 68 550 501 68 189 68 189 68 397 68 550 487 149
261 86 68 245 449 68 430 149
503 189
503 158 108
5 189
607 158 68 81 68 607 158 68 5 68 189 68 189 68 189 68 607 158 68 5 189 68 607 158 68 517
501 85 68 517
261 86 68 124
261 86 68 158 108 68 607 158 68 64 211 108 68 64 211 108 68 64 211 108 68 64 211 108
607 158 68 527 68 607 158 68 397 68 397 68 397
283 68 607 158 68 288 68 430 359 68 397 68 397
430 359
527 68 607 158 68 569 68 430 68 446 68 640 68 569 68 430 68 640 68 241 68 241 68 517
283 68 5 68 81 68 189 68 64 211 108
607 158 68 397 68 569 68 397 68 397
158 108 68 19 85 68 430 85 68 430
607 68 5 68 397 68 397 68 397 68 397 68 397 68 397 68 397 68 397 68 397 68 397
370 68 5 68 81 68 430 108 68 19 85 68 19 85
397 68 136 479
607 158 68 527 68 607 158 68 430 68 430 68 430
607 158 68 158 68 158 108 68 5 189 68 153 189
607 158 68 359 68 569 68 85 359
283 68 158 108 68 158 108 68 43 158 108
406 158 108 68 81 68 430 85 359
370 68 5 68 81 68 397 68 397 68 397 68 397 68 397 68 397
261 86 68 124 68 607 158 68 607 158 68 607 158 68 170 108 68 607 158 68 607 158 68 170 108
283 68 158 108 68 607 158 68 397 68 397 68 397 68 397 68 397 68 397
5 68 19 85 68 19 85 68 19 85
43 158 68 43 158 68 5 68 5 68 397
569 68 85 359 68 569 68 569 68 397 68 569 68 397 68 397 68 397 68 397 68 397 68 397
569 68 550 501 68 397 68 397 68 397 68 397 68 397 68 397 68 397
538 430
607 158 68 81 68 81 68 189 68 64 211 108 68 5 189 68 64 211 108
550 501 68 517
607 158 68 550 501 68 607 158 68 397 68 397 68 430 68 430 68 397 68 607 158 68 430 68 430 68 241 68 241 68 241 68 241 68 43 158 68 43 158 68 43 158 68 43 158 68 189 68 43 158 68 43 158 68 43 158 68 43 158 68 43 158 68 607 158 68 43 158 68 43 158 68 43 158 68 607 158 68 607 158 68 607 158 68 607 158 68 607 158 68 607 158 68 607 158 68 607 158
607 158 68 81 68 189 68 5 189 68 240 211 108 68 397 68 241 68 241
527 68 607 158 68 397 68 241 68 241 68 241 68 241 68 241
607 158 68 81 68 189 68 5 68 241 68 189 68 189 68 640
607 158 68 81 68 189 68 5 189 68 5 189 68 189 68 64 211
405
503 158 108
607 158 68 81 68 189 68 430 68 430 68 430 68 430 199
607 158 68 283 68 397 68 5 68 397 68 397
64
640
430 199
503 189 68 85 359
261 86 68 245 449 68 370 68 5 68 397 68 397
607 158 68 81 68 189 68 189 68 241 68 241 68 241 68 241
85 359 68 389 430 199
446 149
569 68 19 85 68 607 158 68 397 68 189 68 569 68 397
607 158 68 81 68 189 68 189 68 189
607 158 68 81 68 189 68 430 68 430 149
5 189 68 241 68 241
617
607 339 68 550 501 68 569 68 85 359 68 397
406 158 68 5 189
64 211 108 68 430 199 68 64 211 108
607 158 68 5 68 5 189 68 5 189
607 158 68 81 68 189 68 430 108 68 19 85 68 430
607 158 68 124 68 170
527 68 5 189 68 430
370 68 5 68 81 68 189 68 189 68 189 68 189 68 430
261 86 68 124 68 158 108 68 5 189 68 331
569 68 19 85 68 19 85 68 339 68 19 85 68 19 85
43 158 68 397 68 397 68 397 68 397
261 86 68 245 449 68 158 108 68 5 189 68 569 68 569 68 85
607 158 68 569 68 569 68 85 359 68 397 68 569 68 397 68 397
607 158 68 569 68 607 158 68 397 68 397 68 397
64 211 68 550 501 68 189 68 430 68 189 68 189 68 430
64 211 108 68 569 68 569 68 85 68 569 68 569 68 85 359
629
538 158 108 68 5
261 86 149
241 108
607 158 68 607 158 68 607 158 68 397 68 607 158 68 136 479
607 158 68 550 501 68 607 158 68 607 158 68 189 68 211 68 211 68 64 211 108
189 68 81 68 189 68 430
85 359 389 85 359
64 211 108
283 68 607 158 68 607 158 68 569 68 85 359 68 569 68 85 68 85 359 68 85 359 68 85 359
607 158 68 81 68 189 68 189 68 189
261 86 68 370 68 5 68 397 68 397 68 397 68 397 68 397 68 397
370 68 550 501 68 607 158 68 397 68 5 68 5 68 397 68 64 211
607 158 68 81 68 189 68 569 68 517 68 640 68 397 68 397
397
607 158 68 503 189 68 503 158 68 189
607 68 5 68 397 68 397 68 397 68 397 68 397 68 397
617 149
89 487 149 68 124
85 347 158 108 68 569 68 85 359
607 158 68 81 68 189 68 430 68 430 68 430 68 430 68 430 68 430 68 5 189 68 241 68 241 68 430 108
283 68 158 108 68 19 85
64 211 108 68 158 108 68 569 68 240 359
607 158 68 550 501 68 607 158 68 550 501 68 189 68 189
283 68 5 68 189 68 569 68 339 68 339 68 397 68 397
283
503 189 68 189 68 189
397 68 149
607 158 68 527 68 189 68 430 199 68 85
607 158 68 189 68 189 68 5 189
283 68 607 158 68 81 68 189 68 5 189 68 569 68 640
607 158 68 81 68 397 68 430 68 430 68 430 68 430
607 158 68 124 68 503 158 108 68 569 68 85 359 68 430 68 430 68 430 85 359
607 158 68 81 68 5 189 68 5 189 68 189 68 189 68 241 68 241 68 5 189 68 241 68 241 68 517
19 85 68 85 359 68 85 359 68 64 211 108
430 85 359
211 211
527 68 607 158 68 430 359
446 359
261 86 68 370 68 5 68 5 68 81 68 5 189
283 68 158 108 68 569 68 85 359
261 86 85
607 158 68 550 501 68 397 68 397 68 397
607 158 68 81 68 189 68 189 68 85 359 68 189 68 189 68 397 68 189 68 5 189 68 85 359
283 68 607 158 68 5 68 5 68 397 68 397 68 189 68 397 68 5 189 68 5 68 241 68 241 68 241 68 241 68 241 68 241 68 5 68 5 68 5 189 68 241 68 189 68 189 68 241 68 241 68 241 68 241 68 241 68 241 68 397 68 607 158 68 607 158 68 241 68 241 68 397 68 189 68 607 158 68 607 158 68 607 158 68 607 158 68 607 479 68 607 479 68 607 479 68 607 479
85 123 108 68 5 108
43 158 68 517 551 68 5 189 68 85 359
241 211
397 68 397
370 68 5 68 81 68 189 68 5 189 68 85
607 158 68 81 68 189 68 189 68 158 108
607 158 68 550 501 68 189 68 211 68 211
607 158 68 550 501 68 339 68 339
503 158 108
64 211 108
527 68 607 158 68 527 68 5 68 430 68 189 68 430 68 430 68 43 158 68 241 68 241 68 241 68 241 68 241 68 241 68 241 68 64 211 108
370 68 5 68 81 68 5 189 68 640
607 158 68 81 68 189 68 189 68 85 359
550 501 85 68 550 501
261 86 68 245 449 68 245 449 68 158 108
64 211 108
569 68 527 68 550 501 68 430 68 430 68 430 68 430
261 86 68 245 449 68 189 68 19 85 68 19 85 68 397 68 607 158 108
593 163 68 85 68 19 85 68 85 359 68 569 68 430
283
283 68 607 158 68 189 68 397 68 397 68 189
430 85 359
430 85
136 479
64 211 108 68 550 501 68 64 211 108 68 64 211 108
607 158 68 550 501 68 189 68 158 108 68 189 68 189
370 68 5 68 81 68 397 68 5 68 331 149
607 158 68 503 189 68 158 68 158 108
339 551 68 550 501 68 607 158 68 550 501 68 550 501 68 550 501
607 158 68 81 68 81 68 189 68 397 68 397
607 158 68 81 68 189 68 189 68 64 211 108 68 640 68 640 68 64 211 108
607 158 68 81 68 189 68 189 68 5 189 68 189 68 5 189 68 640 68 5 189
241 359
569 68 19 85 68 19 85 68 397 68 5 189
607 68 5 68 397 68 189 68 397 68 397
501 85 64 211
64 211 108 68 370 68 5 68 5 68 640
430 85
283 68 397 68 397 68 397
607 158 68 5 68 640
19 85 359
550 158 68 550 158
607 158 68 81 68 189 68 85 68 446 68 607 158 68 607 158 68 607 158 68 607 158 108
607 158 68 527 68 607 158 68 430 68 430 68 430 68 430 68 430 68 43 158 68 241 68 430
607 158 68 550 501 68 189 68 5 189 68 189 68 189 68 64 211 108
19 85 359 551
389 85 359
607 158 68 527 68 607 158 68 430 68 430
397 551
5 189 68 569 68 569 68 569 68 517 68 569 68 569 68 397
607 158 68 81 68 189 68 189 68 5 189 68 189
527 68 607 158 68 550 501 68 64 211 108 68 64 211 108
64 211 108 68 64 211 108
607 158 68 81 68 189 68 569 68 241 68 640
283 68 607 158 68 81 68 5 68 5 68 189 68 241 68 241
607 158 68 81 68 189 68 430 199 108 68 430 68 430
64 211 108 68 81 68 64 211 108
261 86 68 370 68 5 68 370 68 397 68 397 68 397 68 397 68 397 68 397 68 397 68 397
617 149
503 189
607 158 68 550 501 68 189 68 241 68 189 68 189 68 241 68 241 68 241
527 68 607 158 68 5 68 397 68 397 68 397 68 397 68 397 68 397 68 241 359
389 85 359 389 158 108
607 158 68 550 501 68 607 158 68 5 189 68 5 189 68 5 189 68 5 189
370 68 607 158 68 81 68 19 85 68 19 85
261 86 68 124 68 607 158 68 5 68 397 68 397 68 397 68 397 68 397
607 158 68 81 68 189 68 397 68 397 68 241 68 397 68 397 68 241 68 241 68 241 68 241
211 68 397 68 397
607 158 68 550 501 68 550 501 68 211 68 211
430
607 158 68 81 68 81 68 189 68 64 211
607 158 68 550 501 68 607 158 68 397 68 397 68 189 68 397 68 64 211 108
651 123 68 245 449
261 86 68 245 449 68 81 68 189 68 640
19 85 68 19 85
527 68 607 158 68 397 68 397 68 397 68 397 68 397 68 397
283 68 370 68 5 68 19 85 68 19 85 68 19 85 68 19 85 68 19 85 359
261 86 68 124
607 158 68 81 68 189 68 189 68 64 211 108
607 158 68 607 158 68 607 158 68 430 68 430 68 430
607 158 68 81 68 19 85 68 19 85 68 19 85 68 19 85 68 19 85 68 19 85 359
370 68 5 68 81 68 607 158 68 5 68 189 68 189
85 550 501 68 85
550 501
527 68 607 158 68 527 359 68 430
430 199 68 430 85 359
503 189 68 397 68 397 68 430 359
569 68 85 68 158 108 68 5 189 68 64 211 108
607 158 68 5 68 189 68 397
607 158 68 81 68 607 158 68 5 68 397 68 189 68 189 68 397 68 5 189 68 189 68 189 68 241 68 241 68 189 68 189 68 64 211 68 64 211 68 189 68 189 68 189 68 189 68 189 68 189 68 43 158 68 241 68 241 68 43 158 68 607 158 68 607 158 68 241 68 43 158 68 607 158 68 607 158 68 607 158 68 607 158 68 607 158 68 607 158 68 607 158 68 607 158 68 607 158
261 86 68 124
261 86 68 124
64 211 108
149
261 85 68 85 359
5 189 68 397 68 397
607 158 68 5 68 397 68 5 189 68 241 68 397 68 397
593 163 68 550 487
607 158 68 370 68 5 68 5 68 397 68 569 68 397 68 397 68 397
527 68 607 158 68 81 68 189
359
339 551 68 550 501 68 607 158 68 550 501 68 607 158 68 607 158 68 607 158 68 607 158 68 19 85 359 68 607 158 68 607 158 68 550 501 68 607 158 68 607 158 68 607 158 68 607 158 68 607 158 68 607 158 68 607 158 68 85 68 550 501 68 607 158 68 607 158 68 85 68 550 501 68 19 85 68 85 68 19 85 68 19 85 359 68 19 85 359 68 607 158 68 607 158 68 607 158
607 158 68 550 501 68 430 149
64 211 68 607 158 68 5 68 397 68 397 68 397 68 397 68 397 68 5 68 5 68 189 68 397 68 517
397
593 163 68 85 359 68 189
607 158 68 550 158 68 430
85 365 430 199 108 68 430
569 68 397 68 397 68 397 68 241 68 241
5 68 5 68 640
43 158 359
550 501 68 397 68 397
370 68 607 158 68 607 158 68 397 68 397 68 397 68 397 68 397 68 397
283 68 158 108 68 158 108 68 430
370 68 5 68 19 85 68 397 68 397 68 569 68 397 68 430 149 68 430 149
569 68 85 359 68 189 68 5 189 68 189 68 189
607 158 68 81 68 607 158 68 5 68 64 211 108
406 158 118
569 68 19 85 68 430 68 430 68 430 299 68 430 299 68 430 85 359
607 158 68 550 501 68 397 68 397 68 397 68 569 68 397 68 397 68 397 68 397
617 149 68 617 149
19 85 359 68 85 359
617
347 501 359
283 68 607 158 68 19 85 359 68 19 85 359
569 68 85 359 68 569 68 397 68 397 68 397
261 86 68 370 68 5 68 5 68 397 68 397 68 397 68 397 68 397 68 5 189
527 68 607 158 68 81 68 189 68 517 68 517
283 68 158 108 68 607 158 68 397 68 397 68 397 68 397 68 397 68 397
64
405
607 158 68 550 501 68 607 158 68 397 68 397 68 189 68 241 68 241 68 241
430 85
261 86
607 479 68 397 68 569 68 430 68 517 68 19 85 68 430 68 430
607 158 68 550 501 68 211
607 158 68 81 68 189 68 189 68 430
569
617
261 86 68 124
503 158 108
607 158 68 577 68 569 68 397 68 397 68 397 68 397 68 397 68 397 68 43 158 68 397 68 569 68 43 158 108
607 158 68 397 68 5 189 68 241
607 158 68 550 501 68 19 85 68 19 85 68 19 85 68 397 68 19 85 68 607 158 108
283 68 5 68 607 158 68 5 68 397 68 397 68 397 68 397 68 397 68 5 68 189 68 189 68 241 68 517
430 299
503 189 68 170 108 68 5 68 5 68 5 189
607 158 68 81 68 397 68 5 68 397 68 397 68 397
283 68 158 108 68 569 68 189 68 397 68 189 68 189
347 158
339 68 607 158 68 607 158 68 5 68 397 68 397 68 397 68 397
617 68 5 68 617 68 397
569 68 85
64 211 108
261 86 68 245 449 68 5 68 149 68 19 85
569 68 19 85 68 19 85 68 397 68 397 68 569 68 397 68 397 68 397 68 397 68 397
241 359
607 158 68 81 68 81 68 189 68 189 68 189 68 189
283 68 158 108 68 607 158 68 5 68 189 68 189 68 189 68 430
43 158 108 68 569 68 517
261 86 68 124 68 607 158 68 397 68 397 68 397
569 68 19 85 68 569 68 85 359 68 640 68 569
527 68 607 158 68 397 68 550 501 68 397 68 397
389 85 359 68 389 158 118
85 611 149
607 158 68 81 68 189 68 189 68 241 68 189 68 241 68 430 68 241 68 241
261 86 68 124 68 5 68 5 68 397 68 397 68 397
607 158 68 550 501 68 430
607 158 68 550 501 68 607 158 68 607 158 68 189 68 64 211 108
607 479 68 430 68 430 118
607 158 68 5 68 189 68 189 68 430
607 158 68 527 68 607 158 68 397 68 189 68 189 68 397 68 397 68 189
261 86
64 211
261 86 68 370 68 370 68 5 68 370 68 370 68 5 68 397 68 397 68 397
607 479 68 81 68 189 68 5 189 68 189 68 189 68 5 189
189 643
85 359 68 5
43 158 149
64 211 108
261 86 68 245 449 68 81 68 189 68 640 68 189 68 640
406 158 543
527 68 607 158 68 569 68 397 68 397 68 397 68 397 68 397 68 397
569 68 19 85 68 19 85 68 19 85 68 19 85 359 68 397 68 19 85 359
85 359
261 86 68 370 68 5 68 370 68 5 68 640
569 68 517 68 170 108 68 569 68 397 68 569 68 397
607 158 68 81 68 189 68 430 199 85 359
607 158 68 81 68 189 68 430 68 241 68 241 68 430 68 430 108
85 550 501 68 550 501 85 359
607 158 68 517 68 397
607 158 68 550 501 68 189 68 241 68 241
607 339 68 550 501 68 397
283 68 607 158 68 607 158 68 5 68 189 68 397 68 397 68 550 501 68 607 158 68 189 68 85
261 86 68 370 68 5 68 370 68 5 68 5 68 5
283 68 19 85 68 19 85 68 5 189 68 85
550 501 68 607 158 68 81 68 189 68 331 149
607 158 68 430 199
261 86 68 158 108 68 607 158 68 397 68 569 68 397
607 158 68 550 501 68 607 158 68 550 501 68 607 158 68 550 501 68 607 158 68 607 158 68 607 158 68 607 158 108
64 211 108
503 189 68 85 359
64 211 108
430 199 359
607 158 68 81 68 189 68 189 68 241 68 189 68 241 68 241 68 241 68 241 68 241 68 241 68 241 68 241 68 241 68 241 68 241 68 241 68 241 68 241 68 241 68 241 68 241 68 241 68 241 68 241 68 241 68 241 68 241 68 241 68 241 68 241 68 241 68 241 68 241 68 241 68 241 68 607 158 108 68 607 158 68 607 158 68 607 158 118 68 607 158 68 607 158 68 607 158 118
527 68 5 189 68 390 68 85 359
5
607 158 68 5 68 5 189 68 5
370 68 5 68 81 68 397 68 397 68 397 68 397 68 397 68 397 68 397
261 86 68 158 108 68 569 68 397
19 85 68 607 158 68 5 68 5
64
607 158 68 550 501 68 397
607 158 68 81 68 189 68 241 68 241 68 241 68 241 68 430
569 68 158 108 68 569 68 569 68 85 359 68 569 68 397
503 158
43 158 68 19 85 359 68 5 189 68 85 359
611 189
607 158 68 81 68 607 158 68 5 68 397 68 397
64 211
261 86 68 124
283
550 501 68 430 299
607 158 68 5 68 189 68 189 68 397 68 189 68 397 68 397
569 68 81 68 640 68 241 68 241
503 189 68 607 158 68 5
389 85
607 158 68 81 68 189 68 241 68 241 68 241 68 241 68 241 68 241 68 5 189 68 241 68 241 68 241 68 241 68 241 68 241 68 241 68 241 68 241 68 241 68 241 68 241 359
617 68 617 149
370 68 5 68 81 68 569 68 569 68 19 85 68 397 68 397 68 397 68 397 68 397 68 517
339 68 550 339
538 158 108 68 640 68 85
607 158 68 550 501 68 397 68 397 68 397
321 240
389 85 359
569 68 85 359 68 19 85 68 19 85 68 19 85 68 19 85 68 19 85 68 607 158 108
64 211 108 68 430
261 86 68 124 68 5 68 189
607 158 68 550 501 68 397 68 640
607 158 68 5 68 189 68 189 68 5 189 68 189 68 189 68 211 108
527 68 607 158 68 81 68 430 199 68 430
5 85
406 158 118
283 68 607 158 68 81 68 569 68 397 68 569 68 397 68 397 68 397 68 241 68 241 68 517
370 68 5 68 550 501 68 19 85 68 19 85 68 19 85
406 158
569 68 19 85 68 19 85 68 397 68 5 189
389 430
64 211 108
19 85 359 68 85 359
85
370 68 5 68 81 68 189 68 189 68 189 68 189 68 189 68 241 68 241
538 158 108 68 5
283
261 86 68 245 449 68 245 449
607 158 68 5 68 158 108 68 5 189 68 339
607 158 68 550 501 68 607 158 68 339
370 68 5 68 81 68 189 68 430 149 68 189 68 430 149
607 158 68 81 68 189 68 5 189 68 64 211
527 68 607 158 68 5 68 397 68 397 68 397 68 397 68 397 68 397 68 189
527 68 607 158 68 81 68 189 68 189 68 189 68 189
261 86 68 158 108 68 189 68 189 68 189
607 158 68 19 85 359
406 155 108
389 158 108 68 189 68 241 68 241
261 86 68 245 449 68 370 68 5 68 397
617
430 199 108
607 158 68 81 68 189 68 189 68 241 68 189 68 189 68 241 68 241 68 241 359
283 68 607 158 68 607 158 68 430 68 430 108
397 68 397 68 397 68 397
607 158 68 577 68 397 68 569 68 85 359 68 569 68 397
607 158 68 527 68 607 158 68 607 158 68 569 68 569 68 397 68 397 68 607 158 68 397 68 569 68 569 68 607 158 68 607 158 68 43 158 68 43 158 68 43 158 68 569 68 189 68 607 158 68 43 158 68 43 158 68 569 68 43 158 68 607 158 68 607 158 68 569 68 569 68 569 68 569 68 607 158 68 607 158 68 569 68 569 68 607 158 68 607 158 68 607 158 68 607 158 68 607
607 158 68 527 68 607 158 68 397 68 397 68 189
370 68 5 68 81 68 189 68 430 149
607 158 68 550 501 68 397 68 397 68 569 68 569 68 397
64 211 108 68 550 501
283 68 5 68 81 68 189 68 640
607 479 68 149
74
261 86 68 81
283 68 607 158 68 607 158 68 607 158 68 81
503 189 68 158 108 68 189 68 189 68 153 189
64 211 108
607 158 68 81 68 430 68 430 199 108
19 85
607 158 68 81 68 569 68 85 359
607 158 68 577 68 397 68 64 211 108 68 43 158 68 397 68 43 158 68 43 158 108
503 189 68 517 68 517
245 449
370 68 5 68 81 68 189 68 5 189 68 640
64 211 108
211 359
538 158 108
406 155 108
607 158 68 64 211 108 68 64 211 108
406 155
607 158 68 397 68 397 68 397 68 397 68 397 68 397 68 397 68 397 68 189 68 241 68 241 68 241 68 241 68 241 68 241 68 241 68 241 68 241 68 241 68 397 68 189 68 397 68 397 68 397 68 397 68 397 68 397 68 397 68 397 68 397 68 397 68 397 68 397 68 397 68 397 68 397 68 189 68 397 68 397 68 397 68 397 68 397 68 397 68 397 68 397 68 397 68 607 158 118
283 68 397 68 397
241 359
607 158 68 81 68 607 158 68 569 68 569 68 569 68 397 68 397 68 43 158 68 158 68 569 68 569 68 43 158 68 189 68 189 68 43 158 68 569 68 43 158 108 68 569 68 569 68 569 68 569 68 43 158 68 43 158 68 569 68 43 158 68 607 158 68 607 158 68 569 68 569 68 569 68 569 68 569 68 19 85 68 569 68 569 68 569 68 569 68 607 158 68 607 158 68 607 158 68
283
607 158 68 503 158 68 430 68 430 68 430
261 86 68 158 108 68 607 158 68 397 68 569 68 397
397 68 397 68 397 68 397 68 397 68 397 68 397 68 397 68 397 68 397
607 158 68 550 501 68 189 68 241 68 189 68 189 68 241 68 241 68 241 68 241 68 241 68 241 68 241 68 241 68 241 68 241 68 241 68 241 68 241 68 241 68 241 68 189 68 241 68 241 68 241 68 241 68 241 68 241 68 241 68 241 68 241 68 241 68 241 68 241 68 241 68 241 68 189 68 607 158 108 68 607 158 118 68 517 118 68 607 158 118 68 607 158 118 68 607 158 118
347 501 68 136 479
397 68 397
617 68 550 158 68 550 158
370 68 5 68 81 68 189 68 189 68 64 211 108
607 158 68 397 68 397 68 397 68 397 68 397 68 397 68 397 68 397
276 85
283
617 149
85 211 108
607 158 68 81 68 569 68 85 359 68 85 359 68 569 68 85 359
370 68 5 68 370 68 370 68 5 68 397 68 397 68 397 68 149
261 86 68 124 68 5 68 5 189 68 397 68 397 68 397
5 189 68 149
607 158 68 81 68 569 68 517 68 517 68 640 68 640 68 640
64 211 108
283 68 607 158 68 5 68 5 68 397
607 158 68 577 68 397
397 68 397 68 397 68 149
64 211 68 550 501 68 397 68 397 68 397 68 569 68 397 68 397
503 158 108
370 68 5 68 81 68 5 189 68 241 68 241
85 359 389 85 359
370 68 5 68 81 68 189 68 189 68 5 189
415
607 158 68 81 68 607 158 68 64 211 108 68 64 211 108
389 501 68 64 211 108
607 158 68 550 501 68 397 68 397 68 397 68 397 68 397 68 397
43 158 68 81 68 397
5 189
370 68 5 68 81 68 397 68 397 68 397 68 397 68 397 68 397 68 397
617
85 347 158 85
569 68 19 85 68 85 68 19 85 68 19 85
339 551 68 607 158 68 503 158 68 503 158
479
64 211 108 68 617 149
389 430 359
438 359
211 213 194
607 158 68 81 68 253 68 397 68 397
607 158 68 283 68 569 68 569 68 85 359 68 569 68 397 68 397 68 397
607 158 68 430 359 68 430 359
283
370 68 5 68 189 68 189 68 397 68 189
607 158 68 81 68 189 68 189 68 5 189 68 189 68 241 68 241 68 241
527 68 607 158 68 569 68 569 68 640 68 640 68 241 359
261 86 68 19 85 68 19 85 68 19 85 68 19 85
85 389 85 359
85 359
607 158 68 550 501 68 19 85 68 607 158 68 19 85 68 19 85 68 607 158 68 607 158 68 85 359 68 607 158 108
283 68 607 158 68 607 158 68 607 158 68 397 68 397 68 397 68 189
64
438 359
430 299
503 189 68 108 68 189
607 158 68 283 68 397 68 397 68 397 68 397 68 397 68 397 68 397 68 43 158 68 397
261 86 68 245 449 68 189 68 189 68 397
430 85
261 86 85
283 68 158 108 68 19 85 68 19 85 68 19 85 68 19 85
607 158 68 550 501 68 607 158 68 397 68 397 68 397 68 64 211
569 68 81 68 189 68 189 68 64 211 108 68 640
261 86 108
288 68 288
430 199
283 68 607 158 68 5 68 5 189 68 397 68 397
406 158 108
617 149
5 68 189 68 81 68 189 68 5 189 68 64 211 108 68 640 68 640
607 68 5 68 397
550 86 68 124
430 68 430 199
607 158 68 124 68 253 68 397 68 397
569 68 527 68 189 68 430
607 158 68 19 149 68 19 85
5 68 189 68 189 68 189 68 397 68 397 68 397 68 397 68 397
607 158 68 550 501 68 607 158 68 550 501 68 189
527 68 607 158 68 527 68 607 158 68 397
211 68 550 155
261 86 68 124 68 124
430 85 359
211 543 211
607 158 189
189 643 359 68 189
261 86 85
607 158 68 81 68 189 68 189 68 430 68 189 68 430 68 430
607 158 68 189
607 158 68 81 68 189 68 189 68 5 189 68 189 68 189 68 64 211 108
607 158 68 19 85 359 68 19 85 359
607 155
19 85 68 136 479
607 158 68 527 68 607 158 68 5 68 189 68 189 68 189 68 430
261 86 68 124
85 359 68 569 68 85 359
211
19 85 359 68 550 501 85 359
607 158 68 527 68 607 158 68 5 68 397 68 189 68 64 211 108
569 68 19 85 68 397 68 569 68 640 68 640
397 68 397
607 68 550 501 68 331 149
261 86 68 370 68 5 68 397 68 397 68 397 68 397 68 397 68 397
370 68 5 68 397 68 397 68 397 68 397 68 397 68 397
85 359 68 85 359
64 211
261 86 68 124 68 607 158 68 5 68 397 68 397 68 397 68 397 68 5 68 5 68 517
5 189 68 85 359
283 68 607 158 68 5 68 5 189 68 5 189 68 640
283 68 158 108 68 569 68 569 68 19 85
283 68 5 189 68 81 68 189 68 189 68 189 68 430 68 430
5 68 81 68 607 158 68 5 68 640 68 640
607 158 68 527 68 607 68 5 68 43 158 68 43 158 68 43 158 68 43 158 68 5
607 479 68 397 68 397 68 397 68 397
85 611 149
607 158 68 370 68 370
503 189 68 397 68 397
347 501 85 359
503 158 68 607 158 68 607 158 68 397 68 189 68 189
240
607 158 68 81 68 189 68 607 158 68 397 68 189 68 397 68 397 68 607 158 68 517
607 158 68 5 68 397 68 5 189 68 397 68 189 68 241 68 241 68 241 68 241 359
189
261 86 68 124
569 68 85 359 68 189 68 189 68 430 149
85 347 158 85 359
211 149
261 86 68 124 68 607 158 68 19 85
607 158 68 81 68 189 68 189 68 189 68 189
607 158 68 359 68 569 68 85 359
283 68 607 158 68 19 85 68 607 158 68 19 85
607 158 68 527 68 430 68 430 68 430 68 430 68 430 68 430 68 430 68 430 199
283 68 607 158 68 81 68 189 68 64 211 108 68 430 68 430 68 241 68 241 68 241 68 241 68 241 68 241 68 241 68 241
19 85 68 19 85 68 85 359 68 85 359
479
276 85 68 158 108 68 189 68 189 68 189 68 189 68 189 68 211 108
607 158 68 550 501 68 607 158 68 607 158 68 189 68 189 68 550 501 68 607 158 68 607 158 68 517
527 68 607 158 68 397 68 189 68 359
430 199
339 551 68 85 359
607 158 68 81 68 607 158 68 81 68 430 68 430 68 430 68 430
430
527 68 5 189
347 85 359
651 123 68 430 68 430 68 430
593 163 68 85 359 68 85 359
430 299
607 158 68 397 68 569 68 397 68 241 359
370 68 5 68 81 68 189 68 189 68 241 68 189 68 241 68 241
261 86 68 124
607 158 68 81 68 5 68 5 189 68 85 68 64 211 108
64 211 108 68 640
430 108
607 158 68 640 68 640
85 359
569 68 85 359 68 569 85 359
19 85 68 85
64 211 108
538 430 68 85 359
503 189
19 85 68 85 359
5 189
607 158 68 550 501 68 430
607 158 68 158 108
85 359
607 158 68 550 501 68 607 158 68 5 189 68 64 211 68 64 211
283 68 5 68 397 68 397 68 5 68 397
607 158 68 81 68 64 211 108 68 640 68 640
158 158 158
43 158 118
607 158 68 81 68 189 68 64 211 108
607 158 68 527 68 607 158 68 607 158 68 397 68 189 68 397 68 607 158 68 5 189 68 189 68 241 68 241 68 189 68 189 68 241 68 43 158 68 43 158 68 43 158 68 189 68 189 68 189 68 43 158 68 43 158 68 241 68 43 158 68 43 158 68 607 158 68 43 158 68 43 158 68 189 68 189 68 607 158 68 189 68 607 158 68 607 158 68 607 158 68 607 158 68 607 158 68 607
261 86 68 124 68 607 158 68 5 68 397 68 397 68 397 68 397
211 85 359 211 108 68 211
370 68 5 68 5 68 189 68 189 68 397 68 397 68 397 68 397 68 5 68 5 68 241 68 241 68 241 68 241 68 189
64 211 108
430 299 118
430 199 108
370 68 5 68 397 68 397 68 397 68 397
261 86 68 124
430 85 359
527 68 607 158 68 189 68 430
607 158 68 550 501 68 607 158 68 397 68 397 68 189 68 397 68 241 68 241 68 241 68 241 68 241 68 241 68 241 68 241 68 241 68 43 158 68 241 68 241 68 241 68 241 68 241 68 241 68 241 68 241 68 241 68 241 68 241 68 43 158 118
43 158 68 517
85 5 108
19 85 68 158 108 68 5 189 68 5 189 68 189 68 430
607 158 68 503 158 68 339 68 607 158 68 397
569 68 85 359 68 569 68 85 359 68 569 68 19 85 359
276 85 68 5 108 68 5 189
503 158 108
607 158 68 550 501 68 85 68 64 211 108 68 64 211 108 68 64 211 108 68 64 211 108 68 85
550 501 68 617 149 68 617
261 86
370 68 5 68 81 68 189 68 517
261 86
261 86 68 158 108 68 43 158 68 43 158 68 43 158 68 43 158
240 389 158 149
569 68 397 68 189 68 569 68 397 68 397 68 397 68 397 68 397 68 397
261 86
607 158 68 642 551 68 5 68 85 359
550 339
397 68 397 68 397
370 68 5 68 81
607 158 68 81 68 158 68 158 108 68 153 189 68 153 189
283
607 158 68 81 68 189 68 397 68 397 68 397 68 397 68 397 68 397 68 241 68 241 68 241 68 241 68 241 68 241 68 241 68 241 68 241 68 241 68 241 68 241 68 43 158 118
85 359 68 158 108
607 158 68 577 68 569 68 569 68 85 359
85 359
397 68 241 68 241 68 241
43 158 68 5 189
569 68 527 68 517 68 430 199
389 359
197 86 68 430 108
283 68 158 359
189
283 68 5 68 245 449 68 5 68 5 68 397 68 397
64 211 108 68 640
85 359 389 85 359
607 158 68 550 501 68 19 85 68 339 68 19 85 359 68 19 85 68 19 85 359
283 68 19 85 68 19 85 68 19 85 68 19 85 68 19 85
607 158 68 81 68 81 68 189 68 64 211 108 68 5 68 640 68 640
406 158 543
607 158 68 81 68 189 68 241 68 241 68 241 68 241 68 430
607 158 68 81 68 189 68 189 68 189 68 640
389 158 108 68 189 68 430 359 68 430 359
527 68 5 189 68 430 199
85 347 158 85 359
607 158 68 81 68 569 68 569 68 397 68 569 68 569 68 397
569 68 85 68 569 68 569 68 85 68 397 68 569 68 397 68 397 68 43 158 108
370 68 5 68 81 68 397 68 397 68 397 68 397 68 397
189 68 527 68 189 68 189 68 430 199 68 430 199
64
651 123
283 68 158 359
283 68 607 158 68 288 68 397 68 397 68 569
607 158 68 81 68 189 68 430 68 5 189
503 189 68 158 108 68 569 68 339 68 569 68 569 68 397 68 85 359
607 158 68 527 68 569 68 430 108 68 19 85 68 430 68 430
64 211 108 68 569 68 569 68 85 359 68 569 68 397 68 397 68 397 68 397 68 85 359
370 68 5 68 189 68 189 68 241 68 241 68 430 299
607 158 68 5 68 189 68 189 68 397 68 397 68 397
607 158 68 81 68 189 68 189 68 189 68 189
569 68 158 108 68 569 68 569 68 569 68 569 68 569 68 397 68 569 68 241 359
43 158 68 81 68 189 68 189 68 241 68 241 68 241 68 430
569 68 527 68 607 158 68 81 68 64 211 108 68 430 68 430
607 158 68 550 501 68 607 158 68 339 68 339 68 339
283 68 5 189 68 189 68 189
365 430
430 85 359
607 479 68 397 68 397 68 397 68 397 68 397 68 397 68 397 68 397 68 397
64 211 108
240 211
240 211
607 158 68 81 68 189 68 241 68 241 68 241 68 241
253 359
85 389 339 68 19 85
85 359
527 68 5 68 241 68 241
283 68 158 108 68 81 68 430 149
370 68 5 68 124 68 5 189 68 397 68 5 189
283
64
339 551 68 550 501 68 607 158 68 397 68 397 68 397 68 397
607 158 68 81 68 189 68 189 68 189 68 19 85 68 397 68 607 158 68 5 68 607 158 68 517
607 158 68 550 501 68 189 68 5 189 68 189 68 189 68 64 211 108
607 158 68 85 359 68 158 108 68 397 68 569 68 397 68 397
430
339 551 68 19 85 359
569 68 527 68 5 68 430 68 430 68 430 68 430 68 430 68 430 68 241 68 241 68 241 68 430 108
85 347 158 118
19 85 68 19 85 68 19 85 359
607 158 68 81 68 189 68 397 68 397
261 86 68 245 449 68 19 85 68 19 85 68 19 85 68 607 158 108
607 158 68 170 108 68 5 68 569 68 397 68 569 68 397
370 68 5 68 81 68 241 68 241 68 241 68 241 68 241
503 189
85 5 189
85 359 68 550 158 118 68 211 189 211
569 68 85 68 158 108 68 397 68 64 211 108
283 68 158 108 68 569 68 569 68 85 359
617 149 68 550 158 118
347 85 359
5 189 68 550 86
64 211 68 430 68 430 68 430 68 430 199 68 430 199
64 211
85 389 85
607 158 68 5 68 158 108 68 5 189 68 64 211
607 158 68 81 68 189 68 189 68 241 68 241 68 241 68 241 68 241 68 241 68 241 68 241 68 517
85 389 158 118
211 222
607 158 68 81 68 241 68 241 68 241
85 359
283 68 158 108 68 189 68 189 68 517
261 86 68 124
370 68 5 68 81 68 569 68 64 211 108 68 569 68 397 68 64 211 108
370 68 5 68 81 68 189 68 397 68 5 68 569 68 397 68 397 68 5 189
527
19 85 68 158 108 68 158 108
527 68 607 158 68 569 68 397 68 397 68 569 68 397 68 397 68 397
261 86 68 124 68 170 108 68 5 68 64 211 108 68 64 211 108
241
430
158 108
365 430
569 68 19 85 68 19 85
607 158 68 81 68 189 68 241 68 241 68 241 68 241
189 68 5 149 68 19 85
261 86 68 245 449 68 5
569 68 85 68 607 158 68 569 68 397 68 569 68 569 68 397 68 43 158 68 241
288 68 19 85 359 68 430
569 68 158 108 68 5 189 68 569 68 85 359
85 359 68 607 158 68 550 158 68 550 158
64 211 108 68 569 68 19 85 68 64 211 108 68 430 68 430
607 158 68 81 68 189 68 5 68 64 211 108 68 5 68 64 211 108 68 5 68 5 68 240
569 68 19 85 68 19 85 68 397 68 5 189
607 158 68 607 158 68 607 158 68 5 189 68 153 189 68 158 108
607 158 68 81 68 607 158 68 43 158 68 640
503 158 108
607 158 68 550 501 68 607 158 68 64 211 108 68 397 68 397
43 158 68 577 68 397
617 149 68 550 501 68 550 158 108
527 68 607 158 68 550 501 68 397 68 397 68 397
64 211 108 68 430 68 430 68 430 359
617 68 245 449
19 85 359
503 189
283 68 607 158 68 81 68 189 68 640 68 640 68 189 68 640
607 158 68 158 68 339 68 339
64 211
569 68 527 68 607 158 68 430 68 430 68 430 68 430
438 359
607 158 68 607 158 68 85 68 607 158 68 189 68 5 189 68 85
503 189 68 607 68 81 68 189 68 241 68 189 68 241 68 241 68 241 68 241
430 199 68 517 108 68 430
607 158 68 5 68 189 68 189 68 5 189 68 397 68 397 68 189
607 158 68 81 68 189 68 397 68 397 68 397 68 397 68 397 68 397
389 155
503 158 108
283 68 607 158 68 81 68 189 68 446 68 640
607 158 68 569 68 569 68 397 68 397 68 397
261 86 68 158 108 68 19 85 68 64 211 108 68 85 68 64 211 108
479
19 149
283 68 5
43 158 359
321 240 211
5 68 19 85 68 19 85 68 19 85 68 19 85 68 19 85
607 158 68 81 68 189 68 189 68 189 68 189 68 189 68 241 68 241 68 241
607 158 68 158 68 158
651 123 359 68 241 359
261 86 149
607 158 68 81 68 607 158 68 607 158 68 607 158 68 607 158 68 607 158 68 607 158 68 607 158 68 607 158 68 607 158 68 607 158 68 607 158 68 607 158 68 607 158 68 607 158 68 607 158 68 607
607 158 68 283 68 397 68 397 68 397 68 397
607 158 68 81 68 189 68 189 68 5 189 68 189 68 189 68 331
339 68 607 158 68 569 68 158 68 339 68 397 68 397 68 397
569 68 158 108 68 607 158 68 397 68 397
569 68 517 68 517 68 517 68 5 189 68 640
43 158
359 51 86
283 68 607 158 68 397 68 5 189 68 240
569 68 85 68 607 158 68 397 68 397 68 397 68 397 68 397 68 241 68 241
607 158 68 81 68 189 68 430 149 68 397 68 189 68 430
189 68 517 68 517
283 68 158 108 68 607 158 68 607 158 68 607 158 68 607 158 68 158 68 158 68 158 68 158 68 158 68 158 68 607 158 68 158 68 158 68 607 158 68 607 158 108
607 158 68 81 68 640 68 5 68 640 68 640
19 85 68 607 158 68 397 68 397 68 397 68 569 68 397 68 397 68 397
607 158 68 81 68 397 68 397 68 397 68 397 68 397 68 397 68 397 68 397 68 397 68 397 68 241 68 241 68 241 68 241 68 241 68 43 158 68 241 68 397 68 43 158 118 68 397 68 397 68 397 68 43 158 68 397 68 397 68 43 158 68 43 158 68 397 68 211 68 397 68 397 68 211 108 68 607 158 68 397 68 569 68 397 68 397 68 607 158 118 68 397 68 607 158 68 607 158
607 158 68 550 501 68 85 68 64 211 108 68 64 211 108 68 64 211 108 68 64 211 108 68 85
651 123
283 68 5 68 189 68 189 68 5 189 68 569 68 397 68 397 68 331 149
527 68 5 68 124
283 68 5 68 81 68 5 68 5 68 19 85 68 5 68 517
261 86 68 245 449 68 5 189 68 85 68 5 189
283
607 158 189
607 158 68 550 501 68 64 211 108 68 64 211 108 68 64 211 108 68 64 211 108
538 158 108 68 640 68 85
607 158 68 607 158 68 607 158 68 607 158 68 339
189
607 158 68 607 158 68 339 68 339 68 339
607 158 68 81 68 189 68 397 68 5 189 68 189 68 397 68 397 68 5 189
64 211 108 68 550 501 68 64 211 108
283 68 158 118
607 158 68 81 68 189 68 189 68 211 108 68 189 68 189 68 211 108 68 5 189 68 189 68 189 68 517
64 211 68 158 108 68 64 211
607 158 189
339 551
607 158 68 81 68 607 158 68 5
43 158 68 19 68 19 85 68 19 85 68 397 68 569 68 397 68 19 85 68 43 158 68 19 85 68 43 158 68 19 85 68 19 85 68 43 158 68 43 158 68 43 158 68 43 158 68 397 68 43 158 68 43 158 68 43 158 68 43 158 68 43 158 68 569 68 19 85 68 569 68 569 68 19 85 68 19 85 68 19 85 68 19 85 68 19 85 68 19 85 68 19 85 68 43 158 68 43
288 68 19 85 68 85
339 551 68 5 68 189 68 5
170 299
43 158 68 19 85 68 430 68 43 158 68 43 158 68 430
189
261 86 68 124
607 158 68 81 68 5 68 5 68 640 68 189 68 241 68 640
406 487 149
607 158 68 81 68 189 68 189 68 64 211 108 68 64 211 108 68 64 211 68 5 68 517
283 68 607 158 68 81 68 189 68 430 359
43 158 68 64 211
577 68 577 68 85 359 68 85 359
261 86 68 124 68 607 158 68 607 158 68 607 158 68 5 68 550 501
607 158 68 81 68 189 68 5 68 64 211 108 68 64 211 108
261 86 68 370 68 5 68 5 68 397 68 397 68 397 68 397 68 397
85 359
85 365 430 149 68 19 85
5 189 68 124
64
607 158 68 81 68 189 68 189 68 397 68 397 68 397 68 397 68 397 68 397 68 397 68 397 68 241 68 241 68 241 68 241 68 241 68 241 68 241 68 241 68 241 68 189 68 397 68 397 68 397 68 397 68 241 68 397 68 397 68 397 68 397 68 241 68 241 68 241 68 397 68 397 68 189 68 189 68 607 158 118 68 397 68 607 158 68 607 158 118 68 397 68 397 68 607 68 607 158
5 68 288 68 550 501 68 640
85 389 158 108 68 569 68 430
5 68 81 68 64 211
607 158 68 81 68 189 68 189 68 81 68 189 68 189 68 430 68 189 68 5 189 68 189 68 517
607 158 68 81 68 189 68 517
261 86 68 370 68 5 68 569 68 569 68 569 68 569 68 19 85
339 551 68 550 501 68 397 68 397 68 397 68 397 68 397
607 158 68 170 108 68 5 189 68 85 359
5 68 607 158 68 81 68 5 68 5 68 640 68 5 68 640
607 158 68 81 68 189 68 189 68 5 189
283 68 5 68 19 85 68 430 149 68 607 158 68 430 149
503 189 359
370 68 5 68 550 501 68 189 68 85 359 68 19 85
543
607 158 68 19 85 68 19 85 68 19 85 68 19 85 68 19 85
389 158 108
370 68 5 68 81 68 569 68 397 68 397 68 569 68 397 68 397
607 158 68 81 68 81 68 189 68 64 211 108 68 189 68 64 211 108 68 241 68 241 68 241 68 517
479
607 158 68 527 68 607 158 68 430 68 430 68 430 68 430 68 430 68 430 299
261 86 68 245 449 68 19 85 68 339
607 158 68 81 68 607 158 68 5 68 5 68 189 68 5 68 5 68 5 68 5 68 5 68 240
283 68 607 158 68 5 68 397 68 397 68 397
240
283 68 5 68 81 68 189 68 430 108 68 640 68 640
607 158 68 339
283 68 607 158 68 5 68 397 68 397
607 158 68 607 158 68 607 158 68 607 158 68 607 158 68 607 158 68 5
607 479 68 5 189
569 68 189 68 5 189 68 397 68 5 189 68 397 68 397 68 397
617 68 550 158
503 189 68 81 68 189 68 189
607 158 68 81 68 81 68 189 68 64 211 68 640
607 158 68 81 68 19 85 68 5 68 19 85 68 19 85 68 19 85
389 85 359 68 617
5
397 68 397 68 397 68 397 68 397 68 397 68 397 68 397 68 397 68 397
283 68 158 108 68 607 158 68 397 68 397 68 397 68 397
276 85
503 189 68 5 189 68 5
64 211 108 68 397 68 397 68 5
283 68 158 108 68 569 68 569 68 85 359 68 569 68 569 68 85 359
550 158 543
64 211 108
389 85 359
85 359 389 85 359
607 158 68 607 158 68 607 158 68 5 189 68 153 189 68 158 108
85 347 158 108
64 211 108 68 607 158 68 607 158 68 81 68 189 68 189 68 189 68 189 68 189 68 189 68 189 68 517
85 359 389 19 85
651 123 68 430
283 68 158 108 68 569 68 19 85 359 68 569 68 569 68 19 85 359
43 158 68 527 68 569 68 397 68 397 68 569 68 397 68 397 68 397 68 241 68 241 68 241 68 241 68 241 68 241 68 241 68 241 68 43 158 68 241 68 43 158 118
85 347 501 85 359 68 85 359
211 68 550 501 68 607 68 550 501 68 189 68 189 68 397 68 211 108
607 479 68 81 68 189 68 189 68 241
607 158 68 81 68 81 68 397 68 331
283
607 158 68 81 68 81 68 189 68 64 211 108
503 158 68 607 158 68 503 158
276 85 68 158 108 68 569 68 569 68 85 359 68 189 68 430 108
527 68 64 211 108
85 359
607 158 68 81 68 189 68 64 211 108
607 68 5 68 124 68 5 68 397 68 640 68 640
607 68 5 68 189 68 189 68 430
430 149
607 158 68 81 68 189 68 189 68 189 68 189 68 189 68 241 68 189 68 189 68 241 68 241 68 517
211 108 68 550 501 68 211
430 85 359
85
406 158
5 68 5 68 189 68 189 68 85 68 64 211 108
607 158 68 607 158 68 607 158 68 158 68 405 68 405 68 158 68 158 68 158 68 158 68 240
607 158 68 527 68 241 68 241 68 241 68 241 68 430 68 430
607 68 5 68 397 68 5
43 158 68 81 68 189 68 5 189 68 640
617 149 68 550 501
503 189 68 158
527 68 607 158 68 430 68 430 199
64 211 108 68 640 68 189 68 517
397
607 158 68 81 68 189 68 189 68 5 189 68 569 68 640
607 158 68 550 158 68 397 68 397 68 397
240 359
405
64 211 68 397 68 397 68 397 68 397 68 397 68 397 68 397 68 397
64 211 108
64
527 68 607 158 68 527 68 430 68 430
261 86 68 158 108 68 189 68 189 68 189
64 211 108
607 158 68 170 108 68 189 68 64 211 108
19 85
651 123 68 430
503 189
503 189
430 68 430
607 158 68 550 501 68 397 68 397 68 397 68 397 68 397 68 397
85 359 68 85 359
339 68 607 158 68 503 158 68 158 68 64 211 108
43 158 68 517
5 189 108
5 189 299 118
370 68 5 68 81 68 569 68 569 68 517 118
607 158 68 550 158 68 158 108 68 607 158 68 64 211 108
607 158 68 550 501 68 189 68 189 68 64 211 108 68 189 68 211 108
261 86 68 245 449
607 158 68 19 85 68 397 68 397 68 397 68 569 68 397 68 397 68 397 68 241 68 241 68 241 68 241 68 241 68 241 68 241 68 43 158 108 68 43 158 108
261 86 68 245 449 68 5 189 68 569 68 19 85
5 68 85 68 85 359 68 5 189 68 85
430 299
85 347 158 108
607 158 68 550 501 68 189 68 430
261 86 68 607 158 68 5 68 5 189 68 189 68 189
64 211 108 68 569 68 569 68 569 68 85 359 68 569 68 397 68 85 359
607 158 68 607 158 68 5 68 397 68 397
593 163 68 617 68 617 149
64 211
283 68 607 158 68 607 158 68 397 68 397 68 397 68 397 68 397
651 123 68 430 108 68 430 68 430 68 430
85 5 68 85 359 68 430 68 430
569 68 19 85 68 5 189 68 5 189 68 640
283 68 370 68 5 68 5 68 397 68 640
149 389 339 68 550 86
5 68 550 158 68 550 158
607 158 68 85 359 68 158 108 68 85 359
261 86 68 245 449 68 5 189 68 5 189 68 189 68 640
19 85 68 85
370 68 5 68 81 68 189 68 189 68 189
261 86 68 124 68 607 158 68 607 158 68 397 68 397 68 397 68 397 68 607 158 68 397 68 397 68 397 68 397 68 607 158 68 64 211 68 64 211 68 397 68 397 68 607 158 68 397 68 397 68 397 68 397 68 397 68 397 68 397 68 397 68 607 158 68 607 158 68 240 211 68 397 68 607 158 68 607 158 68 607 158 68 607 158 68 607 158 68 607 158 68 607 158 68 607 158 68 607
43 158 68 85 359
607 158 68 527 68 5 68 430 68 430 68 430 68 430 68 430 68 430 199 85 359
607 158 68 81 68 189 68 189 68 430 68 189 68 241 68 430 68 241 68 241 68 241 68 241 68 241 68 241 68 241 68 241 68 241 68 241 68 241 68 241 68 430 199 108
64 211 108 68 397 68 241 68 241 68 241 68 430 68 430 68 430
569 68 85 359 68 397 68 397 68 397 68 397
283 68 607 158 68 81 68 189 68 550 501 68 189
607 158 68 136 479 68 158 108
607 158 68 5 68 189 68 189 68 5 189 68 189 68 189 68 211 108
370 68 5 68 397 68 397 68 5 68 397 68 397 68 397
617
370 68 5 68 170 108 68 5 189 68 397 68 397 68 397
211 108 68 189 68 189 68 5 189 68 85
85 5 189 68 642 211
43 158 68 124 68 170
43 158 68 517 149
261 86 149
261 86 68 124
607 158 68 397 68 607 158 68 640
85 359
370 68 5 68 81 68 397 68 397 68 397 68 397 68 397 68 397 68 5 68 5 68 241 68 241 68 241 68 241 68 241 68 241 68 43 158 68 43 158 68 43 158 108
617
430 199 108 68 136 479
527 68 5 68 430 68 430 199
397 68 397 68 397
241
283 68 158 359
430
261 86 68 124 68 189 68 5 68 81 68 189
503 189
261 86 68 124 68 607 158 68 5
85 359
607 158 68 550 501 68 397 68 241 68 241 68 189 68 241 68 241 68 241
607 158 68 81 68 158 68 158 108 68 5 68 64 211 68 64 211 108
64 211
64 211 108 68 430 68 430 68 430 68 430 68 430
607 158 68 158 68 158 108 68 339 68 339
607 158 68 550 501 68 607 158 68 397 68 397 68 397 68 397 68 397 68 5 189 68 241 68 241 68 517
607 158 68 81 68 189 68 241 68 241 68 241 68 241
607 158 68 81 68 189 68 189 68 189 68 189 68 189 68 430 108
253 359 389 359
64 211 108
19 85 359 68 19 85 359
370 68 5 68 550 501 68 397 68 397 68 397 68 397
64 211 108 68 607 158 68 5 189 68 640
283 68 19 85 68 569 68 19 85 359 68 569 68 569 68 397 68 19 85 359 68 85 359
607 158 68 397 68 569 68 85 359 68 640
607 158 68 5 68 397 68 5 189 68 397 68 189 68 397 68 241 68 241 68 241 68 241 68 241 68 241 68 241 68 241 68 241 68 241 68 241 68 241 68 241 68 241 68 241 359
19 85 68 19 85 68 569 68 85 68 397 68 569 68 397 68 397 68 397 68 397 68 397 68 85 359
503 158 108
397 68 527 68 81 68 189 68 517
261 86 68 370 68 5 68 370 68 5 68 397 68 397 68 397
607 158 68 550 501 68 607 68 397 68 397 68 397 68 397 68 397
261 86
283 68 158 108 68 569 68 430 359 68 189 68 189 68 430
85 550 158 108
569
607 68 550 501 68 550 501
283 68 370 68 5 68 5 68 397 68 397 68 569 68 397
359
607 158 68 81 68 569 68 397 68 397 68 397
503 189
538 85
607 158 68 81 68 189 68 189 68 397 68 397 68 397
527 68 607 158 68 430 68 430 359 68 430 359
607 158 68 81 68 189 68 189 68 241 68 241 68 241 68 241 68 241 68 5 189
607 158 68 81 68 189 68 5 189 68 64 211 108
283 68 607 158 68 370 68 5 68 5 68 397 68 397 68 397
339
290 85
607 155 68 550 501 68 607 158 68 5 68 397 68 397 68 397 68 607 158 68 5 68 607 158 68 5 68 517
283 68 5 68 607 158 68 5 189 68 5 189 68 569 68 397
607 158 68 550 501 68 397 68 569 68 397 68 569 68 397 68 397
370 68 5 68 550 501 68 607 158 68 397 68 397 68 397 68 397 68 5 189 68 397 68 397 68 241 68 397 68 189 68 189 68 241 68 241 68 241 68 5 189 68 189 68 189 68 397 68 397 68 397 68 397 68 397 68 397 68 397 68 397 68 397 68 5 68 241 68 241 68 397 68 397 68 189 68 607 158 68 607 158 68 607 158 68 607 158 118 68 607 158 68 607 479 68 607 158 68
607 158 68 527 68 607 158 68 397 68 569 68 569 68 397 68 397 68 241 68 241 68 85
607 158 68 81 68 607 158 68 5 68 339 68 607 158 68 5
607 158 68 81 68 5 68 85 359 68 19 85 68 5 189 68 19 85
370 68 5 68 81 68 430 149 68 397 68 397 68 617 149
276 85 68 607 158 68 5 68 5 68 64 211 68 5 68 64 211 108 68 5 68 5 68 240
607 158 68 550 501 68 430 85 359
64 211 149 68 550 501
283 68 607 158 68 370 68 5 68 397 68 397 68 397 68 397 68 397 68 397 68 397 68 397 68 397 68 397 68 397 68 241 359
283 68 607 158 68 19 85 68 607 158 68 189
415
607 158 68 64 211
617 68 550 501
527 68 607 158 68 81 68 189 68 189 68 189 68 189 68 617
389 339 68 550 501
283 68 158 359
211 211
607 158 68 550 501 68 607 158 68 607 158 68 339 68 607 158 68 607 158 68 607 158 68 607 158 68 607 158 68 607 158 68 607 158 68 607 158 68 607 158 68 607 158 68 607 158 68 607 158 68 607 158 68 607 158 68 607 158 68 607 158 68 607 158 68 607 158 68 607 158 68 607 158 68 607 158 68 607 158 68 607 158 68 607 158 68 607 158 68 607 158 68 607 158 68 607 158 68
370 68 607 158 68 397 68 397 68 640
406 158
64 211 108 68 550 501 68 189 68 85
43 158 68 569 68 85 359 68 397 68 569 68 569 68 397 68 397
43 158 68 517 68 430
339 551 68 550 158 108 68 397 68 397
503 189 68 85 359 68 211 108
85 389 85 359
593 163 68 85 68 189 68 189 68 64 211 108
261 86 68 550 501 68 607 158 68 85
607 158 68 81 68 189 68 85 68 397 68 397 68 397 68 397 68 43 158 68 43 158 108
569 68 397 68 569 68 569 68 397 68 397 68 397
607 158 68 81 68 189 68 189 68 64 211 108
569 68 517
276 85 68 397 68 569 68 397 68 397 68 569 68 397 68 397 68 397
276 85 68 158 108 68 189
607 155 68 550 501 68 339
85 4
430 199
543
64 211 68 607 158 68 607 158 68 430 68 430 68 430 68 430 68 430 68 607 158 68 430
5 189 68 241 359
347 501 68 136 479
607 158 68 70 158
430
406 158 108
503 158 108
261 86
253 359
607 158 68 81 68 430 68 430
365 430
607 158 68 81 68 64 211 108 68 64 211 108
607 158 68 70 158
607 158 68 81 68 189 68 241 68 640
261 86 68 124 68 189 68 5 189 68 430
527 68 607 158 68 527 68 5 68 430
430 199
261 86 68 124
211 108 68 569 68 85 359
261 86
283 68 158 108 68 43 158 68 43 158 68 19 85
5 189 68 517
430 199 68 85 359
288
397 68 370 68 5 68 370 68 5 68 5 68 397 68 149
283 68 607 158 68 550 501 68 607 158 68 397 68 397 68 397 68 607 158 68 607 158 68 397
569 68 85 359
339 68 607 158 68 569 68 158 68 339 68 397 68 397 68 397
261 86 68 124
538 85
261 86 68 124 68 124 68 397 68 397 68 397 68 397 68 397 68 397
617 149
607 158 68 527 68 607 158 68 617
617 149
211
607 158 68 430
211 108
527 68 5 189
43 158 68 517 68 81 68 241 68 241
438
64 211 108
261 86 68 124
430
550 155
261 86 68 370 68 5 68 370 68 397 68 397
447 158 118
211 199
43 158 68 397
538 85
64 211 108 68 550 501
43 158
397
607 158 68 81 68 189 68 189 68 64 211 108 68 640
569 68 527 68 430 68 430 68 85 359 68 640 68 430
527 68 607 158 68 81 68 189 68 430 68 189 68 430
569 68 158 108 68 607 158 68 5 68 397 68 5 68 397 68 397 68 5 68 5 68 189 68 189 68 43 158 68 189 68 189 68 43 158 68 43 158 68 43 158 68 43 158 68 189 68 189 68 397 68 43 158 68 43 158 68 43 158 68 43 158 68 607 158 68 43 158 68 43 158 68 569 68 569 68 569 68 607 158 68 569 68 607 158 68 607 158 68 607 158 68 607 158 68 43 158 68
397 68 550 501
261 86 68 607 158 68 607 158 68 397 68 189 68 397 68 397 68 397
64 211 108 68 640
607 158 68 527 68 5 68 85 359 68 397 68 569 68 397 68 397 68 43 158 108
607 158 68 550 501 68 607 158 68 550 501 68 189 68 189 68 64 211 108
253 359
43 158 68 569 68 85 359
283 68 370 68 5 68 569 68 397 68 569 68 569 68 397
158 108 68 85 359 68 5 85
397 68 149
370 68 607 158 68 607 158 68 397 68 397 68 397 68 397 68 397 68 397
283 68 607 158 68 81 68 569 68 397 68 569 68 569 68 397 68 397 68 43 158 68 189 68 517
607 158 68 527 68 607 158 68 397 68 241 68 241 68 241
430 199 68 241
64 211 108
189 68 81 68 189 68 430
607 158 68 241 68 241 68 241
85 550 501 68 64 211 108
527 68 607 158 68 81 68 189
19 85
261 86 68 245 449 68 5 189 68 189
607 158 68 81
253
283 551
85 359
85 347 158 108
245 85
370 68 5 68 550 501 68 430 149
607 158 68 81 68 189 68 189 68 85 359 68 569 68 430 68 430 68 607 158 108
501 85 68 430 149
64 211 108
43 158 68 517 551 68 5 189 68 85 359
240 211
5
85 389 158 108
569 68 397 68 5 68 569 68 397 68 397 68 397 68 397 68 397 68 241 68 5 68 241 68 241 68 241 68 241 68 241 68 241 68 241 68 5 68 5 68 5 189 68 240 359
607 158 68 527 359 68 397 68 397 68 397 68 397
607 158 68 81 68 189 68 430 68 430 149
527
607 68 5 68 5 68 397
85 299 118
241 359
607 158 68 550 501 68 607 158 68 397 68 397 68 189 68 241 68 241
503 189
43 158 68 5 189
5 189 68 85 359 68 189 68 339
85 359
503 189 68 170 108 68 5
283 68 607 68 81 68 189 68 430 68 430 68 430 68 430 68 430 68 43 158 108
43 158 108
607 158 68 81 68 607 158 68 5 68 397 68 397 68 397 68 241 68 241
339 551 68 397
261 86 68 245 449 68 5 68 5 68 397 68 397
261 86 68 124
211
593 163 68 85 68 339 68 607 158 68 339 68 397 68 397
43 158 68 550 501
261 86 68 245 449 68 5 68 5
607 158 68 81 68 189 68 430 299 68 189 68 189 68 430
430 299
607 158 68 81 68 64 211 108 68 64 211 108
607 158 68 81 68 189 68 189 68 397 68 569 68 397 68 397 68 397 68 241 359
370 68 5 68 550 501 68 5 189 68 64 211 108
607 158 68 5
607 158 68 81 68 81 68 189 68 397 68 397
283 68 158 108 68 19 85 68 19 85 359
607 158 68 85 359
64
527 68 5 68 85 359 68 85 359 68 85 359
261 86 68 124 68 124 68 5 68 397 68 397
339 551 68 550 158 108 68 339
370 68 5 68 81 68 189 68 430 68 640 68 189 68 640
261 86 68 245 449 68 5 68 5 68 640 68 569 68 640 68 640
370 68 5 68 81 68 607 158 68 397 68 397
430 149
550 158 68 550 158 108
43 158 68 527 68 607 158 68 430 68 430
607 158 68 81 68 189 68 189 68 241 68 241 68 241 68 241
607 158 68 81 68 189 643 359
211
397 68 149
339 551 68 550 501 68 607 158 68 397 68 397 68 397 68 211 68 211 68 211
617 68 550 158 68 211
261 86 68 124
607 158 68 81 68 64 211 108 68 64 211 108 68 64 211 108 68 64 211 108
339 68 607 158 68 503 158 68 158 68 64 211 108
261 86 68 170 108
607 158 68 81 68 81 68 189 68 64 211
211 199
550 487 149
406 487 149
85 347 158 118
283 68 5 68 189 68 189 68 5 189 68 640
405
397 68 19 85
607 158 68 81 68 189 68 189 68 446 68 446 68 446 68 617
211 359
19 85 359 68 19 85
64 211 108 68 430 68 430
85 359 389 85
430 85 359
569 68 19 85 68 397 68 397 68 397 68 397
370 68 5 68 81 68 189 68 189 68 5 189
261 86 68 370 68 5 68 5 68 370 68 5 68 5
276 85 68 607 158 68 43 158 68 446 68 446
370 68 5 68 81 68 189 68 5 189 68 189 68 189
64 211 108
283
607 158 68 550 501 68 43 158
430 85 359
339 551 68 550 158 108 68 397 68 397
261 86
607 68 5 68 81 68 189 68 569 68 397 68 569 68 397 68 397 68 241 68 241 68 517
283 68 607 158 68 81 68 189 68 85 359
85 359
64 211 108
607 158 68 81 68 189 68 5 189 68 640 68 189 68 241
276 85
607 158 68 283 68 397 68 397 68 397
85 299 118
503 189
651 123 85 68 430
64 211 108
607 158 68 577 68 189 68 64 211 108 68 64 211 108
261 86
607 158 68 607 158 68 170
85 5
607 158 68 85 359 68 189 68 189
430 199 68 118
617
5 68 397 68 397 68 397 68 241 68 241 68 241 68 241
64 211 108 68 617
85 359 389 85
527 68 5 68 124
607 158 68 124 68 189 68 189 68 446 359
330 299 68 158 108
430 85
607 158 68 5 68 81 68 430 199 108
370 68 5 68 607 158 68 5 68 397 68 640 68 397 68 397 68 5 68 5
276 85 68 607 158 68 5
527 68 5 68 81 68 189 68 189 68 640
569 68 397 68 569 68 569 68 517
85 359
64 211 108 68 607 158 68 158 68 64 211 108
261 86 68 124 68 607 158 68 397 68 397
321 240 211 68 550 158 149
527 68 607 158 68 189 68 241 68 241 68 430
503 189
406 149
283 68 607 158 68 261 86 68 607 158 68 397 68 397
569 68 158 108 68 430 68 430 68 430 199 108 68 430
607 158 68 81 68 189 68 189 68 397 68 397 68 397 68 397
283 68 370 68 5 68 5 68 5 68 5 68 397 68 397
283 68 158 108 68 569 68 569 68 85 359 68 569 68 569
607 158 68 607 158 68 339
501 68 607 158 68 569 68 569 68 397 68 569 68 569 68 397 68 19 85 359
607 158 68 550 501 68 607 158 68 64 211 108 68 430 68 430 68 64 211 108
85 5 68 19 85 359
370 68 5 68 550 501 68 569 68 85 359 68 569 68 397 68 397 68 397
607 158 68 527 68 430 68 430 199 68 85
607 68 5 68 397 68 397 68 397
64 211 108 68 607 158 68 5 189 68 240 68 189 68 64 211 108
283 68 607 158 68 19 85 68 19 85 68 19 85
43 158
283 68 5 68 5 68 607 158 68 5 189
283 68 607 158 68 569 68 397 68 397 68 569 68 569 68 397
276 85 68 64 211
593 163 68 19 85 68 397 68 397 68 397 68 569 68 397 68 397
19 85 68 19 85 68 19 85 68 397 68 569 68 569 68 430
43 158
64 211 68 517
19 85 68 158 108 68 19 85
617 68 617 68 550 158 108
339 551 68 550 158 68 430
283 68 607 158 68 81 68 569 68 397 68 569 68 569 68 430 68 241 68 241 68 241 68 517
430
607 155 68 617 68 617
607 479 68 5
503 189 68 189 68 189 68 569 68 569
607 158 68 19 85 359 68 189 68 189 68 189
406 158 543
607 158 68 19 85 68 19 85
527 68 607 158 68 81 68 189 68 517 68 517
607 158 68 550 501 68 430 68 430 68 430 68 430 68 430 68 430
430 199
339 551
503 189 68 607 158 68 569 68 397 68 397 68 397
430 85
85 347 158 108 68 569 68 85
370 68 5 68 81 68 189 68 189 68 517 68 189 68 607 158 68 607 158
607 158 68 81 68 189 68 189 68 189 68 189 68 189
283 68 158 359
607 158 68 81 68 430 68 430 68 446 68 430 68 430
607 158 68 550 501 68 607 158 68 64 211 108 68 189 68 64 211 108 68 153 189 68 189 68 153 189 68 64 211 108
43 158 68 397 68 5 189 68 241 68 241
85 347 158 359
283
283 68 158 108 68 569 68 569 68 569 68 569 68 569 68 19 85 359
19 85 359 68 19 85 359 68 19 85 359
261 86 68 124 68 607 158 68 607 158 68 607 158 68 5 68 550 501
170 108
283 68 158 359
64 211 108 68 158 108 68 430
397 68 170 108 68 170 108
527 68 607 158 68 397 68 5 189 68 241 68 241
276 85 68 64 211
211 85 359
64 211 108 68 5
593 149
607 158 68 527 68 569 68 430 108 68 19 85 68 430 68 430
370 68 5 68 81 68 430 68 430 299 68 640 68 430
85 276 85 68 158 108
5 189 68 64 211 108
397 68 527 359 68 397 68 397 68 397 68 397 68 397 68 397 68 397
607 158 68 81 68 189 68 5 189 68 640
569 68 85 359 68 158 108 68 64 211 108
550 155
607 158 68 19 85 68 430 199
283 68 158 108 68 569 68 569 68 19 85 68 19 85
370 68 5 68 81 68 430 68 430 299 68 640 68 430
283 68 607 68 607 68 397 68 397 68 397
651 123 68 607 158 68 5 189 68 241 68 241
607 158 68 19 85 68 189 68 5 189 68 189
430
607 158 68 81 68 189 68 189 68 430 108
19 85 68 517
370 68 5 68 550 501 68 397 68 397 68 397 68 397 68 397 68 397 68 397 68 397 68 397
607 158 68 81 68 189 68 241 68 241 68 397 68 5 189 68 241 68 241 68 241 68 241 68 241 68 241 68 241 68 241 68 241 68 85 359
339 68 607 158 68 64 211 108
283 68 607 158 68 19 85 68 339
397 68 397 68 397 68 397 68 397
288 68 288
569 68 517
593 163 68 189 68 241 68 241
241 359
288
397 68 85 359 68 85 359
261 86 68 124 68 607 158 68 397 68 397 68 569 68 397 68 397 68 397 68 397 68 85 359
607 158 68 81 68 189 68 397 68 241 68 397 68 397 68 397 68 241 68 241 68 241 68 241 68 241 68 241 68 241 68 241 68 241 68 241 68 241 68 241 68 241 68 241 68 241 359
607 158 68 527 68 241 68 241 68 430 68 430 68 430 299
5 189
607 158 68 81 68 607 158 68 5 68 397 68 189 68 397
370 68 5 68 81 68 607 158 68 5
569 68 136 479
430 85 359
5 189 68 359 68 85 359
261 86 68 245 449 68 5 189 68 189
283 68 158 108 68 569 68 158 108
607 158 68 81 68 397 68 397 68 397 68 397 68 397
607 158 68 550 501 68 550 501 68 550 501 68 189 68 189 68 550 501 68 189 68 189 68 189 68 617 149 68 550 501 68 189 68 211 108 68 211 68 617 68 617 149 68 189 68 189 68 550 487 149 68 211 68 550 501 68 189 68 617 68 617 68 211 68 211 68 211 68 211 68 211 68 550 501 68 85 68 85 68 550 501 68 607 158 68 607 158 118 68 607 158 68 607 158 68 607 158 68
607 158 68 550 501 68 189 68 189 68 189 68 189 68 241 68 241 68 241 68 241 68 241 68 241 68 241 68 241 68 241 68 241 68 241 68 241 68 241 68 241 68 189 68 189 68 189 68 241 68 241 68 241 68 241 68 241 68 241 68 241 68 607 158 118 68 241 68 241 68 241 68 189 68 189 68 607 158 108 68 607 158 68 607 158 108 68 607 158 118 68 607 158 68 607 158 68 607
85 359 68 158 118
651 123 68 189 68 189 68 241 68 241 68 397
261 86 68 124 68 607 158 68 550 501
607 158 68 607 158 68 607 158 68 607 158 68 607 158 68 607 158 68 607 158 68 607 158
5 68 5 68 81 68 189 68 189 68 189 68 5 189 68 640
64 211 108 68 64 211 108
397 68 607 158 68 81 68 189 68 241 68 397
43 158 108
283 68 607 158 68 81 68 569 68 397 68 569 68 569 68 397 68 43 158 68 43 158 108
607 158 68 5 68 5 68 189 68 397 68 189 68 397
5 189 108
430
607 155 68 550 501 68 607 158 68 5 68 397 68 397 68 397 68 607 158 68 5 68 607 158 68 5 68 517
607 158 68 550 501 68 550 158
261 86
607 158 68 527 68 430 199 68 430 199 108
370 68 5 68 81 68 189 68 189 68 189 68 189 68 189
607 158 68 81 68 189 68 189 68 81 68 189 68 189
19 85 68 85
430 85
241 108
607 158 68 81 68 189 68 430 68 430 68 64 211 108
283 68 19 85 68 569 68 19 85 359 68 569 68 569 68 397 68 19 85 359 68 85 359
527 68 607 158 68 158 68 158 68 158 108
607 158 68 81 68 607 158 68 5 68 64 211 108 68 430 68 607 158 68 5 68 5 68 5 68 430 68 607 158 68 607 158 68 5 68 64 211 108 68 5 68 607 158 68 607 158 68 607 158 68 607 158 68 607 158 68 607 158 68 607 158 68 607 158 68 607 158 68 607 158 68 607 158 68 607 158 68 607 158 68 607 158 68 607 158 68 607 158 68 607 158 68 607 158 68 607 158 68
651 123 359 68 241 149
85 389 158 108 68 189 68 241 359
5 68 397 68 397 68 5 189 68 517
617 68 550 158
64 211 108 68 331 149
261 86 68 370 68 5 68 81 68 189 68 189 68 189 68 430
261 86 68 124 68 5 68 241 68 85 359 68 640 68 241 68 241 68 241
261 86 68 124
245 449
538 158
607 158 68 81 68 5
607 158 68 5 189 68 405 108 68 5 189 68 640
430 199
503 189 68 339 68 569 68 85 359 68 569 68 569 68 397
85 389 339 68 550 501 85
370 68 5 68 81 68 189 68 241 68 241 68 241 68 241
430 85 359
607 158 68 81 68 64 211 108
43 158 359
503 158 108
85 347 158 108 68 85 68 85
370 68 5 68 550 501 68 85 359 68 64 211 108 68 430 68 430
389 158 108 68 189 68 241 68 241
276 85 68 5 189 68 241 68 241
283 551 68 569 68 85 359 68 85 359
253 359
64 211
283 68 430 68 430 199
85 389 339 68 19 85
607 158 68 607 158 68 607 158 68 607 158 68 607 158 68 607 158 68 607 158 68 607 158 68 158 68 607 158 68 607 158 68 607 158 68 607 158 68 607 158 68 607 158 68 607 158 68 607 158 68 43 158 68 43 158 68 607 158 68 607 158 68 607 158 68 607 158 68 43 158 68 607 158 68 607 158 68 607 158 68 607 158 68 607 158 68 607 158 68 607 158 68 607 158 68 607 158 68
241 359
370 68 5 68 550 501 68 569 68 85 359 68 569 68 569 68 19 85 359
607 158 68 81 68 189 68 189 68 64 211 108 68 397 68 397 68 64 211 108
607 479 68 81 68 189 68 189 68 189 68 189 68 189 68 189 68 331 149
593 163 68 85 359 68 189 68 5
339 68 550 158 108 68 569 68 569 68 569 68 569 68 397 68 397
158 108 68 569 68 85 359 68 85 359 68 569 68 569 68 19 85
607 68 5 68 569 68 569 68 339
261 86 68 124 68 607 158 68 5 68 397 68 397 68 397 68 241
85 359 389 85 359 68 85 359
261 86 68 124
607 158 68 607 158 68 569 68 85 359 68 19 85 68 19 85
365 430
261 86 68 245 449 68 5 189 68 189
569 68 430 149 68 430
607 158 68 550 501 68 607 158 68 397 68 397 68 189 68 607 158 68 607 158 68 607 158 68 240
283 68 607 158 68 189 68 189 68 446 68 446 68 5 189 68 446
261 86 68 124 68 124
389 149
430 68 430 199 108 68 430 199 108
283 68 370 68 5 68 5 189
64 389 487 359 68 550 487 359
359
85 359 389 85 359
607 158 68 81 68 189 68 640 68 640
370 68 5 68 81 68 430 68 430 68 640 68 640
85 359 68 5
607 158 68 81 68 189 68 189 68 241 68 241
527 68 607 158 68 607 158 68 430
617
607 158 68 85 347 501 68 85 359
64 211 108 68 19 85 68 339 68 19 85 359 68 85 359
607 158 68 81 68 640 68 241
64 211 108 68 550 501 68 19 85
370 68 5 68 550 501 68 569 68 85 359 68 569 68 397 68 85
261 86 68 550 501 68 189 68 64 211 108 68 64 211 108 68 64 211 108
607 68 5 68 189 68 189 68 5 68 189 68 189 68 397
389 501 68 64 211 108
158 108 68 81 68 430 85
430 199 68 405 108
365 430
